date,confirmed_cases,probable_cases,confirmed_and_probable_cases,confirmed_deaths
2023-05-16,11251450,1000233,12251683,101724
2023-05-15,11251450,1000233,12251683,101724
2023-05-14,11251017,1000079,12251096,101724
2023-05-13,11250585,999988,12250573,101724
2023-05-12,11250063,999896,12249959,101724
2023-05-11,11249261,999724,12248985,101723
2023-05-10,11248280,999543,12247823,101722
2023-05-09,11247262,999312,12246574,101721
2023-05-08,11246202,999029,12245231,101721
2023-05-07,11244968,998765,12243733,101719
2023-05-06,11244253,998631,12242884,101716
2023-05-05,11243594,998488,12242082,101713
2023-05-04,11242661,998250,12240911,101711
2023-05-03,11241687,997997,12239684,101707
2023-05-02,11240605,997768,12238373,101704
2023-05-01,11239378,997506,12236884,101701
2023-04-30,11238083,997144,12235227,101699
2023-04-29,11237381,996996,12234377,101697
2023-04-28,11236634,996837,12233471,101690
2023-04-27,11235568,996572,12232140,101686
2023-04-26,11234406,996304,12230710,101676
2023-04-25,11233044,996008,12229052,101671
2023-04-24,11231679,995687,12227366,101660
2023-04-23,11230099,995273,12225372,101650
2023-04-22,11229255,995064,12224319,101641
2023-04-21,11228404,994889,12223293,101627
2023-04-20,11227273,994643,12221916,101617
2023-04-19,11226041,994384,12220425,101611
2023-04-18,11224760,994098,12218858,101598
2023-04-17,11223338,993770,12217108,101586
2023-04-16,11221697,993426,12215123,101572
2023-04-15,11220873,993249,12214122,101558
2023-04-14,11219914,993097,12213011,101548
2023-04-13,11218661,992813,12211474,101537
2023-04-12,11217189,992554,12209743,101527
2023-04-11,11215655,992211,12207866,101520
2023-04-10,11214048,991848,12205896,101509
2023-04-09,11212045,991424,12203469,101496
2023-04-08,11211151,991253,12202404,101483
2023-04-07,11210117,991058,12201175,101472
2023-04-06,11208802,990790,12199592,101463
2023-04-05,11207376,990493,12197869,101444
2023-04-04,11205913,990198,12196111,101432
2023-04-03,11204345,989863,12194208,101423
2023-04-02,11202505,989507,12192012,101408
2023-04-01,11201543,989317,12190860,101394
2023-03-31,11200455,989097,12189552,101381
2023-03-30,11199027,988862,12187889,101364
2023-03-29,11197457,988554,12186011,101344
2023-03-28,11195861,988230,12184091,101331
2023-03-27,11194244,987868,12182112,101319
2023-03-26,11192472,987452,12179924,101306
2023-03-25,11191487,987267,12178754,101291
2023-03-24,11190502,987085,12177587,101271
2023-03-23,11189022,986765,12175787,101258
2023-03-22,11187396,986449,12173845,101243
2023-03-21,11185768,986092,12171860,101232
2023-03-20,11183964,985733,12169697,101221
2023-03-19,11181874,985249,12167123,101203
2023-03-18,11180765,985046,12165811,101188
2023-03-17,11179499,984853,12164352,101168
2023-03-16,11177677,984489,12162166,101148
2023-03-15,11175680,984137,12159817,101124
2023-03-14,11173656,983762,12157418,101108
2023-03-13,11171514,983337,12154851,101089
2023-03-12,11168677,982791,12151468,101058
2023-03-11,11167260,982525,12149785,101043
2023-03-10,11165714,982262,12147976,101028
2023-03-09,11163523,981857,12145380,100999
2023-03-08,11161058,981429,12142487,100975
2023-03-07,11158550,980951,12139501,100946
2023-03-06,11155971,980408,12136379,100930
2023-03-05,11152942,979837,12132779,100915
2023-03-04,11151400,979495,12130895,100896
2023-03-03,11149698,979205,12128903,100866
2023-03-02,11147234,978753,12125987,100849
2023-03-01,11144564,978331,12122895,100822
2023-02-28,11141752,977828,12119580,100803
2023-02-27,11138645,977224,12115869,100777
2023-02-26,11135338,976492,12111830,100746
2023-02-25,11133495,976137,12109632,100719
2023-02-24,11131690,975753,12107443,100696
2023-02-23,11129025,975221,12104246,100669
2023-02-22,11125942,974565,12100507,100646
2023-02-21,11122639,973918,12096557,100630
2023-02-20,11118683,973106,12091789,100614
2023-02-19,11115645,972453,12088098,100589
2023-02-18,11113585,972049,12085634,100561
2023-02-17,11111546,971642,12083188,100527
2023-02-16,11108630,970990,12079620,100507
2023-02-15,11105513,970322,12075835,100483
2023-02-14,11102228,969594,12071822,100462
2023-02-13,11098889,968845,12067734,100439
2023-02-12,11095082,968089,12063171,100418
2023-02-11,11093020,967724,12060744,100400
2023-02-10,11090848,967322,12058170,100382
2023-02-09,11087736,966635,12054371,100358
2023-02-08,11084532,965963,12050495,100333
2023-02-07,11081032,965238,12046270,100307
2023-02-06,11077487,964442,12041929,100284
2023-02-05,11073273,963557,12036830,100255
2023-02-04,11071111,963173,12034284,100231
2023-02-03,11068944,962788,12031732,100209
2023-02-02,11065977,962154,12028131,100188
2023-02-01,11062835,961456,12024291,100164
2023-01-31,11059489,960717,12020206,100141
2023-01-30,11056047,959963,12016010,100108
2023-01-29,11052369,959169,12011538,100085
2023-01-28,11050464,958797,12009261,100059
2023-01-27,11048486,958438,12006924,100031
2023-01-26,11045633,957839,12003472,100002
2023-01-25,11042859,957284,12000143,99964
2023-01-24,11039798,956660,11996458,99931
2023-01-23,11036607,956070,11992677,99891
2023-01-22,11033373,955352,11988725,99855
2023-01-21,11031632,955042,11986674,99825
2023-01-20,11029874,954739,11984613,99792
2023-01-19,11027336,954195,11981531,99754
2023-01-18,11024593,953675,11978268,99721
2023-01-17,11021594,953113,11974707,99683
2023-01-16,11018066,952449,11970515,99645
2023-01-15,11015352,951940,11967292,99601
2023-01-14,11013484,951633,11965117,99555
2023-01-13,11011514,951308,11962822,99511
2023-01-12,11008471,950737,11959208,99463
2023-01-11,11005207,950077,11955284,99408
2023-01-10,11001457,949416,11950873,99371
2023-01-09,10997662,948716,11946378,99318
2023-01-08,10992856,947805,11940661,99267
2023-01-07,10990135,947323,11937458,99235
2023-01-06,10986935,946758,11933693,99198
2023-01-05,10981990,945853,11927843,99134
2023-01-04,10977015,944905,11921920,99074
2023-01-03,10971174,943768,11914942,99022
2023-01-02,10963718,942270,11905988,98972
2023-01-01,10958069,941158,11899227,98929
2022-12-31,10955288,940557,11895845,98885
2022-12-30,10951446,939786,11891232,98842
2022-12-29,10944666,938451,11883117,98774
2022-12-28,10936952,936957,11873909,98723
2022-12-27,10928150,935284,11863434,98670
2022-12-26,10918260,933288,11851548,98607
2022-12-25,10910918,931833,11842751,98552
2022-12-24,10908065,931330,11839395,98488
2022-12-23,10903967,930410,11834377,98434
2022-12-22,10897069,929010,11826079,98367
2022-12-21,10889342,927424,11816766,98322
2022-12-20,10881220,925830,11807050,98259
2022-12-19,10872476,924179,11796655,98198
2022-12-18,10862989,922342,11785331,98146
2022-12-17,10858414,921431,11779845,98092
2022-12-16,10853381,920463,11773844,98044
2022-12-15,10846347,919106,11765453,97999
2022-12-14,10838675,917604,11756279,97967
2022-12-13,10830366,916136,11746502,97916
2022-12-12,10821335,914581,11735916,97871
2022-12-11,10810872,912556,11723428,97817
2022-12-10,10805947,911683,11717630,97763
2022-12-09,10800458,910702,11711160,97706
2022-12-08,10792335,909266,11701601,97665
2022-12-07,10783770,907576,11691346,97617
2022-12-06,10774574,905712,11680286,97569
2022-12-05,10764410,903884,11668294,97519
2022-12-04,10752586,901570,11654156,97479
2022-12-03,10746675,900453,11647128,97435
2022-12-02,10740414,899294,11639708,97394
2022-12-01,10731394,897524,11628918,97359
2022-11-30,10721182,895660,11616842,97334
2022-11-29,10710119,893633,11603752,97304
2022-11-28,10697949,891547,11589496,97274
2022-11-27,10683341,889032,11572373,97242
2022-11-26,10676181,887818,11563999,97204
2022-11-25,10669399,886641,11556040,97175
2022-11-24,10661857,885349,11547206,97144
2022-11-23,10658621,884765,11543386,97124
2022-11-22,10651114,883313,11534427,97090
2022-11-21,10643371,881845,11525216,97067
2022-11-20,10634992,880400,11515392,97050
2022-11-19,10630807,879709,11510516,97029
2022-11-18,10626658,878918,11505576,97002
2022-11-17,10620789,877945,11498734,96981
2022-11-16,10614887,876891,11491778,96963
2022-11-15,10609036,875585,11484621,96939
2022-11-14,10602910,874533,11477443,96913
2022-11-13,10596196,873407,11469603,96893
2022-11-12,10592919,872839,11465758,96879
2022-11-11,10589743,872307,11462050,96868
2022-11-10,10585754,871671,11457425,96849
2022-11-09,10581201,870875,11452076,96829
2022-11-08,10576500,870067,11446567,96810
2022-11-07,10571905,869213,11441118,96797
2022-11-06,10566394,868291,11434685,96781
2022-11-05,10563500,867854,11431354,96760
2022-11-04,10560712,867412,11428124,96746
2022-11-03,10557009,866747,11423756,96721
2022-11-02,10553179,866081,11419260,96697
2022-11-01,10549187,865386,11414573,96682
2022-10-31,10544869,864673,11409542,96665
2022-10-30,10540733,863909,11404642,96649
2022-10-29,10538586,863544,11402130,96640
2022-10-28,10536421,863208,11399629,96624
2022-10-27,10533463,862744,11396207,96606
2022-10-26,10530401,862226,11392627,96583
2022-10-25,10527283,861671,11388954,96574
2022-10-24,10524057,861128,11385185,96552
2022-10-23,10520524,860448,11380972,96537
2022-10-22,10518718,860134,11378852,96520
2022-10-21,10516871,859814,11376685,96503
2022-10-20,10514300,859348,11373648,96484
2022-10-19,10511449,858837,11370286,96469
2022-10-18,10508529,858292,11366821,96453
2022-10-17,10505378,857758,11363136,96435
2022-10-16,10501817,857205,11359022,96422
2022-10-15,10500049,856911,11356960,96409
2022-10-14,10498130,856625,11354755,96394
2022-10-13,10495529,856197,11351726,96373
2022-10-12,10492770,855762,11348532,96354
2022-10-11,10489752,855357,11345109,96334
2022-10-10,10486563,854847,11341410,96316
2022-10-09,10483046,854288,11337334,96298
2022-10-08,10481143,854002,11335145,96280
2022-10-07,10479039,853706,11332745,96261
2022-10-06,10476212,853270,11329482,96238
2022-10-05,10473293,852806,11326099,96219
2022-10-04,10470068,852291,11322359,96200
2022-10-03,10466513,851729,11318242,96175
2022-10-02,10462420,851080,11313500,96160
2022-10-01,10460314,850726,11311040,96138
2022-09-30,10457850,850378,11308228,96115
2022-09-29,10454599,849916,11304515,96098
2022-09-28,10451123,849434,11300557,96073
2022-09-27,10447122,848908,11296030,96049
2022-09-26,10442999,848343,11291342,96024
2022-09-25,10438163,847628,11285791,96001
2022-09-24,10435705,847230,11282935,95969
2022-09-23,10433078,846902,11279980,95950
2022-09-22,10429526,846395,11275921,95921
2022-09-21,10425750,845875,11271625,95899
2022-09-20,10421820,845331,11267151,95875
2022-09-19,10417454,844681,11262135,95855
2022-09-18,10412537,843935,11256472,95829
2022-09-17,10409975,843514,11253489,95797
2022-09-16,10407157,843154,11250311,95773
2022-09-15,10403280,842540,11245820,95753
2022-09-14,10399151,841912,11241063,95722
2022-09-13,10394661,841263,11235924,95700
2022-09-12,10389591,840505,11230096,95673
2022-09-11,10383808,839534,11223342,95639
2022-09-10,10380706,839120,11219826,95615
2022-09-09,10377388,838664,11216052,95586
2022-09-08,10372463,837903,11210366,95549
2022-09-07,10367081,837120,11204201,95517
2022-09-06,10361012,836212,11197224,95483
2022-09-05,10353077,834962,11188039,95449
2022-09-04,10349673,834404,11184077,95417
2022-09-03,10346454,833903,11180357,95383
2022-09-02,10342846,833322,11176168,95346
2022-09-01,10337313,832370,11169683,95308
2022-08-31,10331006,831227,11162233,95280
2022-08-30,10324053,829956,11154009,95240
2022-08-29,10316274,828684,11144958,95201
2022-08-28,10307121,827001,11134122,95172
2022-08-27,10302567,826172,11128739,95137
2022-08-26,10297685,825418,11123103,95114
2022-08-25,10290244,824187,11114431,95074
2022-08-24,10282547,822852,11105399,95042
2022-08-23,10273950,821333,11095283,95009
2022-08-22,10264311,819549,11083860,94982
2022-08-21,10253147,817546,11070693,94939
2022-08-20,10247636,816687,11064323,94902
2022-08-19,10241527,815811,11057338,94858
2022-08-18,10233015,814399,11047414,94816
2022-08-17,10223868,812904,11036772,94776
2022-08-16,10213839,811282,11025121,94738
2022-08-15,10202716,809619,11012335,94693
2022-08-14,10190601,807700,10998301,94658
2022-08-13,10184352,806793,10991145,94608
2022-08-12,10177703,805877,10983580,94576
2022-08-11,10167928,804290,10972218,94522
2022-08-10,10157458,802759,10960217,94481
2022-08-09,10145995,801085,10947080,94438
2022-08-08,10133536,799271,10932807,94391
2022-08-07,10118845,797218,10916063,94344
2022-08-06,10111597,796203,10907800,94306
2022-08-05,10103539,795112,10898651,94264
2022-08-04,10091714,793481,10885195,94199
2022-08-03,10079265,791763,10871028,94150
2022-08-02,10065393,789767,10855160,94096
2022-08-01,10049918,787756,10837674,94055
2022-07-31,10032158,785073,10817231,94004
2022-07-30,10023914,783745,10807659,93951
2022-07-29,10014635,782399,10797034,93901
2022-07-28,10000677,780346,10781023,93860
2022-07-27,9985579,778232,10763811,93806
2022-07-26,9968830,775806,10744636,93749
2022-07-25,9950164,773268,10723432,93694
2022-07-24,9928802,770318,10699120,93625
2022-07-23,9918890,768802,10687692,93578
2022-07-22,9907515,767179,10674694,93542
2022-07-21,9890323,764768,10655091,93494
2022-07-20,9872565,762292,10634857,93452
2022-07-19,9853079,759594,10612673,93388
2022-07-18,9831862,756859,10588721,93335
2022-07-17,9808335,753686,10562021,93291
2022-07-16,9797259,752038,10549297,93242
2022-07-15,9784339,750171,10534510,93202
2022-07-14,9765458,747422,10512880,93161
2022-07-13,9745466,744669,10490135,93124
2022-07-12,9724204,741892,10466096,93089
2022-07-11,9701700,738995,10440695,93040
2022-07-10,9677152,735605,10412757,93002
2022-07-09,9665462,733909,10399371,92961
2022-07-08,9651950,732062,10384012,92913
2022-07-07,9631707,729425,10361132,92856
2022-07-06,9610483,726749,10337232,92820
2022-07-05,9587366,723870,10311236,92776
2022-07-04,9560062,720214,10280276,92743
2022-07-03,9549991,718830,10268821,92700
2022-07-02,9540096,717377,10257473,92655
2022-07-01,9528612,715670,10244282,92606
2022-06-30,9510601,713394,10223995,92569
2022-06-29,9492380,711129,10203509,92534
2022-06-28,9472498,708833,10181331,92502
2022-06-27,9451407,706436,10157843,92472
2022-06-26,9428793,703809,10132602,92444
2022-06-25,9417955,702512,10120467,92413
2022-06-24,9406328,701207,10107535,92392
2022-06-23,9389960,699066,10089026,92358
2022-06-22,9372779,696965,10069744,92322
2022-06-21,9354932,694949,10049881,92283
2022-06-20,9335478,692724,10028202,92253
2022-06-19,9317167,690580,10007747,92225
2022-06-18,9307802,689502,9997304,92195
2022-06-17,9297458,688375,9985833,92164
2022-06-16,9282578,686726,9969304,92127
2022-06-15,9267241,685062,9952303,92092
2022-06-14,9250844,683251,9934095,92065
2022-06-13,9233891,681378,9915269,92043
2022-06-12,9215314,679189,9894503,92024
2022-06-11,9206364,678031,9884395,91996
2022-06-10,9196447,676933,9873380,91967
2022-06-09,9181038,675269,9856307,91936
2022-06-08,9165163,673313,9838476,91907
2022-06-07,9147423,671263,9818686,91883
2022-06-06,9128528,669129,9797657,91862
2022-06-05,9107415,666564,9773979,91837
2022-06-04,9097690,665424,9763114,91818
2022-06-03,9087036,664211,9751247,91799
2022-06-02,9070604,662161,9732765,91778
2022-06-01,9052501,660086,9712587,91755
2022-05-31,9031763,657783,9689546,91735
2022-05-30,9007852,655013,9662865,91721
2022-05-29,8999125,653913,9653038,91700
2022-05-28,8991217,652912,9644129,91672
2022-05-27,8982303,651793,9634096,91649
2022-05-26,8968100,650096,9618196,91630
2022-05-25,8952568,648177,9600745,91617
2022-05-24,8935383,646073,9581456,91596
2022-05-23,8917218,643942,9561160,91569
2022-05-22,8897734,641437,9539171,91556
2022-05-21,8888991,640360,9529351,91541
2022-05-20,8879955,639352,9519307,91520
2022-05-19,8865967,637622,9503589,91502
2022-05-18,8851321,635823,9487144,91485
2022-05-17,8835507,634033,9469540,91467
2022-05-16,8819265,632021,9451286,91452
2022-05-15,8801879,629809,9431688,91441
2022-05-14,8793913,628877,9422790,91415
2022-05-13,8785867,628024,9413891,91398
2022-05-12,8774393,626621,9401014,91376
2022-05-11,8762855,625343,9388198,91365
2022-05-10,8750902,623958,9374860,91354
2022-05-09,8738894,622621,9361515,91333
2022-05-08,8726005,621021,9347026,91321
2022-05-07,8719903,620386,9340289,91303
2022-05-06,8713592,619738,9333330,91293
2022-05-05,8704653,618702,9323355,91280
2022-05-04,8695260,617699,9312959,91274
2022-05-03,8685460,616620,9302080,91260
2022-05-02,8675509,615612,9291121,91249
2022-05-01,8665103,614338,9279441,91237
2022-04-30,8659860,613755,9273615,91227
2022-04-29,8655055,613220,9268275,91212
2022-04-28,8648527,612400,9260927,91197
2022-04-27,8641521,611567,9253088,91187
2022-04-26,8634074,610707,9244781,91173
2022-04-25,8626531,609920,9236451,91164
2022-04-24,8618686,609065,9227751,91147
2022-04-23,8615036,608636,9223672,91130
2022-04-22,8611421,608254,9219675,91118
2022-04-21,8606281,607744,9214025,91106
2022-04-20,8600771,607109,9207880,91096
2022-04-19,8595120,606508,9201628,91081
2022-04-18,8589247,605984,9195231,91071
2022-04-17,8582956,605382,9188338,91056
2022-04-16,8580558,605146,9185704,91040
2022-04-15,8577863,604878,9182741,91026
2022-04-14,8574211,604534,9178745,91004
2022-04-13,8570464,604182,9174646,90987
2022-04-12,8566458,603764,9170222,90971
2022-04-11,8562361,603420,9165781,90958
2022-04-10,8557908,603010,9160918,90937
2022-04-09,8555674,602787,9158461,90927
2022-04-08,8553606,602602,9156208,90918
2022-04-07,8550649,602288,9152937,90901
2022-04-06,8547587,602005,9149592,90883
2022-04-05,8544190,601676,9145866,90859
2022-04-04,8540836,601409,9142245,90834
2022-04-03,8537049,601087,9138136,90814
2022-04-02,8535269,600948,9136217,90797
2022-04-01,8533549,600796,9134345,90777
2022-03-31,8530926,600511,9131437,90759
2022-03-30,8528490,600229,9128719,90735
2022-03-29,8525848,599992,9125840,90713
2022-03-28,8523146,599742,9122888,90690
2022-03-27,8520254,599450,9119704,90665
2022-03-26,8518688,599319,9118007,90641
2022-03-25,8517242,599179,9116421,90614
2022-03-24,8515237,598973,9114210,90578
2022-03-23,8512939,598741,9111680,90558
2022-03-22,8510678,598436,9109114,90534
2022-03-21,8507664,598169,9105833,90507
2022-03-20,8504976,597905,9102881,90468
2022-03-19,8503669,597766,9101435,90430
2022-03-18,8502408,597652,9100060,90406
2022-03-17,8500413,597474,9097887,90371
2022-03-16,8498109,597241,9095350,90326
2022-03-15,8495640,596983,9092623,90292
2022-03-14,8493016,596721,9089737,90255
2022-03-13,8490110,596399,9086509,90219
2022-03-12,8488821,596279,9085100,90178
2022-03-11,8487293,596151,9083444,90135
2022-03-10,8484952,595910,9080862,90081
2022-03-09,8482338,595600,9077938,90016
2022-03-08,8479319,595290,9074609,89955
2022-03-07,8476026,594910,9070936,89894
2022-03-06,8472172,594449,9066621,89831
2022-03-05,8470353,594280,9064633,89767
2022-03-04,8468241,594119,9062360,89699
2022-03-03,8465140,593803,9058943,89638
2022-03-02,8461597,593382,9054979,89551
2022-03-01,8457672,592966,9050638,89482
2022-02-28,8453043,592443,9045486,89392
2022-02-27,8447873,591821,9039694,89306
2022-02-26,8445485,591580,9037065,89226
2022-02-25,8442822,591347,9034169,89136
2022-02-24,8438082,590912,9028994,89026
2022-02-23,8432974,590438,9023412,88936
2022-02-22,8427429,589905,9017334,88815
2022-02-21,8420380,589127,9009507,88694
2022-02-20,8415081,588615,9003696,88566
2022-02-19,8411481,588330,8999811,88421
2022-02-18,8407291,587965,8995256,88311
2022-02-17,8400285,587313,8987598,88164
2022-02-16,8392243,586322,8978565,87988
2022-02-15,8382955,585193,8968148,87830
2022-02-14,8372289,583813,8956102,87682
2022-02-13,8359700,582311,8942011,87508
2022-02-12,8354188,581843,8936031,87325
2022-02-11,8347170,581252,8928422,87141
2022-02-10,8334531,579706,8914237,86930
2022-02-09,8320485,577932,8898417,86729
2022-02-08,8304307,575909,8880216,86494
2022-02-07,8286405,573531,8859936,86242
2022-02-06,8264057,570067,8834124,86010
2022-02-05,8254229,569073,8823302,85792
2022-02-04,8242541,568038,8810579,85548
2022-02-03,8220870,565467,8786337,85265
2022-02-02,8196991,562420,8759411,85022
2022-02-01,8169666,559045,8728711,84749
2022-01-31,8136992,555086,8692078,84458
2022-01-30,8098381,549665,8648046,84183
2022-01-29,8082862,548166,8631028,83899
2022-01-28,8061990,546714,8608704,83611
2022-01-27,8023142,542132,8565274,83347
2022-01-26,7978724,537292,8516016,83072
2022-01-25,7926607,531088,8457695,82814
2022-01-24,7866390,523827,8390217,82548
2022-01-23,7795542,513804,8309346,82321
2022-01-22,7767120,511047,8278167,82048
2022-01-21,7727161,508077,8235238,81791
2022-01-20,7649756,500010,8149766,81522
2022-01-19,7559593,490365,8049958,81271
2022-01-18,7458306,479241,7937547,81009
2022-01-17,7338254,464746,7803000,80769
2022-01-16,7256500,456960,7713460,80550
2022-01-15,7216041,453237,7669278,80322
2022-01-14,7157363,448929,7606292,80101
2022-01-13,7052836,438495,7491331,79907
2022-01-12,6938011,426609,7364620,79712
2022-01-11,6810940,414126,7225066,79512
2022-01-10,6675370,400402,7075772,79336
2022-01-09,6533312,384396,6917708,79179
2022-01-08,6476997,377681,6854678,79052
2022-01-07,6399734,371984,6771718,78902
2022-01-06,6264354,361479,6625833,78772
2022-01-05,6120336,350340,6470676,78638
2022-01-04,5964646,339181,6303827,78497
2022-01-03,5807235,327562,6134797,78389
2022-01-02,5666663,315421,5982084,78275
2022-01-01,5609640,309110,5918750,78190
2021-12-31,5576457,305780,5882237,78093
2021-12-30,5521632,301223,5822855,78007
2021-12-29,5435358,295336,5730694,77937
2021-12-28,5346469,289878,5636347,77856
2021-12-27,5256921,284412,5541333,77797
2021-12-26,5180704,279124,5459828,77710
2021-12-25,5144414,275582,5419996,77646
2021-12-24,5129344,274082,5403426,77577
2021-12-23,5106883,271629,5378512,77505
2021-12-22,5074177,268643,5342820,77430
2021-12-21,5042184,265744,5307928,77369
2021-12-20,5014791,263529,5278320,77301
2021-12-19,4991417,261729,5253146,77231
2021-12-18,4980533,260836,5241369,77155
2021-12-17,4970712,260177,5230889,77090
2021-12-16,4959504,259413,5218917,77022
2021-12-15,4949161,258710,5207871,76940
2021-12-14,4938908,258059,5196967,76868
2021-12-13,4930449,257438,5187887,76798
2021-12-12,4921434,256770,5178204,76729
2021-12-11,4917002,256429,5173431,76670
2021-12-10,4912751,256105,5168856,76606
2021-12-09,4906893,255639,5162532,76549
2021-12-08,4901031,255131,5156162,76484
2021-12-07,4894445,254636,5149081,76425
2021-12-06,4887812,254079,5141891,76353
2021-12-05,4880305,253407,5133712,76301
2021-12-04,4876378,253080,5129458,76236
2021-12-03,4872164,252713,5124877,76160
2021-12-02,4865931,252210,5118141,76092
2021-12-01,4859543,251667,5111210,76022
2021-11-30,4851953,251058,5103011,75952
2021-11-29,4844769,250522,5095291,75889
2021-11-28,4836394,249876,5086270,75812
2021-11-27,4831925,249547,5081472,75759
2021-11-26,4827657,249234,5076891,75702
2021-11-25,4823277,248912,5072189,75638
2021-11-24,4820953,248731,5069684,75579
2021-11-23,4816264,248332,5064596,75515
2021-11-22,4811398,247942,5059340,75435
2021-11-21,4806128,247525,5053653,75360
2021-11-20,4803146,247274,5050420,75282
2021-11-19,4799840,246991,5046831,75216
2021-11-18,4795199,246592,5041791,75131
2021-11-17,4790495,246217,5036712,75061
2021-11-16,4785307,245704,5031011,74977
2021-11-15,4779885,245227,5025112,74914
2021-11-14,4773449,244691,5018140,74830
2021-11-13,4770191,244379,5014570,74753
2021-11-12,4766721,244099,5010820,74685
2021-11-11,4761613,243639,5005252,74608
2021-11-10,4757283,243274,5000557,74522
2021-11-09,4751635,242799,4994434,74450
2021-11-08,4745748,242274,4988022,74360
2021-11-07,4739079,241688,4980767,74284
2021-11-06,4735603,241391,4976994,74192
2021-11-05,4731914,241102,4973016,74112
2021-11-04,4726361,240640,4967001,74039
2021-11-03,4720325,240121,4960446,73970
2021-11-02,4713902,239469,4953371,73895
2021-11-01,4707355,238875,4946230,73820
2021-10-31,4699932,238125,4938057,73742
2021-10-30,4696417,237775,4934192,73675
2021-10-29,4692448,237400,4929848,73594
2021-10-28,4686807,236811,4923618,73521
2021-10-27,4680736,236213,4916949,73444
2021-10-26,4674150,235589,4909739,73375
2021-10-25,4667356,234980,4902336,73304
2021-10-24,4660126,234345,4894471,73237
2021-10-23,4656531,233943,4890474,73169
2021-10-22,4652443,233549,4885992,73096
2021-10-21,4646456,232960,4879416,73015
2021-10-20,4640512,232365,4872877,72906
2021-10-19,4634247,231727,4865974,72837
2021-10-18,4627870,231119,4858989,72767
2021-10-17,4620798,230482,4851280,72696
2021-10-16,4617200,230106,4847306,72619
2021-10-15,4613550,229754,4843304,72540
2021-10-14,4608235,229252,4837487,72472
2021-10-13,4602924,228752,4831676,72400
2021-10-12,4597284,228236,4825520,72333
2021-10-11,4591468,227632,4819100,72261
2021-10-10,4585632,227071,4812703,72187
2021-10-09,4582325,226803,4809128,72105
2021-10-08,4578812,226492,4805304,72028
2021-10-07,4573650,226030,4799680,71943
2021-10-06,4568341,225520,4793861,71841
2021-10-05,4562330,224964,4787294,71727
2021-10-04,4556079,224347,4780426,71621
2021-10-03,4549297,223685,4772982,71535
2021-10-02,4545877,223310,4769187,71448
2021-10-01,4542182,222980,4765162,71325
2021-09-30,4536407,222426,4758833,71227
2021-09-29,4530599,221857,4752456,71135
2021-09-28,4524385,221271,4745656,71025
2021-09-27,4517605,220664,4738269,70918
2021-09-26,4509959,219967,4729926,70814
2021-09-25,4506197,219621,4725818,70713
2021-09-24,4501953,219265,4721218,70587
2021-09-23,4495778,218712,4714490,70473
2021-09-22,4489298,218121,4707419,70345
2021-09-21,4481906,217487,4699393,70212
2021-09-20,4474365,216816,4691181,70110
2021-09-19,4465510,216073,4681583,69987
2021-09-18,4461365,215673,4677038,69888
2021-09-17,4456456,215241,4671697,69757
2021-09-16,4449139,214605,4663744,69627
2021-09-15,4441265,213894,4655159,69496
2021-09-14,4432414,213105,4645519,69365
2021-09-13,4422940,212328,4635268,69246
2021-09-12,4412515,211400,4623915,69103
2021-09-11,4407140,210905,4618045,68983
2021-09-10,4400890,210402,4611292,68854
2021-09-09,4391585,209600,4601185,68701
2021-09-08,4381410,208740,4590150,68558
2021-09-07,4370101,207749,4577850,68421
2021-09-06,4357696,206502,4564198,68286
2021-09-05,4351036,205855,4556891,68145
2021-09-04,4345663,205310,4550973,67994
2021-09-03,4338863,204735,4543598,67876
2021-09-02,4328894,203811,4532705,67730
2021-09-01,4317901,202881,4520782,67574
2021-08-31,4304966,201913,4506879,67441
2021-08-30,4292711,200892,4493603,67301
2021-08-29,4279442,199768,4479210,67176
2021-08-28,4272852,199150,4472002,67058
2021-08-27,4265043,198514,4463557,66910
2021-08-26,4253800,197631,4451431,66781
2021-08-25,4241425,196670,4438095,66643
2021-08-24,4227875,195562,4423437,66514
2021-08-23,4213827,194450,4408277,66385
2021-08-22,4198513,193206,4391719,66269
2021-08-21,4190959,192573,4383532,66161
2021-08-20,4182081,191823,4373904,66043
2021-08-19,4168671,190767,4359438,65936
2021-08-18,4154782,189825,4344607,65823
2021-08-17,4139748,188777,4328525,65718
2021-08-16,4124253,187691,4311944,65599
2021-08-15,4108151,186543,4294694,65478
2021-08-14,4099962,185809,4285771,65400
2021-08-13,4090378,184998,4275376,65308
2021-08-12,4076635,184042,4260677,65187
2021-08-11,4062056,183067,4245123,65097
2021-08-10,4046559,182137,4228696,65019
2021-08-09,4030362,181166,4211528,64942
2021-08-08,4014074,180241,4194315,64867
2021-08-07,4005355,179685,4185040,64795
2021-08-06,3995653,179052,4174705,64734
2021-08-05,3982771,178292,4161063,64673
2021-08-04,3968831,177513,4146344,64619
2021-08-03,3954741,176682,4131423,64565
2021-08-02,3940417,175739,4116156,64507
2021-08-01,3926305,174899,4101204,64448
2021-07-31,3917773,174342,4092115,64409
2021-07-30,3909272,173815,4083087,64356
2021-07-29,3898175,173158,4071333,64324
2021-07-28,3886450,172477,4058927,64284
2021-07-27,3874653,171777,4046430,64249
2021-07-26,3863395,171117,4034512,64213
2021-07-25,3851664,170447,4022111,64186
2021-07-24,3845233,170087,4015320,64155
2021-07-23,3838463,169691,4008154,64130
2021-07-22,3830329,169185,3999514,64091
2021-07-21,3821994,168716,3990710,64057
2021-07-20,3813206,168126,3981332,64034
2021-07-19,3804844,167474,3972318,64004
2021-07-18,3796446,166788,3963234,63977
2021-07-17,3791634,166283,3957917,63965
2021-07-16,3786961,165837,3952798,63942
2021-07-15,3780983,165353,3946336,63923
2021-07-14,3775120,164877,3939997,63903
2021-07-13,3769558,164326,3933884,63889
2021-07-12,3764159,163861,3928020,63869
2021-07-11,3758790,163349,3922139,63851
2021-07-10,3755658,163026,3918684,63835
2021-07-09,3752527,162770,3915297,63817
2021-07-08,3748926,162444,3911370,63797
2021-07-07,3745359,162130,3907489,63782
2021-07-06,3741602,161781,3903383,63766
2021-07-05,3737995,161450,3899445,63752
2021-07-04,3735205,161204,3896409,63738
2021-07-03,3733650,161059,3894709,63732
2021-07-02,3731969,160915,3892884,63720
2021-07-01,3729953,160719,3890672,63706
2021-06-30,3727793,160538,3888331,63692
2021-06-29,3725764,160394,3886158,63674
2021-06-28,3723884,160235,3884119,63662
2021-06-27,3721951,160081,3882032,63648
2021-06-26,3720780,159974,3880754,63638
2021-06-25,3719704,159886,3879590,63621
2021-06-24,3718396,159781,3878177,63610
2021-06-23,3716999,159685,3876684,63599
2021-06-22,3715767,159582,3875349,63592
2021-06-21,3714459,159479,3873938,63579
2021-06-20,3713057,159368,3872425,63568
2021-06-19,3712256,159299,3871555,63561
2021-06-18,3711502,159218,3870720,63553
2021-06-17,3710572,159115,3869687,63542
2021-06-16,3709545,159037,3868582,63531
2021-06-15,3708483,158951,3867434,63521
2021-06-14,3707435,158867,3866302,63507
2021-06-13,3706281,158776,3865057,63493
2021-06-12,3705581,158730,3864311,63481
2021-06-11,3704904,158669,3863573,63471
2021-06-10,3704051,158595,3862646,63460
2021-06-09,3703175,158524,3861699,63445
2021-06-08,3702248,158438,3860686,63438
2021-06-07,3701197,158347,3859544,63425
2021-06-06,3700154,158249,3858403,63413
2021-06-05,3699544,158189,3857733,63400
2021-06-04,3698901,158129,3857030,63388
2021-06-03,3698049,158042,3856091,63374
2021-06-02,3697053,157931,3854984,63362
2021-06-01,3696010,157842,3853852,63344
2021-05-31,3694801,157739,3852540,63331
2021-05-30,3694207,157682,3851889,63316
2021-05-29,3693622,157624,3851246,63306
2021-05-28,3693019,157557,3850576,63282
2021-05-27,3692157,157474,3849631,63270
2021-05-26,3691237,157389,3848626,63251
2021-05-25,3690254,157304,3847558,63233
2021-05-24,3689213,157215,3846428,63218
2021-05-23,3688007,157123,3845130,63194
2021-05-22,3687345,157065,3844410,63172
2021-05-21,3686635,157001,3843636,63159
2021-05-20,3685686,156924,3842610,63142
2021-05-19,3684687,156816,3841503,63122
2021-05-18,3683496,156716,3840212,63094
2021-05-17,3682265,156598,3838863,63077
2021-05-16,3680925,156477,3837402,63061
2021-05-15,3680112,156384,3836496,63046
2021-05-14,3679211,156291,3835502,63030
2021-05-13,3678032,156175,3834207,63011
2021-05-12,3676834,156060,3832894,62985
2021-05-11,3675482,155923,3831405,62952
2021-05-10,3674017,155781,3829798,62923
2021-05-09,3672384,155638,3828022,62912
2021-05-08,3671444,155524,3826968,62888
2021-05-07,3670395,155435,3825830,62869
2021-05-06,3668955,155297,3824252,62844
2021-05-05,3667432,155158,3822590,62814
2021-05-04,3665736,155019,3820755,62794
2021-05-03,3664139,154846,3818985,62771
2021-05-02,3662174,154675,3816849,62746
2021-05-01,3661071,154553,3815624,62727
2021-04-30,3659796,154435,3814231,62708
2021-04-29,3658151,154273,3812424,62690
2021-04-28,3656491,154106,3810597,62665
2021-04-27,3654669,153931,3808600,62649
2021-04-26,3652795,153752,3806547,62619
2021-04-25,3650691,153555,3804246,62593
2021-04-24,3649475,153437,3802912,62568
2021-04-23,3648104,153315,3801419,62543
2021-04-22,3646285,153132,3799417,62519
2021-04-21,3644444,152962,3797406,62499
2021-04-20,3642450,152764,3795214,62465
2021-04-19,3640324,152551,3792875,62440
2021-04-18,3637887,152359,3790246,62406
2021-04-17,3636459,152187,3788646,62377
2021-04-16,3634905,152049,3786954,62349
2021-04-15,3632853,151824,3784677,62323
2021-04-14,3630740,151612,3782352,62293
2021-04-13,3628353,151397,3779750,62254
2021-04-12,3625935,151164,3777099,62223
2021-04-11,3623221,150910,3774131,62191
2021-04-10,3621656,150775,3772431,62159
2021-04-09,3619838,150591,3770429,62122
2021-04-08,3617567,150389,3767956,62084
2021-04-07,3615289,150185,3765474,62047
2021-04-06,3612669,149990,3762659,62009
2021-04-05,3610120,149753,3759873,61987
2021-04-04,3607242,149488,3756730,61947
2021-04-03,3605690,149341,3755031,61908
2021-04-02,3603988,149172,3753160,61879
2021-04-01,3601755,148961,3750716,61845
2021-03-31,3599417,148738,3748155,61805
2021-03-30,3597036,148527,3745563,61756
2021-03-29,3594606,148317,3742923,61717
2021-03-28,3591894,148063,3739957,61673
2021-03-27,3590290,147907,3738197,61643
2021-03-26,3588621,147773,3736394,61594
2021-03-25,3586354,147538,3733892,61538
2021-03-24,3584063,147331,3731394,61480
2021-03-23,3581386,147109,3728495,61423
2021-03-22,3578881,146861,3725742,61384
2021-03-21,3576178,146606,3722784,61332
2021-03-20,3574578,146469,3721047,61281
2021-03-19,3572865,146316,3719181,61203
2021-03-18,3570685,146126,3716811,61148
2021-03-17,3568468,145925,3714393,61069
2021-03-16,3565832,145718,3711550,60987
2021-03-15,3563321,145518,3708839,60915
2021-03-14,3560444,145276,3705720,60857
2021-03-13,3558838,145091,3703929,60795
2021-03-12,3556942,144938,3701880,60718
2021-03-11,3554442,144696,3699138,60632
2021-03-10,3551847,144468,3696315,60547
2021-03-09,3549088,144227,3693315,60458
2021-03-08,3546256,143995,3690251,60364
2021-03-07,3542924,143724,3686648,60265
2021-03-06,3540975,143535,3684510,60177
2021-03-05,3538776,143341,3682117,60073
2021-03-04,3535836,143076,3678912,59965
2021-03-03,3532902,142847,3675749,59846
2021-03-02,3529704,142587,3672291,59727
2021-03-01,3526443,142318,3668761,59595
2021-02-28,3522691,142025,3664716,59469
2021-02-27,3520506,141810,3662316,59310
2021-02-26,3517983,141593,3659576,59147
2021-02-25,3514623,141306,3655929,58991
2021-02-24,3511172,141096,3652268,58831
2021-02-23,3507297,140798,3648095,58664
2021-02-22,3503280,140469,3643749,58498
2021-02-21,3498657,140107,3638764,58306
2021-02-20,3496029,139861,3635890,58116
2021-02-19,3492928,139598,3632526,57920
2021-02-18,3488753,139249,3628002,57675
2021-02-17,3484352,138877,3623229,57447
2021-02-16,3479277,138520,3617797,57210
2021-02-15,3473647,138143,3611790,56967
2021-02-14,3468398,137718,3606116,56723
2021-02-13,3464871,137463,3602334,56480
2021-02-12,3460423,137131,3597554,56230
2021-02-11,3454233,136757,3590990,55935
2021-02-10,3447633,136291,3583924,55605
2021-02-09,3440132,135859,3575991,55279
2021-02-08,3432402,135359,3567761,54959
2021-02-07,3422956,134691,3557647,54623
2021-02-06,3417807,134242,3552049,54306
2021-02-05,3411133,133744,3544877,53993
2021-02-04,3401684,133117,3534801,53588
2021-02-03,3391523,132585,3524108,53219
2021-02-02,3379993,131867,3511860,52833
2021-02-01,3367351,131131,3498482,52432
2021-01-31,3352083,130248,3482331,51950
2021-01-30,3344124,129730,3473854,51534
2021-01-29,3334054,129129,3463183,51096
2021-01-28,3321291,128319,3449610,50638
2021-01-27,3306715,127463,3434178,50169
2021-01-26,3290967,126559,3417526,49707
2021-01-25,3273195,125643,3398838,49208
2021-01-24,3253077,124433,3377510,48692
2021-01-23,3242702,123723,3366425,48233
2021-01-22,3229256,122952,3352208,47731
2021-01-21,3209576,121773,3331349,47179
2021-01-20,3187553,120623,3308176,46611
2021-01-19,3162417,119481,3281898,46002
2021-01-18,3135101,118236,3253337,45408
2021-01-17,3111534,116743,3228277,44804
2021-01-16,3097901,115706,3213607,44162
2021-01-15,3077939,114676,3192615,43537
2021-01-14,3048966,113237,3162203,42827
2021-01-13,3017186,111831,3129017,42172
2021-01-12,2982563,110338,3092901,41541
2021-01-11,2943973,108659,3052632,40823
2021-01-10,2902021,106526,3008547,40116
2021-01-09,2882877,105202,2988079,39434
2021-01-08,2854313,103916,2958229,38747
2021-01-07,2813323,102050,2915373,38066
2021-01-06,2768364,99997,2868361,37358
2021-01-05,2717954,97771,2815725,36664
2021-01-04,2663134,95385,2758519,35955
2021-01-03,2602637,92412,2695049,35253
2021-01-02,2575394,90374,2665768,34577
2021-01-01,2537986,88304,2626290,33935
2020-12-31,2518133,86889,2605022,33273
2020-12-30,2482494,84725,2567219,32625
2020-12-29,2428533,82132,2510665,31999
2020-12-28,2369988,79612,2449600,31407
2020-12-27,2311941,76770,2388711,30780
2020-12-26,2285408,75182,2360590,30195
2020-12-25,2250648,73015,2323663,29597
2020-12-24,2237186,72342,2309528,29022
2020-12-23,2210242,70734,2280976,28467
2020-12-22,2164915,68556,2233471,27962
2020-12-21,2115932,66233,2182165,27422
2020-12-20,2067470,63761,2131231,26928
2020-12-19,2046384,62034,2108418,26482
2020-12-18,2016548,60309,2076857,26016
2020-12-17,1974770,58372,2033142,25550
2020-12-16,1930122,56205,1986327,25154
2020-12-15,1884261,53984,1938245,24779
2020-12-14,1835827,51787,1887614,24397
2020-12-13,1786436,49369,1835805,24039
2020-12-12,1765396,47764,1813160,23700
2020-12-11,1734628,46347,1780975,23416
2020-12-10,1694507,44230,1738737,23116
2020-12-09,1653609,42224,1695833,22801
2020-12-08,1611892,40414,1652306,22548
2020-12-07,1570433,38732,1609165,22318
2020-12-06,1529264,36920,1566184,22054
2020-12-05,1510812,35706,1546518,21818
2020-12-04,1486338,34493,1520831,21580
2020-12-03,1454351,33165,1487516,21381
2020-12-02,1422355,31791,1454146,21162
2020-12-01,1388812,30437,1419249,20987
2020-11-30,1354351,29001,1383352,20826
2020-11-29,1321699,27694,1349393,20665
2020-11-28,1305612,26867,1332479,20535
2020-11-27,1287456,25972,1313428,20374
2020-11-26,1269340,25000,1294340,20254
2020-11-25,1260127,24634,1284761,20144
2020-11-24,1239416,23602,1263018,20014
2020-11-23,1218813,22760,1241573,19903
2020-11-22,1197734,21894,1219628,19802
2020-11-21,1187504,21342,1208846,19696
2020-11-20,1175199,20673,1195872,19600
2020-11-19,1157786,19889,1177675,19520
2020-11-18,1141103,19149,1160252,19409
2020-11-17,1123891,18386,1142277,19333
2020-11-16,1106790,17726,1124516,19232
2020-11-15,1089147,17101,1106248,19140
2020-11-14,1080019,16673,1096692,19060
2020-11-13,1070122,16278,1086400,18987
2020-11-12,1057681,15800,1073481,18906
2020-11-11,1046135,15362,1061497,18832
2020-11-10,1035522,14963,1050485,18774
2020-11-09,1024636,14554,1039190,18715
2020-11-08,1013555,14175,1027730,18671
2020-11-07,1008031,13918,1021949,18615
2020-11-06,1001629,13649,1015278,18569
2020-11-05,993131,13359,1006490,18514
2020-11-04,984986,13014,998000,18474
2020-11-03,976546,12733,989279,18425
2020-11-02,968288,12425,980713,18389
2020-11-01,959836,11986,971822,18331
2020-10-31,954868,11772,966640,18272
2020-10-30,950428,11611,962039,18223
2020-10-29,944918,11393,956311,18185
2020-10-28,940055,11178,951233,18129
2020-10-27,935158,10976,946134,18089
2020-10-26,930330,10775,941105,18037
2020-10-25,924852,10600,935452,17996
2020-10-24,921952,10482,932434,17950
2020-10-23,918709,10350,929059,17903
2020-10-22,914147,10171,924318,17851
2020-10-21,909976,10012,919988,17809
2020-10-20,905566,9866,915432,17767
2020-10-19,900925,9717,910642,17723
2020-10-18,895913,9556,905469,17669
2020-10-17,893367,9454,902821,17634
2020-10-16,890416,9384,899800,17599
2020-10-15,886608,9260,895868,17557
2020-10-14,882711,9123,891834,17516
2020-10-13,878915,9015,887930,17471
2020-10-12,875078,8910,883988,17422
2020-10-11,870756,8766,879522,17380
2020-10-10,868542,8682,877224,17333
2020-10-09,865543,8603,874146,17282
2020-10-08,862004,8488,870492,17233
2020-10-07,858259,8376,866635,17178
2020-10-06,854550,8260,862810,17122
2020-10-05,850824,8133,858957,17073
2020-10-04,846536,7993,854529,17017
2020-10-03,844317,7910,852227,16949
2020-10-02,841669,7826,849495,16900
2020-10-01,838335,7709,846044,16842
2020-09-30,834646,7596,842242,16784
2020-09-29,830945,7493,838438,16745
2020-09-28,827177,7389,834566,16692
2020-09-27,823125,7300,830425,16637
2020-09-26,821065,7246,828311,16579
2020-09-25,818703,7191,825894,16505
2020-09-24,815238,7105,822343,16450
2020-09-23,811907,7027,818934,16379
2020-09-22,808145,6936,815081,16313
2020-09-21,804453,6823,811276,16245
2020-09-20,800393,6708,807101,16188
2020-09-19,798233,6640,804873,16117
2020-09-18,795764,6569,802333,16045
2020-09-17,792332,6509,798841,15988
2020-09-16,789049,6422,795471,15916
2020-09-15,785278,6333,791611,15854
2020-09-14,781539,6244,787783,15769
2020-09-13,777383,6136,783519,15691
2020-09-12,775350,6090,781440,15621
2020-09-11,773017,6041,779058,15546
2020-09-10,769658,5958,775616,15469
2020-09-09,766445,5885,772330,15396
2020-09-08,762858,5808,768666,15312
2020-09-07,758626,5705,764331,15233
2020-09-06,756300,5660,761960,15162
2020-09-05,754338,5612,759950,15082
2020-09-04,752093,5549,757642,14997
2020-09-03,748650,5460,754110,14911
2020-09-02,744993,5372,750365,14831
2020-09-01,740971,5257,746228,14749
2020-08-31,736414,5135,741549,14649
2020-08-30,732101,5044,737145,14563
2020-08-29,729859,4984,734843,14453
2020-08-28,727254,4908,732162,14335
2020-08-27,723352,4826,728178,14248
2020-08-26,719385,4725,724110,14131
2020-08-25,714820,4609,719429,14034
2020-08-24,709950,4513,714463,13926
2020-08-23,704523,4346,708869,13818
2020-08-22,701962,4285,706247,13712
2020-08-21,698866,4210,703076,13593
2020-08-20,694482,4124,698606,13475
2020-08-19,689860,4013,693873,13368
2020-08-18,685212,3880,689092,13231
2020-08-17,679967,3759,683726,13109
2020-08-16,674226,3656,677882,12992
2020-08-15,671550,3614,675164,12861
2020-08-14,667892,3566,671458,12734
2020-08-13,662712,3475,666187,12612
2020-08-12,657582,3384,660966,12492
2020-08-11,651655,3280,654935,12381
2020-08-10,645472,3184,648656,12225
2020-08-09,638420,3100,641520,12084
2020-08-08,635260,3060,638320,11956
2020-08-07,630991,3012,634003,11823
2020-08-06,624587,2947,627534,11688
2020-08-05,618359,2870,621229,11570
2020-08-04,611683,2791,614474,11421
2020-08-03,604506,2692,607198,11260
2020-08-02,596979,2618,599597,11083
2020-08-01,593424,2558,595982,10947
2020-07-31,588078,2504,590582,10809
2020-07-30,580906,2387,583293,10663
2020-07-29,573697,2328,576025,10516
2020-07-28,565942,2256,568198,10359
2020-07-27,557204,2183,559387,10232
2020-07-26,548164,2108,550272,10083
2020-07-25,544027,2063,546090,9940
2020-07-24,538256,2018,540274,9766
2020-07-23,530019,1944,531963,9628
2020-07-22,521543,1880,523423,9488
2020-07-21,512232,1797,514029,9343
2020-07-20,502166,1727,503893,9206
2020-07-19,491152,1644,492796,9059
2020-07-18,485699,1593,487292,8932
2020-07-17,478406,1541,479947,8803
2020-07-16,467772,1429,469201,8681
2020-07-15,456756,1343,458099,8552
2020-07-14,445242,1219,446461,8418
2020-07-13,433753,1139,434892,8286
2020-07-12,422157,1079,423236,8141
2020-07-11,416287,1045,417332,8033
2020-07-10,408764,1026,409790,7916
2020-07-09,397409,969,398378,7802
2020-07-08,386294,910,387204,7708
2020-07-07,374165,875,375040,7601
2020-07-06,361696,800,362496,7499
2020-07-05,349949,768,350717,7382
2020-07-04,343742,737,344479,7286
2020-07-03,338383,720,339103,7201
2020-07-02,330445,677,331122,7108
2020-07-01,319915,632,320547,7000
2020-06-30,308738,603,309341,6914
2020-06-29,298283,568,298851,6818
2020-06-28,288057,536,288593,6722
2020-06-27,282627,522,283149,6627
2020-06-26,276394,514,276908,6561
2020-06-25,267373,503,267876,6478
2020-06-24,258134,476,258610,6408
2020-06-23,248524,461,248985,6316
2020-06-22,239072,450,239522,6249
2020-06-21,229792,439,230231,6176
2020-06-20,225464,430,225894,6104
2020-06-19,220134,417,220551,6025
2020-06-18,213274,396,213670,5944
2020-06-17,206698,385,207083,5877
2020-06-16,199998,374,200372,5808
2020-06-15,193694,363,194057,5748
2020-06-14,187418,354,187772,5680
2020-06-13,184440,351,184791,5615
2020-06-12,180797,348,181145,5541
2020-06-11,176367,341,176708,5472
2020-06-10,172338,332,172670,5412
2020-06-09,168115,326,168441,5350
2020-06-08,164142,318,164460,5274
2020-06-07,159952,310,160262,5194
2020-06-06,157922,308,158230,5127
2020-06-05,155220,303,155523,5062
2020-06-04,151533,295,151828,4997
2020-06-03,147964,289,148253,4923
2020-06-02,144567,283,144850,4837
2020-06-01,140695,275,140970,4772
2020-05-31,137023,268,137291,4694
2020-05-30,135434,265,135699,4627
2020-05-29,133207,262,133469,4561
2020-05-28,129432,259,129691,4500
2020-05-27,126273,257,126530,4431
2020-05-26,122767,250,123017,4350
2020-05-25,119187,244,119431,4269
2020-05-24,116959,240,117199,4210
2020-05-23,115552,237,115789,4133
2020-05-22,113798,233,114031,4062
2020-05-21,111279,228,111507,3982
2020-05-20,108851,221,109072,3923
2020-05-19,106141,212,106353,3851
2020-05-18,103737,206,103943,3777
2020-05-17,100943,200,101143,3687
2020-05-16,99617,199,99816,3614
2020-05-15,97887,192,98079,3523
2020-05-14,95389,186,95575,3448
2020-05-13,92730,183,92913,3373
2020-05-12,90426,178,90604,3298
2020-05-11,87950,167,88117,3214
2020-05-10,85511,163,85674,3147
2020-05-09,84185,160,84345,3073
2020-05-08,82600,154,82754,2986
2020-05-07,80335,148,80483,2902
2020-05-06,78198,142,78340,2818
2020-05-05,75853,139,75992,2720
2020-05-04,73275,131,73406,2653
2020-05-03,70876,126,71002,2577
2020-05-02,69725,125,69850,2507
2020-05-01,68337,122,68459,2411
2020-04-30,66104,116,66220,2337
2020-04-29,64156,112,64268,2258
2020-04-28,62123,110,62233,2181
2020-04-27,60026,108,60134,2088
2020-04-26,57782,106,57888,2021
2020-04-25,56512,104,56616,1950
2020-04-24,54893,104,54997,1883
2020-04-23,52894,101,52995,1803
2020-04-22,51051,100,51151,1714
2020-04-21,49288,99,49387,1630
2020-04-20,47619,98,47717,1558
2020-04-19,45695,97,45792,1471
2020-04-18,44613,96,44709,1404
2020-04-17,43408,95,43503,1335
2020-04-16,41806,93,41899,1261
2020-04-15,40134,91,40225,1162
2020-04-14,38477,90,38567,1094
2020-04-13,36983,86,37069,1005
2020-04-12,35472,83,35555,926
2020-04-11,34473,81,34554,858
2020-04-10,33426,77,33503,804
2020-04-09,31954,77,32031,742
2020-04-08,30561,77,30638,683
2020-04-07,29098,73,29171,619
2020-04-06,27683,72,27755,557
2020-04-05,26326,72,26398,521
2020-04-04,25187,70,25257,464
2020-04-03,24063,70,24133,427
2020-04-02,22557,68,22625,374
2020-04-01,21192,66,21258,318
2020-03-31,19691,65,19756,277
2020-03-30,18436,62,18498,235
2020-03-29,17056,60,17116,206
2020-03-28,16238,59,16297,181
2020-03-27,15307,58,15365,155
2020-03-26,14313,55,14368,133
2020-03-25,13346,53,13399,118
2020-03-24,12309,53,12362,98
2020-03-23,11462,49,11511,80
2020-03-22,10430,42,10472,62
2020-03-21,9667,42,9709,48
2020-03-20,8974,41,9015,38
2020-03-19,8011,38,8049,31
2020-03-18,7229,35,7264,24
2020-03-17,6456,33,6489,24
2020-03-16,5619,31,5650,18
2020-03-15,4745,28,4773,13
2020-03-14,4147,26,4173,11
2020-03-13,3635,23,3658,10
2020-03-12,3058,20,3078,9
2020-03-11,2548,18,2566,9
2020-03-10,2121,18,2139,8
2020-03-09,1763,17,1780,8
2020-03-08,1433,16,1449,5
2020-03-07,1254,16,1270,5
2020-03-06,1090,16,1106,5
2020-03-05,931,16,947,4
2020-03-04,820,16,836,4
2020-03-03,728,16,744,3
2020-03-02,643,16,659,3
2020-03-01,567,16,583,3
2020-02-29,469,15,484,3
2020-02-28,428,15,443,3
2020-02-27,379,15,394,3
2020-02-26,353,15,368,3
2020-02-25,314,13,327,3
2020-02-24,289,12,301,3
2020-02-23,250,11,261,3
2020-02-22,231,11,242,3
2020-02-21,214,11,225,3
2020-02-20,194,10,204,2
2020-02-19,174,10,184,2
2020-02-18,162,9,171,2
2020-02-17,152,9,161,2
2020-02-16,139,8,147,1
2020-02-15,132,8,140,1
2020-02-14,120,8,128,1
2020-02-13,111,5,116,1
2020-02-12,109,5,114,1
2020-02-11,106,5,111,1
2020-02-10,102,4,106,1
2020-02-09,96,4,100,1
2020-02-08,91,2,93,1
2020-02-07,84,1,85,1
2020-02-06,53,1,54,1
2020-02-05,47,1,48,0
2020-02-04,44,1,45,0
2020-02-03,41,1,42,0
2020-02-02,34,1,35,0
2020-02-01,25,1,26,0
