date,confirmed_cases,probable_cases,confirmed_and_probable_cases,confirmed_deaths
2023-05-23,11257858,1000233,12258091,101837
2023-05-22,11257858,1000233,12258091,101837
2023-05-21,11257465,1000233,12257698,101837
2023-05-20,11257086,1000233,12257319,101836
2023-05-19,11256641,1000233,12256874,101836
2023-05-18,11255969,1000233,12256202,101836
2023-05-17,11255214,1000233,12255447,101832
2023-05-16,11254321,1000233,12254554,101832
2023-05-15,11253385,1000233,12253618,101829
2023-05-14,11252263,1000079,12252342,101827
2023-05-13,11251665,999988,12251653,101825
2023-05-12,11251036,999896,12250932,101823
2023-05-11,11250068,999724,12249792,101819
2023-05-10,11248931,999543,12248474,101815
2023-05-09,11247783,999312,12247095,101812
2023-05-08,11246600,999029,12245629,101811
2023-05-07,11245291,998765,12244056,101807
2023-05-06,11244559,998631,12243190,101804
2023-05-05,11243870,998488,12242358,101800
2023-05-04,11242875,998250,12241125,101795
2023-05-03,11241892,997997,12239889,101787
2023-05-02,11240799,997768,12238567,101780
2023-05-01,11239567,997506,12237073,101776
2023-04-30,11238260,997144,12235404,101771
2023-04-29,11237556,996996,12234552,101763
2023-04-28,11236806,996837,12233643,101754
2023-04-27,11235721,996572,12232293,101748
2023-04-26,11234555,996304,12230859,101734
2023-04-25,11233190,996008,12229198,101728
2023-04-24,11231818,995687,12227505,101711
2023-04-23,11230234,995273,12225507,101698
2023-04-22,11229385,995064,12224449,101688
2023-04-21,11228533,994889,12223422,101674
2023-04-20,11227390,994643,12222033,101663
2023-04-19,11226156,994384,12220540,101657
2023-04-18,11224871,994098,12218969,101644
2023-04-17,11223444,993770,12217214,101630
2023-04-16,11221796,993426,12215222,101617
2023-04-15,11220969,993249,12214218,101602
2023-04-14,11220010,993097,12213107,101592
2023-04-13,11218757,992813,12211570,101581
2023-04-12,11217284,992554,12209838,101571
2023-04-11,11215747,992211,12207958,101564
2023-04-10,11214142,991848,12205990,101552
2023-04-09,11212139,991424,12203563,101538
2023-04-08,11211244,991253,12202497,101524
2023-04-07,11210211,991058,12201269,101511
2023-04-06,11208896,990790,12199686,101502
2023-04-05,11207467,990493,12197960,101482
2023-04-04,11206002,990198,12196200,101470
2023-04-03,11204428,989863,12194291,101460
2023-04-02,11202592,989507,12192099,101445
2023-04-01,11201630,989317,12190947,101430
2023-03-31,11200543,989097,12189640,101417
2023-03-30,11199114,988862,12187976,101400
2023-03-29,11197542,988554,12186096,101380
2023-03-28,11195945,988230,12184175,101367
2023-03-27,11194318,987868,12182186,101354
2023-03-26,11192543,987452,12179995,101341
2023-03-25,11191556,987267,12178823,101326
2023-03-24,11190572,987085,12177657,101306
2023-03-23,11189092,986765,12175857,101292
2023-03-22,11187463,986449,12173912,101277
2023-03-21,11185834,986092,12171926,101266
2023-03-20,11184030,985733,12169763,101255
2023-03-19,11181943,985249,12167192,101237
2023-03-18,11180834,985046,12165880,101222
2023-03-17,11179568,984853,12164421,101202
2023-03-16,11177747,984489,12162236,101181
2023-03-15,11175752,984137,12159889,101157
2023-03-14,11173726,983762,12157488,101141
2023-03-13,11171585,983337,12154922,101122
2023-03-12,11168747,982791,12151538,101089
2023-03-11,11167331,982525,12149856,101074
2023-03-10,11165785,982262,12148047,101059
2023-03-09,11163596,981857,12145453,101030
2023-03-08,11161133,981429,12142562,101006
2023-03-07,11158627,980951,12139578,100977
2023-03-06,11156049,980408,12136457,100961
2023-03-05,11153019,979837,12132856,100945
2023-03-04,11151476,979495,12130971,100925
2023-03-03,11149773,979205,12128978,100895
2023-03-02,11147314,978753,12126067,100878
2023-03-01,11144644,978331,12122975,100851
2023-02-28,11141832,977828,12119660,100831
2023-02-27,11138726,977224,12115950,100805
2023-02-26,11135420,976492,12111912,100772
2023-02-25,11133577,976137,12109714,100744
2023-02-24,11131772,975753,12107525,100721
2023-02-23,11129110,975221,12104331,100694
2023-02-22,11126027,974565,12100592,100669
2023-02-21,11122724,973918,12096642,100653
2023-02-20,11118768,973106,12091874,100636
2023-02-19,11115731,972453,12088184,100611
2023-02-18,11113670,972049,12085719,100582
2023-02-17,11111630,971642,12083272,100548
2023-02-16,11108714,970990,12079704,100528
2023-02-15,11105597,970322,12075919,100504
2023-02-14,11102312,969594,12071906,100483
2023-02-13,11098973,968845,12067818,100460
2023-02-12,11095165,968089,12063254,100439
2023-02-11,11093106,967724,12060830,100421
2023-02-10,11090934,967322,12058256,100402
2023-02-09,11087820,966635,12054455,100377
2023-02-08,11084617,965963,12050580,100352
2023-02-07,11081116,965238,12046354,100326
2023-02-06,11077570,964442,12042012,100303
2023-02-05,11073357,963557,12036914,100274
2023-02-04,11071195,963173,12034368,100250
2023-02-03,11069027,962788,12031815,100228
2023-02-02,11066060,962154,12028214,100205
2023-02-01,11062919,961456,12024375,100181
2023-01-31,11059576,960717,12020293,100158
2023-01-30,11056136,959963,12016099,100125
2023-01-29,11052458,959169,12011627,100102
2023-01-28,11050553,958797,12009350,100076
2023-01-27,11048576,958438,12007014,100048
2023-01-26,11045723,957839,12003562,100019
2023-01-25,11042948,957284,12000232,99981
2023-01-24,11039886,956660,11996546,99948
2023-01-23,11036696,956070,11992766,99907
2023-01-22,11033462,955352,11988814,99871
2023-01-21,11031721,955042,11986763,99841
2023-01-20,11029963,954739,11984702,99807
2023-01-19,11027425,954195,11981620,99769
2023-01-18,11024681,953675,11978356,99736
2023-01-17,11021682,953113,11974795,99698
2023-01-16,11018153,952449,11970602,99659
2023-01-15,11015439,951940,11967379,99614
2023-01-14,11013569,951633,11965202,99568
2023-01-13,11011598,951308,11962906,99524
2023-01-12,11008555,950737,11959292,99476
2023-01-11,11005289,950077,11955366,99421
2023-01-10,11001538,949416,11950954,99384
2023-01-09,10997741,948716,11946457,99331
2023-01-08,10992933,947805,11940738,99280
2023-01-07,10990212,947323,11937535,99248
2023-01-06,10987009,946758,11933767,99209
2023-01-05,10982063,945853,11927916,99145
2023-01-04,10977088,944905,11921993,99083
2023-01-03,10971245,943768,11915013,99031
2023-01-02,10963787,942270,11906057,98980
2023-01-01,10958137,941158,11899295,98937
2022-12-31,10955355,940557,11895912,98893
2022-12-30,10951512,939786,11891298,98850
2022-12-29,10944729,938451,11883180,98782
2022-12-28,10937013,936957,11873970,98731
2022-12-27,10928211,935284,11863495,98678
2022-12-26,10918321,933288,11851609,98615
2022-12-25,10910980,931833,11842813,98560
2022-12-24,10908126,931330,11839456,98494
2022-12-23,10904028,930410,11834438,98440
2022-12-22,10897128,929010,11826138,98373
2022-12-21,10889400,927424,11816824,98328
2022-12-20,10881279,925830,11807109,98265
2022-12-19,10872533,924179,11796712,98204
2022-12-18,10863050,922342,11785392,98151
2022-12-17,10858475,921431,11779906,98095
2022-12-16,10853442,920463,11773905,98047
2022-12-15,10846406,919106,11765512,98002
2022-12-14,10838734,917604,11756338,97970
2022-12-13,10830423,916136,11746559,97918
2022-12-12,10821391,914581,11735972,97873
2022-12-11,10810928,912556,11723484,97819
2022-12-10,10806002,911683,11717685,97765
2022-12-09,10800513,910702,11711215,97708
2022-12-08,10792391,909266,11701657,97667
2022-12-07,10783827,907576,11691403,97619
2022-12-06,10774631,905712,11680343,97571
2022-12-05,10764466,903884,11668350,97521
2022-12-04,10752641,901570,11654211,97480
2022-12-03,10746730,900453,11647183,97436
2022-12-02,10740469,899294,11639763,97395
2022-12-01,10731444,897524,11628968,97360
2022-11-30,10721230,895660,11616890,97335
2022-11-29,10710167,893633,11603800,97305
2022-11-28,10697997,891547,11589544,97275
2022-11-27,10683390,889032,11572422,97243
2022-11-26,10676228,887818,11564046,97205
2022-11-25,10669446,886641,11556087,97176
2022-11-24,10661904,885349,11547253,97144
2022-11-23,10658668,884765,11543433,97124
2022-11-22,10651159,883313,11534472,97090
2022-11-21,10643416,881845,11525261,97067
2022-11-20,10635038,880400,11515438,97050
2022-11-19,10630853,879709,11510562,97029
2022-11-18,10626704,878918,11505622,97002
2022-11-17,10620836,877945,11498781,96981
2022-11-16,10614934,876891,11491825,96963
2022-11-15,10609083,875585,11484668,96939
2022-11-14,10602957,874533,11477490,96913
2022-11-13,10596241,873407,11469648,96893
2022-11-12,10592965,872839,11465804,96879
2022-11-11,10589787,872307,11462094,96868
2022-11-10,10585798,871671,11457469,96849
2022-11-09,10581245,870875,11452120,96829
2022-11-08,10576544,870067,11446611,96810
2022-11-07,10571949,869213,11441162,96797
2022-11-06,10566437,868291,11434728,96781
2022-11-05,10563544,867854,11431398,96760
2022-11-04,10560757,867412,11428169,96746
2022-11-03,10557056,866747,11423803,96721
2022-11-02,10553226,866081,11419307,96697
2022-11-01,10549231,865386,11414617,96682
2022-10-31,10544913,864673,11409586,96665
2022-10-30,10540777,863909,11404686,96649
2022-10-29,10538631,863544,11402175,96640
2022-10-28,10536466,863208,11399674,96624
2022-10-27,10533507,862744,11396251,96606
2022-10-26,10530445,862226,11392671,96583
2022-10-25,10527327,861671,11388998,96574
2022-10-24,10524100,861128,11385228,96552
2022-10-23,10520568,860448,11381016,96537
2022-10-22,10518763,860134,11378897,96520
2022-10-21,10516917,859814,11376731,96503
2022-10-20,10514346,859348,11373694,96484
2022-10-19,10511497,858837,11370334,96469
2022-10-18,10508576,858292,11366868,96453
2022-10-17,10505427,857758,11363185,96435
2022-10-16,10501866,857205,11359071,96422
2022-10-15,10500098,856911,11357009,96409
2022-10-14,10498179,856625,11354804,96394
2022-10-13,10495578,856197,11351775,96373
2022-10-12,10492819,855762,11348581,96354
2022-10-11,10489802,855357,11345159,96334
2022-10-10,10486613,854847,11341460,96316
2022-10-09,10483096,854288,11337384,96298
2022-10-08,10481193,854002,11335195,96280
2022-10-07,10479089,853706,11332795,96261
2022-10-06,10476262,853270,11329532,96238
2022-10-05,10473345,852806,11326151,96219
2022-10-04,10470120,852291,11322411,96200
2022-10-03,10466566,851729,11318295,96175
2022-10-02,10462473,851080,11313553,96160
2022-10-01,10460368,850726,11311094,96138
2022-09-30,10457904,850378,11308282,96115
2022-09-29,10454653,849916,11304569,96098
2022-09-28,10451178,849434,11300612,96073
2022-09-27,10447177,848908,11296085,96049
2022-09-26,10443054,848343,11291397,96024
2022-09-25,10438219,847628,11285847,96001
2022-09-24,10435761,847230,11282991,95969
2022-09-23,10433135,846902,11280037,95950
2022-09-22,10429583,846395,11275978,95921
2022-09-21,10425809,845875,11271684,95899
2022-09-20,10421880,845331,11267211,95875
2022-09-19,10417514,844681,11262195,95855
2022-09-18,10412597,843935,11256532,95829
2022-09-17,10410035,843514,11253549,95797
2022-09-16,10407217,843154,11250371,95773
2022-09-15,10403339,842540,11245879,95753
2022-09-14,10399210,841912,11241122,95722
2022-09-13,10394720,841263,11235983,95700
2022-09-12,10389651,840505,11230156,95673
2022-09-11,10383867,839534,11223401,95639
2022-09-10,10380765,839120,11219885,95615
2022-09-09,10377447,838664,11216111,95586
2022-09-08,10372522,837903,11210425,95549
2022-09-07,10367140,837120,11204260,95517
2022-09-06,10361072,836212,11197284,95483
2022-09-05,10353139,834962,11188101,95449
2022-09-04,10349735,834404,11184139,95417
2022-09-03,10346517,833903,11180420,95383
2022-09-02,10342909,833322,11176231,95346
2022-09-01,10337378,832370,11169748,95308
2022-08-31,10331071,831227,11162298,95280
2022-08-30,10324118,829956,11154074,95240
2022-08-29,10316339,828684,11145023,95201
2022-08-28,10307186,827001,11134187,95172
2022-08-27,10302633,826172,11128805,95137
2022-08-26,10297752,825418,11123170,95114
2022-08-25,10290311,824187,11114498,95074
2022-08-24,10282614,822852,11105466,95042
2022-08-23,10274017,821333,11095350,95009
2022-08-22,10264374,819549,11083923,94982
2022-08-21,10253210,817546,11070756,94939
2022-08-20,10247699,816687,11064386,94902
2022-08-19,10241590,815811,11057401,94858
2022-08-18,10233078,814399,11047477,94816
2022-08-17,10223931,812904,11036835,94776
2022-08-16,10213902,811282,11025184,94738
2022-08-15,10202777,809619,11012396,94693
2022-08-14,10190661,807700,10998361,94658
2022-08-13,10184412,806793,10991205,94608
2022-08-12,10177766,805877,10983643,94576
2022-08-11,10167990,804290,10972280,94522
2022-08-10,10157520,802759,10960279,94481
2022-08-09,10146055,801085,10947140,94438
2022-08-08,10133596,799271,10932867,94391
2022-08-07,10118905,797218,10916123,94344
2022-08-06,10111657,796203,10907860,94306
2022-08-05,10103599,795112,10898711,94264
2022-08-04,10091774,793481,10885255,94199
2022-08-03,10079322,791763,10871085,94150
2022-08-02,10065449,789767,10855216,94096
2022-08-01,10049972,787756,10837728,94055
2022-07-31,10032211,785073,10817284,94004
2022-07-30,10023967,783745,10807712,93951
2022-07-29,10014688,782399,10797087,93901
2022-07-28,10000729,780346,10781075,93860
2022-07-27,9985631,778232,10763863,93806
2022-07-26,9968882,775806,10744688,93749
2022-07-25,9950215,773268,10723483,93694
2022-07-24,9928852,770318,10699170,93625
2022-07-23,9918940,768802,10687742,93578
2022-07-22,9907567,767179,10674746,93542
2022-07-21,9890375,764768,10655143,93494
2022-07-20,9872618,762292,10634910,93452
2022-07-19,9853134,759594,10612728,93388
2022-07-18,9831916,756859,10588775,93335
2022-07-17,9808387,753686,10562073,93291
2022-07-16,9797311,752038,10549349,93242
2022-07-15,9784391,750171,10534562,93202
2022-07-14,9765511,747422,10512933,93161
2022-07-13,9745523,744669,10490192,93124
2022-07-12,9724259,741892,10466151,93089
2022-07-11,9701755,738995,10440750,93040
2022-07-10,9677208,735605,10412813,93002
2022-07-09,9665520,733909,10399429,92961
2022-07-08,9652008,732062,10384070,92913
2022-07-07,9631766,729425,10361191,92856
2022-07-06,9610541,726749,10337290,92820
2022-07-05,9587425,723870,10311295,92776
2022-07-04,9560121,720214,10280335,92743
2022-07-03,9550051,718830,10268881,92700
2022-07-02,9540158,717377,10257535,92655
2022-07-01,9528675,715670,10244345,92606
2022-06-30,9510669,713394,10224063,92569
2022-06-29,9492444,711129,10203573,92534
2022-06-28,9472560,708833,10181393,92502
2022-06-27,9451468,706436,10157904,92472
2022-06-26,9428853,703809,10132662,92444
2022-06-25,9418015,702512,10120527,92413
2022-06-24,9406388,701207,10107595,92392
2022-06-23,9390021,699066,10089087,92358
2022-06-22,9372840,696965,10069805,92322
2022-06-21,9354993,694949,10049942,92283
2022-06-20,9335540,692724,10028264,92253
2022-06-19,9317229,690580,10007809,92225
2022-06-18,9307864,689502,9997366,92195
2022-06-17,9297520,688375,9985895,92164
2022-06-16,9282640,686726,9969366,92127
2022-06-15,9267304,685062,9952366,92092
2022-06-14,9250910,683251,9934161,92065
2022-06-13,9233957,681378,9915335,92042
2022-06-12,9215380,679189,9894569,92023
2022-06-11,9206431,678031,9884462,91995
2022-06-10,9196514,676933,9873447,91966
2022-06-09,9181103,675269,9856372,91935
2022-06-08,9165229,673313,9838542,91906
2022-06-07,9147490,671263,9818753,91882
2022-06-06,9128595,669129,9797724,91861
2022-06-05,9107482,666564,9774046,91836
2022-06-04,9097760,665424,9763184,91817
2022-06-03,9087106,664211,9751317,91798
2022-06-02,9070673,662161,9732834,91778
2022-06-01,9052569,660086,9712655,91756
2022-05-31,9031831,657783,9689614,91736
2022-05-30,9007920,655013,9662933,91722
2022-05-29,8999193,653913,9653106,91701
2022-05-28,8991284,652912,9644196,91673
2022-05-27,8982370,651793,9634163,91650
2022-05-26,8968167,650096,9618263,91631
2022-05-25,8952634,648177,9600811,91618
2022-05-24,8935449,646073,9581522,91597
2022-05-23,8917284,643942,9561226,91570
2022-05-22,8897800,641437,9539237,91557
2022-05-21,8889057,640360,9529417,91542
2022-05-20,8880021,639352,9519373,91521
2022-05-19,8866033,637622,9503655,91503
2022-05-18,8851387,635823,9487210,91486
2022-05-17,8835574,634033,9469607,91468
2022-05-16,8819331,632021,9451352,91453
2022-05-15,8801943,629809,9431752,91442
2022-05-14,8793977,628877,9422854,91416
2022-05-13,8785932,628024,9413956,91399
2022-05-12,8774458,626621,9401079,91378
2022-05-11,8762920,625343,9388263,91366
2022-05-10,8750966,623958,9374924,91355
2022-05-09,8738958,622621,9361579,91334
2022-05-08,8726069,621021,9347090,91322
2022-05-07,8719968,620386,9340354,91304
2022-05-06,8713657,619738,9333395,91294
2022-05-05,8704718,618702,9323420,91281
2022-05-04,8695325,617699,9313024,91275
2022-05-03,8685525,616620,9302145,91261
2022-05-02,8675574,615612,9291186,91250
2022-05-01,8665168,614338,9279506,91238
2022-04-30,8659925,613755,9273680,91228
2022-04-29,8655120,613220,9268340,91213
2022-04-28,8648593,612400,9260993,91198
2022-04-27,8641587,611567,9253154,91188
2022-04-26,8634140,610707,9244847,91174
2022-04-25,8626597,609920,9236517,91165
2022-04-24,8618752,609065,9227817,91148
2022-04-23,8615102,608636,9223738,91131
2022-04-22,8611487,608254,9219741,91119
2022-04-21,8606347,607744,9214091,91107
2022-04-20,8600837,607109,9207946,91097
2022-04-19,8595186,606508,9201694,91082
2022-04-18,8589313,605984,9195297,91072
2022-04-17,8583022,605382,9188404,91057
2022-04-16,8580624,605146,9185770,91041
2022-04-15,8577929,604878,9182807,91027
2022-04-14,8574277,604534,9178811,91005
2022-04-13,8570530,604182,9174712,90988
2022-04-12,8566524,603764,9170288,90972
2022-04-11,8562427,603420,9165847,90959
2022-04-10,8557974,603010,9160984,90938
2022-04-09,8555739,602787,9158526,90928
2022-04-08,8553671,602602,9156273,90919
2022-04-07,8550714,602288,9153002,90902
2022-04-06,8547652,602005,9149657,90884
2022-04-05,8544255,601676,9145931,90860
2022-04-04,8540901,601409,9142310,90835
2022-04-03,8537113,601087,9138200,90815
2022-04-02,8535333,600948,9136281,90798
2022-04-01,8533613,600796,9134409,90778
2022-03-31,8530990,600511,9131501,90760
2022-03-30,8528554,600229,9128783,90736
2022-03-29,8525912,599992,9125904,90714
2022-03-28,8523210,599742,9122952,90691
2022-03-27,8520320,599450,9119770,90666
2022-03-26,8518754,599319,9118073,90642
2022-03-25,8517308,599179,9116487,90615
2022-03-24,8515303,598973,9114276,90579
2022-03-23,8513005,598741,9111746,90559
2022-03-22,8510745,598436,9109181,90535
2022-03-21,8507732,598169,9105901,90508
2022-03-20,8505044,597905,9102949,90469
2022-03-19,8503737,597766,9101503,90431
2022-03-18,8502476,597652,9100128,90407
2022-03-17,8500482,597474,9097956,90372
2022-03-16,8498178,597241,9095419,90327
2022-03-15,8495709,596983,9092692,90293
2022-03-14,8493085,596721,9089806,90256
2022-03-13,8490179,596399,9086578,90220
2022-03-12,8488890,596279,9085169,90179
2022-03-11,8487362,596151,9083513,90136
2022-03-10,8485020,595910,9080930,90082
2022-03-09,8482405,595600,9078005,90017
2022-03-08,8479385,595290,9074675,89956
2022-03-07,8476092,594910,9071002,89895
2022-03-06,8472238,594449,9066687,89832
2022-03-05,8470419,594280,9064699,89768
2022-03-04,8468307,594119,9062426,89700
2022-03-03,8465205,593803,9059008,89639
2022-03-02,8461660,593382,9055042,89552
2022-03-01,8457735,592966,9050701,89483
2022-02-28,8453106,592443,9045549,89393
2022-02-27,8447936,591821,9039757,89307
2022-02-26,8445548,591580,9037128,89227
2022-02-25,8442885,591347,9034232,89138
2022-02-24,8438145,590912,9029057,89028
2022-02-23,8433037,590438,9023475,88938
2022-02-22,8427492,589905,9017397,88817
2022-02-21,8420443,589127,9009570,88696
2022-02-20,8415145,588615,9003760,88568
2022-02-19,8411544,588330,8999874,88423
2022-02-18,8407355,587965,8995320,88313
2022-02-17,8400350,587313,8987663,88166
2022-02-16,8392309,586322,8978631,87990
2022-02-15,8383021,585193,8968214,87832
2022-02-14,8372353,583813,8956166,87684
2022-02-13,8359764,582311,8942075,87510
2022-02-12,8354252,581843,8936095,87327
2022-02-11,8347234,581252,8928486,87144
2022-02-10,8334595,579706,8914301,86933
2022-02-09,8320550,577932,8898482,86732
2022-02-08,8304372,575909,8880281,86497
2022-02-07,8286470,573531,8860001,86245
2022-02-06,8264123,570067,8834190,86013
2022-02-05,8254295,569073,8823368,85795
2022-02-04,8242608,568038,8810646,85551
2022-02-03,8220940,565467,8786407,85268
2022-02-02,8197060,562420,8759480,85025
2022-02-01,8169728,559045,8728773,84752
2022-01-31,8137038,555086,8692124,84461
2022-01-30,8098427,549665,8648092,84186
2022-01-29,8082907,548166,8631073,83902
2022-01-28,8062036,546714,8608750,83614
2022-01-27,8023188,542132,8565320,83350
2022-01-26,7978752,537292,8516044,83075
2022-01-25,7926633,531088,8457721,82817
2022-01-24,7866416,523827,8390243,82551
2022-01-23,7795567,513804,8309371,82324
2022-01-22,7767147,511047,8278194,82051
2022-01-21,7727185,508077,8235262,81794
2022-01-20,7649768,500010,8149778,81525
2022-01-19,7559608,490365,8049973,81274
2022-01-18,7458320,479241,7937561,81012
2022-01-17,7338269,464746,7803015,80772
2022-01-16,7256524,456960,7713484,80553
2022-01-15,7216073,453237,7669310,80325
2022-01-14,7157393,448929,7606322,80104
2022-01-13,7052867,438495,7491362,79910
2022-01-12,6938039,426609,7364648,79715
2022-01-11,6810966,414126,7225092,79515
2022-01-10,6675398,400402,7075800,79339
2022-01-09,6533342,384396,6917738,79182
2022-01-08,6477024,377681,6854705,79055
2022-01-07,6399759,371984,6771743,78905
2022-01-06,6264382,361479,6625861,78775
2022-01-05,6120360,350340,6470700,78641
2022-01-04,5964681,339181,6303862,78500
2022-01-03,5807241,327562,6134803,78392
2022-01-02,5666662,315421,5982083,78278
2022-01-01,5609637,309110,5918747,78193
2021-12-31,5576456,305780,5882236,78096
2021-12-30,5521629,301223,5822852,78010
2021-12-29,5435355,295336,5730691,77940
2021-12-28,5346465,289878,5636343,77859
2021-12-27,5256919,284412,5541331,77800
2021-12-26,5180702,279124,5459826,77713
2021-12-25,5144415,275582,5419997,77649
2021-12-24,5129344,274082,5403426,77580
2021-12-23,5106883,271629,5378512,77508
2021-12-22,5074176,268643,5342819,77433
2021-12-21,5042183,265744,5307927,77372
2021-12-20,5014789,263529,5278318,77304
2021-12-19,4991415,261729,5253144,77234
2021-12-18,4980532,260836,5241368,77158
2021-12-17,4970711,260177,5230888,77093
2021-12-16,4959504,259413,5218917,77025
2021-12-15,4949160,258710,5207870,76943
2021-12-14,4938907,258059,5196966,76871
2021-12-13,4930448,257438,5187886,76801
2021-12-12,4921433,256770,5178203,76732
2021-12-11,4917001,256429,5173430,76673
2021-12-10,4912750,256105,5168855,76609
2021-12-09,4906892,255639,5162531,76552
2021-12-08,4901030,255131,5156161,76487
2021-12-07,4894444,254636,5149080,76428
2021-12-06,4887811,254079,5141890,76356
2021-12-05,4880304,253407,5133711,76304
2021-12-04,4876377,253080,5129457,76239
2021-12-03,4872163,252713,5124876,76163
2021-12-02,4865930,252210,5118140,76095
2021-12-01,4859542,251667,5111209,76025
2021-11-30,4851952,251058,5103010,75955
2021-11-29,4844767,250522,5095289,75892
2021-11-28,4836392,249876,5086268,75815
2021-11-27,4831923,249547,5081470,75762
2021-11-26,4827655,249234,5076889,75705
2021-11-25,4823276,248912,5072188,75641
2021-11-24,4820952,248731,5069683,75582
2021-11-23,4816262,248332,5064594,75518
2021-11-22,4811396,247942,5059338,75438
2021-11-21,4806126,247525,5053651,75363
2021-11-20,4803144,247274,5050418,75285
2021-11-19,4799838,246991,5046829,75219
2021-11-18,4795197,246592,5041789,75134
2021-11-17,4790493,246217,5036710,75064
2021-11-16,4785305,245704,5031009,74980
2021-11-15,4779883,245227,5025110,74917
2021-11-14,4773447,244691,5018138,74833
2021-11-13,4770189,244379,5014568,74756
2021-11-12,4766719,244099,5010818,74688
2021-11-11,4761611,243639,5005250,74611
2021-11-10,4757281,243274,5000555,74525
2021-11-09,4751633,242799,4994432,74453
2021-11-08,4745746,242274,4988020,74363
2021-11-07,4739077,241688,4980765,74287
2021-11-06,4735601,241391,4976992,74195
2021-11-05,4731912,241102,4973014,74115
2021-11-04,4726359,240640,4966999,74042
2021-11-03,4720323,240121,4960444,73973
2021-11-02,4713899,239469,4953368,73898
2021-11-01,4707352,238875,4946227,73823
2021-10-31,4699929,238125,4938054,73745
2021-10-30,4696414,237775,4934189,73678
2021-10-29,4692445,237400,4929845,73597
2021-10-28,4686804,236811,4923615,73524
2021-10-27,4680733,236213,4916946,73447
2021-10-26,4674147,235589,4909736,73378
2021-10-25,4667353,234980,4902333,73307
2021-10-24,4660123,234345,4894468,73240
2021-10-23,4656528,233943,4890471,73172
2021-10-22,4652440,233549,4885989,73099
2021-10-21,4646453,232960,4879413,73018
2021-10-20,4640509,232365,4872874,72909
2021-10-19,4634244,231727,4865971,72840
2021-10-18,4627867,231119,4858986,72770
2021-10-17,4620795,230482,4851277,72699
2021-10-16,4617197,230106,4847303,72622
2021-10-15,4613547,229754,4843301,72543
2021-10-14,4608232,229252,4837484,72475
2021-10-13,4602921,228752,4831673,72403
2021-10-12,4597281,228236,4825517,72336
2021-10-11,4591465,227632,4819097,72264
2021-10-10,4585628,227071,4812699,72190
2021-10-09,4582321,226803,4809124,72108
2021-10-08,4578808,226492,4805300,72031
2021-10-07,4573646,226030,4799676,71946
2021-10-06,4568336,225520,4793856,71844
2021-10-05,4562326,224964,4787290,71730
2021-10-04,4556075,224347,4780422,71624
2021-10-03,4549294,223685,4772979,71538
2021-10-02,4545874,223310,4769184,71451
2021-10-01,4542179,222980,4765159,71328
2021-09-30,4536404,222426,4758830,71230
2021-09-29,4530596,221857,4752453,71138
2021-09-28,4524382,221271,4745653,71028
2021-09-27,4517602,220664,4738266,70921
2021-09-26,4509956,219967,4729923,70817
2021-09-25,4506194,219621,4725815,70716
2021-09-24,4501950,219265,4721215,70590
2021-09-23,4495775,218712,4714487,70476
2021-09-22,4489295,218121,4707416,70348
2021-09-21,4481903,217487,4699390,70215
2021-09-20,4474362,216816,4691178,70113
2021-09-19,4465509,216073,4681582,69990
2021-09-18,4461364,215673,4677037,69891
2021-09-17,4456455,215241,4671696,69760
2021-09-16,4449138,214605,4663743,69630
2021-09-15,4441265,213894,4655159,69499
2021-09-14,4432414,213105,4645519,69368
2021-09-13,4422940,212328,4635268,69249
2021-09-12,4412515,211400,4623915,69106
2021-09-11,4407140,210905,4618045,68986
2021-09-10,4400890,210402,4611292,68857
2021-09-09,4391585,209600,4601185,68704
2021-09-08,4381410,208740,4590150,68561
2021-09-07,4370101,207749,4577850,68424
2021-09-06,4357696,206502,4564198,68289
2021-09-05,4351036,205855,4556891,68148
2021-09-04,4345664,205310,4550974,67997
2021-09-03,4338864,204735,4543599,67879
2021-09-02,4328896,203811,4532707,67733
2021-09-01,4317903,202881,4520784,67577
2021-08-31,4304968,201913,4506881,67444
2021-08-30,4292713,200892,4493605,67304
2021-08-29,4279444,199768,4479212,67179
2021-08-28,4272854,199150,4472004,67061
2021-08-27,4265045,198514,4463559,66913
2021-08-26,4253802,197631,4451433,66784
2021-08-25,4241427,196670,4438097,66646
2021-08-24,4227877,195562,4423439,66517
2021-08-23,4213830,194450,4408280,66388
2021-08-22,4198514,193206,4391720,66272
2021-08-21,4190960,192573,4383533,66164
2021-08-20,4182082,191823,4373905,66046
2021-08-19,4168673,190767,4359440,65939
2021-08-18,4154783,189825,4344608,65826
2021-08-17,4139749,188777,4328526,65721
2021-08-16,4124254,187691,4311945,65602
2021-08-15,4108152,186543,4294695,65481
2021-08-14,4099962,185809,4285771,65403
2021-08-13,4090378,184998,4275376,65311
2021-08-12,4076636,184042,4260678,65190
2021-08-11,4062057,183067,4245124,65100
2021-08-10,4046560,182137,4228697,65022
2021-08-09,4030362,181166,4211528,64944
2021-08-08,4014074,180241,4194315,64869
2021-08-07,4005356,179685,4185041,64797
2021-08-06,3995654,179052,4174706,64736
2021-08-05,3982772,178292,4161064,64675
2021-08-04,3968832,177513,4146345,64621
2021-08-03,3954743,176682,4131425,64567
2021-08-02,3940420,175739,4116159,64509
2021-08-01,3926307,174899,4101206,64450
2021-07-31,3917775,174342,4092117,64411
2021-07-30,3909274,173815,4083089,64358
2021-07-29,3898177,173158,4071335,64326
2021-07-28,3886453,172477,4058930,64286
2021-07-27,3874656,171777,4046433,64251
2021-07-26,3863398,171117,4034515,64215
2021-07-25,3851668,170447,4022115,64188
2021-07-24,3845238,170087,4015325,64157
2021-07-23,3838468,169691,4008159,64132
2021-07-22,3830334,169185,3999519,64093
2021-07-21,3821999,168716,3990715,64059
2021-07-20,3813211,168126,3981337,64036
2021-07-19,3804849,167474,3972323,64006
2021-07-18,3796451,166788,3963239,63979
2021-07-17,3791638,166283,3957921,63967
2021-07-16,3786965,165837,3952802,63944
2021-07-15,3780987,165353,3946340,63925
2021-07-14,3775124,164877,3940001,63905
2021-07-13,3769562,164326,3933888,63891
2021-07-12,3764163,163861,3928024,63871
2021-07-11,3758794,163349,3922143,63853
2021-07-10,3755662,163026,3918688,63837
2021-07-09,3752531,162770,3915301,63819
2021-07-08,3748930,162444,3911374,63799
2021-07-07,3745363,162130,3907493,63784
2021-07-06,3741606,161781,3903387,63768
2021-07-05,3737999,161450,3899449,63754
2021-07-04,3735209,161204,3896413,63740
2021-07-03,3733654,161059,3894713,63734
2021-07-02,3731973,160915,3892888,63722
2021-07-01,3729957,160719,3890676,63708
2021-06-30,3727797,160538,3888335,63694
2021-06-29,3725768,160394,3886162,63676
2021-06-28,3723889,160235,3884124,63664
2021-06-27,3721955,160081,3882036,63650
2021-06-26,3720784,159974,3880758,63640
2021-06-25,3719708,159886,3879594,63623
2021-06-24,3718400,159781,3878181,63612
2021-06-23,3717003,159685,3876688,63601
2021-06-22,3715771,159582,3875353,63594
2021-06-21,3714463,159479,3873942,63581
2021-06-20,3713061,159368,3872429,63570
2021-06-19,3712260,159299,3871559,63563
2021-06-18,3711506,159218,3870724,63555
2021-06-17,3710576,159115,3869691,63544
2021-06-16,3709549,159037,3868586,63533
2021-06-15,3708487,158951,3867438,63523
2021-06-14,3707438,158867,3866305,63509
2021-06-13,3706284,158776,3865060,63495
2021-06-12,3705584,158730,3864314,63483
2021-06-11,3704907,158669,3863576,63473
2021-06-10,3704054,158595,3862649,63462
2021-06-09,3703178,158524,3861702,63447
2021-06-08,3702251,158438,3860689,63440
2021-06-07,3701200,158347,3859547,63427
2021-06-06,3700157,158249,3858406,63415
2021-06-05,3699547,158189,3857736,63402
2021-06-04,3698904,158129,3857033,63390
2021-06-03,3698053,158042,3856095,63376
2021-06-02,3697057,157931,3854988,63364
2021-06-01,3696014,157842,3853856,63346
2021-05-31,3694805,157739,3852544,63333
2021-05-30,3694211,157682,3851893,63318
2021-05-29,3693626,157624,3851250,63308
2021-05-28,3693023,157557,3850580,63284
2021-05-27,3692161,157474,3849635,63272
2021-05-26,3691241,157389,3848630,63253
2021-05-25,3690258,157304,3847562,63235
2021-05-24,3689217,157215,3846432,63220
2021-05-23,3688011,157123,3845134,63196
2021-05-22,3687349,157065,3844414,63174
2021-05-21,3686639,157001,3843640,63161
2021-05-20,3685690,156924,3842614,63144
2021-05-19,3684691,156816,3841507,63124
2021-05-18,3683500,156716,3840216,63096
2021-05-17,3682269,156598,3838867,63079
2021-05-16,3680929,156477,3837406,63063
2021-05-15,3680116,156384,3836500,63048
2021-05-14,3679215,156291,3835506,63032
2021-05-13,3678036,156175,3834211,63013
2021-05-12,3676838,156060,3832898,62987
2021-05-11,3675486,155923,3831409,62954
2021-05-10,3674021,155781,3829802,62925
2021-05-09,3672388,155638,3828026,62914
2021-05-08,3671448,155524,3826972,62890
2021-05-07,3670399,155435,3825834,62871
2021-05-06,3668959,155297,3824256,62846
2021-05-05,3667436,155158,3822594,62816
2021-05-04,3665740,155019,3820759,62796
2021-05-03,3664143,154846,3818989,62773
2021-05-02,3662178,154675,3816853,62748
2021-05-01,3661075,154553,3815628,62729
2021-04-30,3659800,154435,3814235,62710
2021-04-29,3658155,154273,3812428,62692
2021-04-28,3656495,154106,3810601,62667
2021-04-27,3654674,153931,3808605,62651
2021-04-26,3652800,153752,3806552,62621
2021-04-25,3650696,153555,3804251,62595
2021-04-24,3649480,153437,3802917,62570
2021-04-23,3648109,153315,3801424,62545
2021-04-22,3646290,153132,3799422,62521
2021-04-21,3644449,152962,3797411,62501
2021-04-20,3642454,152764,3795218,62467
2021-04-19,3640328,152551,3792879,62442
2021-04-18,3637891,152359,3790250,62408
2021-04-17,3636463,152187,3788650,62379
2021-04-16,3634909,152049,3786958,62351
2021-04-15,3632856,151824,3784680,62325
2021-04-14,3630743,151612,3782355,62295
2021-04-13,3628356,151397,3779753,62256
2021-04-12,3625938,151164,3777102,62225
2021-04-11,3623223,150910,3774133,62193
2021-04-10,3621657,150775,3772432,62161
2021-04-09,3619839,150591,3770430,62124
2021-04-08,3617568,150389,3767957,62086
2021-04-07,3615290,150185,3765475,62049
2021-04-06,3612670,149990,3762660,62011
2021-04-05,3610121,149753,3759874,61989
2021-04-04,3607243,149488,3756731,61949
2021-04-03,3605691,149341,3755032,61910
2021-04-02,3603989,149172,3753161,61881
2021-04-01,3601756,148961,3750717,61847
2021-03-31,3599418,148738,3748156,61807
2021-03-30,3597037,148527,3745564,61758
2021-03-29,3594607,148317,3742924,61719
2021-03-28,3591895,148063,3739958,61675
2021-03-27,3590291,147907,3738198,61645
2021-03-26,3588622,147773,3736395,61596
2021-03-25,3586355,147538,3733893,61540
2021-03-24,3584064,147331,3731395,61482
2021-03-23,3581387,147109,3728496,61425
2021-03-22,3578882,146861,3725743,61386
2021-03-21,3576179,146606,3722785,61334
2021-03-20,3574579,146469,3721048,61283
2021-03-19,3572866,146316,3719182,61205
2021-03-18,3570686,146126,3716812,61150
2021-03-17,3568469,145925,3714394,61071
2021-03-16,3565833,145718,3711551,60989
2021-03-15,3563322,145518,3708840,60917
2021-03-14,3560445,145276,3705721,60859
2021-03-13,3558839,145091,3703930,60797
2021-03-12,3556943,144938,3701881,60720
2021-03-11,3554443,144696,3699139,60634
2021-03-10,3551848,144468,3696316,60549
2021-03-09,3549089,144227,3693316,60460
2021-03-08,3546258,143995,3690253,60366
2021-03-07,3542926,143724,3686650,60267
2021-03-06,3540977,143535,3684512,60179
2021-03-05,3538780,143341,3682121,60075
2021-03-04,3535840,143076,3678916,59967
2021-03-03,3532906,142847,3675753,59848
2021-03-02,3529709,142587,3672296,59729
2021-03-01,3526448,142318,3668766,59597
2021-02-28,3522696,142025,3664721,59471
2021-02-27,3520511,141810,3662321,59312
2021-02-26,3517988,141593,3659581,59149
2021-02-25,3514628,141306,3655934,58993
2021-02-24,3511177,141096,3652273,58833
2021-02-23,3507302,140798,3648100,58666
2021-02-22,3503285,140469,3643754,58500
2021-02-21,3498662,140107,3638769,58308
2021-02-20,3496034,139861,3635895,58118
2021-02-19,3492933,139598,3632531,57922
2021-02-18,3488758,139249,3628007,57677
2021-02-17,3484357,138877,3623234,57449
2021-02-16,3479282,138520,3617802,57212
2021-02-15,3473652,138143,3611795,56969
2021-02-14,3468403,137718,3606121,56725
2021-02-13,3464876,137463,3602339,56482
2021-02-12,3460428,137131,3597559,56232
2021-02-11,3454238,136757,3590995,55937
2021-02-10,3447638,136291,3583929,55607
2021-02-09,3440137,135859,3575996,55281
2021-02-08,3432407,135359,3567766,54961
2021-02-07,3422961,134691,3557652,54625
2021-02-06,3417812,134242,3552054,54308
2021-02-05,3411138,133744,3544882,53995
2021-02-04,3401688,133117,3534805,53590
2021-02-03,3391527,132585,3524112,53221
2021-02-02,3379997,131867,3511864,52835
2021-02-01,3367355,131131,3498486,52434
2021-01-31,3352087,130248,3482335,51952
2021-01-30,3344127,129730,3473857,51536
2021-01-29,3334058,129129,3463187,51098
2021-01-28,3321295,128319,3449614,50640
2021-01-27,3306719,127463,3434182,50171
2021-01-26,3290971,126559,3417530,49709
2021-01-25,3273199,125643,3398842,49210
2021-01-24,3253081,124433,3377514,48694
2021-01-23,3242706,123723,3366429,48235
2021-01-22,3229260,122952,3352212,47733
2021-01-21,3209578,121773,3331351,47181
2021-01-20,3187555,120623,3308178,46613
2021-01-19,3162418,119481,3281899,46004
2021-01-18,3135102,118236,3253338,45410
2021-01-17,3111538,116743,3228281,44806
2021-01-16,3097904,115706,3213610,44164
2021-01-15,3077942,114676,3192618,43539
2021-01-14,3048969,113237,3162206,42829
2021-01-13,3017189,111831,3129020,42174
2021-01-12,2982567,110338,3092905,41543
2021-01-11,2943977,108659,3052636,40825
2021-01-10,2902026,106526,3008552,40118
2021-01-09,2882881,105202,2988083,39436
2021-01-08,2854317,103916,2958233,38749
2021-01-07,2813327,102050,2915377,38068
2021-01-06,2768367,99997,2868364,37360
2021-01-05,2717956,97771,2815727,36666
2021-01-04,2663149,95385,2758534,35957
2021-01-03,2602656,92412,2695068,35255
2021-01-02,2575414,90374,2665788,34579
2021-01-01,2538007,88304,2626311,33937
2020-12-31,2518155,86889,2605044,33275
2020-12-30,2482515,84725,2567240,32627
2020-12-29,2428553,82132,2510685,32001
2020-12-28,2370007,79612,2449619,31409
2020-12-27,2311966,76770,2388736,30782
2020-12-26,2285434,75182,2360616,30197
2020-12-25,2250673,73015,2323688,29599
2020-12-24,2237211,72342,2309553,29024
2020-12-23,2210266,70734,2281000,28469
2020-12-22,2164940,68556,2233496,27964
2020-12-21,2115957,66233,2182190,27424
2020-12-20,2067494,63761,2131255,26930
2020-12-19,2046408,62034,2108442,26484
2020-12-18,2016573,60309,2076882,26018
2020-12-17,1974795,58372,2033167,25552
2020-12-16,1930147,56205,1986352,25156
2020-12-15,1884286,53984,1938270,24781
2020-12-14,1835850,51787,1887637,24399
2020-12-13,1786461,49369,1835830,24041
2020-12-12,1765422,47764,1813186,23702
2020-12-11,1734653,46347,1781000,23418
2020-12-10,1694530,44230,1738760,23118
2020-12-09,1653625,42224,1695849,22803
2020-12-08,1611903,40414,1652317,22550
2020-12-07,1570442,38732,1609174,22320
2020-12-06,1529268,36920,1566188,22056
2020-12-05,1510814,35706,1546520,21820
2020-12-04,1486339,34493,1520832,21582
2020-12-03,1454353,33165,1487518,21383
2020-12-02,1422357,31791,1454148,21164
2020-12-01,1388813,30437,1419250,20989
2020-11-30,1354352,29001,1383353,20828
2020-11-29,1321699,27694,1349393,20667
2020-11-28,1305612,26867,1332479,20537
2020-11-27,1287456,25972,1313428,20376
2020-11-26,1269340,25000,1294340,20256
2020-11-25,1260127,24634,1284761,20146
2020-11-24,1239416,23602,1263018,20016
2020-11-23,1218813,22760,1241573,19905
2020-11-22,1197734,21894,1219628,19804
2020-11-21,1187504,21342,1208846,19698
2020-11-20,1175200,20673,1195873,19602
2020-11-19,1157787,19889,1177676,19522
2020-11-18,1141103,19149,1160252,19411
2020-11-17,1123892,18386,1142278,19335
2020-11-16,1106791,17726,1124517,19234
2020-11-15,1089148,17101,1106249,19142
2020-11-14,1080020,16673,1096693,19062
2020-11-13,1070123,16278,1086401,18989
2020-11-12,1057682,15800,1073482,18908
2020-11-11,1046136,15362,1061498,18834
2020-11-10,1035523,14963,1050486,18776
2020-11-09,1024636,14554,1039190,18717
2020-11-08,1013555,14175,1027730,18673
2020-11-07,1008031,13918,1021949,18617
2020-11-06,1001629,13649,1015278,18571
2020-11-05,993131,13359,1006490,18516
2020-11-04,984986,13014,998000,18476
2020-11-03,976546,12733,989279,18427
2020-11-02,968288,12425,980713,18391
2020-11-01,959836,11986,971822,18333
2020-10-31,954868,11772,966640,18274
2020-10-30,950428,11611,962039,18225
2020-10-29,944918,11393,956311,18187
2020-10-28,940055,11178,951233,18131
2020-10-27,935158,10976,946134,18091
2020-10-26,930330,10775,941105,18039
2020-10-25,924852,10600,935452,17998
2020-10-24,921952,10482,932434,17952
2020-10-23,918709,10350,929059,17905
2020-10-22,914147,10171,924318,17853
2020-10-21,909976,10012,919988,17811
2020-10-20,905566,9866,915432,17769
2020-10-19,900925,9717,910642,17725
2020-10-18,895913,9556,905469,17671
2020-10-17,893367,9454,902821,17636
2020-10-16,890416,9384,899800,17601
2020-10-15,886608,9260,895868,17559
2020-10-14,882711,9123,891834,17518
2020-10-13,878915,9015,887930,17473
2020-10-12,875078,8910,883988,17424
2020-10-11,870756,8766,879522,17382
2020-10-10,868542,8682,877224,17335
2020-10-09,865543,8603,874146,17284
2020-10-08,862004,8488,870492,17235
2020-10-07,858259,8376,866635,17180
2020-10-06,854550,8260,862810,17124
2020-10-05,850824,8133,858957,17075
2020-10-04,846536,7993,854529,17019
2020-10-03,844317,7910,852227,16951
2020-10-02,841669,7826,849495,16902
2020-10-01,838335,7709,846044,16844
2020-09-30,834646,7596,842242,16786
2020-09-29,830945,7493,838438,16747
2020-09-28,827177,7389,834566,16694
2020-09-27,823125,7300,830425,16639
2020-09-26,821065,7246,828311,16581
2020-09-25,818703,7191,825894,16507
2020-09-24,815238,7105,822343,16452
2020-09-23,811906,7027,818933,16381
2020-09-22,808145,6936,815081,16315
2020-09-21,804453,6823,811276,16247
2020-09-20,800393,6708,807101,16190
2020-09-19,798233,6640,804873,16119
2020-09-18,795764,6569,802333,16047
2020-09-17,792332,6509,798841,15990
2020-09-16,789049,6422,795471,15918
2020-09-15,785278,6333,791611,15856
2020-09-14,781539,6244,787783,15771
2020-09-13,777383,6136,783519,15693
2020-09-12,775350,6090,781440,15623
2020-09-11,773017,6041,779058,15548
2020-09-10,769658,5958,775616,15471
2020-09-09,766445,5885,772330,15398
2020-09-08,762858,5808,768666,15314
2020-09-07,758626,5705,764331,15235
2020-09-06,756300,5660,761960,15164
2020-09-05,754338,5612,759950,15084
2020-09-04,752093,5549,757642,14999
2020-09-03,748650,5460,754110,14913
2020-09-02,744993,5372,750365,14833
2020-09-01,740971,5257,746228,14751
2020-08-31,736414,5135,741549,14651
2020-08-30,732101,5044,737145,14565
2020-08-29,729859,4984,734843,14455
2020-08-28,727254,4908,732162,14337
2020-08-27,723352,4826,728178,14250
2020-08-26,719385,4725,724110,14133
2020-08-25,714821,4609,719430,14036
2020-08-24,709951,4513,714464,13928
2020-08-23,704524,4346,708870,13820
2020-08-22,701963,4285,706248,13714
2020-08-21,698867,4210,703077,13595
2020-08-20,694483,4124,698607,13477
2020-08-19,689861,4013,693874,13370
2020-08-18,685213,3880,689093,13233
2020-08-17,679968,3759,683727,13111
2020-08-16,674227,3656,677883,12994
2020-08-15,671551,3614,675165,12863
2020-08-14,667893,3566,671459,12736
2020-08-13,662713,3475,666188,12614
2020-08-12,657583,3384,660967,12494
2020-08-11,651656,3280,654936,12383
2020-08-10,645473,3184,648657,12227
2020-08-09,638421,3100,641521,12086
2020-08-08,635261,3060,638321,11958
2020-08-07,630992,3012,634004,11825
2020-08-06,624588,2947,627535,11690
2020-08-05,618360,2870,621230,11572
2020-08-04,611684,2791,614475,11423
2020-08-03,604507,2692,607199,11262
2020-08-02,596980,2618,599598,11085
2020-08-01,593425,2558,595983,10949
2020-07-31,588079,2504,590583,10811
2020-07-30,580907,2387,583294,10665
2020-07-29,573698,2328,576026,10518
2020-07-28,565943,2256,568199,10361
2020-07-27,557205,2183,559388,10234
2020-07-26,548165,2108,550273,10085
2020-07-25,544028,2063,546091,9942
2020-07-24,538257,2018,540275,9768
2020-07-23,530020,1944,531964,9630
2020-07-22,521544,1880,523424,9490
2020-07-21,512233,1797,514030,9345
2020-07-20,502167,1727,503894,9208
2020-07-19,491153,1644,492797,9061
2020-07-18,485700,1593,487293,8934
2020-07-17,478407,1541,479948,8805
2020-07-16,467773,1429,469202,8683
2020-07-15,456757,1343,458100,8554
2020-07-14,445243,1219,446462,8420
2020-07-13,433754,1139,434893,8288
2020-07-12,422158,1079,423237,8143
2020-07-11,416288,1045,417333,8035
2020-07-10,408765,1026,409791,7918
2020-07-09,397410,969,398379,7804
2020-07-08,386295,910,387205,7710
2020-07-07,374166,875,375041,7603
2020-07-06,361697,800,362497,7501
2020-07-05,349950,768,350718,7384
2020-07-04,343744,737,344481,7288
2020-07-03,338385,720,339105,7203
2020-07-02,330447,677,331124,7110
2020-07-01,319917,632,320549,7002
2020-06-30,308740,603,309343,6916
2020-06-29,298285,568,298853,6820
2020-06-28,288059,536,288595,6724
2020-06-27,282629,522,283151,6629
2020-06-26,276396,514,276910,6563
2020-06-25,267375,503,267878,6480
2020-06-24,258136,476,258612,6410
2020-06-23,248526,461,248987,6318
2020-06-22,239073,450,239523,6251
2020-06-21,229793,439,230232,6178
2020-06-20,225465,430,225895,6106
2020-06-19,220135,417,220552,6027
2020-06-18,213275,396,213671,5946
2020-06-17,206699,385,207084,5879
2020-06-16,199999,374,200373,5810
2020-06-15,193695,363,194058,5750
2020-06-14,187419,354,187773,5682
2020-06-13,184441,351,184792,5617
2020-06-12,180798,348,181146,5543
2020-06-11,176368,341,176709,5474
2020-06-10,172339,332,172671,5414
2020-06-09,168116,326,168442,5352
2020-06-08,164143,318,164461,5276
2020-06-07,159953,310,160263,5196
2020-06-06,157923,308,158231,5129
2020-06-05,155221,303,155524,5064
2020-06-04,151534,295,151829,4998
2020-06-03,147965,289,148254,4924
2020-06-02,144568,283,144851,4838
2020-06-01,140696,275,140971,4773
2020-05-31,137024,268,137292,4695
2020-05-30,135435,265,135700,4628
2020-05-29,133208,262,133470,4562
2020-05-28,129433,259,129692,4501
2020-05-27,126273,257,126530,4432
2020-05-26,122766,250,123016,4351
2020-05-25,119186,244,119430,4270
2020-05-24,116958,240,117198,4211
2020-05-23,115551,237,115788,4134
2020-05-22,113797,233,114030,4063
2020-05-21,111278,228,111506,3983
2020-05-20,108850,221,109071,3924
2020-05-19,106140,212,106352,3852
2020-05-18,103736,206,103942,3778
2020-05-17,100942,200,101142,3688
2020-05-16,99616,199,99815,3615
2020-05-15,97886,192,98078,3524
2020-05-14,95388,186,95574,3449
2020-05-13,92729,183,92912,3374
2020-05-12,90425,178,90603,3299
2020-05-11,87949,167,88116,3215
2020-05-10,85510,163,85673,3148
2020-05-09,84184,160,84344,3074
2020-05-08,82599,154,82753,2987
2020-05-07,80334,148,80482,2903
2020-05-06,78197,142,78339,2819
2020-05-05,75852,139,75991,2721
2020-05-04,73274,131,73405,2654
2020-05-03,70875,126,71001,2578
2020-05-02,69724,125,69849,2508
2020-05-01,68336,122,68458,2412
2020-04-30,66103,116,66219,2338
2020-04-29,64155,112,64267,2259
2020-04-28,62122,110,62232,2182
2020-04-27,60025,108,60133,2089
2020-04-26,57781,106,57887,2022
2020-04-25,56511,104,56615,1951
2020-04-24,54892,104,54996,1883
2020-04-23,52893,101,52994,1803
2020-04-22,51050,100,51150,1714
2020-04-21,49288,99,49387,1630
2020-04-20,47619,98,47717,1558
2020-04-19,45695,97,45792,1471
2020-04-18,44613,96,44709,1404
2020-04-17,43408,95,43503,1335
2020-04-16,41806,93,41899,1261
2020-04-15,40134,91,40225,1162
2020-04-14,38477,90,38567,1094
2020-04-13,36983,86,37069,1005
2020-04-12,35472,83,35555,926
2020-04-11,34473,81,34554,858
2020-04-10,33426,77,33503,804
2020-04-09,31954,77,32031,742
2020-04-08,30561,77,30638,683
2020-04-07,29098,73,29171,619
2020-04-06,27683,72,27755,557
2020-04-05,26326,72,26398,521
2020-04-04,25187,70,25257,464
2020-04-03,24063,70,24133,427
2020-04-02,22557,68,22625,374
2020-04-01,21192,66,21258,318
2020-03-31,19691,65,19756,277
2020-03-30,18436,62,18498,235
2020-03-29,17056,60,17116,206
2020-03-28,16238,59,16297,181
2020-03-27,15307,58,15365,155
2020-03-26,14313,55,14368,133
2020-03-25,13346,53,13399,118
2020-03-24,12309,53,12362,98
2020-03-23,11462,49,11511,80
2020-03-22,10430,42,10472,62
2020-03-21,9667,42,9709,48
2020-03-20,8974,41,9015,38
2020-03-19,8011,38,8049,31
2020-03-18,7229,35,7264,24
2020-03-17,6456,33,6489,24
2020-03-16,5619,31,5650,18
2020-03-15,4745,28,4773,13
2020-03-14,4147,26,4173,11
2020-03-13,3635,23,3658,10
2020-03-12,3058,20,3078,9
2020-03-11,2548,18,2566,9
2020-03-10,2121,18,2139,8
2020-03-09,1763,17,1780,8
2020-03-08,1433,16,1449,5
2020-03-07,1254,16,1270,5
2020-03-06,1090,16,1106,5
2020-03-05,931,16,947,4
2020-03-04,820,16,836,4
2020-03-03,728,16,744,3
2020-03-02,643,16,659,3
2020-03-01,567,16,583,3
2020-02-29,469,15,484,3
2020-02-28,428,15,443,3
2020-02-27,379,15,394,3
2020-02-26,353,15,368,3
2020-02-25,314,13,327,3
2020-02-24,289,12,301,3
2020-02-23,250,11,261,3
2020-02-22,231,11,242,3
2020-02-21,214,11,225,3
2020-02-20,194,10,204,2
2020-02-19,174,10,184,2
2020-02-18,162,9,171,2
2020-02-17,152,9,161,2
2020-02-16,139,8,147,1
2020-02-15,132,8,140,1
2020-02-14,120,8,128,1
2020-02-13,111,5,116,1
2020-02-12,109,5,114,1
2020-02-11,106,5,111,1
2020-02-10,102,4,106,1
2020-02-09,96,4,100,1
2020-02-08,91,2,93,1
2020-02-07,84,1,85,1
2020-02-06,53,1,54,1
2020-02-05,47,1,48,0
2020-02-04,44,1,45,0
2020-02-03,41,1,42,0
2020-02-02,34,1,35,0
2020-02-01,25,1,26,0
