date,county,fips,population,doses_administered,new_doses_administered,pfizer_doses,new_pfizer_doses,moderna_doses,new_moderna_doses,jj_doses,new_jj_doses,partially_vaccinated,new_partially_vaccinated,at_least_one_dose,new_at_least_one_dose,fully_vaccinated,new_fully_vaccinated,partially_vaccinated_percent,at_least_one_dose_percent,fully_vaccinated_percent
2021-12-19,Alameda,001,1643700.0,3044546,2332,1877867,1210,931697,874,127950,29,102252,324,1379965,335,1277713,242,0.0622084321956561,0.8395479710409443,0.7773395388452881
2021-12-19,Alpine,003,1148.0,1777,0,64,0,1704,0,8,0,119,0,832,0,713,0,0.1036585365853658,0.7247386759581882,0.6210801393728222
2021-12-19,Amador,005,37829.0,49678,39,14418,11,33190,24,1772,0,3665,7,23513,7,19848,4,0.0968833434666525,0.6215601786988818,0.5246768352322292
2021-12-19,Butte,007,227075.0,257830,109,126326,40,118875,67,9612,0,10446,14,119988,14,109542,17,0.0460024221072332,0.5284069140151932,0.4824044919079599
2021-12-19,Calaveras,009,45235.0,57962,37,24566,14,31484,22,1680,0,3920,7,27225,7,23305,4,0.0866585608489001,0.6018569691610479,0.5151984083121477
2021-12-19,Colusa,011,21464.0,26832,20,8056,8,17476,11,1099,0,1396,6,13427,6,12031,1,0.0650391352963101,0.6255590756615729,0.5605199403652628
2021-12-19,Contra Costa,013,1133247.0,2137783,1559,1397145,778,614937,586,61916,15,61049,168,955079,175,894030,199,0.0538708683985044,0.8427809647852587,0.7889100963867541
2021-12-19,Del Norte,015,27424.0,28951,1,11237,1,15771,0,1523,0,1682,0,13940,0,12258,0,0.061333138856476,0.5083138856476079,0.4469807467911318
2021-12-19,El Dorado,017,186661.0,268576,172,130594,60,124383,107,9663,0,11132,27,122683,27,111551,14,0.0596375247105715,0.657250309384392,0.5976127846738205
2021-12-19,Fresno,019,978130.0,1311347,608,719833,314,524004,222,43250,3,67519,122,627176,124,559657,91,0.0690286567225215,0.6411990226248044,0.5721703659022829
2021-12-19,Glenn,021,27897.0,33213,17,15382,10,15861,7,1676,0,1470,4,16013,4,14543,0,0.0526938380471018,0.5740043732300965,0.5213105351829946
2021-12-19,Humboldt,023,135768.0,201160,117,100782,49,86976,30,9100,0,8270,26,92832,26,84562,25,0.0609127334865358,0.6837546402686937,0.6228419067821578
2021-12-19,Imperial,025,180216.0,334703,60,172505,25,129878,20,20748,5,40636,30,181892,33,141256,18,0.2254849735872508,1.0092999511697074,0.7838149775824567
2021-12-19,Inyo,027,18085.0,26266,1,9759,1,15219,0,704,0,1290,0,11704,0,10414,1,0.0713298313519491,0.64716615980094,0.5758363284489909
2021-12-19,Kern,029,883053.0,1006888,457,536770,250,411863,140,42055,3,55139,134,494744,137,439605,63,0.0624413257188413,0.5602653521362817,0.4978240264174404
2021-12-19,Kings,031,150075.0,143493,218,70010,102,64826,79,6634,6,8932,46,71265,51,62333,51,0.0595169082125603,0.4748625687156422,0.4153456605030818
2021-12-19,Lake,033,64148.0,77037,31,25996,9,47278,22,3378,0,4008,7,37301,7,33293,4,0.0624805138118101,0.581483444534514,0.5190029307227038
2021-12-19,Lassen,035,31185.0,18569,8,3559,0,13234,8,1696,0,954,0,9322,0,8368,1,0.0305916305916305,0.2989257655924323,0.2683341350008016
2021-12-19,Los Angeles,037,10098052.0,16177639,9889,8960531,4527,6333064,4417,581437,100,779147,1556,7614805,1608,6835658,1284,0.077158148918227,0.7540865307487028,0.6769283818304758
2021-12-19,Madera,039,155013.0,181821,56,96990,19,74896,34,6917,1,9905,9,87826,9,77921,5,0.0638978666305406,0.5665718359105365,0.5026739692799959
2021-12-19,Marin,041,260295.0,537394,236,320929,125,181089,107,14839,1,17508,26,233438,27,215930,5,0.0672621448740851,0.8968209147313625,0.8295587698572773
2021-12-19,Mariposa,043,17540.0,19034,1,4367,0,13673,1,755,0,3442,1,10672,1,7230,0,0.1962371721778791,0.6084378563283922,0.4122006841505131
2021-12-19,Mendocino,045,87422.0,136661,24,73411,11,57200,13,4379,0,6977,3,63006,3,56029,0,0.0798082862437372,0.7207110338358765,0.6409027475921393
2021-12-19,Merced,047,269075.0,311483,219,188022,102,108015,114,11394,3,30818,58,159802,60,128984,37,0.1145331227352968,0.5938938957539719,0.4793607730186751
2021-12-19,Modoc,049,8938.0,8291,0,1429,0,6271,0,546,0,276,0,3857,0,3581,0,0.0308793913627209,0.4315283061087491,0.4006489147460282
2021-12-19,Mono,051,14174.0,21575,4,11965,1,8527,3,435,0,870,0,9698,0,8828,0,0.0613799915337942,0.6842105263157895,0.6228305347819952
2021-12-19,Monterey,053,433212.0,677494,330,327716,138,309870,180,25452,3,33650,37,323197,38,289547,30,0.0776755953205359,0.7460481242440191,0.6683725289234832
2021-12-19,Napa,055,140530.0,246711,78,131099,43,104092,27,6821,1,11518,7,113199,8,101681,10,0.0819611470860314,0.8055148366896748,0.7235536896036433
2021-12-19,Nevada,057,99092.0,147445,155,77764,64,63252,66,3959,1,6693,29,66833,31,60140,25,0.0675432931013603,0.6744540427077867,0.6069107496064263
2021-12-19,Orange,059,3164182.0,5172338,3494,2922068,1424,2003153,1755,150855,28,199435,521,2363031,529,2163596,368,0.0630289281716412,0.7468062835829292,0.6837773554112879
2021-12-19,Placer,061,380077.0,602165,352,343118,149,229878,177,15648,1,20194,70,269925,70,249731,31,0.053131339176009,0.7101850414521268,0.6570537022761177
2021-12-19,Plumas,063,18699.0,23546,1,3946,1,17856,0,1488,0,1004,1,10948,1,9944,0,0.0536927108401518,0.5854858548585485,0.5317931440183967
2021-12-19,Riverside,065,2383286.0,3159358,1305,1851732,621,1174242,485,90016,20,155212,330,1503927,340,1348715,181,0.0651252094796847,0.631030854039339,0.5659056445596542
2021-12-19,Sacramento,067,1510023.0,2296565,1156,1296718,560,884188,500,63487,15,90761,215,1057321,223,966560,163,0.0601057069991649,0.7002019174542374,0.6400962104550726
2021-12-19,San Benito,069,59416.0,96023,39,52674,12,37604,25,3722,1,4579,5,45673,5,41094,4,0.077066783358018,0.768698667025717,0.6916318836676989
2021-12-19,San Bernardino,071,2135413.0,2636085,1030,1593836,553,926606,345,79595,18,119134,182,1264071,196,1144937,188,0.0557896762827612,0.5919562164321375,0.5361665401493763
2021-12-19,San Diego,073,3302833.0,5610346,4296,3047676,2298,2235526,1399,200003,64,367705,1354,2855411,1934,2487706,1151,0.111330182301073,0.864533871376482,0.7532036890754089
2021-12-19,San Francisco,075,870044.0,1747839,1736,1089034,991,553342,532,60881,13,54226,235,760631,237,706405,191,0.0623255835337063,0.874244291093324,0.8119187075596177
2021-12-19,San Joaquin,077,732212.0,1011010,414,584953,205,380546,188,29742,2,75872,119,500902,121,425030,51,0.1036202629839445,0.6840942240771798,0.5804739610932353
2021-12-19,San Luis Obispo,079,281455.0,419975,167,215417,56,182842,90,14839,0,18159,35,190312,35,172153,21,0.0645183066564814,0.6761720346058873,0.6116537279494058
2021-12-19,San Mateo,081,765935.0,1496379,1594,892620,619,507655,533,47543,19,52984,250,659745,253,606761,343,0.0691755827844399,0.861358992603811,0.7921834098193711
2021-12-19,Santa Barbara,083,443738.0,685616,473,399049,303,247777,106,26636,1,33712,101,323747,101,290035,73,0.0759727586999535,0.7295904339948348,0.6536176752948812
2021-12-19,Santa Clara,085,1922200.0,3774773,4886,2330349,3028,1191786,1497,122096,25,110315,476,1666346,483,1556031,321,0.0573899698262407,0.8668952242222453,0.8095052543960046
2021-12-19,Santa Cruz,087,273765.0,463778,358,222525,171,218726,173,11692,3,17248,39,210355,40,193107,21,0.0630029404781473,0.7683779884207258,0.7053750479425784
2021-12-19,Shasta,089,179085.0,185791,48,84919,24,89642,24,9466,0,10061,4,88957,4,78896,6,0.0561800262445207,0.4967306027863863,0.4405505765418656
2021-12-19,Sierra,091,2930.0,3739,0,513,0,3128,0,67,0,102,0,1651,0,1549,0,0.0348122866894198,0.563481228668942,0.5286689419795222
2021-12-19,Siskiyou,093,43540.0,47963,0,19631,0,26500,0,1438,0,2643,0,22526,0,19883,0,0.0607028020211299,0.5173633440514469,0.456660542030317
2021-12-19,Solano,095,438530.0,662400,270,370282,150,264107,94,17127,4,38397,36,314446,39,276049,60,0.0875584338585729,0.7170455841105512,0.6294871502519782
2021-12-19,Sonoma,097,501317.0,882939,384,486494,216,352170,145,25907,2,32902,44,396733,45,363831,24,0.0656311276098755,0.791381501126034,0.7257503735161585
2021-12-19,Stanislaus,099,539301.0,683034,424,396284,222,257597,159,21126,0,50810,148,340115,151,289305,50,0.0942145480909547,0.6306589455610132,0.5364443974700585
2021-12-19,Sutter,101,95872.0,123212,50,53410,26,63699,22,5106,0,5675,13,59457,13,53782,7,0.0591935080106809,0.6201706441922563,0.5609771361815754
2021-12-19,Tehama,103,63373.0,59827,20,22492,11,34519,9,2371,0,2732,1,28599,1,25867,1,0.0431098417307055,0.4512805137834724,0.4081706720527669
2021-12-19,Trinity,105,12862.0,13685,2,3165,1,9564,1,858,0,817,0,6520,0,5703,2,0.0635204478308194,0.5069196081480329,0.4433991603172135
2021-12-19,Tulare,107,460477.0,538273,360,323164,201,194039,108,14296,2,30903,114,260719,115,229816,53,0.067110843755497,0.5661933169300529,0.4990824731745559
2021-12-19,Tuolumne,109,53932.0,67876,27,19647,2,46209,25,1508,0,4333,7,31466,7,27133,1,0.0803419120373804,0.5834384039160424,0.503096491878662
2021-12-19,Ventura,111,848112.0,1346691,860,723249,425,556527,386,45032,4,51617,121,623020,122,571403,59,0.0608610655196483,0.7345963740638028,0.6737353085441545
2021-12-19,Yolo,113,214977.0,348536,307,173615,132,154954,147,9317,9,15189,34,160461,37,145272,45,0.0706540699702758,0.746410081078441,0.6757560111081651
2021-12-19,Yuba,115,75493.0,78746,36,31865,11,41494,23,4453,0,3897,6,39116,6,35219,3,0.0516206800630522,0.5181407547719656,0.4665200747089134
2021-12-18,Alameda,001,1643700.0,3042214,7772,1876657,3722,930823,2206,127921,76,102159,1406,1379630,1430,1277471,1326,0.0621518525278335,0.8393441625600778,0.7771923100322443
2021-12-18,Alpine,003,1148.0,1777,0,64,0,1704,0,8,0,119,0,832,0,713,0,0.1036585365853658,0.7247386759581882,0.6210801393728222
2021-12-18,Amador,005,37829.0,49639,44,14407,5,33166,37,1772,0,3662,11,23506,11,19844,1,0.0968040392291628,0.6213751354780723,0.5245710962489095
2021-12-18,Butte,007,227075.0,257721,303,126286,142,118808,141,9612,3,10449,34,119974,35,109525,44,0.046015633601233,0.5283452603765276,0.4823296267752945
2021-12-18,Calaveras,009,45235.0,57925,66,24552,28,31462,37,1680,0,3917,14,27218,15,23301,7,0.0865922405217199,0.6017022217309606,0.5151099812092407
2021-12-18,Colusa,011,21464.0,26812,27,8048,8,17465,13,1099,0,1391,7,13421,7,12030,4,0.064806187103988,0.6252795378307864,0.5604733507267984
2021-12-18,Contra Costa,013,1133247.0,2136224,4748,1396367,2529,614351,1333,61901,37,61073,751,954904,758,893831,561,0.0538920464823643,0.8426265412571134,0.788734494774749
2021-12-18,Del Norte,015,27424.0,28950,26,11236,12,15771,14,1523,0,1682,4,13940,4,12258,6,0.061333138856476,0.5083138856476079,0.4469807467911318
2021-12-18,El Dorado,017,186661.0,268404,455,130534,184,124276,214,9663,12,11119,71,122656,74,111537,45,0.0595678797392063,0.6571056621361719,0.5975377823969656
2021-12-18,Fresno,019,978130.0,1310739,2215,719519,1044,523782,809,43247,44,67486,404,627052,417,559566,355,0.068994918875814,0.6410722501099035,0.5720773312340895
2021-12-18,Glenn,021,27897.0,33196,40,15372,24,15854,14,1676,0,1466,4,16009,4,14543,10,0.0525504534537763,0.5738609886367709,0.5213105351829946
2021-12-18,Humboldt,023,135768.0,201043,345,100733,190,86946,132,9100,9,8269,20,92806,21,84537,34,0.0609053679806729,0.6835631371162572,0.6226577691355842
2021-12-18,Imperial,025,180216.0,334643,242,172480,127,129858,64,20743,15,40621,84,181859,94,141238,71,0.2254017401340613,1.0091168375726904,0.7837150974386292
2021-12-18,Inyo,027,18085.0,26265,26,9758,9,15219,17,704,0,1291,4,11704,4,10413,1,0.0713851257948576,0.64716615980094,0.5757810340060824
2021-12-18,Kern,029,883053.0,1006431,1574,536520,730,411723,623,42052,29,55065,311,494607,323,439542,311,0.0623575255392371,0.5601102085605281,0.4977526830212909
2021-12-18,Kings,031,150075.0,143275,166,69908,79,64747,70,6628,2,8932,38,71214,39,62282,31,0.0595169082125603,0.4745227386306846,0.4150058304181243
2021-12-18,Lake,033,64148.0,77006,57,25987,18,47256,31,3378,2,4005,15,37294,17,33289,8,0.0624337469601546,0.581374321880651,0.5189405749204964
2021-12-18,Lassen,035,31185.0,18561,26,3559,7,13226,16,1696,0,955,4,9322,4,8367,7,0.0306236972903639,0.2989257655924323,0.2683020683020683
2021-12-18,Los Angeles,037,10098052.0,16167750,33931,8956004,15391,6328647,13219,581337,410,778823,5743,7613197,5866,6834374,5656,0.0771260635219545,0.7539272921153506,0.6768012285933961
2021-12-18,Madera,039,155013.0,181765,310,96971,162,74862,106,6916,3,9901,64,87817,64,77916,41,0.0638720623431583,0.5665137762639263,0.502641713920768
2021-12-18,Marin,041,260295.0,537158,1400,320804,707,180982,515,14838,23,17486,170,233411,183,215925,171,0.0671776253865806,0.8967171862694251,0.8295395608828444
2021-12-18,Mariposa,043,17540.0,19033,20,4367,3,13672,13,755,1,3441,9,10671,9,7230,6,0.1961801596351197,0.6083808437856328,0.4122006841505131
2021-12-18,Mendocino,045,87422.0,136637,111,73400,53,57187,44,4379,2,6974,36,63003,37,56029,21,0.0797739699389169,0.7206767175310562,0.6409027475921393
2021-12-18,Merced,047,269075.0,311264,406,187920,225,107901,139,11391,7,30795,119,159742,122,128947,80,0.1144476447087243,0.5936709095976959,0.4792232648889715
2021-12-18,Modoc,049,8938.0,8291,1,1429,1,6271,0,546,0,276,0,3857,0,3581,0,0.0308793913627209,0.4315283061087491,0.4006489147460282
2021-12-18,Mono,051,14174.0,21571,12,11964,10,8524,2,435,0,870,2,9698,2,8828,1,0.0613799915337942,0.6842105263157895,0.6228305347819952
2021-12-18,Monterey,053,433212.0,677164,1160,327578,560,309690,339,25449,10,33642,341,323159,346,289517,135,0.0776571286113958,0.7459604073756037,0.6683032787642078
2021-12-18,Napa,055,140530.0,246633,230,131056,107,104065,74,6820,3,11520,51,113191,51,101671,28,0.0819753789226499,0.8054579093432007,0.7234825304205508
2021-12-18,Nevada,057,99092.0,147290,243,77700,83,63186,112,3958,0,6687,56,66802,56,60115,39,0.0674827433092479,0.6741412021152061,0.6066584588059581
2021-12-18,Orange,059,3164182.0,5168844,11658,2920644,5286,2001398,4849,150827,103,199274,1732,2362502,1767,2163228,1467,0.0629780461427313,0.746639099773654,0.6836610536309227
2021-12-18,Placer,061,380077.0,601813,730,342969,264,229701,327,15647,11,20155,135,269855,142,249700,111,0.0530287283892474,0.7100008682451188,0.6569721398558713
2021-12-18,Plumas,063,18699.0,23545,16,3945,0,17856,16,1488,0,1003,2,10947,2,9944,0,0.0536392320444943,0.5854323760628911,0.5317931440183967
2021-12-18,Riverside,065,2383286.0,3158053,5566,1851111,2901,1173757,1729,89996,90,155053,1071,1503587,1111,1348534,992,0.0650584948680099,0.6308881938634305,0.5658296989954206
2021-12-18,Sacramento,067,1510023.0,2295409,4511,1296158,2089,883688,1647,63472,45,90701,711,1057098,740,966397,759,0.0600659725050545,0.7000542375844606,0.6399882650794061
2021-12-18,San Benito,069,59416.0,95984,167,52662,93,37579,47,3721,0,4578,33,45668,33,41090,27,0.0770499528746465,0.7686145146088595,0.691564561734213
2021-12-18,San Bernardino,071,2135413.0,2635055,4333,1593283,2388,926261,1336,79577,46,119126,771,1263875,800,1144749,748,0.055785929934865,0.5918644309086813,0.5360785009738163
2021-12-18,San Diego,073,3302833.0,5606050,11937,3045378,5436,2234127,4200,199939,148,366922,3131,2853477,4477,2486555,3222,0.1110931130941225,0.8639483134630179,0.7528552003688954
2021-12-18,San Francisco,075,870044.0,1746103,4484,1088043,2439,552810,1362,60868,26,54180,583,760394,595,706214,612,0.0622727126444179,0.8739718910767731,0.8116991784323552
2021-12-18,San Joaquin,077,732212.0,1010596,1239,584748,628,380358,477,29740,6,75802,337,500781,344,424979,207,0.1035246622562864,0.6839289713907993,0.5804043091345129
2021-12-18,San Luis Obispo,079,281455.0,419808,476,215361,187,182752,206,14839,8,18145,53,190277,57,172132,88,0.0644685651347462,0.6760476808015491,0.6115791156668029
2021-12-18,San Mateo,081,765935.0,1494785,5176,892001,2541,507122,1513,47524,13,53074,792,659492,795,606418,895,0.0692930862279436,0.861028677368184,0.7917355911402404
2021-12-18,Santa Barbara,083,443738.0,685143,940,398746,456,247671,351,26635,6,33684,198,323646,204,289962,101,0.07590965840203,0.7293628222058963,0.6534531638038662
2021-12-18,Santa Clara,085,1922200.0,3769887,10588,2327321,5757,1190289,2917,122071,85,110153,1281,1665863,1306,1555710,1548,0.0573056913952762,0.8666439496410363,0.8093382582457601
2021-12-18,Santa Cruz,087,273765.0,463420,751,222354,307,218553,421,11689,10,17229,78,210315,81,193086,33,0.0629335378883348,0.7682318777053312,0.7052983398169963
2021-12-18,Shasta,089,179085.0,185743,216,84895,92,89618,103,9466,8,10063,26,88953,28,78890,46,0.0561911941256945,0.4967082670240388,0.4405170728983443
2021-12-18,Sierra,091,2930.0,3739,1,513,0,3128,0,67,0,102,0,1651,0,1549,1,0.0348122866894198,0.563481228668942,0.5286689419795222
2021-12-18,Siskiyou,093,43540.0,47963,30,19631,10,26500,20,1438,0,2643,6,22526,6,19883,3,0.0607028020211299,0.5173633440514469,0.456660542030317
2021-12-18,Solano,095,438530.0,662130,845,370132,412,264013,333,17123,5,38418,137,314407,137,275989,90,0.0876063211182815,0.7169566506282352,0.6293503295099537
2021-12-18,Sonoma,097,501317.0,882555,2284,486278,925,352025,1049,25905,27,32881,286,396688,296,363807,265,0.0655892379472469,0.7912917375632583,0.7257024996160114
2021-12-18,Stanislaus,099,539301.0,682610,845,396062,475,257438,267,21126,11,50709,262,339964,270,289255,122,0.0940272686310613,0.6303789534972122,0.5363516848661508
2021-12-18,Sutter,101,95872.0,123162,192,53384,69,63677,82,5106,5,5669,55,59444,59,53775,34,0.0591309245660881,0.6200350467289719,0.5609041221628839
2021-12-18,Tehama,103,63373.0,59807,58,22481,20,34510,34,2371,0,2732,12,28598,12,25866,8,0.0431098417307055,0.451264734192795,0.4081548924620895
2021-12-18,Trinity,105,12862.0,13683,36,3164,10,9563,23,858,0,819,5,6520,5,5701,1,0.0636759446431348,0.5069196081480329,0.4432436635048981
2021-12-18,Tulare,107,460477.0,537913,964,322963,549,193931,294,14294,7,30841,214,260604,217,229763,180,0.0669762007657277,0.5659435759006421,0.4989673751349144
2021-12-18,Tuolumne,109,53932.0,67849,46,19645,8,46184,33,1508,3,4327,13,31459,14,27132,3,0.080230660832159,0.5833086108432841,0.5030779500111251
2021-12-18,Ventura,111,848112.0,1345831,2193,722824,948,556141,847,45028,30,51554,363,622898,372,571344,321,0.0607867828777331,0.7344525251381893,0.6736657422604562
2021-12-18,Yolo,113,214977.0,348229,434,173483,200,154807,215,9308,1,15197,67,160424,68,145227,44,0.0706912832535573,0.7462379696432642,0.6755466863897068
2021-12-18,Yuba,115,75493.0,78710,105,31854,33,41471,57,4453,0,3894,23,39110,23,35216,17,0.0515809412793239,0.518061277204509,0.4664803359251851
2021-12-17,Alameda,001,1643700.0,3034442,14306,1872935,7092,928617,4719,127845,169,102055,2057,1378200,2114,1276145,2022,0.0620885806412362,0.8384741741193649,0.7763855934781286
2021-12-17,Alpine,003,1148.0,1777,10,64,0,1704,10,8,0,119,4,832,4,713,0,0.1036585365853658,0.7247386759581882,0.6210801393728222
2021-12-17,Amador,005,37829.0,49595,113,14402,32,33129,72,1772,3,3652,21,23495,23,19843,12,0.0965396917708636,0.6210843532739433,0.5245446615030797
2021-12-17,Butte,007,227075.0,257418,839,126144,365,118667,425,9609,8,10458,104,119939,106,109481,89,0.0460552680832324,0.5281911262798635,0.4821358581966311
2021-12-17,Calaveras,009,45235.0,57859,168,24524,64,31425,94,1680,4,3909,32,27203,35,23294,13,0.0864153863159058,0.6013706200950591,0.5149552337791533
2021-12-17,Colusa,011,21464.0,26785,65,8040,24,17452,35,1099,0,1388,18,13414,18,12026,12,0.0646664181885948,0.6249534103615356,0.5602869921729408
2021-12-17,Contra Costa,013,1133247.0,2131476,8803,1393838,4659,613018,2705,61864,94,60876,1232,954146,1278,893270,1097,0.0537182097106809,0.8419576667752043,0.7882394570645235
2021-12-17,Del Norte,015,27424.0,28924,112,11224,32,15757,60,1523,1,1684,29,13936,29,12252,19,0.0614060676779463,0.5081680280046674,0.4467619603267211
2021-12-17,El Dorado,017,186661.0,267949,864,130350,365,124062,398,9651,12,11090,97,122582,99,111492,107,0.059412517880007,0.6567092215299393,0.5972967036499323
2021-12-17,Fresno,019,978130.0,1308524,4164,718475,1977,522973,1565,43203,67,67424,793,626635,819,559211,670,0.0689315326183636,0.6406459264105998,0.5717143937922362
2021-12-17,Glenn,021,27897.0,33156,127,15348,63,15840,51,1676,3,1472,18,16005,18,14533,18,0.0527655303437645,0.5737176040434455,0.520952073699681
2021-12-17,Humboldt,023,135768.0,200698,1087,100543,384,86814,539,9091,12,8282,114,92785,119,84503,154,0.0610011195568911,0.6834084614931354,0.6224073419362441
2021-12-17,Imperial,025,180216.0,334401,1035,172353,467,129794,344,20728,44,40598,352,181765,375,141167,193,0.2252741155058374,1.0085952412660364,0.7833211257601989
2021-12-17,Inyo,027,18085.0,26239,69,9749,13,15202,43,704,1,1288,14,11700,14,10412,11,0.0712192424661321,0.6469449820293061,0.5757257395631739
2021-12-17,Kern,029,883053.0,1004857,3692,535790,1751,411100,1397,42023,66,55053,678,494284,712,439231,622,0.0623439363209229,0.5597444321009045,0.4974004957799815
2021-12-17,Kings,031,150075.0,143109,382,69829,168,64677,176,6626,9,8924,75,71175,77,62251,78,0.059463601532567,0.4742628685657171,0.41479926703315
2021-12-17,Lake,033,64148.0,76949,128,25969,29,47225,79,3376,11,3996,10,37277,13,33281,21,0.062293446405188,0.5811093097212696,0.5188158633160815
2021-12-17,Lassen,035,31185.0,18535,58,3552,18,13210,31,1696,5,958,10,9318,12,8360,12,0.030719897386564,0.2987974987974988,0.2680776014109347
2021-12-17,Los Angeles,037,10098052.0,16133819,59220,8940613,27096,6315428,24428,580927,846,778613,9324,7607331,9691,6828718,8685,0.0771052674317779,0.7533463879964175,0.6762411205646396
2021-12-17,Madera,039,155013.0,181455,594,96809,262,74756,261,6913,4,9878,121,87753,123,77875,73,0.0637236876907098,0.5661009076658087,0.5023772199750989
2021-12-17,Marin,041,260295.0,535758,1958,320097,950,180467,825,14815,21,17474,201,233228,207,215754,182,0.0671315238479417,0.8960141378051826,0.8288826139572408
2021-12-17,Mariposa,043,17540.0,19013,45,4364,22,13659,21,754,0,3438,14,10662,14,7224,4,0.1960091220068415,0.6078677309007982,0.4118586088939566
2021-12-17,Mendocino,045,87422.0,136526,628,73347,369,57143,243,4377,8,6958,89,62966,93,56008,41,0.079590949646542,0.7202534831049393,0.6406625334583972
2021-12-17,Merced,047,269075.0,310858,741,187695,361,107762,294,11384,15,30753,225,159620,233,128867,132,0.114291554399331,0.5932175044132677,0.4789259500139366
2021-12-17,Modoc,049,8938.0,8290,6,1428,0,6271,6,546,0,276,1,3857,1,3581,1,0.0308793913627209,0.4315283061087491,0.4006489147460282
2021-12-17,Mono,051,14174.0,21559,63,11954,37,8522,20,435,0,869,9,9696,9,8827,6,0.0613094398193876,0.6840694228869761,0.6227599830675885
2021-12-17,Monterey,053,433212.0,676004,2249,327018,754,309351,1128,25439,23,33431,479,322813,485,289382,349,0.0771700691578257,0.7451617222052944,0.6679916530474687
2021-12-17,Napa,055,140530.0,246403,556,130949,292,103991,169,6817,11,11497,109,113140,115,101643,62,0.081811712801537,0.8050949975094286,0.7232832847078916
2021-12-17,Nevada,057,99092.0,147047,522,77617,169,63074,296,3958,8,6670,65,66746,68,60076,61,0.0673111855649295,0.6735760707221572,0.6062648851572277
2021-12-17,Orange,059,3164182.0,5157186,20889,2915358,9311,1996549,8570,150724,214,198974,2941,2360735,3027,2161761,2858,0.0628832349087378,0.7460806616054323,0.6831974266966945
2021-12-17,Placer,061,380077.0,601083,2428,342705,1127,229374,972,15636,24,20124,335,269713,346,249589,308,0.052947165969001,0.7096272597394738,0.6566800937704729
2021-12-17,Plumas,063,18699.0,23529,60,3945,11,17840,35,1488,2,1001,13,10945,13,9944,13,0.0535322744531793,0.585325418471576,0.5317931440183967
2021-12-17,Riverside,065,2383286.0,3152487,11374,1848210,5510,1172028,4355,89906,224,154934,2041,1502476,2112,1347542,1700,0.065008563806442,0.6304220307592123,0.5654134669527703
2021-12-17,Sacramento,067,1510023.0,2290898,9141,1294069,4165,882041,3527,63427,151,90720,1423,1056358,1486,965638,1351,0.0600785550948561,0.6995641788237663,0.63948562372891
2021-12-17,San Benito,069,59416.0,95817,340,52569,150,37532,152,3721,5,4572,56,45635,59,41063,46,0.0769489699744176,0.7680591086576006,0.6911101386831829
2021-12-17,San Bernardino,071,2135413.0,2630722,9827,1590895,5003,924925,3506,79531,123,119074,1668,1263075,1715,1144001,1481,0.0557615786735399,0.5914897961190646,0.5357282174455246
2021-12-17,San Diego,073,3302833.0,5594113,21244,3039942,9608,2229927,8447,199791,295,365667,4685,2849000,6846,2483333,4837,0.1107131362681673,0.8625928104751285,0.7518796742069611
2021-12-17,San Francisco,075,870044.0,1741619,8137,1085604,4377,551448,3098,60842,45,54197,815,759799,826,705602,678,0.0622922518861115,0.8732880176174999,0.8109957657313883
2021-12-17,San Joaquin,077,732212.0,1009357,3098,584120,1618,379881,1007,29734,48,75665,813,500437,836,424772,549,0.1033375579750127,0.6834591621005938,0.5801216041255811
2021-12-17,San Luis Obispo,079,281455.0,419332,1471,215174,707,182546,606,14831,18,18176,180,190220,185,172044,181,0.0645787070757314,0.6758451617487697,0.6112664546730383
2021-12-17,San Mateo,081,765935.0,1489609,6271,889460,3045,505609,2198,47511,68,53174,846,658697,870,605523,843,0.0694236456096143,0.8599907302839014,0.7905670846742869
2021-12-17,Santa Barbara,083,443738.0,684203,3008,398290,1423,247320,1262,26629,59,33581,447,323442,481,289861,359,0.0756775394489541,0.7289030914638819,0.6532255520149277
2021-12-17,Santa Clara,085,1922200.0,3759299,15753,2321564,8584,1187372,4744,121986,143,110395,1838,1664557,1895,1554162,2067,0.0574315888044948,0.8659645198210384,0.8085329310165436
2021-12-17,Santa Cruz,087,273765.0,462669,1596,222047,679,218132,802,11679,26,17181,193,210234,203,193053,127,0.0627582050298613,0.7679360035066571,0.7051777984767958
2021-12-17,Shasta,089,179085.0,185527,521,84803,188,89515,279,9458,14,10081,85,88925,92,78844,80,0.0562917050562582,0.4965519166876064,0.4402602116313482
2021-12-17,Sierra,091,2930.0,3738,2,513,0,3128,2,67,0,103,0,1651,0,1548,0,0.0351535836177474,0.563481228668942,0.5283276450511946
2021-12-17,Siskiyou,093,43540.0,47933,99,19621,25,26480,72,1438,2,2640,11,22520,11,19880,15,0.0606338998621956,0.5172255397335783,0.4565916398713826
2021-12-17,Solano,095,438530.0,661285,2226,369720,1108,263680,866,17118,28,38371,351,314270,362,275899,263,0.0874991448703623,0.7166442432672793,0.629145098396917
2021-12-17,Sonoma,097,501317.0,880271,3653,485353,1886,350976,1386,25878,52,32850,492,396392,508,363542,315,0.0655274008262237,0.7907012927947785,0.7251738919685549
2021-12-17,Stanislaus,099,539301.0,681765,1860,395587,830,257171,779,21115,38,50561,441,339694,469,289133,293,0.0937528393234946,0.6298783054361108,0.5361254661126161
2021-12-17,Sutter,101,95872.0,122970,427,53315,132,63595,251,5101,16,5644,68,59385,74,53741,60,0.0588701602136181,0.6194196428571429,0.5605494826435247
2021-12-17,Tehama,103,63373.0,59749,189,22461,55,34476,109,2371,3,2728,43,28586,44,25858,34,0.0430467233679958,0.451075379104666,0.4080286557366702
2021-12-17,Trinity,105,12862.0,13647,27,3154,9,9540,15,858,1,815,4,6515,4,5700,3,0.0633649510185041,0.5065308661172446,0.4431659150987405
2021-12-17,Tulare,107,460477.0,536949,1653,322414,926,193637,532,14287,20,30804,375,260387,386,229583,270,0.0668958493040911,0.5654723254364495,0.4985764761323584
2021-12-17,Tuolumne,109,53932.0,67803,222,19637,54,46151,156,1505,3,4316,45,31445,47,27129,13,0.0800267002892531,0.5830490246977675,0.5030223244085145
2021-12-17,Ventura,111,848112.0,1343638,4880,721876,2227,555294,1928,44998,80,51503,695,622526,725,571023,690,0.0607266493104684,0.7340139038240232,0.6732872545135549
2021-12-17,Yolo,113,214977.0,347795,1462,173283,697,154592,610,9307,13,15173,215,160356,220,145183,172,0.0705796434037129,0.7459216567353717,0.6753420133316588
2021-12-17,Yuba,115,75493.0,78605,224,31821,89,41414,113,4453,4,3888,47,39087,48,35199,28,0.0515014637118673,0.5177566131959255,0.4662551494840581
2021-12-16,Alameda,001,1643700.0,3020136,13524,1865843,7020,923898,4684,127676,220,101963,2198,1376086,2265,1274123,1044,0.0620326093569386,0.8371880513475695,0.7751554419906309
2021-12-16,Alpine,003,1148.0,1767,0,64,0,1694,0,8,0,115,0,828,0,713,0,0.1001742160278745,0.7212543554006968,0.6210801393728222
2021-12-16,Amador,005,37829.0,49482,100,14370,25,33057,70,1769,3,3641,22,23472,24,19831,8,0.0962489095667345,0.6204763541198551,0.5242274445531206
2021-12-16,Butte,007,227075.0,256579,823,125779,336,118242,378,9601,18,10441,122,119833,125,109392,90,0.045980402950567,0.5277243201585379,0.4817439172079709
2021-12-16,Calaveras,009,45235.0,57691,154,24460,57,31331,89,1676,3,3887,25,27168,27,23281,14,0.0859290372499171,0.6005968829446225,0.5146678456947055
2021-12-16,Colusa,011,21464.0,26720,80,8016,25,17417,53,1099,1,1382,11,13396,12,12014,11,0.0643868803578084,0.6241147968691763,0.5597279165113679
2021-12-16,Contra Costa,013,1133247.0,2122673,8777,1389179,4793,610313,2575,61770,116,60695,1395,952868,1428,892173,754,0.0535584916615706,0.8408299338096638,0.7872714421480931
2021-12-16,Del Norte,015,27424.0,28812,67,11192,16,15697,50,1522,1,1674,6,13907,7,12233,6,0.061041423570595,0.5071105600933489,0.4460691365227538
2021-12-16,El Dorado,017,186661.0,267085,919,129985,405,123664,436,9639,25,11098,99,122483,113,111385,68,0.0594553763239241,0.6561788482864659,0.5967234719625417
2021-12-16,Fresno,019,978130.0,1304360,4063,716498,1921,521408,1549,43136,100,67275,795,625816,828,558541,539,0.0687792011286843,0.6398086143968593,0.571029413268175
2021-12-16,Glenn,021,27897.0,33029,184,15285,47,15789,118,1673,2,1472,43,15987,44,14515,16,0.0527655303437645,0.573072373373481,0.5203068430297164
2021-12-16,Humboldt,023,135768.0,199611,804,100159,388,86275,296,9079,21,8317,78,92666,92,84349,125,0.0612589122620941,0.6825319662954452,0.621273054033351
2021-12-16,Imperial,025,180216.0,333366,1185,171886,527,129450,370,20684,54,40416,419,181390,451,140974,241,0.2242642162738047,1.0065144049362986,0.7822501886624939
2021-12-16,Inyo,027,18085.0,26170,73,9736,16,15159,56,703,1,1285,8,11686,9,10401,4,0.0710533591374067,0.6461708598285872,0.5751175006911805
2021-12-16,Kern,029,883053.0,1001165,2485,534039,1114,409703,1033,41957,58,54963,504,493572,525,438609,383,0.0622420171835665,0.5589381384809292,0.4966961212973627
2021-12-16,Kings,031,150075.0,142727,351,69661,151,64501,157,6617,12,8925,81,71098,86,62173,43,0.0594702648675662,0.4737497917707813,0.414279526903215
2021-12-16,Lake,033,64148.0,76821,233,25940,51,47146,143,3365,5,4004,56,37264,59,33260,23,0.0624181580096027,0.5809066533640955,0.5184884953544927
2021-12-16,Lassen,035,31185.0,18477,39,3534,8,13179,28,1691,2,958,3,9306,4,8348,8,0.030719897386564,0.2984126984126984,0.2676928010261343
2021-12-16,Los Angeles,037,10098052.0,16074599,51865,8913517,25492,6291000,21569,580081,1061,777607,8049,7597640,8471,6820033,5492,0.0770056442569319,0.7523866979492678,0.6753810536923359
2021-12-16,Madera,039,155013.0,180861,484,96547,214,74495,196,6909,2,9828,114,87630,116,77802,62,0.0634011340984304,0.5653074258288014,0.501906291730371
2021-12-16,Marin,041,260295.0,533800,1727,319147,886,179642,660,14794,18,17449,169,233021,174,215572,155,0.0670354789757774,0.8952188862636624,0.8281834072878849
2021-12-16,Mariposa,043,17540.0,18968,78,4342,17,13638,53,754,0,3428,32,10648,32,7220,17,0.1954389965792474,0.6070695553021664,0.411630558722919
2021-12-16,Mendocino,045,87422.0,135898,212,72978,66,56900,130,4369,7,6906,35,62873,40,55967,26,0.0789961336963235,0.71918967765551,0.6401935439591865
2021-12-16,Merced,047,269075.0,310117,807,187334,429,107468,281,11369,21,30652,257,159387,267,128735,133,0.1139161943695995,0.5923515748397287,0.4784353804701291
2021-12-16,Modoc,049,8938.0,8284,14,1428,3,6265,8,546,3,276,1,3856,4,3580,4,0.0308793913627209,0.4314164242559857,0.4005370328932647
2021-12-16,Mono,051,14174.0,21496,26,11917,14,8502,10,435,1,866,10,9687,11,8821,3,0.0610977846761676,0.6834344574573162,0.6223366727811486
2021-12-16,Monterey,053,433212.0,673755,1916,326264,836,308223,879,25416,41,33295,354,322328,370,289033,212,0.076856135102444,0.744042177963676,0.667186042861232
2021-12-16,Napa,055,140530.0,245847,686,130657,370,103822,207,6806,16,11444,97,113025,100,101581,74,0.0814345691311463,0.8042766669038639,0.7228420977727176
2021-12-16,Nevada,057,99092.0,146525,612,77448,257,62778,299,3950,8,6663,80,66678,86,60015,60,0.0672405441407984,0.6728898397448836,0.6056492956040851
2021-12-16,Orange,059,3164182.0,5136297,17639,2906047,8838,1987979,7020,150510,259,198805,2580,2357708,2680,2158903,1480,0.0628298245802548,0.7451240162544379,0.682294191674183
2021-12-16,Placer,061,380077.0,598655,2238,341578,1097,228402,893,15612,34,20086,299,269367,318,249281,194,0.0528471862280537,0.7087169178876912,0.6558697316596374
2021-12-16,Plumas,063,18699.0,23469,54,3934,10,17805,32,1486,2,1001,6,10932,6,9931,14,0.0535322744531793,0.5846301941280282,0.5310979196748489
2021-12-16,Riverside,065,2383286.0,3141113,9103,1842700,4564,1167673,3642,89682,196,154522,1614,1500364,1698,1345842,1000,0.0648356932403412,0.6295358593135696,0.5647001660732283
2021-12-16,Sacramento,067,1510023.0,2281757,7714,1289904,3813,878514,3060,63276,159,90585,1083,1054872,1173,964287,827,0.0599891524831078,0.6985800878529664,0.6385909353698586
2021-12-16,San Benito,069,59416.0,95477,311,52419,152,37380,139,3716,2,4559,50,45576,50,41017,37,0.0767301736905883,0.7670661101386832,0.6903359364480948
2021-12-16,San Bernardino,071,2135413.0,2620895,7618,1585892,4039,921419,2854,79408,168,118840,1275,1261360,1334,1142520,800,0.055651997997577,0.5906866727888235,0.5350346747912464
2021-12-16,San Diego,073,3302833.0,5572869,21281,3030334,10314,2221480,8019,199496,423,363658,4889,2842154,7271,2478496,4300,0.1101048705762598,0.8605200444588025,0.7504151738825426
2021-12-16,San Francisco,075,870044.0,1733482,7636,1081227,4173,548350,2910,60797,86,54049,742,758973,765,704924,510,0.062122145546662,0.8723386403446263,0.8102164947979642
2021-12-16,San Joaquin,077,732212.0,1006259,2538,582502,1393,378874,856,29686,35,75378,600,499601,621,424223,320,0.1029455949916144,0.6823174162674198,0.5793718212758053
2021-12-16,San Luis Obispo,079,281455.0,417861,1392,214467,513,181940,783,14813,20,18172,164,190035,171,171863,123,0.0645644952123785,0.6751878630686966,0.6106233678563181
2021-12-16,San Mateo,081,765935.0,1483338,6122,886415,3121,503411,2476,47443,89,53147,668,657827,689,604680,457,0.0693883945765632,0.8588548636633657,0.7894664690868024
2021-12-16,Santa Barbara,083,443738.0,681195,2306,396867,1234,246058,848,26570,37,33459,315,322961,327,289502,229,0.0754026024365729,0.727819118488838,0.652416516052265
2021-12-16,Santa Clara,085,1922200.0,3743546,14908,2312980,8581,1182628,4896,121843,220,110567,1831,1662662,1886,1552095,863,0.0575210696077411,0.8649786702736448,0.8074576006659037
2021-12-16,Santa Cruz,087,273765.0,461073,2002,221368,897,217330,1001,11653,35,17105,187,210031,194,192926,122,0.0624805946706116,0.7671944916260296,0.704713896955418
2021-12-16,Shasta,089,179085.0,185006,460,84615,201,89236,200,9444,18,10069,97,88833,108,78764,74,0.0562246977692157,0.4960381941536142,0.4398134963843985
2021-12-16,Sierra,091,2930.0,3736,23,513,4,3126,16,67,1,103,2,1651,2,1548,2,0.0351535836177474,0.563481228668942,0.5283276450511946
2021-12-16,Siskiyou,093,43540.0,47834,81,19596,22,26408,44,1436,2,2644,21,22509,22,19865,18,0.0607257694074414,0.5169728984841525,0.456247129076711
2021-12-16,Solano,095,438530.0,659059,1920,368612,1010,262814,748,17090,36,38272,273,313908,286,275636,172,0.0872733906460219,0.7158187581237315,0.6285453674777096
2021-12-16,Sonoma,097,501317.0,876618,3552,483467,1610,349590,1622,25826,75,32657,476,395884,499,363227,238,0.0651424148792081,0.7896879619083335,0.7245455470291253
2021-12-16,Stanislaus,099,539301.0,679905,1507,394757,707,256392,641,21077,44,50385,355,339225,379,288840,195,0.0934264909577397,0.629008661211457,0.5355821702537173
2021-12-16,Sutter,101,95872.0,122543,339,53183,100,63344,202,5085,10,5630,53,59311,56,53681,32,0.0587241321762349,0.6186477803738317,0.5599236481975968
2021-12-16,Tehama,103,63373.0,59560,204,22406,25,34367,173,2368,2,2718,22,28542,24,25824,16,0.0428889274612216,0.4503810771148596,0.407492149653638
2021-12-16,Trinity,105,12862.0,13620,17,3145,8,9525,8,857,1,814,2,6511,3,5697,1,0.0632872026123464,0.5062198724926139,0.4429326698802674
2021-12-16,Tulare,107,460477.0,535296,1505,321488,838,193105,508,14267,35,30688,361,260001,379,229313,185,0.066643936613555,0.5646340642420794,0.4979901276285243
2021-12-16,Tuolumne,109,53932.0,67581,162,19583,35,45995,121,1502,0,4282,29,31398,30,27116,10,0.0793962767929985,0.5821775569235333,0.5027812801305348
2021-12-16,Ventura,111,848112.0,1338758,4212,719649,2041,553366,1705,44918,105,51468,602,621801,642,570333,437,0.060685381176071,0.7331590638972211,0.67247368272115
2021-12-16,Yolo,113,214977.0,346333,1373,172586,644,153982,589,9294,20,15125,202,160136,208,145011,117,0.0703563637040241,0.7448982914451313,0.6745419277411072
2021-12-16,Yuba,115,75493.0,78381,236,31732,79,41301,127,4449,4,3868,61,39039,63,35171,26,0.051236538487012,0.5171207926562728,0.4658842541692607
2021-12-15,Alameda,001,1643700.0,3006612,14238,1858823,6838,919214,4758,127456,227,100742,1851,1373821,1918,1273079,2295,0.0612897730729451,0.8358100626635031,0.7745202895905579
2021-12-15,Alpine,003,1148.0,1767,0,64,0,1694,0,8,0,115,0,828,0,713,0,0.1001742160278745,0.7212543554006968,0.6210801393728222
2021-12-15,Amador,005,37829.0,49382,106,14345,18,32987,76,1766,2,3625,11,23448,12,19823,15,0.0958259536334558,0.6198419202199371,0.5240159665864813
2021-12-15,Butte,007,227075.0,255756,943,125443,471,117864,380,9583,29,10406,109,119708,121,109302,111,0.0458262688539028,0.5271738412418804,0.4813475723879775
2021-12-15,Calaveras,009,45235.0,57537,126,24403,49,31242,75,1673,0,3874,18,27141,19,23267,9,0.0856416491654692,0.6,0.5143583508345307
2021-12-15,Colusa,011,21464.0,26640,61,7991,20,17364,35,1098,1,1381,14,13384,15,12003,17,0.064340290719344,0.6235557212076034,0.5592154304882594
2021-12-15,Contra Costa,013,1133247.0,2113896,8962,1384386,4514,607738,2523,61654,133,60021,925,951440,964,891419,1855,0.0529637404731713,0.8395698378199986,0.7866060973468273
2021-12-15,Del Norte,015,27424.0,28745,135,11176,24,15647,88,1521,6,1673,23,13900,25,12227,21,0.0610049591598599,0.506855309218203,0.445850350058343
2021-12-15,El Dorado,017,186661.0,266166,778,129580,293,123228,340,9614,17,11053,91,122370,97,111317,145,0.0592142975768907,0.6555734727661375,0.5963591751892469
2021-12-15,Fresno,019,978130.0,1300297,4549,714577,1877,519859,1833,43036,129,66986,862,624988,911,558002,819,0.0684837393802459,0.6389621011521985,0.5704783617719527
2021-12-15,Glenn,021,27897.0,32845,102,15238,62,15671,25,1671,3,1444,24,15943,25,14499,26,0.0517618381904864,0.5714951428469011,0.5197333046564147
2021-12-15,Humboldt,023,135768.0,198807,681,99771,329,85979,263,9058,22,8350,97,92574,102,84224,72,0.0615019739555712,0.6818543397560545,0.6203523658004831
2021-12-15,Imperial,025,180216.0,332181,1239,171359,501,129080,462,20630,131,40206,370,180939,463,140733,353,0.2230989479291517,1.0040118524437345,0.7809129045145825
2021-12-15,Inyo,027,18085.0,26097,74,9720,4,15103,57,702,0,1280,12,11677,12,10397,14,0.0707768869228642,0.6456732098424108,0.5748963229195466
2021-12-15,Kern,029,883053.0,998680,2708,532925,1277,408670,1016,41899,68,54821,512,493047,535,438226,573,0.0620812114335153,0.5583436101796835,0.4962623987461681
2021-12-15,Kings,031,150075.0,142376,495,69510,189,64344,195,6605,56,8882,101,71012,127,62130,111,0.059183741462602,0.4731767449608529,0.4139930034982508
2021-12-15,Lake,033,64148.0,76588,240,25889,80,47003,148,3360,6,3968,31,37205,33,33237,17,0.0618569557897362,0.5799869052815364,0.5181299494918002
2021-12-15,Lassen,035,31185.0,18438,17,3526,4,13151,9,1689,4,962,2,9302,6,8340,6,0.0308481641814975,0.2982844316177649,0.2674362674362674
2021-12-15,Los Angeles,037,10098052.0,16022734,53776,8888025,25495,6269431,21353,579020,1097,774628,7932,7589169,8361,6814541,9523,0.0767106368634267,0.7515478232831441,0.6748371864197173
2021-12-15,Madera,039,155013.0,180377,630,96333,267,74299,249,6907,16,9774,100,87514,104,77740,154,0.0630527762187687,0.5645591014947133,0.5015063252759446
2021-12-15,Marin,041,260295.0,532073,2195,318261,1131,178982,719,14776,41,17430,220,232847,236,215417,345,0.0669624848729326,0.8945504139533991,0.8275879290804664
2021-12-15,Mariposa,043,17540.0,18890,34,4325,10,13585,22,754,1,3413,15,10616,16,7203,5,0.1945838084378563,0.6052451539338655,0.4106613454960091
2021-12-15,Mendocino,045,87422.0,135686,218,72912,87,56770,95,4362,8,6892,20,62833,24,55941,47,0.0788359909404955,0.7187321269245728,0.6398961359840772
2021-12-15,Merced,047,269075.0,309310,888,186905,418,107187,346,11348,37,30518,266,159120,288,128602,163,0.1134181919539162,0.5913592864442999,0.4779410944903837
2021-12-15,Modoc,049,8938.0,8270,30,1425,6,6257,22,543,1,276,5,3852,5,3576,1,0.0308793913627209,0.4309688968449317,0.4000895054822108
2021-12-15,Mono,051,14174.0,21470,25,11903,9,8492,12,434,1,858,0,9676,1,8818,5,0.0605333709609143,0.682658388598843,0.6221250176379286
2021-12-15,Monterey,053,433212.0,671839,2524,325428,1037,307344,1138,25375,30,33137,465,321958,473,288821,380,0.0764914175969271,0.7431880926659464,0.6666966750690193
2021-12-15,Napa,055,140530.0,245161,836,130287,420,103615,339,6790,16,11418,85,112925,92,101507,105,0.0812495552551056,0.8035650750729382,0.7223155198178325
2021-12-15,Nevada,057,99092.0,145913,457,77191,164,62479,276,3942,4,6637,44,66592,47,59955,51,0.0669781617083114,0.6720219593912727,0.6050437976829612
2021-12-15,Orange,059,3164182.0,5118658,18285,2897209,8590,1980959,7205,150251,300,197605,2273,2355028,2374,2157423,2672,0.0624505796442808,0.7442770358974294,0.6818264562531485
2021-12-15,Placer,061,380077.0,596417,2230,340481,1038,227509,853,15578,40,19962,256,269049,275,249087,355,0.052520936547068,0.7078802453187117,0.6553593087716436
2021-12-15,Plumas,063,18699.0,23415,80,3924,26,17773,43,1484,4,1009,14,10926,16,9917,15,0.0539601048184394,0.5843093213540831,0.5303492165356436
2021-12-15,Riverside,065,2383286.0,3132010,8715,1838136,4372,1164031,3141,89486,203,153824,1694,1498666,1808,1344842,1456,0.0645428202909764,0.6288233976115329,0.5642805773205566
2021-12-15,Sacramento,067,1510023.0,2274043,7946,1286091,3662,875454,3039,63117,170,90239,1019,1053699,1102,963460,1416,0.0597600169004048,0.6978032784931091,0.6380432615927042
2021-12-15,San Benito,069,59416.0,95166,478,52267,213,37241,144,3714,8,4546,117,45526,122,40980,85,0.0765113774067591,0.766224585970109,0.6897132085633499
2021-12-15,San Bernardino,071,2135413.0,2613277,7546,1581853,3860,918565,2712,79240,168,118306,1123,1260026,1205,1141720,1447,0.0554019292755078,0.5900619692771375,0.5346600400016297
2021-12-15,San Diego,073,3302833.0,5551588,21886,3020020,9752,2213461,8382,199073,451,360687,4671,2834883,7029,2474196,5683,0.1092053397795165,0.8583186010312964,0.7491132612517799
2021-12-15,San Francisco,075,870044.0,1725846,7560,1077054,3816,545440,2886,60711,79,53794,685,758208,715,704414,908,0.0618290569212591,0.8714593744684177,0.8096303175471585
2021-12-15,San Joaquin,077,732212.0,1003721,2868,581109,1463,378018,973,29651,50,75077,627,498980,651,423903,547,0.1025345118626845,0.6814693012406243,0.5789347893779397
2021-12-15,San Luis Obispo,079,281455.0,416469,1468,213954,612,181157,605,14793,33,18124,226,189864,239,171740,221,0.0643939528521433,0.6745803059103587,0.6101863530582153
2021-12-15,San Mateo,081,765935.0,1477216,5968,883294,2997,500935,2021,47354,78,52915,725,657138,742,604223,857,0.0690854968110871,0.8579553095236541,0.788869812712567
2021-12-15,Santa Barbara,083,443738.0,678889,2255,395633,1167,245210,748,26533,35,33361,382,322634,399,289273,353,0.0751817513938405,0.7270821971523737,0.6519004457585332
2021-12-15,Santa Clara,085,1922200.0,3728638,16998,2304399,9535,1177732,4928,121623,212,109544,1797,1660776,1846,1551232,2127,0.056988866923317,0.8639975028613047,0.8070086359379878
2021-12-15,Santa Cruz,087,273765.0,459071,1898,220471,717,216329,1019,11618,17,17033,183,209837,188,192804,189,0.0622175953829013,0.7664858546563659,0.7042682592734645
2021-12-15,Shasta,089,179085.0,184546,475,84414,146,89036,270,9426,30,10035,59,88725,67,78690,71,0.056034843789262,0.495435128570232,0.4394002847809699
2021-12-15,Sierra,091,2930.0,3713,27,509,1,3110,26,66,0,103,4,1649,4,1546,3,0.0351535836177474,0.5627986348122866,0.5276450511945392
2021-12-15,Siskiyou,093,43540.0,47753,63,19574,23,26364,36,1434,4,2640,12,22487,15,19847,12,0.0606338998621956,0.5164676159853009,0.4558337161231052
2021-12-15,Solano,095,438530.0,657139,2141,367602,1039,262066,729,17054,52,38158,296,313622,317,275464,433,0.0870134312361754,0.7151665792534149,0.6281531480172394
2021-12-15,Sonoma,097,501317.0,873066,3612,481857,1750,347968,1410,25751,57,32396,411,395385,427,362989,508,0.0646217862151094,0.7886925837344435,0.7240707975193341
2021-12-15,Stanislaus,099,539301.0,678398,1827,394050,802,255751,825,21033,32,50201,418,338846,435,288645,299,0.0930853085753595,0.6283058996738371,0.5352205910984775
2021-12-15,Sutter,101,95872.0,122204,352,53083,114,63142,200,5075,11,5606,58,59255,60,53649,52,0.0584737983978638,0.618063668224299,0.5595898698264352
2021-12-15,Tehama,103,63373.0,59356,210,22381,104,34194,84,2366,4,2710,38,28518,42,25808,32,0.0427626907358023,0.4500023669386016,0.4072396762027993
2021-12-15,Trinity,105,12862.0,13603,9,3137,8,9517,1,856,0,812,1,6508,1,5696,2,0.0631317058000311,0.5059866272741409,0.4428549214741097
2021-12-15,Tulare,107,460477.0,533791,1387,320650,748,192597,423,14232,32,30494,315,259622,332,229128,319,0.0662226343552446,0.5638110046755864,0.4975883703203417
2021-12-15,Tuolumne,109,53932.0,67419,145,19548,33,45874,101,1502,0,4262,28,31368,29,27106,16,0.0790254394422606,0.5816213008974264,0.5025958614551658
2021-12-15,Ventura,111,848112.0,1334546,4193,717608,1874,551661,1766,44813,105,51263,509,621159,555,569896,626,0.060443667817458,0.7324020884034184,0.6719584205859603
2021-12-15,Yolo,113,214977.0,344960,1180,171942,573,153393,484,9274,14,15034,165,159928,172,144894,165,0.0699330626066974,0.7439307460798132,0.6739976834731157
2021-12-15,Yuba,115,75493.0,78145,274,31653,90,41174,152,4445,11,3831,45,38976,50,35145,39,0.0507464268210297,0.5162862781979786,0.4655398513769488
2021-12-14,Alameda,001,1643700.0,2992374,14378,1851985,6870,914456,4310,127229,251,101119,1402,1371903,1475,1270784,3154,0.0615191336618604,0.8346431830626027,0.7731240494007422
2021-12-14,Alpine,003,1148.0,1767,0,64,0,1694,0,8,0,115,0,828,0,713,0,0.1001742160278745,0.7212543554006968,0.6210801393728222
2021-12-14,Amador,005,37829.0,49276,78,14327,19,32911,49,1764,3,3628,16,23436,18,19808,11,0.0959052578709455,0.6195247032699781,0.5236194453990325
2021-12-14,Butte,007,227075.0,254813,849,124972,257,117484,391,9554,20,10396,109,119587,119,109191,226,0.0457822305405703,0.526640977650556,0.4808587471099856
2021-12-14,Calaveras,009,45235.0,57411,103,24354,42,31167,50,1673,2,3864,24,27122,26,23258,9,0.0854205814082016,0.5995799712611916,0.5141593898529899
2021-12-14,Colusa,011,21464.0,26579,83,7971,22,17329,60,1097,0,1383,18,13369,18,11986,12,0.0644334699962728,0.6228568766306374,0.5584234066343645
2021-12-14,Contra Costa,013,1133247.0,2104934,8835,1379872,4623,605215,2533,61521,166,60912,885,950476,927,889564,1568,0.0537499768364707,0.8387191847849587,0.7849692079484878
2021-12-14,Del Norte,015,27424.0,28610,107,11152,38,15559,39,1515,19,1669,9,13875,21,12206,36,0.0608591015169194,0.5059436989498249,0.4450845974329054
2021-12-14,El Dorado,017,186661.0,265388,733,129287,286,122888,324,9597,23,11101,82,122273,89,111172,116,0.059471448240393,0.6550538141336434,0.5955823658932503
2021-12-14,Fresno,019,978130.0,1295748,4300,712700,1824,518026,1627,42907,96,66894,749,624077,778,557183,979,0.0683896823530614,0.6380307321112736,0.5696410497582121
2021-12-14,Glenn,021,27897.0,32743,205,15176,72,15646,108,1668,16,1445,37,15918,44,14473,19,0.0517976843388178,0.5705989891386171,0.5188013047997992
2021-12-14,Humboldt,023,135768.0,198126,665,99442,246,85716,262,9036,18,8320,81,92472,90,84152,152,0.0612810087796829,0.6811030581580343,0.6198220493783513
2021-12-14,Imperial,025,180216.0,330942,1603,170858,790,128618,415,20499,81,40096,538,180476,593,140380,465,0.2224885692724286,1.001442713188618,0.7789541439161894
2021-12-14,Inyo,027,18085.0,26023,61,9716,9,15046,48,702,3,1282,15,11665,15,10383,5,0.0708874758086812,0.645009676527509,0.5741222007188278
2021-12-14,Kern,029,883053.0,995972,2483,531648,1221,407654,889,41831,74,54859,449,492512,478,437653,626,0.0621242439581769,0.5577377575298424,0.4956135135716655
2021-12-14,Kings,031,150075.0,141881,385,69321,171,64149,153,6549,8,8866,61,70885,64,62019,103,0.0590771281026153,0.4723305014159586,0.4132533733133433
2021-12-14,Lake,033,64148.0,76348,243,25809,73,46855,154,3354,3,3952,40,37172,40,33220,30,0.0616075325809066,0.5794724699133255,0.5178649373324188
2021-12-14,Lassen,035,31185.0,18421,6,3522,2,13142,4,1685,0,962,1,9296,1,8334,2,0.0308481641814975,0.2980920314253648,0.2672438672438672
2021-12-14,Los Angeles,037,10098052.0,15968958,51774,8862530,24114,6248078,20708,577923,1054,775790,7455,7580808,7898,6805018,9642,0.0768257085624039,0.7507198418071129,0.6738941332447089
2021-12-14,Madera,039,155013.0,179747,829,96066,360,74050,222,6891,19,9824,221,87410,233,77586,214,0.0633753298110481,0.5638881900227722,0.5005128602117241
2021-12-14,Marin,041,260295.0,529878,2483,317130,1179,178263,942,14735,37,17539,205,232611,213,215072,357,0.0673812405155688,0.8936437503601683,0.8262625098445994
2021-12-14,Mariposa,043,17540.0,18856,21,4315,3,13563,14,753,0,3402,6,10600,6,7198,7,0.1939566704675028,0.6043329532497149,0.4103762827822121
2021-12-14,Mendocino,045,87422.0,135468,555,72825,229,56675,272,4354,13,6915,85,62809,87,55894,58,0.0790990826107844,0.7184575964860104,0.6393585138752259
2021-12-14,Merced,047,269075.0,308422,901,186487,477,106841,308,11311,23,30393,272,158832,288,128439,171,0.1129536374616742,0.5902889528941745,0.4773353154325002
2021-12-14,Modoc,049,8938.0,8240,12,1419,1,6235,10,542,0,272,1,3847,1,3575,2,0.030431863951667,0.4304094875811143,0.3999776236294473
2021-12-14,Mono,051,14174.0,21445,11,11894,6,8480,5,433,0,862,0,9675,0,8813,1,0.0608155778185409,0.6825878368844362,0.6217722590658953
2021-12-14,Monterey,053,433212.0,669315,2427,324391,920,306206,1077,25345,57,33044,457,321485,484,288441,463,0.0762767421031735,0.7420962484880382,0.6658195063848646
2021-12-14,Napa,055,140530.0,244325,660,129867,348,103276,211,6774,8,11431,82,112833,87,101402,107,0.081342062193126,0.8029104105884864,0.7215683483953604
2021-12-14,Nevada,057,99092.0,145456,413,77027,161,62203,232,3938,5,6641,36,66545,37,59904,39,0.0670185282363863,0.6715476526863925,0.6045291244500061
2021-12-14,Orange,059,3164182.0,5100373,17029,2888619,7808,1973754,6903,149951,294,197903,2106,2352654,2218,2154751,2576,0.062544758803381,0.7435267629990943,0.6809820041957131
2021-12-14,Placer,061,380077.0,594187,2279,339443,1038,226656,878,15538,36,20042,249,268774,259,248732,376,0.0527314202122201,0.7071567077197515,0.6544252875075314
2021-12-14,Plumas,063,18699.0,23335,8,3898,1,17730,7,1480,0,1008,0,10910,0,9902,3,0.0539066260227819,0.5834536606235627,0.5295470346007808
2021-12-14,Riverside,065,2383286.0,3123295,8605,1833764,4365,1160890,3115,89283,183,153472,1520,1496858,1613,1343386,1589,0.0643951250500359,0.6280647811467025,0.5636696560966665
2021-12-14,Sacramento,067,1510023.0,2266097,8080,1282429,3871,872415,2868,62947,185,90553,1010,1052597,1087,962044,1552,0.0599679607529156,0.6970734882846156,0.6371055275316998
2021-12-14,San Benito,069,59416.0,94688,307,52054,116,37097,144,3706,12,4509,48,45404,51,40895,55,0.0758886495220142,0.7641712669987882,0.6882826174767739
2021-12-14,San Bernardino,071,2135413.0,2605731,6913,1577993,3483,915853,2450,79072,165,118548,1000,1258821,1072,1140273,1459,0.0555152562993669,0.5894976756252772,0.5339824193259103
2021-12-14,San Diego,073,3302833.0,5529702,19846,3010268,9471,2205079,6937,198622,455,359341,4252,2827854,6420,2468513,5217,0.1087978108490499,0.8561904280355682,0.7473926171865184
2021-12-14,San Francisco,075,870044.0,1718286,7797,1073238,4236,542554,2733,60632,119,53987,729,757493,751,703506,868,0.0620508847828385,0.8706375769501312,0.8085866921672927
2021-12-14,San Joaquin,077,732212.0,1000853,2977,579646,1320,377045,1211,29601,44,74973,753,498329,779,423356,599,0.1023924764958782,0.6805802144734039,0.5781877379775257
2021-12-14,San Luis Obispo,079,281455.0,415001,1295,213342,592,180552,464,14760,48,18106,176,189625,189,171519,199,0.0643299994670551,0.6737311470750209,0.6094011476079657
2021-12-14,San Mateo,081,765935.0,1471248,6161,880297,3211,498914,2256,47276,69,53030,609,656396,625,603366,757,0.0692356401000084,0.856986558911657,0.7877509188116485
2021-12-14,Santa Barbara,083,443738.0,676634,2144,394466,1179,244462,724,26498,31,33315,304,322235,314,288920,332,0.0750780866186803,0.7261830179069632,0.6511049312882827
2021-12-14,Santa Clara,085,1922200.0,3711640,16785,2294864,8899,1172804,5458,121411,186,109825,1749,1658930,1792,1549105,2184,0.0571350535844345,0.8630371449380918,0.8059020913536573
2021-12-14,Santa Cruz,087,273765.0,457173,1950,219754,840,215310,773,11601,20,17034,233,209649,245,192615,330,0.0622212481507862,0.7657991342940113,0.703577886143225
2021-12-14,Shasta,089,179085.0,184071,529,84268,220,88766,256,9396,25,10039,62,88658,75,78619,104,0.0560571795516095,0.4950610045509115,0.439003824999302
2021-12-14,Sierra,091,2930.0,3686,0,508,0,3084,0,66,0,102,0,1645,0,1543,0,0.0348122866894198,0.5614334470989761,0.5266211604095563
2021-12-14,Siskiyou,093,43540.0,47690,161,19551,39,26328,104,1430,7,2637,20,22472,21,19835,28,0.0605649977032613,0.5161231051906293,0.4555581074873679
2021-12-14,Solano,095,438530.0,654998,1960,366563,1007,261337,612,17002,34,38274,314,313305,327,275031,377,0.0872779513374227,0.7144437096663854,0.6271657583289627
2021-12-14,Sonoma,097,501317.0,869454,3810,480107,1687,346558,1562,25694,67,32477,430,394958,451,362481,615,0.0647833606281055,0.7878408272609946,0.723057466632889
2021-12-14,Stanislaus,099,539301.0,676571,1847,393248,1127,254926,504,21001,35,50065,470,338411,497,288346,324,0.0928331302927307,0.6274993000198404,0.5346661697271097
2021-12-14,Sutter,101,95872.0,121852,437,52969,140,62942,223,5064,14,5598,85,59195,92,53597,77,0.0583903538050734,0.6174378337783711,0.5590474799732977
2021-12-14,Tehama,103,63373.0,59146,156,22277,47,34110,83,2362,13,2700,35,28476,42,25776,38,0.0426048948290281,0.44933962413015,0.4067347293011219
2021-12-14,Trinity,105,12862.0,13594,36,3129,12,9516,19,856,2,813,4,6507,5,5694,5,0.0632094542061887,0.5059088788679832,0.4426994246617944
2021-12-14,Tulare,107,460477.0,532404,1490,319902,947,192174,388,14200,17,30481,292,259290,301,228809,316,0.0661944027606156,0.563090013181983,0.4968956104213674
2021-12-14,Tuolumne,109,53932.0,67274,134,19515,33,45773,94,1502,3,4249,29,31339,29,27090,15,0.0787843951642809,0.5810835867388563,0.5022991915745754
2021-12-14,Ventura,111,848112.0,1330353,4290,715734,1862,549895,1762,44708,108,51334,532,620604,568,569270,683,0.0605273831758069,0.7317476937008319,0.671220310525025
2021-12-14,Yolo,113,214977.0,343780,1175,171369,516,152909,503,9260,7,15027,176,159756,176,144729,190,0.0699005009838261,0.7431306604892617,0.6732301595054354
2021-12-14,Yuba,115,75493.0,77871,251,31563,68,41022,140,4434,11,3820,48,38926,51,35106,50,0.0506007179473593,0.5156239651358404,0.465023247188481
2021-12-13,Alameda,001,1643700.0,2977996,11205,1845115,5561,910146,3663,126978,212,102798,1265,1370428,1311,1267630,2004,0.062540609600292,0.8337458173632658,0.7712052077629737
2021-12-13,Alpine,003,1148.0,1767,0,64,0,1694,0,8,0,115,0,828,0,713,0,0.1001742160278745,0.7212543554006968,0.6210801393728222
2021-12-13,Amador,005,37829.0,49198,80,14308,17,32862,59,1761,1,3621,22,23418,22,19797,13,0.0957202146501361,0.6190488778450395,0.5233286631949033
2021-12-13,Butte,007,227075.0,253964,742,124715,261,117093,437,9534,14,10503,78,119468,84,108965,90,0.0462534404932291,0.5261169217218981,0.4798634812286689
2021-12-13,Calaveras,009,45235.0,57308,162,24312,68,31117,85,1671,3,3847,36,27096,38,23249,23,0.0850447662208467,0.5990051950922958,0.5139604288714491
2021-12-13,Colusa,011,21464.0,26496,53,7949,15,17269,30,1097,4,1377,6,13351,8,11974,14,0.0641539321654864,0.622018263138278,0.5578643309727916
2021-12-13,Contra Costa,013,1133247.0,2096099,7218,1375249,3946,602682,2197,61355,144,61553,717,949549,786,887996,1204,0.0543156081595627,0.8379011812958693,0.7835855731363066
2021-12-13,Del Norte,015,27424.0,28503,45,11114,13,15520,21,1496,3,1684,6,13854,6,12170,14,0.0614060676779463,0.5051779463243874,0.4437718786464411
2021-12-13,El Dorado,017,186661.0,264655,920,129001,329,122564,420,9574,17,11128,131,122184,135,111056,159,0.059616095488613,0.6545770139450662,0.5949609184564532
2021-12-13,Fresno,019,978130.0,1291448,4046,710876,1861,516399,1439,42811,119,67095,718,623299,752,556204,848,0.0685951765102798,0.6372353368161696,0.5686401603058898
2021-12-13,Glenn,021,27897.0,32538,49,15104,26,15538,21,1652,0,1420,13,15874,13,14454,8,0.0509015306305337,0.5690217586120372,0.5181202279815034
2021-12-13,Humboldt,023,135768.0,197461,528,99196,249,85454,211,9018,18,8382,74,92382,82,84000,82,0.0617376701431854,0.6804401626303694,0.618702492487184
2021-12-13,Imperial,025,180216.0,329339,1214,170068,600,128203,311,20418,86,39968,436,179883,495,139915,345,0.2217783104718781,0.998152217339193,0.7763739068673148
2021-12-13,Inyo,027,18085.0,25962,56,9707,8,14998,47,699,1,1272,2,11650,2,10378,7,0.0703345313795963,0.6441802598838817,0.5738457285042853
2021-12-13,Kern,029,883053.0,993489,2714,530427,1206,406765,1088,41757,78,55007,492,492034,518,437027,643,0.0622918443173852,0.5571964536669939,0.4949046093496086
2021-12-13,Kings,031,150075.0,141496,479,69150,228,63996,177,6541,16,8905,82,70821,88,61916,123,0.0593369981675828,0.471904047976012,0.4125670498084291
2021-12-13,Lake,033,64148.0,76105,119,25736,28,46701,80,3351,4,3942,9,37132,10,33190,23,0.0614516430753881,0.5788489118912514,0.5173972688158633
2021-12-13,Lassen,035,31185.0,18415,32,3520,8,13138,21,1685,2,963,7,9295,8,8332,13,0.0308802308802308,0.2980599647266314,0.2671797338464005
2021-12-13,Los Angeles,037,10098052.0,15917184,54468,8838416,25008,6227370,22052,576869,1077,777534,7613,7572910,8015,6795376,10153,0.0769984151398705,0.749937710758471,0.6729392956186006
2021-12-13,Madera,039,155013.0,178918,384,95706,168,73828,160,6872,17,9805,60,87177,65,77372,80,0.0632527594459819,0.5623850902827505,0.4991323308367685
2021-12-13,Marin,041,260295.0,527395,1622,315951,698,177321,680,14698,32,17683,143,232398,151,214715,230,0.0679344589792351,0.8928254480493286,0.8248909890700935
2021-12-13,Mariposa,043,17540.0,18835,24,4312,6,13549,15,753,0,3403,10,10594,10,7191,2,0.1940136830102622,0.6039908779931585,0.4099771949828962
2021-12-13,Mendocino,045,87422.0,134913,416,72596,225,56403,169,4341,8,6886,54,62722,59,55836,154,0.0787673583308549,0.7174624236462218,0.6386950653153668
2021-12-13,Merced,047,269075.0,307521,906,186010,464,106533,276,11288,36,30276,261,158544,278,128268,195,0.1125188144569358,0.5892186193440491,0.4766998048871133
2021-12-13,Modoc,049,8938.0,8228,14,1418,1,6225,11,542,2,273,1,3846,1,3573,3,0.0305437458044305,0.4302976057283508,0.3997538599239203
2021-12-13,Mono,051,14174.0,21434,22,11888,10,8475,9,433,3,863,1,9675,2,8812,2,0.0608861295329476,0.6825878368844362,0.6217017073514887
2021-12-13,Monterey,053,433212.0,666888,2092,323471,739,305129,993,25288,18,33023,365,321001,371,287978,441,0.0762282669916807,0.7409790125850623,0.6647507455933815
2021-12-13,Napa,055,140530.0,243665,670,129519,328,103065,265,6766,14,11451,66,112746,71,101295,93,0.0814843805593111,0.802291325695581,0.7208069451362699
2021-12-13,Nevada,057,99092.0,145043,590,76866,348,61971,220,3933,6,6643,64,66508,65,59865,66,0.0670387115004238,0.6711742623016994,0.6041355508012756
2021-12-13,Orange,059,3164182.0,5083344,18902,2880811,8501,1966851,7719,149657,299,198261,2268,2350436,2404,2152175,3142,0.06265790020928,0.7428257919424357,0.6801678917331557
2021-12-13,Placer,061,380077.0,591908,2122,338405,839,225778,811,15502,40,20159,247,268515,266,248356,456,0.053039252572505,0.7064752668538217,0.6534360142813167
2021-12-13,Plumas,063,18699.0,23327,108,3897,7,17723,95,1480,5,1011,5,10910,5,9899,5,0.0540670624097545,0.5834536606235627,0.5293865982138082
2021-12-13,Riverside,065,2383286.0,3114690,9301,1829399,4559,1157775,3402,89100,210,153448,1524,1495245,1622,1341797,1846,0.0643850549199718,0.627387984488643,0.5630029295686712
2021-12-13,Sacramento,067,1510023.0,2258017,7970,1278558,3635,869547,2756,62762,193,91018,1011,1051510,1073,960492,1794,0.0602759030822709,0.6963536316996496,0.6360777286173787
2021-12-13,San Benito,069,59416.0,94381,358,51938,178,36953,93,3694,3,4513,63,45353,65,40840,88,0.0759559714555002,0.7633129123468426,0.6873569408913424
2021-12-13,San Bernardino,071,2135413.0,2598818,7437,1574510,3729,913403,2618,78907,194,118935,1162,1257749,1231,1138814,1539,0.055696485878844,0.5889956650071907,0.5332991791283466
2021-12-13,San Diego,073,3302833.0,5509856,19303,3000797,8965,2198142,7311,198167,348,358138,3966,2821434,5839,2463296,4808,0.1084335780828155,0.8542466422008016,0.745813064117986
2021-12-13,San Francisco,075,870044.0,1710489,7422,1069002,3767,539821,2777,60513,59,54104,643,756742,657,702638,963,0.0621853607403763,0.8697744022141409,0.8075890414737645
2021-12-13,San Joaquin,077,732212.0,997876,2981,578326,1282,375834,1231,29557,60,74793,803,497550,831,422757,565,0.1021466460533288,0.6795163149470372,0.5773696688937083
2021-12-13,San Luis Obispo,079,281455.0,413706,1535,212750,829,180088,530,14712,38,18116,151,189436,162,171320,220,0.0643655291254374,0.6730596365315947,0.6086941074061573
2021-12-13,San Mateo,081,765935.0,1465087,4267,877086,1922,496658,1405,47207,59,53162,628,655771,645,602609,731,0.0694079784838139,0.8561705627762147,0.7867625842924008
2021-12-13,Santa Barbara,083,443738.0,674490,2252,393287,1158,243738,753,26467,44,33333,400,321921,421,288588,353,0.0751186510959169,0.7254753931373918,0.650356742041475
2021-12-13,Santa Clara,085,1922200.0,3694855,14241,2285965,7350,1167346,4612,121225,175,110217,1413,1657138,1453,1546921,2165,0.0573389865778795,0.8621048798252003,0.8047658932473207
2021-12-13,Santa Cruz,087,273765.0,455223,1412,218914,489,214537,660,11581,20,17119,143,209404,154,192285,275,0.0625317334209997,0.7649042061622194,0.7023724727412196
2021-12-13,Shasta,089,179085.0,183542,460,84048,206,88510,207,9371,17,10068,57,88583,59,78515,92,0.0562191138286288,0.4946422090068961,0.4384230951782673
2021-12-13,Sierra,091,2930.0,3686,10,508,2,3084,0,66,0,102,3,1645,3,1543,5,0.0348122866894198,0.5614334470989761,0.5266211604095563
2021-12-13,Siskiyou,093,43540.0,47529,114,19512,30,26224,67,1423,12,2644,17,22451,23,19807,27,0.0607257694074414,0.5156407900780892,0.4549150206706477
2021-12-13,Solano,095,438530.0,653038,1766,365556,797,260725,618,16968,31,38324,273,312978,285,274654,413,0.0873919686224431,0.713698036622352,0.6263060679999087
2021-12-13,Sonoma,097,501317.0,865644,2566,478420,1380,344996,718,25627,50,32641,314,394507,328,361866,452,0.0651104989457768,0.7869411968873986,0.7218306979416218
2021-12-13,Stanislaus,099,539301.0,674724,1823,392121,1000,254422,576,20966,46,49892,476,337914,500,288022,335,0.0925123446832103,0.6265777367369985,0.5340653920537881
2021-12-13,Sutter,101,95872.0,121415,367,52829,174,62719,165,5050,8,5583,46,59103,49,53520,46,0.0582338951935914,0.6164782209612817,0.5582443257676902
2021-12-13,Tehama,103,63373.0,58990,129,22230,53,34027,57,2349,6,2696,25,28434,28,25738,34,0.0425417764663184,0.4486768813216985,0.40613510485538
2021-12-13,Trinity,105,12862.0,13558,14,3117,8,9497,4,854,2,813,2,6502,2,5689,1,0.0632094542061887,0.5055201368371949,0.4423106826310061
2021-12-13,Tulare,107,460477.0,530914,1404,318955,732,191786,433,14183,24,30496,302,258989,316,228493,391,0.0662269776774952,0.5624363431832643,0.496209365505769
2021-12-13,Tuolumne,109,53932.0,67140,169,19482,26,45679,134,1499,4,4235,29,31310,30,27075,12,0.0785248090187643,0.5805458725802863,0.5020210635615219
2021-12-13,Ventura,111,848112.0,1326063,4353,713872,1881,548133,1879,44600,92,51449,536,620036,575,568587,737,0.0606629784745411,0.7310779708340408,0.6704149923594996
2021-12-13,Yolo,113,214977.0,342605,1368,170853,616,152406,542,9253,29,15041,169,159580,181,144539,259,0.0699656242295687,0.7423119682570694,0.6723463440275006
2021-12-13,Yuba,115,75493.0,77620,238,31495,79,40882,111,4423,12,3819,47,38875,52,35056,61,0.0505874716861165,0.5149484058124595,0.4643609341263428
2021-12-12,Alameda,001,1643700.0,2966791,3737,1839554,1671,906483,1228,126766,44,103491,363,1369117,384,1265626,875,0.0629622193830991,0.8329482265620247,0.7699860071789256
2021-12-12,Alpine,003,1148.0,1767,0,64,0,1694,0,8,0,115,0,828,0,713,0,0.1001742160278745,0.7212543554006968,0.6210801393728222
2021-12-12,Amador,005,37829.0,49118,37,14291,4,32803,28,1760,3,3612,8,23396,8,19784,5,0.0954823019376668,0.6184673134367813,0.5229850114991145
2021-12-12,Butte,007,227075.0,253222,173,124454,77,116656,65,9520,4,10509,32,119384,35,108875,29,0.0462798634812286,0.5257469998899043,0.4794671364086755
2021-12-12,Calaveras,009,45235.0,57146,44,24244,25,31032,19,1668,0,3832,7,27058,7,23226,3,0.0847131645849452,0.5981651376146789,0.5134519730297337
2021-12-12,Colusa,011,21464.0,26443,44,7934,17,17239,21,1093,2,1383,7,13343,9,11960,14,0.0644334699962728,0.6216455460305628,0.55721207603429
2021-12-12,Contra Costa,013,1133247.0,2088881,2404,1371303,1135,600485,688,61211,22,61971,236,948763,244,886792,617,0.0546844597867896,0.837207599049457,0.7825231392626674
2021-12-12,Del Norte,015,27424.0,28458,4,11101,0,15499,4,1493,0,1692,2,13848,2,12156,1,0.0616977829638273,0.5049591598599766,0.4432613768961493
2021-12-12,El Dorado,017,186661.0,263735,259,128672,108,122144,123,9557,8,11152,37,122049,40,110897,31,0.0597446708203641,0.653853777703966,0.5941091068836019
2021-12-12,Fresno,019,978130.0,1287402,1173,709015,586,514960,413,42692,21,67191,216,622547,225,555356,275,0.0686933229734289,0.6364665228548353,0.5677731998814064
2021-12-12,Glenn,021,27897.0,32489,20,15078,15,15517,5,1652,0,1415,5,15861,5,14446,3,0.0507222998888769,0.5685557586837294,0.5178334587948525
2021-12-12,Humboldt,023,135768.0,196933,254,98947,143,85243,93,9000,10,8382,18,92300,19,83918,22,0.0617376701431854,0.6798361911496081,0.6180985210064227
2021-12-12,Imperial,025,180216.0,328125,133,169468,72,127892,27,20332,14,39818,57,179388,68,139570,50,0.2209459759399831,0.9954055133839392,0.7744595374439561
2021-12-12,Inyo,027,18085.0,25906,50,9699,0,14951,4,698,0,1277,1,11648,1,10371,45,0.0706110035941387,0.6440696709980647,0.5734586674039259
2021-12-12,Kern,029,883053.0,990775,737,529221,360,405677,298,41679,12,55132,169,491516,172,436384,173,0.0624333986748247,0.5566098524097648,0.49417645373494
2021-12-12,Kings,031,150075.0,141017,275,68922,119,63819,96,6525,24,8940,75,70733,86,61793,70,0.0595702148925537,0.4713176744960853,0.4117474596035315
2021-12-12,Lake,033,64148.0,75986,49,25708,5,46621,38,3347,1,3955,5,37122,5,33167,11,0.0616542994325622,0.578693022385733,0.5170387229531708
2021-12-12,Lassen,035,31185.0,18383,12,3512,6,13117,5,1683,0,968,3,9287,3,8319,4,0.0310405643738977,0.2978034311367645,0.2667628667628667
2021-12-12,Los Angeles,037,10098052.0,15862716,16192,8813408,6710,6205318,7028,575792,254,779672,2349,7564895,2445,6785223,3401,0.0772101391436685,0.7491439933167308,0.6719338541730623
2021-12-12,Madera,039,155013.0,178534,98,95538,52,73668,37,6855,3,9820,29,87112,31,77292,18,0.0633495255236657,0.5619657706127873,0.4986162450891215
2021-12-12,Marin,041,260295.0,525773,488,315253,198,176641,136,14666,0,17762,40,232247,40,214485,164,0.0682379607752742,0.8922453370214565,0.8240073762461823
2021-12-12,Mariposa,043,17540.0,18811,8,4306,4,13534,4,753,0,3395,2,10584,2,7189,1,0.193557582668187,0.6034207525655644,0.4098631698973774
2021-12-12,Mendocino,045,87422.0,134497,62,72371,25,56234,30,4333,2,6981,7,62663,10,55682,13,0.079854041316831,0.7167875363180892,0.6369334950012583
2021-12-12,Merced,047,269075.0,306615,367,185546,211,106257,106,11252,7,30193,97,158266,97,128073,82,0.1122103502740871,0.588185450153303,0.4759750998792158
2021-12-12,Modoc,049,8938.0,8214,5,1417,0,6214,4,540,0,275,1,3845,1,3570,2,0.0307675095099574,0.4301857238755874,0.3994182143656299
2021-12-12,Mono,051,14174.0,21412,94,11878,29,8466,50,430,0,863,13,9673,13,8810,13,0.0608861295329476,0.682446733455623,0.6215606039226753
2021-12-12,Monterey,053,433212.0,664796,733,322732,291,304136,286,25270,16,33093,145,320630,150,287537,159,0.0763898506966566,0.7401226189486902,0.6637327682520336
2021-12-12,Napa,055,140530.0,242995,125,129191,73,102800,33,6752,2,11473,18,112675,20,101202,22,0.0816409307621148,0.8017860954956237,0.7201451647335089
2021-12-12,Nevada,057,99092.0,144453,165,76518,48,61751,41,3927,3,6644,14,66443,16,59799,74,0.0670488031324425,0.670518306220482,0.6034695030880394
2021-12-12,Orange,059,3164182.0,5064442,5517,2872310,2156,1959132,2536,149358,63,198999,753,2348032,779,2149033,980,0.062891135844904,0.7420660379207011,0.6791749020757971
2021-12-12,Placer,061,380077.0,589786,484,337566,207,224967,186,15462,4,20349,60,268249,61,247900,108,0.0535391512772411,0.7057754086671911,0.65223625738995
2021-12-12,Plumas,063,18699.0,23219,9,3890,1,17628,8,1475,0,1011,0,10905,0,9894,0,0.0540670624097545,0.5831862666452752,0.5291192042355206
2021-12-12,Riverside,065,2383286.0,3105389,2713,1824840,1369,1154373,902,88890,37,153672,533,1493623,550,1339951,634,0.0644790428005703,0.6267074115318094,0.5622283687312392
2021-12-12,Sacramento,067,1510023.0,2250047,1832,1274923,863,866791,670,62569,29,91739,257,1050437,269,958698,443,0.0607533792531636,0.6956430464966428,0.6348896672434791
2021-12-12,San Benito,069,59416.0,94023,76,51760,35,36860,29,3691,2,4536,15,45288,17,40752,15,0.0763430725730443,0.7622189309276962,0.6858758583546519
2021-12-12,San Bernardino,071,2135413.0,2591381,2213,1570781,1133,910785,759,78713,27,119243,394,1256518,408,1137275,493,0.0558407202728465,0.5884191957246678,0.5325784754518212
2021-12-12,San Diego,073,3302833.0,5490553,5718,2991832,2564,2190831,1921,197819,153,357107,1638,2815595,2300,2458488,1808,0.1081214218218117,0.8524787659563775,0.7443573441345657
2021-12-12,San Francisco,075,870044.0,1703067,2030,1065235,1098,537044,561,60454,5,54410,226,756085,227,701675,375,0.0625370670908597,0.8690192679910441,0.8064822009001844
2021-12-12,San Joaquin,077,732212.0,994895,910,577044,521,374603,271,29497,10,74527,301,496719,311,422192,178,0.101783363288228,0.6783813977372674,0.5765980344490393
2021-12-12,San Luis Obispo,079,281455.0,412171,412,211921,162,179558,184,14674,9,18174,44,189274,47,171100,72,0.064571601144055,0.672484056065801,0.607912454921746
2021-12-12,San Mateo,081,765935.0,1460820,2384,875164,914,495253,801,47148,17,53248,327,655126,330,601878,589,0.0695202595520507,0.8553284547644382,0.7858081952123874
2021-12-12,Santa Barbara,083,443738.0,672238,715,392129,374,242985,224,26423,11,33265,111,321500,115,288235,164,0.0749654075152454,0.72452663508647,0.6495612275712245
2021-12-12,Santa Clara,085,1922200.0,3680614,6208,2278615,3415,1162734,1997,121050,78,110929,508,1655685,528,1544756,764,0.0577093954843408,0.8613489751326605,0.8036395796483197
2021-12-12,Santa Cruz,087,273765.0,453811,478,218425,200,213877,255,11561,6,17240,38,209250,40,192010,39,0.0629737183350684,0.7643416799079502,0.7013679615728818
2021-12-12,Shasta,089,179085.0,183082,164,83842,67,88303,63,9354,12,10101,28,88524,32,78423,43,0.0564033838679956,0.4943127565122707,0.437909372644275
2021-12-12,Sierra,091,2930.0,3676,0,506,0,3084,0,66,0,104,0,1642,0,1538,0,0.035494880546075,0.5604095563139931,0.5249146757679181
2021-12-12,Siskiyou,093,43540.0,47415,12,19482,4,26157,8,1411,0,2648,0,22428,0,19780,2,0.0608176389526871,0.5151125401929261,0.4542949012402388
2021-12-12,Solano,095,438530.0,651272,381,364759,204,260107,116,16937,6,38452,69,312693,72,274241,82,0.0876838528720954,0.7130481380977356,0.6253642852256402
2021-12-12,Sonoma,097,501317.0,863078,591,477040,322,344278,191,25577,6,32765,66,394179,66,361414,92,0.0653578474298697,0.786286920252056,0.7209290728221863
2021-12-12,Stanislaus,099,539301.0,672901,646,391121,358,253846,226,20920,11,49727,172,337414,187,287687,126,0.092206393090315,0.6256506106979219,0.5334442176076069
2021-12-12,Sutter,101,95872.0,121048,111,52655,54,62554,49,5042,2,5580,19,59054,19,53474,26,0.058202603471295,0.6159671228304406,0.5577645193591455
2021-12-12,Tehama,103,63373.0,58861,40,22177,17,33970,23,2343,0,2702,7,28406,7,25704,6,0.0426364540103829,0.4482350527827308,0.4055985987723478
2021-12-12,Trinity,105,12862.0,13544,2,3109,0,9493,2,852,0,812,0,6500,0,5688,0,0.0631317058000311,0.5053646400248795,0.4422329342248484
2021-12-12,Tulare,107,460477.0,529510,456,318223,240,191353,154,14159,6,30571,93,258673,96,228102,124,0.0663898522618936,0.5617500982676659,0.4953602460057723
2021-12-12,Tuolumne,109,53932.0,66971,46,19456,7,45545,36,1495,0,4217,13,31280,13,27063,4,0.0781910554031002,0.5799896165541794,0.5017985611510791
2021-12-12,Ventura,111,848112.0,1321710,1251,711991,552,546254,518,44508,28,51611,153,619461,168,567850,234,0.060853990982323,0.7303999943403702,0.669546003358047
2021-12-12,Yolo,113,214977.0,341237,838,170237,346,151864,407,9224,18,15119,109,159399,114,144280,100,0.070328453741563,0.7414700177228262,0.6711415639812631
2021-12-12,Yuba,115,75493.0,77382,79,31416,32,40771,30,4411,5,3828,11,38823,11,34995,31,0.0507066880373014,0.5142596002278357,0.4635529121905342
2021-12-11,Alameda,001,1643700.0,2963054,9593,1837883,3923,905255,2434,126722,151,103982,1026,1368733,1073,1264751,3220,0.0632609356938614,0.8327146072884346,0.7694536715945732
2021-12-11,Alpine,003,1148.0,1767,0,64,0,1694,0,8,0,115,0,828,0,713,0,0.1001742160278745,0.7212543554006968,0.6210801393728222
2021-12-11,Amador,005,37829.0,49081,24,14287,2,32775,20,1757,0,3609,4,23388,4,19779,4,0.0954029977001771,0.618255835470142,0.5228528377699648
2021-12-11,Butte,007,227075.0,253049,273,124377,139,116591,103,9516,5,10503,26,119349,29,108846,51,0.0462534404932291,0.5255928657932402,0.479339425300011
2021-12-11,Calaveras,009,45235.0,57102,41,24219,16,31013,25,1668,0,3828,9,27051,9,23223,3,0.0846247374820382,0.5980103901845916,0.5133856527025533
2021-12-11,Colusa,011,21464.0,26399,40,7917,18,17218,21,1091,0,1388,7,13334,7,11946,11,0.0646664181885948,0.6212262392843831,0.5565598210957883
2021-12-11,Contra Costa,013,1133247.0,2086477,5536,1370168,2387,599797,1210,61189,57,62344,707,948519,738,886175,1803,0.0550136025067791,0.8369922885302145,0.7819786860234353
2021-12-11,Del Norte,015,27424.0,28454,23,11101,4,15495,15,1493,1,1691,4,13846,4,12155,4,0.0616613185530921,0.5048862310385064,0.4432249124854142
2021-12-11,El Dorado,017,186661.0,263476,410,128564,120,122021,249,9549,6,11143,27,122009,28,110866,56,0.0596964550709575,0.6536394854843808,0.5939430304134232
2021-12-11,Fresno,019,978130.0,1286229,2747,708429,1198,514547,1056,42671,56,67241,463,622322,481,555081,610,0.0687444409229856,0.6362364920818296,0.5674920511588439
2021-12-11,Glenn,021,27897.0,32469,37,15063,29,15512,8,1652,0,1413,7,15856,7,14443,5,0.0506506075922142,0.5683765279420726,0.5177259203498584
2021-12-11,Humboldt,023,135768.0,196679,298,98804,84,85150,116,8990,8,8385,50,92281,53,83896,95,0.0617597666607742,0.6796962465382123,0.6179364798774379
2021-12-11,Imperial,025,180216.0,327992,615,169396,283,127865,290,20318,17,39800,115,179320,127,139520,114,0.2208460957961557,0.9950281883961468,0.7741820925999912
2021-12-11,Inyo,027,18085.0,25856,32,9699,13,14947,14,698,3,1321,1,11647,1,10326,3,0.0730439590821122,0.6440143765551563,0.570970417473044
2021-12-11,Kern,029,883053.0,990038,2004,528861,835,405379,696,41667,45,55133,439,491344,460,436211,537,0.0624345311096842,0.5564150736139281,0.4939805425042438
2021-12-11,Kings,031,150075.0,140742,275,68803,118,63723,103,6501,5,8924,71,70647,72,61723,57,0.059463601532567,0.4707446276861569,0.4112810261535898
2021-12-11,Lake,033,64148.0,75937,86,25703,18,46583,55,3346,1,3961,20,37117,20,33156,9,0.0617478331358732,0.5786150776329737,0.5168672444971004
2021-12-11,Lassen,035,31185.0,18371,20,3506,4,13112,12,1683,2,969,2,9284,4,8315,6,0.031072631072631,0.2977072310405643,0.2666345999679333
2021-12-11,Los Angeles,037,10098052.0,15846524,41958,8806698,17972,6198290,14244,575538,661,780628,6849,7562450,7076,6781822,10861,0.0773048108684724,0.7489018674096747,0.6715970565412022
2021-12-11,Madera,039,155013.0,178436,389,95486,156,73631,131,6852,14,9807,46,87081,51,77274,125,0.0632656615896731,0.5617657873855741,0.498500125795901
2021-12-11,Marin,041,260295.0,525285,3045,315055,882,176505,726,14666,27,17886,210,232207,219,214321,1392,0.068714343341209,0.8920916652259936,0.8233773218847845
2021-12-11,Mariposa,043,17540.0,18803,12,4302,1,13530,8,753,0,3394,5,10582,5,7188,3,0.1935005701254276,0.6033067274800457,0.409806157354618
2021-12-11,Mendocino,045,87422.0,134435,85,72346,35,56204,39,4331,4,6984,10,62653,12,55669,21,0.0798883576216513,0.7166731486353549,0.6367847910137037
2021-12-11,Merced,047,269075.0,306248,342,185335,190,106151,114,11245,11,30178,90,158169,96,127991,77,0.1121546037350181,0.5878249558673232,0.4756703521323051
2021-12-11,Modoc,049,8938.0,8209,5,1417,1,6210,4,540,0,276,3,3844,3,3568,0,0.0308793913627209,0.4300738420228239,0.3991944506601029
2021-12-11,Mono,051,14174.0,21318,13,11849,3,8416,8,430,2,863,2,9660,3,8797,1,0.0608861295329476,0.6815295611683364,0.6206434316353887
2021-12-11,Monterey,053,433212.0,664063,1447,322441,525,303850,442,25254,29,33102,249,320480,262,287378,462,0.0764106257444392,0.7397763681523134,0.6633657424078742
2021-12-11,Napa,055,140530.0,242870,212,129118,105,102767,63,6750,4,11475,24,112655,28,101180,47,0.0816551625987333,0.8016437771294386,0.7199886145307052
2021-12-11,Nevada,057,99092.0,144288,229,76470,95,61710,93,3924,2,6702,26,66427,27,59725,52,0.0676341177895289,0.6703568401081823,0.6027227223186534
2021-12-11,Orange,059,3164182.0,5058925,12037,2870154,4908,1956596,4993,149295,219,199200,1547,2347253,1617,2148053,2110,0.0629546593716796,0.7418198447497647,0.678865185378085
2021-12-11,Placer,061,380077.0,589302,960,337359,396,224781,394,15458,18,20396,87,268188,96,247792,188,0.053662810430518,0.7056149148725127,0.6519521044419947
2021-12-11,Plumas,063,18699.0,23210,15,3889,1,17620,10,1475,4,1011,0,10905,1,9894,1,0.0540670624097545,0.5831862666452752,0.5291192042355206
2021-12-11,Riverside,065,2383286.0,3102676,5423,1823471,2614,1153471,1799,88853,78,153756,910,1493073,949,1339317,1292,0.0645142882557947,0.62647663771784,0.5619623494620453
2021-12-11,Sacramento,067,1510023.0,2248215,5245,1274060,2134,866121,1779,62540,76,91913,703,1050168,735,958255,1388,0.0608686092860837,0.6954649035147147,0.634596294228631
2021-12-11,San Benito,069,59416.0,93947,163,51725,69,36831,43,3689,5,4534,18,45271,20,40737,60,0.0763094116063013,0.761932812710381,0.6856234011040797
2021-12-11,San Bernardino,071,2135413.0,2589168,4899,1569648,2574,910026,1423,78686,97,119328,772,1256110,819,1136782,1173,0.0558805252192433,0.5882281319819632,0.5323476067627199
2021-12-11,San Diego,073,3302833.0,5484835,13560,2989268,5323,2188910,4385,197666,313,356615,3414,2813295,4875,2456680,4468,0.1079724587952221,0.851782394084109,0.7438099352888868
2021-12-11,San Francisco,075,870044.0,1701037,5191,1064137,2051,536483,1633,60449,55,54558,619,755858,640,701300,1328,0.0627071734303092,0.8687583616460777,0.8060511882157684
2021-12-11,San Joaquin,077,732212.0,993985,1094,576523,491,374332,385,29487,15,74394,252,496408,261,422014,273,0.1016017219056776,0.6779566573615292,0.5763549354558516
2021-12-11,San Luis Obispo,079,281455.0,411759,795,211759,341,179374,269,14665,17,18199,76,189227,79,171028,201,0.0646604252900108,0.672317066671404,0.6076566413813931
2021-12-11,San Mateo,081,765935.0,1458436,6580,874250,2642,494452,1756,47131,101,53507,1001,654796,1021,601289,1851,0.069858408350578,0.8548976088049247,0.7850392004543466
2021-12-11,Santa Barbara,083,443738.0,671523,1564,391755,606,242761,601,26412,19,33314,192,321385,196,288071,352,0.0750758330366117,0.7242674731485697,0.649191640111958
2021-12-11,Santa Clara,085,1922200.0,3674406,14444,2275200,7070,1160737,3657,120972,142,111165,1581,1655157,1614,1543992,3557,0.0578321714701904,0.8610742898761835,0.8032421184059931
2021-12-11,Santa Cruz,087,273765.0,453333,1473,218225,411,213622,608,11555,15,17239,241,209210,243,191971,337,0.0629700655671835,0.7641955691925557,0.7012255036253722
2021-12-11,Shasta,089,179085.0,182918,235,83775,90,88240,104,9342,19,10112,31,88492,34,78380,61,0.0564648072144512,0.4941340704134908,0.4376692631990395
2021-12-11,Sierra,091,2930.0,3676,1,506,0,3084,1,66,0,104,1,1642,1,1538,0,0.035494880546075,0.5604095563139931,0.5249146757679181
2021-12-11,Siskiyou,093,43540.0,47403,19,19478,7,26149,9,1411,3,2650,2,22428,3,19778,3,0.06086357372531,0.5151125401929261,0.454248966467616
2021-12-11,Solano,095,438530.0,650891,547,364555,250,259991,194,16931,12,38462,59,312621,64,274159,145,0.0877066563290994,0.7128839532073062,0.6251772968782068
2021-12-11,Sonoma,097,501317.0,862487,2794,476718,971,344087,1046,25571,33,32791,247,394113,258,361322,745,0.0654097108216956,0.7861552670266518,0.7207455562049562
2021-12-11,Stanislaus,099,539301.0,672255,764,390763,352,253620,331,20909,4,49666,139,337227,148,287561,147,0.0920932837135477,0.6253038655593073,0.5332105818457596
2021-12-11,Sutter,101,95872.0,120937,213,52601,89,62505,101,5040,4,5587,36,59035,37,53448,48,0.0582756174899866,0.6157689419225634,0.5574933244325768
2021-12-11,Tehama,103,63373.0,58821,65,22160,22,33947,37,2343,4,2701,7,28399,9,25698,8,0.0426206744197055,0.4481245956479889,0.4055039212282833
2021-12-11,Trinity,105,12862.0,13542,16,3109,3,9491,10,852,0,812,3,6500,3,5688,3,0.0631317058000311,0.5053646400248795,0.4422329342248484
2021-12-11,Tulare,107,460477.0,529054,1848,317983,1070,191199,481,14153,12,30599,505,258577,508,227978,403,0.0664506587734023,0.561541618799636,0.4950909600262336
2021-12-11,Tuolumne,109,53932.0,66925,39,19449,5,45509,34,1495,0,4208,11,31267,11,27059,3,0.0780241785952681,0.5797485722761997,0.5017243936809316
2021-12-11,Ventura,111,848112.0,1320459,2438,711439,906,545736,956,44480,41,51677,367,619293,378,567616,515,0.0609318108929009,0.7302019072952629,0.6692700964023619
2021-12-11,Yolo,113,214977.0,340399,412,169891,176,151457,164,9206,3,15105,56,159285,57,144180,89,0.0702633304958204,0.7409397284360653,0.6706763979402448
2021-12-11,Yuba,115,75493.0,77303,125,31384,38,40741,54,4406,6,3848,21,38812,25,34964,37,0.0509716132621567,0.5141138913541653,0.4631422780920085
2021-12-10,Alameda,001,1643700.0,2953461,15943,1833960,6704,902821,4818,126571,294,106129,1892,1367660,1975,1261531,3883,0.0645671351219809,0.8320618117661374,0.7674946766441565
2021-12-10,Alpine,003,1148.0,1767,6,64,0,1694,6,8,0,115,0,828,0,713,0,0.1001742160278745,0.7212543554006968,0.6210801393728222
2021-12-10,Amador,005,37829.0,49057,120,14285,32,32755,78,1757,3,3609,17,23384,18,19775,18,0.0954029977001771,0.6181500964868223,0.5227470987866452
2021-12-10,Butte,007,227075.0,252776,1079,124238,405,116488,483,9511,24,10525,128,119320,134,108795,228,0.0463503247825608,0.5254651546845756,0.4791148299020147
2021-12-10,Calaveras,009,45235.0,57061,143,24203,43,30988,92,1668,0,3822,32,27042,33,23220,12,0.0844920968276776,0.5978114292030507,0.5133193323753731
2021-12-10,Colusa,011,21464.0,26359,81,7899,34,17197,34,1091,4,1392,14,13327,17,11935,17,0.0648527767424524,0.6209001118151323,0.5560473350726798
2021-12-10,Contra Costa,013,1133247.0,2080941,9267,1367781,4447,598587,2688,61132,150,63409,1129,947781,1184,884372,1873,0.055953379978063,0.8363410624515221,0.780387682473459
2021-12-10,Del Norte,015,27424.0,28431,128,11097,48,15480,66,1492,1,1691,26,13842,27,12151,29,0.0616613185530921,0.5047403733955659,0.4430790548424737
2021-12-10,El Dorado,017,186661.0,263066,1310,128444,353,121772,789,9543,26,11171,164,121981,173,110810,175,0.0598464596246671,0.6534894809306712,0.5936430213060039
2021-12-10,Fresno,019,978130.0,1283482,5270,707231,2274,513491,1966,42615,134,67370,849,621841,903,554471,1232,0.0688763252328422,0.6357447374070931,0.5668684121742509
2021-12-10,Glenn,021,27897.0,32432,146,15034,67,15504,65,1652,4,1411,17,15849,19,14438,22,0.0505789152955514,0.5681256049037531,0.5175466896082016
2021-12-10,Humboldt,023,135768.0,196381,1147,98720,367,85034,576,8982,28,8427,106,92228,114,83801,207,0.0620691179070178,0.6793058747274763,0.6172367568204584
2021-12-10,Imperial,025,180216.0,327377,1480,169113,615,127575,434,20301,89,39787,513,179193,569,139406,443,0.2207739601367248,0.9943234784924756,0.7735495183557509
2021-12-10,Inyo,027,18085.0,25824,52,9686,14,14933,30,695,2,1323,4,11646,4,10323,9,0.0731545479679292,0.6439590821122477,0.5708045341443185
2021-12-10,Kern,029,883053.0,988034,4373,528026,1800,404683,1742,41622,100,55210,736,490884,781,435674,1018,0.0625217285938669,0.5558941535785508,0.4933724249846838
2021-12-10,Kings,031,150075.0,140467,624,68685,224,63620,274,6496,23,8909,171,70575,175,61666,117,0.0593636515075795,0.4702648675662169,0.4109012160586373
2021-12-10,Lake,033,64148.0,75851,348,25685,38,46528,279,3345,24,3950,19,37097,26,33147,34,0.0615763546798029,0.5783032986219367,0.5167269439421338
2021-12-10,Lassen,035,31185.0,18351,54,3502,16,13100,37,1681,0,971,10,9280,10,8309,12,0.0311367644700978,0.2975789642456309,0.2664421997755331
2021-12-10,Los Angeles,037,10098052.0,15804566,71016,8788726,31400,6184046,26959,574877,1467,784413,10273,7555374,10787,6770961,15687,0.0776796356366554,0.7482011381997241,0.6705215025630686
2021-12-10,Madera,039,155013.0,178047,772,95330,341,73500,326,6838,28,9881,117,87030,127,77149,130,0.0637430409062465,0.5614367827214491,0.4976937418152026
2021-12-10,Marin,041,260295.0,522240,2254,314173,931,175779,889,14639,31,19059,177,231988,185,212929,428,0.0732207687431568,0.8912503121458345,0.8180295434026778
2021-12-10,Mariposa,043,17540.0,18791,36,4301,8,13522,22,753,2,3392,7,10577,8,7185,12,0.1933865450399088,0.6030216647662485,0.4096351197263398
2021-12-10,Mendocino,045,87422.0,134350,737,72311,345,56165,262,4327,22,6993,108,62641,116,55648,120,0.0799913065361122,0.7165358834160738,0.6365445768799616
2021-12-10,Merced,047,269075.0,305906,685,185145,303,106037,265,11234,29,30159,184,158073,194,127914,148,0.1120839914521973,0.5874681780172815,0.4753841865650841
2021-12-10,Modoc,049,8938.0,8204,10,1416,0,6206,5,540,5,273,0,3841,1,3568,2,0.0305437458044305,0.4297381964645334,0.3991944506601029
2021-12-10,Mono,051,14174.0,21305,42,11846,23,8408,14,428,0,861,5,9657,5,8796,5,0.0607450261041343,0.6813179060251164,0.6205728799209821
2021-12-10,Monterey,053,433212.0,662616,2731,321916,816,303408,1454,25225,49,33302,482,320218,500,286916,526,0.0768722934729416,0.7391715834279752,0.6622992899550335
2021-12-10,Napa,055,140530.0,242658,915,129013,317,102704,324,6746,12,11494,101,112627,105,101133,242,0.0817903650466092,0.8014445314167793,0.7196541663701701
2021-12-10,Nevada,057,99092.0,144059,649,76375,246,61617,314,3922,9,6727,73,66400,76,59673,119,0.0678864085899971,0.6700843660436766,0.6021979574536794
2021-12-10,Orange,059,3164182.0,5046888,22650,2865246,9432,1951603,8987,149076,356,199693,2776,2345636,2903,2145943,4235,0.0631104658328756,0.7413088121985398,0.6781983463656642
2021-12-10,Placer,061,380077.0,588342,2598,336963,1121,224387,1081,15440,47,20488,249,268092,267,247604,418,0.0539048666454428,0.7053623344743302,0.6514574678288872
2021-12-10,Plumas,063,18699.0,23195,84,3888,22,17610,48,1471,3,1011,4,10904,4,9893,15,0.0540670624097545,0.5831327878496176,0.5290657254398631
2021-12-10,Riverside,065,2383286.0,3097253,11715,1820857,5474,1151672,4354,88775,251,154099,1846,1492124,1945,1338025,2239,0.0646582071979611,0.6260784479915545,0.5614202407935934
2021-12-10,Sacramento,067,1510023.0,2242970,9609,1271926,4223,864342,3789,62464,199,92566,1099,1049433,1161,956867,1678,0.061301053030318,0.6949781559618629,0.6336771029315448
2021-12-10,San Benito,069,59416.0,93784,352,51656,144,36788,163,3684,2,4574,48,45251,49,40677,60,0.0769826309411606,0.7615962030429514,0.6846135721017907
2021-12-10,San Bernardino,071,2135413.0,2584269,10744,1567074,5160,908603,3840,78589,273,119682,1638,1255291,1729,1135609,2065,0.0560463011136487,0.587844599616093,0.5317982985024443
2021-12-10,San Diego,073,3302833.0,5471275,22880,2983945,9040,2184525,8835,197353,388,356208,4661,2808420,6863,2452212,6509,0.1078492312508685,0.8503063884852792,0.7424571572344105
2021-12-10,San Francisco,075,870044.0,1695846,9060,1062086,4224,534850,3699,60394,99,55246,867,755218,890,699972,1120,0.0634979380353177,0.8680227666646745,0.8045248286293567
2021-12-10,San Joaquin,077,732212.0,992891,2994,576032,1467,373947,1021,29472,51,74406,762,496147,785,421741,463,0.1016181106018475,0.6776002032198325,0.5759820926179849
2021-12-10,San Luis Obispo,079,281455.0,410964,1688,211418,757,179105,637,14648,30,18321,246,189148,257,170827,268,0.0650938871222753,0.6720363823701835,0.6069424952479082
2021-12-10,San Mateo,081,765935.0,1451856,7483,871608,3346,492696,2778,47030,126,54337,670,653775,694,599438,1392,0.0709420512184454,0.8535645975180661,0.7826225462996207
2021-12-10,Santa Barbara,083,443738.0,669959,3279,391149,1460,242160,1287,26393,51,33470,464,321189,484,287719,558,0.0754273918393286,0.7238257710631048,0.6483983792237762
2021-12-10,Santa Clara,085,1922200.0,3659962,18387,2268130,8682,1157080,5859,120830,256,113108,1959,1653543,2019,1540435,3238,0.0588429924045364,0.8602346269899074,0.8013916345853709
2021-12-10,Santa Cruz,087,273765.0,451860,2121,217814,772,213014,959,11540,22,17333,254,208967,263,191634,358,0.0633134257483608,0.7633079465965336,0.6999945208481727
2021-12-10,Shasta,089,179085.0,182683,818,83685,331,88136,398,9323,36,10139,101,88458,109,78319,139,0.0566155736102967,0.4939442164335371,0.4373286428232403
2021-12-10,Sierra,091,2930.0,3675,4,506,1,3083,3,66,0,103,0,1641,0,1538,1,0.0351535836177474,0.5600682593856655,0.5249146757679181
2021-12-10,Siskiyou,093,43540.0,47384,114,19471,19,26140,71,1408,6,2650,19,22425,21,19775,21,0.06086357372531,0.5150436380339918,0.4541800643086817
2021-12-10,Solano,095,438530.0,650344,2514,364305,1176,259797,1069,16919,38,38543,275,312557,295,274014,403,0.0878913643308325,0.7127380110824801,0.6248466467516476
2021-12-10,Sonoma,097,501317.0,859693,3934,475747,1603,343041,1884,25538,72,33278,366,393855,378,360577,498,0.0663811520455121,0.7856406226000714,0.7192594705545593
2021-12-10,Stanislaus,099,539301.0,671491,1445,390411,468,253289,744,20905,39,49665,346,337079,374,287414,295,0.0920914294614695,0.6250294362517407,0.5329380067902711
2021-12-10,Sutter,101,95872.0,120724,426,52512,132,62404,249,5036,8,5598,54,58998,56,53400,85,0.0583903538050734,0.6153830106809078,0.5569926568758344
2021-12-10,Tehama,103,63373.0,58756,250,22138,78,33910,124,2339,11,2700,61,28390,68,25690,33,0.0426048948290281,0.4479825793318921,0.405377684502864
2021-12-10,Trinity,105,12862.0,13526,60,3106,20,9481,26,852,7,812,18,6497,22,5685,10,0.0631317058000311,0.5051313948064065,0.4419996890063754
2021-12-10,Tulare,107,460477.0,527206,2471,316913,1298,190718,859,14141,49,30494,447,258069,469,227575,488,0.0662226343552446,0.5604384149479779,0.4942157805927332
2021-12-10,Tuolumne,109,53932.0,66886,175,19444,46,45475,119,1495,3,4200,31,31256,32,27056,18,0.0778758436549729,0.5795446117332937,0.5016687680783208
2021-12-10,Ventura,111,848112.0,1318021,5191,710533,2123,544780,2071,44439,131,51814,704,618915,739,567101,891,0.0610933461618276,0.7297562114437716,0.6686628652819439
2021-12-10,Yolo,113,214977.0,339987,1510,169715,524,151293,603,9203,18,15137,191,159228,198,144091,406,0.0704121836289463,0.7406745837926848,0.6702624001637384
2021-12-10,Yuba,115,75493.0,77178,312,31346,95,40687,179,4400,11,3860,31,38787,37,34927,70,0.0511305683970699,0.5137827348230962,0.4626521664260262
2021-12-09,Alameda,001,1643700.0,2937518,14953,1827256,6950,898003,4907,126277,284,108037,1778,1365685,1854,1257648,2741,0.0657279308876315,0.8308602543043134,0.7651323234166819
2021-12-09,Alpine,003,1148.0,1761,1,64,0,1688,0,8,1,115,0,828,0,713,0,0.1001742160278745,0.7212543554006968,0.6210801393728222
2021-12-09,Amador,005,37829.0,48937,117,14253,32,32677,70,1754,4,3609,22,23366,24,19757,16,0.0954029977001771,0.6176742710618838,0.5222712733617066
2021-12-09,Butte,007,227075.0,251697,1046,123833,436,116005,420,9487,23,10619,167,119186,179,108567,176,0.0467642849278872,0.5248750412859188,0.4781107563580314
2021-12-09,Calaveras,009,45235.0,56918,176,24160,50,30896,122,1668,2,3801,34,27009,36,23208,8,0.0840278545374157,0.5970819056040676,0.5130540510666519
2021-12-09,Colusa,011,21464.0,26278,84,7865,17,17163,60,1087,0,1392,13,13310,13,11918,18,0.0648527767424524,0.6201080879612374,0.5552553112187849
2021-12-09,Contra Costa,013,1133247.0,2071674,8914,1363334,4245,595899,2578,60982,110,64098,1002,946597,1031,882499,1850,0.0565613674688748,0.8352962769810994,0.7787349095122246
2021-12-09,Del Norte,015,27424.0,28303,125,11049,44,15414,54,1491,5,1693,36,13815,39,12122,17,0.0617342473745624,0.5037558343057176,0.4420215869311552
2021-12-09,El Dorado,017,186661.0,261756,948,128091,338,120983,483,9517,38,11173,121,121808,130,110635,133,0.0598571742356464,0.652562667080965,0.5927054928453185
2021-12-09,Fresno,019,978130.0,1278212,4393,704957,1897,511525,1865,42481,108,67699,748,620938,785,553239,836,0.069212681340926,0.6348215472380971,0.5656088658971712
2021-12-09,Glenn,021,27897.0,32286,144,14967,67,15439,48,1648,19,1414,15,15830,25,14416,44,0.0506864537405455,0.5674445280854572,0.5167580743449116
2021-12-09,Humboldt,023,135768.0,195234,774,98353,316,84458,279,8954,19,8520,104,92114,111,83594,169,0.0627541099522715,0.6784662070591008,0.6157120971068293
2021-12-09,Imperial,025,180216.0,325897,1438,168498,659,127141,359,20212,67,39661,529,178624,576,138963,380,0.2200747991299329,0.9911661561681536,0.7710913570382208
2021-12-09,Inyo,027,18085.0,25772,105,9672,35,14903,39,693,2,1328,8,11642,8,10314,34,0.0734310201824716,0.6437379043406137,0.5703068841581421
2021-12-09,Kern,029,883053.0,983661,3085,526226,1349,402941,1256,41522,84,55447,615,490103,654,434656,620,0.0627901156555722,0.5550097219532689,0.4922196062976967
2021-12-09,Kings,031,150075.0,139843,454,68461,174,63346,205,6473,22,8851,95,70400,105,61549,103,0.0589771780776278,0.4690987839413627,0.4101216058637348
2021-12-09,Lake,033,64148.0,75503,174,25647,49,46249,88,3321,9,3958,13,37071,18,33113,45,0.0617010662842177,0.5778979859075887,0.516196919623371
2021-12-09,Lassen,035,31185.0,18297,48,3486,20,13063,22,1681,5,973,11,9270,14,8297,13,0.0312008978675645,0.2972582972582973,0.2660573993907327
2021-12-09,Los Angeles,037,10098052.0,15733550,59816,8757326,27794,6157087,22844,573410,1283,789313,9313,7544587,9807,6755274,11895,0.0781648777407761,0.7471329123676527,0.6689680346268766
2021-12-09,Madera,039,155013.0,177275,631,94989,301,73174,250,6810,25,9884,83,86903,96,77019,142,0.0637623941217833,0.5606174965970596,0.4968551024752762
2021-12-09,Marin,041,260295.0,519986,2612,313242,1075,174890,1004,14608,23,19302,206,231803,213,212501,527,0.0741543249005935,0.8905395800918189,0.8163852551912253
2021-12-09,Mariposa,043,17540.0,18755,107,4293,15,13500,81,751,2,3396,63,10569,65,7173,16,0.1936145952109464,0.6025655644241733,0.4089509692132269
2021-12-09,Mendocino,045,87422.0,133613,356,71966,79,55903,144,4305,6,6997,98,62525,100,55528,80,0.0800370616092059,0.7152089862963557,0.6351719246871497
2021-12-09,Merced,047,269075.0,305221,1086,184842,601,105772,383,11205,13,30113,294,157879,299,127766,186,0.1119130353990523,0.5867471894453219,0.4748341540462696
2021-12-09,Modoc,049,8938.0,8194,56,1416,1,6201,43,535,1,274,4,3840,4,3566,8,0.030655627657194,0.42962631461177,0.398970686954576
2021-12-09,Mono,051,14174.0,21263,145,11823,16,8394,9,428,0,861,19,9652,19,8791,110,0.0607450261041343,0.6809651474530831,0.6202201213489488
2021-12-09,Monterey,053,433212.0,659885,2430,321100,869,301954,1298,25176,27,33328,405,319718,418,286390,362,0.0769323102776469,0.7380174141067191,0.6610851038290722
2021-12-09,Napa,055,140530.0,241743,812,128696,382,102380,262,6734,13,11631,118,112522,120,100891,126,0.0827652458549775,0.8006973599943072,0.7179321141393297
2021-12-09,Nevada,057,99092.0,143410,506,76129,208,61303,234,3913,8,6770,55,66324,59,59554,77,0.0683203487668025,0.6693174020102531,0.6009970532434505
2021-12-09,Orange,059,3164182.0,5024238,18505,2855814,8124,1942616,7469,148720,346,201025,2387,2342733,2528,2141708,2913,0.0635314277118067,0.7403913554909294,0.6768599277791227
2021-12-09,Placer,061,380077.0,585744,2644,335842,1135,223306,1043,15393,47,20639,298,267825,322,247186,453,0.0543021545634174,0.7046598452418852,0.6503576906784678
2021-12-09,Plumas,063,18699.0,23111,110,3866,9,17562,84,1468,13,1022,6,10900,6,9878,9,0.0546553291619872,0.5829188726669875,0.5282635435050003
2021-12-09,Riverside,065,2383286.0,3085538,9745,1815383,4894,1147318,3627,88524,212,154393,1756,1490179,1845,1335786,1618,0.0647815662912466,0.625262347867608,0.5604807815763614
2021-12-09,Sacramento,067,1510023.0,2233361,9181,1267703,4036,860553,3419,62265,189,93083,1377,1048272,1439,955189,1675,0.0616434319212356,0.6942092935008275,0.6325658615795918
2021-12-09,San Benito,069,59416.0,93432,320,51512,167,36625,136,3682,1,4585,59,45202,60,40617,52,0.0771677662582469,0.7607715093577487,0.6836037430995018
2021-12-09,San Bernardino,071,2135413.0,2573525,8366,1561914,4187,904763,3100,78316,238,120018,1290,1253562,1376,1133544,1448,0.0562036477252878,0.5870349201770336,0.5308312724517459
2021-12-09,San Diego,073,3302833.0,5448395,22685,2974905,9744,2175690,8501,196965,503,355854,4817,2801557,7135,2445703,6113,0.107742050536615,0.848228475372506,0.7404864248358909
2021-12-09,San Francisco,075,870044.0,1686786,8186,1057862,3980,531151,3182,60295,107,55476,775,754328,808,698852,924,0.0637622924817595,0.8669998298936605,0.803237537411901
2021-12-09,San Joaquin,077,732212.0,989897,3646,574565,1869,372926,1129,29421,59,74084,957,495362,984,421278,666,0.1011783472546202,0.6765281093453809,0.5753497620907606
2021-12-09,San Luis Obispo,079,281455.0,409276,1606,210661,593,178468,821,14618,32,18332,166,188891,178,170559,205,0.0651329697464958,0.6711232701497575,0.6059903004032616
2021-12-09,San Mateo,081,765935.0,1444373,7116,868262,3103,489918,2742,46904,136,55035,697,653081,731,598046,1227,0.0718533557025074,0.8526585154092711,0.7808051597067637
2021-12-09,Santa Barbara,083,443738.0,666680,3014,389689,1398,240873,1052,26342,57,33544,503,320705,528,287161,475,0.0755941569124122,0.7227350373418548,0.6471408804294426
2021-12-09,Santa Clara,085,1922200.0,3641575,17591,2259448,9034,1151221,5541,120574,237,114327,1840,1651524,1911,1537197,2590,0.059477161585683,0.8591842680262199,0.7997071064405369
2021-12-09,Santa Cruz,087,273765.0,449739,2325,217042,891,212055,1167,11518,39,17428,231,208704,235,191276,299,0.0636604386974229,0.7623472686428141,0.6986868299453911
2021-12-09,Shasta,089,179085.0,181865,540,83354,241,87738,223,9287,21,10169,75,88349,86,78180,127,0.0567830918279029,0.4933355669095681,0.4365524750816651
2021-12-09,Sierra,091,2930.0,3671,44,505,2,3080,41,66,0,104,1,1641,1,1537,5,0.035494880546075,0.5600682593856655,0.5245733788395904
2021-12-09,Siskiyou,093,43540.0,47270,151,19452,27,26069,91,1402,5,2650,16,22404,16,19754,52,0.06086357372531,0.5145613229214515,0.4536977491961415
2021-12-09,Solano,095,438530.0,647830,2262,363129,1165,258728,814,16881,39,38651,332,312262,350,273611,330,0.0881376416664766,0.7120653091008597,0.6239276674343831
2021-12-09,Sonoma,097,501317.0,855759,4089,474144,1775,341157,1746,25466,69,33398,412,393477,439,360079,564,0.0666205215462471,0.784886608672756,0.7182660871265087
2021-12-09,Stanislaus,099,539301.0,670046,1907,389943,861,252545,793,20866,49,49586,513,336705,543,287119,336,0.0919449435472954,0.6243359459745115,0.5323910024272159
2021-12-09,Sutter,101,95872.0,120298,410,52380,137,62155,219,5028,14,5627,79,58942,84,53315,79,0.0586928404539385,0.6147988985313751,0.5561060580774366
2021-12-09,Tehama,103,63373.0,58506,209,22060,46,33786,146,2328,11,2665,27,28322,34,25657,35,0.0420526091553185,0.4469095671658277,0.4048569580105092
2021-12-09,Trinity,105,12862.0,13466,35,3086,11,9455,18,845,3,800,3,6475,5,5675,8,0.062198724926139,0.5034209298709377,0.4412222049447986
2021-12-09,Tulare,107,460477.0,524735,2237,315615,1230,189859,780,14092,35,30513,462,257600,474,227087,440,0.0662638959166255,0.5594199058802068,0.4931560099635812
2021-12-09,Tuolumne,109,53932.0,66711,143,19398,33,45356,108,1492,0,4186,39,31224,39,27038,6,0.0776162575094563,0.578951271972113,0.5013350144626567
2021-12-09,Ventura,111,848112.0,1312830,4762,708410,2151,542709,1805,44308,147,51966,604,618176,644,566210,795,0.0612725677740675,0.7288848642632105,0.667612296489143
2021-12-09,Yolo,113,214977.0,338477,1480,169191,624,150690,664,9185,16,15345,197,159030,203,143685,224,0.0713797289942645,0.7397535550314684,0.668373826037204
2021-12-09,Yuba,115,75493.0,76866,291,31251,113,40508,128,4389,10,3893,73,38750,76,34857,58,0.0515676950180811,0.5132926231571139,0.4617249281390327
2021-12-08,Alameda,001,1643700.0,2922565,15271,1820306,6650,893096,4589,125993,283,108924,1820,1363831,1890,1254907,3692,0.0662675670742836,0.8297323112490114,0.7634647441747278
2021-12-08,Alpine,003,1148.0,1760,0,64,0,1688,0,7,0,115,0,828,0,713,0,0.1001742160278745,0.7212543554006968,0.6210801393728222
2021-12-08,Amador,005,37829.0,48820,101,14221,27,32607,70,1750,1,3601,18,23342,18,19741,17,0.0951915197335377,0.6170398371619656,0.521848317428428
2021-12-08,Butte,007,227075.0,250651,898,123397,458,115585,385,9464,23,10616,81,119007,91,108391,111,0.0467510734338874,0.5240867554772652,0.4773356820433777
2021-12-08,Calaveras,009,45235.0,56742,147,24110,52,30774,81,1666,6,3773,19,26973,22,23200,20,0.0834088648170664,0.5962860616779043,0.5128771968608379
2021-12-08,Colusa,011,21464.0,26194,76,7848,28,17103,31,1087,4,1397,20,13297,21,11900,26,0.0650857249347745,0.6195024226612001,0.5544166977264257
2021-12-08,Contra Costa,013,1133247.0,2062760,9366,1359089,4412,593321,2502,60872,122,64917,1099,945566,1146,880649,2284,0.0572840695805945,0.8343865017952838,0.7771024322146893
2021-12-08,Del Norte,015,27424.0,28178,112,11005,29,15360,70,1486,6,1671,13,13776,15,12105,14,0.0609320303383897,0.5023337222870479,0.4414016919486581
2021-12-08,El Dorado,017,186661.0,260808,1020,127753,374,120500,484,9479,30,11176,107,121678,116,110502,181,0.0598732461521153,0.651866217367313,0.5919929712151976
2021-12-08,Fresno,019,978130.0,1273819,4564,703060,2048,509660,1665,42373,158,67750,748,620153,802,552403,1029,0.0692648216494739,0.6340189954300554,0.5647541737805813
2021-12-08,Glenn,021,27897.0,32142,123,14900,67,15391,27,1629,2,1433,43,15805,43,14372,30,0.0513675305588414,0.5665483743771732,0.5151808438183317
2021-12-08,Humboldt,023,135768.0,194460,690,98037,305,84179,290,8935,17,8578,101,92003,109,83425,110,0.0631813092923222,0.6776486359083141,0.614467326615992
2021-12-08,Imperial,025,180216.0,324459,1351,167839,578,126782,493,20145,90,39465,484,178048,534,138583,289,0.2189872153415901,0.9879699915656768,0.7689827762240866
2021-12-08,Inyo,027,18085.0,25667,53,9637,13,14864,38,691,0,1354,6,11634,6,10280,10,0.0748686756980923,0.6432955487973459,0.5684268730992535
2021-12-08,Kern,029,883053.0,980576,3687,524877,1455,401685,1274,41438,126,55413,832,489449,874,434036,999,0.0627516128703486,0.5542691095551456,0.4915174966847969
2021-12-08,Kings,031,150075.0,139389,554,68287,191,63141,257,6451,22,8849,115,70295,121,61446,137,0.0589638514076295,0.4683991337664501,0.4094352823588206
2021-12-08,Lake,033,64148.0,75329,233,25598,74,46161,150,3312,2,3985,32,37053,34,33068,16,0.0621219679491176,0.5776173847976555,0.5154954168485377
2021-12-08,Lassen,035,31185.0,18249,111,3466,8,13041,88,1676,14,972,10,9256,18,8284,18,0.0311688311688311,0.2968093634760301,0.265640532307199
2021-12-08,Los Angeles,037,10098052.0,15673734,61896,8729532,28271,6134243,23834,572127,1405,791401,9515,7534780,10033,6743379,12920,0.078371650294532,0.7461617349564055,0.6677900846618734
2021-12-08,Madera,039,155013.0,176644,711,94688,328,72924,235,6785,29,9930,148,86807,152,76877,170,0.0640591434266803,0.5599981936998832,0.4959390502732029
2021-12-08,Marin,041,260295.0,517374,2463,312167,1128,173886,878,14585,31,19616,237,231590,248,211974,417,0.0753606484949768,0.8897212777809793,0.8143606292860024
2021-12-08,Mariposa,043,17540.0,18648,57,4278,14,13419,35,749,1,3347,24,10504,25,7157,13,0.1908209806157354,0.5988597491448119,0.4080387685290764
2021-12-08,Mendocino,045,87422.0,133257,275,71887,88,55759,111,4299,7,6977,49,62425,52,55448,76,0.0798082862437372,0.7140651094690124,0.6342568232252751
2021-12-08,Merced,047,269075.0,304135,943,184241,462,105389,343,11192,31,30000,273,157580,286,127580,198,0.1114930781380656,0.5856359750998792,0.4741428969618136
2021-12-08,Modoc,049,8938.0,8138,19,1415,0,6158,19,534,0,278,0,3836,0,3558,4,0.0311031550682479,0.429178787200716,0.3980756321324681
2021-12-08,Mono,051,14174.0,21118,126,11807,67,8385,50,428,3,952,19,9633,21,8681,7,0.0671652321151404,0.6796246648793566,0.6124594327642162
2021-12-08,Monterey,053,433212.0,657455,2791,320231,1051,300656,1092,25149,41,33272,474,319300,489,286028,743,0.0768030433136662,0.737052528554149,0.6602494852404828
2021-12-08,Napa,055,140530.0,240931,736,128314,314,102118,265,6721,9,11637,120,112402,124,100765,141,0.0828079413648331,0.7998434497971963,0.7170355084323632
2021-12-08,Nevada,057,99092.0,142904,449,75921,141,61069,270,3905,16,6788,48,66265,56,59477,54,0.0685019981431397,0.668721995721148,0.6002199975780084
2021-12-08,Orange,059,3164182.0,5005733,19285,2847690,8424,1935147,7942,148374,350,201410,2638,2340205,2763,2138795,2997,0.063653102128765,0.7395924128258109,0.6759393106970458
2021-12-08,Placer,061,380077.0,583100,2439,334707,1062,222263,835,15346,63,20770,294,267503,326,246733,525,0.0546468215651039,0.7038126484896482,0.6491658269245443
2021-12-08,Plumas,063,18699.0,23001,70,3857,8,17478,53,1455,4,1025,7,10894,9,9869,10,0.0548157655489598,0.5825979998930424,0.5277822343440826
2021-12-08,Riverside,065,2383286.0,3075793,9586,1810489,4460,1143691,3617,88312,258,154166,1765,1488334,1886,1334168,1745,0.0646863196443901,0.6244882066189287,0.5598018869745385
2021-12-08,Sacramento,067,1510023.0,2224180,9289,1263667,3965,857134,3386,62076,225,93319,1326,1046833,1407,953514,1935,0.061799720931403,0.6932563278837475,0.6314566069523444
2021-12-08,San Benito,069,59416.0,93112,518,51345,197,36489,158,3681,14,4577,103,45142,105,40565,134,0.077033122391275,0.7597616803554598,0.6827285579641847
2021-12-08,San Bernardino,071,2135413.0,2565159,8701,1557727,4447,901663,3152,78078,262,120090,1377,1252186,1481,1132096,1612,0.0562373648563533,0.5863905483388927,0.5301531834825395
2021-12-08,San Diego,073,3302833.0,5425710,24190,2965161,10092,2167189,9486,196462,537,354832,5415,2794422,7962,2439590,6647,0.1074326192090245,0.8460682087165775,0.738635589507553
2021-12-08,San Francisco,075,870044.0,1678600,9056,1053882,4225,527969,3579,60188,98,55592,856,753520,888,697928,1223,0.0638956190721388,0.8660711412296389,0.8021755221575001
2021-12-08,San Joaquin,077,732212.0,986251,3510,572696,1742,371797,1236,29362,55,73766,862,494378,891,420612,632,0.1007440468061162,0.675184236259444,0.5744401894533278
2021-12-08,San Luis Obispo,079,281455.0,407670,1636,210068,612,177647,741,14586,55,18359,163,188713,182,170354,272,0.0652288998241281,0.670490842230552,0.6052619424064237
2021-12-08,San Mateo,081,765935.0,1437257,7567,865159,3289,487176,2750,46768,111,55531,726,652350,757,596819,1485,0.0725009302355944,0.8517041263292577,0.7792031960936633
2021-12-08,Santa Barbara,083,443738.0,663666,2984,388291,1259,239821,886,26285,49,33491,393,320177,412,286686,837,0.0754747170627712,0.7215451460095822,0.646070428946811
2021-12-08,Santa Clara,085,1922200.0,3623984,18696,2250414,9540,1145680,5824,120337,289,115006,1851,1649613,1916,1534607,2842,0.0598304026636146,0.8581900946831755,0.7983596920195609
2021-12-08,Santa Cruz,087,273765.0,447414,1946,216151,643,210888,840,11479,25,17492,245,208469,250,190977,396,0.0638942158420543,0.7614888681898708,0.6975946523478166
2021-12-08,Shasta,089,179085.0,181325,505,83113,166,87515,240,9266,15,10210,76,88263,78,78053,109,0.0570120333919647,0.4928553480190971,0.4358433146271324
2021-12-08,Sierra,091,2930.0,3627,5,503,0,3039,5,66,0,108,0,1640,0,1532,0,0.0368600682593856,0.5597269624573379,0.5228668941979522
2021-12-08,Siskiyou,093,43540.0,47119,200,19425,55,25978,120,1397,7,2686,50,22388,51,19702,29,0.0616903996325218,0.5141938447404686,0.4525034451079467
2021-12-08,Solano,095,438530.0,645568,2219,361964,1050,257914,743,16842,38,38631,340,311912,352,273281,469,0.0880920347524684,0.7112671881057169,0.6231751533532484
2021-12-08,Sonoma,097,501317.0,851670,4330,472369,1811,339411,1862,25397,77,33523,463,393038,494,359515,725,0.0668698647761795,0.7840109152492335,0.717141050473054
2021-12-08,Stanislaus,099,539301.0,668139,2323,389082,899,251752,1008,20817,75,49379,572,336162,607,286783,495,0.0915611133671178,0.6233290870960744,0.5317679737289566
2021-12-08,Sutter,101,95872.0,119888,387,52243,116,61936,207,5014,19,5622,60,58858,68,53236,70,0.0586406875834445,0.6139227303070761,0.5552820427236315
2021-12-08,Tehama,103,63373.0,58297,248,22014,112,33640,99,2317,6,2666,49,28288,53,25622,52,0.0420683887459959,0.4463730610827955,0.4043046723367995
2021-12-08,Trinity,105,12862.0,13431,50,3075,12,9437,23,842,9,803,8,6470,13,5667,8,0.062431970144612,0.5030321878401492,0.4406002176955372
2021-12-08,Tulare,107,460477.0,522498,1659,314385,898,189079,504,14057,43,30479,382,257126,395,226647,341,0.066190059438365,0.5583905385068092,0.4922004790684442
2021-12-08,Tuolumne,109,53932.0,66568,187,19365,39,45248,118,1492,7,4153,30,31185,35,27032,31,0.0770043758807387,0.578228139138174,0.5012237632574353
2021-12-08,Ventura,111,848112.0,1308068,4688,706259,2023,540904,1873,44161,113,52117,670,617532,712,565415,755,0.0614506102967532,0.7281255305902994,0.6666749202935461
2021-12-08,Yolo,113,214977.0,336997,1655,168567,523,150026,552,9169,29,15366,201,158827,218,143461,577,0.0714774138628783,0.7388092679682012,0.6673318541053229
2021-12-08,Yuba,115,75493.0,76575,342,31138,110,40380,193,4379,17,3875,49,38674,51,34799,51,0.0513292623157113,0.5122859073026638,0.4609566449869524
2021-12-07,Alameda,001,1643700.0,2907294,14618,1813656,6518,888507,4681,125710,339,110726,1544,1361941,1622,1251215,3259,0.067363874186287,0.8285824663868102,0.7612185922005232
2021-12-07,Alpine,003,1148.0,1760,0,64,0,1688,0,7,0,115,0,828,0,713,0,0.1001742160278745,0.7212543554006968,0.6210801393728222
2021-12-07,Amador,005,37829.0,48719,145,14194,21,32537,98,1749,10,3600,28,23324,33,19724,31,0.0951650849877078,0.6165640117370271,0.5213989267493193
2021-12-07,Butte,007,227075.0,249753,1114,122939,343,115200,697,9441,13,10636,126,118916,130,108280,116,0.0468391500605526,0.5236860068259386,0.4768468567653859
2021-12-07,Calaveras,009,45235.0,56595,147,24058,64,30693,72,1660,3,3771,37,26951,38,23180,11,0.0833646512656129,0.5957997126119156,0.5124350613463027
2021-12-07,Colusa,011,21464.0,26118,139,7820,23,17072,68,1083,1,1402,53,13276,54,11874,24,0.0653186731270965,0.6185240402534476,0.553205367126351
2021-12-07,Contra Costa,013,1133247.0,2053394,9369,1354677,4653,590819,2672,60750,155,66055,959,944420,1011,878365,2006,0.0582882637236189,0.8333752482909728,0.7750869845673538
2021-12-07,Del Norte,015,27424.0,28066,75,10976,39,15290,25,1480,3,1670,8,13761,10,12091,19,0.0608955659276546,0.501786756126021,0.4408911901983663
2021-12-07,El Dorado,017,186661.0,259788,887,127379,315,120016,423,9449,28,11241,130,121562,138,110321,148,0.0602214710089413,0.6512447699305157,0.5910232989215745
2021-12-07,Fresno,019,978130.0,1269255,4720,701012,1938,507995,1985,42215,128,67977,844,619351,881,551374,920,0.0694968971404619,0.6331990635191641,0.5637021663787022
2021-12-07,Glenn,021,27897.0,32019,80,14833,38,15364,32,1627,7,1420,11,15762,14,14342,15,0.0509015306305337,0.5650069899989246,0.5141054593683909
2021-12-07,Humboldt,023,135768.0,193770,642,97732,245,83889,279,8918,17,8579,62,91894,67,83315,145,0.0631886747981851,0.6768457957692534,0.6136571209710683
2021-12-07,Imperial,025,180216.0,323108,1990,167261,855,126289,513,20055,100,39220,726,177514,787,138294,576,0.2176277356061615,0.9850068806321304,0.7673791450259688
2021-12-07,Inyo,027,18085.0,25614,185,9624,28,14826,154,691,0,1358,64,11628,64,10270,12,0.0750898534697263,0.6429637821398949,0.5678739286701686
2021-12-07,Kern,029,883053.0,976889,3456,523422,1586,400411,1286,41312,84,55538,783,488575,816,433037,809,0.0628931672277881,0.5532793614879288,0.4903861942601407
2021-12-07,Kings,031,150075.0,138835,476,68096,190,62884,216,6429,22,8865,99,70174,105,61309,97,0.0590704647676161,0.4675928702315509,0.4085224054639347
2021-12-07,Lake,033,64148.0,75096,251,25524,79,46011,162,3310,3,3967,33,37019,33,33052,50,0.0618413668391843,0.5770873604788925,0.5152459936397081
2021-12-07,Lassen,035,31185.0,18138,56,3458,9,12953,32,1662,14,972,3,9238,10,8266,15,0.0311688311688311,0.2962321628988296,0.2650633317299984
2021-12-07,Los Angeles,037,10098052.0,15611838,64585,8701261,29340,6110409,25963,570722,1537,794288,9797,7524747,10345,6730459,13082,0.0786575470199598,0.7451681769909682,0.6665106299710083
2021-12-07,Madera,039,155013.0,175933,659,94360,293,72689,239,6756,29,9948,116,86655,127,76707,176,0.0641752627199009,0.559017630779354,0.4948423680594531
2021-12-07,Marin,041,260295.0,514911,2460,311039,1054,173008,985,14554,42,19785,192,231342,204,211557,425,0.0760099118308073,0.8887685126491096,0.8127586008183023
2021-12-07,Mariposa,043,17540.0,18591,30,4264,6,13384,22,748,1,3335,14,10479,14,7144,4,0.1901368301026225,0.5974344355758267,0.4072976054732041
2021-12-07,Mendocino,045,87422.0,132982,518,71799,215,55648,263,4292,15,7001,48,62373,56,55372,53,0.0800828166822996,0.7134702935187939,0.6333874768364942
2021-12-07,Merced,047,269075.0,303192,1158,183779,587,105046,399,11161,17,29912,319,157294,329,127382,255,0.1111660317755272,0.5845730744216296,0.4734070426461024
2021-12-07,Modoc,049,8938.0,8119,27,1415,4,6139,22,534,1,282,5,3836,5,3554,2,0.0315506824793018,0.429178787200716,0.3976281047214142
2021-12-07,Mono,051,14174.0,20992,80,11740,28,8335,41,425,3,938,15,9612,16,8674,7,0.0661775081134471,0.6781430788768167,0.6119655707633695
2021-12-07,Monterey,053,433212.0,654664,3271,319180,1047,299564,1482,25108,67,33526,442,318811,462,285285,799,0.0773893613288643,0.7359237509579606,0.6585343896290962
2021-12-07,Napa,055,140530.0,240195,1064,128000,487,101853,477,6712,21,11654,92,112278,97,100624,128,0.0829289119760905,0.7989610759268484,0.7160321639507579
2021-12-07,Nevada,057,99092.0,142455,863,75780,300,60799,244,3889,8,6786,80,66209,82,59423,368,0.0684818148791022,0.6681568643280992,0.5996750494489969
2021-12-07,Orange,059,3164182.0,4986448,19639,2839266,8770,1927205,8315,148024,323,201644,2429,2337442,2558,2135798,2848,0.0637270548912799,0.7387192013607309,0.6749921464694508
2021-12-07,Placer,061,380077.0,580661,2385,333645,1025,221428,889,15283,48,20969,255,267177,272,246208,505,0.0551703996821696,0.7029549275541535,0.6477845278719838
2021-12-07,Plumas,063,18699.0,22931,76,3849,4,17425,61,1451,5,1026,11,10885,13,9859,8,0.0548692443446173,0.5821166907321247,0.5272474463875073
2021-12-07,Riverside,065,2383286.0,3066207,10361,1806029,5086,1140074,3910,88054,251,154025,1761,1486448,1854,1332423,1809,0.0646271576302634,0.6236968622313898,0.5590697046011264
2021-12-07,Sacramento,067,1510023.0,2214891,8588,1259702,3724,853748,3174,61851,222,93847,1321,1045426,1406,951579,1709,0.0621493844795741,0.6923245539968597,0.6301751695172855
2021-12-07,San Benito,069,59416.0,92594,341,51148,105,36331,190,3667,17,4606,35,45037,39,40431,50,0.077521206409048,0.7579944796014542,0.6804732731924061
2021-12-07,San Bernardino,071,2135413.0,2556458,8556,1553280,4355,898511,3138,77816,231,120221,1411,1250705,1509,1130484,1602,0.056298711303153,0.5856970056846147,0.5293982943814616
2021-12-07,San Diego,073,3302833.0,5401520,22555,2955069,9733,2157703,8656,195925,468,353517,4858,2786460,7083,2432943,5990,0.1070344761603144,0.8436575509570118,0.7366230747966973
2021-12-07,San Francisco,075,870044.0,1669544,9238,1049657,4567,524390,3403,60090,118,55927,927,752632,954,696705,1147,0.0642806570702171,0.865050503192942,0.8007698461227248
2021-12-07,San Joaquin,077,732212.0,982741,2966,570954,1367,370561,1163,29307,51,73507,715,493487,738,419980,549,0.1003903241137812,0.6739673755688244,0.5735770514550431
2021-12-07,San Luis Obispo,079,281455.0,406034,1491,209456,615,176906,576,14531,45,18449,206,188531,216,170082,235,0.0655486667495692,0.6698442024479935,0.6042955356984243
2021-12-07,San Mateo,081,765935.0,1429690,7448,861870,3633,484426,2931,46657,114,56259,767,651593,795,595334,914,0.0734514025341575,0.85071579181001,0.7772643892758524
2021-12-07,Santa Barbara,083,443738.0,660682,2754,387032,1291,238935,972,26236,75,33916,536,319765,557,285849,373,0.076432489441968,0.7206166701972786,0.6441841807553106
2021-12-07,Santa Clara,085,1922200.0,3605288,18332,2240874,8742,1139856,6272,120048,289,115932,1880,1647697,1961,1531765,2926,0.0603121423369056,0.8571933201539902,0.7968811778170846
2021-12-07,Santa Cruz,087,273765.0,445468,2045,215508,736,210048,1038,11454,36,17638,278,208219,285,190581,220,0.0644275199532445,0.7605756762186547,0.6961481562654102
2021-12-07,Shasta,089,179085.0,180820,620,82947,202,87275,338,9251,45,10241,102,88185,113,77944,81,0.0571851355501577,0.492419800653321,0.4352346651031633
2021-12-07,Sierra,091,2930.0,3622,2,503,1,3034,1,66,0,108,1,1640,1,1532,1,0.0368600682593856,0.5597269624573379,0.5228668941979522
2021-12-07,Siskiyou,093,43540.0,46919,140,19370,36,25858,96,1390,6,2664,18,22337,20,19673,21,0.0611851171336701,0.5130225080385852,0.451837390904915
2021-12-07,Solano,095,438530.0,643349,2344,360914,1178,257171,798,16804,38,38748,421,311560,438,272812,362,0.0883588351994162,0.7104645064191731,0.6221056712197569
2021-12-07,Sonoma,097,501317.0,847340,4281,470558,1968,337549,1842,25320,69,33754,513,392544,540,358790,521,0.0673306510650945,0.7830255108045409,0.7156948597394462
2021-12-07,Stanislaus,099,539301.0,665816,2019,388183,1144,250744,589,20742,50,49267,522,335555,567,286288,393,0.0913534371343646,0.6222035560846355,0.5308501189502708
2021-12-07,Sutter,101,95872.0,119501,476,52127,141,61729,251,4995,22,5624,94,58790,105,53166,95,0.0586615487316421,0.6132134512683578,0.5545519025367156
2021-12-07,Tehama,103,63373.0,58049,168,21902,40,33541,108,2311,10,2665,15,28235,19,25570,36,0.0420526091553185,0.4455367427768923,0.4034841336215738
2021-12-07,Trinity,105,12862.0,13381,76,3063,12,9414,60,833,1,798,6,6457,7,5659,7,0.0620432281138236,0.5020214585600995,0.4399782304462759
2021-12-07,Tulare,107,460477.0,520839,1600,313487,880,188575,517,14014,36,30425,312,256731,331,226306,366,0.0660727897375981,0.5575327323623113,0.491459942624713
2021-12-07,Tuolumne,109,53932.0,66381,182,19326,35,45130,135,1485,1,4149,39,31150,39,27001,19,0.0769302084105911,0.5775791737743825,0.5006489653637914
2021-12-07,Ventura,111,848112.0,1303380,5153,704236,2141,539031,2182,44048,122,52160,680,616820,713,564660,830,0.0615013111475842,0.727286018827702,0.6657847076801178
2021-12-07,Yolo,113,214977.0,335342,1248,168044,488,149474,519,9140,18,15725,147,158609,153,142884,253,0.0731473599501342,0.7377952059987812,0.664647846048647
2021-12-07,Yuba,115,75493.0,76233,275,31028,73,40187,160,4362,6,3875,49,38623,52,34748,50,0.0513292623157113,0.5116103479792828,0.4602810856635714
2021-12-06,Alameda,001,1643700.0,2892676,12436,1807138,5696,883826,4178,125371,284,112363,1492,1360319,1562,1247956,2329,0.0683597980166697,0.8275956683093022,0.7592358702926325
2021-12-06,Alpine,003,1148.0,1760,0,64,0,1688,0,7,0,115,0,828,0,713,0,0.1001742160278745,0.7212543554006968,0.6210801393728222
2021-12-06,Amador,005,37829.0,48574,139,14173,27,32439,98,1739,4,3598,20,23291,23,19693,23,0.095112215496048,0.6156916651246398,0.5205794496285918
2021-12-06,Butte,007,227075.0,248639,762,122596,313,114503,363,9428,25,10622,104,118786,111,108164,92,0.046777496421887,0.5231135087526148,0.4763360123307277
2021-12-06,Calaveras,009,45235.0,56448,173,23994,60,30621,108,1657,2,3744,31,26913,33,23169,21,0.0827677683209903,0.5949596551342987,0.5121918868133083
2021-12-06,Colusa,011,21464.0,25979,42,7797,16,17004,21,1082,2,1372,8,13222,9,11850,6,0.0639209839731643,0.6160081997763698,0.5520872158032054
2021-12-06,Contra Costa,013,1133247.0,2044025,7908,1350024,4166,588147,2454,60595,152,67050,929,943409,993,876359,1379,0.0591662717836447,0.8324831215083738,0.773316849724729
2021-12-06,Del Norte,015,27424.0,27991,99,10937,33,15265,42,1477,6,1679,14,13751,17,12072,33,0.0612237456242707,0.5014221120186698,0.4401983663943991
2021-12-06,El Dorado,017,186661.0,258901,1012,127064,384,119593,474,9421,26,11251,111,121424,121,110173,174,0.0602750440638376,0.6505054617729467,0.590230417709109
2021-12-06,Fresno,019,978130.0,1264535,4697,699074,2154,506010,1724,42087,176,68016,848,618470,903,550454,1005,0.0695367691411162,0.6322983652479732,0.5627615961068569
2021-12-06,Glenn,021,27897.0,31939,88,14795,39,15332,41,1620,3,1421,9,15748,10,14327,12,0.0509373767788651,0.5645051439222856,0.5135677671434205
2021-12-06,Humboldt,023,135768.0,193128,598,97487,215,83610,319,8901,15,8657,59,91827,63,83170,83,0.0637631842554946,0.6763523068764363,0.6125891226209416
2021-12-06,Imperial,025,180216.0,321118,1395,166406,607,125776,377,19955,108,39009,495,176727,569,137718,413,0.2164569183646291,0.980639898788121,0.7641829804234919
2021-12-06,Inyo,027,18085.0,25429,78,9596,19,14672,54,691,3,1306,4,11564,5,10258,11,0.0722145424384849,0.6394249377937518,0.5672103953552668
2021-12-06,Kern,029,883053.0,973433,3366,521836,1446,399125,1447,41228,148,55531,651,487759,714,432228,750,0.0628852401837715,0.5523552946425639,0.4894700544587924
2021-12-06,Kings,031,150075.0,138359,497,67906,187,62668,227,6407,21,8857,85,70069,89,61212,117,0.0590171580876228,0.4668932200566383,0.4078760619690155
2021-12-06,Lake,033,64148.0,74845,175,25445,46,45849,123,3307,5,3984,23,36986,26,33002,14,0.0621063789985658,0.5765729251106816,0.5144665461121157
2021-12-06,Lassen,035,31185.0,18082,56,3449,7,12921,45,1648,1,977,9,9228,9,8251,10,0.0313291646624979,0.2959114959114959,0.2645823312489979
2021-12-06,Los Angeles,037,10098052.0,15547253,63390,8671921,27821,6084446,25986,569185,1544,797025,9393,7514402,9929,6717377,13095,0.0789285893952615,0.7441437219772685,0.6652151325820069
2021-12-06,Madera,039,155013.0,175274,400,94067,176,72450,166,6727,19,9997,73,86528,78,76531,76,0.0644913652403346,0.5581983446549644,0.4937069794146297
2021-12-06,Marin,041,260295.0,512451,1840,309985,680,172023,731,14512,12,20006,152,231138,157,211132,442,0.0768589485007395,0.8879847864922492,0.8111258379915096
2021-12-06,Mariposa,043,17540.0,18561,36,4258,9,13362,26,747,0,3325,14,10465,14,7140,6,0.1895667046750285,0.5966362599771949,0.4070695553021665
2021-12-06,Mendocino,045,87422.0,132464,293,71584,117,55385,146,4277,16,6998,39,62317,43,55319,29,0.0800485003774793,0.7128297224954817,0.6327812221180024
2021-12-06,Merced,047,269075.0,302034,943,183192,486,104647,322,11144,28,29838,285,156965,300,127127,197,0.11089101551612,0.5833503669980489,0.4724593514819288
2021-12-06,Modoc,049,8938.0,8092,17,1411,0,6117,12,533,1,279,5,3831,6,3552,1,0.0312150369210114,0.4286193779368986,0.3974043410158872
2021-12-06,Mono,051,14174.0,20912,31,11712,11,8294,16,422,3,929,3,9596,4,8667,3,0.0655425426837872,0.6770142514463101,0.6114717087625229
2021-12-06,Monterey,053,433212.0,651393,2260,318133,816,298082,1056,25041,40,33863,469,318349,483,284486,409,0.078167271451391,0.7348572985051199,0.6566900270537289
2021-12-06,Napa,055,140530.0,239131,726,127513,345,101376,298,6691,16,11685,83,112181,89,100496,98,0.0831495054436775,0.7982708318508503,0.7151213264071729
2021-12-06,Nevada,057,99092.0,141592,560,75480,320,60555,220,3881,7,7072,71,66127,72,59055,58,0.071368021636459,0.6673293505025633,0.5959613288661042
2021-12-06,Orange,059,3164182.0,4966809,20626,2830496,9010,1918890,8794,147701,387,201934,2492,2334884,2637,2132950,3310,0.063818705750807,0.737910777572213,0.674092071821406
2021-12-06,Placer,061,380077.0,578276,2326,332620,953,220539,831,15235,49,21202,261,266905,276,245703,566,0.055783433356925,0.7022392830926365,0.6464558497357115
2021-12-06,Plumas,063,18699.0,22855,56,3845,7,17364,39,1446,3,1021,3,10872,3,9851,9,0.0546018503663297,0.581421466388577,0.5268196160222471
2021-12-06,Riverside,065,2383286.0,3055846,9915,1800943,4694,1136164,3835,87803,283,153980,1698,1484594,1816,1330614,1858,0.0646082761363932,0.6229189446839364,0.5583106685475432
2021-12-06,Sacramento,067,1510023.0,2206303,8775,1255978,3800,850574,3242,61629,207,94150,1255,1044020,1320,949870,1818,0.0623500436748314,0.6913934423515403,0.6290433986767089
2021-12-06,San Benito,069,59416.0,92253,378,51043,148,36141,150,3650,4,4617,59,44998,60,40381,99,0.0777063417261343,0.7573380907499664,0.6796317490238319
2021-12-06,San Bernardino,071,2135413.0,2547902,8472,1548925,4303,895373,3085,77585,248,120314,1377,1249196,1469,1128882,1550,0.056342262597446,0.5849903508126999,0.5286480882152539
2021-12-06,San Diego,073,3302833.0,5378965,20839,2945336,9077,2149047,8143,195457,461,352424,4257,2779377,6364,2426953,5739,0.1067035481357973,0.8415130283608042,0.7348094802250068
2021-12-06,San Francisco,075,870044.0,1660306,8893,1045090,4534,520987,3194,59972,80,56120,840,751678,870,695558,1183,0.0645024849317965,0.8639540069237878,0.7994515219919912
2021-12-06,San Joaquin,077,732212.0,979775,3351,569587,1520,369398,1296,29256,75,73318,824,492749,858,419431,719,0.1001322021491043,0.6729594707543717,0.5728272686052673
2021-12-06,San Luis Obispo,079,281455.0,404543,1501,208841,683,176330,571,14486,32,18468,178,188315,192,169847,251,0.0656161731004956,0.669076761826935,0.6034605887264394
2021-12-06,San Mateo,081,765935.0,1422242,4535,858237,2049,481495,1552,46543,89,56378,517,650798,547,594420,876,0.0736067681983458,0.8496778447257274,0.7760710765273816
2021-12-06,Santa Barbara,083,443738.0,657928,2355,385741,1133,237963,896,26161,57,33732,305,319208,325,285476,399,0.0760178303413275,0.7193614249850137,0.6433435946436862
2021-12-06,Santa Clara,085,1922200.0,3586956,16625,2232132,8086,1133584,5818,119759,314,116897,1701,1645736,1772,1528839,2408,0.0608141712620955,0.856173134949537,0.7953589636874415
2021-12-06,Santa Cruz,087,273765.0,443423,1679,214772,530,209010,724,11418,23,17573,289,207934,295,190361,303,0.0641900900407283,0.7595346373714682,0.6953445473307399
2021-12-06,Shasta,089,179085.0,180200,561,82745,211,86937,292,9206,26,10209,63,88072,68,77863,111,0.0570064494513778,0.4917888153670045,0.4347823659156266
2021-12-06,Sierra,091,2930.0,3620,5,502,0,3033,4,66,0,108,1,1639,1,1531,1,0.0368600682593856,0.5593856655290103,0.5225255972696246
2021-12-06,Siskiyou,093,43540.0,46779,71,19334,10,25762,57,1384,4,2665,7,22317,8,19652,7,0.0612080845199816,0.5125631603123565,0.4513550757923748
2021-12-06,Solano,095,438530.0,641005,2793,359736,1242,256373,917,16766,51,38672,698,311122,719,272450,470,0.0881855289261852,0.7094657150023944,0.6212801860762092
2021-12-06,Sonoma,097,501317.0,843059,2558,468590,1209,335707,762,25251,49,33735,380,392004,393,358269,532,0.0672927508941448,0.781948348051233,0.7146555971570883
2021-12-06,Stanislaus,099,539301.0,663797,2251,387039,1128,250155,824,20692,46,49093,589,334988,626,285895,478,0.091030797272766,0.6211521951563227,0.5301213978835567
2021-12-06,Sutter,101,95872.0,119025,382,51986,127,61478,213,4973,9,5614,58,58685,59,53071,75,0.0585572429906542,0.612118240987984,0.5535609979973297
2021-12-06,Tehama,103,63373.0,57881,177,21862,54,33433,105,2301,9,2682,42,28216,48,25534,32,0.0423208621968346,0.4452369305540214,0.4029160683571868
2021-12-06,Trinity,105,12862.0,13305,10,3051,3,9354,6,832,0,798,2,6450,2,5652,2,0.0620432281138236,0.5014772197169958,0.4394339916031721
2021-12-06,Tulare,107,460477.0,519239,1689,312607,827,188058,601,13978,39,30460,368,256400,376,225940,417,0.066148797876984,0.5568139125298331,0.4906651146528491
2021-12-06,Tuolumne,109,53932.0,66199,221,19291,32,44995,180,1484,0,4129,55,31111,56,26982,18,0.0765593710598531,0.5768560409404435,0.5002966698805904
2021-12-06,Ventura,111,848112.0,1298227,4778,702095,2017,536849,2090,43926,103,52277,649,616107,680,563830,754,0.0616392646254268,0.7264453279755504,0.6648060633501236
2021-12-06,Yolo,113,214977.0,334094,1375,167556,551,148955,553,9122,22,15825,181,158456,187,142631,303,0.0736125259911525,0.7370835019560232,0.6634709759648707
2021-12-06,Yuba,115,75493.0,75958,246,30955,99,40027,121,4356,9,3873,42,38571,43,34698,37,0.0513027697932258,0.5109215423946591,0.4596187726014332
2021-12-05,Alameda,001,1643700.0,2880240,4422,1801442,1749,879648,1043,125087,67,113130,469,1358757,481,1245627,1576,0.0688264281803248,0.8266453732432926,0.7578189450629677
2021-12-05,Alpine,003,1148.0,1760,0,64,0,1688,0,7,0,115,0,828,0,713,0,0.1001742160278745,0.7212543554006968,0.6210801393728222
2021-12-05,Amador,005,37829.0,48435,84,14146,10,32341,66,1735,3,3598,15,23268,15,19670,10,0.095112215496048,0.6150836659705516,0.5199714504745037
2021-12-05,Butte,007,227075.0,247877,235,122283,89,114140,115,9403,9,10603,23,118675,28,108072,49,0.0466938236265551,0.5226246834746229,0.4759308598480678
2021-12-05,Calaveras,009,45235.0,56275,54,23934,28,30513,24,1655,0,3732,14,26880,14,23148,4,0.0825024870122692,0.5942301315353156,0.5117276445230463
2021-12-05,Colusa,011,21464.0,25937,31,7781,11,16983,20,1080,0,1369,9,13213,9,11844,4,0.0637812150577711,0.61558889303019,0.5518076779724189
2021-12-05,Contra Costa,013,1133247.0,2036117,3124,1345858,1080,585693,829,60443,18,67436,296,942416,303,874980,1213,0.059506885965725,0.8316068782886696,0.7720999923229446
2021-12-05,Del Norte,015,27424.0,27892,2,10904,0,15223,2,1471,0,1695,1,13734,1,12039,0,0.0618071761960326,0.5008022170361727,0.43899504084014
2021-12-05,El Dorado,017,186661.0,257889,323,126680,113,119119,163,9395,14,11304,24,121303,30,109999,54,0.060558981254788,0.6498572278087014,0.5892982465539133
2021-12-05,Fresno,019,978130.0,1259838,1372,696920,656,504286,487,41911,20,68118,215,617567,222,549449,338,0.0696410497582121,0.6313751750789772,0.5617341253207652
2021-12-05,Glenn,021,27897.0,31851,31,14756,20,15291,7,1617,3,1423,8,15738,9,14315,9,0.0510090690755278,0.5641466824389719,0.5131376133634441
2021-12-05,Humboldt,023,135768.0,192530,234,97272,87,83291,95,8886,11,8677,44,91764,50,83087,43,0.0639104943727535,0.6758882800070709,0.6119777856343174
2021-12-05,Imperial,025,180216.0,319723,368,165799,178,125399,71,19847,50,38853,196,176158,236,137305,95,0.2155912904514582,0.977482576463799,0.7618912860123408
2021-12-05,Inyo,027,18085.0,25351,0,9577,0,14618,0,688,0,1312,0,11559,0,10247,0,0.0725463090959358,0.6391484655792092,0.5666021564832734
2021-12-05,Kern,029,883053.0,970067,1046,520390,496,397678,402,41080,29,55567,228,487045,241,431478,255,0.0629260078387141,0.5515467361528696,0.4886207283141555
2021-12-05,Kings,031,150075.0,137862,418,67719,176,62441,162,6386,12,8885,107,69980,110,61095,82,0.0592037314675995,0.4663001832417124,0.4070964517741129
2021-12-05,Lake,033,64148.0,74670,47,25399,13,45726,31,3302,0,3972,6,36960,6,32988,9,0.0619193115919436,0.5761676123963335,0.5142483008043899
2021-12-05,Lassen,035,31185.0,18026,18,3442,1,12876,16,1647,1,978,1,9219,1,8241,3,0.0313612313612313,0.2956228956228956,0.2642616642616642
2021-12-05,Los Angeles,037,10098052.0,15483863,20310,8644100,7631,6058460,8531,567641,375,800191,3095,7504473,3228,6704282,4864,0.079242115211924,0.7431604630279186,0.6639183478159946
2021-12-05,Madera,039,155013.0,174874,127,93891,47,72284,66,6708,8,9995,20,86450,23,76455,20,0.0644784630966435,0.5576951610510086,0.4932166979543651
2021-12-05,Marin,041,260295.0,510611,689,309305,189,171292,164,14500,1,20291,41,230981,41,210690,345,0.0779538600434122,0.8873816246950575,0.8094277646516452
2021-12-05,Mariposa,043,17540.0,18525,17,4249,3,13336,14,747,0,3317,4,10451,4,7134,5,0.1891106043329532,0.5958380843785633,0.40672748004561
2021-12-05,Mendocino,045,87422.0,132171,52,71467,10,55239,35,4261,1,6984,6,62274,7,55290,12,0.0798883576216513,0.7123378554597241,0.6324494978380728
2021-12-05,Merced,047,269075.0,301091,293,182706,166,104325,88,11116,6,29735,79,156665,82,126930,71,0.1105082226145126,0.5822354362166682,0.4717272136021555
2021-12-05,Modoc,049,8938.0,8075,6,1411,2,6105,4,532,0,274,0,3825,0,3551,1,0.030655627657194,0.4279480868203177,0.3972924591631237
2021-12-05,Mono,051,14174.0,20881,12,11701,7,8278,5,419,0,928,2,9592,2,8664,0,0.0654719909693805,0.6767320445886835,0.6112600536193029
2021-12-05,Monterey,053,433212.0,649133,884,317317,352,297026,286,25001,16,33789,150,317866,159,284077,268,0.0779964543918451,0.7337423709407865,0.6557459165489414
2021-12-05,Napa,055,140530.0,238405,122,127168,51,101078,47,6675,7,11694,14,112092,17,100398,23,0.0832135487084608,0.7976375151213264,0.7144239664128655
2021-12-05,Nevada,057,99092.0,141032,199,75160,61,60335,85,3874,2,7058,22,66055,24,58997,66,0.0712267387881968,0.6666027529972147,0.5953760142090179
2021-12-05,Orange,059,3164182.0,4946183,6512,2821486,2420,1910096,2925,147314,65,202607,984,2332247,1013,2129640,1268,0.064031398952399,0.7370773868254101,0.6730459878730111
2021-12-05,Placer,061,380077.0,575950,574,331667,224,219708,227,15186,11,21492,76,266629,81,245137,124,0.0565464366431012,0.7015131144478619,0.6449666778047606
2021-12-05,Plumas,063,18699.0,22799,6,3838,0,17325,6,1443,0,1027,2,10869,2,9842,1,0.0549227231402748,0.5812610300016043,0.5263383068613294
2021-12-05,Riverside,065,2383286.0,3045931,3465,1796249,1706,1132329,1170,87520,25,154022,666,1482778,682,1328756,812,0.0646258988640054,0.6221569715090846,0.5575310726450791
2021-12-05,Sacramento,067,1510023.0,2197528,3307,1252178,1274,847332,893,61422,37,94648,609,1042700,630,948052,1059,0.0626798399759473,0.6905192834811126,0.6278394435051652
2021-12-05,San Benito,069,59416.0,91875,78,50895,33,35991,31,3646,2,4656,14,44938,14,40282,20,0.0783627305776221,0.7563282617476774,0.6779655311700552
2021-12-05,San Bernardino,071,2135413.0,2539430,2562,1544622,1315,892288,919,77337,40,120395,429,1247727,448,1127332,590,0.0563801943698947,0.5843024276802661,0.5279222333103714
2021-12-05,San Diego,073,3302833.0,5358126,6755,2936259,2778,2140904,2247,194996,204,351799,1845,2773013,2558,2421214,2304,0.1065143166487678,0.8395861976672754,0.7330718810185074
2021-12-05,San Francisco,075,870044.0,1651413,2506,1040556,1318,517793,583,59892,13,56433,307,750808,308,694375,571,0.064862236852389,0.8629540574959428,0.7980918206435537
2021-12-05,San Joaquin,077,732212.0,976424,1096,568067,550,368102,379,29181,14,73179,317,491891,323,418712,239,0.0999423664184689,0.6717876789782194,0.5718453125597505
2021-12-05,San Luis Obispo,079,281455.0,403042,464,208158,195,175759,209,14454,8,18527,53,188123,54,169596,66,0.0658257980849514,0.6683945923859942,0.6025687943010428
2021-12-05,San Mateo,081,765935.0,1417707,2658,856188,877,479943,865,46454,40,56707,354,650251,366,593544,819,0.0740363085640426,0.8489636849079882,0.7749273763439456
2021-12-05,Santa Barbara,083,443738.0,655573,919,384608,509,237067,264,26104,22,33806,171,318883,177,285077,147,0.0761845954144112,0.7186290108126868,0.6424444153982756
2021-12-05,Santa Clara,085,1922200.0,3570331,7022,2224046,3191,1127766,2091,119445,83,117533,668,1643964,690,1526431,1629,0.0611450421392154,0.8552512745812091,0.7941062324419935
2021-12-05,Santa Cruz,087,273765.0,441744,509,214242,214,208286,267,11395,3,17581,51,207639,52,190058,40,0.0642193121838072,0.7584570708454331,0.6942377586616258
2021-12-05,Shasta,089,179085.0,179639,155,82534,54,86645,83,9180,9,10252,18,88004,20,77752,30,0.0572465588966133,0.4914091074070972,0.4341625485104838
2021-12-05,Sierra,091,2930.0,3615,0,502,0,3029,0,66,0,108,0,1638,0,1530,0,0.0368600682593856,0.5590443686006826,0.5221843003412969
2021-12-05,Siskiyou,093,43540.0,46708,23,19324,10,25705,12,1380,0,2664,2,22309,2,19645,2,0.0611851171336701,0.512379421221865,0.4511943040881948
2021-12-05,Solano,095,438530.0,638212,437,358494,219,255456,159,16715,11,38423,78,310403,81,271980,90,0.0876177228467835,0.7078261464438009,0.6202084235970173
2021-12-05,Sonoma,097,501317.0,840501,514,467381,248,334945,222,25202,7,33874,45,391611,49,357737,73,0.0675700205658296,0.7811644129363258,0.7135943923704962
2021-12-05,Stanislaus,099,539301.0,661546,636,385911,344,249331,215,20646,5,48945,173,334362,181,285417,146,0.0907563679651994,0.619991433355399,0.5292350653901995
2021-12-05,Sutter,101,95872.0,118643,124,51859,55,61265,57,4964,0,5630,21,58626,21,52996,33,0.0587241321762349,0.6115028371161548,0.5527787049399199
2021-12-05,Tehama,103,63373.0,57704,46,21808,15,33328,25,2292,1,2666,4,28168,4,25502,10,0.0420683887459959,0.4444795102015054,0.4024111214555094
2021-12-05,Trinity,105,12862.0,13295,5,3048,2,9348,3,832,0,798,1,6448,1,5650,1,0.0620432281138236,0.5013217229046805,0.4392784947908568
2021-12-05,Tulare,107,460477.0,517550,504,311780,229,187457,191,13939,5,30501,121,256024,124,225523,125,0.0662378359831218,0.5559973679467162,0.4897595319635943
2021-12-05,Tuolumne,109,53932.0,65978,38,19259,6,44815,32,1484,0,4091,11,31055,11,26964,1,0.075854780093451,0.5758176963583772,0.4999629162649262
2021-12-05,Ventura,111,848112.0,1293449,1603,700078,672,534759,720,43823,21,52351,164,615427,172,563076,273,0.0617265172524383,0.7256435470786877,0.6639170298262493
2021-12-05,Yolo,113,214977.0,332719,310,167005,114,148402,159,9100,4,15941,53,158269,54,142328,48,0.0741521185987338,0.7362136414593189,0.6620615228605851
2021-12-05,Yuba,115,75493.0,75712,90,30856,39,39906,35,4347,6,3867,15,38528,17,34661,24,0.0512232922257692,0.5103519531612203,0.4591286609354509
2021-12-04,Alameda,001,1643700.0,2875818,10554,1799693,4102,878605,2782,125020,186,114225,1213,1358276,1248,1244051,3467,0.0694926081401715,0.82635274076778,0.7568601326276084
2021-12-04,Alpine,003,1148.0,1760,0,64,0,1688,0,7,0,115,0,828,0,713,0,0.1001742160278745,0.7212543554006968,0.6210801393728222
2021-12-04,Amador,005,37829.0,48351,51,14136,3,32275,44,1732,0,3593,4,23253,4,19660,6,0.0949800417668984,0.6146871447831029,0.5197071030162045
2021-12-04,Butte,007,227075.0,247642,426,122194,174,114025,168,9394,9,10624,37,118647,37,108023,107,0.0467863040845535,0.5225013761972916,0.475715072112738
2021-12-04,Calaveras,009,45235.0,56221,71,23906,17,30489,51,1655,0,3722,5,26866,5,23144,6,0.0822814192550016,0.593920636675141,0.5116392174201393
2021-12-04,Colusa,011,21464.0,25906,55,7770,22,16963,22,1080,4,1364,5,13204,7,11840,18,0.0635482668654491,0.6151695862840104,0.5516213194185613
2021-12-04,Contra Costa,013,1133247.0,2032993,6514,1344778,2355,584864,1363,60425,61,68346,781,942113,797,873767,2534,0.0603098883120802,0.8313395049799381,0.771029616667858
2021-12-04,Del Norte,015,27424.0,27890,52,10904,20,15221,23,1471,4,1694,7,13733,8,12039,10,0.0617707117852975,0.5007657526254375,0.43899504084014
2021-12-04,El Dorado,017,186661.0,257566,648,126567,158,118956,223,9381,8,11328,88,121273,91,109945,247,0.0606875565865392,0.6496965086440124,0.5890089520574732
2021-12-04,Fresno,019,978130.0,1258466,3458,696264,1443,503799,1158,41891,64,68234,643,617345,659,549111,868,0.0697596434011838,0.631148211382945,0.5613885679817611
2021-12-04,Glenn,021,27897.0,31820,31,14736,21,15284,8,1614,0,1423,6,15729,6,14306,5,0.0510090690755278,0.5638240671039897,0.5128149980284619
2021-12-04,Humboldt,023,135768.0,192296,488,97185,146,83196,153,8875,9,8670,45,91714,45,83044,228,0.0638589358317129,0.6755200047139237,0.6116610688822108
2021-12-04,Imperial,025,180216.0,319355,243,165621,96,125328,61,19797,18,38712,105,175922,118,137210,73,0.2148088959914769,0.976173036800284,0.7613641408088072
2021-12-04,Inyo,027,18085.0,25351,59,9577,9,14618,25,688,0,1312,7,11559,7,10247,31,0.0725463090959358,0.6391484655792092,0.5666021564832734
2021-12-04,Kern,029,883053.0,969021,2309,519894,1018,397276,884,41051,63,55581,447,486804,474,431223,558,0.0629418619267473,0.5512738193517264,0.488331957424979
2021-12-04,Kings,031,150075.0,137444,212,67543,92,62279,79,6374,11,8857,36,69870,39,61013,68,0.0590171580876228,0.4655672163918041,0.4065500583041812
2021-12-04,Lake,033,64148.0,74623,86,25386,14,45695,64,3302,1,3975,9,36954,9,32979,14,0.0619660784435991,0.5760740786930224,0.5141080002494232
2021-12-04,Lassen,035,31185.0,18008,32,3441,9,12860,20,1646,2,980,5,9218,6,8238,10,0.031425364758698,0.2955908289241623,0.2641654641654641
2021-12-04,Los Angeles,037,10098052.0,15463553,48916,8636469,18074,6049929,17463,567266,967,801827,7783,7501245,8092,6699418,13744,0.0794041266572998,0.7428407974132041,0.6634366707559042
2021-12-04,Madera,039,155013.0,174747,562,93844,294,72218,148,6700,21,9992,101,86427,107,76435,126,0.0644591098811067,0.5575467863985601,0.4930876765174534
2021-12-04,Marin,041,260295.0,509922,3684,309116,648,171128,556,14499,25,20595,199,230940,209,210345,2413,0.0791217656889298,0.8872241111047081,0.8081023454157783
2021-12-04,Mariposa,043,17540.0,18508,77,4246,14,13322,60,747,1,3318,26,10447,28,7129,11,0.1891676168757126,0.5956100342075257,0.406442417331813
2021-12-04,Mendocino,045,87422.0,132119,308,71457,53,55204,158,4260,4,6989,49,62267,49,55278,91,0.0799455514630184,0.7122577840818101,0.6323122326187917
2021-12-04,Merced,047,269075.0,300798,560,182540,299,104237,193,11110,24,29724,139,156583,153,126859,127,0.1104673418191953,0.5819306884697575,0.4714633466505621
2021-12-04,Modoc,049,8938.0,8069,6,1409,2,6101,4,532,0,275,1,3825,1,3550,0,0.0307675095099574,0.4279480868203177,0.3971805773103602
2021-12-04,Mono,051,14174.0,20869,29,11694,16,8273,12,419,0,926,3,9590,3,8664,4,0.0653308875405672,0.6765909411598702,0.6112600536193029
2021-12-04,Monterey,053,433212.0,648249,1694,316965,483,296740,482,24985,44,33898,239,317707,264,283809,748,0.0782480633038789,0.733375345096627,0.6551272817927482
2021-12-04,Napa,055,140530.0,238283,742,127117,126,101031,115,6668,12,11700,51,112075,54,100375,478,0.0832562442183163,0.797516544510069,0.7142603002917527
2021-12-04,Nevada,057,99092.0,140833,365,75099,117,60250,155,3872,2,7100,42,66031,44,58931,110,0.0716505873329834,0.6663605538287651,0.5947099664957817
2021-12-04,Orange,059,3164182.0,4939671,14098,2819066,5167,1907171,5646,147249,238,202862,1962,2331234,2049,2128372,3105,0.0641119885012935,0.7367572408919588,0.6726452523906653
2021-12-04,Placer,061,380077.0,575376,989,331443,402,219481,402,15175,8,21535,95,266548,100,245013,211,0.0566595716131205,0.7012999997368954,0.6446404281237749
2021-12-04,Plumas,063,18699.0,22793,27,3838,5,17319,21,1443,1,1026,4,10867,4,9841,5,0.0548692443446173,0.5811540724102893,0.526284828065672
2021-12-04,Riverside,065,2383286.0,3042466,6788,1794543,2947,1131159,2216,87495,128,154152,1134,1482096,1187,1327944,1819,0.0646804454018527,0.6218708119797624,0.5571903665779097
2021-12-04,Sacramento,067,1510023.0,2194221,5772,1250904,2238,846439,1990,61385,92,95077,739,1042070,789,946993,1629,0.0629639416088364,0.6901020712929539,0.6271381296841174
2021-12-04,San Benito,069,59416.0,91797,194,50862,85,35960,65,3644,2,4662,22,44924,23,40262,58,0.078463713477851,0.7560926349804766,0.6776289215026255
2021-12-04,San Bernardino,071,2135413.0,2536868,5753,1543307,2883,891369,1652,77297,103,120537,916,1247279,964,1126742,1481,0.0564466920450517,0.5840926321980806,0.5276459401530289
2021-12-04,San Diego,073,3302833.0,5351371,13885,2933481,5170,2138657,4475,194792,298,351545,3583,2770455,4999,2418910,4831,0.1064374129724391,0.8388117110371611,0.732374298064722
2021-12-04,San Francisco,075,870044.0,1648907,6428,1039238,2234,517210,1751,59879,49,56696,642,750500,658,693804,2216,0.0651645204150594,0.8626000524111425,0.797435531996083
2021-12-04,San Joaquin,077,732212.0,975328,1791,567517,745,367723,676,29167,34,73095,380,491568,401,418473,469,0.0998276455452792,0.6713465499063113,0.571518904361032
2021-12-04,San Luis Obispo,079,281455.0,402578,699,207963,229,175550,300,14446,14,18539,54,188069,57,169530,181,0.0658684336750102,0.6682027322307296,0.6023342985557194
2021-12-04,San Mateo,081,765935.0,1415049,6806,855311,2529,479078,2032,46414,101,57160,712,649885,736,592725,2051,0.0746277425630112,0.8484858375710732,0.773858095008062
2021-12-04,Santa Barbara,083,443738.0,654654,1543,384099,549,236803,602,26082,21,33776,136,318706,146,284930,439,0.0761169879523502,0.7182301267865272,0.642113138834177
2021-12-04,Santa Clara,085,1922200.0,3563309,14188,2220855,5082,1125675,3687,119362,172,118472,1587,1643274,1617,1524802,4783,0.0616335448964727,0.8548923108937676,0.7932587659972947
2021-12-04,Santa Cruz,087,273765.0,441235,1947,214028,505,208019,573,11392,12,17569,519,207587,520,190018,474,0.0641754789691889,0.7582671269154202,0.6940916479462312
2021-12-04,Shasta,089,179085.0,179484,358,82480,122,86562,148,9171,18,10262,87,87984,88,77722,60,0.057302398302482,0.4912974285953597,0.4339950302928776
2021-12-04,Sierra,091,2930.0,3615,2,502,0,3029,2,66,0,108,0,1638,0,1530,2,0.0368600682593856,0.5590443686006826,0.5221843003412969
2021-12-04,Siskiyou,093,43540.0,46685,30,19314,10,25693,18,1380,2,2664,8,22307,8,19643,5,0.0611851171336701,0.512333486449242,0.4511483693155719
2021-12-04,Solano,095,438530.0,637775,1584,358275,629,255297,455,16704,24,38432,153,310322,167,271890,548,0.0876382459580872,0.7076414384420678,0.6200031924839806
2021-12-04,Sonoma,097,501317.0,839987,3573,467133,1330,334723,1209,25195,64,33898,442,391562,456,357664,959,0.0676178944659766,0.7810666703901923,0.7134487759242156
2021-12-04,Stanislaus,099,539301.0,660910,1132,385567,604,249116,371,20641,21,48910,254,334181,268,285271,255,0.090691469142464,0.6196558137292533,0.5289643445867892
2021-12-04,Sutter,101,95872.0,118519,218,51804,86,61208,101,4964,4,5642,30,58605,31,52963,47,0.0588492990654205,0.6112837950600801,0.5524344959946595
2021-12-04,Tehama,103,63373.0,57658,64,21793,20,33303,40,2291,2,2672,15,28164,17,25492,13,0.0421630662900604,0.4444163918387957,0.4022533255487353
2021-12-04,Trinity,105,12862.0,13290,42,3046,13,9345,28,832,0,798,6,6447,6,5649,3,0.0620432281138236,0.5012439744985228,0.4392007463846991
2021-12-04,Tulare,107,460477.0,517046,1551,311551,779,187266,561,13934,17,30502,337,255900,340,225398,303,0.0662400076442471,0.5557280819671775,0.4894880743229303
2021-12-04,Tuolumne,109,53932.0,65940,59,19253,15,44783,42,1484,1,4081,12,31044,12,26963,4,0.075669361418082,0.5756137358154714,0.4999443743973893
2021-12-04,Ventura,111,848112.0,1291846,2759,699406,949,534039,1070,43802,54,52452,360,615255,377,562803,706,0.0618456052974135,0.7254407436753636,0.66359513837795
2021-12-04,Yolo,113,214977.0,332409,1080,166891,348,148243,513,9096,16,15935,86,158215,90,142280,234,0.0741242086362727,0.735962451797169,0.6618382431608962
2021-12-04,Yuba,115,75493.0,75622,139,30817,52,39871,65,4341,7,3874,16,38511,21,34637,41,0.0513160160544686,0.5101267667200933,0.4588107506656246
2021-12-03,Alameda,001,1643700.0,2865264,17120,1795591,7490,875823,4972,124834,316,116444,2281,1357028,2348,1240584,4026,0.0708426111820891,0.8255934781286123,0.754750866946523
2021-12-03,Alpine,003,1148.0,1760,2,64,0,1688,2,7,0,115,0,828,0,713,0,0.1001742160278745,0.7212543554006968,0.6210801393728222
2021-12-03,Amador,005,37829.0,48300,224,14133,45,32231,158,1732,10,3595,47,23249,52,19654,29,0.0950329112585582,0.6145814057997833,0.519548494541225
2021-12-03,Butte,007,227075.0,247216,1130,122020,357,113857,528,9385,26,10694,77,118610,84,107916,302,0.0470945722778817,0.522338434437961,0.4752438621600792
2021-12-03,Calaveras,009,45235.0,56150,231,23889,71,30438,129,1655,9,3723,60,26861,65,23138,27,0.0823035260307284,0.5938101027965071,0.5115065767657787
2021-12-03,Colusa,011,21464.0,25851,80,7748,29,16941,48,1076,1,1375,15,13197,15,11822,15,0.0640607528885575,0.6148434588147595,0.550782705926202
2021-12-03,Contra Costa,013,1133247.0,2026479,11202,1342423,5129,583501,3484,60364,161,70083,1319,941316,1382,871233,2382,0.0618426521314417,0.8306362161117568,0.768793563980315
2021-12-03,Del Norte,015,27424.0,27838,174,10884,37,15198,100,1467,6,1696,38,13725,40,12029,26,0.0618436406067677,0.5004740373395566,0.4386303967327888
2021-12-03,El Dorado,017,186661.0,256918,1092,126409,351,118733,497,9373,23,11484,127,121182,135,109698,243,0.0615232962429216,0.649208993844456,0.5876856976015343
2021-12-03,Fresno,019,978130.0,1255008,7073,694821,2959,502641,2582,41827,216,68443,1235,616686,1302,548243,1584,0.0699733164303313,0.6304744768077862,0.5605011603774549
2021-12-03,Glenn,021,27897.0,31789,176,14715,96,15276,62,1614,7,1422,27,15723,28,14301,34,0.0509732229271964,0.5636089902140015,0.512635767286805
2021-12-03,Humboldt,023,135768.0,191808,1232,97039,349,83043,653,8866,32,8853,101,91669,112,82816,273,0.0652068234046314,0.6751885569500913,0.6099817335454599
2021-12-03,Imperial,025,180216.0,319112,1606,165525,543,125267,564,19779,87,38667,563,175804,630,137137,429,0.2145591956319083,0.9755182669685266,0.7609590713366183
2021-12-03,Inyo,027,18085.0,25292,115,9568,23,14593,68,688,5,1336,18,11552,18,10216,18,0.0738733757257395,0.6387614044788499,0.5648880287531103
2021-12-03,Kern,029,883053.0,966712,6144,518876,2586,396392,2254,40988,151,55665,1090,486330,1145,430665,1471,0.0630369864549466,0.5507370452283159,0.4877000587733692
2021-12-03,Kings,031,150075.0,137232,637,67451,236,62200,309,6363,23,8886,113,69831,119,60945,156,0.0592103948025987,0.4653073463268365,0.4060969515242378
2021-12-03,Lake,033,64148.0,74537,329,25372,88,45631,175,3301,20,3980,73,36945,79,32965,39,0.0620440231963584,0.5759337781380558,0.5138897549416973
2021-12-03,Lassen,035,31185.0,17976,77,3432,18,12840,42,1644,2,984,27,9212,27,8228,7,0.0315536315536315,0.2953984287317621,0.2638447971781305
2021-12-03,Los Angeles,037,10098052.0,15414637,80458,8618395,33060,6032466,32598,566299,1827,807479,11182,7493153,11839,6685674,17878,0.0799638385700529,0.742039454738399,0.6620756161683461
2021-12-03,Madera,039,155013.0,174185,926,93550,399,72070,352,6679,27,10011,183,86320,194,76309,210,0.0645816802461729,0.5568565217110822,0.4922748414649094
2021-12-03,Marin,041,260295.0,506238,2421,308468,1035,170572,1026,14474,23,22799,183,230731,196,207932,378,0.0875890816189323,0.8864211759734147,0.7988320943544824
2021-12-03,Mariposa,043,17540.0,18431,40,4232,11,13262,28,746,1,3301,15,10419,15,7118,1,0.1881984036488027,0.5940136830102623,0.4058152793614595
2021-12-03,Mendocino,045,87422.0,131811,1179,71404,607,55046,406,4256,28,7031,123,62218,136,55187,276,0.0804259797305026,0.7116972844364119,0.6312713047059093
2021-12-03,Merced,047,269075.0,300238,1177,182241,588,104044,411,11086,19,29698,309,156430,318,126732,270,0.110370714484809,0.5813620737712534,0.4709913592864443
2021-12-03,Modoc,049,8938.0,8063,18,1407,2,6097,14,532,2,274,3,3824,4,3550,2,0.030655627657194,0.4278362049675542,0.3971805773103602
2021-12-03,Mono,051,14174.0,20840,353,11678,113,8261,124,419,3,927,38,9587,39,8660,106,0.0654014392549739,0.6763792860166502,0.6109778467616763
2021-12-03,Monterey,053,433212.0,646555,3018,316482,910,296258,1618,24941,44,34382,494,317443,502,283061,545,0.0793652992068548,0.7327659436950038,0.6534006444881489
2021-12-03,Napa,055,140530.0,237541,790,126991,274,100916,283,6656,10,12124,60,112021,61,99897,256,0.0862733935814416,0.7971322849213691,0.7108588913399274
2021-12-03,Nevada,057,99092.0,140468,581,74982,139,60095,315,3870,10,7166,52,65987,58,58821,144,0.0723166350462196,0.6659165220199411,0.5935998869737213
2021-12-03,Orange,059,3164182.0,4925573,25810,2813899,9871,1901525,10827,147011,454,203918,3207,2329185,3351,2125267,5127,0.0644457240449506,0.7361096801637832,0.6716639561188326
2021-12-03,Placer,061,380077.0,574387,2961,331041,1097,219079,1144,15167,44,21646,267,266448,280,244802,732,0.0569516176985189,0.7010368951554553,0.6440852774569363
2021-12-03,Plumas,063,18699.0,22766,105,3833,18,17298,68,1442,7,1027,13,10863,15,9836,16,0.0549227231402748,0.5809401572276592,0.5260174340873843
2021-12-03,Riverside,065,2383286.0,3035678,14633,1791596,6525,1128943,5722,87367,351,154784,2250,1480909,2385,1326125,2746,0.0649456254935412,0.621372760130341,0.5564271346367998
2021-12-03,Sacramento,067,1510023.0,2188449,11190,1248666,4533,844449,4036,61293,208,95917,1385,1041281,1449,945364,2725,0.0635202245263813,0.6895795626954027,0.6260593381690213
2021-12-03,San Benito,069,59416.0,91603,461,50777,179,35895,221,3642,8,4697,53,44901,56,40204,74,0.0790527803958529,0.7557055338629325,0.6766527534670795
2021-12-03,San Bernardino,071,2135413.0,2531115,12681,1540424,5917,889717,4499,77194,310,121054,1887,1246315,1983,1125261,2701,0.0566887997778415,0.5836411972765924,0.5269523974987508
2021-12-03,San Diego,073,3302833.0,5337486,25347,2928311,9475,2134182,10471,194494,530,351377,5194,2765456,7893,2414079,7402,0.1063865475487255,0.8372981619113047,0.730911614362579
2021-12-03,San Francisco,075,870044.0,1642479,10011,1037004,4291,515459,3924,59830,92,58254,833,749842,856,691588,1774,0.0669552344479129,0.8618437688208872,0.7948885343729742
2021-12-03,San Joaquin,077,732212.0,973537,4618,566772,2149,367047,1573,29133,79,73163,1052,491167,1089,418004,1040,0.0999205148235756,0.6707988943092984,0.5708783794857227
2021-12-03,San Luis Obispo,079,281455.0,401879,1794,207734,722,175250,793,14432,50,18663,181,188012,194,169349,298,0.0663090014389511,0.6680002131779503,0.6016912117389991
2021-12-03,San Mateo,081,765935.0,1408243,8212,852782,3454,477046,3140,46313,133,58475,723,649149,755,590674,1630,0.0763445984319818,0.8475249205219764,0.7711803220899945
2021-12-03,Santa Barbara,083,443738.0,653111,3854,383550,1640,236201,1730,26061,78,34069,430,318560,456,284491,667,0.0767772874984788,0.7179011038044972,0.6411238163060184
2021-12-03,Santa Clara,085,1922200.0,3549121,19611,2215773,7482,1121988,5888,119190,229,121638,2226,1641657,2293,1520019,5522,0.0632806159608781,0.8540510872958069,0.7907704713349287
2021-12-03,Santa Cruz,087,273765.0,439288,2137,213523,639,207446,977,11380,35,17523,482,207067,500,189544,281,0.0640074516464851,0.7563676876152905,0.6923602359688054
2021-12-03,Shasta,089,179085.0,179126,854,82358,274,86414,468,9153,28,10234,114,87896,124,77662,157,0.0571460479660496,0.490806041823715,0.4336599938576653
2021-12-03,Sierra,091,2930.0,3613,4,502,1,3027,1,66,0,110,2,1638,2,1528,0,0.0375426621160409,0.5590443686006826,0.5215017064846417
2021-12-03,Siskiyou,093,43540.0,46655,203,19304,20,25675,170,1378,13,2661,24,22299,25,19638,32,0.0611162149747358,0.5121497473587506,0.4510335323840147
2021-12-03,Solano,095,438530.0,636191,2726,357646,1094,254842,996,16680,44,38813,250,310155,270,271342,770,0.0885070576699427,0.7072606207100997,0.6187535630401569
2021-12-03,Sonoma,097,501317.0,836414,4718,465803,1782,333514,1860,25131,64,34401,614,391106,627,356705,1025,0.0686212516232244,0.780157066287399,0.7115358146641746
2021-12-03,Stanislaus,099,539301.0,659778,2540,384963,1067,248745,1051,20620,64,48897,525,333913,554,285016,625,0.090667363865448,0.6191588741723082,0.5284915103068601
2021-12-03,Sutter,101,95872.0,118301,514,51718,147,61107,322,4960,7,5658,60,58574,63,52916,95,0.0590161882510013,0.6109604472630173,0.551944259012016
2021-12-03,Tehama,103,63373.0,57594,250,21773,61,33263,155,2289,7,2668,31,28147,37,25479,71,0.0420999479273507,0.4441481387972796,0.4020481908699288
2021-12-03,Trinity,105,12862.0,13248,215,3033,30,9317,145,832,14,795,55,6441,58,5646,17,0.0618099828953506,0.5007774840615767,0.438967501166226
2021-12-03,Tulare,107,460477.0,515495,2197,310772,1027,186705,834,13917,63,30465,452,255560,470,225095,484,0.0661596561826106,0.5549897171845717,0.488830061001961
2021-12-03,Tuolumne,109,53932.0,65881,396,19238,75,44741,216,1483,2,4073,87,31032,87,26959,76,0.0755210264777868,0.5753912334050285,0.4998702069272417
2021-12-03,Ventura,111,848112.0,1289087,6083,698457,2435,532969,2475,43748,149,52781,771,614878,835,562097,1155,0.0622335257607485,0.7249962269134266,0.662762701152678
2021-12-03,Yolo,113,214977.0,331329,1925,166543,577,147730,632,9080,23,16079,212,158125,220,142046,750,0.0747940477353391,0.7355438023602525,0.6607497546249134
2021-12-03,Yuba,115,75493.0,75483,352,30765,98,39806,196,4334,19,3894,47,38490,53,34596,74,0.0515809412793239,0.5098485952339952,0.4582676539546713
2021-12-02,Alameda,001,1643700.0,2848144,16109,1788101,6515,870851,5174,124518,408,118122,2095,1354680,2192,1236558,3732,0.0718634787369958,0.824164993611973,0.7523015148749772
2021-12-02,Alpine,003,1148.0,1758,7,64,0,1686,6,7,0,115,2,828,2,713,0,0.1001742160278745,0.7212543554006968,0.6210801393728222
2021-12-02,Amador,005,37829.0,48076,209,14088,32,32073,159,1722,4,3572,33,23197,34,19625,28,0.0944249121044701,0.6132067990166274,0.5187818869121573
2021-12-02,Butte,007,227075.0,246086,1117,121663,445,113329,513,9359,24,10912,166,118526,173,107614,144,0.0480546075085324,0.5219685126059672,0.4739139050974347
2021-12-02,Calaveras,009,45235.0,55919,243,23818,72,30309,162,1646,3,3685,55,26796,57,23111,16,0.0814634685531115,0.5923731623742677,0.5109096938211561
2021-12-02,Colusa,011,21464.0,25771,77,7719,26,16893,47,1075,2,1375,11,13182,12,11807,21,0.0640607528885575,0.6141446142377935,0.5500838613492359
2021-12-02,Contra Costa,013,1133247.0,2015277,10429,1337294,4872,580017,3230,60203,145,71083,1272,939934,1316,868851,2031,0.0627250722922716,0.8294167114494898,0.7666916391572182
2021-12-02,Del Norte,015,27424.0,27664,97,10847,34,15098,44,1461,9,1682,20,13685,21,12003,18,0.061333138856476,0.4990154609101517,0.4376823220536756
2021-12-02,El Dorado,017,186661.0,255826,1157,126058,371,118236,641,9350,32,11592,119,121047,124,109455,165,0.0621018852358018,0.6484857576033558,0.586383872367554
2021-12-02,Fresno,019,978130.0,1247935,5969,691862,2374,500059,2434,41611,174,68725,1058,615384,1120,546659,1267,0.0702616216658317,0.629143365401327,0.5588817437354953
2021-12-02,Glenn,021,27897.0,31613,119,14619,65,15214,43,1607,4,1428,30,15695,31,14267,20,0.0511882998171846,0.5626052980607233,0.5114169982435387
2021-12-02,Humboldt,023,135768.0,190576,999,96690,364,82390,381,8834,16,9014,121,91557,128,82543,287,0.0663926698485652,0.6743636202934418,0.6079709504448766
2021-12-02,Imperial,025,180216.0,317506,1516,164982,700,124703,403,19692,101,38466,459,175174,537,136708,414,0.213443867359169,0.9720224619345674,0.7585785945753984
2021-12-02,Inyo,027,18085.0,25177,110,9545,28,14525,71,683,3,1336,17,11534,19,10198,17,0.0738733757257395,0.6377661045064971,0.5638927287807576
2021-12-02,Kern,029,883053.0,960568,4087,516290,1748,394138,1712,40837,113,55991,782,485185,815,429194,879,0.0634061602191488,0.5494404073141703,0.4860342470950214
2021-12-02,Kings,031,150075.0,136595,599,67215,240,61891,271,6340,35,8923,82,69712,90,60789,138,0.0594569381975678,0.4645144094619357,0.4050574712643678
2021-12-02,Lake,033,64148.0,74208,311,25284,82,45456,213,3281,11,3940,37,36866,40,32926,37,0.0614204651742844,0.5747022510444597,0.5132817858701753
2021-12-02,Lassen,035,31185.0,17899,71,3414,14,12798,45,1642,11,964,11,9185,14,8221,10,0.0309122975789642,0.2945326278659612,0.2636203302869969
2021-12-02,Los Angeles,037,10098052.0,15334179,66442,8585335,27902,5999868,27356,564472,1628,813518,9387,7481314,9968,6667796,14278,0.0805618747061314,0.7408670503974429,0.6603051756913115
2021-12-02,Madera,039,155013.0,173259,762,93151,320,71718,348,6652,25,10027,111,86126,119,76099,147,0.0646848973957023,0.5556050137730384,0.490920116377336
2021-12-02,Marin,041,260295.0,503817,2613,307433,1174,169546,1082,14451,36,22981,211,230535,217,207554,360,0.0882882882882882,0.8856681841756469,0.7973798958873586
2021-12-02,Mariposa,043,17540.0,18391,112,4221,22,13234,72,745,7,3287,46,10404,50,7117,20,0.187400228050171,0.5931584948688712,0.4057582668187001
2021-12-02,Mendocino,045,87422.0,130632,321,70797,111,54640,177,4228,11,7171,36,62082,41,54911,60,0.0820274072887831,0.710141611951225,0.6281142046624419
2021-12-02,Merced,047,269075.0,299061,1113,181653,524,103633,479,11067,19,29650,276,156112,289,126462,226,0.1101923255597881,0.5801802471429899,0.4699879215832017
2021-12-02,Modoc,049,8938.0,8045,77,1405,7,6083,64,530,4,272,9,3820,9,3548,3,0.030431863951667,0.4273886775565003,0.3969568136048333
2021-12-02,Mono,051,14174.0,20487,158,11565,64,8137,74,416,7,994,23,9548,26,8554,15,0.0701284041202201,0.6736277691547905,0.6034993650345704
2021-12-02,Monterey,053,433212.0,643537,2407,315572,811,294640,1308,24897,28,34425,375,316941,389,282516,433,0.0794645577684828,0.7316071576964627,0.6521425999279798
2021-12-02,Napa,055,140530.0,236751,853,126717,366,100633,296,6646,29,12319,99,111960,111,99641,180,0.0876609976517469,0.7966982139045043,0.7090372162527574
2021-12-02,Nevada,057,99092.0,139887,642,74843,269,59780,288,3860,9,7252,81,65929,86,58677,97,0.0731845153998304,0.6653312073628547,0.5921466919630243
2021-12-02,Orange,059,3164182.0,4899763,20508,2804028,8164,1890698,8578,146557,409,205694,2463,2325834,2605,2120140,4060,0.0650070065501921,0.7350506386800759,0.6700436321298838
2021-12-02,Placer,061,380077.0,571426,3023,329944,1221,217935,1187,15123,59,22098,370,266168,392,244070,622,0.0581408504066281,0.7003002023274232,0.642159351920795
2021-12-02,Plumas,063,18699.0,22661,124,3815,8,17230,109,1435,7,1028,8,10848,10,9820,10,0.0549762019359324,0.5801379752927964,0.525161773356864
2021-12-02,Riverside,065,2383286.0,3021045,11956,1785071,5435,1123221,4862,87016,310,155145,1744,1478524,1849,1323379,2197,0.0650970970332557,0.6203720409552189,0.5552749439219632
2021-12-02,Sacramento,067,1510023.0,2177259,10994,1244133,4309,840413,4206,61085,279,97193,1675,1039832,1767,942639,2374,0.0643652447677949,0.6886199746626376,0.6242547298948427
2021-12-02,San Benito,069,59416.0,91142,488,50598,203,35674,237,3634,2,4715,64,44845,64,40130,86,0.0793557290965396,0.7547630267941295,0.6754072976975899
2021-12-02,San Bernardino,071,2135413.0,2518434,9961,1534507,4421,885218,3769,76884,380,121772,1342,1244332,1448,1122560,2148,0.0570250345015226,0.5827125712918297,0.5256875367903071
2021-12-02,San Diego,073,3302833.0,5312139,24896,2918836,9702,2123711,10112,193964,547,350886,5175,2757563,7849,2406677,6868,0.1062378872925152,0.8349083953079068,0.7286705080153917
2021-12-02,San Francisco,075,870044.0,1632468,9411,1032713,4000,511535,3770,59738,123,59172,792,748986,825,689814,1563,0.0680103534993632,0.8608599105332604,0.7928495570338971
2021-12-02,San Joaquin,077,732212.0,968919,3686,564623,1655,365474,1416,29054,101,73114,837,490078,886,416964,765,0.099853594314215,0.6693116201318744,0.5694580258176594
2021-12-02,San Luis Obispo,079,281455.0,400085,1775,207012,587,174457,946,14382,48,18767,172,187818,188,169051,272,0.0666785098861274,0.667310937805333,0.6006324279192056
2021-12-02,San Mateo,081,765935.0,1400031,7774,849328,3179,473906,3104,46180,149,59350,701,648394,730,589044,1438,0.077486993021601,0.8465391971903621,0.7690522041687611
2021-12-02,Santa Barbara,083,443738.0,649257,2891,381910,1250,234471,1277,25983,56,34280,352,318104,370,283824,458,0.0772527933149741,0.7168734703811709,0.6396206770661967
2021-12-02,Santa Clara,085,1922200.0,3529510,19116,2208291,8676,1116100,5983,118961,309,124867,2174,1639364,2256,1514497,3741,0.0649604619706586,0.8528581833315992,0.7878977213609406
2021-12-02,Santa Cruz,087,273765.0,437151,2725,212884,851,206469,1397,11345,57,17304,251,206567,266,189263,464,0.0632074954796997,0.7545413036728581,0.6913338081931584
2021-12-02,Shasta,089,179085.0,178272,863,82084,268,85946,488,9125,43,10267,92,87772,110,77505,185,0.0573303180054164,0.4901136331909428,0.4327833151855264
2021-12-02,Sierra,091,2930.0,3609,55,501,2,3026,53,66,0,108,5,1636,5,1528,0,0.0368600682593856,0.5583617747440273,0.5215017064846417
2021-12-02,Siskiyou,093,43540.0,46452,189,19284,38,25505,104,1365,2,2668,28,22274,29,19606,53,0.0612769866789159,0.5115755627009646,0.4502985760220487
2021-12-02,Solano,095,438530.0,633465,2416,356552,1021,253846,879,16636,43,39313,372,309885,392,270572,557,0.0896472305201468,0.7066449273709895,0.6169976968508426
2021-12-02,Sonoma,097,501317.0,831696,4017,464021,1907,331654,1544,25067,67,34799,422,390479,440,355680,691,0.069415160467329,0.7789063606460583,0.7094912001787292
2021-12-02,Stanislaus,099,539301.0,657238,2132,383896,916,247694,920,20556,54,48968,462,333359,491,284391,452,0.0907990157629969,0.6181316185210115,0.5273326027580145
2021-12-02,Sutter,101,95872.0,117787,496,51571,133,60785,314,4953,13,5690,78,58511,82,52821,78,0.0593499666221628,0.610303321094793,0.5509533544726302
2021-12-02,Tehama,103,63373.0,57344,296,21712,48,33108,217,2282,13,2702,26,28110,34,25408,47,0.0426364540103829,0.4435642939422151,0.4009278399318322
2021-12-02,Trinity,105,12862.0,13033,58,3003,21,9172,33,818,1,754,10,6383,10,5629,11,0.058622298242886,0.4962680765044316,0.4376457782615456
2021-12-02,Tulare,107,460477.0,513298,2303,309745,1133,185871,857,13854,53,30479,502,255090,521,224611,495,0.066190059438365,0.5539690364556753,0.4877789770173103
2021-12-02,Tuolumne,109,53932.0,65485,231,19163,32,44525,190,1481,3,4062,55,30945,57,26883,11,0.0753170659348809,0.5737780909293184,0.4984610249944374
2021-12-02,Ventura,111,848112.0,1283004,5390,696022,2247,530494,2320,43599,160,53101,609,614043,656,560942,934,0.0626108344180957,0.7240116871356613,0.6614008527175657
2021-12-02,Yolo,113,214977.0,329404,1836,165966,644,147098,801,9057,26,16609,258,157905,269,141296,386,0.0772594277527363,0.7345204370700121,0.6572610093172758
2021-12-02,Yuba,115,75493.0,75131,354,30667,89,39610,203,4315,16,3915,67,38437,71,34522,55,0.0518591127654219,0.5091465433881287,0.4572874306227067
2021-12-01,Alameda,001,1643700.0,2832035,15809,1781586,6340,865677,4576,124110,271,119662,2192,1352488,2265,1232826,4490,0.0728003893654559,0.8228314169252297,0.7500310275597737
2021-12-01,Alpine,003,1148.0,1751,33,64,1,1680,32,7,0,113,4,826,4,713,3,0.0984320557491289,0.7195121951219512,0.6210801393728222
2021-12-01,Amador,005,37829.0,47867,166,14056,40,31914,111,1718,1,3566,35,23163,35,19597,20,0.0942663036294906,0.6123080176584103,0.5180417140289196
2021-12-01,Butte,007,227075.0,244969,1059,121218,512,112816,476,9335,23,10883,86,118353,91,107470,145,0.0479268963998678,0.5212066497853132,0.4732797533854453
2021-12-01,Calaveras,009,45235.0,55676,178,23746,70,30147,97,1643,5,3644,44,26739,46,23095,16,0.0805570907483143,0.5911130761578424,0.5105559854095281
2021-12-01,Colusa,011,21464.0,25694,337,7693,29,16846,299,1073,2,1384,36,13170,37,11786,21,0.0644800596347372,0.6135855385762207,0.5491054789414834
2021-12-01,Contra Costa,013,1133247.0,2004848,9766,1332422,4496,576787,2773,60058,137,71798,1182,938618,1225,866820,2231,0.063356002707265,0.8282554465178377,0.7648994438105726
2021-12-01,Del Norte,015,27424.0,27567,167,10813,27,15054,128,1452,3,1679,24,13664,25,11985,16,0.0612237456242707,0.4982497082847141,0.4370259626604434
2021-12-01,El Dorado,017,186661.0,254669,1098,125687,401,117595,554,9318,32,11633,120,120923,125,109290,159,0.0623215347608766,0.6478214517226416,0.585499916961765
2021-12-01,Fresno,019,978130.0,1241966,5531,689488,2382,497625,2201,41437,168,68872,968,614264,1033,545392,1072,0.0704119084375287,0.6279983233312545,0.5575864148937257
2021-12-01,Glenn,021,27897.0,31494,179,14554,76,15171,65,1603,3,1417,46,15664,47,14247,48,0.0507939921855396,0.5614940674624511,0.5107000752769115
2021-12-01,Humboldt,023,135768.0,189577,797,96326,264,82009,365,8818,32,9173,138,91429,147,82256,134,0.067563785280773,0.673420835542985,0.605857050262212
2021-12-01,Imperial,025,180216.0,315990,2279,164282,977,124300,778,19591,174,38343,878,174637,988,136294,509,0.212761353043015,0.9690427043103832,0.7562813512673681
2021-12-01,Inyo,027,18085.0,25067,95,9517,15,14454,76,680,4,1334,8,11515,9,10181,9,0.0737627868399225,0.6367155100912358,0.5629527232513133
2021-12-01,Kern,029,883053.0,956481,4258,514542,1740,392426,1753,40724,133,56055,810,484370,863,428315,994,0.0634786360501578,0.5485174729036649,0.485038836853507
2021-12-01,Kings,031,150075.0,135996,664,66975,225,61620,321,6305,32,8971,137,69622,150,60651,121,0.0597767782775279,0.4639147093120107,0.4041379310344827
2021-12-01,Lake,033,64148.0,73897,142,25202,32,45243,103,3270,1,3937,17,36826,18,32889,26,0.0613736983226289,0.5740786930223857,0.5127049946997568
2021-12-01,Lassen,035,31185.0,17828,145,3400,20,12753,115,1631,10,960,19,9171,23,8211,20,0.0307840307840307,0.294083694083694,0.2632996632996633
2021-12-01,Los Angeles,037,10098052.0,15267737,65821,8557433,27603,5972512,26731,562844,1491,817828,9803,7471346,10359,6653518,14585,0.0809886896997559,0.7398799293170604,0.6588912396173044
2021-12-01,Madera,039,155013.0,172497,888,92831,381,71370,349,6627,47,10055,172,86007,190,75952,180,0.0648655274073787,0.5548373362234135,0.4899718088160348
2021-12-01,Marin,041,260295.0,501204,2591,306259,1022,168464,1071,14415,28,23124,241,230318,250,207194,497,0.0888376649570679,0.884834514685261,0.795996849728193
2021-12-01,Mariposa,043,17540.0,18279,83,4199,8,13162,52,738,3,3257,27,10354,29,7097,26,0.1856898517673888,0.5903078677309008,0.404618015963512
2021-12-01,Mendocino,045,87422.0,130311,452,70686,161,54463,172,4217,14,7190,104,62041,107,54851,122,0.0822447438859783,0.7096726224520143,0.627427878566036
2021-12-01,Merced,047,269075.0,297948,1056,181129,504,103154,361,11048,42,29587,317,155823,334,126236,238,0.1099581900956982,0.5791061971569265,0.4691480070612283
2021-12-01,Modoc,049,8938.0,7968,3,1398,1,6019,1,526,0,266,0,3811,0,3545,1,0.0297605728350861,0.426381740881629,0.3966211680465428
2021-12-01,Mono,051,14174.0,20329,53,11501,27,8063,23,409,2,983,10,9522,11,8539,2,0.0693523352617468,0.6717934245802173,0.6024410893184704
2021-12-01,Monterey,053,433212.0,641130,3170,314761,1139,293332,1442,24869,29,34469,671,316552,684,282083,535,0.0795661246687534,0.7307092139645255,0.651143089295772
2021-12-01,Napa,055,140530.0,235898,830,126351,255,100337,312,6617,16,12388,107,111849,111,99461,245,0.0881519960150857,0.7959083469721767,0.707756350957091
2021-12-01,Nevada,057,99092.0,139245,590,74574,232,59492,301,3851,10,7263,45,65843,49,58580,85,0.0732955233520364,0.6644633270092439,0.5911678036572074
2021-12-01,Orange,059,3164182.0,4879255,19981,2795864,7980,1882120,8591,146148,386,207149,2522,2323229,2675,2116080,3615,0.0654668410350605,0.7342273611315657,0.6687605200965052
2021-12-01,Placer,061,380077.0,568403,2717,328723,1043,216748,1080,15064,52,22328,261,265776,287,243448,640,0.0587459909439403,0.699268832368178,0.6405228414242378
2021-12-01,Plumas,063,18699.0,22537,90,3807,26,17121,61,1428,1,1028,10,10838,11,9810,11,0.0549762019359324,0.5796031873362212,0.5246269854002887
2021-12-01,Riverside,065,2383286.0,3009089,11248,1779636,5029,1118359,4422,86706,247,155493,1972,1476675,2078,1321182,2264,0.0652431139191855,0.6195962213515289,0.5543531074323435
2021-12-01,Sacramento,067,1510023.0,2166265,9847,1239824,3861,836207,3721,60806,234,97800,1519,1038065,1607,940265,2258,0.064767225399878,0.6874497938110876,0.6226825684112096
2021-12-01,San Benito,069,59416.0,90654,564,50395,165,35437,230,3632,6,4737,97,44781,97,40044,154,0.0797259997307122,0.7536858758583547,0.6739598761276424
2021-12-01,San Bernardino,071,2135413.0,2508473,9880,1530086,4655,881449,3691,76504,270,122472,1742,1242884,1855,1120412,1985,0.0573528399424373,0.5820344823226233,0.5246816423801859
2021-12-01,San Diego,073,3302833.0,5287243,24242,2909134,9058,2113599,9882,193417,628,349905,5059,2749714,7767,2399809,7015,0.1059408695504737,0.832531950601196,0.7265910810507222
2021-12-01,San Francisco,075,870044.0,1623057,9273,1028713,4146,507765,3673,59615,94,59910,843,748161,870,688251,1431,0.0688585864622938,0.8599116826275452,0.7910530961652514
2021-12-01,San Joaquin,077,732212.0,965233,3539,562968,1754,364058,1258,28953,73,72993,785,489192,825,416199,773,0.0996883416278345,0.6681015880646589,0.5684132464368243
2021-12-01,San Luis Obispo,079,281455.0,398310,1887,206425,755,173511,872,14334,47,18851,239,187630,256,168779,249,0.066976959016539,0.6666429802277452,0.599666021211206
2021-12-01,San Mateo,081,765935.0,1392257,7594,846149,3033,470802,2810,46031,106,60058,682,647664,710,587606,1724,0.07841135344383,0.8455861137041655,0.7671747602603354
2021-12-01,Santa Barbara,083,443738.0,646366,2872,380660,1265,233194,980,25927,86,34368,452,317734,476,283366,537,0.0774511085370195,0.7160396450157526,0.6385885364787329
2021-12-01,Santa Clara,085,1922200.0,3510394,19509,2199615,8349,1110117,5734,118652,255,126352,2375,1637108,2447,1510756,4476,0.0657330142545,0.8516845281448341,0.785951513890334
2021-12-01,Santa Cruz,087,273765.0,434426,2327,212033,583,205072,1114,11288,28,17502,263,206301,276,188799,623,0.0639307435209029,0.753569667415484,0.6896389238945811
2021-12-01,Shasta,089,179085.0,177409,602,81816,201,85458,297,9082,43,10342,68,87662,91,77320,161,0.0577491135494318,0.4894993997263869,0.4317502861769551
2021-12-01,Sierra,091,2930.0,3554,40,499,0,2973,40,66,0,103,4,1631,4,1528,0,0.0351535836177474,0.5566552901023891,0.5215017064846417
2021-12-01,Siskiyou,093,43540.0,46263,231,19246,69,25401,111,1363,4,2692,45,22245,47,19553,51,0.0618282039503904,0.5109095084979329,0.4490813045475424
2021-12-01,Solano,095,438530.0,631049,2520,355531,1080,252967,879,16593,22,39478,378,309493,388,270015,701,0.0900234875607142,0.7057510318564294,0.6157275442957152
2021-12-01,Sonoma,097,501317.0,827679,4573,462114,1748,330110,1820,25000,73,35050,573,390039,594,354989,974,0.0699158416730332,0.7780286724766964,0.7081128308036632
2021-12-01,Stanislaus,099,539301.0,655106,2375,382980,1124,246774,877,20502,78,48929,543,332868,586,283939,506,0.0907266999319489,0.6172211807506384,0.5264944808186893
2021-12-01,Sutter,101,95872.0,117291,463,51438,115,60471,315,4940,16,5686,74,58429,83,52743,58,0.0593082443257676,0.6094480140186916,0.5501397696929239
2021-12-01,Tehama,103,63373.0,57048,313,21664,160,32891,125,2269,9,2715,52,28076,55,25361,47,0.0428415886891894,0.4430277878591829,0.4001861991699935
2021-12-01,Trinity,105,12862.0,12975,57,2982,18,9139,34,817,4,755,9,6373,11,5618,9,0.0587000466490436,0.4954905924428549,0.4367905457938112
2021-12-01,Tulare,107,460477.0,510995,2092,308612,988,185014,782,13801,66,30453,416,254569,451,224116,467,0.0661335962491069,0.5528376010093881,0.4867040047602812
2021-12-01,Tuolumne,109,53932.0,65254,231,19131,51,44335,157,1478,5,4016,42,30888,44,26872,30,0.0744641400281836,0.5727212044797152,0.4982570644515315
2021-12-01,Ventura,111,848112.0,1277614,5240,693775,2227,528174,2258,43439,131,53379,621,613387,674,560008,837,0.062938621314166,0.7232382043880997,0.6602995830739337
2021-12-01,Yolo,113,214977.0,327568,1767,165322,525,146297,630,9031,16,16726,203,157636,205,140910,604,0.0778036720207278,0.7332691404196728,0.655465468398945
2021-12-01,Yuba,115,75493.0,74777,296,30578,92,39407,169,4299,10,3899,59,38366,63,34467,52,0.0516471725855377,0.5082060588398924,0.4565588862543547
2021-11-30,Alameda,001,1643700.0,2816226,13705,1775246,6000,861101,4147,123839,296,121887,1717,1350223,1792,1228336,3220,0.0741540427085234,0.8214534282411632,0.7472993855326397
2021-11-30,Alpine,003,1148.0,1718,0,63,0,1648,0,7,0,112,0,822,0,710,0,0.0975609756097561,0.7160278745644599,0.6184668989547039
2021-11-30,Amador,005,37829.0,47701,165,14016,50,31803,103,1717,2,3551,21,23128,21,19577,22,0.0938697824420418,0.6113828015543631,0.5175130191123213
2021-11-30,Butte,007,227075.0,243910,774,120706,315,112340,366,9312,23,10937,95,118262,106,107325,152,0.0481647032918639,0.5208059011339866,0.4726411978421226
2021-11-30,Calaveras,009,45235.0,55498,150,23676,56,30050,83,1638,6,3614,31,26693,34,23079,18,0.0798938874765115,0.5900961644744114,0.5102022769978999
2021-11-30,Colusa,011,21464.0,25357,68,7664,27,16547,31,1071,5,1368,16,13133,17,11765,12,0.0637346254193067,0.6118617219530377,0.5481270965337309
2021-11-30,Contra Costa,013,1133247.0,1995082,9226,1327926,4412,574014,2756,59921,143,72804,982,937393,1030,864589,2050,0.0642437173890599,0.8271744818208211,0.7629307644317611
2021-11-30,Del Norte,015,27424.0,27400,130,10786,36,14926,85,1449,5,1670,17,13639,20,11969,15,0.0608955659276546,0.497338098016336,0.4364425320886814
2021-11-30,El Dorado,017,186661.0,253571,900,125286,293,117041,473,9286,33,11667,86,120798,97,109131,154,0.0625036831475241,0.6471517885364377,0.5846481053889135
2021-11-30,Fresno,019,978130.0,1236435,4967,687106,2049,495424,1871,41269,114,68911,847,613231,881,544320,1205,0.070451780438183,0.6269422264934109,0.5564904460552278
2021-11-30,Glenn,021,27897.0,31315,90,14478,34,15106,36,1600,17,1418,13,15617,18,14199,12,0.050829838333871,0.5598092984908771,0.5089794601570061
2021-11-30,Humboldt,023,135768.0,188780,617,96062,155,81644,301,8786,21,9160,51,91282,58,82122,168,0.0674680337045548,0.6723381061811325,0.6048700724765776
2021-11-30,Imperial,025,180216.0,313711,2322,163305,1033,123522,507,19417,103,37864,930,173649,1003,135785,633,0.2101034314378301,0.9635603941936344,0.7534569627558041
2021-11-30,Inyo,027,18085.0,24972,201,9502,40,14378,125,676,1,1334,41,11506,41,10172,48,0.0737627868399225,0.6362178601050594,0.5624550732651369
2021-11-30,Kern,029,883053.0,952223,4110,512802,1825,390673,1620,40591,148,56186,765,483507,823,427321,931,0.0636269850167543,0.5475401816199028,0.4839131966031484
2021-11-30,Kings,031,150075.0,135332,598,66750,232,61299,271,6273,27,8942,127,69472,133,60530,130,0.059583541562552,0.4629152090621356,0.4033316674995835
2021-11-30,Lake,033,64148.0,73755,346,25170,86,45140,248,3269,4,3945,39,36808,39,32863,41,0.0614984099270437,0.5737980919124525,0.5122996819854088
2021-11-30,Lassen,035,31185.0,17683,84,3380,4,12638,68,1621,12,957,5,9148,12,8191,14,0.0306878306878306,0.2933461600128267,0.262658329324996
2021-11-30,Los Angeles,037,10098052.0,15201916,60258,8529830,27212,5945781,21893,561353,1618,822054,9503,7460987,10087,6638933,14303,0.0814071862573098,0.738854087897349,0.657446901640039
2021-11-30,Madera,039,155013.0,171609,895,92450,408,71021,315,6580,37,10045,143,85817,156,75772,238,0.0648010166889228,0.5536116325727519,0.4888106158838291
2021-11-30,Marin,041,260295.0,498613,2318,305237,983,167393,924,14387,27,23371,227,230068,235,206697,357,0.0897865882940509,0.8838740659636182,0.7940874776695672
2021-11-30,Mariposa,043,17540.0,18196,29,4191,6,13110,20,735,0,3254,7,10325,7,7071,5,0.1855188141391106,0.588654503990878,0.4031356898517674
2021-11-30,Mendocino,045,87422.0,129859,889,70525,233,54291,600,4203,23,7205,78,61934,86,54729,116,0.0824163254100798,0.7084486742467571,0.6260323488366772
2021-11-30,Merced,047,269075.0,296892,857,180625,476,102793,282,11006,15,29491,263,155489,271,125998,199,0.1096014122456564,0.577864907553656,0.4682634953079996
2021-11-30,Modoc,049,8938.0,7965,27,1397,3,6018,23,526,1,267,4,3811,4,3544,4,0.0298724546878496,0.426381740881629,0.3965092861937793
2021-11-30,Mono,051,14174.0,20276,99,11474,39,8040,41,407,3,974,15,9511,16,8537,13,0.0687173698320869,0.671017355721744,0.6022999858896572
2021-11-30,Monterey,053,433212.0,637960,2710,313622,1073,291890,1101,24840,132,34320,398,315868,458,281548,594,0.079222182211019,0.7291303103330471,0.649908128122028
2021-11-30,Napa,055,140530.0,235068,956,126096,439,100025,337,6601,31,12522,122,111738,134,99216,178,0.0891055290685263,0.7951184800398492,0.7060129509713229
2021-11-30,Nevada,057,99092.0,138655,554,74342,205,59191,304,3841,9,7299,59,65794,64,58495,65,0.0736588221047107,0.6639688370403262,0.5903100149356154
2021-11-30,Orange,059,3164182.0,4859274,17134,2787884,7615,1873529,6310,145762,406,208089,2040,2320554,2184,2112465,3746,0.0657639162349068,0.7333819609617904,0.6676180447268836
2021-11-30,Placer,061,380077.0,565686,2498,327680,909,215668,974,15012,63,22681,272,265489,300,242808,640,0.0596747501164237,0.698513722219445,0.6388389721030212
2021-11-30,Plumas,063,18699.0,22447,91,3781,5,17060,81,1427,3,1028,6,10827,7,9799,8,0.0549762019359324,0.5790149205839884,0.5240387186480561
2021-11-30,Riverside,065,2383286.0,2997841,10396,1774607,4963,1113937,3903,86459,315,155679,1496,1474597,1609,1318918,2160,0.0653211574271824,0.6187243159234771,0.5534031584962946
2021-11-30,Sacramento,067,1510023.0,2156418,8822,1235963,3632,832486,3287,60572,210,98451,1299,1036458,1371,938007,2086,0.0651983446609753,0.6863855716104986,0.6211872269495233
2021-11-30,San Benito,069,59416.0,90090,296,50230,122,35207,138,3626,9,4794,52,44684,57,39890,39,0.0806853372828867,0.7520533189713209,0.6713679816884341
2021-11-30,San Bernardino,071,2135413.0,2498593,8946,1525431,4311,877758,3110,76234,313,122602,1415,1241029,1524,1118427,2013,0.0574137180957501,0.5811657979041993,0.5237520798084492
2021-11-30,San Diego,073,3302833.0,5263001,21777,2900076,8691,2103717,8416,192789,676,349153,4433,2741947,6967,2392794,6653,0.1057131862252799,0.8301803330655834,0.7244671468403034
2021-11-30,San Francisco,075,870044.0,1613784,8839,1024567,3986,504092,3251,59521,109,60471,803,747291,840,686820,1506,0.0695033814381801,0.8589117331997003,0.7894083517615201
2021-11-30,San Joaquin,077,732212.0,961694,2886,561214,1295,362800,1099,28880,79,72941,654,488367,689,415426,722,0.0996173239444313,0.666974865202974,0.5673575412585427
2021-11-30,San Luis Obispo,079,281455.0,396423,1518,205670,671,172639,594,14287,35,18844,161,187374,179,168530,273,0.0669520882556714,0.6657334209731574,0.5987813327174859
2021-11-30,San Mateo,081,765935.0,1384663,6979,843116,3357,467992,2557,45925,173,61072,576,646954,641,585882,1120,0.0797352255739716,0.844659142094303,0.7649239165203313
2021-11-30,Santa Barbara,083,443738.0,643494,2186,379395,995,232214,770,25841,66,34429,384,317258,417,282829,394,0.0775885770432101,0.7149669399510522,0.637378362907842
2021-11-30,Santa Clara,085,1922200.0,3490885,17205,2191266,7283,1104383,5710,118397,332,128381,1932,1634661,2046,1506280,3681,0.0667885755904692,0.8504115076474873,0.783622932057018
2021-11-30,Santa Cruz,087,273765.0,432099,2163,211450,766,203958,866,11260,31,17849,313,206025,328,188176,526,0.065198253976951,0.7525615034792614,0.6873632495023104
2021-11-30,Shasta,089,179085.0,176807,645,81615,227,85161,283,9039,30,10412,72,87571,83,77159,179,0.0581399893905128,0.4889912611329815,0.4308512717424687
2021-11-30,Sierra,091,2930.0,3514,5,499,1,2933,3,66,1,99,0,1627,1,1528,1,0.0337883959044368,0.5552901023890785,0.5215017064846417
2021-11-30,Siskiyou,093,43540.0,46032,121,19177,30,25290,88,1359,3,2696,17,22198,19,19502,13,0.0619200734956362,0.5098300413412954,0.4479099678456592
2021-11-30,Solano,095,438530.0,628529,2752,354451,1135,252088,1196,16571,46,39791,246,309105,266,269314,611,0.0907372357649419,0.704866257724671,0.6141290219597291
2021-11-30,Sonoma,097,501317.0,823106,4101,460366,1591,328290,1723,24927,87,35430,534,389445,555,354015,787,0.0706738450920275,0.7768437934480578,0.7061699483560302
2021-11-30,Stanislaus,099,539301.0,652731,1940,381856,1071,245897,570,20424,49,48849,430,332282,450,283433,479,0.0905783597656967,0.6161345890328407,0.525556229267144
2021-11-30,Sutter,101,95872.0,116828,395,51323,105,60156,227,4924,15,5661,59,58346,62,52685,79,0.0590474799732977,0.6085822763684913,0.5495347963951935
2021-11-30,Tehama,103,63373.0,56735,188,21504,58,32766,115,2260,11,2707,31,28021,36,25314,40,0.04271535196377,0.4421599103719249,0.3994445584081549
2021-11-30,Trinity,105,12862.0,12918,86,2964,10,9105,73,813,3,753,8,6362,9,5609,13,0.0585445498367283,0.4946353599751205,0.4360908101383922
2021-11-30,Tulare,107,460477.0,508903,1850,307624,971,184232,638,13735,37,30469,425,254118,437,223649,413,0.0661683428271118,0.5518581818418726,0.4856898390147607
2021-11-30,Tuolumne,109,53932.0,65023,238,19080,93,44178,137,1473,0,4002,36,30844,36,26842,17,0.074204553882667,0.5719053623080916,0.4977008084254246
2021-11-30,Ventura,111,848112.0,1272374,4746,691548,2023,525916,1941,43308,148,53542,523,612713,568,559171,929,0.0631308129115022,0.7224434980285622,0.65931268511706
2021-11-30,Yolo,113,214977.0,325801,1774,164797,380,145667,526,9015,15,17125,218,157431,227,140306,843,0.0796596845243909,0.7323155500355852,0.6526558655111943
2021-11-30,Yuba,115,75493.0,74481,324,30486,62,39238,213,4289,9,3888,56,38303,62,34415,54,0.0515014637118673,0.5073715443815983,0.4558700806697309
2021-11-29,Alameda,001,1643700.0,2802521,10889,1769246,4929,856954,3274,123543,264,123315,1403,1348431,1474,1225116,2366,0.0750228143821865,0.8203632049644095,0.745340390582223
2021-11-29,Alpine,003,1148.0,1718,0,63,0,1648,0,7,0,112,0,822,0,710,0,0.0975609756097561,0.7160278745644599,0.6184668989547039
2021-11-29,Amador,005,37829.0,47536,156,13966,39,31700,110,1715,2,3552,30,23107,32,19555,15,0.0938962171878717,0.6108276718919348,0.516931454704063
2021-11-29,Butte,007,227075.0,243136,664,120391,260,111974,317,9289,17,10983,75,118156,80,107173,124,0.0483672795331938,0.5203390950126611,0.4719718154794671
2021-11-29,Calaveras,009,45235.0,55348,92,23620,31,29967,50,1632,4,3598,11,26659,12,23061,22,0.0795401790648833,0.5893445340997016,0.5098043550348181
2021-11-29,Colusa,011,21464.0,25289,69,7637,22,16516,43,1066,1,1363,20,13116,20,11753,13,0.0635016772269847,0.6110696980991428,0.5475680208721581
2021-11-29,Contra Costa,013,1133247.0,1985856,7662,1323514,3833,571258,2494,59778,173,73824,927,936363,1014,862539,1434,0.0651437859531064,0.8262655890551662,0.7611218031020598
2021-11-29,Del Norte,015,27424.0,27270,126,10750,39,14841,77,1444,0,1665,24,13619,24,11954,24,0.0607132438739789,0.4966088098016336,0.4358955659276546
2021-11-29,El Dorado,017,186661.0,252671,888,124993,362,116568,428,9253,22,11724,93,120701,103,108977,140,0.062809049560433,0.6466321299039435,0.5838230803435104
2021-11-29,Fresno,019,978130.0,1231468,4246,685057,1930,493553,1504,41155,107,69235,745,612350,783,543115,1079,0.0707830247513111,0.6260415282222199,0.5552585034709088
2021-11-29,Glenn,021,27897.0,31225,90,14444,38,15070,49,1583,1,1412,23,15599,24,14187,11,0.0506147614438828,0.5591640678209127,0.5085493063770298
2021-11-29,Humboldt,023,135768.0,188163,619,95907,185,81343,309,8765,25,9270,31,91224,41,81954,154,0.0682782393494785,0.6719109068410819,0.6036326674916033
2021-11-29,Imperial,025,180216.0,311389,1893,162272,739,123015,494,19314,85,37494,798,172646,862,135152,532,0.208050339592489,0.957994850623696,0.749944511031207
2021-11-29,Inyo,027,18085.0,24771,72,9462,18,14253,53,675,1,1341,5,11465,6,10124,9,0.074149847940282,0.6339507879458115,0.5598009400055295
2021-11-29,Kern,029,883053.0,948113,3445,510977,1425,389053,1521,40443,114,56294,581,482684,639,426390,989,0.063749287981582,0.5466081877305212,0.4828588997489392
2021-11-29,Kings,031,150075.0,134734,494,66518,181,61028,233,6246,25,8939,112,69339,117,60400,120,0.0595635515575545,0.4620289855072463,0.4024654339496918
2021-11-29,Lake,033,64148.0,73409,169,25084,70,44892,83,3265,11,3947,25,36769,29,32822,29,0.0615295878281474,0.5731901228409303,0.511660535012783
2021-11-29,Lassen,035,31185.0,17599,79,3376,15,12570,53,1609,9,959,12,9136,17,8177,22,0.0307519640852974,0.2929613596280263,0.2622093955427289
2021-11-29,Los Angeles,037,10098052.0,15141658,55981,8502618,24317,5923888,21069,559735,1512,826270,8092,7450900,8651,6624630,14547,0.0818246925248552,0.7378551823658662,0.6560304898410109
2021-11-29,Madera,039,155013.0,170714,453,92042,207,70706,197,6543,21,10127,82,85661,87,75534,93,0.065330004580261,0.5526052653648403,0.4872752607845793
2021-11-29,Marin,041,260295.0,496295,1800,304254,735,166469,695,14360,22,23493,160,229833,168,206340,344,0.0902552872702126,0.8829712441652741,0.7927159568950614
2021-11-29,Mariposa,043,17540.0,18167,36,4185,5,13090,28,735,1,3252,12,10318,12,7066,3,0.1854047890535917,0.5882554161915622,0.4028506271379704
2021-11-29,Mendocino,045,87422.0,128970,318,70292,106,53691,166,4180,11,7235,39,61848,39,54613,60,0.0827594884582828,0.707464940175242,0.6247054517169591
2021-11-29,Merced,047,269075.0,296035,926,180149,433,102511,336,10991,31,29419,271,155218,288,125799,231,0.109333828858125,0.5768577534144755,0.4675239245563504
2021-11-29,Modoc,049,8938.0,7938,16,1394,1,5995,15,525,0,267,2,3807,2,3540,0,0.0298724546878496,0.4259342134705751,0.3960617587827254
2021-11-29,Mono,051,14174.0,20177,85,11435,43,7999,39,404,2,971,16,9495,16,8524,3,0.0685057146888669,0.6698885282912375,0.6013828136023706
2021-11-29,Monterey,053,433212.0,635250,1899,312549,662,290789,800,24708,34,34456,365,315410,377,280954,490,0.0795361162664007,0.7280730912347765,0.6485369749683758
2021-11-29,Napa,055,140530.0,234112,668,125657,306,99688,268,6570,19,12566,54,111604,58,99038,113,0.0894186294741336,0.7941649469864086,0.704746317512275
2021-11-29,Nevada,057,99092.0,138101,502,74137,218,58887,213,3832,10,7300,47,65730,49,58430,83,0.0736689137367295,0.6633229725911275,0.5896540588543979
2021-11-29,Orange,059,3164182.0,4842140,17113,2780269,7260,1867219,6367,145356,406,209651,2058,2318370,2209,2108719,3950,0.0662575667265663,0.7326917351783178,0.6664341684517515
2021-11-29,Placer,061,380077.0,563188,2198,326771,857,214694,794,14949,41,23021,288,265189,312,242168,580,0.06056930569332,0.6977244084751247,0.6371551027818048
2021-11-29,Plumas,063,18699.0,22356,70,3776,6,16979,60,1424,3,1029,2,10820,2,9791,7,0.0550296807315899,0.5786405690143858,0.5236108882827959
2021-11-29,Riverside,065,2383286.0,2987445,8874,1769644,4092,1110034,3198,86144,281,156230,1256,1472988,1374,1316758,2313,0.0655523508299046,0.6180491976204283,0.5524968467905237
2021-11-29,Sacramento,067,1510023.0,2147596,8658,1232331,3623,829199,3221,60362,158,99166,1198,1035087,1246,935921,2154,0.065671847382457,0.685477638420077,0.6198057910376199
2021-11-29,San Benito,069,59416.0,89794,290,50108,129,35069,95,3617,4,4776,60,44627,61,39851,81,0.0803823885822,0.7510939814191464,0.6707115928369463
2021-11-29,San Bernardino,071,2135413.0,2489647,7873,1521120,3697,874648,2625,75921,277,123091,1280,1239505,1401,1116414,2188,0.0576427136109033,0.5804521186299793,0.5228094050190759
2021-11-29,San Diego,073,3302833.0,5241224,18285,2891385,7339,2095301,7556,192113,443,348839,3443,2734980,5463,2386141,5432,0.1056181163261963,0.8280709318333686,0.7224528155071722
2021-11-29,San Francisco,075,870044.0,1604945,8285,1020581,3939,500841,3023,59412,86,61137,775,746451,812,685314,1349,0.0702688599657028,0.8579462647866085,0.7876774048209056
2021-11-29,San Joaquin,077,732212.0,958808,3500,559919,1233,361701,1106,28801,68,72974,758,487678,797,414704,1281,0.0996623928588987,0.6660338808978821,0.5663714880389833
2021-11-29,San Luis Obispo,079,281455.0,394905,1365,204999,643,172045,460,14252,26,18938,169,187195,178,168257,265,0.0672860670444653,0.6650974400881136,0.5978113730436482
2021-11-29,San Mateo,081,765935.0,1377684,4046,839759,1715,465435,1205,45752,82,61551,473,646313,504,584762,1041,0.0803606050121746,0.8438222564577934,0.7634616514456187
2021-11-29,Santa Barbara,083,443738.0,641308,1938,378400,901,231444,674,25775,42,34406,261,316841,286,282435,442,0.0775367446556301,0.714027196228405,0.636490451572775
2021-11-29,Santa Clara,085,1922200.0,3473680,14635,2183983,6172,1098673,4450,118065,206,130016,1681,1632615,1742,1502599,3655,0.0676391634585371,0.8493471022786391,0.7817079388201019
2021-11-29,Santa Cruz,087,273765.0,429936,1491,210684,456,203092,637,11229,12,18047,269,205697,272,187650,289,0.0659215020181542,0.7513633956130258,0.6854418935948715
2021-11-29,Shasta,089,179085.0,176162,749,81388,231,84878,432,9009,28,10508,84,87488,96,76980,155,0.0586760476868526,0.4885277940642711,0.4298517463774185
2021-11-29,Sierra,091,2930.0,3509,17,498,1,2930,16,65,0,99,2,1626,2,1527,1,0.0337883959044368,0.5549488054607509,0.521160409556314
2021-11-29,Siskiyou,093,43540.0,45911,109,19147,19,25202,74,1356,4,2690,20,22179,22,19489,29,0.0617822691777675,0.5093936610013781,0.4476113918236105
2021-11-29,Solano,095,438530.0,625777,2198,353316,988,250892,784,16525,43,40136,208,308839,229,268703,615,0.0915239550315827,0.7042596857683625,0.6127357307367797
2021-11-29,Sonoma,097,501317.0,819005,2361,458775,875,326567,946,24840,48,35662,367,388890,384,353228,489,0.071136626126782,0.7757367095071581,0.704600083380376
2021-11-29,Stanislaus,099,539301.0,650791,1814,380785,764,245327,649,20375,37,48878,363,331832,390,282954,570,0.0906321330759631,0.6153001755976718,0.5246680425217086
2021-11-29,Sutter,101,95872.0,116433,357,51218,121,59929,204,4909,10,5678,67,58284,70,52606,67,0.0592247997329773,0.6079355807743658,0.5487107810413885
2021-11-29,Tehama,103,63373.0,56547,179,21446,48,32651,114,2249,7,2711,20,27985,22,25274,43,0.0427784703264797,0.4415918451075379,0.3988133747810581
2021-11-29,Trinity,105,12862.0,12832,16,2954,7,9032,4,810,3,757,4,6353,4,5596,1,0.058855543461359,0.4939356243197014,0.4350800808583424
2021-11-29,Tulare,107,460477.0,507053,1322,306653,673,183594,428,13698,40,30445,229,253681,251,223236,418,0.0661162229601044,0.5509091659301116,0.4847929429700072
2021-11-29,Tuolumne,109,53932.0,64785,188,18987,54,44041,131,1473,0,3983,27,30808,27,26825,18,0.0738522583994659,0.5712378550767633,0.4973855966772973
2021-11-29,Ventura,111,848112.0,1267628,4243,689525,1711,523975,1790,43160,123,53903,526,612145,578,558242,877,0.063556464240572,0.7217737751617711,0.6582173109211991
2021-11-29,Yolo,113,214977.0,324027,1309,164417,504,145141,501,9000,10,17741,144,157204,148,139463,380,0.0825251073370639,0.7312596231224736,0.6487345157854096
2021-11-29,Yuba,115,75493.0,74157,246,30424,54,39025,166,4280,8,3880,34,38241,38,34361,33,0.0513954936219252,0.506550276184547,0.4551547825626217
2021-11-28,Alameda,001,1643700.0,2791632,2929,1764317,1266,853680,889,123279,64,124207,350,1346957,366,1222750,727,0.0755654924864634,0.8194664476485977,0.7439009551621342
2021-11-28,Alpine,003,1148.0,1718,0,63,0,1648,0,7,0,112,0,822,0,710,0,0.0975609756097561,0.7160278745644599,0.6184668989547039
2021-11-28,Amador,005,37829.0,47380,69,13927,13,31590,48,1713,4,3535,13,23075,14,19540,8,0.0934468265087631,0.6099817600253774,0.5165349335166143
2021-11-28,Butte,007,227075.0,242472,201,120131,79,111657,101,9272,0,11027,23,118076,23,107049,40,0.0485610481118573,0.5199867885060002,0.4714257403941429
2021-11-28,Calaveras,009,45235.0,55256,55,23589,20,29917,29,1628,1,3608,15,26647,16,23039,4,0.079761246822151,0.5890792527909804,0.5093180059688295
2021-11-28,Colusa,011,21464.0,25220,25,7615,5,16473,20,1065,0,1356,6,13096,6,11740,1,0.0631755497577338,0.6101379053298547,0.5469623555721208
2021-11-28,Contra Costa,013,1133247.0,1978194,2386,1319681,1150,568764,726,59605,25,74244,257,935349,271,861105,547,0.0655144024206549,0.8253708150120848,0.7598564125914298
2021-11-28,Del Norte,015,27424.0,27144,8,10711,0,14764,4,1444,1,1665,1,13595,1,11930,4,0.0607132438739789,0.4957336639439906,0.4350204200700117
2021-11-28,El Dorado,017,186661.0,251783,292,124631,113,116140,149,9231,6,11761,39,120598,42,108837,51,0.0630072698635494,0.6460803274385115,0.5830730575749621
2021-11-28,Fresno,019,978130.0,1227222,1215,683127,576,492049,405,41048,16,69531,180,611567,188,542036,399,0.0710856430126874,0.6252410211321604,0.5541553781194729
2021-11-28,Glenn,021,27897.0,31135,24,14406,16,15021,7,1582,1,1399,2,15575,2,14176,5,0.0501487615155751,0.55830376026096,0.5081549987453848
2021-11-28,Humboldt,023,135768.0,187544,133,95722,39,81034,76,8740,2,9383,15,91183,16,81800,26,0.069110541511991,0.6716089211007013,0.6024983795887101
2021-11-28,Imperial,025,180216.0,309496,146,161533,50,122521,48,19229,16,37164,79,171784,94,134620,34,0.2062192036223198,0.953211701513739,0.7469924978914192
2021-11-28,Inyo,027,18085.0,24699,3,9444,2,14200,1,674,0,1344,1,11459,1,10115,1,0.0743157312690074,0.6336190212883606,0.5593032900193531
2021-11-28,Kern,029,883053.0,944668,784,509552,329,387532,335,40329,21,56644,135,482045,146,425401,235,0.0641456401824126,0.5458845618552907,0.4817389216728781
2021-11-28,Kings,031,150075.0,134240,244,66337,93,60795,103,6221,9,8942,56,69222,58,60280,56,0.059583541562552,0.4612493753123438,0.4016658337497917
2021-11-28,Lake,033,64148.0,73240,52,25014,8,44809,41,3254,0,3947,6,36740,6,32793,8,0.0615295878281474,0.5727380432749267,0.5112084554467793
2021-11-28,Lassen,035,31185.0,17520,10,3361,2,12517,6,1600,1,964,3,9119,3,8155,4,0.0309122975789642,0.292416225749559,0.2615039281705948
2021-11-28,Los Angeles,037,10098052.0,15085677,17008,8478301,6629,5902819,7129,558223,281,832166,2529,7442249,2630,6610083,4289,0.0824085675138135,0.7369984824795911,0.6545899149657776
2021-11-28,Madera,039,155013.0,170261,91,91835,41,70509,32,6522,8,10133,14,85574,17,75441,29,0.0653687110113345,0.5520440221142743,0.4866753111029397
2021-11-28,Marin,041,260295.0,494495,410,303519,174,165774,144,14338,3,23669,28,229665,30,205996,95,0.0909314431702491,0.8823258226243301,0.791394379454081
2021-11-28,Mariposa,043,17540.0,18131,18,4180,5,13062,10,734,0,3243,11,10306,11,7063,2,0.1848916761687571,0.5875712656784493,0.4026795895096921
2021-11-28,Mendocino,045,87422.0,128652,92,70186,30,53525,45,4169,4,7256,11,61809,14,54553,25,0.0829997025920249,0.7070188282125781,0.6240191256205532
2021-11-28,Merced,047,269075.0,295109,234,179716,108,102175,94,10960,8,29362,81,154930,83,125568,49,0.1091219920096627,0.5757874198643501,0.4666654278546873
2021-11-28,Modoc,049,8938.0,7922,2,1393,1,5980,1,525,0,265,0,3805,0,3540,1,0.0296486909823226,0.4257104497650481,0.3960617587827254
2021-11-28,Mono,051,14174.0,20092,5,11392,1,7960,4,402,0,958,1,9479,1,8521,0,0.0675885424015803,0.6687597008607309,0.6011711584591506
2021-11-28,Monterey,053,433212.0,633351,502,311887,178,289989,268,24674,10,34569,105,315033,109,280464,87,0.0797969585330046,0.7272028475665494,0.6474058890335448
2021-11-28,Napa,055,140530.0,233444,117,125351,70,99420,38,6551,4,12621,17,111546,17,98925,19,0.0898100049811428,0.7937522237244716,0.7039422187433289
2021-11-28,Nevada,057,99092.0,137599,218,73919,77,58674,120,3822,2,7334,39,65681,41,58347,23,0.0740120292253663,0.6628284826222096,0.5888164533968433
2021-11-28,Orange,059,3164182.0,4825027,5476,2773009,2058,1860852,2391,144950,65,211392,725,2316161,747,2104769,1265,0.0668077879211752,0.731993608458679,0.6651858205375039
2021-11-28,Placer,061,380077.0,560990,575,325914,222,213900,257,14908,6,23289,73,264877,75,241588,116,0.0612744259715794,0.6969035221810317,0.6356290962094523
2021-11-28,Plumas,063,18699.0,22286,8,3770,1,16919,5,1421,2,1034,1,10818,1,9784,1,0.0552970747098775,0.5785336114230708,0.5232365367131933
2021-11-28,Riverside,065,2383286.0,2978571,2728,1765552,1295,1106836,939,85863,39,157169,462,1471614,486,1314445,831,0.0659463446686633,0.6174726826742573,0.5515263380055939
2021-11-28,Sacramento,067,1510023.0,2138938,2190,1228708,1043,825978,730,60204,33,100074,357,1033841,370,933767,549,0.0662731627266604,0.6846524854257187,0.6183793226990583
2021-11-28,San Benito,069,59416.0,89504,64,49979,25,34974,38,3613,0,4796,4,44566,4,39770,11,0.0807189982496297,0.7500673219334859,0.6693483236838562
2021-11-28,San Bernardino,071,2135413.0,2481774,2408,1517423,1164,872023,771,75644,37,123878,429,1238104,453,1114226,722,0.0580112605851889,0.5797960394546628,0.5217847788694739
2021-11-28,San Diego,073,3302833.0,5222939,5630,2884046,2224,2087745,1949,191670,220,348808,1532,2729517,2181,2380709,1843,0.1056087304444396,0.8264168972515413,0.7208081668071017
2021-11-28,San Francisco,075,870044.0,1596660,2899,1016642,1179,497818,571,59326,14,61674,286,745639,296,683965,1113,0.0708860701297865,0.8570129786539531,0.7861269085241666
2021-11-28,San Joaquin,077,732212.0,955308,868,558686,410,360595,357,28733,15,73458,210,486881,220,413423,233,0.1003234036044205,0.6649453983272604,0.5646219947228398
2021-11-28,San Luis Obispo,079,281455.0,393540,316,204356,98,171585,140,14226,10,19025,31,187017,34,167992,82,0.0675951750723916,0.664465012168908,0.5968698370965163
2021-11-28,San Mateo,081,765935.0,1373638,1955,838044,609,464230,458,45670,3,62088,383,645809,384,583721,672,0.0810617088917466,0.8431642371741728,0.7621025282824261
2021-11-28,Santa Barbara,083,443738.0,639370,649,377499,315,230770,225,25733,12,34562,85,316555,89,281993,145,0.077888303458347,0.7133826717567574,0.6354943682984103
2021-11-28,Santa Clara,085,1922200.0,3459045,5283,2177811,2279,1094223,1583,117859,65,131929,388,1630873,400,1498944,1432,0.0686343772760378,0.8484408490271563,0.7798064717511185
2021-11-28,Santa Cruz,087,273765.0,428445,348,210228,163,202455,168,11217,5,18064,30,205425,30,187361,35,0.0659835990721969,0.7503698427483425,0.6843862436761456
2021-11-28,Shasta,089,179085.0,175413,218,81157,59,84446,135,8981,3,10567,34,87392,36,76825,55,0.059005500181478,0.4879917357679314,0.4289862355864534
2021-11-28,Sierra,091,2930.0,3492,0,497,0,2914,0,65,0,98,0,1624,0,1526,0,0.0334470989761092,0.5542662116040956,0.5208191126279863
2021-11-28,Siskiyou,093,43540.0,45802,23,19128,8,25128,14,1352,0,2697,7,22157,7,19460,5,0.0619430408819476,0.5088883785025264,0.4469453376205787
2021-11-28,Solano,095,438530.0,623579,423,352328,212,250108,163,16482,14,40522,79,308610,83,268088,82,0.0924041684719403,0.703737486602969,0.6113333181310286
2021-11-28,Sonoma,097,501317.0,816644,468,457900,218,325621,213,24792,4,35767,48,388506,52,352739,59,0.0713460744399252,0.774970727104806,0.7036246526648807
2021-11-28,Stanislaus,099,539301.0,648977,609,380021,301,244678,227,20338,9,49058,157,331442,162,282384,154,0.0909658984500306,0.6145770172871922,0.5236111188371614
2021-11-28,Sutter,101,95872.0,116076,123,51097,52,59725,70,4899,1,5675,20,58214,20,52539,15,0.0591935080106809,0.60720544058745,0.5480119325767691
2021-11-28,Tehama,103,63373.0,56368,39,21398,15,32537,21,2242,3,2732,3,27963,5,25231,15,0.0431098417307055,0.4412446941126347,0.3981348523819292
2021-11-28,Trinity,105,12862.0,12816,5,2947,4,9028,1,807,0,754,2,6349,2,5595,0,0.058622298242886,0.4936246306950707,0.4350023324521847
2021-11-28,Tulare,107,460477.0,505731,436,305980,239,183166,124,13658,13,30612,93,253430,95,222818,142,0.0664788903680314,0.5503640789876585,0.483885188619627
2021-11-28,Tuolumne,109,53932.0,64597,50,18933,6,43910,38,1473,0,3974,8,30781,8,26807,7,0.0736853815916339,0.570737224653267,0.4970518430616332
2021-11-28,Ventura,111,848112.0,1263385,1213,687814,514,522185,582,43037,18,54202,140,611567,144,557365,193,0.0639090120172807,0.7210922613994378,0.6571832493821571
2021-11-28,Yolo,113,214977.0,322718,301,163913,91,144640,131,8990,6,17973,24,157056,27,139083,94,0.0836042925522265,0.7305711773817665,0.6469668848295399
2021-11-28,Yuba,115,75493.0,73911,76,30370,34,38859,33,4272,3,3875,11,38203,14,34328,19,0.0513292623157113,0.5060469182573218,0.4547176559416104
2021-11-27,Alameda,001,1643700.0,2788703,6535,1763051,2827,852791,2102,123215,117,124568,1172,1346591,1189,1222023,969,0.0757851189389791,0.8192437792784572,0.743458660339478
2021-11-27,Alpine,003,1148.0,1718,0,63,0,1648,0,7,0,112,0,822,0,710,0,0.0975609756097561,0.7160278745644599,0.6184668989547039
2021-11-27,Amador,005,37829.0,47311,32,13914,5,31542,27,1709,0,3529,2,23061,2,19532,7,0.0932882180337836,0.6096116735837585,0.5163234555499749
2021-11-27,Butte,007,227075.0,242271,343,120052,154,111556,163,9272,0,11044,30,118053,30,107009,61,0.0486359132445227,0.5198855003853352,0.4712495871408125
2021-11-27,Calaveras,009,45235.0,55201,59,23569,19,29888,35,1627,1,3596,8,26631,9,23035,14,0.0794959655134298,0.5887255443793523,0.5092295788659223
2021-11-27,Colusa,011,21464.0,25195,35,7610,13,16453,19,1065,1,1351,10,13090,10,11739,3,0.0629426015654118,0.6098583674990682,0.5469157659336563
2021-11-27,Contra Costa,013,1133247.0,1975808,2993,1318531,1301,568038,885,59580,29,74520,458,935078,467,860558,666,0.065757950385044,0.8251316791484998,0.7593737287634558
2021-11-27,Del Norte,015,27424.0,27136,17,10711,0,14760,3,1443,4,1668,0,13594,1,11926,12,0.0608226371061843,0.4956971995332555,0.4348745624270712
2021-11-27,El Dorado,017,186661.0,251491,353,124518,149,115991,179,9225,5,11770,53,120556,56,108786,42,0.0630554856129561,0.645855320607947,0.5827998349949909
2021-11-27,Fresno,019,978130.0,1226007,2084,682551,934,491644,694,41032,18,69742,327,611379,335,541637,634,0.0713013607598172,0.6250488176418267,0.5537474568820095
2021-11-27,Glenn,021,27897.0,31111,46,14390,31,15014,14,1581,1,1402,13,15573,13,14171,11,0.0502562999605692,0.5582320679642973,0.507975768003728
2021-11-27,Humboldt,023,135768.0,187411,199,95683,59,80958,95,8738,7,9393,20,91167,22,81774,61,0.0691841965706204,0.6714910730068941,0.6023068764362737
2021-11-27,Imperial,025,180216.0,309350,284,161483,123,122473,96,19213,28,37104,155,171690,183,134586,49,0.2058862698095618,0.9526901052070847,0.7468038353975229
2021-11-27,Inyo,027,18085.0,24696,20,9442,5,14199,12,674,3,1344,5,11458,5,10114,2,0.0743157312690074,0.633563726845452,0.5592479955764446
2021-11-27,Kern,029,883053.0,943884,1621,509223,677,387197,687,40308,48,56733,290,481899,312,425166,474,0.0642464268849095,0.5457192263658014,0.4814727994808918
2021-11-27,Kings,031,150075.0,133996,186,66244,64,60692,83,6212,12,8940,47,69164,54,60224,55,0.0595702148925537,0.4608629018823921,0.4012926869898384
2021-11-27,Lake,033,64148.0,73188,45,25006,10,44768,32,3254,0,3949,4,36734,4,32785,9,0.0615607657292511,0.5726445095716156,0.5110837438423645
2021-11-27,Lassen,035,31185.0,17510,37,3359,6,12511,24,1599,3,965,7,9116,8,8151,7,0.0309443642776976,0.2923200256533589,0.2613756613756614
2021-11-27,Los Angeles,037,10098052.0,15068669,31386,8471672,13247,5895690,11908,557942,638,833825,5067,7439619,5283,6605794,7336,0.0825728566262087,0.7367380362073794,0.6541651795811707
2021-11-27,Madera,039,155013.0,170170,158,91794,85,70477,55,6514,1,10145,32,85557,33,75412,39,0.0654461238734815,0.5519343538928994,0.4864882300194177
2021-11-27,Marin,041,260295.0,494085,677,303345,309,165630,244,14335,2,23734,56,229635,56,205901,116,0.0911811598378762,0.882210568777733,0.7910294089398567
2021-11-27,Mariposa,043,17540.0,18113,15,4175,2,13052,10,734,0,3234,5,10295,5,7061,4,0.1843785632839224,0.5869441277080958,0.4025655644241733
2021-11-27,Mendocino,045,87422.0,128560,114,70156,36,53480,57,4165,5,7267,20,61795,20,54528,24,0.0831255290430326,0.70685868545675,0.6237331564137174
2021-11-27,Merced,047,269075.0,294875,383,179608,182,102081,146,10952,13,29328,123,154847,134,125519,105,0.1089956331877729,0.5754789556815014,0.4664833224937285
2021-11-27,Modoc,049,8938.0,7920,8,1392,5,5979,3,525,0,266,1,3805,1,3539,0,0.0297605728350861,0.4257104497650481,0.395949876929962
2021-11-27,Mono,051,14174.0,20087,13,11391,5,7956,7,402,1,957,4,9478,4,8521,1,0.0675179906871736,0.6686891491463243,0.6011711584591506
2021-11-27,Monterey,053,433212.0,632849,738,311709,244,289721,391,24664,9,34547,109,314924,115,280377,138,0.0797461750828693,0.7269512386545156,0.6472050635716462
2021-11-27,Napa,055,140530.0,233327,309,125281,93,99382,69,6547,7,12623,41,111529,47,98906,146,0.0898242368177613,0.7936312531132143,0.703807016295453
2021-11-27,Nevada,057,99092.0,137381,264,73842,101,58554,142,3820,4,7316,42,65640,44,58324,16,0.0738303798490291,0.6624147257094417,0.5885843458604125
2021-11-27,Orange,059,3164182.0,4819551,9452,2770951,3760,1858461,4038,144885,175,211910,1419,2315414,1482,2103504,1666,0.0669714953185373,0.7317575284860353,0.664786033167498
2021-11-27,Placer,061,380077.0,560415,731,325692,334,213643,292,14902,10,23330,109,264802,115,241472,139,0.0613822988499698,0.6967061937449517,0.6353238948949818
2021-11-27,Plumas,063,18699.0,22278,18,3769,3,16914,15,1419,0,1034,1,10817,1,9783,3,0.0552970747098775,0.5784801326274133,0.5231830579175357
2021-11-27,Riverside,065,2383286.0,2975843,4312,1764257,2020,1105897,1610,85824,79,157514,818,1471128,868,1313614,1043,0.066091102788335,0.6172687625404588,0.5511776597521237
2021-11-27,Sacramento,067,1510023.0,2136748,4091,1227665,1732,825248,1496,60171,91,100253,606,1033471,636,933218,955,0.066391703967423,0.6844074560453715,0.6180157520779485
2021-11-27,San Benito,069,59416.0,89440,146,49954,65,34936,62,3613,4,4803,18,44562,19,39759,31,0.0808368116332301,0.75,0.6691631883667699
2021-11-27,San Bernardino,071,2135413.0,2479366,4390,1516259,2300,871252,1275,75607,90,124147,822,1237651,861,1113504,1081,0.0581372315331975,0.5795839025050423,0.5214466709718448
2021-11-27,San Diego,073,3302833.0,5217309,9636,2881822,3599,2085796,3455,191450,350,348470,2581,2727336,3534,2378866,2686,0.1055063940562541,0.8257565550544033,0.7202501609981492
2021-11-27,San Francisco,075,870044.0,1593761,3945,1015463,1621,497247,1116,59312,29,62491,512,745343,517,682852,1031,0.0718251030982341,0.8566727659750542,0.7848476628768201
2021-11-27,San Joaquin,077,732212.0,954440,1499,558276,749,360238,548,28718,28,73471,422,486661,438,413190,348,0.1003411580252713,0.6646449388974778,0.5643037808722065
2021-11-27,San Luis Obispo,079,281455.0,393224,531,204258,186,171445,226,14216,5,19073,69,186983,70,167910,105,0.0677657174326268,0.6643442113304081,0.5965784938977812
2021-11-27,San Mateo,081,765935.0,1371683,3436,837435,943,463772,834,45667,26,62376,649,645425,655,583049,1268,0.0814377199109585,0.842662889148557,0.7612251692375985
2021-11-27,Santa Barbara,083,443738.0,638721,871,377184,466,230545,310,25721,38,34618,82,316466,89,281848,127,0.0780145040541941,0.7131821029526432,0.6351675988984491
2021-11-27,Santa Clara,085,1922200.0,3453762,12028,2175532,4730,1092640,3693,117794,170,132961,1473,1630473,1509,1497512,2856,0.0691712620955155,0.848232754135886,0.7790614920403705
2021-11-27,Santa Cruz,087,273765.0,428097,491,210065,215,202287,250,11212,6,18069,55,205395,57,187326,54,0.0660018629116212,0.7502602597117967,0.6842583968001753
2021-11-27,Shasta,089,179085.0,175195,327,81098,131,84311,157,8978,14,10586,52,87356,57,76770,70,0.0591115950526286,0.487790713906804,0.4286791188541753
2021-11-27,Sierra,091,2930.0,3492,4,497,2,2914,2,65,0,98,0,1624,0,1526,0,0.0334470989761092,0.5542662116040956,0.5208191126279863
2021-11-27,Siskiyou,093,43540.0,45779,22,19120,4,25114,16,1352,1,2695,5,22150,5,19455,2,0.0618971061093247,0.5087276067983464,0.4468305006890216
2021-11-27,Solano,095,438530.0,623156,588,352116,299,249945,227,16468,9,40521,90,308527,94,268006,124,0.0924018881262399,0.7035482179098351,0.6111463297835952
2021-11-27,Sonoma,097,501317.0,816176,1867,457682,697,325408,852,24788,44,35774,243,388454,253,352680,290,0.0713600376608014,0.7748670003211541,0.7035069626603526
2021-11-27,Stanislaus,099,539301.0,648368,841,379720,435,244451,299,20329,13,49050,193,331280,205,282230,227,0.0909510644334054,0.6142766284505313,0.5233255640171258
2021-11-27,Sutter,101,95872.0,115953,148,51045,59,59655,71,4898,5,5670,26,58194,27,52524,30,0.0591413551401869,0.6069968291054739,0.547855473965287
2021-11-27,Tehama,103,63373.0,56329,63,21383,24,32516,34,2239,4,2742,8,27958,11,25216,19,0.0432676376374796,0.4411657961592476,0.3978981585217679
2021-11-27,Trinity,105,12862.0,12811,3,2943,1,9027,2,807,0,752,0,6347,0,5595,2,0.0584668014305706,0.4934691338827554,0.4350023324521847
2021-11-27,Tulare,107,460477.0,505295,845,305741,398,183042,349,13645,12,30659,157,253335,163,222676,202,0.066580958440921,0.5501577711807538,0.4835768127398328
2021-11-27,Tuolumne,109,53932.0,64547,42,18927,21,43872,21,1473,0,3973,11,30773,11,26800,7,0.073666839724097,0.5705888897129718,0.4969220499888749
2021-11-27,Ventura,111,848112.0,1262172,1909,687300,794,521603,801,43019,34,54251,283,611423,298,557172,315,0.063966787405437,0.7209224725036316,0.6569556850981946
2021-11-27,Yolo,113,214977.0,322417,445,163822,167,144509,167,8984,7,18040,60,157029,65,138989,120,0.0839159537997088,0.7304455825506915,0.6465296287509826
2021-11-27,Yuba,115,75493.0,73835,119,30336,41,38826,65,4269,6,3880,21,38189,22,34309,31,0.0513954936219252,0.5058614705999231,0.4544659769779979
2021-11-26,Alameda,001,1643700.0,2782168,8766,1760224,4141,850689,3014,123098,238,124348,1729,1345402,1785,1221054,790,0.0756512745634848,0.8185204112672629,0.7428691367037781
2021-11-26,Alpine,003,1148.0,1718,1,63,0,1648,1,7,0,112,0,822,0,710,0,0.0975609756097561,0.7160278745644599,0.6184668989547039
2021-11-26,Amador,005,37829.0,47279,76,13909,12,31515,57,1709,2,3534,19,23059,21,19525,12,0.0934203917629332,0.6095588040920986,0.5161384123291655
2021-11-26,Butte,007,227075.0,241928,447,119898,200,111393,212,9272,10,11075,68,118023,71,106948,72,0.0487724320158537,0.5197533854453374,0.4709809534294836
2021-11-26,Calaveras,009,45235.0,55142,57,23550,25,29853,30,1626,0,3601,11,26622,11,23021,7,0.0796064993920636,0.5885265833978114,0.5089200840057477
2021-11-26,Colusa,011,21464.0,25160,33,7597,7,16434,25,1064,0,1344,11,13080,11,11736,5,0.062616474096161,0.6093924711144242,0.5467759970182632
2021-11-26,Contra Costa,013,1133247.0,1972815,4459,1317230,2385,567153,1399,59551,82,74719,724,934611,753,859892,544,0.0659335519970491,0.8247195889333923,0.7587860369363431
2021-11-26,Del Norte,015,27424.0,27119,23,10711,8,14757,15,1439,0,1679,4,13593,4,11914,5,0.0612237456242707,0.4956607351225204,0.4344369894982497
2021-11-26,El Dorado,017,186661.0,251138,452,124369,192,115812,220,9220,8,11756,87,120500,91,108744,43,0.0629804833361012,0.6455553115005277,0.5825748281644264
2021-11-26,Fresno,019,978130.0,1223923,2522,681617,1293,490950,848,41014,39,70041,507,611044,528,541003,570,0.0716070460981669,0.6247063273797961,0.5530992812816292
2021-11-26,Glenn,021,27897.0,31065,68,14359,40,15000,24,1580,2,1400,16,15560,17,14160,12,0.0501846076639065,0.5577660680359895,0.5075814603720831
2021-11-26,Humboldt,023,135768.0,187212,259,95624,117,80863,115,8731,10,9432,35,91145,40,81713,29,0.0694714512992752,0.6713290318779094,0.6018575805786341
2021-11-26,Imperial,025,180216.0,309066,523,161360,172,122377,207,19185,33,36970,226,171507,250,134537,128,0.2051427176277356,0.9516746570781728,0.7465319394504373
2021-11-26,Inyo,027,18085.0,24676,45,9437,6,14187,19,671,0,1341,15,11453,15,10112,18,0.074149847940282,0.6332872546309096,0.5591374066906276
2021-11-26,Kern,029,883053.0,942263,1751,508546,731,386510,745,40260,60,56895,394,481587,416,424692,424,0.064429881332151,0.5453659066896325,0.4809360253574813
2021-11-26,Kings,031,150075.0,133810,333,66180,146,60609,150,6200,12,8941,95,69110,96,60169,65,0.0595768782275528,0.4605030817924371,0.4009262035648842
2021-11-26,Lake,033,64148.0,73143,125,24996,32,44736,76,3254,12,3954,20,36730,27,32776,20,0.0616387104820103,0.5725821537694082,0.5109434432873979
2021-11-26,Lassen,035,31185.0,17473,34,3353,5,12487,24,1596,3,964,11,9108,12,8144,4,0.0309122975789642,0.2920634920634921,0.2611511944845278
2021-11-26,Los Angeles,037,10098052.0,15037283,44797,8458425,19983,5883782,18533,557304,915,835878,7313,7434336,7634,6598458,8285,0.0827761631649351,0.7362148659959367,0.6534387028310015
2021-11-26,Madera,039,155013.0,170012,271,91709,118,70422,102,6513,15,10151,44,85524,50,75373,59,0.0654848303045551,0.5517214685219949,0.4862366382174398
2021-11-26,Marin,041,260295.0,493408,1046,303036,489,165386,436,14333,9,23794,113,229579,116,205785,95,0.0914116675310705,0.881995428264085,0.7905837607330145
2021-11-26,Mariposa,043,17540.0,18098,18,4173,8,13042,9,734,0,3233,7,10290,7,7057,2,0.184321550741163,0.5866590649942988,0.4023375142531357
2021-11-26,Mendocino,045,87422.0,128446,96,70120,33,53423,59,4160,3,7271,9,61775,12,54504,31,0.0831712841161263,0.7066299100912814,0.623458625975155
2021-11-26,Merced,047,269075.0,294492,547,179426,293,101935,189,10939,9,29299,163,154713,168,125414,122,0.1088878565455728,0.5749809532658181,0.4660930967202453
2021-11-26,Modoc,049,8938.0,7912,5,1387,1,5976,4,525,0,265,0,3804,0,3539,1,0.0296486909823226,0.4255985679122846,0.395949876929962
2021-11-26,Mono,051,14174.0,20074,8,11386,4,7949,3,401,1,954,1,9474,1,8520,1,0.0673063355439537,0.6684069422886976,0.6011006067447439
2021-11-26,Monterey,053,433212.0,632111,1076,311465,394,289330,580,24655,21,34570,216,314809,222,280239,138,0.0797992668716471,0.7266857797106266,0.6468865128389796
2021-11-26,Napa,055,140530.0,233018,442,125188,226,99313,171,6540,16,12722,58,111482,61,98760,43,0.0905287127303778,0.7932968049526792,0.7027680922223013
2021-11-26,Nevada,057,99092.0,137117,379,73741,150,58412,192,3816,8,7288,54,65596,57,58308,52,0.0735478141525047,0.6619706939006176,0.5884228797481129
2021-11-26,Orange,059,3164182.0,4810099,14940,2767191,6892,1854423,5873,144710,243,212094,2443,2313932,2539,2101838,2142,0.0670296462087199,0.7312891609901074,0.6642595147813875
2021-11-26,Placer,061,380077.0,559684,1006,325358,458,213351,442,14892,21,23354,147,264687,161,241333,131,0.0614454439495154,0.6964036234762956,0.6349581795267801
2021-11-26,Plumas,063,18699.0,22260,12,3766,7,16899,5,1419,0,1036,0,10816,0,9780,5,0.0554040323011925,0.5784266538317557,0.5230226215305631
2021-11-26,Riverside,065,2383286.0,2971531,7178,1762237,3692,1104287,2648,85745,170,157689,1429,1470260,1500,1312571,1200,0.0661645308200526,0.6169045595031398,0.5507400286830871
2021-11-26,Sacramento,067,1510023.0,2132657,5005,1225933,2360,823752,1938,60080,74,100572,924,1032835,964,932263,750,0.0666029590277764,0.6839862704078017,0.6173833113800253
2021-11-26,San Benito,069,59416.0,89294,197,49889,87,34874,95,3609,4,4815,39,44543,42,39728,32,0.0810387774336879,0.7496802208159419,0.668641443382254
2021-11-26,San Bernardino,071,2135413.0,2474976,5963,1513959,3159,869977,2113,75517,103,124367,1082,1236790,1134,1112423,1133,0.0582402561003421,0.5791807018127173,0.5209404457123751
2021-11-26,San Diego,073,3302833.0,5207673,12511,2878223,5701,2082341,4302,191100,250,347622,4084,2723802,5260,2376180,2509,0.1052496447746525,0.8246865645341439,0.7194369197594913
2021-11-26,San Francisco,075,870044.0,1589816,3906,1013842,2381,496131,1281,59283,12,63005,387,744826,392,681821,271,0.0724158778176735,0.8560785431541393,0.7836626653364658
2021-11-26,San Joaquin,077,732212.0,952941,2548,557527,1360,359690,825,28690,52,73381,793,486223,816,412842,422,0.1002182428039966,0.6640467514872742,0.5638285086832775
2021-11-26,San Luis Obispo,079,281455.0,392693,1051,204072,482,171219,426,14211,29,19108,142,186913,156,167805,149,0.067890071236965,0.6640955037217318,0.5962054324847667
2021-11-26,San Mateo,081,765935.0,1368247,3367,836492,1575,462938,1101,45641,46,62989,666,644770,678,581781,398,0.0822380489206003,0.8418077251986135,0.7595696762780132
2021-11-26,Santa Barbara,083,443738.0,637850,1442,376718,856,230235,488,25683,27,34656,191,316377,203,281721,191,0.0781001401728046,0.712981534148529,0.6348813939757244
2021-11-26,Santa Clara,085,1922200.0,3441734,10369,2170802,4610,1088947,3465,117624,212,134308,1620,1628964,1678,1494656,1662,0.0698720216418686,0.8474477161585683,0.7775756945166996
2021-11-26,Santa Cruz,087,273765.0,427606,811,209850,346,202037,431,11206,7,18066,72,205338,74,187272,71,0.0659909046079666,0.7500520519423594,0.6840611473343926
2021-11-26,Shasta,089,179085.0,174868,371,80967,119,84154,217,8964,16,10599,51,87299,58,76700,75,0.0591841862802579,0.4874724292933523,0.4282882430130943
2021-11-26,Sierra,091,2930.0,3488,3,495,0,2912,3,65,0,98,0,1624,0,1526,0,0.0334470989761092,0.5542662116040956,0.5208191126279863
2021-11-26,Siskiyou,093,43540.0,45757,38,19116,5,25098,26,1351,6,2692,6,22145,7,19453,7,0.0618282039503904,0.5086127698667892,0.4467845659163987
2021-11-26,Solano,095,438530.0,622568,1001,351817,522,249718,393,16459,29,40551,173,308433,186,267882,169,0.0924702984972521,0.7033338654139968,0.6108635669167446
2021-11-26,Sonoma,097,501317.0,814309,1374,456985,599,324556,678,24744,29,35811,183,388201,199,352390,135,0.0714338432568614,0.7743623296237709,0.7029284863669095
2021-11-26,Stanislaus,099,539301.0,647527,1415,379285,622,244152,653,20316,25,49072,384,331075,398,282003,269,0.0909918579791248,0.61389650677451,0.5229046487953851
2021-11-26,Sutter,101,95872.0,115805,284,50986,82,59584,189,4893,6,5673,34,58167,35,52494,50,0.0591726468624833,0.6067152036048065,0.5475425567423231
2021-11-26,Tehama,103,63373.0,56266,106,21359,25,32482,68,2235,5,2750,18,27947,20,25197,26,0.043393874362899,0.440992220661796,0.397598346298897
2021-11-26,Trinity,105,12862.0,12808,9,2942,5,9025,2,807,0,754,4,6347,4,5593,2,0.058622298242886,0.4934691338827554,0.4348468356398693
2021-11-26,Tulare,107,460477.0,504450,1061,305343,542,182693,414,13633,18,30698,248,253172,253,222474,264,0.0666656532248081,0.5498037904173281,0.4831381371925199
2021-11-26,Tuolumne,109,53932.0,64505,108,18906,22,43851,81,1473,1,3969,31,30762,32,26793,12,0.0735926722539494,0.570384929170066,0.4967922569161166
2021-11-26,Ventura,111,848112.0,1260263,3355,686506,1453,520802,1458,42985,57,54268,541,611125,571,556857,445,0.0639868319278585,0.720571103816477,0.6565842718886185
2021-11-26,Yolo,113,214977.0,321972,648,163655,265,144342,286,8977,4,18095,95,156964,97,138869,136,0.0841717951222689,0.7301432246240296,0.6459714295017607
2021-11-26,Yuba,115,75493.0,73716,162,30295,45,38761,100,4263,6,3889,31,38167,34,34278,40,0.05151470997311,0.5055700528525824,0.4540553428794722
2021-11-25,Alameda,001,1643700.0,2773402,173,1756083,99,847675,60,122860,6,123353,24,1343617,25,1220264,9,0.0750459329561355,0.8174344466751841,0.7423885137190485
2021-11-25,Alpine,003,1148.0,1717,0,63,0,1647,0,7,0,112,0,822,0,710,0,0.0975609756097561,0.7160278745644599,0.6184668989547039
2021-11-25,Amador,005,37829.0,47203,0,13897,0,31458,0,1707,0,3525,0,23038,0,19513,0,0.0931824790504639,0.6090036744296704,0.5158211953792065
2021-11-25,Butte,007,227075.0,241481,7,119698,4,111181,2,9262,0,11076,3,117952,3,106876,2,0.048776835847187,0.519440713420676,0.4706638775734889
2021-11-25,Calaveras,009,45235.0,55085,4,23525,1,29823,3,1626,0,3597,1,26611,1,23014,0,0.0795180722891566,0.5882834088648171,0.5087653365756605
2021-11-25,Colusa,011,21464.0,25127,6,7590,1,16409,5,1064,0,1338,2,13069,2,11731,1,0.0623369362653745,0.6088799850913157,0.5465430488259411
2021-11-25,Contra Costa,013,1133247.0,1968356,85,1314845,46,565754,29,59469,4,74510,14,933858,16,859348,7,0.0657491261834357,0.8240551265522874,0.7583060003688517
2021-11-25,Del Norte,015,27424.0,27096,0,10703,0,14742,0,1439,0,1680,0,13589,0,11909,0,0.0612602100350058,0.4955148774795799,0.4342546674445741
2021-11-25,El Dorado,017,186661.0,250686,9,124177,6,115592,3,9212,0,11708,0,120409,0,108701,2,0.0627233326725989,0.6450677967009713,0.5823444640283723
2021-11-25,Fresno,019,978130.0,1221401,40,680324,20,490102,18,40975,0,70083,4,610516,4,540433,14,0.0716499851757946,0.6241665218324762,0.5525165366566817
2021-11-25,Glenn,021,27897.0,30997,0,14319,0,14976,0,1578,0,1395,0,15543,0,14148,0,0.0500053769222497,0.5571566835143564,0.5071513065921067
2021-11-25,Humboldt,023,135768.0,186953,2,95507,2,80748,0,8721,0,9421,1,91105,1,81684,0,0.0693904307347828,0.6710344116433916,0.6016439809086088
2021-11-25,Imperial,025,180216.0,308543,18,161188,4,122170,10,19152,4,36848,4,171257,8,134409,6,0.2044657522084609,0.9502874328583476,0.7458216806498869
2021-11-25,Inyo,027,18085.0,24631,2,9431,2,14168,0,671,0,1344,1,11438,1,10094,1,0.0743157312690074,0.6324578379872823,0.5581421067182748
2021-11-25,Kern,029,883053.0,940512,53,507815,37,385765,10,40200,6,56903,11,481171,13,424268,28,0.0644389408110272,0.5448948137880739,0.4804558729770466
2021-11-25,Kings,031,150075.0,133477,12,66034,8,60459,4,6188,0,8910,2,69014,2,60104,8,0.0593703148425787,0.4598634016325171,0.4004930867899384
2021-11-25,Lake,033,64148.0,73018,6,24964,0,44660,6,3242,0,3947,1,36703,1,32756,0,0.0615295878281474,0.5721612521045083,0.5106316642763609
2021-11-25,Lassen,035,31185.0,17439,5,3348,0,12463,3,1593,2,956,0,9096,0,8140,0,0.0306557639890973,0.2916786916786917,0.2610229276895943
2021-11-25,Los Angeles,037,10098052.0,14992486,1473,8438442,646,5865249,717,556389,47,836529,237,7426702,257,6590173,335,0.0828406310444826,0.7354588786035168,0.6526182475590342
2021-11-25,Madera,039,155013.0,169741,1,91591,0,70320,1,6498,0,10160,0,85474,0,75314,0,0.0655428899511653,0.5513989149297156,0.4858560249785502
2021-11-25,Marin,041,260295.0,492362,45,302547,25,164950,19,14324,1,23773,3,229463,3,205690,3,0.0913309898384525,0.8815497800572427,0.7902187902187903
2021-11-25,Mariposa,043,17540.0,18080,0,4165,0,13033,0,734,0,3228,0,10283,0,7055,0,0.184036488027366,0.5862599771949829,0.4022234891676168
2021-11-25,Mendocino,045,87422.0,128350,0,70087,0,53364,0,4157,0,7290,0,61763,0,54473,0,0.0833886207133215,0.7064926448720001,0.6231040241586786
2021-11-25,Merced,047,269075.0,293945,13,179133,7,101746,5,10930,0,29253,5,154545,5,125292,5,0.1087169004924277,0.574356592028245,0.4656396915358171
2021-11-25,Modoc,049,8938.0,7907,0,1386,0,5972,0,525,0,266,0,3804,0,3538,0,0.0297605728350861,0.4255985679122846,0.3958379950771984
2021-11-25,Mono,051,14174.0,20066,0,11382,0,7946,0,400,0,954,0,9473,0,8519,0,0.0673063355439537,0.668336390574291,0.6010300550303372
2021-11-25,Monterey,053,433212.0,631035,37,311071,26,288750,8,24634,2,34486,7,314587,9,280101,10,0.0796053664256761,0.7261733285319889,0.6465679621063128
2021-11-25,Napa,055,140530.0,232576,2,124962,1,99142,0,6524,1,12704,0,111421,1,98717,1,0.0904006262008112,0.7928627339358144,0.7024621077350032
2021-11-25,Nevada,057,99092.0,136738,7,73591,4,58220,3,3808,0,7283,6,65539,6,58256,0,0.0734973559924111,0.66139547087555,0.5878981148831389
2021-11-25,Orange,059,3164182.0,4795159,309,2760299,147,1848550,143,144467,11,211697,35,2311393,42,2099696,71,0.0669041793424019,0.7304867419130758,0.6635825625706738
2021-11-25,Placer,061,380077.0,558678,20,324900,12,212909,5,14871,0,23324,4,264526,4,241202,3,0.0613665125750834,0.6959800251001771,0.6346135125250936
2021-11-25,Plumas,063,18699.0,22248,0,3759,0,16894,0,1419,0,1041,0,10816,0,9775,0,0.0556714262794801,0.5784266538317557,0.5227552275522755
2021-11-25,Riverside,065,2383286.0,2964353,133,1758545,62,1101639,44,85575,10,157389,36,1468760,38,1311371,36,0.0660386541942511,0.6162751763741322,0.5502365221798811
2021-11-25,Sacramento,067,1510023.0,2127652,219,1223573,79,821814,102,60006,14,100358,36,1031871,46,931513,57,0.0664612393321161,0.683347869535762,0.6168866302036459
2021-11-25,San Benito,069,59416.0,89097,5,49802,4,34779,1,3605,0,4805,0,44501,0,39696,2,0.080870472599973,0.7489733405143396,0.6681028679143665
2021-11-25,San Bernardino,071,2135413.0,2469013,188,1510800,68,867864,59,75414,46,124366,38,1235656,50,1111290,47,0.0582397878068551,0.5786496569984354,0.5204098691915803
2021-11-25,San Diego,073,3302833.0,5195162,534,2872522,258,2078039,180,190850,48,344871,167,2718542,268,2373671,163,0.1044167234613436,0.8230939923393039,0.7186772688779602
2021-11-25,San Francisco,075,870044.0,1585910,484,1011461,215,494850,183,59271,9,62884,71,744434,75,681550,74,0.072276804391502,0.8556279912280298,0.7833511868365278
2021-11-25,San Joaquin,077,732212.0,950393,72,556167,40,358865,20,28638,9,72987,24,485407,31,412420,19,0.0996801472797495,0.6629323201477167,0.5632521728679672
2021-11-25,San Luis Obispo,079,281455.0,391642,37,203590,17,170793,14,14182,5,19101,3,186757,3,167656,4,0.0678652004760974,0.6635412410509673,0.5956760405748699
2021-11-25,San Mateo,081,765935.0,1364880,98,834917,44,461837,44,45595,0,62709,13,644092,13,581383,15,0.0818724826519221,0.8409225325908857,0.7590500499389635
2021-11-25,Santa Barbara,083,443738.0,636408,38,375862,25,229747,12,25656,1,34644,8,316174,8,281530,4,0.0780730971879802,0.7125240569885833,0.6344509598006031
2021-11-25,Santa Clara,085,1922200.0,3431365,114,2166192,61,1085482,42,117412,5,134292,17,1627286,21,1492994,10,0.0698636978462178,0.8465747580896889,0.776711060243471
2021-11-25,Santa Cruz,087,273765.0,426795,110,209504,79,201606,30,11199,1,18063,10,205264,11,187201,10,0.065979946304312,0.7497817471188793,0.6838018008145672
2021-11-25,Shasta,089,179085.0,174497,5,80848,3,83937,2,8948,0,10616,1,87241,1,76625,0,0.0592791132702348,0.4871485607393137,0.4278694474690789
2021-11-25,Sierra,091,2930.0,3485,0,495,0,2909,0,65,0,98,0,1624,0,1526,0,0.0334470989761092,0.5542662116040956,0.5208191126279863
2021-11-25,Siskiyou,093,43540.0,45719,1,19111,1,25072,0,1345,0,2692,0,22138,0,19446,0,0.0618282039503904,0.5084519981626091,0.4466237942122186
2021-11-25,Solano,095,438530.0,621567,20,351295,10,249325,10,16430,0,40534,3,308247,3,267713,4,0.0924315326203452,0.7029097211137209,0.6104781884933757
2021-11-25,Sonoma,097,501317.0,812935,44,456386,17,323878,26,24715,1,35747,2,388002,3,352255,8,0.071306179523136,0.7739653752017187,0.7026591956785826
2021-11-25,Stanislaus,099,539301.0,646112,32,378663,20,243499,6,20291,4,48943,8,330677,12,281734,23,0.090752659461043,0.6131585144474051,0.5224058549863619
2021-11-25,Sutter,101,95872.0,115521,1,50904,1,59395,0,4887,0,5688,1,58132,1,52444,0,0.0593291054739652,0.6063501335113485,0.5470210280373832
2021-11-25,Tehama,103,63373.0,56160,1,21334,1,32414,0,2230,0,2756,0,27927,0,25171,1,0.0434885519069635,0.4406766288482476,0.3971880769412841
2021-11-25,Trinity,105,12862.0,12799,0,2937,0,9023,0,807,0,752,0,6343,0,5591,0,0.0584668014305706,0.4931581402581247,0.434691338827554
2021-11-25,Tulare,107,460477.0,503389,16,304801,15,182279,1,13615,0,30709,2,252919,2,222210,11,0.0666895414971866,0.5492543601526243,0.4825648186554377
2021-11-25,Tuolumne,109,53932.0,64397,3,18884,1,43770,1,1472,1,3949,0,30730,1,26781,1,0.0732218349032114,0.5697915894088853,0.4965697545056738
2021-11-25,Ventura,111,848112.0,1256908,69,685053,35,519344,27,42928,5,54142,12,610554,13,556412,12,0.0638382666440281,0.7198978436810233,0.6560595770369951
2021-11-25,Yolo,113,214977.0,321324,21,163390,5,144056,13,8973,1,18134,5,156867,6,138733,2,0.084353209878266,0.7296920135642417,0.6453388036859757
2021-11-25,Yuba,115,75493.0,73554,1,30250,0,38661,1,4257,0,3895,0,38133,0,34238,0,0.0515941875405666,0.5051196799703284,0.4535254924297617
2021-11-24,Alameda,001,1643700.0,2773229,10990,1755984,4928,847615,4099,122854,248,123337,2337,1343592,2399,1220255,812,0.0750361988197359,0.8174192370870597,0.7423830382673238
2021-11-24,Alpine,003,1148.0,1717,1,63,0,1647,1,7,0,112,0,822,0,710,0,0.0975609756097561,0.7160278745644599,0.6184668989547039
2021-11-24,Amador,005,37829.0,47203,97,13897,15,31458,75,1707,3,3525,17,23038,19,19513,9,0.0931824790504639,0.6090036744296704,0.5158211953792065
2021-11-24,Butte,007,227075.0,241474,499,119694,198,111179,271,9262,10,11075,75,117949,79,106874,68,0.0487724320158537,0.5194275019266762,0.4706550699108224
2021-11-24,Calaveras,009,45235.0,55081,102,23524,43,29820,53,1626,0,3596,31,26610,31,23014,9,0.0794959655134298,0.5882613020890903,0.5087653365756605
2021-11-24,Colusa,011,21464.0,25121,82,7589,33,16404,46,1064,1,1337,21,13067,21,11730,13,0.0622903466269101,0.6087868058143869,0.5464964591874767
2021-11-24,Contra Costa,013,1133247.0,1968271,7456,1314799,3691,565725,2319,59465,88,74501,1829,933842,1868,859341,523,0.0657411844019882,0.8240410078297141,0.7582998234277258
2021-11-24,Del Norte,015,27424.0,27096,86,10703,21,14742,46,1439,10,1680,18,13589,25,11909,12,0.0612602100350058,0.4955148774795799,0.4342546674445741
2021-11-24,El Dorado,017,186661.0,250677,744,124171,269,115589,360,9212,17,11710,154,120409,158,108699,70,0.0627340472835782,0.6450677967009713,0.582333749417393
2021-11-24,Fresno,019,978130.0,1221361,3697,680304,1636,490084,1481,40975,124,70093,855,610512,902,540419,558,0.0716602087657059,0.6241624323965117,0.5525022236308057
2021-11-24,Glenn,021,27897.0,30997,90,14319,45,14976,37,1578,3,1395,26,15543,28,14148,18,0.0500053769222497,0.5571566835143564,0.5071513065921067
2021-11-24,Humboldt,023,135768.0,186951,416,95505,204,80748,179,8721,20,9420,50,91104,60,81684,49,0.0693830652289199,0.6710270461375287,0.6016439809086088
2021-11-24,Imperial,025,180216.0,308525,1705,161184,763,122160,515,19148,136,36846,838,171249,921,134403,279,0.2044546544147023,0.9502430416833132,0.745788387268611
2021-11-24,Inyo,027,18085.0,24629,60,9429,9,14168,46,671,5,1344,13,11437,14,10093,5,0.0743157312690074,0.6324025435443738,0.5580868122753663
2021-11-24,Kern,029,883053.0,940459,2935,507778,1197,385755,1197,40194,102,56918,678,481158,733,424240,662,0.0644559273339199,0.5448800921349002,0.4804241648009802
2021-11-24,Kings,031,150075.0,133465,450,66026,176,60455,224,6188,11,8916,122,69012,127,60096,82,0.0594102948525737,0.4598500749625187,0.400439780109945
2021-11-24,Lake,033,64148.0,73012,146,24964,39,44654,100,3242,2,3946,24,36702,24,32756,15,0.0615139988775955,0.5721456631539564,0.5106316642763609
2021-11-24,Lassen,035,31185.0,17434,92,3348,6,12460,73,1591,11,956,11,9096,15,8140,6,0.0306557639890973,0.2916786916786917,0.2610229276895943
2021-11-24,Los Angeles,037,10098052.0,14991013,52061,8437796,23415,5864532,21634,556342,1507,836607,11344,7426445,11945,6589838,6628,0.0828483553065482,0.7354334281503007,0.6525850728437524
2021-11-24,Madera,039,155013.0,169740,555,91591,256,70319,208,6498,27,10160,167,85474,179,75314,88,0.0655428899511653,0.5513989149297156,0.4858560249785502
2021-11-24,Marin,041,260295.0,492317,1865,302522,934,164931,740,14323,38,23773,279,229460,290,205687,94,0.0913309898384525,0.8815382546725831,0.7902072648341305
2021-11-24,Mariposa,043,17540.0,18080,58,4165,7,13033,48,734,3,3228,24,10283,27,7055,16,0.184036488027366,0.5862599771949829,0.4022234891676168
2021-11-24,Mendocino,045,87422.0,128350,225,70087,90,53364,110,4157,9,7290,33,61763,37,54473,28,0.0833886207133215,0.7064926448720001,0.6231040241586786
2021-11-24,Merced,047,269075.0,293932,672,179126,372,101741,212,10930,53,29253,221,154540,265,125287,146,0.1087169004924277,0.5743380098485552,0.4656211093561275
2021-11-24,Modoc,049,8938.0,7907,5,1386,0,5972,5,525,0,266,0,3804,0,3538,0,0.0297605728350861,0.4255985679122846,0.3958379950771984
2021-11-24,Mono,051,14174.0,20066,16,11382,5,7946,10,400,0,954,2,9473,2,8519,1,0.0673063355439537,0.668336390574291,0.6010300550303372
2021-11-24,Monterey,053,433212.0,630998,1856,311045,750,288742,899,24632,38,34487,406,314578,426,280091,242,0.0796076747643186,0.7261525534842064,0.6465448787198878
2021-11-24,Napa,055,140530.0,232574,608,124961,287,99142,264,6523,20,12704,91,111420,95,98716,53,0.0904006262008112,0.7928556180175051,0.7024549918166939
2021-11-24,Nevada,057,99092.0,136731,402,73587,153,58217,238,3808,2,7277,42,65533,43,58256,31,0.0734368062002987,0.6613349210834376,0.5878981148831389
2021-11-24,Orange,059,3164182.0,4794850,16235,2760152,7147,1848407,6790,144456,323,211726,3500,2311351,3638,2099625,1463,0.0669133444283546,0.7304734683403167,0.6635601239119621
2021-11-24,Placer,061,380077.0,558658,1679,324888,721,212904,687,14871,27,23323,379,264522,388,241199,116,0.061363881529269,0.6959695009169194,0.6346056193876504
2021-11-24,Plumas,063,18699.0,22248,63,3759,23,16894,36,1419,3,1041,8,10816,8,9775,7,0.0556714262794801,0.5784266538317557,0.5227552275522755
2021-11-24,Riverside,065,2383286.0,2964220,8492,1758483,3814,1101595,3258,85565,590,157387,1933,1468722,2049,1311335,1015,0.0660378150167457,0.6162592320015307,0.5502214169847849
2021-11-24,Sacramento,067,1510023.0,2127433,7300,1223494,3232,821712,3002,59992,198,100369,1536,1031825,1618,931456,708,0.0664685239893697,0.6833174064236107,0.6168488824342411
2021-11-24,San Benito,069,59416.0,89092,312,49798,163,34778,86,3605,7,4807,88,44501,90,39694,48,0.080904133566716,0.7489733405143396,0.6680692069476235
2021-11-24,San Bernardino,071,2135413.0,2468825,7144,1510732,3665,867805,2555,75368,234,124363,1543,1235606,1646,1111243,1109,0.0582383829263941,0.5786262423240843,0.5203878593976903
2021-11-24,San Diego,073,3302833.0,5194628,19332,2872264,8044,2077859,7934,190802,476,344766,5590,2718274,8207,2373508,3993,0.1043849325715226,0.8230128498776657,0.718627917306143
2021-11-24,San Francisco,075,870044.0,1585426,7232,1011246,3574,494667,2967,59262,90,62883,1026,744359,1058,681476,334,0.0722756550243435,0.8555417886911466,0.7832661336668031
2021-11-24,San Joaquin,077,732212.0,950321,2804,556127,1239,358845,1164,28629,56,72975,905,485376,933,412401,391,0.0996637585835796,0.662889982682611,0.5632262240990314
2021-11-24,San Luis Obispo,079,281455.0,391605,1365,203573,579,170779,576,14177,46,19102,280,186754,295,167652,91,0.0678687534419356,0.6635305821534526,0.595661828711517
2021-11-24,San Mateo,081,765935.0,1364782,5680,834873,2742,461793,2120,45595,112,62711,1035,644079,1068,581368,352,0.0818750938395555,0.8409055598712685,0.7590304660317129
2021-11-24,Santa Barbara,083,443738.0,636370,1996,375837,1036,229735,706,25655,34,34640,430,316166,446,281526,204,0.0780640828597055,0.7125060283320338,0.6344419454723282
2021-11-24,Santa Clara,085,1922200.0,3431251,16411,2166131,7561,1085440,5266,117407,266,134281,2545,1627265,2615,1492984,2357,0.0698579752367079,0.8465638331078972,0.7767058578711893
2021-11-24,Santa Cruz,087,273765.0,426685,1124,209425,449,201576,607,11198,11,18062,156,205253,162,187191,76,0.0659762935364272,0.7497415666721459,0.6837652731357186
2021-11-24,Shasta,089,179085.0,174492,410,80845,150,83935,209,8948,21,10615,86,87240,97,76625,84,0.0592735293296479,0.4871429767987268,0.4278694474690789
2021-11-24,Sierra,091,2930.0,3485,10,495,1,2909,9,65,0,98,1,1624,1,1526,0,0.0334470989761092,0.5542662116040956,0.5208191126279863
2021-11-24,Siskiyou,093,43540.0,45718,115,19110,23,25072,91,1345,0,2692,13,22138,13,19446,13,0.0618282039503904,0.5084519981626091,0.4466237942122186
2021-11-24,Solano,095,438530.0,621547,2009,351285,974,249315,795,16430,31,40535,410,308244,424,267709,219,0.0924338129660456,0.7029028800766196,0.6104690671105739
2021-11-24,Sonoma,097,501317.0,812891,3039,456369,1261,323852,1376,24714,97,35752,598,387999,631,352247,209,0.0713161532523333,0.7739593909642003,0.702643237711867
2021-11-24,Stanislaus,099,539301.0,646080,1753,378643,792,243493,758,20287,46,48954,477,330665,507,281711,250,0.0907730562339027,0.6131362634224672,0.5223632071885644
2021-11-24,Sutter,101,95872.0,115520,307,50903,110,59395,172,4887,12,5687,52,58131,57,52444,46,0.0593186748998664,0.6063397029372497,0.5470210280373832
2021-11-24,Tehama,103,63373.0,56159,227,21333,135,32414,81,2230,2,2757,42,27927,44,25170,38,0.0435043314976409,0.4406766288482476,0.3971722973506067
2021-11-24,Trinity,105,12862.0,12799,8,2937,4,9023,2,807,0,752,3,6343,3,5591,1,0.0584668014305706,0.4931581402581247,0.434691338827554
2021-11-24,Tulare,107,460477.0,503373,1326,304786,670,182278,500,13615,29,30718,353,252917,372,222199,254,0.0667090864473144,0.5492500168303737,0.4825409303830593
2021-11-24,Tuolumne,109,53932.0,64394,149,18883,27,43769,94,1471,2,3949,46,30729,46,26780,10,0.0732218349032114,0.5697730475413484,0.4965512126381369
2021-11-24,Ventura,111,848112.0,1256839,4087,685018,1829,519317,1650,42923,115,54141,888,610541,937,556400,406,0.0638370875544739,0.7198825155168186,0.6560454279623446
2021-11-24,Yolo,113,214977.0,321303,1107,163385,501,144043,495,8972,14,18130,209,156861,215,138731,104,0.0843346032366253,0.7296641036017807,0.6453295003651554
2021-11-24,Yuba,115,75493.0,73553,221,30250,82,38660,110,4257,12,3895,43,38133,50,34238,56,0.0515941875405666,0.5051196799703284,0.4535254924297617
2021-11-23,Alameda,001,1643700.0,2762239,13841,1751056,6157,843516,4440,122606,303,121750,3769,1341193,3848,1219443,768,0.074070694165602,0.8159597250106467,0.7418890308450448
2021-11-23,Alpine,003,1148.0,1716,1,63,0,1646,1,7,0,112,1,822,1,710,0,0.0975609756097561,0.7160278745644599,0.6184668989547039
2021-11-23,Amador,005,37829.0,47106,180,13882,35,31383,131,1704,0,3515,43,23019,43,19504,17,0.0929181315921647,0.6085014142589019,0.5155832826667371
2021-11-23,Butte,007,227075.0,240975,843,119496,278,110908,422,9252,16,11064,201,117870,204,106806,65,0.0487239898711879,0.5190795992513487,0.4703556093801607
2021-11-23,Calaveras,009,45235.0,54979,225,23481,66,29767,141,1626,6,3574,56,26579,60,23005,15,0.0790096164474411,0.5875759920415607,0.5085663755941195
2021-11-23,Colusa,011,21464.0,25039,88,7556,23,16358,61,1063,2,1329,15,13046,17,11717,19,0.0619176295191949,0.6078084234066343,0.5458907938874394
2021-11-23,Contra Costa,013,1133247.0,1960815,9087,1311108,4381,563406,3076,59377,143,73156,2087,931974,2132,858818,518,0.064554329285672,0.8223926469692838,0.7578383176836118
2021-11-23,Del Norte,015,27424.0,27010,75,10682,33,14696,30,1429,6,1667,30,13564,31,11897,4,0.0607861726954492,0.4946032672112018,0.4338170945157526
2021-11-23,El Dorado,017,186661.0,249933,1078,123902,362,115229,487,9195,34,11622,279,120251,291,108629,77,0.0622626044004907,0.6442213424336096,0.5819587380331188
2021-11-23,Fresno,019,978130.0,1217664,5015,678668,1970,488603,2307,40851,113,69749,1185,609610,1229,539861,584,0.0713085172727551,0.6232402645865069,0.5519317473137517
2021-11-23,Glenn,021,27897.0,30907,89,14274,34,14939,45,1575,4,1385,15,15515,18,14130,15,0.049646915438936,0.5561529913610782,0.5065060759221421
2021-11-23,Humboldt,023,135768.0,186535,636,95301,193,80569,326,8701,12,9409,161,91044,162,81635,45,0.0693020446644275,0.6705851157857522,0.6012830711213246
2021-11-23,Imperial,025,180216.0,306820,2229,160421,1174,121645,478,19012,126,36204,1261,170328,1355,134124,263,0.2008922626181915,0.9451325076574776,0.7442402450392862
2021-11-23,Inyo,027,18085.0,24569,84,9420,19,14122,64,666,1,1335,7,11423,8,10088,8,0.073818081282831,0.6316284213436549,0.5578103400608239
2021-11-23,Kern,029,883053.0,937524,3673,506581,1775,384558,1411,40092,124,56847,906,480425,965,423578,571,0.0643755244588943,0.5440500173828751,0.4796744929239808
2021-11-23,Kings,031,150075.0,133015,455,65850,170,60231,218,6177,17,8871,118,68885,123,60014,64,0.0591104447776111,0.4590038314176245,0.3998933866400133
2021-11-23,Lake,033,64148.0,72866,271,24925,89,44554,173,3240,3,3937,40,36678,42,32741,43,0.0613736983226289,0.5717715283407121,0.5103978300180831
2021-11-23,Lassen,035,31185.0,17342,55,3342,4,12387,36,1580,15,947,5,9081,8,8134,9,0.030367163700497,0.2911976911976912,0.2608305274971941
2021-11-23,Los Angeles,037,10098052.0,14938952,61018,8414381,27655,5842898,26265,554835,1501,831290,12731,7414500,13315,6583210,6624,0.0823218181090768,0.7342505267352555,0.6519287086261786
2021-11-23,Madera,039,155013.0,169185,696,91335,320,70111,267,6471,21,10069,187,85295,192,75226,75,0.0649558424132169,0.5502441730693555,0.4852883306561385
2021-11-23,Marin,041,260295.0,490452,2301,301588,994,164191,1053,14285,63,23577,329,229170,336,205593,91,0.0905779980406846,0.8804241341554775,0.7898461361147928
2021-11-23,Mariposa,043,17540.0,18022,93,4158,14,12985,72,731,4,3217,38,10256,42,7039,24,0.1834093500570125,0.584720638540479,0.4013112884834663
2021-11-23,Mendocino,045,87422.0,128125,513,69997,177,53254,294,4148,19,7281,75,61726,80,54445,53,0.0832856717988607,0.7060694104458832,0.6227837386470225
2021-11-23,Merced,047,269075.0,293260,1006,178754,552,101529,370,10877,20,29134,313,154275,319,125141,174,0.1082746446158134,0.5733531543250023,0.4650785097091889
2021-11-23,Modoc,049,8938.0,7902,83,1386,6,5967,72,525,3,266,7,3804,8,3538,7,0.0297605728350861,0.4255985679122846,0.3958379950771984
2021-11-23,Mono,051,14174.0,20050,56,11377,35,7936,17,400,0,953,10,9471,10,8518,3,0.067235783829547,0.6681952871454776,0.6009595033159306
2021-11-23,Monterey,053,433212.0,629142,2498,310295,970,287843,1225,24594,51,34303,565,314152,586,279849,254,0.0791829404540963,0.7251692012224962,0.6459862607683998
2021-11-23,Napa,055,140530.0,231966,899,124674,429,98878,351,6503,23,12662,173,111325,181,98663,51,0.0901017576318223,0.7921796057781256,0.7020778481463033
2021-11-23,Nevada,057,99092.0,136329,446,73434,171,57979,263,3806,5,7265,44,65490,46,58225,36,0.0733157066160739,0.6609009809066322,0.5875852742905583
2021-11-23,Orange,059,3164182.0,4778615,18535,2753005,8228,1841617,7934,144133,396,209551,3682,2307713,3845,2098162,1506,0.0662259629819018,0.7293237241094223,0.6630977611275205
2021-11-23,Placer,061,380077.0,556979,2362,324167,971,212217,995,14844,47,23051,515,264134,539,241083,173,0.060648237067752,0.694948655140932,0.6343004180731799
2021-11-23,Plumas,063,18699.0,22185,88,3736,8,16858,70,1416,5,1040,16,10808,17,9768,5,0.0556179474838226,0.5779988234664956,0.5223808759826729
2021-11-23,Riverside,065,2383286.0,2955728,10254,1754669,4817,1098337,4243,84975,232,156353,2157,1466673,2251,1310320,1237,0.0656039602464832,0.6153994946473063,0.5497955344008231
2021-11-23,Sacramento,067,1510023.0,2120133,8657,1220262,3690,818710,3668,59794,196,99459,1991,1030207,2073,930748,748,0.0658658841620293,0.6822458995657682,0.6163800154037389
2021-11-23,San Benito,069,59416.0,88780,367,49635,129,34692,190,3598,14,4765,74,44411,83,39646,45,0.0801972532651137,0.7474585970109061,0.6672613437457924
2021-11-23,San Bernardino,071,2135413.0,2461681,8616,1507067,4253,865250,3187,75134,239,123826,1937,1233960,2037,1110134,1109,0.0579869093238638,0.5778554312444478,0.519868521920584
2021-11-23,San Diego,073,3302833.0,5175296,21596,2864220,9202,2069925,9049,190326,528,340552,5615,2710067,8501,2369515,4535,0.1031090581933752,0.8205280133751843,0.7174189551818091
2021-11-23,San Francisco,075,870044.0,1578194,8670,1007672,4206,491700,3574,59172,193,62159,1210,743301,1254,681142,375,0.0714435132016311,0.8543257582375144,0.7828822450358832
2021-11-23,San Joaquin,077,732212.0,947517,3083,554888,1418,357681,1240,28573,92,72433,906,484443,953,412010,380,0.0989235358065696,0.6616157615553965,0.5626922257488268
2021-11-23,San Luis Obispo,079,281455.0,390240,1715,202994,670,170203,870,14131,47,18898,238,186459,257,167561,170,0.067143948410936,0.6624824572311737,0.5953385088202376
2021-11-23,San Mateo,081,765935.0,1359102,6926,832131,3373,459673,2798,45483,162,61995,1046,643011,1090,581016,390,0.0809402886667928,0.8395111856750247,0.7585708970082318
2021-11-23,Santa Barbara,083,443738.0,634374,2208,374801,1011,229029,953,25621,61,34398,438,315720,466,281322,226,0.0775187159990805,0.7115009307293944,0.6339822147303138
2021-11-23,Santa Clara,085,1922200.0,3414840,17291,2158570,7674,1080174,6321,117141,292,134023,3101,1624650,3187,1490627,1669,0.0697237540318385,0.8452034127562168,0.7754796587243783
2021-11-23,Santa Cruz,087,273765.0,425561,1982,208976,740,200969,954,11187,38,17976,376,205091,386,187115,139,0.0656621554983288,0.7491498182747978,0.6834876627764689
2021-11-23,Shasta,089,179085.0,174082,684,80695,252,83726,366,8927,42,10602,101,87143,112,76541,98,0.0592009381020185,0.4866013345618002,0.4274003964597817
2021-11-23,Sierra,091,2930.0,3475,2,494,1,2900,1,65,0,97,0,1623,0,1526,1,0.0331058020477815,0.5539249146757679,0.5208191126279863
2021-11-23,Siskiyou,093,43540.0,45603,235,19087,56,24981,164,1345,7,2692,29,22125,30,19433,36,0.0618282039503904,0.5081534221405604,0.4463252181901699
2021-11-23,Solano,095,438530.0,619538,2298,350311,1128,248520,921,16399,45,40330,427,307820,443,267490,256,0.0919663420974619,0.7019360134996465,0.6099696714021846
2021-11-23,Sonoma,097,501317.0,809852,3721,455108,1645,322476,1553,24617,87,35330,789,387368,810,352038,265,0.0704743705080817,0.7727007063395017,0.70222633583142
2021-11-23,Stanislaus,099,539301.0,644327,1882,377851,1017,242735,670,20241,38,48697,527,330158,549,281461,255,0.0902965134498174,0.6121961576188436,0.5218996441690262
2021-11-23,Sutter,101,95872.0,115213,463,50793,127,59223,285,4875,18,5676,98,58074,105,52398,54,0.0592039385847797,0.6057451602136181,0.5465412216288384
2021-11-23,Tehama,103,63373.0,55932,274,21198,40,32333,209,2228,13,2751,44,27883,52,25132,33,0.0434096539535764,0.4399823268584413,0.3965726729048648
2021-11-23,Trinity,105,12862.0,12791,24,2933,15,9021,6,807,3,750,2,6340,3,5590,4,0.0583113046182553,0.4929248950396517,0.4346135904213963
2021-11-23,Tulare,107,460477.0,502047,1660,304116,869,181778,624,13586,38,30600,396,252545,412,221945,261,0.0664528304345276,0.5484421588917578,0.4819893284572302
2021-11-23,Tuolumne,109,53932.0,64245,277,18856,46,43675,226,1469,0,3913,75,30683,75,26770,13,0.0725543276718831,0.568920121634651,0.4963657939627679
2021-11-23,Ventura,111,848112.0,1252752,4900,683189,1952,517667,2255,42808,142,53610,928,609604,977,555994,406,0.0632109910011885,0.718777708604524,0.6555667176033354
2021-11-23,Yolo,113,214977.0,320196,1252,162884,520,143548,607,8958,21,18019,233,156646,246,138627,120,0.0838182689310949,0.7286639966135913,0.6448457276824963
2021-11-23,Yuba,115,75493.0,73332,245,30168,64,38550,146,4245,14,3901,64,38083,70,34182,35,0.0516736651080232,0.5044573669081902,0.4527837018001669
2021-11-22,Alameda,001,1643700.0,2748398,11239,1744899,5321,839076,3992,122303,287,118670,2476,1337345,2546,1218675,698,0.0721968729086816,0.8136186652065462,0.7414217922978645
2021-11-22,Alpine,003,1148.0,1715,22,63,2,1645,20,7,0,111,5,821,5,710,1,0.0966898954703832,0.7151567944250871,0.6184668989547039
2021-11-22,Amador,005,37829.0,46926,139,13847,15,31252,115,1704,5,3489,23,22976,24,19487,5,0.0922308282005868,0.6073647201882154,0.5151338919876285
2021-11-22,Butte,007,227075.0,240132,765,119218,283,110486,418,9236,22,10925,122,117666,126,106741,77,0.0481118573158648,0.5181812176593636,0.4700693603434988
2021-11-22,Calaveras,009,45235.0,54754,223,23415,67,29626,147,1620,5,3529,38,26519,42,22990,19,0.0780148115397369,0.5862495854979551,0.5082347739582181
2021-11-22,Colusa,011,21464.0,24951,51,7533,12,16297,35,1061,2,1331,9,13029,9,11698,8,0.0620108087961237,0.6070163995527394,0.5450055907566157
2021-11-22,Contra Costa,013,1133247.0,1951728,7882,1306727,4065,560330,2678,59234,200,71542,1564,929842,1645,858300,590,0.0631301031460926,0.8205113271863945,0.757381224040302
2021-11-22,Del Norte,015,27424.0,26935,144,10649,37,14666,85,1423,10,1640,26,13533,33,11893,26,0.0598016336056009,0.4934728704784131,0.4336712368728121
2021-11-22,El Dorado,017,186661.0,248855,1167,123540,406,114742,544,9161,28,11408,292,119960,299,108552,97,0.0611161410257097,0.642662366536127,0.5815462255104172
2021-11-22,Fresno,019,978130.0,1212649,4829,676698,2151,486296,1954,40738,133,69104,1135,608381,1181,539277,618,0.0706490957234723,0.6219837853864005,0.5513346896629282
2021-11-22,Glenn,021,27897.0,30818,93,14240,38,14894,46,1571,8,1382,19,15497,22,14115,12,0.049539376993942,0.5555077606911137,0.5059683836971718
2021-11-22,Humboldt,023,135768.0,185899,631,95108,280,80243,278,8689,21,9292,102,90882,114,81590,53,0.0684402804784632,0.6693919038359555,0.6009516233574922
2021-11-22,Imperial,025,180216.0,304591,1100,159247,439,121167,402,18886,98,35112,486,168973,551,133861,159,0.1948328672259954,0.9376137523860256,0.7427808851600302
2021-11-22,Inyo,027,18085.0,24485,83,9401,19,14058,62,665,0,1335,14,11415,14,10080,5,0.073818081282831,0.631186065800387,0.557367984517556
2021-11-22,Kern,029,883053.0,933851,3448,504806,1367,383147,1636,39968,139,56453,855,479460,905,423007,570,0.063929345124245,0.5429572177434423,0.4790278726191972
2021-11-22,Kings,031,150075.0,132560,529,65680,238,60013,220,6160,22,8812,145,68762,149,59950,96,0.0587173080126603,0.458184241212727,0.3994669332000666
2021-11-22,Lake,033,64148.0,72595,213,24836,57,44381,133,3237,2,3938,43,36636,45,32698,30,0.0613892872731807,0.5711167924175344,0.5097275051443537
2021-11-22,Lassen,035,31185.0,17287,50,3338,13,12351,33,1565,4,948,12,9073,14,8125,11,0.0303992303992303,0.2909411576078243,0.2605419272085938
2021-11-22,Los Angeles,037,10098052.0,14877934,62508,8386726,27914,5816633,26826,553334,1539,824599,13550,7401185,14173,6576586,6732,0.08165921506445,0.7329319555890582,0.6512727405246082
2021-11-22,Madera,039,155013.0,168489,504,91015,208,69844,241,6450,13,9952,117,85103,121,75151,52,0.0642010670072832,0.5490055672750027,0.4848045002677195
2021-11-22,Marin,041,260295.0,488151,1775,300594,787,163138,768,14222,32,23332,304,228834,311,205502,93,0.0896367582934747,0.8791332910735896,0.7894965327801149
2021-11-22,Mariposa,043,17540.0,17929,46,4144,15,12913,30,727,0,3199,16,10214,16,7015,1,0.1823831242873432,0.5823261117445838,0.3999429874572406
2021-11-22,Mendocino,045,87422.0,127612,331,69820,127,52960,178,4129,9,7254,53,61646,59,54392,39,0.082976825055478,0.7051543089840085,0.6221774839285306
2021-11-22,Merced,047,269075.0,292254,995,178202,470,101159,396,10857,35,28989,318,153956,329,124967,156,0.1077357614048127,0.5721676112608008,0.4644318498559881
2021-11-22,Modoc,049,8938.0,7819,22,1380,2,5895,20,522,0,265,1,3796,1,3531,4,0.0296486909823226,0.4247035130901768,0.3950548221078541
2021-11-22,Mono,051,14174.0,19994,50,11342,17,7919,29,400,2,946,6,9461,8,8515,4,0.0667419218287004,0.6674897700014111,0.6007478481727107
2021-11-22,Monterey,053,433212.0,626644,2238,309325,902,286618,1141,24543,18,33971,525,313566,527,279595,231,0.0784165720247823,0.723816514777984,0.6453999427532017
2021-11-22,Napa,055,140530.0,231067,752,124245,355,98527,314,6480,17,12532,114,111144,119,98612,70,0.0891766882516188,0.79089162456415,0.7017149363125311
2021-11-22,Nevada,057,99092.0,135883,562,73263,217,57716,327,3801,14,7255,51,65444,54,58189,51,0.0732147902958866,0.6604367658337706,0.587221975537884
2021-11-22,Orange,059,3164182.0,4760080,20056,2744777,8503,1833683,8804,143737,443,207212,4116,2303868,4284,2096656,1637,0.0654867513941992,0.7281085601270724,0.6626218087328731
2021-11-22,Placer,061,380077.0,554617,2247,323196,897,211222,895,14797,33,22685,601,263595,619,240910,175,0.0596852742996813,0.6935305214469699,0.6338452471472886
2021-11-22,Plumas,063,18699.0,22097,61,3728,8,16788,46,1411,3,1028,11,10791,13,9763,7,0.0549762019359324,0.5770896839403177,0.5221134820043852
2021-11-22,Riverside,065,2383286.0,2945474,9768,1749852,4579,1094094,3866,84743,260,155339,2244,1464422,2359,1309083,1158,0.065178497251274,0.6144550003650422,0.5492765031137682
2021-11-22,Sacramento,067,1510023.0,2111476,9260,1216572,3956,815042,3696,59598,214,98134,2283,1028134,2361,930000,822,0.064988414083759,0.6808730727942555,0.6158846587104965
2021-11-22,San Benito,069,59416.0,88413,419,49506,175,34502,146,3584,6,4727,126,44328,129,39601,53,0.0795576948969974,0.7460616668910731,0.6665039719940756
2021-11-22,San Bernardino,071,2135413.0,2453065,8494,1502814,4146,862063,3207,74895,271,122898,1916,1231923,2047,1109025,1226,0.0575523329679083,0.576901517411386,0.5193491844434777
2021-11-22,San Diego,073,3302833.0,5153700,19331,2855018,7841,2060876,8626,189798,450,336586,4866,2701566,7486,2364980,3964,0.101908270869281,0.8179541623812042,0.7160458915119232
2021-11-22,San Francisco,075,870044.0,1569524,8976,1003466,4363,488126,3595,58979,110,61280,1480,742047,1515,680767,355,0.0704332194693601,0.8528844518208275,0.7824512323514673
2021-11-22,San Joaquin,077,732212.0,944434,3521,553470,1594,356441,1410,28481,80,71860,1160,483490,1204,411630,478,0.098140975564454,0.6603142259345653,0.5621732503701113
2021-11-22,San Luis Obispo,079,281455.0,388525,1683,202324,743,169333,763,14084,37,18811,262,186202,276,167391,111,0.0668348403830097,0.6615693450107477,0.594734504627738
2021-11-22,San Mateo,081,765935.0,1352176,4075,828758,1801,456875,1597,45321,53,61295,868,641921,893,580626,264,0.0800263729950974,0.8380880884148133,0.7580617154197158
2021-11-22,Santa Barbara,083,443738.0,632166,2101,373790,994,228076,924,25560,39,34158,370,315254,387,281096,215,0.0769778563025929,0.710450761485381,0.6334729051827881
2021-11-22,Santa Clara,085,1922200.0,3397549,15609,2150896,7042,1073853,5925,116849,306,132505,2807,1621463,2889,1488958,1220,0.0689340339194672,0.8435454167100198,0.7746113827905525
2021-11-22,Santa Cruz,087,273765.0,423579,1668,208236,587,200015,845,11149,24,17729,362,204705,372,186976,117,0.0647599218307672,0.74773984987124,0.6829799280404727
2021-11-22,Shasta,089,179085.0,173398,706,80443,245,83360,390,8885,43,10588,102,87031,116,76443,119,0.0591227629338023,0.4859759332160706,0.4268531702822682
2021-11-22,Sierra,091,2930.0,3473,10,493,3,2899,0,65,0,98,7,1623,7,1525,0,0.0334470989761092,0.5539249146757679,0.5204778156996587
2021-11-22,Siskiyou,093,43540.0,45368,190,19031,38,24817,148,1338,4,2698,28,22095,30,19397,15,0.061966008268259,0.5074644005512172,0.4454983922829582
2021-11-22,Solano,095,438530.0,617240,2328,349183,976,247599,1022,16354,58,40143,507,307377,529,267234,247,0.0915399174514856,0.7009258203543657,0.6093859029028801
2021-11-22,Sonoma,097,501317.0,806131,2359,453463,950,320923,1023,24530,68,34785,560,386558,582,351773,171,0.0693872340255766,0.77108496220954,0.7016977281839635
2021-11-22,Stanislaus,099,539301.0,642445,2174,376834,1146,242065,804,20203,42,48403,640,329609,669,281206,293,0.0897513633388404,0.6111781732279377,0.5214268098890972
2021-11-22,Sutter,101,95872.0,114750,411,50666,106,58938,281,4857,4,5625,78,57969,81,52344,55,0.0586719793057409,0.6046499499332443,0.5459779706275033
2021-11-22,Tehama,103,63373.0,55658,205,21158,65,32124,118,2215,12,2732,44,27831,48,25099,36,0.0431098417307055,0.4391617881432155,0.39605194641251
2021-11-22,Trinity,105,12862.0,12767,37,2918,10,9015,23,804,2,751,8,6337,9,5586,4,0.058389053024413,0.4926916498211787,0.4343025967967656
2021-11-22,Tulare,107,460477.0,500387,1679,303247,842,181154,600,13548,50,30449,458,252133,474,221684,293,0.0661249096046056,0.5475474345081296,0.4814225249035239
2021-11-22,Tuolumne,109,53932.0,63968,279,18810,57,43449,217,1469,3,3851,56,30608,58,26757,14,0.0714047318845954,0.5675294815693837,0.4961247496847882
2021-11-22,Ventura,111,848112.0,1247852,5263,681237,2210,515412,2410,42666,104,53039,1021,608627,1066,555588,438,0.0625377308657347,0.7176257381100609,0.6550880072443263
2021-11-22,Yolo,113,214977.0,318944,1245,162364,482,142941,612,8937,14,17893,260,156400,267,138507,100,0.0832321597194118,0.7275196881526861,0.6442875284332743
2021-11-22,Yuba,115,75493.0,73087,249,30104,60,38404,158,4231,11,3866,50,38013,53,34147,27,0.0512100459645265,0.5035301286211966,0.4523200826566702
2021-11-21,Alameda,001,1643700.0,2737159,3387,1739578,1504,835084,1174,122016,52,116822,918,1334799,939,1217977,197,0.0710725801545294,0.812069720751962,0.7409971405974326
2021-11-21,Alpine,003,1148.0,1693,1,61,0,1625,1,7,0,107,1,816,1,709,0,0.0932055749128919,0.710801393728223,0.617595818815331
2021-11-21,Amador,005,37829.0,46787,112,13832,13,31137,94,1699,5,3470,14,22952,17,19482,13,0.0917285680298184,0.6067302862882974,0.515001718258479
2021-11-21,Butte,007,227075.0,239367,247,118935,100,110068,134,9214,1,10876,44,117540,44,106664,21,0.047896069580535,0.5176263349113729,0.4697302653308378
2021-11-21,Calaveras,009,45235.0,54531,74,23348,23,29479,48,1615,3,3506,20,26477,20,22971,2,0.0775063556980214,0.5853211009174312,0.5078147452194097
2021-11-21,Colusa,011,21464.0,24900,41,7521,16,16262,21,1059,0,1330,12,13020,12,11690,3,0.0619642191576593,0.6065970928065598,0.5446328736489005
2021-11-21,Contra Costa,013,1133247.0,1943846,2446,1302662,1089,557652,900,59034,29,70487,598,928197,612,857710,155,0.062199149876417,0.8190597460218293,0.7568605961454122
2021-11-21,Del Norte,015,27424.0,26791,3,10612,1,14581,2,1413,0,1633,0,13500,0,11867,0,0.059546382730455,0.492269544924154,0.4327231621936989
2021-11-21,El Dorado,017,186661.0,247688,292,123134,138,114198,128,9133,7,11206,60,119661,62,108455,29,0.0600339653168042,0.6410605321947274,0.5810265668779231
2021-11-21,Fresno,019,978130.0,1207820,1297,674547,649,484342,511,40605,19,68541,289,607200,303,538659,195,0.0700735076114627,0.6207763794178688,0.5507028718064061
2021-11-21,Glenn,021,27897.0,30725,27,14202,13,14848,11,1563,3,1372,4,15475,6,14103,6,0.0491809155106283,0.5547191454278237,0.5055382299171954
2021-11-21,Humboldt,023,135768.0,185268,182,94828,78,79965,91,8668,6,9231,20,90768,24,81537,15,0.0679909846208237,0.66855223616758,0.6005612515467562
2021-11-21,Imperial,025,180216.0,303491,140,158808,82,120765,35,18788,12,34720,62,168422,75,133702,31,0.1926576996493097,0.9345563102055312,0.7418986105562214
2021-11-21,Inyo,027,18085.0,24402,66,9382,1,13996,2,665,2,1326,63,11401,63,10075,1,0.0733204312966546,0.6304119435996682,0.5570915123030136
2021-11-21,Kern,029,883053.0,930403,940,503439,458,381511,403,39829,24,56118,200,478555,209,422437,182,0.0635499794463073,0.5419323641955806,0.4783823847492732
2021-11-21,Kings,031,150075.0,132031,369,65442,134,59793,183,6138,25,8759,80,68613,84,59854,54,0.0583641512577044,0.4571914042978511,0.3988272530401466
2021-11-21,Lake,033,64148.0,72382,46,24779,13,44248,31,3235,0,3923,11,36591,11,32668,9,0.061155453014903,0.5704152896427013,0.5092598366277982
2021-11-21,Lassen,035,31185.0,17237,25,3325,8,12318,13,1561,4,945,6,9059,9,8114,7,0.0303030303030303,0.2904922238255571,0.2601891935225268
2021-11-21,Los Angeles,037,10098052.0,14815426,18382,8358812,7874,5789807,8371,551795,341,817158,4263,7387012,4386,6569854,2075,0.0809223402691925,0.7315284175601393,0.6506060772909468
2021-11-21,Madera,039,155013.0,167985,338,90807,126,69603,72,6437,14,9883,189,84982,198,75099,27,0.0637559430499377,0.5482249875816867,0.4844690445317489
2021-11-21,Marin,041,260295.0,486376,994,299807,287,162370,297,14190,4,23114,453,228523,453,205409,23,0.0887992470082022,0.877938492863866,0.7891392458556638
2021-11-21,Mariposa,043,17540.0,17883,90,4129,5,12883,83,727,0,3184,42,10198,42,7014,11,0.1815279361459521,0.5814139110604333,0.3998859749144812
2021-11-21,Mendocino,045,87422.0,127281,78,69693,16,52782,53,4120,2,7234,15,61587,15,54353,9,0.0827480496900093,0.7044794216558761,0.6217313719658667
2021-11-21,Merced,047,269075.0,291259,382,177732,182,100763,182,10822,6,28816,111,153627,116,124811,67,0.1070928179875499,0.5709449038372201,0.4638520858496702
2021-11-21,Modoc,049,8938.0,7797,2,1378,0,5875,2,522,0,268,0,3795,0,3527,0,0.0299843365406131,0.4245916312374133,0.3946072946968001
2021-11-21,Mono,051,14174.0,19944,22,11325,9,7890,10,398,0,942,5,9453,5,8511,1,0.0664597149710738,0.6669253562861578,0.600465641315084
2021-11-21,Monterey,053,433212.0,624406,859,308423,312,285477,341,24525,30,33675,288,313039,295,279364,76,0.0777333037865987,0.7226000203133801,0.6448667165267813
2021-11-21,Napa,055,140530.0,230315,152,123890,77,98213,59,6463,4,12483,26,111025,28,98542,14,0.0888280082544652,0.7900448302853483,0.7012168220308831
2021-11-21,Nevada,057,99092.0,135321,186,73046,85,57389,86,3787,0,7252,39,65390,39,58138,16,0.0731845153998304,0.6598918177047592,0.5867073023049287
2021-11-21,Orange,059,3164182.0,4740024,6159,2736274,2509,1824879,2994,143294,62,204565,1215,2299584,1250,2095019,544,0.0646502002729299,0.7267546557056452,0.6621044554327153
2021-11-21,Placer,061,380077.0,552370,558,322299,222,210327,267,14764,7,22241,118,262976,123,240735,58,0.0585170899580874,0.6919019040878559,0.6333848141297684
2021-11-21,Plumas,063,18699.0,22036,11,3720,2,16742,9,1408,0,1022,1,10778,1,9756,2,0.0546553291619872,0.5763944595967698,0.5217391304347826
2021-11-21,Riverside,065,2383286.0,2935706,3369,1745273,1776,1090228,1198,84483,54,154138,865,1462063,890,1307925,393,0.0646745711593153,0.6134651904974896,0.5487906193381743
2021-11-21,Sacramento,067,1510023.0,2102216,2235,1212616,991,811346,960,59384,36,96595,496,1025773,513,929178,267,0.0639692243098283,0.679309520451013,0.6153402961411846
2021-11-21,San Benito,069,59416.0,87994,76,49331,12,34356,55,3578,3,4651,10,44199,12,39548,7,0.0782785781607647,0.7438905345361518,0.6656119563753871
2021-11-21,San Bernardino,071,2135413.0,2444571,2579,1498668,1406,858856,917,74624,44,122077,625,1229876,648,1107799,391,0.057167864015064,0.575942920643454,0.51877505662839
2021-11-21,San Diego,073,3302833.0,5134369,6081,2847177,2563,2052250,2376,189348,229,333064,2054,2694080,2991,2361016,1282,0.1008419135935725,0.81568762332216,0.7148457097285875
2021-11-21,San Francisco,075,870044.0,1560548,2208,999103,1225,484531,665,58869,11,60120,483,740532,487,680412,114,0.0690999535655668,0.851143160575787,0.7820432070102201
2021-11-21,San Joaquin,077,732212.0,940913,1075,551876,570,355031,379,28401,19,71134,366,482286,381,411152,168,0.0971494594461713,0.6586698934188459,0.5615204339726746
2021-11-21,San Luis Obispo,079,281455.0,386842,488,201581,233,168570,207,14047,9,18646,74,185926,79,167280,35,0.0662486010197011,0.6605887264393953,0.594340125419694
2021-11-21,San Mateo,081,765935.0,1348101,2409,826957,949,455278,957,45268,36,60666,626,641028,637,580362,149,0.0792051544843883,0.8369221931364933,0.7577170386521049
2021-11-21,Santa Barbara,083,443738.0,630065,756,372796,372,227152,295,25521,16,33986,161,314867,166,280881,69,0.0765902401867768,0.7095786252247948,0.6329883850380179
2021-11-21,Santa Clara,085,1922200.0,3381940,6457,2143854,3323,1067928,2236,116543,87,130836,1115,1618574,1136,1487738,245,0.0680657579856414,0.8420424513578192,0.7739766933721777
2021-11-21,Santa Cruz,087,273765.0,421911,467,207649,180,199170,269,11125,6,17474,42,204333,45,186859,38,0.0638284660201267,0.7463810202180703,0.6825525541979435
2021-11-21,Shasta,089,179085.0,172692,241,80198,109,82970,103,8842,12,10591,52,86915,53,76324,41,0.059139514755563,0.4853281961079934,0.4261886813524304
2021-11-21,Sierra,091,2930.0,3463,0,490,0,2899,0,65,0,91,0,1616,0,1525,0,0.0310580204778157,0.5515358361774744,0.5204778156996587
2021-11-21,Siskiyou,093,43540.0,45178,29,18993,6,24669,22,1334,1,2683,10,22065,10,19382,2,0.0616214974735875,0.5067753789618742,0.4451538814882866
2021-11-21,Solano,095,438530.0,614912,468,348207,192,246577,198,16296,41,39861,98,306848,132,266987,86,0.0908968599639705,0.6997195174788498,0.6088226575148793
2021-11-21,Sonoma,097,501317.0,803772,485,452513,211,319900,233,24462,12,34374,69,385976,75,351602,31,0.068567393485559,0.769924020130975,0.701356626645416
2021-11-21,Stanislaus,099,539301.0,640271,687,375688,390,241261,250,20161,10,48027,187,328940,198,280913,99,0.0890541645574549,0.6099376785876532,0.5208835140301984
2021-11-21,Sutter,101,95872.0,114339,162,50560,82,58657,75,4853,0,5599,38,57888,38,52289,24,0.0584007843791722,0.6038050734312417,0.5454042890520694
2021-11-21,Tehama,103,63373.0,55453,54,21093,18,32006,35,2203,1,2720,7,27783,7,25063,13,0.0429204866425764,0.4384043677906995,0.395483881148123
2021-11-21,Trinity,105,12862.0,12730,4,2908,3,8992,1,802,0,746,0,6328,0,5582,0,0.0580003109936246,0.4919919141657596,0.433991603172135
2021-11-21,Tulare,107,460477.0,498708,490,302405,241,180554,192,13498,14,30268,127,251659,131,221391,95,0.0657318389409243,0.546518067134732,0.4807862281938077
2021-11-21,Tuolumne,109,53932.0,63689,50,18753,16,43232,32,1466,0,3807,14,30550,14,26743,2,0.0705888897129718,0.5664540532522435,0.4958651635392717
2021-11-21,Ventura,111,848112.0,1242589,1459,679027,613,513002,704,42562,20,52411,267,607561,275,555150,116,0.0617972626256909,0.7163688286452733,0.6545715660195823
2021-11-21,Yolo,113,214977.0,317699,801,161882,314,142329,435,8923,14,17726,101,156133,107,138407,46,0.0824553324309112,0.7262776948231672,0.6438223623922559
2021-11-21,Yuba,115,75493.0,72838,149,30044,79,38246,47,4220,2,3840,54,37960,54,34120,15,0.0508656431722146,0.5028280767753301,0.4519624336031155
2021-11-20,Alameda,001,1643700.0,2733772,8877,1738074,3382,833910,2583,121964,220,116080,3345,1333860,3415,1217780,489,0.0706211595789986,0.8114984486220114,0.7408772890430128
2021-11-20,Alpine,003,1148.0,1692,3,61,0,1624,3,7,0,106,1,815,1,709,1,0.0923344947735191,0.7099303135888502,0.617595818815331
2021-11-20,Amador,005,37829.0,46675,55,13819,11,31043,41,1694,1,3466,16,22935,17,19469,10,0.0916228290464987,0.6062808956091887,0.51465806656269
2021-11-20,Butte,007,227075.0,239120,415,118835,167,109934,215,9213,9,10853,62,117496,64,106643,53,0.04779478145987,0.5174325663327095,0.4696377848728393
2021-11-20,Calaveras,009,45235.0,54457,113,23325,23,29431,79,1612,6,3488,26,26457,26,22969,8,0.0771084337349397,0.584878965402896,0.5077705316679563
2021-11-20,Colusa,011,21464.0,24859,23,7505,9,16241,12,1059,2,1321,8,13008,9,11687,4,0.0615449124114796,0.606038017144987,0.5444931047335073
2021-11-20,Contra Costa,013,1133247.0,1941400,5444,1301573,2237,556752,1427,59005,74,70030,2078,927585,2107,857555,252,0.0617958838629177,0.8185197048834014,0.7567238210204836
2021-11-20,Del Norte,015,27424.0,26788,34,10611,5,14579,21,1413,1,1633,10,13500,11,11867,4,0.059546382730455,0.492269544924154,0.4327231621936989
2021-11-20,El Dorado,017,186661.0,247396,647,122996,156,114070,457,9126,10,11173,75,119599,81,108426,41,0.0598571742356464,0.6407283792543702,0.5808712050187238
2021-11-20,Fresno,019,978130.0,1206523,2621,673898,1195,483831,1104,40586,63,68433,655,606897,678,538464,343,0.0699630928404199,0.6204666046435545,0.5505035118031345
2021-11-20,Glenn,021,27897.0,30698,32,14189,17,14837,11,1560,4,1372,4,15469,5,14097,6,0.0491809155106283,0.5545040685378356,0.5053231530272072
2021-11-20,Humboldt,023,135768.0,185086,391,94750,120,79874,150,8662,13,9222,132,90744,137,81522,32,0.0679246950680572,0.6683754640268693,0.6004507689588121
2021-11-20,Imperial,025,180216.0,303351,808,158726,334,120730,224,18776,71,34676,486,168347,544,133671,99,0.1924135481866205,0.9341401429395836,0.7417265947529631
2021-11-20,Inyo,027,18085.0,24336,317,9381,146,13994,168,663,3,1264,26,11338,26,10074,10,0.0698921758363284,0.6269283936964335,0.557036217860105
2021-11-20,Kern,029,883053.0,929463,2140,502981,852,381108,965,39805,92,56091,535,478346,563,422255,337,0.0635194037051003,0.5416956853099417,0.4781762816048414
2021-11-20,Kings,031,150075.0,131662,195,65308,68,59610,95,6113,12,8729,50,68529,52,59800,20,0.0581642512077294,0.456631684157921,0.3984674329501915
2021-11-20,Lake,033,64148.0,72336,114,24766,14,44217,90,3235,4,3921,18,36580,22,32659,12,0.0611242751137993,0.5702438111866309,0.5091195360728316
2021-11-20,Lassen,035,31185.0,17212,37,3317,9,12305,23,1557,2,943,8,9050,10,8107,8,0.0302388969055635,0.2902036235369569,0.2599647266313933
2021-11-20,Los Angeles,037,10098052.0,14797044,42948,8350938,18487,5781436,16716,551454,1138,814847,12245,7382626,12694,6567779,4092,0.080693484248249,0.7310940763624509,0.6504005921142019
2021-11-20,Madera,039,155013.0,167647,564,90681,242,69531,167,6423,14,9712,205,84784,208,75072,48,0.0626528097643423,0.5469476753562604,0.4842948655919181
2021-11-20,Marin,041,260295.0,485382,2383,299520,604,162073,631,14186,26,22684,1227,228070,1246,205386,81,0.0871472752069767,0.8761981597802493,0.7890508845732727
2021-11-20,Mariposa,043,17540.0,17793,83,4124,8,12800,67,727,6,3153,31,10156,34,7003,15,0.1797605473204105,0.5790193842645383,0.3992588369441277
2021-11-20,Mendocino,045,87422.0,127203,137,69677,46,52729,78,4118,7,7228,23,61572,25,54344,12,0.0826794170803687,0.7043078401317746,0.6216284230514059
2021-11-20,Merced,047,269075.0,290877,700,177550,334,100581,203,10816,37,28767,272,153511,287,124744,110,0.1069107126265911,0.5705137972684196,0.4636030846418285
2021-11-20,Modoc,049,8938.0,7795,4,1378,0,5873,4,522,0,268,0,3795,0,3527,0,0.0299843365406131,0.4245916312374133,0.3946072946968001
2021-11-20,Mono,051,14174.0,19922,16,11316,8,7880,8,398,0,938,0,9448,0,8510,0,0.0661775081134471,0.6665725977141245,0.6003950896006773
2021-11-20,Monterey,053,433212.0,623547,1561,308111,607,285136,591,24495,54,33456,553,312744,568,279288,122,0.0772277776238885,0.7219190604138389,0.6446912827899505
2021-11-20,Napa,055,140530.0,230163,275,123813,121,98154,104,6459,7,12469,57,110997,61,98528,24,0.0887283853981356,0.789845584572689,0.7011171991745535
2021-11-20,Nevada,057,99092.0,135135,292,72961,110,57303,132,3787,8,7229,63,65351,68,58122,22,0.0729524078633996,0.6594982440560287,0.5865458361926291
2021-11-20,Orange,059,3164182.0,4733865,12133,2733765,4807,1821885,5604,143232,253,203859,2516,2298334,2595,2094475,870,0.0644270778355985,0.7263596088973391,0.6619325310617404
2021-11-20,Placer,061,380077.0,551812,900,322077,314,210060,431,14757,24,22176,202,262853,217,240677,87,0.0583460719801513,0.6915782854526846,0.6332322134725332
2021-11-20,Plumas,063,18699.0,22025,29,3718,3,16733,22,1408,4,1023,1,10777,1,9754,2,0.0547088079576447,0.5763409808011124,0.5216321728434675
2021-11-20,Riverside,065,2383286.0,2932337,6142,1743497,2980,1089030,2277,84429,122,153641,1511,1461173,1586,1307532,767,0.0644660355492374,0.6130917565076117,0.5486257209583743
2021-11-20,Sacramento,067,1510023.0,2099981,5414,1211625,2163,810386,2011,59348,133,96349,1632,1025260,1683,928911,499,0.0638063128839759,0.6789697905263695,0.6151634776423935
2021-11-20,San Benito,069,59416.0,87918,192,49319,69,34301,72,3575,4,4646,68,44187,69,39541,12,0.0781944257439073,0.7436885687356941,0.6654941429917868
2021-11-20,San Bernardino,071,2135413.0,2441992,5053,1497262,2715,857939,1588,74580,144,121820,1210,1229228,1274,1107408,731,0.0570475125888996,0.5756394664638643,0.5185919538749647
2021-11-20,San Diego,073,3302833.0,5128288,12621,2844614,5067,2049874,4520,189119,454,331355,4370,2691089,6136,2359734,2637,0.1003244790154391,0.8147820371178319,0.7144575581023928
2021-11-20,San Francisco,075,870044.0,1558340,4957,997878,2034,483866,1895,58858,49,59747,1269,740045,1286,680298,188,0.0686712396154677,0.8505834187696254,0.7819121791541577
2021-11-20,San Joaquin,077,732212.0,939838,1751,551306,811,354652,685,28382,62,70921,538,481905,570,410984,259,0.0968585600891545,0.6581495523154496,0.5612909922262951
2021-11-20,San Luis Obispo,079,281455.0,386354,1026,201348,276,168363,597,14038,10,18602,188,185847,188,167245,52,0.0660922705228189,0.6603080421381748,0.5942157716153559
2021-11-20,San Mateo,081,765935.0,1345692,5959,826008,2305,454321,2005,45232,94,60178,2066,640391,2081,580213,227,0.078568024701835,0.8360905298752506,0.7575225051734155
2021-11-20,Santa Barbara,083,443738.0,629309,1619,372424,683,226857,609,25505,21,33889,451,314701,464,280812,118,0.0763716427261131,0.7092045306013909,0.6328328878752778
2021-11-20,Santa Clara,085,1922200.0,3375483,13110,2140531,5970,1065692,4446,116456,180,129945,3503,1617438,3561,1487493,510,0.0676022266153365,0.8414514618666111,0.7738492352512746
2021-11-20,Santa Cruz,087,273765.0,421444,1342,207469,431,198901,568,11119,17,17467,428,204288,435,186821,62,0.0638028966449327,0.7462166456632513,0.6824137490183186
2021-11-20,Shasta,089,179085.0,172451,366,80089,126,82867,199,8830,15,10579,68,86862,76,76283,49,0.0590725074685205,0.4850322472568892,0.4259597397883686
2021-11-20,Sierra,091,2930.0,3463,1,490,0,2899,0,65,0,91,1,1616,1,1525,0,0.0310580204778157,0.5515358361774744,0.5204778156996587
2021-11-20,Siskiyou,093,43540.0,45149,37,18987,8,24647,28,1333,1,2675,12,22055,12,19380,3,0.061437758383096,0.5065457050987597,0.4451079467156638
2021-11-20,Solano,095,438530.0,614444,791,348015,334,246379,323,16255,18,39815,188,306716,198,266901,106,0.0907919640617517,0.6994185118463959,0.6086265477846442
2021-11-20,Sonoma,097,501317.0,803287,2769,452302,851,319667,1187,24450,38,34330,871,385901,889,351571,157,0.0684796246686228,0.7697744141930156,0.7012947895243927
2021-11-20,Stanislaus,099,539301.0,639584,1294,375298,658,241011,490,20151,48,47928,385,328742,407,280814,148,0.0888705936017177,0.609570536676179,0.5206999430744612
2021-11-20,Sutter,101,95872.0,114177,194,50478,64,58582,118,4853,1,5585,34,57850,35,52265,31,0.058254756341789,0.6034087116154874,0.5451539552736983
2021-11-20,Tehama,103,63373.0,55399,101,21075,47,31971,48,2202,4,2726,21,27776,22,25050,10,0.0430151641866409,0.4382939106559576,0.3952787464693166
2021-11-20,Trinity,105,12862.0,12726,35,2905,7,8991,25,802,3,746,2,6328,3,5582,3,0.0580003109936246,0.4919919141657596,0.433991603172135
2021-11-20,Tulare,107,460477.0,498218,1721,302164,905,180362,669,13484,25,30232,457,251528,465,221296,232,0.065653659140413,0.5462335795273162,0.4805799203869031
2021-11-20,Tuolumne,109,53932.0,63639,215,18737,8,43200,205,1466,1,3795,35,30536,35,26741,5,0.0703663873025291,0.5661944671067269,0.4958280798041978
2021-11-20,Ventura,111,848112.0,1241130,2671,678414,1042,512298,1220,42542,57,52252,562,607286,581,555034,221,0.0616097873865715,0.7160445790178656,0.654434791631294
2021-11-20,Yolo,113,214977.0,316898,574,161568,247,141894,245,8909,10,17665,130,156026,134,138361,46,0.08217158114589,0.7257799671592775,0.6436083860133874
2021-11-20,Yuba,115,75493.0,72689,158,29965,41,38199,71,4218,16,3801,50,37906,57,34105,17,0.0503490389837468,0.5021127786682209,0.451763739684474
2021-11-19,Alameda,001,1643700.0,2724895,13295,1734692,5571,831327,4279,121744,366,113154,3946,1330445,4032,1217291,800,0.0688410293849242,0.8094208188842246,0.7405797894993004
2021-11-19,Alpine,003,1148.0,1689,0,61,0,1621,0,7,0,106,0,814,0,708,0,0.0923344947735191,0.7090592334494773,0.6167247386759582
2021-11-19,Amador,005,37829.0,46620,221,13808,37,31002,173,1693,9,3459,33,22918,37,19459,22,0.0914377858256892,0.6058315049300801,0.5143937191043908
2021-11-19,Butte,007,227075.0,238705,975,118668,301,109719,513,9204,15,10842,227,117432,232,106590,99,0.0477463393152042,0.5171507211273808,0.4694043818121766
2021-11-19,Calaveras,009,45235.0,54344,293,23302,106,29352,171,1606,8,3470,57,26431,63,22961,20,0.076710511771858,0.5843041892340002,0.5075936774621421
2021-11-19,Colusa,011,21464.0,24836,83,7496,26,16229,43,1057,8,1316,19,12999,23,11683,16,0.0613119642191576,0.6056187103988073,0.5443067461796497
2021-11-19,Contra Costa,013,1133247.0,1935956,9218,1299336,4446,555325,3077,58931,159,68175,2090,925478,2140,857303,607,0.0601589944645783,0.8166604456045328,0.7565014511399545
2021-11-19,Del Norte,015,27424.0,26754,153,10606,37,14558,96,1412,8,1626,27,13489,30,11863,16,0.0592911318553092,0.4918684364060677,0.4325773045507584
2021-11-19,El Dorado,017,186661.0,246749,896,122840,317,113613,501,9116,26,11133,131,119518,143,108385,94,0.0596428820160612,0.6402944375097102,0.5806515554936489
2021-11-19,Fresno,019,978130.0,1203902,5321,672703,2308,482727,2125,40523,164,68098,1370,606219,1418,538121,630,0.0696206025783893,0.6197734452475643,0.5501528426691749
2021-11-19,Glenn,021,27897.0,30666,181,14172,83,14826,83,1556,2,1373,36,15464,37,14091,30,0.0492167616589597,0.5543248377961788,0.5051080761372191
2021-11-19,Humboldt,023,135768.0,184695,1151,94630,326,79724,636,8649,36,9117,239,90607,255,81490,70,0.0671513169524482,0.6673663897236463,0.6002150727711979
2021-11-19,Imperial,025,180216.0,302543,1408,158392,552,120506,447,18705,95,34231,711,167803,782,133572,180,0.1899442890753318,0.931121543037244,0.7411772539619124
2021-11-19,Inyo,027,18085.0,24019,126,9235,16,13826,106,660,0,1248,14,11312,14,10064,13,0.0690074647497926,0.6254907381808128,0.5564832734310202
2021-11-19,Kern,029,883053.0,927323,5071,502129,1974,380143,2419,39713,189,55865,1148,477783,1239,421918,842,0.0632634734268498,0.5410581244840343,0.4777946510571845
2021-11-19,Kings,031,150075.0,131467,599,65240,208,59515,304,6101,30,8697,146,68477,153,59780,96,0.0579510244877561,0.4562851907379643,0.3983341662502082
2021-11-19,Lake,033,64148.0,72222,380,24752,84,44127,263,3231,20,3911,32,36558,42,32647,33,0.0609683856082808,0.5699008542744902,0.5089324686662093
2021-11-19,Lassen,035,31185.0,17175,102,3308,43,12282,50,1555,8,941,18,9040,23,8099,20,0.0301747635080968,0.2898829565496232,0.2597081930415263
2021-11-19,Los Angeles,037,10098052.0,14754096,72539,8332451,31932,5764720,30672,550316,1738,806245,17339,7369932,18022,6563687,7544,0.0798416367830151,0.7298370022257759,0.6499953654427606
2021-11-19,Madera,039,155013.0,167083,793,90439,343,69364,365,6409,29,9552,141,84576,155,75024,95,0.0616206382690484,0.5456058524123784,0.4839852141433299
2021-11-19,Marin,041,260295.0,482999,2326,298916,997,161442,1004,14160,39,21519,420,226824,427,205305,74,0.0826715841641214,0.8714112833515819,0.7887396991874603
2021-11-19,Mariposa,043,17540.0,17710,88,4116,16,12733,61,721,4,3134,38,10122,41,6988,17,0.1786773090079817,0.5770809578107183,0.3984036488027366
2021-11-19,Mendocino,045,87422.0,127066,868,69631,439,52651,327,4111,16,7215,286,61547,290,54332,61,0.0825307130928141,0.7040218709249388,0.6214911578321246
2021-11-19,Merced,047,269075.0,290177,1016,177216,495,100378,382,10779,27,28590,354,153224,368,124634,152,0.1062529034655765,0.5694471801542321,0.4631942766886556
2021-11-19,Modoc,049,8938.0,7791,15,1378,4,5869,10,522,0,268,4,3795,4,3527,2,0.0299843365406131,0.4245916312374133,0.3946072946968001
2021-11-19,Mono,051,14174.0,19906,59,11308,26,7872,28,398,4,938,8,9448,8,8510,3,0.0661775081134471,0.6665725977141245,0.6003950896006773
2021-11-19,Monterey,053,433212.0,621986,3502,307504,1192,284545,1923,24441,75,33010,754,312176,777,279166,336,0.076198258589328,0.720607924064892,0.6444096654755639
2021-11-19,Napa,055,140530.0,229888,842,123692,391,98050,330,6452,15,12432,257,110936,261,98504,54,0.088465096420693,0.7894115135558244,0.7009464171351313
2021-11-19,Nevada,057,99092.0,134843,684,72851,198,57171,415,3779,8,7183,110,65283,114,58100,55,0.072488192790538,0.6588120130787551,0.5863238202882171
2021-11-19,Orange,059,3164182.0,4721732,22127,2728958,8749,1816281,10000,142979,489,202134,4647,2295739,4803,2093605,1710,0.0638819132401359,0.7255394917232953,0.6616575784831593
2021-11-19,Placer,061,380077.0,550912,1949,321763,853,209629,889,14733,25,22046,355,262636,362,240590,145,0.0580040360242792,0.6910073485109596,0.6330033124866803
2021-11-19,Plumas,063,18699.0,21996,82,3715,19,16711,51,1404,7,1024,12,10776,12,9752,2,0.0547622867533023,0.5762875020054549,0.5215252152521526
2021-11-19,Riverside,065,2383286.0,2926195,12307,1740517,5502,1086753,5212,84307,322,152822,2569,1459587,2698,1306765,1395,0.0641223923607993,0.6124262887458743,0.548303896385075
2021-11-19,Sacramento,067,1510023.0,2094567,7720,1209462,3355,808375,3331,59215,138,95165,1645,1023577,1710,928412,808,0.0630222188668649,0.677855237966574,0.6148330190997091
2021-11-19,San Benito,069,59416.0,87726,395,49250,144,34229,209,3571,11,4589,60,44118,64,39529,44,0.0772350881917328,0.7425272653830618,0.6652921771913289
2021-11-19,San Bernardino,071,2135413.0,2436939,10857,1494547,4983,856351,4486,74436,338,121277,2235,1227954,2389,1106677,1450,0.0567932292254472,0.5750428605613996,0.5182496313359524
2021-11-19,San Diego,073,3302833.0,5115667,22543,2839547,8207,2045354,10393,188665,532,327856,6177,2684953,9025,2357097,4226,0.0992650854584533,0.8129242380707714,0.7136591526123179
2021-11-19,San Francisco,075,870044.0,1553383,9013,995844,4037,481971,4101,58809,95,58649,1314,738759,1348,680110,346,0.0674092344754977,0.8491053326038683,0.7816960981283705
2021-11-19,San Joaquin,077,732212.0,938087,3255,550495,1680,353967,1242,28320,53,70610,958,481335,984,410725,434,0.0964338197134163,0.6573710892473764,0.5609372695339601
2021-11-19,San Luis Obispo,079,281455.0,385328,1888,201072,777,167766,969,14028,29,18466,274,185659,280,167193,111,0.0656090671688191,0.659640084560587,0.5940310173917678
2021-11-19,San Mateo,081,765935.0,1339733,7014,823703,3051,452316,2882,45138,124,58324,1366,638310,1395,579986,339,0.0761474537656589,0.8333735891426818,0.7572261353770229
2021-11-19,Santa Barbara,083,443738.0,627690,3373,371741,1348,226248,1517,25484,44,33543,745,314237,766,280694,309,0.0755919033303435,0.708158868521515,0.6325669651911714
2021-11-19,Santa Clara,085,1922200.0,3362373,16352,2134561,7400,1061246,6442,116276,268,126894,3080,1613877,3143,1486983,763,0.0660149828321714,0.8395988970970762,0.7735839142649048
2021-11-19,Santa Cruz,087,273765.0,420102,2069,207038,654,198333,1066,11102,40,17094,459,203853,477,186759,143,0.0624404142238781,0.7446276916333352,0.6821872774094571
2021-11-19,Shasta,089,179085.0,172085,1070,79963,396,82668,585,8815,46,10552,149,86786,173,76234,158,0.0589217410726749,0.4846078677722869,0.4256861266996119
2021-11-19,Sierra,091,2930.0,3462,5,490,1,2899,4,65,0,90,0,1615,0,1525,0,0.030716723549488,0.5511945392491467,0.5204778156996587
2021-11-19,Siskiyou,093,43540.0,45112,214,18979,45,24619,153,1332,6,2666,28,22043,29,19377,32,0.061231051906293,0.5062700964630225,0.4450390445567294
2021-11-19,Solano,095,438530.0,613653,2166,347681,979,246056,1034,16237,38,39723,318,306518,332,266795,290,0.0905821722573142,0.6989670033977151,0.6083848311404009
2021-11-19,Sonoma,097,501317.0,800518,3480,451451,1264,318480,1800,24412,75,33598,613,385012,641,351414,263,0.0670194707141389,0.7680010851417367,0.7009816144275977
2021-11-19,Stanislaus,099,539301.0,638290,2372,374640,1074,240521,1098,20103,41,47669,586,328335,605,280666,305,0.0883903423134761,0.6088158560803707,0.5204255137668946
2021-11-19,Sutter,101,95872.0,113983,581,50414,248,58464,294,4852,15,5581,77,57815,80,52234,98,0.0582130340453938,0.6030436415220294,0.5448306074766355
2021-11-19,Tehama,103,63373.0,55298,239,21028,68,31923,155,2198,11,2714,45,27754,50,25040,27,0.0428258090985119,0.4379467596610544,0.3951209505625424
2021-11-19,Trinity,105,12862.0,12691,186,2898,23,8966,155,799,7,746,21,6325,24,5579,9,0.0580003109936246,0.4917586689472866,0.4337583579536619
2021-11-19,Tulare,107,460477.0,496497,2536,301259,1221,179693,1073,13459,41,29999,597,251063,616,221064,451,0.0651476620982155,0.5452237571040465,0.4800760950058309
2021-11-19,Tuolumne,109,53932.0,63424,323,18729,116,42995,194,1465,10,3765,68,30501,70,26736,25,0.0698101312764221,0.5655455017429355,0.4957353704665134
2021-11-19,Ventura,111,848112.0,1238459,5536,677372,2238,511078,2586,42485,119,51892,997,606705,1037,554813,497,0.061185315147056,0.7153595279868696,0.6541742128398136
2021-11-19,Yolo,113,214977.0,316324,1630,161321,632,141649,675,8899,26,17577,468,155892,480,138315,111,0.0817622350297938,0.725156644664313,0.643394409634519
2021-11-19,Yuba,115,75493.0,72531,330,29924,95,38128,207,4202,11,3761,67,37849,72,34088,67,0.0498191885340362,0.5013577417773833,0.4515385532433471
2021-11-18,Alameda,001,1643700.0,2711600,11527,1729121,4946,827048,3856,121378,251,109922,3169,1326413,3237,1216491,720,0.0668747338322078,0.8069678165115288,0.7400930826793211
2021-11-18,Alpine,003,1148.0,1689,4,61,0,1621,3,7,1,106,0,814,1,708,1,0.0923344947735191,0.7090592334494773,0.6167247386759582
2021-11-18,Amador,005,37829.0,46399,206,13771,39,30829,163,1684,4,3444,34,22881,36,19437,24,0.0910412646382405,0.6048534193343731,0.5138121546961326
2021-11-18,Butte,007,227075.0,237730,1107,118367,371,109206,554,9189,17,10709,246,117200,254,106491,98,0.0471606297478806,0.5161290322580645,0.4689684025101838
2021-11-18,Calaveras,009,45235.0,54051,278,23196,85,29181,185,1598,6,3427,52,26368,57,22941,24,0.0757599204156073,0.5829114623632143,0.5071515419476069
2021-11-18,Colusa,011,21464.0,24753,86,7470,25,16186,59,1049,1,1309,17,12976,18,11667,16,0.0609858367499068,0.604547148714126,0.5435613119642192
2021-11-18,Contra Costa,013,1133247.0,1926738,7760,1294890,3675,552248,2625,58772,104,66642,1820,923338,1866,856696,483,0.058806244358026,0.8147720664603568,0.7559658221023308
2021-11-18,Del Norte,015,27424.0,26601,75,10569,12,14462,52,1404,3,1612,17,13459,17,11847,8,0.0587806301050175,0.490774504084014,0.4319938739789965
2021-11-18,El Dorado,017,186661.0,245853,827,122523,336,113112,416,9090,18,11084,123,119375,135,108291,91,0.0593803740470692,0.6395283428246928,0.5801479687776236
2021-11-18,Fresno,019,978130.0,1198581,4900,670395,1896,480602,2481,40359,130,67310,958,604801,1000,537491,554,0.068814983693374,0.6183237401981332,0.549508756504759
2021-11-18,Glenn,021,27897.0,30485,86,14089,39,14743,37,1554,6,1366,26,15427,27,14061,8,0.0489658386206402,0.5529985303079185,0.5040326916872782
2021-11-18,Humboldt,023,135768.0,183544,1040,94304,385,79088,488,8613,30,8932,224,90352,233,81420,70,0.0657886983678039,0.6654881857285958,0.5996994873607919
2021-11-18,Imperial,025,180216.0,301135,1890,157840,908,120059,512,18610,109,33629,1011,167021,1093,133392,231,0.186603853153993,0.9267823056776312,0.7401784525236383
2021-11-18,Inyo,027,18085.0,23893,180,9219,32,13720,120,660,9,1247,72,11298,74,10051,14,0.0689521703068841,0.624716615980094,0.5557644456732098
2021-11-18,Kern,029,883053.0,922252,3095,500155,1320,377724,1391,39524,159,55468,664,476544,739,421076,581,0.062813896787622,0.5396550376930943,0.4768411409054722
2021-11-18,Kings,031,150075.0,130868,471,65032,187,59211,231,6071,21,8640,98,68324,105,59684,82,0.0575712143928036,0.4552657004830918,0.3976944860902882
2021-11-18,Lake,033,64148.0,71842,266,24668,85,43864,155,3211,1,3902,49,36516,50,32614,26,0.0608280850533142,0.5692461183513126,0.5084180332979984
2021-11-18,Lassen,035,31185.0,17073,84,3265,32,12232,48,1547,4,938,18,9017,22,8079,22,0.0300785634118967,0.2891454224787558,0.259066859066859
2021-11-18,Los Angeles,037,10098052.0,14681557,58913,8300519,27122,5734048,24883,548578,1663,795767,13305,7351910,13885,6556143,6688,0.0788040109122036,0.7280523015726201,0.6492482906604164
2021-11-18,Madera,039,155013.0,166290,541,90096,193,68999,284,6380,34,9492,107,84421,121,74929,69,0.0612335739583131,0.5446059362763123,0.4833723623179991
2021-11-18,Marin,041,260295.0,480673,2474,297919,965,160438,1045,14121,43,21166,548,226397,556,205231,107,0.0813154305691619,0.869770836935016,0.7884554063658541
2021-11-18,Mariposa,043,17540.0,17622,199,4100,21,12672,143,717,9,3110,81,10081,83,6971,42,0.1773090079817559,0.5747434435575827,0.3974344355758267
2021-11-18,Mendocino,045,87422.0,126198,360,69192,124,52324,170,4095,9,6986,91,61257,96,54271,28,0.0799112351581981,0.7007046281256434,0.6207933929674453
2021-11-18,Merced,047,269075.0,289161,1108,176721,547,99996,457,10752,53,28374,321,152856,346,124482,162,0.1054501533029824,0.5680795317290718,0.4626293784260893
2021-11-18,Modoc,049,8938.0,7776,88,1374,4,5859,59,522,15,266,13,3791,20,3525,9,0.0297605728350861,0.4241441038263593,0.3943835309912732
2021-11-18,Mono,051,14174.0,19847,140,11282,53,7844,74,394,0,933,23,9440,25,8507,8,0.0658247495414138,0.6660081839988712,0.6001834344574574
2021-11-18,Monterey,053,433212.0,618484,2731,306312,911,282622,1665,24366,38,32569,427,311399,440,278830,372,0.0751802812479802,0.71881434493966,0.6436340636916799
2021-11-18,Napa,055,140530.0,229046,730,123301,309,97720,339,6437,15,12225,132,110675,134,98450,48,0.0869921013306767,0.7875542588771081,0.7005621575464314
2021-11-18,Nevada,057,99092.0,134159,654,72653,250,56756,329,3771,9,7124,129,65169,132,58045,58,0.071892786501433,0.6576615670286199,0.5857687805271868
2021-11-18,Orange,059,3164182.0,4699605,16814,2720209,7103,1806281,7491,142490,345,199041,3298,2290936,3417,2091895,1380,0.062904409417663,0.7240215638670595,0.6611171544493964
2021-11-18,Placer,061,380077.0,548963,1897,320910,765,208740,847,14708,53,21829,382,262274,403,240445,168,0.0574330990825543,0.6900549099261466,0.6326218108435923
2021-11-18,Plumas,063,18699.0,21914,186,3696,11,16660,110,1397,12,1014,63,10764,66,9750,11,0.0542274987967271,0.5756457564575646,0.5214182576608375
2021-11-18,Riverside,065,2383286.0,2913888,9338,1735015,4336,1081541,4155,83985,286,151519,1683,1456889,1798,1305370,1221,0.063575668216068,0.611294238291166,0.5477185700750979
2021-11-18,Sacramento,067,1510023.0,2086847,6965,1206107,3039,805044,2935,59077,152,94263,1607,1021867,1674,927604,728,0.0624248769720726,0.6767228048844289,0.6142979279123563
2021-11-18,San Benito,069,59416.0,87331,455,49106,288,34020,154,3560,7,4569,45,44054,51,39485,56,0.0768984785243032,0.7414501144472869,0.6645516359229837
2021-11-18,San Bernardino,071,2135413.0,2426082,7812,1489564,3737,851865,3339,74098,277,120338,1444,1225565,1566,1105227,1119,0.0563535016411345,0.5739241074209064,0.5175706057797719
2021-11-18,San Diego,073,3302833.0,5093124,20537,2831340,8257,2034961,8730,188133,602,323057,5846,2675928,8500,2352871,3956,0.0978120904084463,0.8101917353980659,0.7123796449896195
2021-11-18,San Francisco,075,870044.0,1544370,7771,991807,3728,477870,3305,58714,75,57647,1127,737411,1152,679764,323,0.0662575685827383,0.8475559856742877,0.7812984170915493
2021-11-18,San Joaquin,077,732212.0,934832,3327,548815,1511,352725,1338,28267,67,70060,1051,480351,1090,410291,405,0.0956826711389597,0.6560272161614396,0.5603445450224799
2021-11-18,San Luis Obispo,079,281455.0,383440,1539,200295,551,166797,787,13999,82,18297,227,185379,249,167082,109,0.0650086159421577,0.6586452541258816,0.5936366381837238
2021-11-18,San Mateo,081,765935.0,1332719,6570,820652,2825,449434,2776,45014,83,57268,1280,636915,1306,579647,310,0.0747687466952156,0.8315522857683746,0.756783539073159
2021-11-18,Santa Barbara,083,443738.0,624317,2372,370393,1048,224731,975,25440,65,33086,521,313471,541,280385,223,0.0745620163249485,0.7064326246568922,0.6318706083319436
2021-11-18,Santa Clara,085,1922200.0,3346021,15037,2127161,7184,1054804,5671,116008,267,124514,2730,1610734,2808,1486220,717,0.0647768182291124,0.837963791488919,0.7731869732598065
2021-11-18,Santa Cruz,087,273765.0,418033,2205,206384,708,197267,1232,11062,46,16760,368,203376,380,186616,138,0.0612203897503333,0.7428853213522547,0.6816649316019213
2021-11-18,Shasta,089,179085.0,171015,711,79567,221,82083,403,8769,47,10537,83,86613,94,76076,105,0.0588379819638719,0.483641846050758,0.4248038640868861
2021-11-18,Sierra,091,2930.0,3457,41,489,7,2895,33,65,0,90,9,1615,9,1525,3,0.030716723549488,0.5511945392491467,0.5204778156996587
2021-11-18,Siskiyou,093,43540.0,44898,216,18934,37,24466,152,1326,5,2669,42,22014,47,19345,28,0.0612999540652273,0.5056040422599908,0.4443040881947634
2021-11-18,Solano,095,438530.0,611487,1469,346702,702,245022,631,16199,26,39681,261,306186,274,266505,223,0.090486397737897,0.6982099286251796,0.6077235308872825
2021-11-18,Sonoma,097,501317.0,797038,3415,450187,1497,316680,1493,24337,40,33220,659,384371,675,351151,232,0.0662654567868235,0.7667224530586435,0.70045699627182
2021-11-18,Stanislaus,099,539301.0,635918,1801,373566,812,239423,847,20062,51,47369,472,327730,518,280361,289,0.0878340666900302,0.6076940335730882,0.5198599668830579
2021-11-18,Sutter,101,95872.0,113402,410,50166,157,58170,234,4837,9,5599,63,57735,66,52136,54,0.0584007843791722,0.6022091955941254,0.5438084112149533
2021-11-18,Tehama,103,63373.0,55059,340,20960,46,31768,276,2187,12,2691,40,27704,44,25013,38,0.0424628785129313,0.4371577801271835,0.3946949016142521
2021-11-18,Trinity,105,12862.0,12505,65,2875,6,8811,54,792,3,731,7,6301,10,5570,10,0.0568340849012595,0.4898927071995024,0.4330586222982429
2021-11-18,Tulare,107,460477.0,493961,2348,300038,1144,178620,1044,13418,41,29834,515,250447,533,220613,396,0.0647893380125391,0.5438860138508547,0.4790966758383155
2021-11-18,Tuolumne,109,53932.0,63101,244,18613,52,42801,187,1455,4,3720,44,30431,47,26711,19,0.0689757472372617,0.5642475710153526,0.4952718237780909
2021-11-18,Ventura,111,848112.0,1232923,4688,675134,1867,508492,2209,42366,113,51352,909,605668,948,554316,393,0.0605486067877827,0.714136812119154,0.6535882053313713
2021-11-18,Yolo,113,214977.0,314694,1319,160689,589,140974,609,8873,18,17208,245,155412,252,138204,120,0.0800457723384362,0.7229238476674249,0.6428780753289887
2021-11-18,Yuba,115,75493.0,72201,254,29829,85,37921,134,4191,18,3756,56,37777,65,34021,47,0.0497529572278224,0.5004040109679043,0.4506510537400818
2021-11-17,Alameda,001,1643700.0,2700073,13108,1724175,5120,823192,4523,121127,228,107405,4081,1323176,4134,1215771,664,0.0653434324998479,0.8049984790411876,0.7396550465413396
2021-11-17,Alpine,003,1148.0,1685,31,61,0,1618,31,6,0,106,3,813,3,707,2,0.0923344947735191,0.7081881533101045,0.6158536585365854
2021-11-17,Amador,005,37829.0,46193,110,13732,21,30666,77,1680,4,3432,17,22845,20,19413,20,0.0907240476882814,0.6039017684844961,0.5131777207962146
2021-11-17,Butte,007,227075.0,236623,957,117996,430,108652,462,9172,42,10553,105,116946,129,106393,116,0.0464736320598921,0.5150104590994165,0.4685368270395244
2021-11-17,Calaveras,009,45235.0,53773,172,23111,50,28996,107,1592,4,3394,41,26311,45,22917,17,0.0750303968166243,0.581651376146789,0.5066209793301647
2021-11-17,Colusa,011,21464.0,24667,99,7445,48,16127,41,1048,2,1307,29,12958,29,11651,21,0.060892657472978,0.6037085352217667,0.5428158777487887
2021-11-17,Contra Costa,013,1133247.0,1918978,8197,1291215,3538,549623,2871,58668,112,65259,2237,921472,2283,856213,547,0.0575858572755983,0.8131254704402482,0.7555396131646499
2021-11-17,Del Norte,015,27424.0,26526,128,10557,29,14410,82,1401,8,1603,24,13442,29,11839,15,0.0584524504084014,0.4901546091015169,0.4317021586931155
2021-11-17,El Dorado,017,186661.0,245026,922,122187,325,112696,468,9072,11,11040,179,119240,184,108200,86,0.0591446526055255,0.6388051065835927,0.5796604539780672
2021-11-17,Fresno,019,978130.0,1193681,4654,668499,2032,478121,1938,40229,147,66864,1141,603801,1187,536937,605,0.0683590115833273,0.6173013812069971,0.5489423696236696
2021-11-17,Glenn,021,27897.0,30399,461,14050,92,14706,329,1548,26,1347,81,15400,91,14053,34,0.0482847618023443,0.5520306843029716,0.5037459225006273
2021-11-17,Humboldt,023,135768.0,182504,749,93919,267,78600,411,8583,19,8769,126,90119,133,81350,68,0.0645881209121442,0.6637720228625302,0.599183901950386
2021-11-17,Imperial,025,180216.0,299245,1371,156932,516,119547,541,18501,117,32767,573,165928,650,133161,206,0.181820704044036,0.920717361388556,0.7388966573445199
2021-11-17,Inyo,027,18085.0,23713,148,9187,23,13600,107,651,14,1187,21,11224,21,10037,8,0.0656345037323749,0.6206248272048659,0.554990323472491
2021-11-17,Kern,029,883053.0,919157,3728,498835,1467,376333,1599,39365,143,55310,1041,475805,1106,420495,606,0.0626349720798185,0.5388181683319121,0.4761831962520936
2021-11-17,Kings,031,150075.0,130397,535,64845,167,58980,281,6050,33,8617,130,68219,140,59602,89,0.0574179576878227,0.4545660503081792,0.3971480926203565
2021-11-17,Lake,033,64148.0,71576,283,24583,77,43709,188,3210,13,3878,30,36466,36,32588,30,0.0604539502400698,0.5684666708237202,0.5080127205836503
2021-11-17,Lassen,035,31185.0,16989,129,3233,7,12184,117,1543,5,938,12,8995,15,8057,10,0.0300785634118967,0.2884399551066218,0.258361391694725
2021-11-17,Los Angeles,037,10098052.0,14622644,58539,8273397,26051,5709165,25160,546915,1727,788570,13695,7338025,14375,6549455,6979,0.0780912991931513,0.7266772838959435,0.6485859847027922
2021-11-17,Madera,039,155013.0,165749,844,89903,361,68715,387,6346,39,9440,210,84300,225,74860,104,0.0608981182223426,0.5438253565829962,0.4829272383606536
2021-11-17,Marin,041,260295.0,478199,2008,296954,856,159393,884,14078,37,20717,346,225841,356,205124,89,0.0795904646650915,0.8676347989780826,0.788044334312991
2021-11-17,Mariposa,043,17540.0,17423,184,4079,15,12529,154,708,10,3069,92,9998,100,6929,35,0.1749714937286203,0.5700114025085519,0.3950399087799315
2021-11-17,Mendocino,045,87422.0,125838,344,69068,87,52154,188,4086,10,6918,103,61161,107,54243,30,0.0791333989156047,0.6996065063713939,0.6204731074557892
2021-11-17,Merced,047,269075.0,288053,876,176174,429,99539,349,10699,35,28190,286,152510,304,124320,147,0.1047663290904023,0.5667936448945461,0.4620273158041438
2021-11-17,Modoc,049,8938.0,7688,7,1370,0,5800,7,507,0,255,1,3771,1,3516,0,0.0285298724546878,0.4219064667710897,0.3933765943164019
2021-11-17,Mono,051,14174.0,19707,187,11229,28,7770,51,394,1,916,114,9415,114,8499,6,0.0646253703965006,0.6642443911387047,0.5996190207422041
2021-11-17,Monterey,053,433212.0,615753,2919,305401,1089,280957,1213,24328,63,32501,913,310959,940,278458,326,0.0750233142202893,0.7177986759369547,0.6427753617166653
2021-11-17,Napa,055,140530.0,228316,654,122992,266,97381,286,6422,41,12139,126,110541,139,98402,62,0.0863801323560805,0.7866007258236676,0.700220593467587
2021-11-17,Nevada,057,99092.0,133505,622,72403,222,56427,352,3762,15,7050,77,65037,85,57987,58,0.0711460057320469,0.6563294716021475,0.5851834658701005
2021-11-17,Orange,059,3164182.0,4682791,16684,2713106,7164,1798790,7420,142145,365,197004,3246,2287519,3374,2090515,1356,0.0622606411388472,0.7229416639118736,0.6606810227730263
2021-11-17,Placer,061,380077.0,547066,2262,320145,897,207893,943,14655,29,21594,544,261871,560,240277,188,0.0568148033161701,0.6889945984629431,0.6321797951467729
2021-11-17,Plumas,063,18699.0,21728,129,3685,19,16550,71,1385,6,959,39,10698,41,9739,8,0.0512861650355634,0.5721161559441681,0.5208299909086047
2021-11-17,Riverside,065,2383286.0,2904550,9079,1730679,4082,1077386,3993,83699,255,150942,1953,1455091,2051,1304149,1188,0.0633335655057764,0.6105398177138623,0.5472062522080858
2021-11-17,Sacramento,067,1510023.0,2079882,8556,1203068,3431,802109,3643,58925,199,93317,2061,1020193,2137,926876,804,0.061798396448266,0.67561421249875,0.613815816050484
2021-11-17,San Benito,069,59416.0,86876,441,48818,176,33866,167,3553,9,4574,131,44003,131,39429,43,0.0769826309411606,0.7405917597953413,0.6636091288541807
2021-11-17,San Bernardino,071,2135413.0,2418270,7682,1485827,3725,848526,3182,73821,273,119891,1559,1223999,1686,1104108,1230,0.0561441744524361,0.5731907598202315,0.5170465853677954
2021-11-17,San Diego,073,3302833.0,5072587,20945,2823083,8272,2026231,9103,187531,565,318513,5745,2667428,8490,2348915,4183,0.0964363018051472,0.8076181871744651,0.7111818853693178
2021-11-17,San Francisco,075,870044.0,1536599,7832,988079,3602,474565,3218,58639,107,56818,1351,736259,1379,679441,335,0.0653047432083894,0.8462319147077619,0.7809271714993724
2021-11-17,San Joaquin,077,732212.0,931505,2984,547304,1335,351387,1318,28200,66,69375,891,479261,928,409886,439,0.0947471497325911,0.6545385762593348,0.5597914265267436
2021-11-17,San Luis Obispo,079,281455.0,381901,1703,199744,638,166010,884,13917,29,18157,265,185130,276,166973,106,0.064511200724805,0.6577605656321615,0.5932493649073565
2021-11-17,San Mateo,081,765935.0,1326149,6549,817827,2756,446658,2665,44931,106,56272,1434,635609,1461,579337,324,0.0734683752537748,0.8298471802437544,0.7563788049899796
2021-11-17,Santa Barbara,083,443738.0,621945,2631,369345,1003,223756,910,25375,51,32768,934,312930,958,280162,254,0.0738453772271024,0.7052134367577264,0.6313680595306239
2021-11-17,Santa Clara,085,1922200.0,3330984,16035,2119977,7737,1049133,5937,115741,275,122423,2862,1607926,2950,1485503,784,0.0636890021849963,0.8365029653522006,0.7728139631672043
2021-11-17,Santa Cruz,087,273765.0,415828,1789,205676,564,196035,830,11016,22,16518,494,202996,504,186478,115,0.060336419922196,0.741497269556006,0.6811608496338101
2021-11-17,Shasta,089,179085.0,170304,607,79346,181,81680,289,8722,85,10548,113,86519,170,75971,135,0.0588994053103274,0.483116955635592,0.4242175503252645
2021-11-17,Sierra,091,2930.0,3416,44,482,1,2862,41,65,0,84,4,1606,4,1522,1,0.0286689419795221,0.548122866894198,0.5194539249146758
2021-11-17,Siskiyou,093,43540.0,44682,245,18897,70,24314,153,1321,7,2650,41,21967,43,19317,19,0.06086357372531,0.5045245751033532,0.4436610013780431
2021-11-17,Solano,095,438530.0,610018,2022,346000,911,244391,859,16173,40,39630,414,305912,430,266282,251,0.0903701001071762,0.6975851139032677,0.6072150137960914
2021-11-17,Sonoma,097,501317.0,793623,3380,448690,1153,315187,1782,24297,46,32777,649,383696,665,350919,198,0.0653817843799432,0.7653759996170088,0.6999942152370656
2021-11-17,Stanislaus,099,539301.0,634117,2288,372754,961,238576,1032,20011,56,47140,700,327212,739,280072,276,0.0874094429641332,0.6067335309966049,0.5193240880324717
2021-11-17,Sutter,101,95872.0,112992,376,50009,110,57936,236,4828,11,5587,66,57669,70,52082,54,0.0582756174899866,0.6015207777036048,0.5432451602136181
2021-11-17,Tehama,103,63373.0,54719,294,20914,126,31492,122,2175,18,2685,63,27660,69,24975,42,0.0423682009688668,0.4364634781373771,0.3940952771685102
2021-11-17,Trinity,105,12862.0,12440,43,2869,6,8757,30,789,3,731,8,6291,10,5560,5,0.0568340849012595,0.4891152231379256,0.4322811382366661
2021-11-17,Tulare,107,460477.0,491613,1719,298894,790,177576,728,13377,52,29697,445,249914,475,220217,282,0.0644918204383715,0.5427285184710637,0.4782366980326922
2021-11-17,Tuolumne,109,53932.0,62857,295,18561,42,42614,186,1451,19,3692,90,30384,102,26692,19,0.0684565749462285,0.5633761032411184,0.4949195282948899
2021-11-17,Ventura,111,848112.0,1228235,4518,673267,1740,506283,2183,42253,137,50797,862,604720,917,553923,424,0.0598942120851963,0.7130190352217631,0.6531248231365668
2021-11-17,Yolo,113,214977.0,313375,1728,160100,547,140365,720,8855,18,17076,576,155160,583,138084,107,0.0794317531642919,0.7217516292440587,0.6423198760797667
2021-11-17,Yuba,115,75493.0,71947,298,29744,77,37787,184,4173,11,3738,53,37712,57,33974,43,0.0495145245254526,0.4995430039871246,0.4500284794616719
2021-11-16,Alameda,001,1643700.0,2686965,12485,1719055,5042,818669,4442,120899,380,103935,3520,1319042,3635,1215107,789,0.0632323416681876,0.8024834215489445,0.7392510798807568
2021-11-16,Alpine,003,1148.0,1654,0,61,0,1587,0,6,0,105,0,810,0,705,0,0.0914634146341463,0.705574912891986,0.6141114982578397
2021-11-16,Amador,005,37829.0,46083,139,13711,30,30589,81,1676,4,3432,35,22825,38,19393,12,0.0907240476882814,0.6033730735678976,0.5126490258796161
2021-11-16,Butte,007,227075.0,235666,893,117566,238,108190,616,9130,16,10540,96,116817,98,106277,105,0.0464163822525597,0.514442364857426,0.4680259826048662
2021-11-16,Calaveras,009,45235.0,53601,221,23061,69,28889,145,1588,4,3366,46,26266,51,22900,15,0.074411407096275,0.5806565712390848,0.5062451641428097
2021-11-16,Colusa,011,21464.0,24568,59,7397,12,16086,42,1046,3,1299,15,12929,18,11630,12,0.0605199403652627,0.602357435706299,0.5418374953410362
2021-11-16,Contra Costa,013,1133247.0,1910781,8244,1287677,3687,546752,2795,58556,150,63523,2166,919189,2222,855666,532,0.0560539758763976,0.8111109052130736,0.7550569293366759
2021-11-16,Del Norte,015,27424.0,26398,110,10528,61,14328,43,1393,0,1589,24,13413,24,11824,22,0.0579419486581096,0.4890971411901983,0.4311551925320886
2021-11-16,El Dorado,017,186661.0,244104,923,121862,311,112228,480,9061,27,10942,180,119056,193,108114,77,0.0586196366675416,0.6378193623735007,0.5791997257059589
2021-11-16,Fresno,019,978130.0,1189027,4279,666467,1828,476183,1947,40082,85,66282,953,602614,990,536332,566,0.0677639986504861,0.6160878410845184,0.5483238424340323
2021-11-16,Glenn,021,27897.0,29938,75,13958,30,14377,43,1522,1,1290,17,15309,18,14019,12,0.0462415313474567,0.5487686848048178,0.502527153457361
2021-11-16,Humboldt,023,135768.0,181755,630,93652,235,78189,294,8564,14,8704,141,89986,145,81282,56,0.0641093630310529,0.6627924105827588,0.5986830475517059
2021-11-16,Imperial,025,180216.0,297874,1774,156416,792,119006,473,18384,132,32323,876,165278,980,132955,266,0.1793569938296266,0.9171105784170108,0.737753584587384
2021-11-16,Inyo,027,18085.0,23565,181,9164,42,13493,137,637,1,1174,65,11203,65,10029,14,0.0649156759745645,0.6194636439037877,0.5545479679292231
2021-11-16,Kern,029,883053.0,915429,3316,497368,1465,374734,1462,39222,147,54810,823,474699,897,419889,625,0.0620687546500606,0.5375656953772877,0.475496940727227
2021-11-16,Kings,031,150075.0,129862,527,64678,181,58699,267,6017,33,8566,144,68079,156,59513,88,0.0570781276028652,0.4536331834082958,0.3965550558054306
2021-11-16,Lake,033,64148.0,71293,307,24506,88,43521,202,3197,8,3872,33,36430,34,32558,37,0.0603604165367587,0.5679054686038536,0.5075450520670949
2021-11-16,Lassen,035,31185.0,16860,72,3226,4,12067,59,1538,9,933,6,8980,11,8047,15,0.0299182299182299,0.2879589546256212,0.2580407247073913
2021-11-16,Los Angeles,037,10098052.0,14564105,59352,8247346,26087,5684005,26414,545188,1664,781174,13629,7323650,14305,6542476,7160,0.0773588807029316,0.7252537420088547,0.6478948613059231
2021-11-16,Madera,039,155013.0,164905,778,89542,323,68328,351,6307,32,9319,209,84075,228,74756,98,0.0601175385290266,0.5423738654177391,0.4822563268887125
2021-11-16,Marin,041,260295.0,476191,2466,296098,1052,158509,1041,14041,43,20450,447,225485,457,205035,89,0.078564705430377,0.8662671199984633,0.7877024145680862
2021-11-16,Mariposa,043,17540.0,17239,36,4064,13,12375,21,698,0,3004,11,9898,11,6894,11,0.1712656784492588,0.5643101482326112,0.3930444697833523
2021-11-16,Mendocino,045,87422.0,125494,460,68981,128,51966,297,4076,16,6841,65,61054,72,54213,51,0.0782526137585504,0.6983825581661367,0.6201299444075862
2021-11-16,Merced,047,269075.0,287177,885,175745,497,99190,281,10664,27,28033,303,152206,311,124173,159,0.1041828486481464,0.5656638483694137,0.4614809997212673
2021-11-16,Modoc,049,8938.0,7681,55,1370,1,5793,51,507,3,254,1,3770,3,3516,5,0.0284179906019243,0.4217945849183262,0.3933765943164019
2021-11-16,Mono,051,14174.0,19520,81,11201,32,7719,44,393,2,808,12,9301,13,8493,10,0.0570057852405813,0.6562014956963454,0.599195710455764
2021-11-16,Monterey,053,433212.0,612834,2824,304312,971,279744,1236,24265,73,31887,894,310019,922,278132,258,0.0736059942937868,0.7156288376129932,0.6420228433192063
2021-11-16,Napa,055,140530.0,227662,1027,122726,492,97095,428,6381,25,12062,158,110402,167,98340,91,0.0858322066462677,0.7856116131786807,0.699779406532413
2021-11-16,Nevada,057,99092.0,132883,801,72181,242,56075,237,3747,10,7023,356,64952,359,57929,27,0.0708735316675412,0.6554716828805555,0.5845981512130142
2021-11-16,Orange,059,3164182.0,4666107,16432,2705942,6909,1791370,7663,141780,374,194986,3022,2284145,3168,2089159,1438,0.0616228775715176,0.7218753535668935,0.6602524759953757
2021-11-16,Placer,061,380077.0,544804,2218,319248,853,206950,979,14626,37,21222,518,261311,529,240089,160,0.055836054273213,0.6875212128068786,0.6316851585336656
2021-11-16,Plumas,063,18699.0,21599,107,3666,4,16479,94,1379,6,926,12,10657,12,9731,3,0.0495213647788651,0.5699235253222097,0.5204021605433445
2021-11-16,Riverside,065,2383286.0,2895471,9380,1726597,4280,1073393,4169,83444,239,150079,1890,1453040,2002,1302961,1217,0.0629714604122207,0.6096792411821326,0.5467077807699118
2021-11-16,Sacramento,067,1510023.0,2071326,8075,1199637,3322,798466,3569,58726,192,91984,1735,1018056,1821,926072,853,0.0609156284374476,0.6741990022668529,0.6132833738294052
2021-11-16,San Benito,069,59416.0,86435,292,48642,90,33699,171,3544,14,4486,51,43872,54,39386,27,0.0755015484044701,0.7383869664736771,0.662885418069207
2021-11-16,San Bernardino,071,2135413.0,2410588,7526,1482102,3659,845344,3130,73548,246,119435,1520,1222313,1621,1102878,1205,0.0559306326223545,0.572401217001114,0.5164705843787595
2021-11-16,San Diego,073,3302833.0,5051642,20299,2814811,7752,2017128,9147,186966,581,314206,5461,2658938,8192,2344732,4148,0.0951322697817298,0.8050476666546568,0.7099153968729269
2021-11-16,San Francisco,075,870044.0,1528767,7704,984477,3562,471347,3241,58532,112,55774,1283,734880,1323,679106,332,0.0641048038949754,0.8446469373962696,0.7805421335012942
2021-11-16,San Joaquin,077,732212.0,928521,3160,545969,1356,350069,1491,28134,65,68886,916,478333,959,409447,420,0.0940793103636651,0.6532711837555244,0.5591918733918592
2021-11-16,San Luis Obispo,079,281455.0,380198,1384,199106,559,165126,640,13888,38,17987,264,184854,276,166867,94,0.0639071965323053,0.656779947060809,0.5928727505285036
2021-11-16,San Mateo,081,765935.0,1319600,6304,815071,2813,443993,2784,44825,140,55135,1010,634148,1052,579013,332,0.0719839150841781,0.8279397076775444,0.7559557925933663
2021-11-16,Santa Barbara,083,443738.0,619314,2027,368342,885,222846,867,25324,42,32064,430,311972,452,279908,230,0.0722588554507389,0.7030545051359135,0.6307956496851745
2021-11-16,Santa Clara,085,1922200.0,3314949,14815,2112240,6352,1043196,6045,115466,337,120257,2939,1604976,3026,1484719,763,0.062562168348767,0.8349682655290812,0.7724060971803143
2021-11-16,Santa Cruz,087,273765.0,414039,1608,205112,587,195205,877,10994,41,16129,200,202492,212,186363,150,0.0589154932149836,0.7396562745420342,0.6807407813270506
2021-11-16,Shasta,089,179085.0,169697,693,79165,206,81391,416,8637,54,10513,81,86349,94,75836,110,0.0587039673897869,0.4821676857358237,0.4234637183460368
2021-11-16,Sierra,091,2930.0,3372,42,481,1,2821,39,65,2,81,3,1602,4,1521,1,0.0276450511945392,0.5467576791808874,0.5191126279863482
2021-11-16,Siskiyou,093,43540.0,44437,296,18827,57,24161,228,1314,8,2626,35,21924,38,19298,36,0.0603123564538355,0.5035369774919615,0.4432246210381259
2021-11-16,Solano,095,438530.0,607996,1940,345089,842,243532,892,16133,64,39451,362,305482,389,266031,261,0.0899619182268031,0.6966045652520922,0.606642647025289
2021-11-16,Sonoma,097,501317.0,790243,3317,447537,1394,313405,1516,24251,57,32310,628,383031,659,350721,234,0.0644502380729159,0.7640494936337686,0.6995992555608527
2021-11-16,Stanislaus,099,539301.0,631829,2009,371793,1088,237544,708,19955,61,46677,568,326473,616,279796,329,0.0865509242519483,0.6053632387108497,0.5188123144589014
2021-11-16,Sutter,101,95872.0,112616,425,49899,88,57700,280,4817,24,5571,76,57599,85,52028,60,0.0581087283044058,0.6007906375166889,0.5426819092122831
2021-11-16,Tehama,103,63373.0,54425,226,20788,44,31370,167,2157,9,2658,30,27591,34,24933,30,0.0419421520205765,0.4353746863806353,0.3934325343600587
2021-11-16,Trinity,105,12862.0,12397,67,2863,8,8727,54,786,0,726,9,6281,9,5555,2,0.0564453428704711,0.4883377390763489,0.4318923962058777
2021-11-16,Tulare,107,460477.0,489894,1733,298104,897,176848,634,13325,69,29504,440,249439,482,219935,308,0.0640726898411864,0.5416969794365408,0.4776242895953543
2021-11-16,Tuolumne,109,53932.0,62562,332,18519,36,42428,284,1432,2,3609,68,30282,69,26673,11,0.066917599940666,0.5614848327523548,0.4945672328116888
2021-11-16,Ventura,111,848112.0,1223717,4724,671527,1886,504100,2182,42116,117,50304,937,603803,988,553499,394,0.0593129209349708,0.7119378101005528,0.6526248891655819
2021-11-16,Yolo,113,214977.0,311647,1291,159553,507,139645,593,8837,22,16600,310,154577,327,137977,100,0.0772175628090446,0.7190397112249217,0.641822148415877
2021-11-16,Yuba,115,75493.0,71649,258,29667,68,37603,152,4162,11,3724,59,37655,64,33931,37,0.0493290768680539,0.4987879670962871,0.4494588902282331
2021-11-15,Alameda,001,1643700.0,2674480,9996,1714013,4188,814227,3645,120519,356,101089,2493,1315407,2586,1214318,746,0.0615008821561112,0.8002719474356634,0.7387710652795523
2021-11-15,Alpine,003,1148.0,1654,1,61,1,1587,0,6,0,105,0,810,0,705,0,0.0914634146341463,0.705574912891986,0.6141114982578397
2021-11-15,Amador,005,37829.0,45944,108,13681,13,30508,81,1672,3,3406,26,22787,29,19381,16,0.0900367442967035,0.6023685532263607,0.5123318089296571
2021-11-15,Butte,007,227075.0,234773,900,117328,248,107574,608,9114,25,10547,87,116719,96,106172,94,0.0464472090718925,0.5140107893867665,0.4675635803148739
2021-11-15,Calaveras,009,45235.0,53380,239,22992,45,28744,180,1584,7,3330,46,26215,50,22885,15,0.0736155631701116,0.57952912567702,0.5059135625069083
2021-11-15,Colusa,011,21464.0,24509,38,7385,13,16044,23,1043,0,1293,9,12911,9,11618,4,0.0602404025344763,0.6015188222139396,0.5412784196794633
2021-11-15,Contra Costa,013,1133247.0,1902537,7412,1283990,3638,543957,2688,58406,216,61833,1480,916967,1566,855134,687,0.0545626858045951,0.8091501676157096,0.7545874818111145
2021-11-15,Del Norte,015,27424.0,26288,117,10467,24,14285,75,1393,1,1587,28,13389,29,11802,10,0.0578690198366394,0.4882219953325554,0.430352975495916
2021-11-15,El Dorado,017,186661.0,243181,863,121551,330,111748,419,9034,12,10826,188,118863,192,108037,64,0.0579981892307445,0.6367854024140018,0.5787872131832573
2021-11-15,Fresno,019,978130.0,1184748,3999,664639,1817,474236,1715,39997,100,65858,936,601624,989,535766,636,0.0673305184382444,0.6150757056832936,0.5477451872450493
2021-11-15,Glenn,021,27897.0,29863,80,13928,36,14334,38,1521,6,1284,13,15291,17,14007,18,0.0460264544574685,0.5481234541348532,0.5020969996773846
2021-11-15,Humboldt,023,135768.0,181125,576,93417,259,77895,245,8550,17,8615,119,89841,126,81226,60,0.063453833009251,0.6617244122326321,0.5982705792233811
2021-11-15,Imperial,025,180216.0,296100,2188,155624,958,118533,415,18252,165,31609,1460,164298,1594,132689,268,0.1753950814578062,0.9116726594752964,0.7362775780174902
2021-11-15,Inyo,027,18085.0,23384,106,9122,18,13356,85,636,2,1123,14,11138,16,10015,11,0.0620956593862316,0.6158695051147359,0.5537738457285043
2021-11-15,Kern,029,883053.0,912113,3096,495903,1342,373272,1435,39075,121,54538,721,473802,770,419264,665,0.0617607323682723,0.536549901308302,0.4747891689400296
2021-11-15,Kings,031,150075.0,129335,450,64497,162,58432,234,5984,18,8498,115,67923,123,59425,100,0.0566250208229218,0.4525937031484258,0.3959686823255039
2021-11-15,Lake,033,64148.0,70986,183,24418,46,43319,127,3189,5,3875,25,36396,27,32521,25,0.0604071833884142,0.5673754442850907,0.5069682608966765
2021-11-15,Lassen,035,31185.0,16788,69,3222,5,12008,54,1529,6,937,17,8969,18,8032,11,0.0300464967131633,0.2876062209395543,0.2575597242263909
2021-11-15,Los Angeles,037,10098052.0,14504753,55820,8221259,23849,5657591,24664,543524,1648,774029,13172,7309345,13892,6535316,7079,0.076651318491923,0.7238371321518249,0.6471858136599019
2021-11-15,Madera,039,155013.0,164127,446,89219,185,67977,221,6275,8,9189,83,83847,85,74658,70,0.0592788991891002,0.5409030210369453,0.481624121847845
2021-11-15,Marin,041,260295.0,473725,1683,295046,590,157468,691,13998,23,20082,476,225028,482,204946,86,0.0771509249121189,0.8645114197353003,0.7873604948231814
2021-11-15,Mariposa,043,17540.0,17203,30,4051,5,12354,25,698,0,3004,13,9887,13,6883,5,0.1712656784492588,0.5636830102622576,0.3924173318129988
2021-11-15,Mendocino,045,87422.0,125034,529,68853,91,51669,423,4060,9,6820,54,60982,60,54162,50,0.0780123996248084,0.6975589668504495,0.6195465672256412
2021-11-15,Merced,047,269075.0,286292,875,175248,498,98909,316,10637,25,27881,264,151895,274,124014,173,0.1036179503855802,0.5645080367927158,0.4608900864071356
2021-11-15,Modoc,049,8938.0,7626,16,1369,1,5742,14,504,1,256,2,3767,3,3511,1,0.0286417543074513,0.4214589393600358,0.3928171850525844
2021-11-15,Mono,051,14174.0,19439,56,11169,21,7675,31,391,1,805,8,9288,9,8483,9,0.0567941300973613,0.6552843234090588,0.5984901933116975
2021-11-15,Monterey,053,433212.0,610010,1925,303341,753,278508,994,24192,36,31223,439,309097,457,277874,215,0.0720732574351587,0.713500549384597,0.6414272919494381
2021-11-15,Napa,055,140530.0,226635,834,122234,354,96667,409,6356,35,11986,98,110235,110,98249,50,0.0852913968547641,0.7844232548210347,0.6991318579662705
2021-11-15,Nevada,057,99092.0,132082,469,71939,194,55838,254,3737,17,6691,48,64593,55,57902,46,0.0675231098373228,0.6518487869858314,0.5843256771485085
2021-11-15,Orange,059,3164182.0,4649675,17606,2699033,7329,1783707,8168,141406,425,193256,3322,2280977,3504,2087721,1707,0.0610761327888218,0.7208741469359221,0.6597980141471003
2021-11-15,Placer,061,380077.0,542586,1925,318395,664,205971,773,14589,27,20853,581,260782,596,239929,155,0.0548651983676991,0.6861293895710606,0.6312641912033614
2021-11-15,Plumas,063,18699.0,21492,77,3662,10,16385,47,1373,6,917,18,10645,19,9728,8,0.0490400556179474,0.5692817797743195,0.520241724156372
2021-11-15,Riverside,065,2383286.0,2886091,8528,1722317,3864,1069224,3690,83205,232,149294,1954,1451038,2062,1301744,1240,0.0626420832413734,0.6088392244992837,0.5461971412579103
2021-11-15,Sacramento,067,1510023.0,2063251,7919,1196315,3212,794897,3342,58534,184,91016,1868,1016235,1939,925219,759,0.0602745785991339,0.6729930603706036,0.6127184817714697
2021-11-15,San Benito,069,59416.0,86143,306,48552,110,33528,137,3530,5,4459,88,43818,91,39359,31,0.0750471253534401,0.7374781203716171,0.6624309950181769
2021-11-15,San Bernardino,071,2135413.0,2403062,6801,1478443,3337,842214,2744,73302,231,119019,1525,1220692,1628,1101673,1098,0.0557358225317538,0.571642113258653,0.5159062907268992
2021-11-15,San Diego,073,3302833.0,5031343,17932,2807059,7024,2007981,7738,186385,554,310162,5401,2650746,7695,2340584,3679,0.0939078663680543,0.8025673717078641,0.7086595053398098
2021-11-15,San Francisco,075,870044.0,1521063,7287,980915,3328,468106,3117,58420,91,54783,1227,733557,1260,678774,352,0.0629657810409588,0.8431263246456501,0.7801605436046912
2021-11-15,San Joaquin,077,732212.0,925361,3220,544613,1342,348578,1458,28069,108,68347,928,477374,992,409027,499,0.0933431847606977,0.6519614537866083,0.5586182690259105
2021-11-15,San Luis Obispo,079,281455.0,378814,1368,198547,561,164486,596,13850,51,17805,278,184578,293,166773,127,0.0632605567497468,0.6557993284894565,0.5925387717397097
2021-11-15,San Mateo,081,765935.0,1313296,3955,812258,1559,441209,1565,44685,74,54415,1029,633096,1076,578681,275,0.0710438875361486,0.8265662229823679,0.7555223354462193
2021-11-15,Santa Barbara,083,443738.0,617287,1786,367457,790,221979,790,25282,46,31842,330,311520,345,279678,214,0.0717585602314879,0.702035886040862,0.630277325809374
2021-11-15,Santa Clara,085,1922200.0,3300134,13514,2105888,6025,1037151,5603,115129,264,117994,2379,1601950,2435,1483956,723,0.0613848715014046,0.8333940276766205,0.7720091561752159
2021-11-15,Santa Cruz,087,273765.0,412431,1342,204525,378,194328,728,10953,23,16067,297,202280,309,186213,100,0.058689021606122,0.738881887750443,0.6801928661443208
2021-11-15,Shasta,089,179085.0,169004,609,78959,233,80975,336,8583,19,10529,102,86255,108,75726,79,0.0587933104391769,0.4816427953206578,0.4228494848814809
2021-11-15,Sierra,091,2930.0,3330,18,480,0,2782,18,63,0,78,2,1598,2,1520,0,0.0266211604095563,0.5453924914675768,0.5187713310580204
2021-11-15,Siskiyou,093,43540.0,44141,229,18770,44,23933,165,1306,12,2624,35,21886,39,19262,11,0.0602664216812126,0.5026642168121268,0.4423977951309141
2021-11-15,Solano,095,438530.0,606056,1901,344247,829,242640,895,16069,41,39323,317,305093,336,265770,254,0.0896700339771509,0.6957175107746334,0.6060474767974825
2021-11-15,Sonoma,097,501317.0,786926,2485,446143,931,311889,1089,24194,77,31885,562,382372,585,350487,174,0.0636024710911459,0.7627349561255653,0.6991324850344194
2021-11-15,Stanislaus,099,539301.0,629820,2030,370705,1042,236836,790,19894,42,46390,570,325857,604,279467,334,0.0860187539055184,0.6042210194307075,0.5182022655251891
2021-11-15,Sutter,101,95872.0,112191,387,49811,127,57420,230,4793,7,5546,66,57514,68,51968,54,0.0578479639519359,0.599904038718291,0.5420560747663551
2021-11-15,Tehama,103,63373.0,54199,171,20744,28,31203,116,2148,21,2654,24,27557,33,24903,37,0.0418790336578669,0.434838180297603,0.3929591466397362
2021-11-15,Trinity,105,12862.0,12330,19,2855,12,8673,2,786,2,719,5,6272,6,5553,4,0.0559011040273674,0.4876380034209299,0.4317368993935624
2021-11-15,Tulare,107,460477.0,488161,1523,297207,783,176214,540,13256,41,29330,434,248957,454,219627,283,0.0636948208053822,0.5406502387741408,0.4769554179687585
2021-11-15,Tuolumne,109,53932.0,62230,266,18483,39,42144,223,1430,1,3551,48,30213,49,26662,15,0.0658421716235259,0.5602054438923089,0.4943632722687829
2021-11-15,Ventura,111,848112.0,1218993,4367,669641,1563,501918,2263,41999,123,49710,824,602815,883,553105,431,0.0586125417397702,0.7107728696209935,0.6521603278812232
2021-11-15,Yolo,113,214977.0,310356,1216,159046,433,139052,592,8815,16,16373,287,154250,292,137877,109,0.076161635895933,0.7175186182707918,0.6413569823748587
2021-11-15,Yuba,115,75493.0,71391,256,29599,78,37451,148,4151,13,3697,59,37591,66,33894,43,0.0489714278144993,0.4979402063767502,0.4489687785622508
2021-11-14,Alameda,001,1643700.0,2664484,3733,1709825,1347,810582,980,120163,44,99249,1600,1312821,1611,1213572,180,0.0603814564701587,0.7986986676400804,0.7383172111699216
2021-11-14,Alpine,003,1148.0,1653,1,60,0,1587,1,6,0,105,0,810,0,705,1,0.0914634146341463,0.705574912891986,0.6141114982578397
2021-11-14,Amador,005,37829.0,45836,116,13668,21,30427,85,1669,6,3393,17,22758,19,19365,14,0.0896930926009146,0.6016019455972931,0.5119088529963784
2021-11-14,Butte,007,227075.0,233873,183,117080,61,106966,102,9089,2,10545,45,116623,48,106078,22,0.046438401409226,0.5135880215787735,0.4671496201695475
2021-11-14,Calaveras,009,45235.0,53141,135,22947,62,28564,63,1577,8,3295,36,26165,39,22870,8,0.072841826019675,0.578423786890682,0.5055819608710069
2021-11-14,Colusa,011,21464.0,24471,31,7372,16,16021,14,1043,0,1288,9,12902,9,11614,4,0.0600074543421543,0.60109951546776,0.5410920611256057
2021-11-14,Contra Costa,013,1133247.0,1895125,2451,1280352,1055,541269,806,58190,45,60954,720,915401,736,854447,166,0.0537870384832256,0.8077682976438499,0.7539812591606243
2021-11-14,Del Norte,015,27424.0,26171,13,10443,4,14210,8,1392,1,1568,1,13360,2,11792,3,0.0571761960326721,0.4871645274212369,0.4299883313885647
2021-11-14,El Dorado,017,186661.0,242318,251,121221,85,111329,139,9022,2,10698,59,118671,60,107973,26,0.0573124541280717,0.6357567997599927,0.5784443456319209
2021-11-14,Fresno,019,978130.0,1180749,1177,662822,561,472521,429,39897,15,65505,338,600635,346,535130,193,0.0669696257143733,0.61406459264106,0.5470949669266867
2021-11-14,Glenn,021,27897.0,29783,20,13892,12,14296,5,1515,1,1285,5,15274,5,13989,2,0.0460623006057999,0.54751406961322,0.5014517690074202
2021-11-14,Humboldt,023,135768.0,180549,304,93158,125,77650,154,8533,9,8549,42,89715,44,81166,14,0.0629677096222968,0.6607963584939014,0.5978286488716045
2021-11-14,Imperial,025,180216.0,293912,137,154666,42,118118,54,18087,28,30283,68,162704,95,132421,40,0.1680372441958538,0.9028277178496916,0.7347904736538377
2021-11-14,Inyo,027,18085.0,23278,3,9104,3,13271,0,634,0,1118,0,11122,0,10004,0,0.0618191871716892,0.6149847940282002,0.553165606856511
2021-11-14,Kern,029,883053.0,909017,825,494561,411,371837,316,38954,23,54433,246,473032,261,418599,193,0.0616418267080231,0.5356779264664748,0.4740360997584516
2021-11-14,Kings,031,150075.0,128885,268,64335,109,58198,122,5966,10,8475,82,67800,87,59325,52,0.056471764117941,0.4517741129435282,0.3953023488255872
2021-11-14,Lake,033,64148.0,70803,58,24372,9,43192,45,3184,0,3873,16,36369,16,32496,5,0.0603760054873105,0.5669545426201908,0.5065785371328803
2021-11-14,Lassen,035,31185.0,16719,20,3217,1,11954,18,1523,1,930,2,8951,3,8021,6,0.0298220298220298,0.2870290203623536,0.2572069905403238
2021-11-14,Los Angeles,037,10098052.0,14448933,19111,8197410,7374,5632927,8397,541876,431,767216,5353,7295453,5530,6528237,2237,0.0759766339091935,0.7224614212721424,0.6464847873629488
2021-11-14,Madera,039,155013.0,163681,107,89034,47,67756,49,6267,3,9174,25,83762,27,74588,14,0.0591821331114164,0.5403546799300704,0.4811725468186539
2021-11-14,Marin,041,260295.0,472042,1089,294456,197,156777,250,13975,2,19686,662,224546,664,204860,28,0.0756295741370368,0.8626596745999731,0.7870301004629363
2021-11-14,Mariposa,043,17540.0,17173,15,4046,3,12329,12,698,0,2996,5,9874,5,6878,3,0.1708095781071835,0.5629418472063854,0.3921322690992018
2021-11-14,Mendocino,045,87422.0,124505,76,68762,30,51246,32,4051,9,6810,17,60922,20,54112,15,0.077898011942074,0.6968726407540436,0.6189746288119695
2021-11-14,Merced,047,269075.0,285417,269,174750,146,98593,90,10612,7,27780,118,151621,125,123841,61,0.1032425903558487,0.5634897333457215,0.4602471429898727
2021-11-14,Modoc,049,8938.0,7610,6,1368,2,5728,4,503,0,254,2,3764,2,3510,2,0.0284179906019243,0.4211232938017453,0.392705303199821
2021-11-14,Mono,051,14174.0,19383,5,11148,4,7644,1,390,0,805,1,9279,1,8474,0,0.0567941300973613,0.6546493579793989,0.5978552278820375
2021-11-14,Monterey,053,433212.0,608085,850,302588,253,277514,277,24156,24,30981,384,308640,393,277659,74,0.0715146394836708,0.7124456386249688,0.640930999141298
2021-11-14,Napa,055,140530.0,225801,143,121880,60,96258,64,6321,3,11926,35,110125,35,98199,11,0.0848644417562086,0.7836405038070163,0.6987760620508077
2021-11-14,Nevada,057,99092.0,131613,235,71745,66,55584,90,3720,3,6682,103,64538,106,57856,14,0.0674322851491543,0.6512937472248012,0.5838614620756468
2021-11-14,Orange,059,3164182.0,4632069,5664,2691704,2212,1775539,2630,140981,67,191459,1356,2277473,1394,2086014,600,0.0605082134972008,0.7197667517228782,0.6592585382256773
2021-11-14,Placer,061,380077.0,540661,548,317731,206,205198,218,14562,14,20412,159,260186,166,239774,50,0.0537049071635484,0.6845612862656777,0.6308563791021293
2021-11-14,Plumas,063,18699.0,21415,11,3652,3,16338,7,1367,1,906,0,10626,0,9720,0,0.0484517888657147,0.5682656826568265,0.5198138937911119
2021-11-14,Riverside,065,2383286.0,2877563,3002,1718453,1418,1065534,1097,82973,61,148472,865,1448976,898,1300504,464,0.0622971812866773,0.6079740324912747,0.5456768512045973
2021-11-14,Sacramento,067,1510023.0,2055332,2463,1193103,876,791555,914,58350,36,89836,862,1014296,882,924460,251,0.0594931335482969,0.6717089739692707,0.6122158404209738
2021-11-14,San Benito,069,59416.0,85837,79,48442,31,33391,35,3525,1,4399,21,43727,22,39328,15,0.0740372963511512,0.7359465463848122,0.661909250033661
2021-11-14,San Bernardino,071,2135413.0,2396261,2255,1475106,1189,839470,814,73071,39,118489,603,1219064,632,1100575,416,0.0554876269836326,0.5708797314617828,0.5153921044781501
2021-11-14,San Diego,073,3302833.0,5013411,5675,2800035,2229,2000243,2040,185831,183,306146,2376,2643051,3114,2336905,1151,0.0926919405249977,0.8002375536395573,0.7075456131145595
2021-11-14,San Francisco,075,870044.0,1513776,2317,977587,1043,464989,672,58329,13,53875,752,732297,754,678422,66,0.061922155661093,0.8416781220260124,0.7797559663649195
2021-11-14,San Joaquin,077,732212.0,922141,1308,543271,729,347120,405,27961,25,67854,450,476382,467,408528,191,0.0926698824930484,0.6506066549032248,0.5579367724101763
2021-11-14,San Luis Obispo,079,281455.0,377446,460,197986,147,163890,248,13799,8,17639,103,184285,107,166646,39,0.0626707644206001,0.6547583094988542,0.5920875450782541
2021-11-14,San Mateo,081,765935.0,1309341,2803,810699,761,439644,867,44611,55,53614,1251,632020,1255,578406,107,0.0699981068889657,0.8251614040355905,0.7551632971466247
2021-11-14,Santa Barbara,083,443738.0,615501,678,366667,327,221189,270,25236,17,31711,158,311175,165,279464,111,0.0714633409804884,0.7012584002271611,0.6297950592466726
2021-11-14,Santa Clara,085,1922200.0,3286620,5768,2099863,2653,1031548,1979,114865,90,116282,1355,1599515,1382,1483233,247,0.0604942253667672,0.8321272500260118,0.7716330246592447
2021-11-14,Santa Cruz,087,273765.0,411089,491,204147,178,193600,286,10930,11,15858,56,201971,61,186113,33,0.0579255931181853,0.7377531824740197,0.6798275893558344
2021-11-14,Shasta,089,179085.0,168395,210,78726,81,80639,118,8564,4,10500,35,86147,38,75647,44,0.0586313761621576,0.4810397297372756,0.4224083535751179
2021-11-14,Sierra,091,2930.0,3312,2,480,0,2764,1,63,0,76,1,1596,1,1520,0,0.025938566552901,0.5447098976109215,0.5187713310580204
2021-11-14,Siskiyou,093,43540.0,43912,19,18726,6,23768,13,1294,0,2596,6,21847,6,19251,2,0.0596233348644924,0.5017684887459807,0.4421451538814883
2021-11-14,Solano,095,438530.0,604155,404,343418,204,241745,163,16028,11,39241,94,304757,97,265516,66,0.0894830456297174,0.6949513146192963,0.6054682689895788
2021-11-14,Sonoma,097,501317.0,784441,511,445212,211,310800,260,24117,6,31474,95,381787,99,350313,31,0.0627826305511283,0.7615680298094818,0.6987853992583535
2021-11-14,Stanislaus,099,539301.0,627790,726,369663,391,236046,251,19852,18,46120,221,325253,231,279133,144,0.0855181058444171,0.6031010511755031,0.517582945331086
2021-11-14,Sutter,101,95872.0,111804,137,49684,63,57190,66,4786,1,5532,34,57446,36,51914,20,0.0577019359145527,0.5991947596795728,0.5414928237650201
2021-11-14,Tehama,103,63373.0,54028,55,20716,13,31087,37,2127,0,2658,13,27524,13,24866,13,0.0419421520205765,0.4343174538052483,0.3923753017846717
2021-11-14,Trinity,105,12862.0,12311,5,2843,4,8671,1,784,0,717,1,6266,1,5549,0,0.055745607215052,0.4871715129839838,0.4314259057689317
2021-11-14,Tulare,107,460477.0,486638,687,296424,313,175674,257,13215,13,29159,241,248503,247,219344,132,0.063323466752954,0.5396643046232493,0.4763408378702953
2021-11-14,Tuolumne,109,53932.0,61964,48,18444,14,41921,34,1429,0,3517,14,30164,15,26647,8,0.0652117481272713,0.5592968923830008,0.4940851442557294
2021-11-14,Ventura,111,848112.0,1214626,1402,668078,561,499655,645,41876,38,49258,288,601932,310,552674,132,0.0580795932612673,0.7097317335446262,0.6516521402833588
2021-11-14,Yolo,113,214977.0,309140,229,158613,91,138460,112,8799,2,16190,49,153958,51,137768,30,0.0753103820408694,0.7161603334310181,0.6408499513901487
2021-11-14,Yuba,115,75493.0,71135,84,29521,29,37303,45,4138,2,3674,21,37525,23,33851,17,0.0486667638059157,0.4970659531347277,0.4483991893288119
2021-11-13,Alameda,001,1643700.0,2660751,8783,1708478,3145,809602,2663,120119,161,97818,3430,1311210,3484,1213392,481,0.0595108596459207,0.7977185617813469,0.7382077021354262
2021-11-13,Alpine,003,1148.0,1652,0,60,0,1586,0,6,0,106,0,810,0,704,0,0.0923344947735191,0.705574912891986,0.6132404181184669
2021-11-13,Amador,005,37829.0,45720,36,13647,10,30342,23,1663,2,3388,8,22739,9,19351,6,0.089560918871765,0.6010996854265246,0.5115387665547596
2021-11-13,Butte,007,227075.0,233690,492,117019,163,106864,251,9087,11,10519,110,116575,114,106056,66,0.0463239017945612,0.513376637674777,0.4670527358802158
2021-11-13,Calaveras,009,45235.0,53006,68,22885,9,28501,55,1569,1,3264,17,26126,17,22862,2,0.0721565159721454,0.5775616226373383,0.5054051066651929
2021-11-13,Colusa,011,21464.0,24440,46,7356,15,16007,22,1043,1,1283,18,12893,18,11610,8,0.0597745061498322,0.6006802087215803,0.5409057025717481
2021-11-13,Contra Costa,013,1133247.0,1892674,5157,1279297,1713,540463,1278,58145,41,60384,2415,914665,2437,854281,271,0.0532840589915525,0.8071188364054791,0.7538347774139266
2021-11-13,Del Norte,015,27424.0,26158,26,10439,5,14202,17,1391,1,1569,8,13358,8,11789,0,0.0572126604434072,0.4870915985997666,0.4298789381563594
2021-11-13,El Dorado,017,186661.0,242067,697,121136,456,111190,188,9020,7,10664,264,118611,268,107947,33,0.0571303057414242,0.6354353614306149,0.5783050556891906
2021-11-13,Fresno,019,978130.0,1179572,2769,662261,1047,472092,1271,39882,36,65352,744,600289,766,534937,367,0.0668132047887295,0.6137108564301269,0.5468976516413974
2021-11-13,Glenn,021,27897.0,29763,53,13880,28,14291,20,1514,0,1282,12,15269,12,13987,8,0.0459547621608058,0.5473348388715632,0.5013800767107575
2021-11-13,Humboldt,023,135768.0,180245,354,93033,138,77496,134,8524,5,8519,154,89671,156,81152,19,0.0627467444464085,0.6604722762359319,0.5977255317895233
2021-11-13,Imperial,025,180216.0,293775,573,154624,208,118064,177,18059,40,30228,377,162609,412,132381,86,0.1677320548674923,0.902300572646158,0.7345685177786656
2021-11-13,Inyo,027,18085.0,23275,87,9101,13,13271,31,634,0,1118,50,11122,50,10004,5,0.0618191871716892,0.6149847940282002,0.553165606856511
2021-11-13,Kern,029,883053.0,908192,2148,494150,987,371521,772,38931,79,54365,727,472771,762,418406,410,0.0615648211375761,0.5353823609681412,0.473817539830565
2021-11-13,Kings,031,150075.0,128617,200,64226,70,58076,88,5956,13,8440,72,67713,75,59273,26,0.0562385473929701,0.4511944027986007,0.3949558554056305
2021-11-13,Lake,033,64148.0,70745,60,24363,16,43147,36,3184,1,3862,13,36353,13,32491,10,0.0602045270312402,0.5667051194113613,0.506500592380121
2021-11-13,Lassen,035,31185.0,16699,20,3216,2,11936,14,1522,3,933,4,8948,6,8015,10,0.0299182299182299,0.2869328202661536,0.2570145903479237
2021-11-13,Los Angeles,037,10098052.0,14429822,40702,8190036,15139,5624530,14949,541445,1056,763923,14852,7289923,15186,6526000,4482,0.0756505314094243,0.7219137908974919,0.6462632594880676
2021-11-13,Madera,039,155013.0,163574,374,88987,162,67707,160,6264,4,9161,91,83735,95,74574,68,0.0590982691774238,0.5401805009902395,0.4810822318128157
2021-11-13,Marin,041,260295.0,470953,3093,294259,486,156527,642,13973,22,19050,2036,223882,2049,204832,86,0.0731861925891776,0.8601087227952899,0.7869225302061122
2021-11-13,Mariposa,043,17540.0,17158,133,4043,8,12317,124,698,1,2994,62,9869,63,6875,23,0.1706955530216647,0.5626567844925884,0.3919612314709236
2021-11-13,Mendocino,045,87422.0,124429,178,68732,35,51214,61,4042,5,6805,97,60902,99,54097,10,0.0778408181007069,0.6966438653885749,0.6188030472878681
2021-11-13,Merced,047,269075.0,285148,525,174604,287,98503,174,10605,23,27716,185,151496,200,123780,108,0.1030047384558208,0.5630251788534795,0.4600204403976586
2021-11-13,Modoc,049,8938.0,7604,4,1366,1,5724,3,503,0,254,1,3762,1,3508,1,0.0284179906019243,0.4208995300962184,0.392481539494294
2021-11-13,Mono,051,14174.0,19378,16,11144,8,7643,7,390,0,804,2,9278,2,8474,3,0.0567235783829547,0.6545788062649922,0.5978552278820375
2021-11-13,Monterey,053,433212.0,607235,1681,302335,461,277237,523,24132,43,30662,836,308247,849,277585,160,0.0707782794567094,0.7115384615384616,0.6407601820817521
2021-11-13,Napa,055,140530.0,225658,696,121820,181,96194,132,6318,6,11902,464,110090,465,98188,30,0.0846936597167864,0.7833914466661923,0.6986977869494059
2021-11-13,Nevada,057,99092.0,131378,386,71679,103,55494,159,3717,5,6590,188,64432,190,57842,25,0.0665038550034311,0.6502240342308158,0.5837201792273846
2021-11-13,Orange,059,3164182.0,4626405,10912,2689492,3808,1772909,4692,140914,203,190665,3194,2276079,3274,2085414,959,0.0602572797645647,0.7193261955222551,0.6590689157576903
2021-11-13,Placer,061,380077.0,540113,784,317525,276,204980,313,14548,20,20296,242,260020,252,239724,88,0.0533997058490779,0.6841245326604872,0.6307248268114093
2021-11-13,Plumas,063,18699.0,21404,20,3649,1,16331,18,1366,1,906,0,10626,0,9720,2,0.0484517888657147,0.5682656826568265,0.5198138937911119
2021-11-13,Riverside,065,2383286.0,2874561,5501,1717035,2409,1064437,2061,82912,93,148038,1725,1448078,1765,1300040,766,0.0621150797680177,0.6075972417913754,0.5454821620233576
2021-11-13,Sacramento,067,1510023.0,2052869,4645,1192227,1812,790641,1526,58314,120,89205,1645,1013414,1688,924209,507,0.0590752591185697,0.6711248769058484,0.6120496177872787
2021-11-13,San Benito,069,59416.0,85758,154,48411,58,33356,65,3524,4,4392,49,43705,52,39313,23,0.0739194829675508,0.7355762757506396,0.6616567927830888
2021-11-13,San Bernardino,071,2135413.0,2394006,4900,1473917,2370,838656,1653,73032,133,118273,1460,1218432,1529,1100159,843,0.0553864755904361,0.5705837699779855,0.5151972943875494
2021-11-13,San Diego,073,3302833.0,5007736,11132,2797806,3923,1998203,3810,185648,303,304183,4841,2639937,6164,2335754,2096,0.0920976022705356,0.7992947266785817,0.707197124408046
2021-11-13,San Francisco,075,870044.0,1511459,5362,976544,1636,464317,1563,58316,39,53187,2364,731543,2384,678356,155,0.0611313910560845,0.8408114991885468,0.7796801081324622
2021-11-13,San Joaquin,077,732212.0,920833,1982,542542,827,346715,769,27936,46,67578,728,475915,745,408337,253,0.0922929424811393,0.6499688614772771,0.5576759189961378
2021-11-13,San Luis Obispo,079,281455.0,376986,890,197839,245,163642,539,13791,13,17571,156,184178,162,166607,65,0.0624291627436002,0.6543781421541632,0.591948979410563
2021-11-13,San Mateo,081,765935.0,1306538,4521,809938,1350,438777,1291,44556,88,52466,2033,630765,2054,578299,211,0.0684992851873853,0.8235228837956223,0.755023598608237
2021-11-13,Santa Barbara,083,443738.0,614823,1282,366340,658,220919,399,25219,25,31657,578,311010,590,279353,125,0.0713416475487787,0.7008865591858259,0.6295449116370471
2021-11-13,Santa Clara,085,1922200.0,3280852,12362,2097210,4537,1029569,4177,114775,197,115147,4044,1598133,4084,1482986,497,0.0599037561127874,0.8314082821766725,0.7715045260638851
2021-11-13,Santa Cruz,087,273765.0,410598,1107,203969,292,193314,445,10919,8,15830,449,201910,451,186080,53,0.057823315617409,0.7375303636330429,0.6797070480156339
2021-11-13,Shasta,089,179085.0,168185,306,78645,101,80521,168,8560,15,10506,57,86109,67,75603,50,0.0586648798056788,0.4808275399949744,0.4221626601892956
2021-11-13,Sierra,091,2930.0,3310,1,480,0,2763,1,63,0,75,0,1595,0,1520,0,0.0255972696245733,0.5443686006825939,0.5187713310580204
2021-11-13,Siskiyou,093,43540.0,43893,46,18720,14,23755,30,1294,1,2592,5,21841,6,19249,2,0.0595314653192466,0.5016306844281121,0.4420992191088654
2021-11-13,Solano,095,438530.0,603751,1204,343214,410,241582,432,16017,26,39210,458,304660,473,265450,149,0.0894123549130048,0.6947301210863567,0.6053177661733519
2021-11-13,Sonoma,097,501317.0,783930,3458,445001,1112,310540,1297,24111,50,31406,1252,381688,1263,350282,168,0.0626469878340451,0.7613705499713754,0.6987235621373302
2021-11-13,Stanislaus,099,539301.0,627064,1603,369272,568,235795,868,19834,41,46033,396,325022,416,278989,205,0.0853567859136178,0.6026727189454497,0.517315933031832
2021-11-13,Sutter,101,95872.0,111667,172,49621,66,57124,93,4785,4,5516,32,57410,33,51894,35,0.0575350467289719,0.598819259012016,0.541284212283044
2021-11-13,Tehama,103,63373.0,53973,88,20703,15,31050,63,2127,8,2658,9,27511,15,24853,15,0.0419421520205765,0.4341123191264419,0.3921701671058653
2021-11-13,Trinity,105,12862.0,12306,62,2839,14,8670,46,784,1,716,13,6265,14,5549,4,0.0556678588088944,0.4870937645778261,0.4314259057689317
2021-11-13,Tulare,107,460477.0,485951,977,296111,479,175417,377,13202,21,29044,284,248256,289,219212,201,0.0630737257235432,0.5391279043252974,0.4760541786017542
2021-11-13,Tuolumne,109,53932.0,61916,456,18430,10,41887,442,1429,0,3510,58,30149,58,26639,9,0.065081955054513,0.5590187643699474,0.4939368093154342
2021-11-13,Ventura,111,848112.0,1213224,2349,667517,837,499010,956,41838,51,49080,701,601622,725,552542,227,0.057869715320618,0.7093662157828211,0.6514965004622031
2021-11-13,Yolo,113,214977.0,308911,736,158522,253,138348,324,8797,6,16169,210,153907,213,137738,31,0.0752126971722556,0.7159230987500989,0.6407104015778432
2021-11-13,Yuba,115,75493.0,71051,133,29492,51,37258,59,4136,4,3668,47,37502,48,33834,32,0.0485872862384592,0.4967612891261441,0.4481740028876849
2021-11-12,Alameda,001,1643700.0,2651968,13667,1705333,5179,806939,5103,119958,335,94815,3890,1307726,3978,1212911,855,0.0576838839204234,0.795598953580337,0.7379150696599136
2021-11-12,Alpine,003,1148.0,1652,1,60,0,1586,1,6,0,106,0,810,0,704,0,0.0923344947735191,0.705574912891986,0.6132404181184669
2021-11-12,Amador,005,37829.0,45684,263,13637,56,30319,191,1661,7,3385,46,22730,49,19345,29,0.0894816146342752,0.6008617727140554,0.5113801580797801
2021-11-12,Butte,007,227075.0,233198,1171,116856,279,106613,569,9076,25,10471,390,116461,403,105990,123,0.0461125178905647,0.5128746009027855,0.4667620830122206
2021-11-12,Calaveras,009,45235.0,52938,235,22876,80,28446,134,1568,10,3249,57,26109,61,22860,30,0.071824914336244,0.5771858074499834,0.5053608931137393
2021-11-12,Colusa,011,21464.0,24394,67,7341,25,15985,39,1042,2,1273,11,12875,13,11602,14,0.0593086097651882,0.599841595229221,0.5405329854640328
2021-11-12,Contra Costa,013,1133247.0,1887517,9226,1277584,3724,539185,3248,58104,158,58218,2748,912228,2817,854010,767,0.051372736923195,0.8049683784735366,0.7535956415503416
2021-11-12,Del Norte,015,27424.0,26132,138,10434,41,14185,75,1390,2,1561,28,13350,29,11789,15,0.0569209451575262,0.4867998833138856,0.4298789381563594
2021-11-12,El Dorado,017,186661.0,241370,1147,120680,317,111002,604,9013,25,10429,287,118343,296,107914,91,0.055871338951361,0.6339996035593938,0.5781282646080328
2021-11-12,Fresno,019,978130.0,1176803,4851,661214,2005,470821,1983,39846,110,64953,1421,599523,1468,534570,728,0.0664052835512662,0.6129277294429166,0.5465224458916504
2021-11-12,Glenn,021,27897.0,29710,150,13852,62,14271,74,1514,5,1278,33,15257,37,13979,23,0.0458113775674803,0.546904685091587,0.5010933075241065
2021-11-12,Humboldt,023,135768.0,179891,1262,92895,353,77362,709,8519,32,8382,258,89515,264,81133,76,0.0617376701431854,0.6593232573213128,0.5975855871781274
2021-11-12,Imperial,025,180216.0,293202,1752,154416,717,117887,472,18019,140,29902,932,162197,1041,132295,254,0.1659231144848404,0.9000144271318862,0.7340913126470457
2021-11-12,Inyo,027,18085.0,23188,119,9088,34,13240,84,634,1,1073,14,11072,14,9999,14,0.0593309372408073,0.6122200718827758,0.5528891346419684
2021-11-12,Kern,029,883053.0,906044,4600,493163,1848,370749,1973,38852,186,54013,1313,472009,1395,417996,757,0.0611662040670265,0.5345194456051902,0.4733532415381636
2021-11-12,Kings,031,150075.0,128417,551,64156,173,57988,309,5943,24,8391,150,67638,158,59247,87,0.0559120439780109,0.4506946526736631,0.3947826086956522
2021-11-12,Lake,033,64148.0,70685,257,24347,76,43111,131,3183,31,3859,59,36340,75,32481,39,0.0601577601795847,0.5665024630541872,0.5063447028746025
2021-11-12,Lassen,035,31185.0,16679,73,3214,9,11922,59,1519,5,937,9,8942,13,8005,13,0.0300464967131633,0.2867404200737534,0.25669392336059
2021-11-12,Los Angeles,037,10098052.0,14389120,68981,8174897,27263,5609581,30572,540389,1839,753219,18270,7274737,18986,6521518,8418,0.0745905249844227,0.7204099364907212,0.6458194115062984
2021-11-12,Madera,039,155013.0,163200,801,88825,325,67547,368,6260,23,9134,197,83640,202,74506,86,0.0589240902375929,0.5395676491649087,0.4806435589273157
2021-11-12,Marin,041,260295.0,467860,2518,293773,914,155885,1236,13951,39,17087,479,221833,486,204746,98,0.0656447492268387,0.852236885072706,0.7865921358458672
2021-11-12,Mariposa,043,17540.0,17025,40,4035,13,12193,25,697,0,2954,19,9806,19,6852,6,0.1684150513112884,0.5590649942987457,0.3906499429874572
2021-11-12,Mendocino,045,87422.0,124251,1085,68697,471,51153,466,4037,24,6716,262,60803,270,54087,92,0.0768227677243714,0.6955114273295051,0.6186886596051338
2021-11-12,Merced,047,269075.0,284623,1116,174317,452,98329,514,10582,35,27624,354,151296,371,123672,176,0.1026628263495308,0.5622818916658924,0.4596190653163616
2021-11-12,Modoc,049,8938.0,7600,16,1365,2,5721,14,503,0,254,3,3761,3,3507,0,0.0284179906019243,0.4207876482434549,0.3923696576415305
2021-11-12,Mono,051,14174.0,19362,52,11136,37,7636,13,390,2,805,5,9276,7,8471,6,0.0567941300973613,0.654437702836179,0.5976435727388175
2021-11-12,Monterey,053,433212.0,605554,2706,301874,771,276714,1530,24089,30,29973,651,307398,662,277425,301,0.0691878341320185,0.7095786820309686,0.6403908478989502
2021-11-12,Napa,055,140530.0,224962,825,121639,333,96062,343,6312,21,11467,288,109625,294,98158,53,0.0815982352522593,0.7800825446523874,0.6984843094001281
2021-11-12,Nevada,057,99092.0,130992,602,71576,181,55335,288,3712,14,6425,176,64242,182,57817,45,0.0648387357203407,0.6483066241472571,0.5834678884269164
2021-11-12,Orange,059,3164182.0,4615493,20712,2685684,7633,1768217,9419,140711,441,188350,4972,2272805,5126,2084455,1900,0.0595256530755816,0.7182914889219394,0.6587658358463577
2021-11-12,Placer,061,380077.0,539329,2405,317249,861,204667,904,14528,47,20132,766,259768,795,239636,209,0.0529682143355162,0.6834615091152583,0.630493294779742
2021-11-12,Plumas,063,18699.0,21384,95,3648,19,16313,70,1365,3,908,10,10626,10,9718,7,0.0485587464570297,0.5682656826568265,0.5197069361997968
2021-11-12,Riverside,065,2383286.0,2869060,11849,1714626,4931,1062376,5233,82819,356,147039,2699,1446313,2857,1299274,1627,0.0616959106040987,0.6068566676429098,0.5451607570388112
2021-11-12,Sacramento,067,1510023.0,2048224,9818,1190415,3875,789115,3604,58194,204,88024,2972,1011726,3059,923702,970,0.0582931518261642,0.6700070131382104,0.6117138613120462
2021-11-12,San Benito,069,59416.0,85604,414,48353,136,33291,227,3520,2,4363,85,43653,87,39290,49,0.0734313989497778,0.7347010906153225,0.6612696916655446
2021-11-12,San Bernardino,071,2135413.0,2389106,10204,1471547,4646,837003,3827,72899,326,117587,2747,1216903,2870,1099316,1626,0.0550652262583397,0.5698677492363304,0.5148025229779907
2021-11-12,San Diego,073,3302833.0,4996604,21104,2793883,7143,1994393,9758,185345,592,300115,6240,2633773,8902,2333658,4261,0.0908659323677582,0.7974284500609022,0.706562517693144
2021-11-12,San Francisco,075,870044.0,1506097,7608,974908,2944,462754,3292,58277,109,50958,1656,729159,1689,678201,321,0.058569451659916,0.8380714078828198,0.7795019562229036
2021-11-12,San Joaquin,077,732212.0,918851,3870,541715,1590,345946,1580,27890,72,67086,1364,475170,1408,408084,547,0.0916210059381709,0.6489513965900586,0.5573303906518877
2021-11-12,San Luis Obispo,079,281455.0,376096,1689,197594,622,163103,707,13778,31,17474,475,184016,483,166542,116,0.0620845250572915,0.6538025616883694,0.5917180366310778
2021-11-12,San Mateo,081,765935.0,1302017,5651,808588,1960,437486,2222,44468,139,50623,1731,628711,1782,578088,342,0.0660930757831931,0.8208411940961048,0.7547481183129117
2021-11-12,Santa Barbara,083,443738.0,613541,2565,365682,1013,220520,1137,25194,67,31192,605,310420,633,279228,288,0.0702937318868341,0.6995569457652939,0.6292632138784598
2021-11-12,Santa Clara,085,1922200.0,3268490,16647,2092673,6198,1025392,6207,114578,335,111560,4744,1594049,4816,1482489,889,0.0580376651753199,0.8292836333368016,0.7712459681614816
2021-11-12,Santa Cruz,087,273765.0,409491,1606,203677,490,192869,951,10911,25,15432,257,201459,266,186027,119,0.0563695139992329,0.735882965316969,0.679513451317736
2021-11-12,Shasta,089,179085.0,167879,758,78544,238,80353,445,8545,23,10489,136,86042,147,75553,133,0.058569952815702,0.480453415975654,0.4218834631599519
2021-11-12,Sierra,091,2930.0,3309,3,480,0,2762,3,63,0,75,0,1595,0,1520,0,0.0255972696245733,0.5443686006825939,0.5187713310580204
2021-11-12,Siskiyou,093,43540.0,43847,224,18706,33,23725,185,1293,6,2588,26,21835,29,19247,35,0.0594395957740009,0.5014928801102434,0.4420532843362425
2021-11-12,Solano,095,438530.0,602547,2519,342804,898,241150,1037,15991,40,38886,746,304187,761,265301,277,0.0886735229060725,0.6936515175700636,0.604977994663991
2021-11-12,Sonoma,097,501317.0,780472,4302,443889,1467,309243,2016,24061,94,30311,1148,380425,1186,350114,309,0.0604627411398376,0.7588511859761389,0.6983884448363011
2021-11-12,Stanislaus,099,539301.0,625461,2396,368704,953,234927,1105,19793,51,45822,773,324606,808,278784,366,0.0849655387251275,0.6019013500809381,0.5169358113558106
2021-11-12,Sutter,101,95872.0,111495,505,49555,143,57031,312,4781,20,5518,90,57377,98,51859,85,0.0575559078771695,0.5984750500667557,0.5409191421895861
2021-11-12,Tehama,103,63373.0,53885,207,20688,46,30987,131,2119,13,2658,46,27496,54,24838,32,0.0419421520205765,0.4338756252662806,0.391933473245704
2021-11-12,Trinity,105,12862.0,12244,73,2825,11,8624,59,783,2,706,7,6251,8,5545,5,0.0548903747473176,0.4860052868916187,0.431114912144301
2021-11-12,Tulare,107,460477.0,484974,1868,295632,827,175040,816,13181,42,28956,485,247967,499,219011,344,0.0628826195445158,0.5385002942600825,0.4756176747155667
2021-11-12,Tuolumne,109,53932.0,61460,312,18420,53,41445,230,1429,3,3461,79,30091,81,26630,30,0.064173403545205,0.5579433360528072,0.4937699325076021
2021-11-12,Ventura,111,848112.0,1210875,5339,666680,2180,498054,2353,41787,147,48582,1172,600897,1221,552315,505,0.0572825287226215,0.708511375856019,0.6512288471333975
2021-11-12,Yolo,113,214977.0,308175,1515,158269,501,138024,700,8791,20,15987,424,153694,432,137707,116,0.0743660949776022,0.7149322950827298,0.6405662001051275
2021-11-12,Yuba,115,75493.0,70918,311,29441,84,37199,189,4132,6,3652,71,37454,73,33802,39,0.0483753460585749,0.4961254685864915,0.4477501225279165
2021-11-11,Alameda,001,1643700.0,2638301,12938,1700154,4306,801836,4297,119623,233,91692,4788,1303748,4864,1212056,662,0.0557839021719291,0.7931788039179899,0.7373949017460607
2021-11-11,Alpine,003,1148.0,1651,1,60,0,1585,1,6,0,106,0,810,0,704,0,0.0923344947735191,0.705574912891986,0.6132404181184669
2021-11-11,Amador,005,37829.0,45421,284,13581,45,30128,209,1654,14,3365,53,22681,56,19316,22,0.0889529197176769,0.5995664701683894,0.5106135504507124
2021-11-11,Butte,007,227075.0,232027,918,116577,331,106044,498,9051,23,10191,145,116058,151,105867,108,0.044879445117252,0.5110998568754817,0.4662204117582296
2021-11-11,Calaveras,009,45235.0,52703,219,22796,52,28312,153,1558,8,3218,40,26048,47,22830,17,0.0711396042887144,0.575837294130651,0.5046976898419365
2021-11-11,Colusa,011,21464.0,24327,71,7316,29,15946,40,1040,2,1274,25,12862,25,11588,13,0.0593551994036526,0.5992359299291837,0.5398807305255311
2021-11-11,Contra Costa,013,1133247.0,1878291,6977,1273860,2764,535937,2187,57946,107,56168,2422,909411,2470,853243,504,0.0495637755934937,0.8024826008804788,0.7529188252869851
2021-11-11,Del Norte,015,27424.0,25994,91,10393,25,14110,53,1388,2,1547,22,13321,22,11774,9,0.0564104434072345,0.4857424154025671,0.4293319719953326
2021-11-11,El Dorado,017,186661.0,240223,929,120363,334,110398,453,8988,24,10224,194,118047,201,107823,83,0.0547730913259866,0.632413841134463,0.5776407498084764
2021-11-11,Fresno,019,978130.0,1171952,4633,659209,1735,468838,1999,39736,75,64213,1393,598055,1422,533842,585,0.0656487378978254,0.6114269064439287,0.5457781685461033
2021-11-11,Glenn,021,27897.0,29560,80,13790,48,14197,28,1509,1,1264,24,15220,26,13956,23,0.0453095314908413,0.5455783776033265,0.5002688461124852
2021-11-11,Humboldt,023,135768.0,178629,765,92542,192,76653,275,8487,17,8194,333,89251,338,81057,53,0.0603529550409522,0.6573787637734959,0.5970258087325437
2021-11-11,Imperial,025,180216.0,291450,1631,153699,633,117415,454,17879,108,29115,892,161156,977,132041,221,0.161556132640831,0.8942380254805344,0.7326818928397034
2021-11-11,Inyo,027,18085.0,23069,89,9054,11,13156,62,633,16,1073,9,11058,12,9985,10,0.0593309372408073,0.6114459496820569,0.5521150124412496
2021-11-11,Kern,029,883053.0,901444,3190,491315,1292,368776,1319,38666,163,53375,975,470614,1041,417239,586,0.0604437106266554,0.5329396989761657,0.4724959883495102
2021-11-11,Kings,031,150075.0,127866,372,63983,149,57679,157,5919,9,8320,134,67480,139,59160,63,0.0554389471930701,0.4496418457437948,0.3942028985507246
2021-11-11,Lake,033,64148.0,70428,298,24271,89,42980,204,3152,1,3823,34,36265,34,32442,35,0.0595965579597181,0.5653332917627986,0.5057367338030804
2021-11-11,Lassen,035,31185.0,16606,44,3205,3,11863,35,1514,5,937,10,8929,11,7992,8,0.0300464967131633,0.2863235529902196,0.2562770562770562
2021-11-11,Los Angeles,037,10098052.0,14320139,55635,8147634,20627,5579009,23390,538550,1652,742651,17129,7255751,17794,6513100,6368,0.0735439865035355,0.7185297718807548,0.6449857853772193
2021-11-11,Madera,039,155013.0,162399,527,88500,226,67179,216,6237,17,9018,166,83438,175,74420,73,0.0581757659035048,0.5382645326521002,0.4800887667485953
2021-11-11,Marin,041,260295.0,465342,1738,292859,696,154649,636,13912,26,16699,471,221347,476,204648,76,0.0641541328108492,0.8503697727578324,0.7862156399469832
2021-11-11,Mariposa,043,17540.0,16985,30,4022,6,12168,23,697,1,2941,11,9787,12,6846,8,0.1676738882554161,0.5579817559863169,0.3903078677309008
2021-11-11,Mendocino,045,87422.0,123166,277,68226,94,50687,151,4013,15,6538,50,60533,53,53995,29,0.0747866669717004,0.6924229598956785,0.6176362929239779
2021-11-11,Merced,047,269075.0,283507,1060,173865,502,97815,411,10547,32,27429,385,150925,402,123496,178,0.1019381213416333,0.5609030939329184,0.4589649725912849
2021-11-11,Modoc,049,8938.0,7584,17,1363,2,5707,12,503,3,251,2,3758,3,3507,3,0.0280823450436339,0.4204520026851644,0.3923696576415305
2021-11-11,Mono,051,14174.0,19310,42,11099,29,7623,11,388,1,804,5,9269,6,8465,4,0.0567235783829547,0.6539438408353323,0.5972202624523776
2021-11-11,Monterey,053,433212.0,602848,2059,301103,702,275184,1125,24059,26,29612,481,306736,486,277124,223,0.0683545238820716,0.7080505618496256,0.639696037967554
2021-11-11,Napa,055,140530.0,224137,983,121306,353,95719,419,6291,14,11226,261,109331,263,98105,34,0.0798832989397281,0.7779904646694656,0.6981071657297374
2021-11-11,Nevada,057,99092.0,130390,556,71395,193,55047,256,3698,4,6288,156,64060,158,57772,49,0.0634561821337746,0.6464699471198482,0.5830137649860736
2021-11-11,Orange,059,3164182.0,4594781,16765,2678051,5814,1758798,6979,140270,355,185124,5151,2267679,5280,2082555,1331,0.0585061162727049,0.7166714809704372,0.6581653646977323
2021-11-11,Placer,061,380077.0,536924,2253,316388,823,203763,863,14481,54,19546,659,258973,678,239427,189,0.0514264214882773,0.6813698276928096,0.6299434062045323
2021-11-11,Plumas,063,18699.0,21289,82,3629,8,16243,67,1362,0,905,15,10616,15,9711,7,0.0483983100700572,0.5677308947002514,0.5193325846301942
2021-11-11,Riverside,065,2383286.0,2857211,9885,1709695,3928,1057143,4001,82463,275,145809,2960,1443456,3077,1297647,1223,0.0611798164383124,0.6056579025765267,0.5444780861382142
2021-11-11,Sacramento,067,1510023.0,2038406,8171,1186540,3072,785511,2964,57990,216,85935,2704,1008667,2813,922732,834,0.0569097291895553,0.6679812161801509,0.6110714869905955
2021-11-11,San Benito,069,59416.0,85190,330,48217,110,33064,175,3518,3,4325,84,43566,84,39241,54,0.0727918405816615,0.7332368385620035,0.660444997980342
2021-11-11,San Bernardino,071,2135413.0,2378902,7991,1466901,3162,833176,3199,72573,250,116343,2474,1214033,2593,1097690,1180,0.0544826691604855,0.5685237469285801,0.5140410777680945
2021-11-11,San Diego,073,3302833.0,4975500,19922,2786740,6742,1984635,8399,184753,491,295474,6822,2624871,9138,2329397,3724,0.0894607750376722,0.7947331881448442,0.7052724131071719
2021-11-11,San Francisco,075,870044.0,1498489,6101,971964,2371,459462,2354,58168,75,49590,1633,727470,1647,677880,206,0.0569971173871666,0.8361301267522102,0.7791330093650436
2021-11-11,San Joaquin,077,732212.0,914981,2848,540125,1179,344366,1069,27818,48,66225,1060,473762,1089,407537,406,0.0904451169879761,0.6470284562394498,0.5565833392514736
2021-11-11,San Luis Obispo,079,281455.0,374407,1245,196972,397,162396,622,13747,37,17107,291,183533,304,166426,96,0.0607805865946598,0.6520864791885026,0.5913058925938427
2021-11-11,San Mateo,081,765935.0,1296366,6803,806628,2172,435264,2852,44329,113,49183,2016,626929,2041,577746,272,0.064213020687134,0.8185146259147317,0.7543016052275976
2021-11-11,Santa Barbara,083,443738.0,610976,1929,364669,802,219383,795,25127,56,30847,459,309787,476,278940,204,0.0695162460731332,0.698130428315808,0.6286141822426747
2021-11-11,Santa Clara,085,1922200.0,3251843,14449,2086475,5105,1019185,4982,114243,260,107633,4831,1589233,4905,1481600,624,0.0559946935802726,0.8267781708459058,0.7707834772656331
2021-11-11,Santa Cruz,087,273765.0,407885,1888,203187,610,191918,905,10886,36,15285,561,201193,572,185908,95,0.0558325571201578,0.7349113290595949,0.6790787719394371
2021-11-11,Shasta,089,179085.0,167121,583,78306,196,79908,279,8522,25,10475,146,85895,161,75420,105,0.0584917776474858,0.4796325767093838,0.421140799061898
2021-11-11,Sierra,091,2930.0,3306,5,480,3,2759,2,63,0,75,1,1595,1,1520,1,0.0255972696245733,0.5443686006825939,0.5187713310580204
2021-11-11,Siskiyou,093,43540.0,43623,170,18673,45,23540,90,1287,4,2594,50,21806,53,19212,15,0.0595774000918695,0.5008268259072117,0.4412494258153422
2021-11-11,Solano,095,438530.0,600028,2268,341906,868,240113,860,15951,41,38402,711,303426,733,265024,266,0.087569835587075,0.691916174492053,0.604346338904978
2021-11-11,Sonoma,097,501317.0,776170,3763,442422,1247,307227,1988,23967,82,29434,744,379239,771,349805,268,0.0587133490386322,0.7564854174105407,0.6977720683719084
2021-11-11,Stanislaus,099,539301.0,623065,1743,367751,650,233822,792,19742,44,45380,608,323798,644,278418,265,0.0841459593065838,0.6004031144017905,0.5162571550952065
2021-11-11,Sutter,101,95872.0,110990,381,49412,122,56719,213,4761,17,5505,96,57279,110,51774,79,0.0574203104138851,0.5974528538050734,0.5400325433911882
2021-11-11,Tehama,103,63373.0,53678,173,20642,32,30856,117,2106,3,2636,48,27442,50,24806,18,0.0415950010256733,0.4330235273697,0.3914285263440266
2021-11-11,Trinity,105,12862.0,12171,37,2814,10,8565,21,781,1,703,17,6243,17,5540,2,0.0546571295288446,0.4853832996423573,0.4307261701135126
2021-11-11,Tulare,107,460477.0,483106,1658,294805,754,174224,669,13139,32,28801,485,247468,501,218667,296,0.0625460120700925,0.5374166353585521,0.4748706232884596
2021-11-11,Tuolumne,109,53932.0,61148,254,18367,40,41215,201,1426,3,3410,43,30010,43,26600,22,0.0632277683008232,0.5564414447823185,0.4932136764814952
2021-11-11,Ventura,111,848112.0,1205536,4125,664500,1388,495701,1823,41640,111,47866,1117,599676,1158,551810,358,0.0564383006018073,0.7070717075103288,0.6506334069085216
2021-11-11,Yolo,113,214977.0,306660,1213,157768,366,137324,530,8771,21,15671,397,153262,405,137591,87,0.0728961702879843,0.7129227777855306,0.6400266074975463
2021-11-11,Yuba,115,75493.0,70607,255,29357,89,37010,127,4126,9,3618,69,37381,76,33763,64,0.0479249731763209,0.4951584915157697,0.4472335183394487
2021-11-10,Alameda,001,1643700.0,2625363,13338,1695848,4798,797539,4438,119390,235,87490,4859,1298884,4926,1211394,774,0.0532274745999878,0.7902196264525156,0.7369921518525279
2021-11-10,Alpine,003,1148.0,1650,29,60,0,1584,29,6,0,106,4,810,4,704,1,0.0923344947735191,0.705574912891986,0.6132404181184669
2021-11-10,Amador,005,37829.0,45137,177,13536,24,29919,136,1640,1,3331,45,22625,46,19294,12,0.0880541383594596,0.5980861244019139,0.5100319860424543
2021-11-10,Butte,007,227075.0,231109,951,116246,401,105546,433,9028,44,10148,150,115907,171,105759,130,0.0446900803699218,0.5104348783441595,0.4657447979742375
2021-11-10,Calaveras,009,45235.0,52484,196,22744,23,28159,160,1550,1,3188,48,26001,48,22813,10,0.0704764010169116,0.5747982756714933,0.5043218746545817
2021-11-10,Colusa,011,21464.0,24256,83,7287,33,15906,43,1038,4,1262,24,12837,26,11575,10,0.0587961237420797,0.5980711889675736,0.5392750652254938
2021-11-10,Contra Costa,013,1133247.0,1871314,8264,1271096,3213,533750,2630,57839,123,54202,2830,906941,2882,852739,622,0.0478289375573021,0.800303023083229,0.7524740855259269
2021-11-10,Del Norte,015,27424.0,25903,91,10368,21,14057,64,1386,4,1534,11,13299,13,11765,9,0.0559364060676779,0.4849401983663944,0.4290037922987164
2021-11-10,El Dorado,017,186661.0,239294,1016,120029,266,109945,610,8964,30,10106,189,117846,197,107740,84,0.0541409292782102,0.6313370227310472,0.577196093452837
2021-11-10,Fresno,019,978130.0,1167319,4108,657474,1534,466839,1923,39661,130,63376,1070,596633,1134,533257,594,0.0647930234222444,0.6099731119585331,0.5451800885362886
2021-11-10,Glenn,021,27897.0,29480,123,13742,64,14169,46,1508,3,1261,44,15194,46,13933,30,0.0452019930458472,0.5446463777467111,0.4994443847008639
2021-11-10,Humboldt,023,135768.0,177864,754,92350,242,76378,388,8470,21,7909,155,88913,161,81004,81,0.0582537858700135,0.6548892227918214,0.5966354369218078
2021-11-10,Imperial,025,180216.0,289819,1778,153066,638,116961,629,17771,138,28359,807,160179,888,131820,243,0.1573611666000799,0.888816753229458,0.731455586629378
2021-11-10,Inyo,027,18085.0,22980,133,9043,26,13094,107,617,0,1071,14,11046,14,9975,11,0.0592203483549903,0.6107824163671551,0.5515620680121648
2021-11-10,Kern,029,883053.0,898254,3619,490023,1356,367457,1618,38503,151,52920,1101,469573,1169,416653,609,0.0599284527655757,0.5317608342874097,0.4718323815218339
2021-11-10,Kings,031,150075.0,127494,517,63834,173,57522,279,5910,19,8244,139,67341,146,59097,86,0.0549325337331334,0.4487156421789105,0.3937831084457771
2021-11-10,Lake,033,64148.0,70130,199,24182,76,42776,109,3151,11,3824,26,36231,34,32407,32,0.05961214691027,0.5648032674440356,0.5051911205337657
2021-11-10,Lassen,035,31185.0,16562,160,3202,8,11828,128,1509,22,934,11,8918,24,7984,26,0.0299502966169632,0.2859708193041526,0.2560205226871893
2021-11-10,Los Angeles,037,10098052.0,14264504,58166,8127007,22512,5555619,25081,536898,1922,731225,16982,7237957,17763,6506732,7014,0.0724124811399268,0.7167676498397909,0.6443551686998641
2021-11-10,Madera,039,155013.0,161872,692,88274,279,66963,319,6220,29,8916,195,83263,213,74347,85,0.0575177565752549,0.5371355950791223,0.4796178385038674
2021-11-10,Marin,041,260295.0,463604,2038,292163,723,154013,967,13886,32,16299,432,220871,440,204572,79,0.0626174148562208,0.8485410783918247,0.7859236635356038
2021-11-10,Mariposa,043,17540.0,16955,146,4016,12,12145,92,696,4,2937,85,9775,89,6838,27,0.1674458380843785,0.5572976054732041,0.3898517673888255
2021-11-10,Mendocino,045,87422.0,122889,556,68132,142,50536,303,3998,18,6514,127,60480,133,53966,36,0.0745121365331381,0.6918167051771865,0.6173045686440484
2021-11-10,Merced,047,269075.0,282447,1010,173363,474,97404,394,10515,44,27205,350,150523,377,123318,180,0.1011056396915358,0.5594090866858683,0.4583034469943324
2021-11-10,Modoc,049,8938.0,7567,86,1361,5,5695,78,500,2,251,6,3755,8,3504,11,0.0280823450436339,0.420116357126874,0.3920340120832401
2021-11-10,Mono,051,14174.0,19268,35,11070,23,7612,12,387,0,802,4,9263,4,8461,3,0.0565824749541413,0.6535205305488924,0.596938055594751
2021-11-10,Monterey,053,433212.0,600789,2350,300401,950,274059,1159,24033,32,29349,541,306250,551,276901,294,0.0677474308190908,0.7069287092693647,0.6391812784502737
2021-11-10,Napa,055,140530.0,223154,915,120953,274,95300,408,6277,30,10997,287,109068,297,98071,57,0.0782537536469081,0.7761189781541308,0.6978652245072227
2021-11-10,Nevada,057,99092.0,129834,532,71202,165,54791,330,3694,18,6179,67,63902,75,57723,55,0.0623561942437331,0.6448754692608889,0.5825192750171557
2021-11-10,Orange,059,3164182.0,4578016,16747,2672237,5861,1751819,7476,139915,369,181175,4464,2262399,4625,2081224,1377,0.0572580843959039,0.7150028032521517,0.6577447188562479
2021-11-10,Placer,061,380077.0,534671,2279,315565,858,202900,844,14427,42,19057,717,258295,738,239238,221,0.0501398400850354,0.6795859786306458,0.6294461385456105
2021-11-10,Plumas,063,18699.0,21207,224,3621,17,16176,204,1362,2,897,14,10601,14,9704,5,0.047970479704797,0.5669287127653885,0.5189582330605915
2021-11-10,Riverside,065,2383286.0,2847326,9113,1705767,3663,1053142,3892,82188,305,143955,2468,1440379,2610,1296424,1258,0.060401898890859,0.6043668279845558,0.5439649290936966
2021-11-10,Sacramento,067,1510023.0,2030235,8359,1183468,2953,782547,3382,57774,172,83956,2582,1005854,2639,921898,742,0.0555991531254821,0.6661183306479438,0.6105191775224615
2021-11-10,San Benito,069,59416.0,84860,507,48107,148,32889,237,3515,7,4295,164,43482,165,39187,51,0.072286926080517,0.731823077958799,0.659536151878282
2021-11-10,San Bernardino,071,2135413.0,2370911,8114,1463739,3609,829977,3144,72323,265,114930,2207,1211440,2338,1096510,1317,0.0538209704633248,0.5673094619167346,0.5134884914534097
2021-11-10,San Diego,073,3302833.0,4955578,19984,2779998,6885,1976236,9013,184262,503,290060,6016,2615733,8657,2325673,4054,0.0878215762044281,0.7919664724192836,0.7041448962148555
2021-11-10,San Francisco,075,870044.0,1492388,6720,969593,2538,457108,2795,58093,123,48149,1651,725823,1674,677674,290,0.0553408793118508,0.8342371190422553,0.7788962397304044
2021-11-10,San Joaquin,077,732212.0,912133,2900,538946,1031,343297,1363,27770,62,65542,994,472673,1022,407131,388,0.0895123270309691,0.6455411820620257,0.5560288550310566
2021-11-10,San Luis Obispo,079,281455.0,373162,1354,196575,446,161774,694,13710,40,16899,295,183229,307,166330,104,0.0600415697003073,0.6510063775736796,0.5909648078733722
2021-11-10,San Mateo,081,765935.0,1289563,5954,804456,2113,432412,2208,44216,84,47414,1904,624888,1934,577474,283,0.0619034252253781,0.8158499089348313,0.7539464837094532
2021-11-10,Santa Barbara,083,443738.0,609047,2120,363867,904,218588,798,25071,44,30575,568,309311,592,278736,236,0.0689032717504473,0.6970577232511076,0.6281544515006603
2021-11-10,Santa Clara,085,1922200.0,3237394,14743,2081370,4682,1014203,5184,113983,293,103352,5329,1584328,5407,1480976,696,0.0537675580064509,0.8242264072417023,0.7704588492352513
2021-11-10,Santa Cruz,087,273765.0,405997,1994,202577,473,191013,875,10850,17,14808,765,200621,773,185813,95,0.0540901868390773,0.7328219458294523,0.678731758990375
2021-11-10,Shasta,089,179085.0,166538,731,78110,188,79629,427,8497,49,10419,142,85734,169,75315,136,0.0581790769746209,0.4787335622748974,0.4205544853002764
2021-11-10,Sierra,091,2930.0,3301,3,477,0,2757,3,63,0,75,0,1594,0,1519,0,0.0255972696245733,0.5440273037542662,0.5184300341296928
2021-11-10,Siskiyou,093,43540.0,43453,272,18628,63,23450,163,1283,8,2556,61,21753,64,19197,24,0.0587046394120349,0.4996095544327055,0.4409049150206706
2021-11-10,Solano,095,438530.0,597760,2443,341038,946,239253,951,15910,26,37935,746,302693,760,264758,275,0.0865049141449843,0.6902446810936538,0.6037397669486694
2021-11-10,Sonoma,097,501317.0,772407,4228,441175,1235,305239,2236,23885,84,28931,1179,378468,1204,349537,233,0.0577099918813844,0.7549474683683178,0.6972374764869335
2021-11-10,Stanislaus,099,539301.0,621322,2092,367101,861,233030,934,19698,42,45001,687,323154,718,278153,321,0.0834431977689639,0.5992089760634599,0.515765778294496
2021-11-10,Sutter,101,95872.0,110609,316,49290,117,56506,183,4744,9,5474,56,57169,58,51695,48,0.0570969626168224,0.5963054906542056,0.5392085280373832
2021-11-10,Tehama,103,63373.0,53505,264,20610,124,30739,120,2103,14,2604,54,27392,63,24788,45,0.041090054123996,0.4322345478358291,0.3911444937118331
2021-11-10,Trinity,105,12862.0,12134,97,2804,22,8544,70,780,5,688,10,6226,10,5538,15,0.0534909034364795,0.4840615767376768,0.4305706733011973
2021-11-10,Tulare,107,460477.0,481448,1568,294051,663,173555,690,13107,53,28596,470,246967,501,218371,268,0.0621008215394037,0.5363286331347711,0.4742278115953674
2021-11-10,Tuolumne,109,53932.0,60894,383,18327,52,41014,230,1423,6,3389,153,29967,154,26578,20,0.0628383890825484,0.5556441444782318,0.4928057553956834
2021-11-10,Ventura,111,848112.0,1201411,4404,663112,1514,493878,2174,41529,144,47066,960,598518,1006,551452,406,0.0554950289584394,0.7057063218065539,0.6502112928481144
2021-11-10,Yolo,113,214977.0,305447,1683,157402,421,136794,683,8750,20,15353,665,152857,670,137504,106,0.0714169422775459,0.7110388553194062,0.6396219130418603
2021-11-10,Yuba,115,75493.0,70352,278,29268,85,36883,163,4117,11,3606,63,37305,69,33699,54,0.0477660180414078,0.4941517756613195,0.4463857576199118
2021-11-09,Alameda,001,1643700.0,2612025,11371,1691050,4156,793101,3992,119155,292,83338,3679,1293958,3777,1210620,736,0.0507014662042951,0.787222729208493,0.7365212630041978
2021-11-09,Alpine,003,1148.0,1621,1,60,1,1555,0,6,0,103,0,806,0,703,0,0.0897212543554007,0.7020905923344948,0.6123693379790941
2021-11-09,Amador,005,37829.0,44960,186,13512,34,29783,131,1639,4,3297,46,22579,47,19282,10,0.0871553570012424,0.5968701260937376,0.5097147690924951
2021-11-09,Butte,007,227075.0,230158,926,115845,255,105113,561,8984,34,10107,164,115736,174,105629,106,0.0445095232852581,0.509681823186172,0.4651722999009138
2021-11-09,Calaveras,009,45235.0,52288,209,22721,45,27999,161,1549,0,3150,40,25953,40,22803,16,0.0696363435392947,0.5737371504366088,0.5041008068973141
2021-11-09,Colusa,011,21464.0,24173,56,7254,18,15863,35,1034,2,1246,16,12811,18,11565,11,0.0580506895266492,0.5968598583674991,0.5388091688408498
2021-11-09,Contra Costa,013,1133247.0,1863050,7751,1267883,3088,531120,2691,57716,105,51942,2407,904059,2449,852117,629,0.0458346679938265,0.7977598881797172,0.7519252201858906
2021-11-09,Del Norte,015,27424.0,25812,87,10347,33,13993,44,1382,6,1530,14,13286,19,11756,19,0.0557905484247374,0.4844661610268378,0.4286756126021003
2021-11-09,El Dorado,017,186661.0,238278,933,119763,299,109335,505,8934,38,9993,152,117649,167,107656,88,0.0535355537578819,0.6302816335495899,0.576746079791708
2021-11-09,Fresno,019,978130.0,1163211,4474,655940,1852,464916,1911,39531,76,62836,1278,595499,1318,532663,625,0.0642409495670309,0.6088137568625848,0.5445728072955538
2021-11-09,Glenn,021,27897.0,29357,440,13678,78,14123,329,1505,16,1245,48,15148,52,13903,17,0.0446284546725454,0.5429974549234685,0.498369000250923
2021-11-09,Humboldt,023,135768.0,177110,631,92108,187,75990,338,8449,10,7829,163,88752,169,80923,49,0.0576645454009781,0.6537033763478876,0.5960388309469095
2021-11-09,Imperial,025,180216.0,288041,1590,152428,551,116332,504,17633,87,27714,728,159291,793,131577,225,0.1537821281129311,0.8838893328006392,0.7301072046877081
2021-11-09,Inyo,027,18085.0,22847,224,9017,36,12987,149,617,4,1068,94,11032,96,9964,14,0.0590544650262648,0.6100082941664363,0.5509538291401714
2021-11-09,Kern,029,883053.0,894635,3103,488667,1295,365839,1373,38352,160,52360,819,468404,902,416044,629,0.0592942892442469,0.5304370179366358,0.4711427286923887
2021-11-09,Kings,031,150075.0,126977,448,63661,170,57243,209,5891,21,8184,136,67195,146,59011,83,0.0545327336331834,0.4477427952690321,0.3932100616358487
2021-11-09,Lake,033,64148.0,69931,315,24106,79,42667,221,3140,8,3822,45,36197,49,32375,46,0.0595809690091663,0.5642732431252728,0.5046922741161065
2021-11-09,Lassen,035,31185.0,16402,62,3194,1,11700,40,1487,20,936,8,8894,24,7958,23,0.03001443001443,0.2852012185345519,0.2551867885201218
2021-11-09,Los Angeles,037,10098052.0,14206338,58031,8104495,23014,5530538,25521,534976,1774,720476,16256,7220194,17068,6499718,7581,0.0713480184098873,0.715008597697853,0.6436605792879656
2021-11-09,Madera,039,155013.0,161180,665,87995,287,66644,267,6191,33,8788,216,83050,235,74262,105,0.0566920193790198,0.5357615167760124,0.4790694973969925
2021-11-09,Marin,041,260295.0,461566,2015,291440,834,153046,908,13854,32,15938,352,220431,368,204493,75,0.0612305269021686,0.8468506886417334,0.7856201617395647
2021-11-09,Mariposa,043,17540.0,16809,132,4004,26,12053,75,692,5,2875,71,9686,74,6811,24,0.1639110604332953,0.5522234891676169,0.3883124287343215
2021-11-09,Mendocino,045,87422.0,122333,506,67990,143,50233,311,3980,23,6417,80,60347,88,53930,44,0.0734025760106151,0.69029534899682,0.6168927729862048
2021-11-09,Merced,047,269075.0,281437,862,172889,500,97010,305,10471,18,27008,259,150146,267,123138,161,0.1003735018117625,0.5580079903372666,0.457634488525504
2021-11-09,Modoc,049,8938.0,7481,51,1356,8,5617,39,498,4,254,5,3747,6,3493,7,0.0284179906019243,0.4192213023047662,0.3908033117028417
2021-11-09,Mono,051,14174.0,19233,67,11047,24,7600,30,387,3,801,16,9259,18,8458,3,0.0565119232397347,0.6532383236912657,0.596726400451531
2021-11-09,Monterey,053,433212.0,598439,2686,299451,893,272900,1404,24001,69,29092,645,305699,675,276607,310,0.0671541877879652,0.7056568146773404,0.6385026268893752
2021-11-09,Napa,055,140530.0,222239,1118,120679,548,94892,454,6247,33,10757,200,108771,213,98014,93,0.0765459332526862,0.7740055504162813,0.697459617163595
2021-11-09,Nevada,057,99092.0,129302,443,71037,139,54461,274,3676,8,6159,55,63827,61,57668,43,0.0621543616033584,0.6441185968594841,0.5819642352561256
2021-11-09,Orange,059,3164182.0,4561269,16322,2666376,6023,1744343,7331,139546,407,177927,4122,2257774,4294,2079847,1544,0.056231594769201,0.7135411300614187,0.6573095352922177
2021-11-09,Placer,061,380077.0,532392,2106,314707,695,202056,831,14385,44,18540,699,257557,723,239017,179,0.0487795893989902,0.6776442668196181,0.6288646774206279
2021-11-09,Plumas,063,18699.0,20983,91,3604,12,15972,73,1360,6,888,5,10587,6,9699,14,0.0474891705438793,0.5661800096261832,0.5186908390823038
2021-11-09,Riverside,065,2383286.0,2838213,8999,1702104,3835,1049250,3857,81883,353,142603,2164,1437769,2303,1295166,1327,0.0598346148972469,0.6032717013400826,0.5434370864428356
2021-11-09,Sacramento,067,1510023.0,2021876,7117,1180515,2582,779165,2877,57602,201,82059,2142,1003215,2229,921156,701,0.0543428808700264,0.6643706751486567,0.6100277942786302
2021-11-09,San Benito,069,59416.0,84353,235,47959,58,32652,149,3508,18,4181,25,43317,32,39136,39,0.070368250976168,0.7290460482025044,0.6586777972263363
2021-11-09,San Bernardino,071,2135413.0,2362797,7533,1460130,3425,826833,3014,72058,271,113909,1904,1209102,2038,1095193,1361,0.0533428428130764,0.5662145917440795,0.5128717489310031
2021-11-09,San Diego,073,3302833.0,4935594,19336,2773113,7040,1967223,8620,183759,521,285457,5654,2607076,8095,2321619,3990,0.0864279241487535,0.7893453892461411,0.7029174650973876
2021-11-09,San Francisco,075,870044.0,1485668,6604,967055,2643,454313,2503,57970,101,46765,1744,724149,1782,677384,303,0.0537501551645663,0.8323130784190225,0.7785629232544561
2021-11-09,San Joaquin,077,732212.0,909233,2784,537915,1101,341934,1274,27708,63,64908,909,471651,950,406743,398,0.0886464575833228,0.6441454114382174,0.5554989538548945
2021-11-09,San Luis Obispo,079,281455.0,371808,1583,196129,499,161080,822,13670,45,16696,316,182922,342,166226,138,0.0593203176351459,0.6499156170613419,0.590595299426196
2021-11-09,San Mateo,081,765935.0,1283609,5820,802343,2304,430204,2533,44132,129,45763,1225,622954,1270,577191,363,0.0597478898339937,0.8133248904933186,0.7535770006593249
2021-11-09,Santa Barbara,083,443738.0,606927,2102,362963,879,217790,782,25027,222,30219,426,308719,540,278500,325,0.0681009965339907,0.6957236026664383,0.6276226061324476
2021-11-09,Santa Clara,085,1922200.0,3222651,13621,2076688,4487,1009019,5581,113690,301,98641,4061,1578921,4167,1480280,713,0.0513167204245135,0.8214134845489544,0.7700967641244407
2021-11-09,Santa Cruz,087,273765.0,404003,1877,202104,558,190138,809,10833,44,14130,593,199848,602,185718,126,0.051613610213139,0.7299983562544519,0.6783847460413128
2021-11-09,Shasta,089,179085.0,165807,668,77922,172,79202,358,8448,46,10386,163,85565,173,75179,102,0.0579948069352542,0.477789876315716,0.4197950693804618
2021-11-09,Sierra,091,2930.0,3298,13,477,3,2754,10,63,0,75,0,1594,0,1519,4,0.0255972696245733,0.5440273037542662,0.5184300341296928
2021-11-09,Siskiyou,093,43540.0,43181,210,18565,21,23287,183,1275,6,2516,15,21689,18,19173,34,0.0577859439595774,0.4981396417087735,0.4403536977491961
2021-11-09,Solano,095,438530.0,595317,2227,340092,864,238302,935,15884,34,37450,591,301933,610,264483,260,0.0853989464802864,0.6885116183613436,0.6031126718810572
2021-11-09,Sonoma,097,501317.0,768179,3650,439940,1202,303003,1691,23801,73,27960,959,377264,991,349304,297,0.0557730936712698,0.7525457943776094,0.6967727007063395
2021-11-09,Stanislaus,099,539301.0,619230,1812,366240,856,232096,725,19656,44,44604,564,322436,597,277832,339,0.0827070596939371,0.5978776230713461,0.5151705633774089
2021-11-09,Sutter,101,95872.0,110293,333,49173,107,56323,198,4735,4,5464,88,57111,91,51647,48,0.0569926568758344,0.5957005173564753,0.5387078604806409
2021-11-09,Tehama,103,63373.0,53241,300,20486,49,30619,220,2089,9,2586,73,27329,75,24743,27,0.0408060214918025,0.4312404336231518,0.3904344121313493
2021-11-09,Trinity,105,12862.0,12037,72,2782,7,8474,61,775,3,693,5,6216,7,5523,9,0.0538796454672679,0.4832840926761001,0.4294044472088322
2021-11-09,Tulare,107,460477.0,479880,1743,293388,925,172865,622,13054,52,28363,477,246466,509,218103,381,0.0615948244972061,0.5352406309109902,0.4736458064137839
2021-11-09,Tuolumne,109,53932.0,60511,266,18275,50,40784,209,1417,3,3255,48,29813,49,26558,15,0.060353778832604,0.5527886968775495,0.4924349180449455
2021-11-09,Ventura,111,848112.0,1197007,4487,661598,1534,491704,2271,41385,130,46466,962,597512,1015,551046,449,0.0547875752259135,0.7045201577150187,0.6497325824891053
2021-11-09,Yolo,113,214977.0,303764,1988,156981,417,136111,786,8730,22,14789,875,152187,881,137398,99,0.0687934058062025,0.7079222428445834,0.6391288370383809
2021-11-09,Yuba,115,75493.0,70074,242,29183,60,36720,161,4106,6,3591,51,37236,54,33645,56,0.0475673241227663,0.4932377836355688,0.4456704595128025
2021-11-08,Alameda,001,1643700.0,2600654,9765,1686894,4043,789109,3687,118863,233,80297,2465,1290181,2545,1209884,771,0.0488513719048488,0.7849248646346657,0.7360734927298169
2021-11-08,Alpine,003,1148.0,1620,1,59,1,1555,0,6,0,103,1,806,1,703,0,0.0897212543554007,0.7020905923344948,0.6123693379790941
2021-11-08,Amador,005,37829.0,44774,134,13478,27,29652,101,1635,2,3260,28,22532,32,19272,10,0.0861772714055354,0.5956276930397314,0.509450421634196
2021-11-08,Butte,007,227075.0,229232,946,115590,205,104552,672,8950,11,10039,116,115562,121,105523,106,0.0442100627545965,0.5089155565341847,0.4647054937795882
2021-11-08,Calaveras,009,45235.0,52079,229,22676,65,27838,155,1549,5,3126,49,25913,51,22787,16,0.0691057809218525,0.5728528794075384,0.5037470984856859
2021-11-08,Colusa,011,21464.0,24117,40,7236,13,15828,23,1032,3,1239,9,12793,11,11554,7,0.0577245620573984,0.5960212448751397,0.5382966828177413
2021-11-08,Contra Costa,013,1133247.0,1855299,6710,1264795,3010,528429,2626,57611,155,50122,1463,901610,1535,851488,739,0.0442286633011161,0.7955988412058448,0.7513701779047286
2021-11-08,Del Norte,015,27424.0,25725,72,10314,24,13949,34,1376,4,1530,19,13267,20,11737,12,0.0557905484247374,0.4837733372228704,0.427982788798133
2021-11-08,El Dorado,017,186661.0,237345,931,119464,296,108830,528,8896,31,9914,159,117482,172,107568,100,0.053112326624201,0.6293869635328215,0.5762746369086205
2021-11-08,Fresno,019,978130.0,1158737,3858,654088,1680,463005,1611,39455,112,62143,997,594181,1059,532038,774,0.0635324547861736,0.6074662877122673,0.5439338329260937
2021-11-08,Glenn,021,27897.0,28917,51,13600,20,13794,28,1489,3,1210,8,15096,10,13886,12,0.0433738394809477,0.5411334552102377,0.4977596157292899
2021-11-08,Humboldt,023,135768.0,176479,658,91921,189,75652,327,8439,31,7709,171,88583,184,80874,66,0.056780684697425,0.6524586058570503,0.5956779211596253
2021-11-08,Imperial,025,180216.0,286451,1277,151877,530,115828,390,17546,103,27146,583,158498,649,131352,236,0.1506303546854885,0.879489057575354,0.7288587028898655
2021-11-08,Inyo,027,18085.0,22623,106,8981,12,12838,91,613,3,986,11,10936,12,9950,5,0.0545203207077688,0.6047000276472214,0.5501797069394526
2021-11-08,Kern,029,883053.0,891532,3121,487372,1207,364466,1448,38192,168,52087,822,467502,931,415415,758,0.0589851345275991,0.5294155616933525,0.4704304271657533
2021-11-08,Kings,031,150075.0,126529,488,63491,189,57034,242,5870,15,8121,125,67049,133,58928,111,0.0541129435282358,0.4467699483591537,0.3926570048309178
2021-11-08,Lake,033,64148.0,69616,213,24027,45,42446,154,3132,11,3819,36,36148,41,32329,39,0.0595342021575107,0.5635093845482322,0.5039751823907215
2021-11-08,Lassen,035,31185.0,16340,81,3193,22,11660,48,1467,9,935,17,8870,24,7935,35,0.0299823633156966,0.2844316177649511,0.2544492544492544
2021-11-08,Los Angeles,037,10098052.0,14148307,55292,8081481,21556,5505017,24224,533202,1869,710989,15434,7203126,16362,6492137,8414,0.0704085302789092,0.7133183707114996,0.6429098404325904
2021-11-08,Madera,039,155013.0,160515,386,87708,154,66377,185,6158,13,8658,101,82815,108,74157,68,0.0558533800390934,0.5342455148922993,0.4783921348532058
2021-11-08,Marin,041,260295.0,459551,1703,290606,644,152138,803,13822,30,15645,316,220063,326,204418,96,0.0601048810004033,0.8454369081234753,0.7853320271230719
2021-11-08,Mariposa,043,17540.0,16677,39,3978,13,11978,23,687,0,2825,15,9612,15,6787,5,0.1610604332953249,0.5480045610034208,0.3869441277080958
2021-11-08,Mendocino,045,87422.0,121827,322,67847,95,49922,189,3957,15,6373,56,60259,63,53886,34,0.0728992702065841,0.689288737388758,0.6163894671821738
2021-11-08,Merced,047,269075.0,280575,938,172389,459,96705,380,10453,26,26902,315,149879,329,122977,180,0.0999795596023413,0.5570157019418378,0.4570361423394964
2021-11-08,Modoc,049,8938.0,7430,24,1348,5,5578,15,494,4,255,2,3741,3,3486,10,0.0285298724546878,0.4185500111881853,0.3900201387334974
2021-11-08,Mono,051,14174.0,19166,59,11023,23,7570,21,384,5,786,15,9241,19,8455,6,0.0554536475236348,0.6519683928319459,0.596514745308311
2021-11-08,Monterey,053,433212.0,595753,1988,298558,715,271496,934,23932,33,28727,547,305024,566,276297,255,0.0663116441834482,0.7040986860936447,0.6377870419101964
2021-11-08,Napa,055,140530.0,221121,700,120131,275,94438,321,6214,19,10637,142,108558,154,97921,53,0.0756920230555753,0.7724898598164093,0.696797836760834
2021-11-08,Nevada,057,99092.0,128859,443,70898,163,54187,241,3668,12,6141,75,63766,85,57625,46,0.0619727122270213,0.6435030073063416,0.5815302950793202
2021-11-08,Orange,059,3164182.0,4544947,16515,2660353,5522,1737012,7891,139139,436,175177,4332,2253480,4520,2078303,1727,0.0553624917909273,0.7121840652655251,0.6568215734745979
2021-11-08,Placer,061,380077.0,530286,2085,314012,697,201225,867,14341,44,17996,619,256834,642,238838,197,0.0473483004759561,0.6757420206958064,0.6283937202198502
2021-11-08,Plumas,063,18699.0,20892,84,3592,9,15899,71,1354,3,896,6,10581,8,9685,10,0.0479170009091395,0.5658591368522381,0.5179421359430986
2021-11-08,Riverside,065,2383286.0,2829214,8389,1698269,3418,1045393,3562,81530,302,141627,2214,1435466,2370,1293839,1454,0.0594250962746393,0.6023053884426796,0.5428802921680402
2021-11-08,Sacramento,067,1510023.0,2014759,7328,1177933,2733,776288,3010,57401,205,80531,2142,1000986,2235,920455,904,0.0533309757533494,0.662894538692457,0.6095635629391075
2021-11-08,San Benito,069,59416.0,84118,278,47901,87,32503,122,3490,8,4188,93,43285,98,39097,45,0.0704860643597684,0.7285074727346169,0.6580214083748486
2021-11-08,San Bernardino,071,2135413.0,2355264,7195,1456705,3219,823819,2797,71787,246,113232,2019,1207064,2172,1093832,1431,0.0530258081223632,0.5652602096175307,0.5122344014951674
2021-11-08,San Diego,073,3302833.0,4916258,16909,2766073,6601,1958603,7282,183238,510,281352,4527,2598981,6735,2317629,3821,0.0851850517419439,0.7868944630261354,0.7017094112841915
2021-11-08,San Francisco,075,870044.0,1479064,7044,964412,3045,451810,2575,57869,104,45286,1739,722367,1781,677081,306,0.0520502411372298,0.8302649061426779,0.778214665005448
2021-11-08,San Joaquin,077,732212.0,906449,3004,536814,1221,340660,1286,27645,59,64356,1041,470701,1077,406345,483,0.0878925775595046,0.6428479729914287,0.5549553954319241
2021-11-08,San Luis Obispo,079,281455.0,370225,1336,195630,516,160258,595,13625,37,16492,286,182580,305,166088,116,0.0585955126041463,0.6487005027446661,0.5901049901405198
2021-11-08,San Mateo,081,765935.0,1277789,3918,800039,1471,427671,1533,44003,59,44856,1110,621684,1153,576828,267,0.0585637162422398,0.8116667863460999,0.75310307010386
2021-11-08,Santa Barbara,083,443738.0,604825,1972,362084,775,217008,834,24805,61,30004,508,308179,534,278175,272,0.0676164763892206,0.6945066683493413,0.6268901919601206
2021-11-08,Santa Clara,085,1922200.0,3209030,13286,2072201,4556,1003438,5237,113389,244,95187,4026,1574754,4098,1479567,685,0.0495198210383935,0.8192456560191447,0.7697258349807512
2021-11-08,Santa Cruz,087,273765.0,402126,1250,201546,371,189329,648,10789,19,13654,313,199246,321,185592,97,0.0498748926999433,0.7277993899877633,0.6779244972878199
2021-11-08,Shasta,089,179085.0,165139,767,77750,173,78844,490,8402,62,10315,112,85392,136,75077,132,0.0575983471535862,0.4768238545941871,0.4192255074406008
2021-11-08,Sierra,091,2930.0,3285,3,474,1,2744,2,63,0,79,0,1594,0,1515,1,0.0269624573378839,0.5440273037542662,0.5170648464163823
2021-11-08,Siskiyou,093,43540.0,42971,193,18544,39,23104,137,1269,4,2532,38,21671,39,19139,21,0.0581534221405604,0.4977262287551676,0.4395728066146072
2021-11-08,Solano,095,438530.0,593090,2180,339228,783,237367,881,15850,32,37100,705,301323,720,264223,253,0.0846008254851435,0.6871206074840945,0.6025197819989511
2021-11-08,Sonoma,097,501317.0,764529,2183,438738,760,301312,945,23728,50,27266,617,376273,644,349007,187,0.0543887400586854,0.7505690012507057,0.6961802611920203
2021-11-08,Stanislaus,099,539301.0,617418,2088,365384,1010,231371,784,19612,51,44346,643,321839,682,277493,429,0.0822286626577736,0.5967706345806887,0.5145419719229151
2021-11-08,Sutter,101,95872.0,109960,325,49066,99,56125,202,4731,12,5421,69,57020,75,51599,70,0.0565441421895861,0.5947513351134847,0.5382071929238985
2021-11-08,Tehama,103,63373.0,52941,193,20437,49,30399,129,2080,7,2538,35,27254,40,24716,39,0.0400486011392864,0.4300569643223454,0.390008363183059
2021-11-08,Trinity,105,12862.0,11965,18,2775,12,8413,6,772,0,695,3,6209,3,5514,7,0.0540351422795832,0.4827398538329964,0.4287047115534131
2021-11-08,Tulare,107,460477.0,478137,1504,292463,749,172243,559,13002,37,28235,428,245957,451,217722,393,0.0613168518731663,0.5341352553982066,0.4728184035250403
2021-11-08,Tuolumne,109,53932.0,60245,299,18225,32,40575,258,1414,2,3221,60,29764,63,26543,18,0.0597233553363494,0.5518801453682415,0.492156790031892
2021-11-08,Ventura,111,848112.0,1192520,4424,660064,1587,489433,2276,41255,115,45900,857,596497,922,550597,540,0.0541202105382308,0.7033233818174958,0.649203171279265
2021-11-08,Yolo,113,214977.0,301776,1268,156564,438,135325,490,8708,17,14007,433,151306,440,137299,114,0.065155807365439,0.7038241300232118,0.6386683226577727
2021-11-08,Yuba,115,75493.0,69832,274,29123,93,36559,162,4100,9,3593,45,37182,49,33589,51,0.0475938166452518,0.4925224855284596,0.4449286688832077
2021-11-07,Alameda,001,1643700.0,2590889,2908,1682851,1200,785422,1024,118630,45,78523,877,1287636,902,1209113,234,0.0477720995315446,0.7833765285636065,0.7356044290320618
2021-11-07,Alpine,003,1148.0,1619,0,58,0,1555,0,6,0,102,0,805,0,703,0,0.0888501742160278,0.7012195121951219,0.6123693379790941
2021-11-07,Amador,005,37829.0,44640,102,13451,15,29551,86,1633,1,3238,15,22500,15,19262,6,0.0855957069972772,0.594781781173174,0.5091860741758968
2021-11-07,Butte,007,227075.0,228286,293,115385,110,103880,155,8939,2,10024,59,115441,60,105417,45,0.0441440052845976,0.5083826929428603,0.4642386876582627
2021-11-07,Calaveras,009,45235.0,51850,68,22611,23,27683,42,1544,3,3091,11,25862,13,22771,10,0.0683320437714159,0.5717254338454736,0.5033933900740577
2021-11-07,Colusa,011,21464.0,24077,20,7223,7,15805,13,1029,0,1235,4,12782,4,11547,5,0.0575382035035408,0.5955087588520314,0.5379705553484905
2021-11-07,Contra Costa,013,1133247.0,1848589,2673,1261785,1070,525803,890,57456,19,49326,912,900075,924,850749,245,0.0435262568530955,0.7942443262589709,0.7507180694058754
2021-11-07,Del Norte,015,27424.0,25653,27,10290,3,13915,17,1372,1,1522,10,13247,10,11725,0,0.0554988331388564,0.483044049008168,0.4275452158693115
2021-11-07,El Dorado,017,186661.0,236414,256,119168,90,108302,132,8865,5,9842,52,117310,53,107468,33,0.0527266006289476,0.628465506988605,0.5757389063596573
2021-11-07,Fresno,019,978130.0,1154879,1183,652408,581,461394,398,39343,21,61858,378,593122,391,531264,248,0.0632410824736998,0.6063836095406541,0.5431425270669543
2021-11-07,Glenn,021,27897.0,28866,24,13580,17,13766,7,1486,0,1212,5,15086,5,13874,11,0.0434455317776104,0.5407749937269241,0.4973294619493135
2021-11-07,Humboldt,023,135768.0,175821,184,91732,57,75325,104,8408,5,7591,32,88399,34,80808,19,0.0559115550055977,0.6511033527782688,0.5951917977726711
2021-11-07,Imperial,025,180216.0,285174,108,151347,53,115438,40,17443,12,26733,28,157849,35,131116,30,0.1483386602743374,0.8758878235006881,0.7275491632263505
2021-11-07,Inyo,027,18085.0,22517,3,8969,1,12747,1,610,1,979,1,10924,2,9945,1,0.0541332596074094,0.6040364943323197,0.5499032347249101
2021-11-07,Kern,029,883053.0,888411,828,486165,405,363018,291,38024,32,51914,257,466571,283,414657,237,0.0587892232969029,0.5283612648391433,0.4695720415422403
2021-11-07,Kings,031,150075.0,126041,205,63302,73,56792,100,5855,17,8099,55,66916,64,58817,54,0.0539663501582542,0.4458837248042645,0.3919173746460103
2021-11-07,Lake,033,64148.0,69403,59,23982,18,42292,34,3121,4,3817,9,36107,13,32290,13,0.059503024256407,0.5628702375756064,0.5033672133191993
2021-11-07,Lassen,035,31185.0,16259,28,3171,13,11612,13,1458,1,946,3,8846,4,7900,16,0.0303350970017636,0.2836620169953503,0.2533269199935866
2021-11-07,Los Angeles,037,10098052.0,14093015,17139,8059925,6440,5480793,7478,531333,469,703041,4950,7186764,5218,6483723,2812,0.0696214477802253,0.7116980581997399,0.6420766104195146
2021-11-07,Madera,039,155013.0,160129,105,87554,50,66192,41,6145,3,8618,32,82707,34,74089,25,0.05559533716527,0.5335487991329759,0.4779534619677059
2021-11-07,Marin,041,260295.0,457848,1067,289962,161,151335,264,13792,4,15415,665,219737,666,204322,34,0.059221268176492,0.8441844829904531,0.784963214813961
2021-11-07,Mariposa,043,17540.0,16638,17,3965,3,11955,13,687,0,2815,8,9597,8,6782,4,0.1604903078677309,0.5471493728620297,0.3866590649942987
2021-11-07,Mendocino,045,87422.0,121505,79,67752,26,49733,37,3942,4,6344,24,60196,25,53852,10,0.0725675459266546,0.6885680949875318,0.6160005490608771
2021-11-07,Merced,047,269075.0,279637,246,171930,155,96325,73,10427,8,26753,93,149550,99,122797,74,0.0994258106475889,0.555792994518257,0.456367183870668
2021-11-07,Modoc,049,8938.0,7406,8,1343,3,5563,2,490,3,262,1,3738,2,3476,2,0.0293130454240322,0.4182143656298948,0.3889013202058626
2021-11-07,Mono,051,14174.0,19107,15,11000,5,7549,10,379,0,773,2,9222,2,8449,2,0.0545364752363482,0.6506279102582193,0.596091435021871
2021-11-07,Monterey,053,433212.0,593765,762,297843,270,270562,324,23899,23,28416,251,304458,269,276042,117,0.0655937508656269,0.7027921664219827,0.6371984155563558
2021-11-07,Napa,055,140530.0,220421,139,119856,65,94117,62,6195,6,10536,15,108404,17,97868,19,0.0749733153063402,0.7713940083967836,0.6964206930904433
2021-11-07,Nevada,057,99092.0,128416,121,70735,39,53946,74,3656,1,6102,19,63681,20,57579,13,0.0615791385782908,0.6426452185847495,0.5810660800064587
2021-11-07,Orange,059,3164182.0,4528432,5796,2654831,2087,1729121,2677,138703,117,172384,1528,2248960,1591,2076576,716,0.0544797992024479,0.7107555760066899,0.656275776804242
2021-11-07,Placer,061,380077.0,528201,533,313315,218,200358,226,14297,6,17551,130,256192,131,238641,75,0.0461774850885478,0.674052889282961,0.6278754041944132
2021-11-07,Plumas,063,18699.0,20808,2,3583,0,15828,1,1351,1,898,0,10573,0,9675,0,0.0480239585004545,0.5654313064869779,0.5174073479865233
2021-11-07,Riverside,065,2383286.0,2820825,2948,1694851,1406,1041831,1022,81228,49,140711,951,1433096,982,1292385,565,0.0590407529771919,0.6013109630988476,0.5422702101216555
2021-11-07,Sacramento,067,1510023.0,2007431,2109,1175200,825,773278,911,57196,36,79200,613,998751,641,919551,320,0.052449532225668,0.6614144287868463,0.6089648965611782
2021-11-07,San Benito,069,59416.0,83840,61,47814,21,32381,38,3482,1,4135,8,43187,9,39052,19,0.0695940487410798,0.7268580853642117,0.6572640366231318
2021-11-07,San Bernardino,071,2135413.0,2348069,2564,1453486,1259,821022,854,71541,49,112491,780,1204892,806,1092401,549,0.0526788026484806,0.564243076163721,0.5115642735152404
2021-11-07,San Diego,073,3302833.0,4899349,5722,2759472,2061,1951321,2223,182728,153,278438,1981,2592246,2774,2313808,1375,0.0843027788568177,0.7848553045219059,0.7005525256650881
2021-11-07,San Francisco,075,870044.0,1472020,2272,961367,877,449235,561,57765,19,43811,954,720586,963,676775,91,0.050354924578527,0.8282178832334917,0.7778629586549646
2021-11-07,San Joaquin,077,732212.0,903445,867,535593,457,339374,314,27586,20,63762,308,469624,324,405862,222,0.0870813370990915,0.6413770875101746,0.5542957504110831
2021-11-07,San Luis Obispo,079,281455.0,368889,522,195114,153,159663,254,13588,11,16303,133,182275,137,165972,54,0.0579240020607201,0.6476168481640049,0.5896928461032848
2021-11-07,San Mateo,081,765935.0,1273871,3199,798568,803,426138,885,43944,87,43970,1604,620531,1626,576561,141,0.0574069601206368,0.8101614366754359,0.752754476554799
2021-11-07,Santa Barbara,083,443738.0,602853,648,361309,287,216174,284,24744,14,29742,150,307645,157,277903,96,0.0670260378872217,0.6933032555246564,0.6262772176374347
2021-11-07,Santa Clara,085,1922200.0,3195744,5826,2067645,1936,998201,1745,113145,84,91774,2373,1570656,2399,1478882,264,0.0477442513786286,0.8171137238580792,0.7693694724794506
2021-11-07,Santa Cruz,087,273765.0,400876,419,201175,134,188681,268,10770,3,13430,55,198925,57,185495,35,0.0490566726937336,0.7266268514967217,0.677570178802988
2021-11-07,Shasta,089,179085.0,164372,208,77577,71,78354,106,8340,16,10311,40,85256,47,74945,40,0.0575760113912387,0.4760644386743725,0.4184884272831337
2021-11-07,Sierra,091,2930.0,3282,2,473,0,2742,2,63,0,80,0,1594,0,1514,1,0.0273037542662116,0.5440273037542662,0.5167235494880547
2021-11-07,Siskiyou,093,43540.0,42778,11,18505,7,22967,3,1265,1,2514,3,21632,4,19118,3,0.0577400091869545,0.4968305006890215,0.4390904915020671
2021-11-07,Solano,095,438530.0,590910,472,338445,237,236486,198,15818,7,36633,114,300603,116,263970,78,0.0835359040430529,0.6854787585798007,0.6019428545367478
2021-11-07,Sonoma,097,501317.0,762346,600,437978,287,300367,283,23678,8,26809,77,375629,84,348820,56,0.0534771412100527,0.7492843849300941,0.6958072437200414
2021-11-07,Stanislaus,099,539301.0,615330,603,364374,302,230587,227,19561,11,44093,198,321157,213,277064,133,0.0817595368820009,0.5955060346633884,0.5137464977813874
2021-11-07,Sutter,101,95872.0,109635,91,48967,37,55923,52,4719,1,5416,10,56945,11,51529,31,0.0564919893190921,0.5939690420560748,0.5374770527369827
2021-11-07,Tehama,103,63373.0,52748,47,20388,20,30270,26,2073,1,2537,12,27214,13,24677,12,0.040032821548609,0.4294257806952488,0.3893929591466397
2021-11-07,Trinity,105,12862.0,11947,2,2763,1,8407,0,772,1,699,0,6206,1,5507,2,0.0543461359042139,0.4825066086145234,0.4281604727103094
2021-11-07,Tulare,107,460477.0,476633,428,291714,205,171684,152,12965,12,28177,148,245506,157,217329,112,0.0611908955278982,0.5331558362306912,0.471964940702793
2021-11-07,Tuolumne,109,53932.0,59946,54,18193,6,40317,44,1412,0,3176,14,29701,14,26525,3,0.058888971297189,0.5507120077134169,0.4918230364162278
2021-11-07,Ventura,111,848112.0,1188096,1220,658477,484,487157,608,41140,24,45518,247,595575,263,550057,172,0.0536697983285226,0.7022362612485143,0.6485664629199916
2021-11-07,Yolo,113,214977.0,300508,271,156126,73,134835,129,8691,2,13681,81,150866,86,137185,40,0.0636393660717193,0.7017773994427311,0.6381380333710118
2021-11-07,Yuba,115,75493.0,69558,77,29030,33,36397,38,4091,1,3595,17,37133,18,33538,26,0.0476203091677374,0.4918734187275641,0.4442531095598267
2021-11-06,Alameda,001,1643700.0,2587981,6851,1681651,2991,784398,2343,118585,159,77855,2006,1286734,2061,1208879,477,0.0473656993368619,0.7828277666240798,0.7354620672872179
2021-11-06,Alpine,003,1148.0,1619,0,58,0,1555,0,6,0,102,0,805,0,703,0,0.0888501742160278,0.7012195121951219,0.6123693379790941
2021-11-06,Amador,005,37829.0,44538,38,13436,5,29465,31,1632,0,3229,6,22485,6,19256,6,0.0853577942848079,0.5943852599857252,0.5090274657009173
2021-11-06,Butte,007,227075.0,227993,358,115275,105,103725,221,8937,3,10009,69,115381,70,105372,46,0.0440779478145987,0.5081184630628647,0.464040515248266
2021-11-06,Calaveras,009,45235.0,51782,119,22588,43,27641,65,1541,4,3088,35,25849,38,22761,12,0.0682657234442356,0.5714380457610257,0.5031723223167901
2021-11-06,Colusa,011,21464.0,24057,25,7216,9,15792,16,1029,0,1236,6,12778,6,11542,8,0.0575847931420052,0.5953224002981737,0.5377376071561685
2021-11-06,Contra Costa,013,1133247.0,1845916,4716,1260715,1629,524913,1393,57437,49,48647,1959,899151,1990,850504,342,0.042927093563892,0.7934289700303641,0.750501876466472
2021-11-06,Del Norte,015,27424.0,25626,32,10287,6,13898,10,1371,0,1512,19,13237,19,11725,7,0.0551341890315052,0.4826794049008168,0.4275452158693115
2021-11-06,El Dorado,017,186661.0,236158,463,119078,142,108170,290,8860,15,9822,75,117257,81,107435,55,0.052619454519155,0.6281815697976546,0.5755621152784995
2021-11-06,Fresno,019,978130.0,1153696,2572,651827,1197,460996,858,39322,63,61715,842,592731,876,531016,443,0.0630948851379673,0.6059838671751199,0.5428889820371525
2021-11-06,Glenn,021,27897.0,28842,38,13563,26,13759,11,1486,0,1218,16,15081,16,13863,7,0.0436606086675986,0.5405957629852672,0.4969351543176685
2021-11-06,Humboldt,023,135768.0,175637,422,91675,126,75221,160,8403,10,7576,150,88365,152,80789,31,0.0558010724176536,0.6508529255789287,0.5950518531612751
2021-11-06,Imperial,025,180216.0,285066,839,151294,349,115398,323,17431,12,26728,302,157814,312,131086,109,0.1483109157899409,0.8756936121099126,0.7273826963199715
2021-11-06,Inyo,027,18085.0,22514,35,8968,8,12746,27,609,0,978,3,10922,3,9944,6,0.0540779651645009,0.6039259054465026,0.5498479402820017
2021-11-06,Kern,029,883053.0,887583,1661,485760,706,362727,713,37992,76,51868,453,466288,490,414420,393,0.0587371312933651,0.5280407857739003,0.4693036544805351
2021-11-06,Kings,031,150075.0,125836,157,63229,60,56692,73,5838,9,8089,48,66852,52,58763,37,0.0538997168082625,0.4454572713643178,0.3915575545560553
2021-11-06,Lake,033,64148.0,69344,96,23964,19,42258,70,3117,5,3817,20,36094,23,32277,16,0.059503024256407,0.5626675812184324,0.5031645569620253
2021-11-06,Lassen,035,31185.0,16231,32,3158,10,11599,18,1457,2,958,8,8842,9,7884,12,0.030719897386564,0.2835337502004169,0.2528138528138528
2021-11-06,Los Angeles,037,10098052.0,14075876,34459,8053485,13759,5473315,14167,530864,1178,700635,9683,7181546,10209,6480911,5316,0.069383184004202,0.7111813248733518,0.6417981408691498
2021-11-06,Madera,039,155013.0,160024,384,87504,190,66151,136,6142,9,8609,114,82673,119,74064,58,0.0555372775186597,0.533329462690226,0.4777921851715662
2021-11-06,Marin,041,260295.0,456781,2851,289801,429,151071,617,13788,30,14783,1858,219071,1871,204288,85,0.0567932538081791,0.8416258475959969,0.7848325937878177
2021-11-06,Mariposa,043,17540.0,16621,481,3962,16,11942,449,687,12,2811,171,9589,173,6778,88,0.1602622576966932,0.5466932725199544,0.3864310148232611
2021-11-06,Mendocino,045,87422.0,121426,362,67726,72,49696,233,3938,5,6329,76,60171,78,53842,41,0.0723959644025531,0.6882821257806959,0.6158861613781428
2021-11-06,Merced,047,269075.0,279391,419,171775,227,96252,130,10419,17,26728,170,149451,183,122723,79,0.0993328997491405,0.5554250673604014,0.4560921676112608
2021-11-06,Modoc,049,8938.0,7398,12,1340,4,5561,8,487,0,262,2,3736,2,3474,4,0.0293130454240322,0.4179906019243679,0.3886775565003356
2021-11-06,Mono,051,14174.0,19092,15,10995,4,7539,11,379,0,773,1,9220,1,8447,2,0.0545364752363482,0.650486806829406,0.5959503315930577
2021-11-06,Monterey,053,433212.0,593003,1387,297573,506,270238,494,23876,29,28264,506,304189,524,275925,156,0.0652428833919651,0.702171223327147,0.6369283399351818
2021-11-06,Napa,055,140530.0,220282,359,119791,119,94055,106,6189,7,10538,159,108387,160,97849,26,0.0749875471429588,0.7712730377855262,0.6962854906425674
2021-11-06,Nevada,057,99092.0,128295,166,70696,53,53872,105,3655,4,6095,33,63661,35,57566,16,0.0615084971541597,0.6424433859443749,0.5809348887902152
2021-11-06,Orange,059,3164182.0,4522636,9840,2652744,3609,1726444,4637,138586,210,171509,2327,2247369,2422,2075860,1024,0.0542032664366335,0.7102527604290777,0.6560494939924442
2021-11-06,Placer,061,380077.0,527668,709,313097,278,200132,327,14291,24,17495,145,256061,162,238566,85,0.0460301465229414,0.6737082222812746,0.6276780757583332
2021-11-06,Plumas,063,18699.0,20806,30,3583,6,15827,18,1350,5,898,2,10573,3,9675,4,0.0480239585004545,0.5654313064869779,0.5174073479865233
2021-11-06,Riverside,065,2383286.0,2817877,5008,1693445,2345,1040809,1932,81179,177,140294,1321,1432114,1393,1291820,917,0.0588657844673278,0.6008989269437239,0.542033142476396
2021-11-06,Sacramento,067,1510023.0,2005322,4052,1174375,1433,772367,1779,57160,131,78879,1156,998110,1214,919231,575,0.0522369526821776,0.660989931941434,0.6087529792592563
2021-11-06,San Benito,069,59416.0,83779,229,47793,85,32343,127,3481,4,4145,40,43178,44,39033,39,0.0697623535747946,0.7267066110138684,0.6569442574390737
2021-11-06,San Bernardino,071,2135413.0,2345505,4303,1452227,2168,820168,1477,71492,109,112234,1209,1204086,1263,1091852,919,0.0525584512223162,0.563865631613182,0.5113071803908659
2021-11-06,San Diego,073,3302833.0,4893627,9332,2757411,3586,1949098,3938,182575,297,277039,2633,2589472,4000,2312433,2414,0.083879203096251,0.7840154194898743,0.7001362163936233
2021-11-06,San Francisco,075,870044.0,1469748,4261,960490,1547,448674,1203,57746,52,42939,1699,719623,1726,676684,193,0.0493526764163651,0.8271110426599114,0.7777583662435463
2021-11-06,San Joaquin,077,732212.0,902578,1709,535136,636,339060,622,27566,32,63660,748,469300,770,405640,227,0.0869420331816468,0.6409345927135857,0.5539925595319388
2021-11-06,San Luis Obispo,079,281455.0,368367,944,194961,197,159409,631,13577,16,16220,141,182138,148,165918,78,0.0576291058961468,0.6471300918441669,0.5895009859480201
2021-11-06,San Mateo,081,765935.0,1270672,5632,797765,1542,425253,1774,43857,88,42485,2480,618905,2503,576420,246,0.0554681533028259,0.8080385411294692,0.7525703878266432
2021-11-06,Santa Barbara,083,443738.0,602205,881,361022,412,215890,398,24730,14,29681,153,307488,160,277807,144,0.0668885693810311,0.6929494431398708,0.6260608737588397
2021-11-06,Santa Clara,085,1922200.0,3189918,10906,2065709,3711,996456,3662,113061,164,89639,3905,1568257,3951,1478618,470,0.0466335448964727,0.8158656747476849,0.7692321298512121
2021-11-06,Santa Cruz,087,273765.0,400457,770,201041,211,188413,457,10767,9,13408,147,198868,154,185460,55,0.0489763118002666,0.7264186437272844,0.6774423319270177
2021-11-06,Shasta,089,179085.0,164164,336,77506,101,78248,200,8324,14,10304,49,85209,52,74905,66,0.0575369238071306,0.4758019934667895,0.4182650696596588
2021-11-06,Sierra,091,2930.0,3280,0,473,0,2740,0,63,0,81,0,1594,0,1513,0,0.0276450511945392,0.5440273037542662,0.5163822525597269
2021-11-06,Siskiyou,093,43540.0,42767,50,18498,19,22964,28,1264,1,2513,6,21628,6,19115,5,0.057717041800643,0.4967386311437758,0.4390215893431327
2021-11-06,Solano,095,438530.0,590438,729,338208,356,236288,322,15811,22,36595,140,300487,151,263892,133,0.0834492509064374,0.6852142384785533,0.6017649875721159
2021-11-06,Sonoma,097,501317.0,761746,2175,437691,803,300084,1214,23670,55,26781,262,375545,271,348764,161,0.0534212883265478,0.7491168262795795,0.6956955379530317
2021-11-06,Stanislaus,099,539301.0,614727,1142,364072,470,230360,390,19550,15,44013,479,320944,494,276931,188,0.0816111967157487,0.5951110789707418,0.513499882254993
2021-11-06,Sutter,101,95872.0,109544,187,48930,97,55871,83,4718,1,5436,45,56934,45,51498,35,0.056700600801068,0.593854305740988,0.5371537049399199
2021-11-06,Tehama,103,63373.0,52701,63,20368,25,30244,37,2072,0,2536,13,27201,13,24665,18,0.0400170419579316,0.4292206460164423,0.3892036040585107
2021-11-06,Trinity,105,12862.0,11945,45,2762,12,8407,32,771,1,700,6,6205,6,5505,6,0.0544238843103716,0.4824288602083657,0.4280049758979941
2021-11-06,Tulare,107,460477.0,476205,933,291509,519,171532,340,12953,26,28132,249,245349,264,217217,225,0.0610931707772592,0.5328148854340173,0.4717217146567581
2021-11-06,Tuolumne,109,53932.0,59892,78,18187,14,40273,57,1412,2,3165,13,29687,15,26522,11,0.0586850107542831,0.5504524215679003,0.4917674108136171
2021-11-06,Ventura,111,848112.0,1186876,2342,657993,910,486549,1127,41116,67,45427,431,595312,466,549885,336,0.0535625011790895,0.7019261606957572,0.6483636595166676
2021-11-06,Yolo,113,214977.0,300237,448,156053,128,134706,202,8689,8,13635,153,150780,156,137145,52,0.0634253896928508,0.7013773566474553,0.6379519669546044
2021-11-06,Yuba,115,75493.0,69481,115,28997,58,36359,47,4090,5,3603,30,37115,30,33512,25,0.0477262792576795,0.4916349860251944,0.4439087067675148
2021-11-05,Alameda,001,1643700.0,2581130,11636,1678660,5506,782055,5095,118426,333,76271,1615,1284673,1713,1208402,968,0.0464020198333029,0.7815738881791081,0.7351718683458052
2021-11-05,Alpine,003,1148.0,1619,19,58,0,1555,19,6,0,102,3,805,3,703,0,0.0888501742160278,0.7012195121951219,0.6123693379790941
2021-11-05,Amador,005,37829.0,44500,232,13431,41,29434,191,1632,0,3229,26,22479,26,19250,19,0.0853577942848079,0.5942266515107457,0.5088688572259378
2021-11-05,Butte,007,227075.0,227635,800,115170,259,103504,517,8934,22,9985,74,115311,87,105326,128,0.0439722558626004,0.5078101948695365,0.463837939006936
2021-11-05,Calaveras,009,45235.0,51663,300,22545,95,27576,197,1537,6,3062,47,25811,51,22749,38,0.0676909472753398,0.5705979882834089,0.5029070410080689
2021-11-05,Colusa,011,21464.0,24032,57,7207,30,15776,26,1029,0,1238,12,12772,12,11534,9,0.057677972418934,0.5950428624673872,0.5373648900484532
2021-11-05,Contra Costa,013,1133247.0,1841200,8025,1259086,3775,523520,3490,57388,128,46999,1230,897161,1306,850162,842,0.0414728651388444,0.7916729539103126,0.7502000887714682
2021-11-05,Del Norte,015,27424.0,25594,106,10281,24,13888,77,1371,5,1500,10,13218,13,11718,13,0.0546966161026837,0.4819865810968495,0.4272899649941657
2021-11-05,El Dorado,017,186661.0,235695,1010,118936,326,107880,649,8845,27,9796,91,117176,100,107380,86,0.0524801645764246,0.6277476280529944,0.5752674634765699
2021-11-05,Fresno,019,978130.0,1151124,4981,650630,2315,460138,2222,39259,121,61282,1048,591855,1113,530573,870,0.0626522036948054,0.6050882806988847,0.5424360770040793
2021-11-05,Glenn,021,27897.0,28804,98,13537,40,13748,56,1486,2,1209,11,15065,12,13856,15,0.0433379933326164,0.5400222246119655,0.496684231279349
2021-11-05,Humboldt,023,135768.0,175215,1205,91549,369,75061,790,8393,15,7455,163,88213,164,80758,87,0.0549098462082375,0.6497333686877614,0.5948235224795239
2021-11-05,Imperial,025,180216.0,284227,1504,150945,564,115075,501,17419,86,26525,615,157502,671,130977,231,0.1471844897234429,0.8739623562835708,0.7267778665601279
2021-11-05,Inyo,027,18085.0,22479,130,8960,20,12719,85,609,0,981,41,10919,41,9938,6,0.0542438484932264,0.6037600221177771,0.5495161736245507
2021-11-05,Kern,029,883053.0,885922,4543,485054,1894,362014,1994,37916,178,51771,1118,465798,1209,414027,907,0.0586272851119921,0.5274858926927376,0.4688586075807454
2021-11-05,Kings,031,150075.0,125679,502,63169,178,56619,291,5829,29,8074,100,66800,117,58726,112,0.053799766783275,0.4451107779443611,0.3913110111610861
2021-11-05,Lake,033,64148.0,69248,318,23945,33,42188,275,3112,10,3810,24,36071,28,32261,30,0.0593939016025441,0.5623090353557398,0.5029151337531957
2021-11-05,Lassen,035,31185.0,16199,70,3148,14,11581,53,1455,3,961,11,8833,11,7872,29,0.0308160974827641,0.2832451499118166,0.2524290524290524
2021-11-05,Los Angeles,037,10098052.0,14041417,64796,8039726,27952,5459148,30281,529686,2167,695742,13118,7171337,14157,6475595,10173,0.0688986351030872,0.7101703378037665,0.6412717027006793
2021-11-05,Madera,039,155013.0,159640,761,87314,343,66015,345,6133,21,8548,154,82554,166,74006,137,0.0551437621360789,0.5325617851406012,0.4774180230045222
2021-11-05,Marin,041,260295.0,453930,2321,289372,803,150454,1286,13758,37,12997,314,217200,324,204203,97,0.0499318081407633,0.8344378493632225,0.7845060412224591
2021-11-05,Mariposa,043,17540.0,16140,42,3946,10,11493,29,675,1,2726,12,9416,12,6690,7,0.1554161915621436,0.536830102622577,0.3814139110604333
2021-11-05,Mendocino,045,87422.0,121064,1035,67654,445,49463,556,3933,34,6292,88,60093,108,53801,109,0.0719727299764361,0.6873899018553682,0.6154171718789321
2021-11-05,Merced,047,269075.0,278972,1041,171548,591,96122,406,10402,33,26624,275,149268,299,122644,228,0.0989463904115952,0.5547449595837591,0.4557985691721639
2021-11-05,Modoc,049,8938.0,7386,13,1336,1,5553,12,487,0,264,0,3734,0,3470,1,0.0295368091295591,0.4177668382188409,0.3882300290892817
2021-11-05,Mono,051,14174.0,19077,241,10991,53,7528,75,379,2,774,123,9219,125,8445,16,0.0546070269507549,0.6504162551149993,0.5958092281642444
2021-11-05,Monterey,053,433212.0,591616,2754,297067,1124,269744,1501,23847,52,27896,322,303665,350,275769,359,0.0643934147715206,0.7009616538784705,0.6365682391069499
2021-11-05,Napa,055,140530.0,219923,1042,119672,340,93949,569,6182,30,10404,228,108227,236,97823,74,0.0740340140895182,0.770134490856045,0.6961004767665268
2021-11-05,Nevada,057,99092.0,128129,660,70643,255,53767,360,3651,25,6076,105,63626,116,57550,65,0.0613167561458039,0.6420901788237193,0.5807734226779154
2021-11-05,Orange,059,3164182.0,4512796,19748,2649135,8274,1721807,9722,138376,493,170111,3157,2244947,3372,2074836,2188,0.0537614460862238,0.7094873177333035,0.6557258716470797
2021-11-05,Placer,061,380077.0,526959,2267,312819,809,199805,1370,14267,54,17418,244,255899,275,238481,232,0.0458275559952325,0.6732819928593416,0.6274544368641091
2021-11-05,Plumas,063,18699.0,20776,132,3577,21,15809,100,1345,11,899,10,10570,12,9671,17,0.048077437296112,0.5652708701000053,0.5171934328038933
2021-11-05,Riverside,065,2383286.0,2812869,11185,1691100,4969,1038877,5424,81002,399,139818,1913,1430721,2118,1290903,1855,0.0586660602210561,0.6003144398112522,0.5416483795901961
2021-11-05,Sacramento,067,1510023.0,2001270,8375,1172942,3465,770588,4393,57029,182,78240,1209,996896,1285,918656,980,0.0518137803199024,0.6601859706772678,0.6083721903573654
2021-11-05,San Benito,069,59416.0,83550,359,47708,130,32216,202,3477,10,4140,51,43134,57,38994,66,0.0696782011579372,0.7259660697455231,0.6562878685875858
2021-11-05,San Bernardino,071,2135413.0,2341202,9190,1450059,4509,818691,3767,71383,331,111890,1960,1202823,2147,1090933,1791,0.052397358262781,0.5632741769390746,0.5108768186762935
2021-11-05,San Diego,073,3302833.0,4884295,19320,2753825,7657,1945160,10298,182278,583,275453,2842,2585472,5654,2310019,4726,0.083399009274765,0.7828043379728857,0.6994053286981207
2021-11-05,San Francisco,075,870044.0,1465487,7687,958943,3591,447471,3193,57694,120,41406,1241,717897,1295,676491,417,0.0475906965624727,0.8251272349444396,0.7775365383819669
2021-11-05,San Joaquin,077,732212.0,900869,3762,534500,1826,338438,1543,27534,76,63117,1007,468530,1053,405413,554,0.086200444679956,0.6398829847093465,0.5536825400293904
2021-11-05,San Luis Obispo,079,281455.0,367423,1503,194764,541,158778,793,13561,52,16150,241,181990,261,165840,134,0.0573803982874704,0.6466042529001084,0.5892238546126379
2021-11-05,San Mateo,081,765935.0,1265040,6621,796223,2744,423479,3189,43769,164,40228,901,616402,949,576174,401,0.0525214280585167,0.8047706398062499,0.7522492117477332
2021-11-05,Santa Barbara,083,443738.0,601324,2629,360610,1241,215492,1235,24716,81,29665,365,307328,397,277663,444,0.0668525120679319,0.6925888700088791,0.6257363579409472
2021-11-05,Santa Clara,085,1922200.0,3179012,15867,2061998,5825,992794,6426,112897,354,86158,4106,1564306,4221,1478148,956,0.0448225991051919,0.8138102174591614,0.7689876183539694
2021-11-05,Santa Cruz,087,273765.0,399687,1808,200830,669,187956,1078,10758,26,13309,167,198714,178,185405,125,0.048614687779665,0.7258561174730151,0.6772414296933501
2021-11-05,Shasta,089,179085.0,163828,825,77405,197,78048,593,8310,30,10318,76,85157,92,74839,166,0.0576150989753469,0.4755116285562721,0.4178965295809252
2021-11-05,Sierra,091,2930.0,3280,30,473,1,2740,29,63,0,81,1,1594,1,1513,1,0.0276450511945392,0.5440273037542662,0.5163822525597269
2021-11-05,Siskiyou,093,43540.0,42717,178,18479,42,22936,128,1263,6,2512,28,21622,31,19110,18,0.0576940744143316,0.4966008268259072,0.4389067524115755
2021-11-05,Solano,095,438530.0,589709,2340,337852,993,235966,1249,15789,51,36577,295,300336,321,263759,311,0.08340820468383,0.6848699062777918,0.6014617015939616
2021-11-05,Sonoma,097,501317.0,759571,2974,436888,1056,298870,1728,23615,77,26671,328,375274,357,348603,327,0.0532018662842074,0.7485762501570863,0.6953743838728789
2021-11-05,Stanislaus,099,539301.0,613585,2165,363602,933,229970,1068,19535,85,43707,530,320450,587,276743,427,0.0810437955798338,0.5941950784441342,0.5131512828643002
2021-11-05,Sutter,101,95872.0,109357,478,48833,134,55788,325,4717,11,5426,55,56889,66,51463,109,0.0565962950600801,0.593384929906542,0.536788634846462
2021-11-05,Tehama,103,63373.0,52638,249,20343,40,30207,188,2072,18,2541,31,27188,39,24647,42,0.0400959399113187,0.4290155113376359,0.3889195714263172
2021-11-05,Trinity,105,12862.0,11900,72,2750,15,8375,50,770,7,700,7,6199,10,5499,16,0.0544238843103716,0.4819623697714197,0.427538485461048
2021-11-05,Tulare,107,460477.0,475272,2027,290990,1134,171192,804,12927,48,28093,393,245085,420,216992,487,0.061008475993372,0.5322415668969351,0.471233090903563
2021-11-05,Tuolumne,109,53932.0,59814,330,18173,90,40216,231,1410,3,3161,44,29672,46,26511,35,0.0586108432841355,0.5501742935548468,0.4915634502707112
2021-11-05,Ventura,111,848112.0,1184534,5216,657083,2177,485422,2567,41049,185,45297,793,594846,880,549549,661,0.0534092195370422,0.7013767049634954,0.6479674854264531
2021-11-05,Yolo,113,214977.0,299789,1817,155925,581,134504,705,8681,18,13531,654,150624,660,137093,158,0.0629416170101917,0.7006516976234667,0.6377100806132749
2021-11-05,Yuba,115,75493.0,69366,303,28939,100,36312,184,4085,12,3598,62,37085,67,33487,60,0.0476600479514657,0.4912375981879114,0.4435775502364457
2021-11-04,Alameda,001,1643700.0,2569494,9930,1673154,4876,776960,4544,118093,289,75526,882,1282960,977,1207434,837,0.0459487741071971,0.7805317272008274,0.7345829530936302
2021-11-04,Alpine,003,1148.0,1600,1,58,1,1536,0,6,0,99,0,802,0,703,1,0.0862369337979094,0.6986062717770035,0.6123693379790941
2021-11-04,Amador,005,37829.0,44268,263,13390,38,29243,218,1632,7,3222,37,22453,40,19231,30,0.0851727510639985,0.5935393481191679,0.5083665970551693
2021-11-04,Butte,007,227075.0,226835,925,114911,379,102987,520,8912,23,10026,80,115224,92,105198,116,0.0441528129472641,0.5074270615435429,0.4632742485962787
2021-11-04,Calaveras,009,45235.0,51363,205,22450,46,27379,157,1531,1,3049,49,25760,50,22711,16,0.067403559190892,0.5694705427213441,0.5020669835304521
2021-11-04,Colusa,011,21464.0,23975,80,7177,25,15750,52,1029,3,1235,15,12760,17,11525,13,0.0575382035035408,0.5944837868058144,0.5369455833022736
2021-11-04,Contra Costa,013,1133247.0,1833175,6898,1255311,3459,520030,3227,57260,115,46535,598,895855,649,849320,709,0.0410634221842193,0.7905205131802687,0.7494570909960494
2021-11-04,Del Norte,015,27424.0,25488,72,10257,25,13811,43,1366,4,1500,11,13205,14,11705,14,0.0546966161026837,0.4815125437572928,0.4268159276546091
2021-11-04,El Dorado,017,186661.0,234685,1012,118610,332,107231,652,8818,28,9782,96,117076,118,107294,120,0.0524051622995698,0.6272118975040314,0.5748067352044616
2021-11-04,Fresno,019,978130.0,1146143,4055,648315,1625,457916,2165,39138,95,61039,729,590742,784,529703,647,0.0624037704599593,0.6039503951417501,0.5415466246817907
2021-11-04,Glenn,021,27897.0,28706,98,13497,26,13692,66,1484,6,1212,8,15053,12,13841,14,0.0434455317776104,0.5395920708319891,0.4961465390543786
2021-11-04,Humboldt,023,135768.0,174010,733,91180,296,74271,388,8378,17,7378,128,88049,133,80671,59,0.054342702256791,0.6485254257262388,0.5941827234694479
2021-11-04,Imperial,025,180216.0,282723,1652,150381,566,114574,659,17333,105,26085,565,156831,621,130746,223,0.1447429750965508,0.8702390464775602,0.7254960713810095
2021-11-04,Inyo,027,18085.0,22349,190,8940,19,12634,167,609,2,946,67,10878,68,9932,13,0.0523085429914293,0.6014929499585292,0.5491844069670998
2021-11-04,Kern,029,883053.0,881379,3183,483160,1327,360020,1513,37738,169,51469,624,464589,708,413120,695,0.0582852897844183,0.526116778947583,0.4678314891631646
2021-11-04,Kings,031,150075.0,125177,420,62991,139,56328,250,5800,15,8069,96,66683,102,58614,99,0.0537664501082791,0.4443311677494586,0.3905647176411794
2021-11-04,Lake,033,64148.0,68930,263,23912,42,41913,210,3102,11,3812,18,36043,24,32231,33,0.0594250795036478,0.5618725447402881,0.5024474652366403
2021-11-04,Lassen,035,31185.0,16129,71,3134,19,11528,39,1452,12,979,11,8822,20,7843,28,0.0313932980599647,0.2828924162257495,0.2514991181657848
2021-11-04,Los Angeles,037,10098052.0,13976621,51956,8011774,22677,5428867,24660,527519,1907,691758,10371,7157180,11218,6465422,7819,0.0685041035637368,0.7087683842388611,0.6402642806751243
2021-11-04,Madera,039,155013.0,158879,705,86971,265,65670,387,6112,27,8519,104,82388,122,73869,121,0.0549566810525568,0.5314909072142336,0.4765342261616768
2021-11-04,Marin,041,260295.0,451609,1879,288569,734,149168,1050,13721,31,12770,158,216876,170,204106,102,0.0490597207015117,0.8331931078199735,0.7841333871184617
2021-11-04,Mariposa,043,17540.0,16098,81,3936,7,11464,70,674,3,2721,29,9404,31,6683,19,0.1551311288483466,0.536145952109464,0.3810148232611174
2021-11-04,Mendocino,045,87422.0,120029,344,67209,95,48907,236,3899,13,6293,34,59985,37,53692,30,0.0719841687447095,0.6861545148818375,0.614170346137128
2021-11-04,Merced,047,269075.0,277931,621,170957,331,95716,258,10369,19,26553,169,148969,171,122416,135,0.0986825234600018,0.5536337452383164,0.4549512217783146
2021-11-04,Modoc,049,8938.0,7373,133,1335,6,5541,123,487,4,265,3,3734,3,3469,7,0.0296486909823226,0.4177668382188409,0.3881181472365182
2021-11-04,Mono,051,14174.0,18836,46,10938,23,7453,23,377,0,665,6,9094,6,8429,3,0.0469168900804289,0.6415972908141668,0.5946804007337378
2021-11-04,Monterey,053,433212.0,588862,1932,295943,771,268243,1086,23795,55,27905,285,303315,304,275410,288,0.0644141898193032,0.7001537353535913,0.635739545534288
2021-11-04,Napa,055,140530.0,218881,1249,119332,442,93380,771,6152,35,10242,94,107991,107,97749,92,0.0728812353234184,0.7684551341350602,0.6955738988116417
2021-11-04,Nevada,057,99092.0,127469,514,70388,208,53407,303,3626,3,6025,58,63510,61,57485,39,0.0608020829128486,0.6409195495095467,0.580117466596698
2021-11-04,Orange,059,3164182.0,4493048,15369,2640861,6529,1712085,7593,137883,493,168927,2215,2241575,2431,2072648,1708,0.0533872577493962,0.7084216394632167,0.6550343817138206
2021-11-04,Placer,061,380077.0,524692,2086,312010,826,198435,1196,14213,56,17375,168,255624,191,238249,183,0.0457144210252133,0.6725584552603815,0.6268440342351681
2021-11-04,Plumas,063,18699.0,20644,202,3556,29,15709,158,1334,14,904,24,10558,29,9654,20,0.0483448312743997,0.5646291245521151,0.5162842932777154
2021-11-04,Riverside,065,2383286.0,2801684,8770,1686131,3874,1033453,4408,80603,294,139555,1312,1428603,1471,1289048,1499,0.0585557083791034,0.5994257508330935,0.54087004245399
2021-11-04,Sacramento,067,1510023.0,1992895,6713,1169477,2549,766195,3855,56847,215,77935,696,995611,797,917676,796,0.0516117966415081,0.6593349902617377,0.6077231936202296
2021-11-04,San Benito,069,59416.0,83191,371,47578,171,32014,171,3467,15,4149,71,43077,76,38928,76,0.0698296755082805,0.7250067321933485,0.655177056685068
2021-11-04,San Bernardino,071,2135413.0,2332012,7382,1445550,3611,814924,3272,71052,318,111534,1186,1200676,1357,1089142,1498,0.0522306457814015,0.5622687508224404,0.5100381050410389
2021-11-04,San Diego,073,3302833.0,4864975,16592,2746168,6863,1934862,8643,181695,529,274525,2556,2579818,5161,2305293,4265,0.0831180383628236,0.7810924742486223,0.6979744358857987
2021-11-04,San Francisco,075,870044.0,1457800,5716,955352,2858,444278,2630,57574,87,40528,489,716602,521,676074,290,0.0465815521973601,0.8236388044742565,0.7770572522768964
2021-11-04,San Joaquin,077,732212.0,897107,2049,532674,940,336895,1004,27458,83,62618,463,467477,509,404859,333,0.0855189480642218,0.6384448766204324,0.5529259285562105
2021-11-04,San Luis Obispo,079,281455.0,365920,1364,194223,471,157985,782,13509,56,16023,156,181729,176,165706,112,0.0569291716260148,0.6456769288163294,0.5887477571903146
2021-11-04,San Mateo,081,765935.0,1258419,5479,793479,2305,420290,2735,43605,117,39680,661,615453,709,575773,359,0.0518059626469609,0.8035316312741942,0.7517256686272333
2021-11-04,Santa Barbara,083,443738.0,598695,1815,359369,918,214257,802,24635,59,29712,237,306931,262,277219,229,0.0669584304251608,0.6916941979276059,0.6247357675024451
2021-11-04,Santa Clara,085,1922200.0,3163145,13317,2056173,4803,986368,5764,112543,341,82893,3112,1560085,3242,1477192,784,0.0431240245551971,0.8116142961190302,0.7684902715638331
2021-11-04,Santa Cruz,087,273765.0,397879,1711,200161,567,186878,1083,10732,27,13256,158,198536,164,185280,129,0.0484210910817672,0.7252059247895093,0.676784833707742
2021-11-04,Shasta,089,179085.0,163003,701,77208,205,77455,467,8280,24,10392,76,85065,87,74673,141,0.0580283105787754,0.4749979060222799,0.4169695954435045
2021-11-04,Sierra,091,2930.0,3250,54,472,3,2711,51,63,0,81,2,1593,2,1512,3,0.0276450511945392,0.5436860068259386,0.5160409556313993
2021-11-04,Siskiyou,093,43540.0,42539,198,18437,53,22808,142,1257,3,2499,22,21591,23,19092,33,0.0573954983922829,0.4958888378502526,0.4384933394579697
2021-11-04,Solano,095,438530.0,587369,2274,336859,934,234717,1289,15738,48,36567,232,300015,259,263448,340,0.0833854012268259,0.6841379153079606,0.6007525140811347
2021-11-04,Sonoma,097,501317.0,756597,2862,435832,1126,297142,1635,23538,85,26641,238,374917,259,348276,284,0.0531420239090236,0.7478641258923994,0.6947221019833758
2021-11-04,Stanislaus,099,539301.0,611420,1458,362669,648,228902,713,19450,48,43547,373,319863,406,276316,292,0.0807471152473294,0.5931066324742583,0.512359517226929
2021-11-04,Sutter,101,95872.0,108879,355,48699,128,55463,213,4706,12,5469,51,56823,59,51354,64,0.0570448097463284,0.5926965120160214,0.5356517022696929
2021-11-04,Tehama,103,63373.0,52389,302,20303,27,30019,264,2054,11,2544,34,27149,41,24605,35,0.0401432786833509,0.4284001073012166,0.3882568286178656
2021-11-04,Trinity,105,12862.0,11828,34,2735,2,8325,32,763,0,706,3,6189,3,5483,4,0.0548903747473176,0.4811848857098429,0.4262945109625252
2021-11-04,Tulare,107,460477.0,473245,1769,289856,886,170388,837,12879,28,28160,376,244665,396,216505,364,0.0611539772887679,0.5313294692243044,0.4701754919355364
2021-11-04,Tuolumne,109,53932.0,59484,290,18083,44,39985,243,1407,2,3150,56,29626,58,26476,25,0.0584068827412296,0.5493213676481495,0.4909144849069198
2021-11-04,Ventura,111,848112.0,1179318,4090,654906,1697,482855,2026,40864,137,45078,612,593966,668,548888,490,0.0531509989246703,0.7003391061557908,0.6471881072311204
2021-11-04,Yolo,113,214977.0,297972,1267,155344,567,133799,560,8663,11,13029,246,149964,254,136935,116,0.0606064834842797,0.6975816017527456,0.636975118268466
2021-11-04,Yuba,115,75493.0,69063,234,28839,78,36128,140,4073,16,3591,41,37018,54,33427,66,0.0475673241227663,0.4903500986846462,0.4427827745618799
2021-11-03,Alameda,001,1643700.0,2559564,9619,1668278,4586,772416,4527,117804,265,75386,1021,1281983,1108,1206597,773,0.0458636004137008,0.7799373364969276,0.7340737360832269
2021-11-03,Alpine,003,1148.0,1599,19,57,0,1536,19,6,0,100,1,802,1,702,1,0.0871080139372822,0.6986062717770035,0.6114982578397212
2021-11-03,Amador,005,37829.0,44005,166,13352,41,29025,122,1625,3,3212,29,22413,31,19201,16,0.0849084036056993,0.592481958285971,0.5075735546802718
2021-11-03,Butte,007,227075.0,225910,806,114532,330,102467,448,8889,28,10050,99,115132,114,105082,123,0.0442585048992623,0.507021909060883,0.4627634041616206
2021-11-03,Calaveras,009,45235.0,51158,189,22404,59,27222,126,1530,4,3015,37,25710,39,22695,14,0.0666519288161821,0.5683652039350061,0.5017132751188239
2021-11-03,Colusa,011,21464.0,23895,62,7152,21,15698,38,1026,3,1231,20,12743,21,11512,17,0.0573518449496831,0.5936917629519195,0.5363399180022363
2021-11-03,Contra Costa,013,1133247.0,1826277,7147,1251852,3376,516803,3564,57145,130,46595,627,895206,686,848611,685,0.0411163673938691,0.7899478224958901,0.748831455102021
2021-11-03,Del Norte,015,27424.0,25416,95,10232,20,13768,67,1362,8,1500,7,13191,11,11691,9,0.0546966161026837,0.4810020420070011,0.4263054259043173
2021-11-03,El Dorado,017,186661.0,233673,1052,118278,383,106579,636,8790,33,9784,101,116958,113,107174,90,0.052415876910549,0.6265797354562549,0.5741638585457058
2021-11-03,Fresno,019,978130.0,1142088,3432,646690,1470,455751,1816,39043,100,60902,548,589958,610,529056,634,0.0622637072781736,0.6031488656926993,0.5408851584145257
2021-11-03,Glenn,021,27897.0,28608,81,13471,49,13626,27,1478,5,1214,28,15041,29,13827,20,0.0435172240742732,0.5391619170520128,0.4956446929777395
2021-11-03,Humboldt,023,135768.0,173277,627,90884,243,73883,363,8361,21,7304,49,87916,55,80612,84,0.0537976548229332,0.6475458134464676,0.5937481586235343
2021-11-03,Imperial,025,180216.0,281071,1137,149815,430,113915,540,17228,94,25687,254,156210,297,130523,203,0.1425345141385892,0.8667931815155148,0.7242586673769255
2021-11-03,Inyo,027,18085.0,22159,145,8921,19,12467,122,607,2,891,25,10810,26,9919,6,0.0492673486314625,0.597732927840752,0.5484655792092895
2021-11-03,Kern,029,883053.0,878196,2922,481833,1218,358507,1493,37569,167,51456,477,463881,555,412425,674,0.0582705681312446,0.5253150150670458,0.4670444469358011
2021-11-03,Kings,031,150075.0,124757,427,62852,152,56078,247,5785,28,8066,75,66581,88,58515,97,0.0537464601032816,0.4436515075795436,0.3899050474762618
2021-11-03,Lake,033,64148.0,68667,193,23870,69,41703,122,3091,2,3821,35,36019,37,32198,32,0.0595653800586144,0.5614984099270437,0.5019330298684292
2021-11-03,Lassen,035,31185.0,16058,123,3115,19,11489,92,1440,12,987,10,8802,18,7815,31,0.0316498316498316,0.2822510822510822,0.2506012506012506
2021-11-03,Los Angeles,037,10098052.0,13924665,48394,7989097,22035,5404207,23773,525612,1913,688359,7822,7145962,8746,6457603,8014,0.0681675039898784,0.7076574769074273,0.6394899729175488
2021-11-03,Madera,039,155013.0,158174,561,86706,197,65283,347,6085,16,8518,87,82266,97,73748,81,0.0549502299807112,0.530703876449072,0.4757536464683607
2021-11-03,Marin,041,260295.0,449730,1931,287835,730,148118,1101,13690,44,12702,149,216706,161,204004,103,0.0487984786492249,0.8325400026892564,0.7837415240400315
2021-11-03,Mariposa,043,17540.0,16017,113,3929,3,11394,101,671,9,2709,45,9373,54,6664,40,0.1544469783352337,0.5343785632839224,0.3799315849486887
2021-11-03,Mendocino,045,87422.0,119685,297,67114,76,48671,210,3886,11,6286,26,59948,30,53662,41,0.0719040973667955,0.6857312804557205,0.613827183088925
2021-11-03,Merced,047,269075.0,277310,614,170626,298,95458,292,10350,20,26517,153,148798,162,122281,110,0.0985487317662361,0.5529982346929295,0.4544495029266933
2021-11-03,Modoc,049,8938.0,7240,16,1329,3,5418,13,483,0,269,2,3731,2,3462,1,0.0300962183933765,0.4174311926605504,0.3873349742671738
2021-11-03,Mono,051,14174.0,18790,44,10915,26,7430,15,377,3,662,4,9088,6,8426,7,0.0467052349372089,0.6411739805277268,0.5944687455905179
2021-11-03,Monterey,053,433212.0,586930,2096,295172,845,267157,1138,23740,58,27889,309,303011,323,275122,320,0.064377256401023,0.6994520004062676,0.6350747440052446
2021-11-03,Napa,055,140530.0,217632,757,118890,291,92609,438,6117,27,10227,68,107884,72,97657,51,0.0727744965487796,0.7676937308759696,0.6949192343271899
2021-11-03,Nevada,057,99092.0,126955,529,70180,189,53104,328,3623,12,6003,48,63449,54,57446,59,0.0605800670084366,0.6403039599564041,0.5797238929479676
2021-11-03,Orange,059,3164182.0,4477679,15160,2634332,6551,1704492,8005,137390,473,168204,1684,2239144,1870,2070940,1719,0.0531587626754718,0.7076533524304228,0.6544945897549509
2021-11-03,Placer,061,380077.0,522606,2007,311184,751,197239,1193,14157,60,17367,173,255433,197,238066,211,0.0456933726586981,0.672055925509831,0.6263625528511328
2021-11-03,Plumas,063,18699.0,20442,295,3527,25,15551,258,1320,11,895,28,10529,30,9634,17,0.047863522113482,0.5630782394780469,0.5152147173645649
2021-11-03,Riverside,065,2383286.0,2792914,7999,1682257,3617,1029045,4086,80309,275,139583,1051,1427132,1195,1287549,1348,0.0585674568641782,0.5988085357779134,0.5402410789137351
2021-11-03,Sacramento,067,1510023.0,1986182,6843,1166928,2809,762340,3852,56632,173,77934,778,994814,860,916880,933,0.0516111343999396,0.6588071837316385,0.6071960493316989
2021-11-03,San Benito,069,59416.0,82820,352,47407,96,31843,248,3452,3,4149,38,43001,41,38852,51,0.0698296755082805,0.723727615457116,0.6538979399488354
2021-11-03,San Bernardino,071,2135413.0,2324630,6796,1441939,3409,811652,3110,70734,253,111675,1073,1199319,1218,1087644,1419,0.0522966751630715,0.561633276560553,0.5093366013974814
2021-11-03,San Diego,073,3302833.0,4848383,16143,2739305,6790,1926219,8481,181166,506,273629,2442,2574657,4905,2301028,4098,0.0828467561030182,0.7795298763213278,0.6966831202183096
2021-11-03,San Francisco,075,870044.0,1452084,5484,952494,2835,441648,2507,57487,73,40297,406,716081,439,675784,319,0.0463160483837599,0.8230399841847079,0.776723935800948
2021-11-03,San Joaquin,077,732212.0,895058,2522,531734,1032,335891,1416,27375,67,62442,547,466968,590,404526,454,0.0852785805203957,0.6377497227578898,0.552471142237494
2021-11-03,San Luis Obispo,079,281455.0,364556,1412,193752,522,157203,866,13453,23,15959,106,181553,112,165594,125,0.0567017818123678,0.6450516068288004,0.5883498250164325
2021-11-03,San Mateo,081,765935.0,1252940,5431,791174,2405,417555,2684,43488,144,39330,510,614744,562,575414,391,0.0513490048111132,0.8026059652581485,0.7512569604470353
2021-11-03,Santa Barbara,083,443738.0,596880,1862,358451,968,213455,843,24576,38,29679,209,306669,224,276990,216,0.0668840622168937,0.691103759425607,0.6242196972087133
2021-11-03,Santa Clara,085,1922200.0,3149828,13301,2051370,5177,980604,5994,112202,303,80435,2599,1556843,2697,1476408,813,0.0418452814483404,0.8099276870252835,0.7680824055769431
2021-11-03,Santa Cruz,087,273765.0,396168,1496,199594,409,185795,1049,10705,22,13221,128,198372,136,185151,111,0.0482932442057969,0.7246068708563914,0.6763136266505945
2021-11-03,Shasta,089,179085.0,162302,663,77003,166,76988,459,8256,38,10446,81,84978,96,74532,116,0.0583298433704665,0.474512103191222,0.4161822598207555
2021-11-03,Sierra,091,2930.0,3196,61,469,0,2660,61,63,0,82,7,1591,7,1509,1,0.0279863481228668,0.5430034129692832,0.5150170648464164
2021-11-03,Siskiyou,093,43540.0,42341,227,18384,41,22666,184,1254,2,2509,23,21568,25,19059,23,0.0576251722553973,0.4953605879650896,0.4377354157096922
2021-11-03,Solano,095,438530.0,585095,2361,335925,905,233428,1402,15690,52,36648,234,299756,261,263108,334,0.083570109228559,0.683547305771555,0.599977196542996
2021-11-03,Sonoma,097,501317.0,753735,2879,434706,1116,295507,1689,23453,72,26666,225,374658,246,347992,283,0.0531918925550101,0.7473474867199795,0.6941555941649695
2021-11-03,Stanislaus,099,539301.0,609962,1546,362021,667,228189,837,19402,41,43433,320,319457,341,276024,323,0.0805357305104199,0.5923538061305282,0.5118180756201083
2021-11-03,Sutter,101,95872.0,108524,351,48571,132,55250,213,4694,6,5474,50,56764,53,51290,43,0.0570969626168224,0.5920811081441922,0.5349841455273698
2021-11-03,Tehama,103,63373.0,52087,304,20276,157,29755,131,2043,16,2538,45,27108,52,24570,65,0.0400486011392864,0.4277531440834424,0.387704542944156
2021-11-03,Trinity,105,12862.0,11794,173,2733,18,8293,140,763,15,707,14,6186,16,5479,11,0.0549681231534753,0.4809516404913699,0.4259835173378946
2021-11-03,Tulare,107,460477.0,471476,1274,288970,624,169551,607,12851,40,28128,229,244269,250,216141,289,0.0610844841327579,0.530469491418681,0.4693850072859231
2021-11-03,Tuolumne,109,53932.0,59194,206,18039,33,39742,173,1405,0,3117,43,29568,43,26451,8,0.057795001112512,0.5482459393310094,0.4904509382184974
2021-11-03,Ventura,111,848112.0,1175228,3997,653209,1483,480829,2343,40727,151,44900,400,593298,470,548398,517,0.0529411209840209,0.6995514743335786,0.6466103533495576
2021-11-03,Yolo,113,214977.0,296705,1072,154777,392,133239,667,8652,13,12891,91,149710,97,136819,107,0.0599645543476744,0.696400080008559,0.6364355256608847
2021-11-03,Yuba,115,75493.0,68829,223,28761,70,35988,146,4057,5,3603,42,36964,45,33361,43,0.0477262792576795,0.489634800577537,0.4419085213198575
2021-11-02,Alameda,001,1643700.0,2549945,9037,1663692,4440,767889,4332,117539,264,75051,736,1280875,807,1205824,866,0.0456597919328344,0.7792632475512563,0.7336034556184219
2021-11-02,Alpine,003,1148.0,1580,1,57,0,1517,1,6,0,100,0,801,0,701,1,0.0871080139372822,0.6977351916376306,0.6106271777003485
2021-11-02,Amador,005,37829.0,43839,204,13311,38,28903,162,1622,4,3197,36,22382,39,19185,16,0.0845118824182505,0.5916624811652436,0.5071505987469931
2021-11-02,Butte,007,227075.0,225104,882,114202,197,102019,666,8861,19,10059,75,115018,85,104959,105,0.0442981393812616,0.5065198722888913,0.4622217329076296
2021-11-02,Calaveras,009,45235.0,50969,255,22345,86,27096,166,1526,3,2990,46,25671,47,22681,14,0.0660992594230131,0.5675030396816624,0.5014037802586493
2021-11-02,Colusa,011,21464.0,23833,66,7131,18,15660,46,1023,2,1227,14,12722,15,11495,21,0.0571654863958255,0.592713380544167,0.5355478941483414
2021-11-02,Contra Costa,013,1133247.0,1819130,7345,1248476,3561,513239,3644,57015,140,46594,622,894520,687,847926,761,0.0411154849737082,0.7893424822655608,0.7482269972918525
2021-11-02,Del Norte,015,27424.0,25321,89,10212,23,13701,59,1354,7,1498,13,13180,16,11682,14,0.0546236872812135,0.4806009334889148,0.4259772462077013
2021-11-02,El Dorado,017,186661.0,232621,979,117895,292,105943,642,8757,45,9761,77,116845,90,107084,89,0.0522926588842875,0.6259743599359266,0.5736817010516391
2021-11-02,Fresno,019,978130.0,1138656,3799,645220,1624,453935,2091,38943,82,60926,524,589348,579,528422,707,0.0622882438939609,0.6025252267081063,0.5402369828141453
2021-11-02,Glenn,021,27897.0,28527,61,13422,20,13599,40,1473,1,1205,10,15012,10,13807,12,0.0431946087392909,0.5381223787504033,0.4949277700111123
2021-11-02,Humboldt,023,135768.0,172650,588,90641,180,73520,387,8340,21,7333,60,87861,67,80528,71,0.0540112544929585,0.6471407106240057,0.5931294561310471
2021-11-02,Imperial,025,180216.0,279934,853,149385,419,113375,365,17134,68,25593,168,155913,195,130320,181,0.142012917831935,0.8651451591423625,0.7231322413104275
2021-11-02,Inyo,027,18085.0,22014,114,8902,38,12345,76,605,0,871,18,10784,18,9913,11,0.0481614597732927,0.5962952723251314,0.5481338125518386
2021-11-02,Kern,029,883053.0,875274,2805,480615,1219,357014,1425,37402,157,51575,513,463326,591,411751,734,0.058405327879527,0.5246865137200145,0.4662811858404875
2021-11-02,Kings,031,150075.0,124330,485,62700,211,55831,239,5757,35,8075,71,66493,82,58418,105,0.0538064301182742,0.4430651340996168,0.3892587039813426
2021-11-02,Lake,033,64148.0,68474,274,23801,57,41581,207,3089,10,3816,46,35982,49,32166,29,0.0594874353058552,0.5609216187566253,0.5014341834507701
2021-11-02,Lassen,035,31185.0,15935,64,3096,8,11397,46,1428,10,1000,8,8784,17,7784,21,0.0320666987333654,0.2816738816738817,0.2496071829405163
2021-11-02,Los Angeles,037,10098052.0,13876271,48549,7967062,22303,5380434,24465,523699,1761,687627,6968,7137216,7762,6449589,8061,0.0680950147612628,0.7067913692660723,0.6386963545048094
2021-11-02,Madera,039,155013.0,157613,659,86509,301,64936,350,6069,7,8502,91,82169,95,73667,123,0.0548470128311819,0.53007812248005,0.4752311096488681
2021-11-02,Marin,041,260295.0,447799,1950,287105,705,147017,1216,13646,28,12644,96,216545,107,203901,79,0.0485756545458038,0.8319214737125185,0.7833458191667146
2021-11-02,Mariposa,043,17540.0,15904,51,3926,4,11293,44,662,2,2695,17,9319,17,6624,9,0.153648802736602,0.5312998859749145,0.3776510832383124
2021-11-02,Mendocino,045,87422.0,119388,505,67038,144,48461,334,3875,27,6297,46,59918,57,53621,63,0.0720299238178032,0.6853881174075176,0.6133581935897142
2021-11-02,Merced,047,269075.0,276696,763,170328,450,95166,290,10330,23,26465,193,148636,211,122171,179,0.0983554770974635,0.5523961720709839,0.4540406949735204
2021-11-02,Modoc,049,8938.0,7224,54,1326,3,5405,48,483,3,268,2,3729,2,3461,1,0.0299843365406131,0.4172074289550235,0.3872230924144104
2021-11-02,Mono,051,14174.0,18746,50,10889,20,7415,26,374,4,663,4,9082,8,8419,6,0.0467757866516156,0.6407506702412868,0.5939748835896712
2021-11-02,Monterey,053,433212.0,584834,2151,294327,808,266019,1291,23682,50,27886,300,302688,324,274802,275,0.0643703313850955,0.6987064070247362,0.6343360756396407
2021-11-02,Napa,055,140530.0,216875,1304,118599,448,92171,839,6090,17,10206,99,107812,107,97606,77,0.0726250622642852,0.767181384757703,0.6945563224934178
2021-11-02,Nevada,057,99092.0,126426,482,69991,178,52776,288,3611,16,6008,29,63395,41,57387,55,0.0606305251685302,0.6397590118273927,0.5791284866588625
2021-11-02,Orange,059,3164182.0,4462519,14904,2627781,6361,1696487,8013,136917,520,168053,1530,2237274,1761,2069221,1780,0.0531110410210285,0.7070623624051967,0.6539513213841681
2021-11-02,Placer,061,380077.0,520599,2043,310433,649,196046,1332,14097,62,17381,176,255236,207,237855,209,0.0457302073000997,0.671537609484394,0.6258074021842942
2021-11-02,Plumas,063,18699.0,20147,120,3502,19,15293,94,1309,7,882,9,10499,11,9617,10,0.0471682977699342,0.5614738756083213,0.514305577838387
2021-11-02,Riverside,065,2383286.0,2784915,8849,1678640,3981,1024959,4578,80034,288,139736,1269,1425937,1426,1286201,1505,0.058631653943337,0.5983071272184707,0.5396754732751335
2021-11-02,Sacramento,067,1510023.0,1979339,6606,1164119,2709,758488,3696,56459,201,78007,720,993954,806,915947,804,0.0516594780344405,0.6582376559827234,0.606578177948283
2021-11-02,San Benito,069,59416.0,82468,295,47311,88,31595,200,3449,7,4159,19,42960,20,38801,34,0.0699979803419954,0.7230375656388851,0.6530395852968898
2021-11-02,San Bernardino,071,2135413.0,2317834,7070,1438530,3553,808542,3212,70481,304,111876,1081,1198101,1238,1086225,1533,0.0523908021539627,0.5610628950933614,0.5086720929393986
2021-11-02,San Diego,073,3302833.0,4832240,16702,2732515,7062,1917738,9068,180660,546,272822,2151,2569752,4890,2296930,4424,0.0826024204069657,0.7780447876111205,0.6954423672041548
2021-11-02,San Francisco,075,870044.0,1446600,5786,949659,3154,439141,2521,57414,109,40177,422,715642,461,675465,348,0.0461781243247467,0.8225354120021516,0.7763572876774049
2021-11-02,San Joaquin,077,732212.0,892536,2563,530702,1105,334475,1388,27308,70,62306,566,466378,622,404072,456,0.0850928419638028,0.6369439451962,0.5518511032323972
2021-11-02,San Luis Obispo,079,281455.0,363144,1525,193230,543,156337,940,13430,42,15972,121,181441,140,165469,149,0.0567479703682649,0.6446536746549182,0.5879057042866532
2021-11-02,San Mateo,081,765935.0,1247509,5899,788769,2711,414871,3058,43344,130,39159,332,614182,389,575023,397,0.0511257482684562,0.8018722215331588,0.7507464732647026
2021-11-02,Santa Barbara,083,443738.0,595018,1877,357483,951,212612,874,24538,51,29671,233,306445,258,276774,253,0.0668660335603441,0.6905989570422186,0.6237329234818745
2021-11-02,Santa Clara,085,1922200.0,3136527,11467,2046193,5056,974610,6126,111899,282,78551,764,1554146,859,1475595,836,0.0408651545104567,0.8085246072208927,0.767659452710436
2021-11-02,Santa Cruz,087,273765.0,394672,1454,199185,549,184746,885,10683,20,13196,122,198236,131,185040,152,0.0482019250086753,0.7241100944240498,0.6759081694153745
2021-11-02,Shasta,089,179085.0,161639,670,76837,198,76529,422,8218,50,10466,79,84882,102,74416,128,0.0584415221822039,0.4739760448948823,0.4155345227126783
2021-11-02,Sierra,091,2930.0,3135,1,469,1,2599,0,63,0,76,1,1584,1,1508,0,0.025938566552901,0.5406143344709897,0.5146757679180888
2021-11-02,Siskiyou,093,43540.0,42114,224,18343,38,22482,179,1252,7,2507,12,21543,12,19036,31,0.0575792374827744,0.4947864033073036,0.4372071658245292
2021-11-02,Solano,095,438530.0,582734,2280,335020,868,232026,1369,15638,43,36721,210,299495,233,262774,311,0.0837365744646888,0.6829521355437485,0.5992155610790596
2021-11-02,Sonoma,097,501317.0,750856,2693,433590,1167,293818,1452,23381,74,26703,231,374412,257,347709,291,0.05326569815107,0.7468567792434727,0.6935910810924026
2021-11-02,Stanislaus,099,539301.0,608416,1756,361354,905,227352,794,19361,57,43415,331,319116,371,275701,419,0.0805023539730132,0.591721506171878,0.5112191521988648
2021-11-02,Sutter,101,95872.0,108173,350,48439,134,55037,206,4688,10,5464,58,56711,63,51247,61,0.0569926568758344,0.591528287716956,0.5345356308411215
2021-11-02,Tehama,103,63373.0,51783,170,20119,27,29624,139,2027,4,2551,23,27056,24,24505,31,0.0402537358180928,0.4269326053682167,0.3866788695501238
2021-11-02,Trinity,105,12862.0,11621,73,2715,8,8153,63,748,2,702,7,6170,8,5468,8,0.0545793811226869,0.4797076659928471,0.4251282848701602
2021-11-02,Tulare,107,460477.0,470202,1297,288346,658,168944,593,12811,42,28167,286,244019,304,215852,294,0.0611691789166451,0.5299265761373533,0.4687573972207081
2021-11-02,Tuolumne,109,53932.0,58988,267,18006,30,39569,229,1405,5,3082,38,29525,43,26443,19,0.0571460357487206,0.5474486390269228,0.4903026032782022
2021-11-02,Ventura,111,848112.0,1171231,3902,651726,1562,478486,2202,40576,135,44947,347,592828,411,547881,484,0.0529965381930688,0.6989973022431,0.6460007640500312
2021-11-02,Yolo,113,214977.0,295633,1057,154385,420,132572,616,8639,21,12901,133,149613,144,136712,98,0.0600110709517762,0.6959488689487713,0.635937797996995
2021-11-02,Yuba,115,75493.0,68606,196,28691,67,35842,117,4052,12,3601,32,36919,39,33318,46,0.0476997867351939,0.4890387188216126,0.4413389320864186
2021-11-01,Alameda,001,1643700.0,2540908,7779,1659252,4003,763557,3495,117275,280,75110,726,1280068,827,1204958,744,0.0456956865608079,0.7787722820466022,0.7330765954857943
2021-11-01,Alpine,003,1148.0,1579,0,57,0,1516,0,6,0,101,0,801,0,700,0,0.087979094076655,0.6977351916376306,0.6097560975609756
2021-11-01,Amador,005,37829.0,43635,193,13273,25,28741,164,1618,4,3174,31,22343,33,19169,20,0.0839038832641624,0.5906315260778767,0.5067276428137143
2021-11-01,Butte,007,227075.0,224222,1029,114005,326,101353,690,8842,13,10079,87,114933,91,104854,129,0.0443862160079268,0.5061455466255642,0.4617593306176373
2021-11-01,Calaveras,009,45235.0,50714,275,22259,77,26930,193,1523,5,2957,58,25624,59,22667,24,0.06536973582403,0.5664640212225047,0.5010942853984747
2021-11-01,Colusa,011,21464.0,23767,59,7113,20,15614,39,1021,0,1233,11,12707,11,11474,12,0.057445024226612,0.5920145359672009,0.5345695117405889
2021-11-01,Contra Costa,013,1133247.0,1811785,6154,1244915,3150,509595,2842,56875,162,46668,587,893833,666,847165,824,0.0411807840656097,0.7887362596150707,0.747555475549461
2021-11-01,Del Norte,015,27424.0,25232,88,10189,35,13642,48,1347,5,1496,7,13164,11,11668,20,0.0545507584597432,0.4800175029171528,0.4254667444574095
2021-11-01,El Dorado,017,186661.0,231642,1027,117603,334,105301,659,8712,34,9760,80,116755,91,106995,111,0.0522873015787979,0.6254922024418599,0.5732049008630619
2021-11-01,Fresno,019,978130.0,1134857,3643,643596,1717,451844,1838,38861,87,61054,491,588769,539,527715,750,0.0624191058448263,0.6019332808522384,0.5395141750074121
2021-11-01,Glenn,021,27897.0,28466,61,13402,27,13559,29,1472,5,1207,13,15002,16,13795,13,0.0432663010359536,0.5377639172670896,0.494497616231136
2021-11-01,Humboldt,023,135768.0,172062,577,90461,195,73133,358,8319,24,7337,65,87794,70,80457,69,0.0540407165164103,0.6466472217311885,0.5926065052147782
2021-11-01,Imperial,025,180216.0,279081,804,148966,359,113010,366,17066,78,25579,167,155718,207,130139,179,0.1419352332756248,0.8640631242508989,0.7221278909752741
2021-11-01,Inyo,027,18085.0,21900,125,8864,17,12269,106,605,2,864,13,10766,15,9902,9,0.0477743986729333,0.5952999723527785,0.5475255736798452
2021-11-01,Kern,029,883053.0,872469,2863,479396,1257,355589,1479,37245,126,51718,529,462735,603,411017,820,0.0585672660644378,0.5240172447180407,0.4654499786536029
2021-11-01,Kings,031,150075.0,123845,458,62489,179,55592,259,5722,20,8098,101,66411,114,58313,118,0.053959686823255,0.4425187406296851,0.3885590538064301
2021-11-01,Lake,033,64148.0,68200,221,23744,79,41374,129,3079,13,3796,28,35933,34,32137,44,0.0591756562948182,0.5601577601795847,0.5009821038847665
2021-11-01,Lassen,035,31185.0,15871,86,3088,18,11351,61,1418,7,1004,12,8767,14,7763,26,0.0321949655282988,0.2811287477954144,0.2489337822671156
2021-11-01,Los Angeles,037,10098052.0,13827722,48302,7944759,22302,5355969,24021,521938,1961,687926,7002,7129454,7916,6441528,9074,0.0681246244325143,0.7060227061615448,0.6378980817290305
2021-11-01,Madera,039,155013.0,156954,445,86208,140,64586,279,6062,26,8530,52,82074,66,73544,73,0.0550276428428583,0.5294652706547193,0.4744376278118609
2021-11-01,Marin,041,260295.0,445849,1401,286400,561,145801,817,13618,23,12616,104,216438,116,203822,109,0.0484680842889798,0.8315104016596554,0.7830423173706755
2021-11-01,Mariposa,043,17540.0,15853,44,3922,7,11249,35,660,2,2687,10,9302,12,6615,8,0.1531927023945268,0.5303306727480046,0.3771379703534778
2021-11-01,Mendocino,045,87422.0,118883,381,66894,117,48127,254,3848,10,6303,31,59861,37,53558,54,0.0720985564274439,0.684736107615932,0.6126375511884881
2021-11-01,Merced,047,269075.0,275933,860,169878,470,94876,374,10307,15,26433,271,148425,285,121992,225,0.0982365511474496,0.5516120040880795,0.4533754529406299
2021-11-01,Modoc,049,8938.0,7170,17,1323,3,5357,13,480,1,267,3,3727,3,3460,3,0.0298724546878496,0.4169836652494965,0.3871112105616469
2021-11-01,Mono,051,14174.0,18696,51,10869,23,7389,26,370,2,661,8,9074,10,8413,10,0.0466346832228023,0.6401862565260336,0.5935515733032313
2021-11-01,Monterey,053,433212.0,582683,1731,293519,721,264728,974,23632,34,27837,227,302364,248,274527,249,0.0642572227916124,0.6979585053045622,0.6337012825129498
2021-11-01,Napa,055,140530.0,215571,844,118151,269,91332,565,6073,10,10176,57,107705,65,97529,63,0.0724115847150074,0.7664199814986123,0.6940083967836049
2021-11-01,Nevada,057,99092.0,125944,495,69813,165,52488,317,3595,13,6022,56,63354,66,57332,49,0.0607718080167924,0.6393452549146248,0.5785734468978323
2021-11-01,Orange,059,3164182.0,4447615,14886,2621420,6259,1688474,8131,136397,491,168072,1746,2235513,1959,2067441,2030,0.0531170457325147,0.7065058204616549,0.6533887747291401
2021-11-01,Placer,061,380077.0,518556,2032,309784,741,194714,1232,14035,59,17383,186,255029,210,237646,224,0.0457354693917285,0.670992983000813,0.6252575136090844
2021-11-01,Plumas,063,18699.0,20027,80,3483,10,15199,62,1302,8,881,8,10488,8,9607,3,0.0471148189742767,0.5608856088560885,0.5137707898818119
2021-11-01,Riverside,065,2383286.0,2776066,8538,1674659,3794,1020381,4387,79746,352,139815,1285,1424511,1456,1284696,1718,0.0586648014547981,0.5977087936571608,0.5390439922023627
2021-11-01,Sacramento,067,1510023.0,1972733,6892,1161410,2842,754792,3818,56258,230,78005,784,993148,895,915143,1009,0.0516581535513035,0.6577038892785076,0.6060457357272041
2021-11-01,San Benito,069,59416.0,82173,255,47223,83,31395,171,3442,1,4173,35,42940,36,38767,48,0.0702336071091961,0.7227009559714554,0.6524673488622593
2021-11-01,San Bernardino,071,2135413.0,2310764,6334,1434977,3166,805330,2929,70177,239,112171,1083,1196863,1221,1084692,1490,0.0525289487326339,0.5604831477564293,0.5079541990237953
2021-11-01,San Diego,073,3302833.0,4815538,16196,2725453,6732,1908670,8895,180114,558,272356,2122,2564862,4662,2292506,4195,0.0824613294102366,0.776564240456602,0.6941029110463653
2021-11-01,San Francisco,075,870044.0,1440814,5288,946505,2925,436620,2280,57305,83,40064,444,715181,487,675117,347,0.0460482458358427,0.8220055537421096,0.7759573079062668
2021-11-01,San Joaquin,077,732212.0,889973,2693,529597,1140,333087,1496,27238,57,62140,581,465756,615,403616,503,0.084866131666785,0.6360944644447236,0.5512283327779386
2021-11-01,San Luis Obispo,079,281455.0,361619,1290,192687,508,155397,735,13388,46,15981,112,181301,132,165320,125,0.056779947060809,0.6441562594375655,0.5873763123767565
2021-11-01,San Mateo,081,765935.0,1241610,3482,786058,1737,411813,1643,43214,102,39167,263,613793,331,574626,354,0.0511361930189898,0.8013643455384595,0.7502281525194696
2021-11-01,Santa Barbara,083,443738.0,593141,1766,356532,877,211738,833,24487,55,29666,215,306187,241,276521,248,0.0668547656500006,0.6900175328684944,0.6231627672184938
2021-11-01,Santa Clara,085,1922200.0,3125060,10663,2041137,4892,968484,5484,111617,276,78528,843,1553287,938,1474759,777,0.0408531890542087,0.8080777234418896,0.7672245343876808
2021-11-01,Santa Cruz,087,273765.0,393218,1149,198636,449,183861,689,10663,11,13217,111,198105,116,184888,108,0.0482786331342574,0.7236315818311325,0.675352948696875
2021-11-01,Shasta,089,179085.0,160969,858,76639,211,76107,576,8168,71,10492,84,84780,99,74288,129,0.0585867046374626,0.4734064829550213,0.4148197783175587
2021-11-01,Sierra,091,2930.0,3134,6,468,3,2599,3,63,0,75,0,1583,0,1508,3,0.0255972696245733,0.5402730375426621,0.5146757679180888
2021-11-01,Siskiyou,093,43540.0,41890,101,18305,24,22303,71,1245,6,2526,11,21531,11,19005,14,0.0580156178226917,0.4945107946715664,0.4364951768488746
2021-11-01,Solano,095,438530.0,580454,2093,334152,769,230657,1291,15595,33,36799,213,299262,230,262463,319,0.0839144414293206,0.6824208149955533,0.5985063735662326
2021-11-01,Sonoma,097,501317.0,748163,1905,432423,867,292366,981,23307,57,26737,167,374155,196,347418,195,0.0533335195096116,0.7463441295627318,0.69301061005312
2021-11-01,Stanislaus,099,539301.0,606660,1952,360449,914,226558,991,19304,46,43463,391,318745,428,275282,414,0.0805913580727645,0.5910335786508832,0.5104422205781187
2021-11-01,Sutter,101,95872.0,107823,321,48305,118,54831,190,4678,13,5462,45,56648,48,51186,73,0.0569717957276368,0.5908711615487316,0.5338993658210948
2021-11-01,Tehama,103,63373.0,51613,177,20092,38,29485,136,2023,3,2558,37,27032,38,24474,35,0.0403641929528348,0.4265538951919587,0.3861897022391239
2021-11-01,Trinity,105,12862.0,11548,56,2707,6,8090,47,746,3,702,3,6162,6,5460,3,0.0545793811226869,0.4790856787435857,0.4245062976208987
2021-11-01,Tulare,107,460477.0,468905,1396,287688,756,168351,592,12769,48,28157,261,243715,288,215558,369,0.061147462305392,0.5292663911552585,0.4681189288498665
2021-11-01,Tuolumne,109,53932.0,58721,286,17976,33,39340,249,1400,4,3058,43,29482,45,26424,13,0.056701030927835,0.5466513387228361,0.4899503077950011
2021-11-01,Ventura,111,848112.0,1167329,3722,650164,1436,476284,2170,40441,114,45020,378,592417,428,547397,506,0.0530826117305261,0.6985126964363197,0.6454300847057935
2021-11-01,Yolo,113,214977.0,294576,1015,153965,398,131956,596,8618,20,12855,104,149469,117,136614,119,0.0597970945729078,0.6952790298497048,0.6354819352767971
2021-11-01,Yuba,115,75493.0,68410,204,28624,56,35725,140,4040,8,3608,26,36880,31,33272,45,0.0477925105638933,0.4885221146331448,0.4407296040692514
2021-10-31,Alameda,001,1643700.0,2533129,2218,1655249,1180,760062,977,116995,61,75027,217,1279241,242,1204214,248,0.045645190728235,0.7782691488714486,0.7326239581432135
2021-10-31,Alpine,003,1148.0,1579,0,57,0,1516,0,6,0,101,0,801,0,700,0,0.087979094076655,0.6977351916376306,0.6097560975609756
2021-10-31,Amador,005,37829.0,43442,191,13248,15,28577,173,1614,3,3161,16,22310,18,19149,14,0.0835602315683734,0.5897591794654894,0.506198947897116
2021-10-31,Butte,007,227075.0,223193,197,113679,61,100663,134,8829,2,10117,18,114842,18,104725,36,0.0445535615985907,0.5057447979742375,0.4611912363756468
2021-10-31,Calaveras,009,45235.0,50439,88,22182,23,26737,63,1518,2,2922,19,25565,21,22643,10,0.0645959986735934,0.5651597214546259,0.5005637227810323
2021-10-31,Colusa,011,21464.0,23708,25,7093,15,15575,10,1021,0,1234,7,12696,7,11462,13,0.0574916138650764,0.5915020499440924,0.534010436079016
2021-10-31,Contra Costa,013,1133247.0,1805631,1903,1241765,978,506753,908,56713,17,46826,187,893167,198,846341,240,0.0413202064510208,0.7881485677879579,0.7468283613369371
2021-10-31,Del Norte,015,27424.0,25144,18,10154,5,13594,12,1342,1,1505,3,13153,4,11648,3,0.0548789381563593,0.4796163943990665,0.4247374562427071
2021-10-31,El Dorado,017,186661.0,230615,268,117269,78,104642,179,8678,11,9780,27,116664,32,106884,32,0.0523944476885905,0.6250046876423034,0.5726102399537129
2021-10-31,Fresno,019,978130.0,1131214,943,641879,487,450006,440,38774,16,61265,169,588230,176,526965,250,0.062634823591956,0.601382229356016,0.53874740576406
2021-10-31,Glenn,021,27897.0,28405,13,13375,7,13530,6,1467,0,1204,3,14986,3,13782,3,0.0431587625909596,0.5371903788937878,0.4940316163028282
2021-10-31,Humboldt,023,135768.0,171485,171,90266,60,72775,105,8295,6,7336,18,87724,19,80388,20,0.0540333510105474,0.6461316363207825,0.5920982853102351
2021-10-31,Imperial,025,180216.0,278277,82,148607,38,112644,37,16988,7,25551,19,155511,26,129960,19,0.1417798641630044,0.8629145025968837,0.7211346384338794
2021-10-31,Inyo,027,18085.0,21775,3,8847,0,12163,2,603,1,858,0,10751,0,9893,0,0.0474426320154824,0.5944705557091512,0.5470279236936688
2021-10-31,Kern,029,883053.0,869606,628,478139,288,354110,312,37119,28,51935,139,462132,151,410197,197,0.0588130044289527,0.5233343864977527,0.4645213820687999
2021-10-31,Kings,031,150075.0,123387,238,62310,111,55333,108,5702,19,8102,53,66297,59,58195,68,0.0539863401632517,0.4417591204397801,0.3877727802765284
2021-10-31,Lake,033,64148.0,67979,62,23665,16,41245,46,3066,0,3806,8,35899,8,32093,9,0.0593315458003367,0.5596277358608218,0.5002961900604851
2021-10-31,Lassen,035,31185.0,15785,20,3070,3,11290,13,1411,4,1016,3,8753,4,7737,4,0.0325797659130992,0.2806798140131473,0.2481000481000481
2021-10-31,Los Angeles,037,10098052.0,13779420,13792,7922457,6659,5331948,6755,519977,378,689084,2137,7121538,2327,6432454,2885,0.0682393000154881,0.7052387925908878,0.6369994925753997
2021-10-31,Madera,039,155013.0,156509,95,86068,44,64307,49,6036,2,8537,21,82008,23,73471,19,0.0550728003457774,0.5290394999129105,0.473966699567133
2021-10-31,Marin,041,260295.0,444448,323,285839,122,144984,201,13595,0,12609,26,216322,26,203713,24,0.0484411917247738,0.8310647534528132,0.7826235617280394
2021-10-31,Mariposa,043,17540.0,15809,9,3915,0,11214,9,658,0,2683,1,9290,1,6607,2,0.1529646522234891,0.5296465222348917,0.3766818700114025
2021-10-31,Mendocino,045,87422.0,118502,68,66777,28,47873,39,3838,1,6320,12,59824,13,53504,11,0.0722930154880922,0.6843128731898149,0.6120198577017226
2021-10-31,Merced,047,269075.0,275073,240,169408,151,94502,85,10292,3,26373,78,148140,80,121767,61,0.0980135649911734,0.5505528198457679,0.4525392548545944
2021-10-31,Modoc,049,8938.0,7153,1,1320,0,5344,0,479,1,267,0,3724,1,3457,1,0.0298724546878496,0.4166480196912061,0.3867755650033564
2021-10-31,Mono,051,14174.0,18645,8,10846,7,7363,1,368,0,661,0,9064,0,8403,1,0.0466346832228023,0.639480739381967,0.5928460561591646
2021-10-31,Monterey,053,433212.0,580952,471,292798,186,263754,279,23598,6,27838,94,302116,99,274278,81,0.0642595311302549,0.6973860373212192,0.6331265061909642
2021-10-31,Napa,055,140530.0,214727,179,117882,87,90767,91,6063,1,10174,23,107640,24,97466,18,0.0723973528783889,0.7659574468085106,0.6935600939301216
2021-10-31,Nevada,057,99092.0,125449,126,69648,26,52171,97,3582,3,6005,9,63288,10,57283,10,0.060600250272474,0.6386792072013886,0.5780789569289145
2021-10-31,Orange,059,3164182.0,4432729,4896,2615161,2167,1680343,2630,135906,99,168143,643,2233554,697,2065411,726,0.0531394843912265,0.7058867031036773,0.6527472187124508
2021-10-31,Placer,061,380077.0,516524,454,309043,193,193482,246,13976,15,17397,45,254819,51,237422,55,0.0457723040331301,0.6704404633797888,0.6246681593466588
2021-10-31,Plumas,063,18699.0,19947,10,3473,0,15137,9,1294,1,876,1,10480,1,9604,1,0.046847424995989,0.5604577784908283,0.5136103534948393
2021-10-31,Riverside,065,2383286.0,2767528,2157,1670865,1136,1015994,980,79394,41,140077,377,1423055,408,1282978,573,0.0587747337079981,0.5970978724332707,0.5383231387252726
2021-10-31,Sacramento,067,1510023.0,1965841,1696,1158568,789,750974,886,56028,21,78119,250,992253,263,914134,343,0.0517336490901131,0.6571111830746948,0.6053775339845817
2021-10-31,San Benito,069,59416.0,81918,57,47140,9,31224,47,3441,1,4185,3,42904,4,38719,6,0.0704355729096539,0.7220950585700822,0.6516594856604282
2021-10-31,San Bernardino,071,2135413.0,2304430,1841,1431811,1049,802401,777,69938,15,112440,327,1195642,334,1083202,545,0.0526549196806425,0.5599113614087766,0.5072564417281341
2021-10-31,San Diego,073,3302833.0,4799342,4532,2718721,2030,1899775,2362,179556,138,271889,719,2560200,1511,2288311,1375,0.0823199356431281,0.7751527249485517,0.6928327893054236
2021-10-31,San Francisco,075,870044.0,1435526,1386,943580,927,434340,436,57222,23,39924,150,714694,154,674770,114,0.0458873344336608,0.821445811935948,0.7755584775022872
2021-10-31,San Joaquin,077,732212.0,887280,891,528457,449,331591,431,27181,11,62028,219,465141,226,403113,212,0.084713170502532,0.6352545437660131,0.5505413732634811
2021-10-31,San Luis Obispo,079,281455.0,360329,422,192179,141,154662,278,13342,3,15974,32,181169,34,165195,31,0.0567550762999413,0.6436872679469187,0.5869321916469773
2021-10-31,San Mateo,081,765935.0,1238128,1438,784321,817,410170,583,43112,38,39190,139,613462,157,574272,153,0.0511662216767741,0.8009321939851293,0.7497659723083552
2021-10-31,Santa Barbara,083,443738.0,591375,650,355655,298,210905,348,24432,4,29673,88,305946,89,276273,92,0.0668705407244815,0.6894744195899382,0.6226038788654567
2021-10-31,Santa Clara,085,1922200.0,3114397,2955,2036245,1352,963000,1535,111341,67,78367,246,1552349,274,1473982,272,0.0407694308604723,0.8075897409218604,0.766820310061388
2021-10-31,Santa Cruz,087,273765.0,392069,386,198187,125,183172,258,10652,3,13209,34,197989,37,184780,47,0.0482494109911785,0.7232078607564882,0.6749584497653096
2021-10-31,Shasta,089,179085.0,160111,202,76428,82,75531,111,8097,9,10522,30,84681,34,74159,51,0.0587542228550688,0.472853672836921,0.4140994499818522
2021-10-31,Sierra,091,2930.0,3128,0,465,0,2596,0,63,0,78,0,1583,0,1505,0,0.0266211604095563,0.5402730375426621,0.5136518771331058
2021-10-31,Siskiyou,093,43540.0,41789,24,18281,4,22232,17,1239,3,2529,6,21520,8,18991,4,0.058084519981626,0.4942581534221406,0.4361736334405144
2021-10-31,Solano,095,438530.0,578361,405,333383,187,229366,211,15562,7,36888,54,299032,58,262144,89,0.084117392196657,0.6818963354844595,0.5977789432878025
2021-10-31,Sonoma,097,501317.0,746258,497,431556,262,291385,230,23250,5,26736,54,373959,55,347223,43,0.0533315247637722,0.7459531593781978,0.6926216346144256
2021-10-31,Stanislaus,099,539301.0,604708,485,359535,274,225567,206,19258,5,43449,123,318317,127,274868,123,0.0805653985436704,0.5902399587614338,0.5096745602177634
2021-10-31,Sutter,101,95872.0,107502,154,48187,88,54641,65,4665,1,5487,18,56600,19,51113,31,0.0572325600801068,0.5903704939919893,0.5331379339118825
2021-10-31,Tehama,103,63373.0,51436,64,20054,22,29349,42,2020,0,2555,8,26994,8,24439,14,0.0403168541808025,0.4259542707462168,0.3856374165654143
2021-10-31,Trinity,105,12862.0,11492,4,2701,3,8043,1,743,0,699,0,6156,0,5457,0,0.0543461359042139,0.4786191883066397,0.4242730524024257
2021-10-31,Tulare,107,460477.0,467509,419,286932,214,167759,188,12721,17,28238,77,243427,82,215189,129,0.0613233668565422,0.5286409527511688,0.4673175858946267
2021-10-31,Tuolumne,109,53932.0,58435,51,17943,7,39091,44,1396,0,3026,7,29437,7,26411,9,0.0561076911666543,0.5458169546836757,0.4897092635170214
2021-10-31,Ventura,111,848112.0,1163607,1027,648728,417,474114,588,40327,21,45098,121,591989,139,546891,172,0.0531745807157545,0.698008046107118,0.6448334653913634
2021-10-31,Yolo,113,214977.0,293561,188,153567,75,131360,111,8598,2,12857,26,149352,26,136495,20,0.0598063978937281,0.6947347855817134,0.6349283876879852
2021-10-31,Yuba,115,75493.0,68206,88,28568,36,35585,45,4032,7,3622,13,36849,17,33227,22,0.047977958221292,0.4881114805346191,0.4401335223133271
2021-10-30,Alameda,001,1643700.0,2530911,4808,1654069,2515,759085,2111,116934,182,75033,427,1278999,473,1203966,492,0.0456488410293849,0.7781219200584049,0.7324730790290199
2021-10-30,Alpine,003,1148.0,1579,0,57,0,1516,0,6,0,101,0,801,0,700,0,0.087979094076655,0.6977351916376306,0.6097560975609756
2021-10-30,Amador,005,37829.0,43251,48,13233,10,28404,37,1611,1,3157,8,22292,9,19135,11,0.0834544925850537,0.5892833540405509,0.5058288614554971
2021-10-30,Butte,007,227075.0,222996,801,113618,210,100529,578,8827,13,10135,72,114824,74,104689,74,0.0446328305625894,0.5056655290102389,0.4610326984476494
2021-10-30,Calaveras,009,45235.0,50351,178,22159,56,26674,118,1516,4,2911,30,25544,31,22633,9,0.064352824140599,0.5646954791643639,0.5003426550237647
2021-10-30,Colusa,011,21464.0,23683,27,7078,6,15565,20,1021,0,1240,1,12689,1,11449,4,0.0577711516958628,0.5911759224748416,0.5334047707789787
2021-10-30,Contra Costa,013,1133247.0,1803728,3142,1240787,1579,505845,1496,56696,67,46868,278,892969,307,846101,385,0.0413572680977756,0.7879738485961136,0.746616580498338
2021-10-30,Del Norte,015,27424.0,25126,51,10149,17,13582,34,1341,0,1504,6,13149,6,11645,10,0.0548424737456242,0.479470536756126,0.4246280630105017
2021-10-30,El Dorado,017,186661.0,230347,383,117191,156,104463,210,8667,17,9780,43,116632,52,106852,51,0.0523944476885905,0.6248332538666352,0.5724388061780447
2021-10-30,Fresno,019,978130.0,1130271,2066,641392,1079,449566,954,38758,30,61339,319,588054,340,526715,403,0.0627104781573001,0.6012022941735761,0.5384918160162759
2021-10-30,Glenn,021,27897.0,28392,39,13368,14,13524,25,1467,0,1204,8,14983,8,13779,10,0.0431587625909596,0.5370828404487937,0.4939240778578341
2021-10-30,Humboldt,023,135768.0,171314,389,90206,126,72670,243,8289,20,7337,25,87705,29,80368,41,0.0540407165164103,0.6459916917093866,0.5919509751929762
2021-10-30,Imperial,025,180216.0,278195,245,148569,113,112607,113,16981,19,25544,61,155485,68,129941,49,0.1417410218848493,0.8627702312780219,0.7210292093931726
2021-10-30,Inyo,027,18085.0,21772,25,8847,9,12161,15,602,1,858,4,10751,4,9893,3,0.0474426320154824,0.5944705557091512,0.5470279236936688
2021-10-30,Kern,029,883053.0,868978,1661,477851,747,353798,844,37091,70,51981,303,461981,341,410000,476,0.0588650964324904,0.5231633888339658,0.4642982924014753
2021-10-30,Kings,031,150075.0,123149,235,62199,86,55225,149,5683,0,8111,28,66238,28,58127,57,0.0540463101782442,0.4413659836748292,0.387319673496585
2021-10-30,Lake,033,64148.0,67917,91,23649,28,41199,63,3066,0,3807,17,35891,17,32084,19,0.0593471347508885,0.5595030242564071,0.5001558895055185
2021-10-30,Lassen,035,31185.0,15765,30,3067,12,11277,16,1407,2,1016,7,8749,8,7733,7,0.0325797659130992,0.2805515472182139,0.2479717813051146
2021-10-30,Los Angeles,037,10098052.0,13765628,28201,7915798,13658,5325193,13341,519599,1192,689642,4162,7119211,4581,6429569,5472,0.0682945581979573,0.7050083521059309,0.6367137939079736
2021-10-30,Madera,039,155013.0,156414,308,86024,141,64258,158,6034,9,8533,53,81985,57,73452,50,0.0550469960583951,0.528891125260462,0.4738441292020669
2021-10-30,Marin,041,260295.0,444125,1086,285717,389,144783,665,13595,32,12607,86,216296,97,203689,59,0.0484335081350006,0.8309648667857623,0.7825313586507616
2021-10-30,Mariposa,043,17540.0,15800,23,3915,4,11205,19,658,0,2684,6,9289,6,6605,4,0.1530216647662485,0.5295895096921323,0.3765678449258837
2021-10-30,Mendocino,045,87422.0,118434,101,66749,36,47834,61,3837,4,6318,6,59811,7,53493,16,0.0722701379515453,0.6841641692022603,0.611894031250715
2021-10-30,Merced,047,269075.0,274833,460,169257,293,94417,155,10289,12,26354,125,148060,133,121706,115,0.0979429527083527,0.5502555049707331,0.4523125522623804
2021-10-30,Modoc,049,8938.0,7152,10,1320,0,5344,7,478,3,267,1,3723,1,3456,2,0.0298724546878496,0.4165361378384426,0.3866636831505929
2021-10-30,Mono,051,14174.0,18637,31,10839,13,7362,17,368,1,662,3,9064,3,8402,2,0.0467052349372089,0.639480739381967,0.592775504444758
2021-10-30,Monterey,053,433212.0,580481,840,292612,348,263475,470,23592,22,27820,139,302017,156,274197,161,0.0642179810346897,0.6971575117956105,0.6329395307609208
2021-10-30,Napa,055,140530.0,214548,206,117795,91,90676,106,6062,9,10168,21,107616,24,97448,22,0.0723546573685334,0.7657866647690884,0.693432007400555
2021-10-30,Nevada,057,99092.0,125323,258,69622,57,52074,194,3579,6,6005,19,63278,21,57273,21,0.060600250272474,0.6385782908812013,0.5779780406087273
2021-10-30,Orange,059,3164182.0,4427833,8663,2612994,3739,1677713,4716,135807,208,168172,1020,2232857,1118,2064685,1162,0.0531486494771792,0.7056664250033658,0.6525177755261865
2021-10-30,Placer,061,380077.0,516070,735,308850,284,193236,428,13961,23,17401,82,254768,97,237367,91,0.0457828282163877,0.6703062800432544,0.6245234518268666
2021-10-30,Plumas,063,18699.0,19937,34,3473,3,15128,31,1293,0,876,3,10479,3,9603,0,0.046847424995989,0.5604042996951709,0.5135568746991818
2021-10-30,Riverside,065,2383286.0,2765371,4431,1669729,2170,1015014,2105,79353,154,140242,682,1422647,760,1282405,973,0.0588439658521889,0.5969266802221807,0.5380827143699917
2021-10-30,Sacramento,067,1510023.0,1964145,3708,1157779,1580,750088,1965,56007,157,78199,390,991990,450,913791,596,0.0517866284155936,0.6569370135421778,0.6051503851265841
2021-10-30,San Benito,069,59416.0,81861,121,47131,54,31177,60,3440,7,4187,17,42900,22,38713,27,0.0704692338763969,0.7220277366365963,0.6515585027601992
2021-10-30,San Bernardino,071,2135413.0,2302589,3904,1430762,2238,801624,1533,69923,132,112651,659,1195308,742,1082657,1035,0.052753729606404,0.5597549513841117,0.5070012217777077
2021-10-30,San Diego,073,3302833.0,4794810,7900,2716691,3800,1897413,3855,179418,244,271753,1191,2558689,2391,2286936,2211,0.0822787588715505,0.7746952389055093,0.6924164800339587
2021-10-30,San Francisco,075,870044.0,1434140,2356,942653,1434,433904,865,57199,57,39884,203,714540,238,674656,211,0.0458413597473231,0.821268809393548,0.7754274496462248
2021-10-30,San Joaquin,077,732212.0,886389,1526,528008,758,331160,735,27170,33,62014,358,464915,379,402901,277,0.0846940503570004,0.6349458899881455,0.5502518396311451
2021-10-30,San Luis Obispo,079,281455.0,359907,815,192038,393,154384,398,13339,24,15971,65,181135,73,165164,79,0.0567444174024266,0.6435664671084188,0.586822049705992
2021-10-30,San Mateo,081,765935.0,1236690,4324,783504,1622,409587,2627,43074,74,39186,303,613305,329,574119,297,0.0511609993015073,0.8007272157559062,0.7495662164543989
2021-10-30,Santa Barbara,083,443738.0,590725,765,355357,352,210557,393,24428,20,29676,66,305857,78,276181,148,0.0668773014706876,0.689273850785824,0.6223965493151364
2021-10-30,Santa Clara,085,1922200.0,3111442,7677,2034893,3183,961465,4267,111274,223,78365,464,1552075,522,1473710,524,0.040768390386016,0.8074471959213402,0.7666788055353241
2021-10-30,Santa Cruz,087,273765.0,391683,475,198062,185,182914,284,10649,6,13219,58,197952,62,184733,53,0.0482859386700272,0.7230727083447482,0.6747867696747211
2021-10-30,Shasta,089,179085.0,159909,374,76346,122,75420,232,8088,20,10539,48,84647,59,74108,75,0.0588491498450456,0.4726638188569673,0.4138146690119217
2021-10-30,Sierra,091,2930.0,3128,4,465,0,2596,4,63,0,78,2,1583,2,1505,0,0.0266211604095563,0.5402730375426621,0.5136518771331058
2021-10-30,Siskiyou,093,43540.0,41765,61,18277,23,22215,37,1236,1,2525,10,21512,10,18987,2,0.0579926504363803,0.494074414331649,0.4360817638952687
2021-10-30,Solano,095,438530.0,577956,733,333196,342,229155,378,15555,13,36919,108,298974,116,262055,132,0.0841880829133696,0.6817640754338358,0.5975759925204661
2021-10-30,Sonoma,097,501317.0,745761,1529,431294,646,291155,844,23245,39,26724,130,373904,144,347180,173,0.0533075878136987,0.7458434483570275,0.6925358605433288
2021-10-30,Stanislaus,099,539301.0,604223,1547,359261,652,225361,878,19253,17,43445,256,318190,264,274745,251,0.0805579815353578,0.5900044687475083,0.5094464872121506
2021-10-30,Sutter,101,95872.0,107348,176,48099,66,54576,108,4664,2,5499,32,56581,32,51082,33,0.0573577269692923,0.5901723130841121,0.5328145861148198
2021-10-30,Tehama,103,63373.0,51372,103,20032,30,29307,71,2020,2,2561,17,26986,19,24425,20,0.040411531724867,0.4258280340207975,0.3854165022959304
2021-10-30,Trinity,105,12862.0,11488,41,2698,3,8042,38,743,0,699,5,6156,5,5457,8,0.0543461359042139,0.4786191883066397,0.4242730524024257
2021-10-30,Tulare,107,460477.0,467090,1656,286718,886,167571,756,12704,14,28285,306,243345,318,215060,343,0.0614254349294318,0.5284628765388933,0.4670374416094615
2021-10-30,Tuolumne,109,53932.0,58384,70,17936,7,39047,61,1396,2,3028,13,29430,14,26402,9,0.0561447749017281,0.5456871616109175,0.4895423867091893
2021-10-30,Ventura,111,848112.0,1162580,1912,648311,756,473526,1113,40306,43,45131,215,591850,242,546719,251,0.0532134906710434,0.6978441526590827,0.6446306619880393
2021-10-30,Yolo,113,214977.0,293373,300,153492,106,131249,186,8596,8,12851,26,149326,27,136475,34,0.059778487931267,0.6946138424110486,0.6348353544797816
2021-10-30,Yuba,115,75493.0,68118,124,28532,57,35540,65,4025,2,3627,15,36832,16,33205,34,0.0480441895275058,0.4878862940934921,0.4398421045659862
2021-10-29,Alameda,001,1643700.0,2526103,10512,1651554,5390,756974,4808,116752,309,75052,790,1278526,880,1203474,894,0.0456604003163594,0.7778341546510921,0.7321737543347326
2021-10-29,Alpine,003,1148.0,1579,2,57,0,1516,2,6,0,101,0,801,0,700,1,0.087979094076655,0.6977351916376306,0.6097560975609756
2021-10-29,Amador,005,37829.0,43203,344,13223,43,28367,297,1610,4,3159,29,22283,32,19124,35,0.0835073620767136,0.5890454413280817,0.505538079251368
2021-10-29,Butte,007,227075.0,222195,968,113408,278,99951,674,8814,16,10135,78,114750,84,104615,115,0.0446328305625894,0.5053396454915777,0.4607068149289882
2021-10-29,Calaveras,009,45235.0,50173,335,22103,95,26556,233,1512,7,2889,66,25513,71,22624,29,0.0638664750746103,0.5640101691168343,0.5001436940422239
2021-10-29,Colusa,011,21464.0,23656,64,7072,29,15545,31,1021,4,1243,16,12688,16,11445,9,0.057910920611256,0.5911293328363771,0.5332184122251211
2021-10-29,Contra Costa,013,1133247.0,1800586,7523,1239208,3987,504349,3399,56629,137,46946,595,892662,654,845716,884,0.0414260968703204,0.7877029456067388,0.7462768487364184
2021-10-29,Del Norte,015,27424.0,25075,129,10132,50,13548,73,1341,6,1508,15,13143,16,11635,26,0.0549883313885647,0.4792517502917153,0.4242634189031505
2021-10-29,El Dorado,017,186661.0,229964,987,117035,359,104253,586,8650,42,9779,100,116580,118,106801,101,0.0523890903831009,0.6245546739811745,0.5721655835980736
2021-10-29,Fresno,019,978130.0,1128205,4443,640313,2261,448612,2075,38728,100,61402,604,587714,653,526312,893,0.0627748867737417,0.6008546921165898,0.538079805342848
2021-10-29,Glenn,021,27897.0,28353,151,13354,70,13499,72,1467,9,1206,20,14975,24,13769,30,0.0432304548876223,0.5367960712621429,0.4935656163745205
2021-10-29,Humboldt,023,135768.0,170925,784,90080,271,72427,495,8269,18,7349,58,87676,67,80327,98,0.0541291025867656,0.6457780920393613,0.5916489894525956
2021-10-29,Imperial,025,180216.0,277950,829,148456,402,112494,370,16962,57,25525,165,155417,190,129892,139,0.1416355928441426,0.8623929062902295,0.720757313446087
2021-10-29,Inyo,027,18085.0,21747,114,8838,20,12146,92,601,2,857,9,10747,10,9890,17,0.0473873375725739,0.5942493779375173,0.5468620403649433
2021-10-29,Kern,029,883053.0,867317,3971,477104,1674,352954,2151,37021,145,52116,622,461640,691,409524,909,0.059017975138525,0.5227772285468709,0.4637592534083458
2021-10-29,Kings,031,150075.0,122914,476,62113,166,55076,283,5683,26,8140,72,66210,84,58070,102,0.05423954689322,0.4411794102948526,0.3869398634016325
2021-10-29,Lake,033,64148.0,67826,261,23621,58,41136,182,3066,21,3809,42,35874,56,32065,39,0.0593783126519922,0.5592380120970256,0.4998596994450333
2021-10-29,Lassen,035,31185.0,15735,82,3055,24,11261,47,1405,11,1015,10,8741,12,7726,19,0.0325476992143658,0.2802950136283469,0.247747314413981
2021-10-29,Los Angeles,037,10098052.0,13737427,56481,7902140,26882,5311852,27556,518407,2018,690533,7318,7114630,8086,6424097,9596,0.0683827930377066,0.7045547002530785,0.6361719072153719
2021-10-29,Madera,039,155013.0,156106,685,85883,253,64100,417,6025,15,8526,84,81928,94,73402,105,0.0550018385554759,0.5285234141652636,0.4735215756097876
2021-10-29,Marin,041,260295.0,443039,1849,285328,669,144118,1153,13563,27,12569,103,216199,114,203630,86,0.0482875199293109,0.830592212681765,0.782304692752454
2021-10-29,Mariposa,043,17540.0,15777,48,3911,5,11186,43,658,0,2682,15,9283,15,6601,9,0.1529076396807297,0.5292474344355759,0.3763397947548461
2021-10-29,Mendocino,045,87422.0,118333,1046,66713,331,47773,686,3833,28,6327,102,59804,110,53477,115,0.0723730868660062,0.6840840978243463,0.61171101095834
2021-10-29,Merced,047,269075.0,274373,855,168964,464,94262,371,10277,19,26336,202,147927,217,121591,206,0.0978760568614698,0.5497612189909876,0.4518851621295178
2021-10-29,Modoc,049,8938.0,7142,15,1320,3,5337,12,475,0,268,4,3722,4,3454,3,0.0299843365406131,0.4164242559856791,0.386439919445066
2021-10-29,Mono,051,14174.0,18606,59,10826,33,7345,23,367,3,661,4,9061,6,8400,6,0.0466346832228023,0.639269084238747,0.5926344010159447
2021-10-29,Monterey,053,433212.0,579641,2536,292264,1245,263005,1241,23570,47,27825,283,301861,304,274036,357,0.0642295227279022,0.6967974109673786,0.6325678882394763
2021-10-29,Napa,055,140530.0,214342,663,117704,257,90570,386,6053,20,10166,54,107592,58,97426,50,0.0723404255319148,0.7656158827296663,0.6932754571977514
2021-10-29,Nevada,057,99092.0,125065,512,69565,223,51880,279,3573,10,6005,56,63257,60,57252,53,0.060600250272474,0.638366366608808,0.5777661163363339
2021-10-29,Orange,059,3164182.0,4419170,17394,2609255,7552,1672997,9290,135599,550,168216,1804,2231739,2035,2063523,2216,0.0531625551248316,0.7053130951380168,0.6521505400131851
2021-10-29,Placer,061,380077.0,515335,2426,308566,854,192808,1534,13938,38,17395,193,254671,213,237276,238,0.0457670419415013,0.6700510685992576,0.6242840266577562
2021-10-29,Plumas,063,18699.0,19903,114,3470,17,15097,84,1293,13,873,9,10476,9,9603,6,0.0466869886090165,0.5602438633081983,0.5135568746991818
2021-10-29,Riverside,065,2383286.0,2760940,11160,1667559,5195,1012909,5562,79199,399,140455,1412,1421887,1584,1281432,1952,0.058933338256508,0.5966077927701501,0.537674454513642
2021-10-29,Sacramento,067,1510023.0,1960437,8246,1156199,3443,748123,4560,55850,243,78345,849,991540,941,913195,1164,0.0518833156845955,0.6566390048363502,0.6047556891517546
2021-10-29,San Benito,069,59416.0,81740,294,47077,132,31117,156,3433,6,4192,31,42878,33,38686,49,0.0705533862932543,0.7216574660024236,0.6511040797091693
2021-10-29,San Bernardino,071,2135413.0,2298685,8099,1428524,4229,800091,3602,69791,266,112944,1231,1194566,1350,1081622,1760,0.0528909395981011,0.559407477616742,0.5065165380186409
2021-10-29,San Diego,073,3302833.0,4786910,17457,2712891,7802,1893558,9132,179174,523,271573,2195,2556298,4808,2284725,4680,0.082224260203286,0.7739713149287294,0.6917470547254433
2021-10-29,San Francisco,075,870044.0,1431784,5914,941219,3245,433039,2593,57142,76,39857,391,714302,439,674445,352,0.0458103268340451,0.8209952600098386,0.7751849331757934
2021-10-29,San Joaquin,077,732212.0,884863,3404,527250,1757,330425,1582,27137,65,61912,654,464536,685,402624,545,0.0845547464395557,0.6344282803341109,0.5498735338945552
2021-10-29,San Luis Obispo,079,281455.0,359092,1386,191645,456,153986,901,13315,29,15977,109,181062,121,165085,128,0.056765735197456,0.6433071006022277,0.5865413654047716
2021-10-29,San Mateo,081,765935.0,1232366,6700,781882,2960,406960,3589,43000,151,39154,336,612976,391,573822,407,0.0511192202993726,0.8002976753902094,0.7491784550908367
2021-10-29,Santa Barbara,083,443738.0,589960,2672,355005,1103,210164,1511,24408,58,29746,272,305779,298,276033,415,0.0670350522154965,0.6890980713844657,0.6220630191689691
2021-10-29,Santa Clara,085,1922200.0,3103765,13273,2031710,5839,957198,7070,111051,362,78367,929,1551553,1037,1473186,973,0.0407694308604723,0.8071756320882323,0.7664062012277598
2021-10-29,Santa Cruz,087,273765.0,391208,1649,197877,500,182630,1135,10643,14,13210,141,197890,146,184680,141,0.0482530637590634,0.7228462367358867,0.6745931729768232
2021-10-29,Shasta,089,179085.0,159535,824,76224,277,75188,528,8068,19,10555,108,84588,116,74033,139,0.0589384928944356,0.4723343663623419,0.4133958734679063
2021-10-29,Sierra,091,2930.0,3124,5,465,1,2592,4,63,0,76,0,1581,0,1505,0,0.025938566552901,0.5395904436860068,0.5136518771331058
2021-10-29,Siskiyou,093,43540.0,41704,220,18254,44,22178,170,1235,6,2517,37,21502,38,18985,28,0.0578089113458888,0.4938447404685346,0.4360358291226458
2021-10-29,Solano,095,438530.0,577223,2788,332854,1127,228777,1568,15542,93,36935,280,298858,311,261923,391,0.0842245684445762,0.6814995553325884,0.5972749868880122
2021-10-29,Sonoma,097,501317.0,744232,2894,430648,1299,290311,1532,23206,63,26753,244,373760,275,347007,331,0.053365435443043,0.7455562049561455,0.6921907695131024
2021-10-29,Stanislaus,099,539301.0,602676,2041,358609,893,224483,1112,19236,36,43432,393,317926,415,274494,483,0.0805338762583418,0.5895149461988759,0.5089810699405342
2021-10-29,Sutter,101,95872.0,107172,509,48033,164,54468,332,4662,13,5500,76,56549,84,51049,90,0.0573681575433911,0.5898385347129506,0.5324703771695594
2021-10-29,Tehama,103,63373.0,51269,293,20002,45,29236,235,2018,13,2562,35,26967,42,24405,52,0.0404273113155444,0.4255282217979265,0.3851009104823821
2021-10-29,Trinity,105,12862.0,11447,139,2695,15,8004,119,743,5,702,15,6151,15,5449,16,0.0545793811226869,0.4782304462758513,0.4236510651531643
2021-10-29,Tulare,107,460477.0,465434,2989,285832,1743,166815,1204,12690,40,28310,475,243027,498,214717,602,0.0614797264575646,0.5277722883010444,0.4662925618434796
2021-10-29,Tuolumne,109,53932.0,58314,356,17929,63,38986,288,1394,5,3023,52,29416,55,26393,24,0.0560520655640436,0.5454275754654009,0.4893755099013572
2021-10-29,Ventura,111,848112.0,1160668,4410,647555,1785,472413,2512,40263,112,45140,408,591608,455,546468,548,0.0532241024770313,0.697558812986964,0.6443347105099326
2021-10-29,Yolo,113,214977.0,293073,1290,153386,484,131063,739,8588,67,12858,136,149299,174,136441,156,0.0598110495541383,0.6944882475799736,0.6346771980258353
2021-10-29,Yuba,115,75493.0,67994,264,28475,78,35475,182,4023,4,3645,48,36816,50,33171,59,0.0482826222298756,0.4876743539136078,0.4393917316837322
2021-10-28,Alameda,001,1643700.0,2515591,9100,1646164,4667,752166,4171,116443,262,75066,654,1277646,729,1202580,803,0.045668917685709,0.7772987771491148,0.7316298594634058
2021-10-28,Alpine,003,1148.0,1577,1,57,1,1514,0,6,0,102,0,801,0,699,1,0.0888501742160278,0.6977351916376306,0.6088850174216028
2021-10-28,Amador,005,37829.0,42859,367,13180,54,28070,297,1606,16,3162,49,22251,57,19089,43,0.0835866663142033,0.5881995294615242,0.5046128631473208
2021-10-28,Butte,007,227075.0,221227,898,113130,305,99277,571,8798,22,10166,82,114666,93,104500,125,0.0447693493339205,0.5049697236595838,0.4602003743256633
2021-10-28,Calaveras,009,45235.0,49838,308,22008,56,26323,249,1505,3,2847,46,25442,49,22595,26,0.0629379904940864,0.5624405880402343,0.4995025975461479
2021-10-28,Colusa,011,21464.0,23592,57,7043,28,15514,29,1017,0,1236,15,12672,15,11436,17,0.0575847931420052,0.5903838986209468,0.5327991054789415
2021-10-28,Contra Costa,013,1133247.0,1793063,6747,1235221,3366,500950,3260,56492,119,47176,562,892008,623,844832,798,0.0416290535073112,0.7871258428215561,0.7454967893142448
2021-10-28,Del Norte,015,27424.0,24946,120,10082,48,13475,69,1335,3,1518,10,13127,12,11609,18,0.0553529754959159,0.4786683197199533,0.4233153442240373
2021-10-28,El Dorado,017,186661.0,228977,992,116676,360,103667,614,8608,18,9762,89,116462,97,106700,98,0.0522980161897771,0.623922511933398,0.5716244957436208
2021-10-28,Fresno,019,978130.0,1123762,4122,638052,1945,446537,2110,38628,67,61642,561,587061,594,525419,750,0.0630202529316144,0.6001870916953779,0.5371668387637635
2021-10-28,Glenn,021,27897.0,28202,66,13284,37,13427,28,1458,1,1212,14,14951,14,13739,18,0.0434455317776104,0.5359357637021902,0.4924902319245797
2021-10-28,Humboldt,023,135768.0,170141,652,89809,203,71932,414,8251,35,7380,49,87609,59,80229,75,0.0543574332685168,0.6452846031465441,0.5909271698780272
2021-10-28,Imperial,025,180216.0,277121,988,148054,469,112124,452,16905,67,25474,185,155227,221,129753,170,0.1413525991032982,0.8613386158831624,0.7199860167798642
2021-10-28,Inyo,027,18085.0,21633,104,8818,30,12054,72,599,2,864,10,10737,11,9873,8,0.0477743986729333,0.5936964335084324,0.5459220348354991
2021-10-28,Kern,029,883053.0,863346,3021,475430,1302,350803,1577,36876,142,52334,492,460949,572,408615,791,0.0592648459378995,0.5219947160589455,0.4627298701210459
2021-10-28,Kings,031,150075.0,122438,404,61947,170,54793,217,5657,17,8158,81,66126,93,57968,97,0.054359486923205,0.4406196901549225,0.3862602032317174
2021-10-28,Lake,033,64148.0,67565,258,23563,52,40954,204,3045,2,3792,33,35818,35,32026,26,0.0591133004926108,0.5583650308661221,0.4992517303735113
2021-10-28,Lassen,035,31185.0,15653,86,3031,24,11214,53,1394,9,1022,10,8729,12,7707,28,0.0327721661054994,0.2799102132435466,0.2471380471380471
2021-10-28,Los Angeles,037,10098052.0,13680946,45548,7875258,20656,5284296,23076,516389,1800,692043,6112,7106544,6860,6414501,7985,0.0685323268289765,0.7037539517522785,0.635221624923302
2021-10-28,Madera,039,155013.0,155421,611,85630,245,63683,343,6010,23,8537,85,81834,93,73297,98,0.0550728003457774,0.5279170134117783,0.4728442130660009
2021-10-28,Marin,041,260295.0,441190,1678,284659,648,142965,1003,13536,27,12541,84,216085,94,203544,86,0.0481799496724869,0.8301542480646958,0.7819742983922089
2021-10-28,Mariposa,043,17540.0,15729,155,3906,11,11143,140,658,4,2676,53,9268,56,6592,33,0.1525655644241733,0.5283922462941847,0.3758266818700114
2021-10-28,Mendocino,045,87422.0,117287,329,66382,135,47087,182,3805,12,6332,26,59694,30,53362,42,0.0724302807073734,0.6828258333142687,0.6103955526068953
2021-10-28,Merced,047,269075.0,273518,736,168500,405,93891,303,10258,26,26325,185,147710,198,121385,164,0.0978351760661525,0.5489547523924556,0.451119576326303
2021-10-28,Modoc,049,8938.0,7127,142,1317,10,5325,130,475,2,267,6,3718,7,3451,11,0.0298724546878496,0.4159767285746252,0.3861042738867755
2021-10-28,Mono,051,14174.0,18547,91,10793,46,7322,43,364,2,661,4,9055,5,8394,10,0.0466346832228023,0.638845773952307,0.5922110907295047
2021-10-28,Monterey,053,433212.0,577105,1785,291019,618,261764,1145,23523,16,27878,232,301557,241,273679,277,0.0643518646759554,0.6960956760200548,0.6317438113440994
2021-10-28,Napa,055,140530.0,213679,1598,117447,451,90184,1133,6033,14,10158,105,107534,110,97376,91,0.0722834981854408,0.7652031594677293,0.6929196612822884
2021-10-28,Nevada,057,99092.0,124553,616,69342,276,51601,331,3563,9,5998,50,63197,52,57199,82,0.0605296088483429,0.6377608686876842,0.5772312598393412
2021-10-28,Orange,059,3164182.0,4401776,13637,2601703,5922,1663707,7241,135049,473,168397,1352,2229704,1535,2061307,1708,0.0532197579026743,0.7046699589340942,0.6514502010314198
2021-10-28,Placer,061,380077.0,512909,2339,307712,811,191274,1475,13900,52,17420,182,254458,214,237038,236,0.0458328180868613,0.6694906558407901,0.6236578377539288
2021-10-28,Plumas,063,18699.0,19789,269,3453,9,15013,249,1280,11,870,19,10467,23,9597,12,0.0465265522220439,0.5597625541472806,0.5132360019252367
2021-10-28,Riverside,065,2383286.0,2749780,9000,1662364,3874,1007347,4825,78800,298,140823,1099,1420303,1227,1279480,1541,0.0590877469174912,0.5959431641859181,0.5368554172684269
2021-10-28,Sacramento,067,1510023.0,1952191,7463,1152756,3124,743563,4149,55607,190,78568,770,990599,851,912031,992,0.0520309955543723,0.6560158355203861,0.6039848399660137
2021-10-28,San Benito,069,59416.0,81446,263,46945,109,30961,152,3427,2,4208,39,42845,41,38637,65,0.070822674027198,0.7211020600511646,0.6502793860239666
2021-10-28,San Bernardino,071,2135413.0,2290586,6911,1424295,3505,796489,3198,69525,208,113354,969,1193216,1074,1079862,1414,0.0530829399277797,0.5587752814092637,0.5056923414814839
2021-10-28,San Diego,073,3302833.0,4769453,14639,2705089,6530,1884426,7643,178651,464,271445,1832,2551490,4043,2280045,3889,0.0821855055947424,0.7725155949453091,0.6903300893505666
2021-10-28,San Francisco,075,870044.0,1425870,4743,937974,2646,430446,2029,57066,68,39770,318,713863,355,674093,308,0.0457103318912606,0.8204906878272823,0.7747803559360217
2021-10-28,San Joaquin,077,732212.0,881459,2673,525493,1282,328843,1343,27072,46,61772,556,463851,589,402079,491,0.0843635449842395,0.6334927589277423,0.5491292139435027
2021-10-28,San Luis Obispo,079,281455.0,357706,1658,191189,421,153085,1181,13286,56,15984,125,180941,142,164957,128,0.0567906059583237,0.6428771917358015,0.5860865857774777
2021-10-28,San Mateo,081,765935.0,1225666,5172,778922,2181,403371,2891,42849,100,39170,326,612585,371,573415,376,0.0511401098004399,0.7997871882078766,0.7486470784074367
2021-10-28,Santa Barbara,083,443738.0,587288,1961,353902,890,208653,1017,24350,54,29863,214,305481,252,275618,316,0.0672987213175342,0.6884265039279935,0.6211277826104593
2021-10-28,Santa Clara,085,1922200.0,3090492,10346,2025871,4559,950128,5508,110689,278,78303,664,1550516,745,1472213,776,0.0407361356778691,0.8066361460826137,0.7659000104047445
2021-10-28,Santa Cruz,087,273765.0,389559,1249,197377,389,181495,835,10629,25,13205,92,197744,103,184539,106,0.0482347999196391,0.7223129326246963,0.6740781327050572
2021-10-28,Shasta,089,179085.0,158711,847,75947,231,74660,583,8049,33,10578,91,84472,112,73894,143,0.0590669235279336,0.4716866292542647,0.412619705726331
2021-10-28,Sierra,091,2930.0,3119,56,464,9,2588,45,63,2,76,6,1581,8,1505,7,0.025938566552901,0.5395904436860068,0.5136518771331058
2021-10-28,Siskiyou,093,43540.0,41484,175,18210,46,22008,125,1229,4,2507,16,21464,19,18957,20,0.0575792374827744,0.4929719797887,0.4353927423059255
2021-10-28,Solano,095,438530.0,574435,2347,331727,1063,227209,1211,15449,73,37015,221,298547,237,261532,304,0.0844069961006088,0.6807903678197614,0.5963833717191527
2021-10-28,Sonoma,097,501317.0,741338,2298,429349,1011,288779,1238,23143,49,26809,206,373485,226,346676,226,0.0534771412100527,0.7450076498502943,0.6915305086402416
2021-10-28,Stanislaus,099,539301.0,600635,1565,357716,642,223371,885,19200,38,43500,322,317511,352,274011,328,0.0806599653996562,0.5887454315864424,0.5080854661867862
2021-10-28,Sutter,101,95872.0,106663,466,47869,153,54136,297,4649,16,5506,56,56465,62,50959,69,0.0574307409879839,0.5889623664886515,0.5315316255006676
2021-10-28,Tehama,103,63373.0,50976,278,19957,35,29001,234,2005,9,2572,41,26925,45,24353,47,0.0405851072223186,0.424865478989475,0.3842803717671563
2021-10-28,Trinity,105,12862.0,11308,49,2680,12,7885,32,738,5,703,8,6136,10,5433,7,0.0546571295288446,0.4770642201834862,0.4224070906546416
2021-10-28,Tulare,107,460477.0,462445,2278,284089,1199,165611,1045,12650,33,28414,389,242529,410,214115,499,0.061705579214597,0.5266908010606393,0.4649852218460422
2021-10-28,Tuolumne,109,53932.0,57958,318,17866,64,38698,250,1389,4,2992,66,29361,67,26369,15,0.0554772676703997,0.5444077727508715,0.4889305050804717
2021-10-28,Ventura,111,848112.0,1156258,3698,645770,1456,469901,2103,40151,137,45233,382,591153,451,545920,509,0.0533337578055728,0.6970223272397985,0.6436885694342257
2021-10-28,Yolo,113,214977.0,291783,1128,152902,521,130324,586,8521,21,12840,108,149125,119,136285,148,0.059727319666755,0.6936788586686018,0.6339515390018468
2021-10-28,Yuba,115,75493.0,67730,244,28397,96,35293,144,4019,4,3654,43,36766,44,33112,54,0.0484018385810604,0.4870120408514696,0.4386102022704092
2021-10-27,Alameda,001,1643700.0,2506491,9127,1641497,4947,747995,3939,116181,240,75140,790,1276917,862,1201777,746,0.0457139380665571,0.7768552655594086,0.7311413274928515
2021-10-27,Alpine,003,1148.0,1576,29,56,0,1514,29,6,0,103,2,801,2,698,2,0.0897212543554007,0.6977351916376306,0.60801393728223
2021-10-27,Amador,005,37829.0,42492,217,13126,46,27773,159,1590,12,3148,33,22194,39,19046,25,0.0832165798725845,0.5866927489492189,0.5034761690766343
2021-10-27,Butte,007,227075.0,220329,926,112825,336,98706,557,8776,33,10198,103,114573,118,104375,129,0.0449102719365848,0.5045601673455906,0.4596498954090058
2021-10-27,Calaveras,009,45235.0,49530,232,21952,49,26074,182,1502,1,2824,48,25393,49,22569,12,0.0624295346523709,0.5613573560296231,0.4989278213772521
2021-10-27,Colusa,011,21464.0,23535,67,7015,27,15485,40,1017,0,1238,15,12657,15,11419,28,0.057677972418934,0.5896850540439806,0.5320070816250466
2021-10-27,Contra Costa,013,1133247.0,1786316,7089,1231855,3683,497690,3302,56373,103,47351,589,891385,657,844034,877,0.0417834770354565,0.7865760950613591,0.7447926180259026
2021-10-27,Del Norte,015,27424.0,24826,85,10034,18,13406,66,1332,1,1524,13,13115,14,11591,22,0.0555717619603267,0.4782307467911318,0.4226589848308051
2021-10-27,El Dorado,017,186661.0,227985,936,116316,316,103053,604,8590,16,9763,91,116365,104,106602,95,0.0523033734952668,0.6234028533009037,0.5710994798056369
2021-10-27,Fresno,019,978130.0,1119640,3820,636107,1766,444427,1988,38561,65,61798,571,586467,613,524669,816,0.0631797409342316,0.599579810454643,0.5364000695204114
2021-10-27,Glenn,021,27897.0,28136,137,13247,98,13399,37,1457,2,1216,36,14937,38,13721,42,0.0435889163709359,0.5354339176255511,0.4918450012546151
2021-10-27,Humboldt,023,135768.0,169489,522,89606,196,71518,317,8216,9,7396,55,87550,57,80154,52,0.0544752813623239,0.6448500383006305,0.5903747569383065
2021-10-27,Imperial,025,180216.0,276133,904,147585,397,111672,441,16838,66,25423,171,155006,204,129583,184,0.1410696053624539,0.860112309672837,0.7190427043103831
2021-10-27,Inyo,027,18085.0,21529,136,8788,20,11982,115,597,1,861,14,10726,14,9865,19,0.0476085153442079,0.593088194636439,0.5454796792922312
2021-10-27,Kern,029,883053.0,860325,3315,474128,1425,349226,1760,36734,130,52553,540,460377,611,407824,802,0.0595128491721334,0.5213469633193024,0.4618341141471689
2021-10-27,Kings,031,150075.0,122034,506,61777,205,54576,278,5640,23,8162,83,66033,95,57871,108,0.0543861402632017,0.44,0.3856138597367983
2021-10-27,Lake,033,64148.0,67307,249,23511,73,40750,174,3043,2,3783,28,35783,30,32000,37,0.0589729999376442,0.5578194175968074,0.4988464176591632
2021-10-27,Lassen,035,31185.0,15567,93,3007,24,11161,66,1385,3,1038,15,8717,17,7679,17,0.0332852332852332,0.2795254128587462,0.2462401795735129
2021-10-27,Los Angeles,037,10098052.0,13635398,45052,7854602,20481,5261220,22569,514589,1990,693168,6320,7099684,7098,6406516,7487,0.0686437344549226,0.7030746128065096,0.6344308783515871
2021-10-27,Madera,039,155013.0,154810,724,85385,248,63340,461,5987,14,8542,94,81741,102,73199,110,0.0551050557050053,0.5273170637301388,0.4722120080251333
2021-10-27,Marin,041,260295.0,439512,1727,284011,664,141962,1039,13509,23,12533,86,215991,95,203458,91,0.0481492153133944,0.8297931193453582,0.7816439040319637
2021-10-27,Mariposa,043,17540.0,15574,90,3895,12,11003,68,654,10,2653,41,9212,49,6559,25,0.1512542759407069,0.525199543899658,0.3739452679589509
2021-10-27,Mendocino,045,87422.0,116958,632,66247,132,46905,499,3793,1,6344,45,59664,45,53320,58,0.0725675459266546,0.6824826702660658,0.6099151243394111
2021-10-27,Merced,047,269075.0,272782,700,168095,384,93588,307,10232,9,26291,187,147512,194,121221,168,0.0977088172442627,0.5482188980767444,0.4505100808324817
2021-10-27,Modoc,049,8938.0,6985,16,1307,0,5195,14,473,2,271,1,3711,2,3440,8,0.0303199820989035,0.4151935556052808,0.3848735735063772
2021-10-27,Mono,051,14174.0,18456,56,10747,32,7279,22,362,2,666,5,9050,6,8384,4,0.0469874417948356,0.6384930153802737,0.5915055735854381
2021-10-27,Monterey,053,433212.0,575320,1815,290401,853,260619,946,23507,13,27914,280,301316,288,273402,305,0.0644349648670858,0.6955393664072094,0.6311044015401236
2021-10-27,Napa,055,140530.0,212081,877,116996,287,89051,569,6019,21,10139,48,107424,53,97285,76,0.0721482957375649,0.764420408453711,0.692272112716146
2021-10-27,Nevada,057,99092.0,123937,485,69066,188,51270,294,3554,3,6028,43,63145,45,57117,58,0.0608323578089048,0.6372361038227102,0.5764037460138054
2021-10-27,Orange,059,3164182.0,4388139,14542,2595781,5960,1656466,8132,134576,449,168570,1500,2228169,1670,2059599,1674,0.0532744323809439,0.7041848414534941,0.6509104090725502
2021-10-27,Placer,061,380077.0,510570,2256,306901,833,189799,1389,13848,34,17442,198,254244,217,236802,240,0.0458907010947781,0.6689276120365084,0.6230369109417302
2021-10-27,Plumas,063,18699.0,19520,117,3444,17,14764,90,1269,10,859,16,10444,20,9585,12,0.0459382854698112,0.5585325418471576,0.5125942563773463
2021-10-27,Riverside,065,2383286.0,2740780,8342,1658490,3789,1002522,4310,78502,239,141137,1175,1419076,1279,1277939,1433,0.0592194977858301,0.5954283287863898,0.5362088310005597
2021-10-27,Sacramento,067,1510023.0,1944728,7456,1149632,3243,739414,4059,55417,154,78709,821,989748,917,911039,968,0.0521243716155316,0.6554522679455875,0.6033278963300559
2021-10-27,San Benito,069,59416.0,81183,414,46836,118,30809,289,3425,7,4232,58,42804,65,38572,52,0.0712266056281136,0.7204120102329339,0.6491854046048202
2021-10-27,San Bernardino,071,2135413.0,2283675,6973,1420790,3536,793291,3207,69317,229,113694,1117,1192142,1237,1078448,1426,0.0532421597133669,0.5582723342042031,0.5050301744908362
2021-10-27,San Diego,073,3302833.0,4754814,15092,2698559,7202,1876783,7449,178187,440,271291,2059,2547447,4344,2276156,3833,0.0821388789563384,0.7712914943020128,0.6891526153456744
2021-10-27,San Francisco,075,870044.0,1421127,4575,935328,2783,428417,1742,56998,50,39723,357,713508,379,673785,271,0.0456563116348138,0.8200826624860352,0.7744263508512214
2021-10-27,San Joaquin,077,732212.0,878786,2803,524211,1381,327500,1385,27026,37,61674,566,463262,594,401588,502,0.0842297039655181,0.6326883470907333,0.5484586431252151
2021-10-27,San Luis Obispo,079,281455.0,356048,1432,190768,464,151904,930,13230,38,15970,98,180799,109,164829,126,0.0567408644365884,0.6423726705867723,0.5856318061501838
2021-10-27,San Mateo,081,765935.0,1220494,5551,776741,2389,400480,3013,42749,146,39175,367,612214,447,573039,457,0.0511466377695235,0.7993028129018781,0.7481561751323546
2021-10-27,Santa Barbara,083,443738.0,585327,1813,353012,758,207636,1018,24296,37,29927,197,305229,220,275302,286,0.0674429505699309,0.6878586012466816,0.6204156506767506
2021-10-27,Santa Clara,085,1922200.0,3080146,11332,2021312,5068,944620,5954,110411,309,78334,809,1549771,902,1471437,746,0.0407522630319425,0.8062485693476226,0.76549630631568
2021-10-27,Santa Cruz,087,273765.0,388310,1045,196988,525,180660,511,10604,9,13208,90,197641,95,184433,94,0.0482457582232937,0.7219366975325553,0.6736909393092616
2021-10-27,Shasta,089,179085.0,157864,827,75716,252,74077,563,8016,12,10609,122,84360,131,73751,119,0.0592400256861267,0.471061227908535,0.4118212022224083
2021-10-27,Sierra,091,2930.0,3063,7,455,1,2543,6,61,0,75,1,1573,1,1498,3,0.0255972696245733,0.5368600682593857,0.5112627986348123
2021-10-27,Siskiyou,093,43540.0,41309,222,18164,118,21883,99,1225,5,2508,26,21445,29,18937,23,0.0576022048690859,0.4925355994487827,0.4349333945796968
2021-10-27,Solano,095,438530.0,572088,2221,330664,1062,225998,1110,15376,49,37082,198,298310,210,261228,342,0.0845597792625362,0.6802499258887648,0.5956901466262285
2021-10-27,Sonoma,097,501317.0,739040,2462,428338,1008,287541,1399,23094,55,26809,215,373259,239,346450,262,0.0534771412100527,0.7445568372905766,0.6910796960805239
2021-10-27,Stanislaus,099,539301.0,599070,1796,357074,832,222486,924,19162,38,43476,330,317159,361,273683,397,0.0806154633497805,0.5880927348549326,0.5074772715051521
2021-10-27,Sutter,101,95872.0,106197,367,47716,121,53839,240,4633,6,5513,47,56403,53,50890,83,0.0575037550066755,0.5883156708945261,0.5308119158878505
2021-10-27,Tehama,103,63373.0,50698,311,19922,147,28767,160,1996,4,2574,55,26880,57,24306,64,0.0406166664036734,0.4241553974089912,0.3835387310053177
2021-10-27,Trinity,105,12862.0,11259,169,2668,13,7853,154,733,2,700,9,6126,9,5426,9,0.0544238843103716,0.4762867361219095,0.4218628518115379
2021-10-27,Tulare,107,460477.0,460167,1478,282890,676,164566,767,12617,35,28503,264,242119,285,213616,351,0.0618988570547497,0.5258004199992616,0.4639015629445119
2021-10-27,Tuolumne,109,53932.0,57640,276,17802,47,38448,222,1385,7,2940,42,29294,48,26354,18,0.054513090558481,0.5431654676258992,0.4886523770674182
2021-10-27,Ventura,111,848112.0,1152560,4119,644314,1638,467798,2374,40014,106,45291,369,590702,414,545411,455,0.053402144999717,0.6964905578508499,0.6430884128511328
2021-10-27,Yolo,113,214977.0,290655,917,152381,370,129738,533,8500,14,12869,89,149006,98,136137,112,0.0598622178186503,0.6931253110797899,0.6332630932611396
2021-10-27,Yuba,115,75493.0,67486,239,28301,81,35149,150,4015,8,3664,52,36722,58,33058,53,0.0485343011934881,0.486429205356788,0.4378949041632999
2021-10-26,Alameda,001,1643700.0,2497364,8372,1636550,4653,744056,3564,115941,155,75024,717,1276055,805,1201031,888,0.0456433655776601,0.776330838960881,0.7306874733832208
2021-10-26,Alpine,003,1148.0,1547,1,56,1,1485,0,6,0,103,1,799,1,696,0,0.0897212543554007,0.695993031358885,0.6062717770034843
2021-10-26,Amador,005,37829.0,42275,213,13080,36,27614,175,1578,2,3134,37,22155,38,19021,17,0.0828464934309656,0.585661793861852,0.5028153004308864
2021-10-26,Butte,007,227075.0,219403,1028,112489,257,98149,750,8743,21,10209,86,114455,98,104246,128,0.0449587140812506,0.504040515248266,0.4590818011670153
2021-10-26,Calaveras,009,45235.0,49298,272,21903,67,25892,203,1501,2,2787,49,25344,51,22557,20,0.0616115839504808,0.5602741240190118,0.498662540068531
2021-10-26,Colusa,011,21464.0,23468,63,6988,25,15445,37,1017,1,1251,18,12642,18,11391,13,0.0582836377189713,0.5889862094670145,0.5307025717480433
2021-10-26,Contra Costa,013,1133247.0,1779227,6762,1228172,3412,494388,3257,56270,92,47571,575,890728,636,843157,903,0.0419776094708391,0.7859963450156938,0.7440187355448548
2021-10-26,Del Norte,015,27424.0,24741,102,10016,28,13340,69,1331,5,1532,18,13101,22,11569,14,0.0558634772462077,0.4777202450408401,0.4218567677946324
2021-10-26,El Dorado,017,186661.0,227049,850,116000,353,102449,481,8574,16,9754,64,116261,78,106507,94,0.0522551577458601,0.6228456935299822,0.570590535784122
2021-10-26,Fresno,019,978130.0,1115820,3822,634341,1684,442439,2094,38496,44,62001,605,585854,635,523853,799,0.0633872798094322,0.5989531043930766,0.5355658245836443
2021-10-26,Glenn,021,27897.0,27999,83,13149,31,13362,49,1455,3,1220,8,14899,10,13679,17,0.0437323009642613,0.5340717639889594,0.490339463024698
2021-10-26,Humboldt,023,135768.0,168967,604,89410,208,71201,388,8207,8,7391,53,87493,59,80102,74,0.0544384538330092,0.6444302044664427,0.5899917506334335
2021-10-26,Imperial,025,180216.0,275229,952,147188,492,111231,424,16772,36,25403,199,154802,218,129399,195,0.1409586274248679,0.8589803347094598,0.7180217072845918
2021-10-26,Inyo,027,18085.0,21393,152,8768,39,11867,112,596,1,866,11,10712,12,9846,9,0.0478849875587503,0.5923140724357202,0.5444290848769698
2021-10-26,Kern,029,883053.0,857010,3019,472703,1364,347466,1533,36604,122,52744,540,459766,613,407022,788,0.059729144230301,0.5206550456201383,0.4609259013898373
2021-10-26,Kings,031,150075.0,121528,494,61572,176,54298,299,5617,19,8175,80,65938,86,57763,107,0.0544727636181909,0.4393669831750791,0.3848942195568882
2021-10-26,Lake,033,64148.0,67058,346,23438,92,40576,252,3041,2,3790,47,35753,49,31963,50,0.0590821225915071,0.5573517490802519,0.4982696264887448
2021-10-26,Lassen,035,31185.0,15474,115,2983,13,11095,81,1382,21,1038,11,8700,32,7662,46,0.0332852332852332,0.278980278980279,0.2456950456950457
2021-10-26,Los Angeles,037,10098052.0,13590346,46012,7834121,20871,5238651,23274,512599,1859,693557,6141,7092586,6877,6399029,7327,0.0686822567362497,0.7023717049585405,0.6336894482222908
2021-10-26,Madera,039,155013.0,154086,646,85137,317,62879,316,5973,13,8550,104,81639,112,73089,134,0.05515666427977,0.5266590544018889,0.4715023901221188
2021-10-26,Marin,041,260295.0,437785,1750,283347,782,140923,956,13486,12,12529,113,215896,120,203367,113,0.0481338481338481,0.8294281488311339,0.7812943006972858
2021-10-26,Mariposa,043,17540.0,15484,33,3883,23,10935,10,644,0,2629,13,9163,13,6534,6,0.1498859749144812,0.522405929304447,0.3725199543899657
2021-10-26,Mendocino,045,87422.0,116326,517,66115,184,46406,324,3792,9,6357,42,59619,46,53262,67,0.0727162499142092,0.6819679256937613,0.6092516757795521
2021-10-26,Merced,047,269075.0,272082,790,167711,494,93281,287,10223,9,26265,169,147318,175,121053,194,0.0976121899098764,0.5474979095047849,0.4498857195949085
2021-10-26,Modoc,049,8938.0,6969,43,1307,4,5181,37,471,2,277,4,3709,4,3432,13,0.0309912732154844,0.4149697918997538,0.3839785186842694
2021-10-26,Mono,051,14174.0,18400,49,10715,27,7257,22,360,0,664,9,9044,9,8380,2,0.0468463383660223,0.6380697050938338,0.5912233667278115
2021-10-26,Monterey,053,433212.0,573505,1748,289548,745,259673,966,23494,33,27931,273,301028,296,273097,254,0.0644742066240085,0.6948745648781659,0.6304003582541573
2021-10-26,Napa,055,140530.0,211204,1488,116709,474,88482,994,5998,20,10162,102,107371,113,97209,90,0.0723119618586778,0.7640432647833203,0.6917313029246425
2021-10-26,Nevada,057,99092.0,123452,467,68878,210,50976,251,3551,6,6041,49,63100,54,57059,93,0.0609635490251483,0.6367819803818674,0.5758184313567191
2021-10-26,Orange,059,3164182.0,4373597,13958,2589821,5933,1648334,7607,134127,417,168574,1579,2226499,1751,2057925,1637,0.0532756965307305,0.703657058917597,0.6503813623868665
2021-10-26,Placer,061,380077.0,508314,1967,306068,822,188410,1100,13814,45,17465,175,254027,201,236562,220,0.0459512151485093,0.6683566750947835,0.622405459946274
2021-10-26,Plumas,063,18699.0,19403,119,3427,19,14674,93,1259,7,851,10,10424,13,9573,13,0.045510455104551,0.5574629659340071,0.5119525108294561
2021-10-26,Riverside,065,2383286.0,2732438,9291,1654701,4525,998212,4442,78263,316,141291,1262,1417797,1378,1276506,1574,0.0592841144537416,0.5948916747717228,0.5356075603179812
2021-10-26,Sacramento,067,1510023.0,1937272,6214,1146389,3078,735355,3014,55263,121,78760,810,988831,902,910071,953,0.0521581459355254,0.6548449924272677,0.6026868464917422
2021-10-26,San Benito,069,59416.0,80769,263,46718,83,30520,179,3418,1,4219,41,42739,41,38520,45,0.0710078093442843,0.7193180288137875,0.6483102194695032
2021-10-26,San Bernardino,071,2135413.0,2276702,6909,1417254,3723,790084,2940,69088,246,113883,1105,1190905,1239,1077022,1486,0.0533306671824138,0.5576930551607582,0.5043623879783442
2021-10-26,San Diego,073,3302833.0,4739722,15257,2691357,7326,1869334,7450,177747,478,270780,2157,2543103,4366,2272323,3891,0.0819841632925431,0.7699762597745632,0.6879920964820201
2021-10-26,San Francisco,075,870044.0,1416552,4519,932545,2969,426675,1483,56948,67,39615,346,713129,391,673514,351,0.045532179981702,0.8196470523329854,0.7741148723512834
2021-10-26,San Joaquin,077,732212.0,875983,2645,522830,1260,326115,1351,26989,34,61582,499,462668,529,401086,500,0.0841040572948818,0.6318771066303202,0.5477730493354384
2021-10-26,San Luis Obispo,079,281455.0,354616,1728,190304,663,150974,1030,13192,34,15987,151,180690,162,164703,134,0.0568012648558384,0.6419853973104048,0.5851841324545665
2021-10-26,San Mateo,081,765935.0,1214943,5271,774352,2432,397467,2738,42603,101,39185,373,611767,416,572582,402,0.0511596937076906,0.7987192124658098,0.7475595187581192
2021-10-26,Santa Barbara,083,443738.0,583514,1827,352254,862,206618,932,24259,33,29993,181,305009,193,275016,248,0.0675916869864649,0.687362813191568,0.619771126205103
2021-10-26,Santa Clara,085,1922200.0,3068814,10648,2016244,4926,938666,5457,110102,263,78178,807,1548869,884,1470691,754,0.0406711060243471,0.8057793153678077,0.7651082093434606
2021-10-26,Santa Cruz,087,273765.0,387265,1014,196463,448,180149,553,10595,13,13207,123,197546,129,184339,128,0.0482421054554088,0.7215896845834932,0.6733475791280843
2021-10-26,Shasta,089,179085.0,157037,785,75464,260,73514,507,8004,18,10597,99,84229,115,73632,161,0.0591730183990842,0.4703297316916548,0.4111567132925706
2021-10-26,Sierra,091,2930.0,3056,5,454,2,2537,3,61,0,77,2,1572,2,1495,1,0.0262798634812286,0.5365187713310581,0.5102389078498294
2021-10-26,Siskiyou,093,43540.0,41087,221,18046,69,21784,150,1220,2,2502,33,21416,33,18914,28,0.0574644005512172,0.491869545245751,0.4344051446945338
2021-10-26,Solano,095,438530.0,569867,2113,329602,1009,224888,1080,15327,24,37214,257,298100,274,260886,335,0.08486078489499,0.679771053291679,0.5949102683966889
2021-10-26,Sonoma,097,501317.0,736578,2790,427330,1351,286142,1388,23039,50,26832,253,373020,278,346188,310,0.0535230203643602,0.7440800930349459,0.6905570726705856
2021-10-26,Stanislaus,099,539301.0,597274,1951,356242,978,221562,939,19124,34,43512,423,316798,445,273286,480,0.080682216424594,0.5874233498547193,0.5067411334301253
2021-10-26,Sutter,101,95872.0,105830,292,47595,120,53599,166,4627,6,5543,40,56350,43,50807,63,0.0578166722296395,0.5877628504672897,0.5299461782376502
2021-10-26,Tehama,103,63373.0,50387,234,19775,44,28607,183,1992,7,2581,32,26823,35,24242,22,0.0407271235384154,0.4232559607403784,0.3825288372019629
2021-10-26,Trinity,105,12862.0,11090,77,2655,16,7699,58,731,3,700,10,6117,12,5417,10,0.0544238843103716,0.4755870004664904,0.4211631161561188
2021-10-26,Tulare,107,460477.0,458689,1629,282214,786,163799,820,12582,23,28569,334,241834,351,213265,359,0.0620421866890203,0.5251814965785478,0.4631393098895276
2021-10-26,Tuolumne,109,53932.0,57364,292,17755,54,38226,238,1378,0,2910,48,29246,48,26336,17,0.0539568345323741,0.5422754579841281,0.4883186234517541
2021-10-26,Ventura,111,848112.0,1148441,3572,642676,1382,465424,2073,39908,114,45332,331,590288,376,544956,415,0.0534504876714396,0.696002414775407,0.6425519271039674
2021-10-26,Yolo,113,214977.0,289738,851,152011,433,129205,393,8486,25,12883,111,148908,134,136025,126,0.0599273410643929,0.692669448359592,0.632742107295199
2021-10-26,Yuba,115,75493.0,67247,190,28220,64,34999,114,4007,12,3659,41,36664,51,33005,51,0.0484680698872743,0.4856609222047077,0.4371928523174334
2021-10-25,Alameda,001,1643700.0,2488992,6557,1631897,4243,740492,2222,115786,92,75107,637,1275250,692,1200143,746,0.045693861410233,0.7758410902232767,0.7301472288130437
2021-10-25,Alpine,003,1148.0,1546,0,55,0,1485,0,6,0,102,0,798,0,696,0,0.0888501742160278,0.6951219512195121,0.6062717770034843
2021-10-25,Amador,005,37829.0,42062,194,13044,35,27439,156,1576,3,3113,25,22117,28,19004,20,0.0822913637685373,0.5846572735203152,0.5023659097517778
2021-10-25,Butte,007,227075.0,218375,716,112232,210,97399,495,8722,11,10239,86,114357,93,104118,105,0.0450908290212484,0.5036089397776066,0.458518110756358
2021-10-25,Calaveras,009,45235.0,49026,216,21836,41,25689,175,1499,0,2756,55,25293,55,22537,12,0.0609262739029512,0.5591466784569471,0.4982204045539958
2021-10-25,Colusa,011,21464.0,23405,34,6963,19,15408,15,1016,0,1246,8,12624,8,11378,7,0.0580506895266492,0.5881475959746553,0.530096906448006
2021-10-25,Contra Costa,013,1133247.0,1772465,5575,1224760,3451,491131,2049,56178,73,47838,656,890092,718,842254,945,0.0422132156537806,0.785435125793406,0.7432219101396254
2021-10-25,Del Norte,015,27424.0,24639,105,9988,24,13271,80,1326,1,1524,23,13079,24,11555,13,0.0555717619603267,0.4769180280046674,0.4213462660443407
2021-10-25,El Dorado,017,186661.0,226199,780,115647,303,101968,470,8558,7,9770,66,116183,70,106413,85,0.0523408746336942,0.622427823701791,0.5700869490680968
2021-10-25,Fresno,019,978130.0,1111998,2976,632657,1625,440345,1309,38452,42,62165,605,585219,636,523054,747,0.0635549466839786,0.5983039064337051,0.5347489597497265
2021-10-25,Glenn,021,27897.0,27916,77,13118,32,13313,43,1452,2,1227,21,14889,22,13662,15,0.0439832240025809,0.5337133025056457,0.4897300785030648
2021-10-25,Humboldt,023,135768.0,168363,601,89202,253,70813,334,8199,13,7406,61,87434,67,80028,74,0.0545489364209533,0.6439956396205292,0.5894467031995757
2021-10-25,Imperial,025,180216.0,274277,710,146696,353,110807,317,16736,40,25380,150,154584,174,129204,157,0.140831002796644,0.8577706751897722,0.7169396723931283
2021-10-25,Inyo,027,18085.0,21241,121,8729,27,11755,93,595,1,863,10,10700,10,9837,15,0.0477191042300248,0.5916505391208183,0.5439314348907934
2021-10-25,Kern,029,883053.0,853991,3033,471339,1451,345933,1473,36482,109,52919,623,459153,688,406234,876,0.0599273203307162,0.5199608630512551,0.4600335427205388
2021-10-25,Kings,031,150075.0,121034,428,61396,200,53999,217,5598,11,8196,96,65852,103,57656,100,0.0546126936531734,0.4387939363651507,0.3841812427119773
2021-10-25,Lake,033,64148.0,66712,199,23346,48,40324,151,3039,0,3791,33,35704,33,31913,32,0.0590977115420589,0.5565878905032113,0.4974901789611523
2021-10-25,Lassen,035,31185.0,15359,68,2970,18,11014,50,1361,0,1052,14,8668,14,7616,13,0.0337341670675004,0.2779541446208113,0.2442199775533108
2021-10-25,Los Angeles,037,10098052.0,13544334,43357,7813250,20400,5215377,21318,510740,1630,694007,6265,7085709,6963,6391702,7527,0.0687268197866281,0.7016906825197573,0.6329638627331291
2021-10-25,Madera,039,155013.0,153440,408,84820,209,62563,197,5960,2,8572,86,81527,88,72955,108,0.055298587860373,0.5259365343551831,0.4706379464948101
2021-10-25,Marin,041,260295.0,436035,1100,282565,622,139967,466,13474,12,12522,89,215776,98,203254,124,0.0481069555696421,0.8289671334447454,0.7808601778751032
2021-10-25,Mariposa,043,17540.0,15451,16,3860,7,10925,9,644,0,2622,9,9150,9,6528,1,0.1494868871151653,0.5216647662485747,0.3721778791334093
2021-10-25,Mendocino,045,87422.0,115809,290,65931,108,46082,179,3783,3,6378,33,59573,35,53195,38,0.0729564640479513,0.6814417423531834,0.6084852783052321
2021-10-25,Merced,047,269075.0,271292,872,167217,571,92994,294,10214,6,26284,210,147143,219,120859,284,0.0976828021926972,0.5468475332156462,0.449164731022949
2021-10-25,Modoc,049,8938.0,6926,20,1303,1,5144,19,469,0,286,4,3705,4,3419,2,0.0319982098903557,0.4145222644886999,0.3825240545983441
2021-10-25,Mono,051,14174.0,18351,21,10688,12,7235,8,360,1,657,2,9035,3,8378,3,0.0463524763651756,0.6374347396641739,0.5910822632989982
2021-10-25,Monterey,053,433212.0,571757,1728,288803,659,258707,1059,23461,7,27889,263,300732,270,272843,280,0.064377256401023,0.6941912966399822,0.6298140402389593
2021-10-25,Napa,055,140530.0,209716,628,116235,346,87488,276,5978,6,10139,54,107258,58,97119,56,0.0721482957375649,0.7632391660143741,0.6910908702768093
2021-10-25,Nevada,057,99092.0,122985,320,68668,142,50725,176,3545,2,6080,32,63046,35,56966,38,0.0613571226738788,0.6362370322528559,0.5748799095789772
2021-10-25,Orange,059,3164182.0,4359639,15370,2583888,6576,1640727,8368,133710,425,168460,1657,2224748,1866,2056288,1979,0.053239668261813,0.7031036773485216,0.6498640090867087
2021-10-25,Placer,061,380077.0,506347,1780,305246,889,187310,877,13769,14,17484,168,253826,182,236342,212,0.0460012050189829,0.6678278348860889,0.6218266298671059
2021-10-25,Plumas,063,18699.0,19284,81,3408,12,14581,65,1252,4,851,7,10411,9,9560,9,0.045510455104551,0.5567677415904594,0.5112572864859083
2021-10-25,Riverside,065,2383286.0,2723147,8380,1650176,4124,993770,3964,77947,288,141487,1330,1416419,1470,1274932,1581,0.0593663538492652,0.5943134814705411,0.5349471276212758
2021-10-25,Sacramento,067,1510023.0,1931058,5740,1143311,3266,732341,2386,55142,88,78811,756,987929,836,909118,1026,0.0521919202555192,0.6542476505324754,0.602055730276956
2021-10-25,San Benito,069,59416.0,80506,211,46635,95,30341,115,3417,1,4223,32,42698,32,38475,39,0.0710751312777702,0.7186279789955567,0.6475528477177864
2021-10-25,San Bernardino,071,2135413.0,2269793,6228,1413531,3431,787144,2598,68842,199,114130,1103,1189666,1228,1075536,1462,0.053446335673708,0.5571128395303391,0.503666503856631
2021-10-25,San Diego,073,3302833.0,4724465,15079,2684031,7406,1861884,7298,177269,369,270305,2123,2538737,4344,2268432,3935,0.0818403473624007,0.7686543642987702,0.6868140169363695
2021-10-25,San Francisco,075,870044.0,1412033,4133,929576,3053,425192,1037,56881,43,39575,372,712738,409,673163,345,0.0454862052953643,0.8191976497740344,0.77371144447867
2021-10-25,San Joaquin,077,732212.0,873338,2615,521570,1344,324764,1236,26955,35,61553,607,462139,643,400586,547,0.0840644512791377,0.6311546382741611,0.5470901869950233
2021-10-25,San Luis Obispo,079,281455.0,352888,1423,189641,567,149944,822,13158,34,15959,119,180528,132,164569,113,0.0567017818123678,0.6414098168446111,0.5847080350322431
2021-10-25,San Mateo,081,765935.0,1209672,3043,771920,1748,394729,1230,42502,64,39171,252,611351,315,572180,300,0.0511414153942566,0.7981760854380594,0.7470346700438026
2021-10-25,Santa Barbara,083,443738.0,581687,1918,351392,947,205686,925,24226,45,30048,227,304816,255,274768,292,0.0677156340002433,0.6869278718523092,0.6192122378520658
2021-10-25,Santa Clara,085,1922200.0,3058166,9428,2011318,4904,933209,4376,109839,147,78048,808,1547985,887,1469937,820,0.0406034751846842,0.8053194256581001,0.7647159504734159
2021-10-25,Santa Cruz,087,273765.0,386251,939,196015,437,179596,482,10582,20,13206,97,197417,113,184211,111,0.0482384526875239,0.7211184775263456,0.6728800248388216
2021-10-25,Shasta,089,179085.0,156252,991,75204,361,73007,610,7986,20,10643,110,84114,118,73471,113,0.0594298796660803,0.4696875785241645,0.4102576988580841
2021-10-25,Sierra,091,2930.0,3051,0,452,0,2534,0,61,0,76,0,1570,0,1494,0,0.025938566552901,0.5358361774744027,0.5098976109215017
2021-10-25,Siskiyou,093,43540.0,40866,178,17977,95,21634,83,1218,0,2497,16,21383,16,18886,22,0.05734956361966,0.4911116214974735,0.4337620578778135
2021-10-25,Solano,095,438530.0,567754,1499,328593,917,223808,560,15303,22,37275,195,297826,214,260551,307,0.0849998859827149,0.6791462385697672,0.5941463525870522
2021-10-25,Sonoma,097,501317.0,733788,1646,425979,782,284754,838,22989,26,26864,158,372742,171,345878,201,0.0535868522312229,0.7435255536915764,0.6899387014603534
2021-10-25,Stanislaus,099,539301.0,595323,1835,355264,1002,220623,817,19090,15,43547,433,316353,458,272806,511,0.0807471152473294,0.5865982076799413,0.5058510924326118
2021-10-25,Sutter,101,95872.0,105538,291,47475,128,53433,163,4621,0,5563,63,56307,63,50744,53,0.0580252837116154,0.5873143357810414,0.5292890520694259
2021-10-25,Tehama,103,63373.0,50153,182,19731,32,28424,142,1985,8,2568,33,26788,35,24220,36,0.0405219888596089,0.4227036750666688,0.3821816862070598
2021-10-25,Trinity,105,12862.0,11013,45,2639,14,7641,24,728,7,698,5,6105,10,5407,10,0.0542683874980562,0.4746540195925983,0.420385632094542
2021-10-25,Tulare,107,460477.0,457060,1359,281428,696,162979,646,12559,17,28577,294,241483,306,212906,316,0.0620595599780227,0.5244192435235636,0.4623596835455408
2021-10-25,Tuolumne,109,53932.0,57072,198,17701,45,37988,153,1378,0,2879,30,29198,30,26319,6,0.0533820366387302,0.541385448342357,0.4880034117036267
2021-10-25,Ventura,111,848112.0,1144869,3798,641294,1422,463351,2298,39794,78,45371,405,589912,449,544541,514,0.0534964721640538,0.6955590771030241,0.6420626049389703
2021-10-25,Yolo,113,214977.0,288887,783,151578,440,128812,326,8461,17,12875,91,148774,105,135899,127,0.0598901277811114,0.6920461258646273,0.6321559980835159
2021-10-25,Yuba,115,75493.0,67057,155,28156,51,34885,96,3995,8,3659,29,36613,37,32954,49,0.0484680698872743,0.4849853628813267,0.4365172929940524
2021-10-24,Alameda,001,1643700.0,2482435,1576,1627654,1000,738270,564,115694,12,75161,163,1274558,169,1199397,245,0.0457267141205816,0.7754200888239946,0.729693374703413
2021-10-24,Alpine,003,1148.0,1546,0,55,0,1485,0,6,0,102,0,798,0,696,0,0.0888501742160278,0.6951219512195121,0.6062717770034843
2021-10-24,Amador,005,37829.0,41868,101,13009,8,27283,88,1573,5,3105,12,22089,15,18984,9,0.082079885801898,0.5839171006370774,0.5018372148351794
2021-10-24,Butte,007,227075.0,217659,173,112022,68,96904,104,8711,1,10251,23,114264,24,104013,39,0.0451436749972476,0.5031993834636134,0.4580557084663657
2021-10-24,Calaveras,009,45235.0,48810,57,21795,22,25514,34,1499,1,2713,16,25238,17,22525,6,0.0599756825467005,0.5579308057919753,0.4979551232452747
2021-10-24,Colusa,011,21464.0,23371,26,6944,15,15393,11,1016,0,1245,4,12616,4,11371,7,0.0580040998881848,0.58777487886694,0.5297707789787551
2021-10-24,Contra Costa,013,1133247.0,1766890,1298,1221309,842,489082,448,56105,8,48065,159,889374,168,841309,300,0.042413525030289,0.7848015481179301,0.7423880230876411
2021-10-24,Del Norte,015,27424.0,24534,1,9964,0,13191,1,1325,0,1513,0,13055,0,11542,0,0.0551706534422403,0.4760428821470245,0.4208722287047841
2021-10-24,El Dorado,017,186661.0,225419,243,115344,83,101498,159,8551,1,9785,32,116113,32,106328,42,0.0524212342160387,0.6220528123175167,0.5696315781014781
2021-10-24,Fresno,019,978130.0,1109022,833,631032,510,439036,321,38410,2,62276,159,584583,161,522307,280,0.0636684285319947,0.5976536861153425,0.5339852575833478
2021-10-24,Glenn,021,27897.0,27839,20,13086,9,13270,11,1450,0,1220,0,14867,0,13647,8,0.0437323009642613,0.5329246872423558,0.4891923862780944
2021-10-24,Humboldt,023,135768.0,167762,153,88949,68,70479,75,8186,10,7413,13,87367,16,79954,22,0.0546004949619939,0.643502150727712,0.588901655765718
2021-10-24,Imperial,025,180216.0,273567,81,146343,44,110490,35,16696,2,25363,31,154410,33,129047,11,0.1407366715496959,0.856805167132774,0.7160684955830781
2021-10-24,Inyo,027,18085.0,21120,2,8702,0,11662,2,594,0,868,0,10690,0,9822,0,0.0479955764445673,0.5910975946917335,0.5431020182471662
2021-10-24,Kern,029,883053.0,850958,906,469888,568,344460,336,36373,2,53107,233,458465,234,405358,297,0.0601402180843052,0.5191817478679083,0.459041529783603
2021-10-24,Kings,031,150075.0,120606,194,61196,130,53782,63,5587,1,8193,45,65749,46,57556,76,0.0545927036481759,0.4381076128602365,0.3835149092120606
2021-10-24,Lake,033,64148.0,66513,52,23298,25,40173,27,3039,0,3790,9,35671,9,31881,20,0.0590821225915071,0.5560734551350003,0.4969913325434931
2021-10-24,Lassen,035,31185.0,15291,26,2952,10,10964,14,1361,2,1051,6,8654,6,7603,8,0.033702100368767,0.2775052108385442,0.2438031104697771
2021-10-24,Los Angeles,037,10098052.0,13500977,13815,7792850,7164,5194059,6318,509110,323,694571,2237,7078746,2355,6384175,2530,0.0687826721431024,0.7010011435869017,0.6322184714437993
2021-10-24,Madera,039,155013.0,153032,124,84611,60,62366,62,5958,2,8592,18,81439,18,72847,38,0.0554276092972847,0.5253688400327714,0.4699412307354867
2021-10-24,Marin,041,260295.0,434935,151,281943,83,139501,67,13462,1,12548,9,215678,10,203130,13,0.0482068422366929,0.8285906375458614,0.7803837953091685
2021-10-24,Mariposa,043,17540.0,15435,12,3853,8,10916,4,644,0,2614,7,9141,7,6527,0,0.1490307867730901,0.52115165336374,0.3721208665906499
2021-10-24,Mendocino,045,87422.0,115519,83,65823,25,45903,58,3780,0,6381,8,59538,8,53157,12,0.0729907803527716,0.6810413854636133,0.6080506051108416
2021-10-24,Merced,047,269075.0,270420,232,166646,144,92700,88,10208,0,26349,83,146924,83,120575,69,0.097924370528663,0.5460336337452383,0.4481092632165753
2021-10-24,Modoc,049,8938.0,6906,5,1302,4,5125,1,469,0,284,1,3701,1,3417,1,0.0317744461848288,0.414074737077646,0.3823002908928172
2021-10-24,Mono,051,14174.0,18330,5,10676,4,7227,1,359,0,657,0,9032,0,8375,0,0.0463524763651756,0.6372230845209539,0.5908706081557782
2021-10-24,Monterey,053,433212.0,570029,355,288144,133,257648,221,23454,1,27899,54,300462,56,272563,83,0.0644003397874481,0.693568045206504,0.6291677054190558
2021-10-24,Napa,055,140530.0,209088,140,115889,71,87212,67,5972,2,10137,22,107200,24,97063,12,0.0721340639009464,0.7628264427524372,0.6906923788514908
2021-10-24,Nevada,057,99092.0,122665,71,68526,19,50549,52,3543,0,6083,10,63011,10,56928,7,0.061387397569935,0.6358838251322004,0.5744964275622654
2021-10-24,Orange,059,3164182.0,4344269,4813,2577312,2122,1632359,2645,133285,45,168573,729,2222882,752,2054309,674,0.0532753804932838,0.7025139514730822,0.6492385709797982
2021-10-24,Placer,061,380077.0,504567,428,304357,174,186433,250,13755,4,17514,46,253644,50,236130,69,0.046080136393415,0.667348984547868,0.6212688481544529
2021-10-24,Plumas,063,18699.0,19203,18,3396,2,14516,15,1248,0,851,2,10402,2,9551,3,0.045510455104551,0.5562864324295417,0.5107759773249907
2021-10-24,Riverside,065,2383286.0,2714767,2335,1646052,1306,989806,1021,77659,8,141598,448,1414949,457,1273351,589,0.0594129282008118,0.5936966860041136,0.5342837578033018
2021-10-24,Sacramento,067,1510023.0,1925318,1615,1140045,825,729955,777,55054,13,79001,250,987093,262,908092,354,0.0523177461535354,0.6536940165812044,0.601376270427669
2021-10-24,San Benito,069,59416.0,80295,43,46540,12,30226,31,3416,0,4230,7,42666,7,38436,8,0.0711929446613706,0.7180894035276694,0.6468964588662987
2021-10-24,San Bernardino,071,2135413.0,2263565,2031,1410100,1171,784546,835,68643,25,114364,387,1188438,406,1074074,605,0.053555916349671,0.5565377751282773,0.5029818587786062
2021-10-24,San Diego,073,3302833.0,4709386,4251,2676625,1937,1854586,2203,176900,110,269896,736,2534393,1445,2264497,1285,0.0817165142772886,0.7673391297713206,0.6856226154940319
2021-10-24,San Francisco,075,870044.0,1407900,920,926523,708,424155,205,56838,7,39511,88,712329,93,672818,78,0.045412645797224,0.8187275586062314,0.7733149128090073
2021-10-24,San Joaquin,077,732212.0,870723,896,520226,465,323528,425,26920,6,61457,227,461496,233,400039,224,0.083933341709778,0.6302764773043873,0.5463431355946092
2021-10-24,San Luis Obispo,079,281455.0,351465,537,189074,198,149122,339,13124,0,15940,55,180396,55,164456,46,0.0566342754614414,0.6409408253539642,0.5843065498925227
2021-10-24,San Mateo,081,765935.0,1206629,894,770172,556,393499,334,42438,4,39156,75,611036,78,571880,85,0.051121831487006,0.7977648233857965,0.7466429918987904
2021-10-24,Santa Barbara,083,443738.0,579769,581,350445,248,204761,332,24181,1,30085,82,304561,83,274476,78,0.0677990165367852,0.6863532084247912,0.618554191888006
2021-10-24,Santa Clara,085,1922200.0,3048738,2733,2006414,1410,928833,1229,109692,93,77981,227,1547098,242,1469117,293,0.0405686192903964,0.804857975236708,0.7642893559463115
2021-10-24,Santa Cruz,087,273765.0,385312,252,195578,99,179114,153,10562,0,13204,23,197304,23,184100,38,0.0482311471517542,0.7207057147553558,0.6724745676036016
2021-10-24,Shasta,089,179085.0,155261,187,74843,78,72397,109,7966,0,10638,24,83996,24,73358,58,0.0594019599631459,0.4690286735349135,0.4096267135717676
2021-10-24,Sierra,091,2930.0,3051,0,452,0,2534,0,61,0,76,0,1570,0,1494,0,0.025938566552901,0.5358361774744027,0.5098976109215017
2021-10-24,Siskiyou,093,43540.0,40688,9,17882,8,21551,1,1218,0,2503,2,21367,2,18864,3,0.0574873679375287,0.4907441433164906,0.4332567753789619
2021-10-24,Solano,095,438530.0,566255,329,327676,189,223248,133,15281,7,37368,57,297612,63,260244,82,0.0852119581328529,0.6786582445898798,0.5934462864570269
2021-10-24,Sonoma,097,501317.0,732142,265,425197,101,283916,160,22963,4,26894,21,372571,24,345677,40,0.0536466946064067,0.743184452153029,0.6895377575466222
2021-10-24,Stanislaus,099,539301.0,593488,649,354262,384,219806,264,19075,1,43600,169,315895,171,272295,163,0.0808453906074715,0.5857489602281472,0.5049035696206756
2021-10-24,Sutter,101,95872.0,105247,90,47347,56,53270,34,4621,0,5553,23,56244,23,50691,24,0.0579209779706275,0.5866572096128171,0.5287362316421896
2021-10-24,Tehama,103,63373.0,49971,56,19699,12,28282,43,1977,1,2569,6,26753,7,24184,16,0.0405377684502864,0.4221513893929591,0.3816136209426727
2021-10-24,Trinity,105,12862.0,10968,5,2625,4,7617,1,721,0,698,0,6095,0,5397,2,0.0542683874980562,0.4738765355310216,0.4196081480329653
2021-10-24,Tulare,107,460477.0,455701,612,280732,344,162333,268,12542,0,28587,163,241177,163,212590,155,0.0620812765892759,0.5237547152192183,0.4616734386299424
2021-10-24,Tuolumne,109,53932.0,56874,37,17656,12,37835,25,1378,0,2855,7,29168,7,26313,10,0.0529370318178446,0.54082919231625,0.4878921604984054
2021-10-24,Ventura,111,848112.0,1141071,1042,639872,482,461053,542,39716,17,45436,133,589463,144,544027,172,0.0535731129850774,0.6950296658931839,0.6414565529081064
2021-10-24,Yolo,113,214977.0,288104,138,151138,64,128486,73,8444,1,12897,19,148669,19,135772,29,0.0599924643101355,0.6915577015215582,0.6315652372114227
2021-10-24,Yuba,115,75493.0,66902,61,28105,28,34789,32,3987,1,3671,13,36576,14,32905,21,0.0486270250221874,0.4844952512153445,0.4358682261931569
2021-10-23,Alameda,001,1643700.0,2480859,3895,1626654,2821,737706,1005,115682,68,75237,461,1274389,509,1199152,540,0.0457729512684796,0.775317272008274,0.7295443207397944
2021-10-23,Alpine,003,1148.0,1546,0,55,0,1485,0,6,0,102,0,798,0,696,0,0.0888501742160278,0.6951219512195121,0.6062717770034843
2021-10-23,Amador,005,37829.0,41767,60,13001,19,27195,41,1568,0,3099,7,22074,7,18975,11,0.0819212773269185,0.5835205794496285,0.5015993021227101
2021-10-23,Butte,007,227075.0,217486,381,111954,170,96800,211,8710,0,10266,57,114240,59,103974,81,0.0452097324672465,0.5030936915116151,0.4578839590443686
2021-10-23,Calaveras,009,45235.0,48753,95,21773,42,25480,51,1498,2,2702,12,25221,14,22519,11,0.0597325080137062,0.5575549906046203,0.4978224825909141
2021-10-23,Colusa,011,21464.0,23345,20,6929,6,15382,14,1016,0,1248,5,12612,5,11364,4,0.058143868803578,0.5875885203130824,0.5294446515095043
2021-10-23,Contra Costa,013,1133247.0,1765592,2676,1220467,1760,488634,869,56097,47,48197,298,889206,339,841009,471,0.0425300044915186,0.7846533015309107,0.7421232970393922
2021-10-23,Del Norte,015,27424.0,24533,19,9964,4,13190,14,1325,1,1513,7,13055,8,11542,4,0.0551706534422403,0.4760428821470245,0.4208722287047841
2021-10-23,El Dorado,017,186661.0,225176,384,115261,155,101339,229,8550,0,9795,53,116081,53,106286,45,0.052474807270935,0.6218813785418486,0.5694065712709135
2021-10-23,Fresno,019,978130.0,1108189,1952,630522,1171,438715,761,38408,20,62395,368,584422,380,522027,522,0.0637900892519399,0.5974890863177696,0.5336989970658297
2021-10-23,Glenn,021,27897.0,27819,36,13077,20,13259,16,1450,0,1228,4,14867,4,13639,8,0.0440190701509122,0.5329246872423558,0.4889056170914435
2021-10-23,Humboldt,023,135768.0,167609,396,88881,169,70404,223,8176,4,7419,34,87351,38,79932,47,0.0546446879971716,0.6433843026339049,0.5887396146367333
2021-10-23,Imperial,025,180216.0,273486,345,146299,226,110455,110,16694,9,25341,80,154377,90,129036,57,0.1406145958183513,0.856622053535757,0.7160074577174058
2021-10-23,Inyo,027,18085.0,21118,17,8702,10,11660,7,594,0,868,6,10690,6,9822,1,0.0479955764445673,0.5910975946917335,0.5431020182471662
2021-10-23,Kern,029,883053.0,850052,1718,469320,868,344124,816,36371,33,53170,314,458231,333,405061,525,0.0602115614804547,0.5189167581107815,0.4587051966303268
2021-10-23,Kings,031,150075.0,120412,214,61066,87,53719,127,5586,0,8223,32,65703,32,57480,60,0.0547926036981509,0.4378010994502748,0.3830084957521239
2021-10-23,Lake,033,64148.0,66461,94,23273,35,40146,58,3039,1,3801,17,35662,18,31861,23,0.0592536010475774,0.5559331545800337,0.4966795535324562
2021-10-23,Lassen,035,31185.0,15265,67,2942,17,10950,50,1359,0,1053,15,8648,15,7595,7,0.0337662337662337,0.277312810646144,0.2435465768799102
2021-10-23,Los Angeles,037,10098052.0,13487162,26822,7785686,13896,5187741,12176,508787,745,694746,4219,7076391,4616,6381645,5534,0.0688000022182496,0.7007679302899212,0.6319679280716717
2021-10-23,Madera,039,155013.0,152908,283,84551,170,62304,101,5956,12,8612,56,81421,67,72809,85,0.0555566307341964,0.5252527207395509,0.4696960900053544
2021-10-23,Marin,041,260295.0,434784,809,281860,423,139434,369,13461,17,12551,106,215668,120,203117,92,0.0482183676213527,0.8285522195969958,0.780333851975643
2021-10-23,Mariposa,043,17540.0,15423,20,3845,3,10912,16,644,1,2607,2,9134,3,6527,1,0.1486316989737742,0.5207525655644242,0.3721208665906499
2021-10-23,Mendocino,045,87422.0,115436,130,65798,50,45845,80,3780,0,6385,23,59530,23,53145,19,0.0730365354258653,0.6809498753174258,0.6079133398915605
2021-10-23,Merced,047,269075.0,270188,361,166502,230,92612,129,10208,2,26335,111,146841,113,120506,101,0.0978723404255319,0.5457251695623897,0.4478528291368577
2021-10-23,Modoc,049,8938.0,6901,5,1298,1,5124,4,469,0,284,1,3700,1,3416,1,0.0317744461848288,0.4139628552248825,0.3821884090400537
2021-10-23,Mono,051,14174.0,18325,24,10672,7,7226,16,359,1,657,2,9032,3,8375,1,0.0463524763651756,0.6372230845209539,0.5908706081557782
2021-10-23,Monterey,053,433212.0,569674,937,288011,388,257427,538,23453,9,27926,156,300406,164,272480,188,0.064462664930796,0.6934387782425233,0.6289761133117273
2021-10-23,Napa,055,140530.0,208948,268,115818,116,87145,151,5970,1,10125,29,107176,30,97051,24,0.0720486728812353,0.762655660713015,0.6906069878317797
2021-10-23,Nevada,057,99092.0,122594,153,68507,62,50497,89,3543,2,6080,23,63001,26,56921,14,0.0613571226738788,0.635782908812013,0.5744257861381342
2021-10-23,Orange,059,3164182.0,4339456,7868,2575190,3615,1629714,4102,133240,149,168495,985,2222130,1088,2053635,1157,0.0532507295724455,0.7022762913132051,0.6490255617407595
2021-10-23,Placer,061,380077.0,504139,688,304183,267,186183,411,13751,10,17533,56,253594,64,236061,103,0.0461301262638886,0.6672174322571479,0.6210873059932592
2021-10-23,Plumas,063,18699.0,19185,29,3394,7,14501,22,1248,0,852,5,10400,5,9548,3,0.0455639339002085,0.5561794748382266,0.5106155409380181
2021-10-23,Riverside,065,2383286.0,2712432,4565,1644746,2515,988785,1940,77651,110,141730,785,1414492,848,1272762,1094,0.0594683139161644,0.5935049339441427,0.5340366200279781
2021-10-23,Sacramento,067,1510023.0,1923703,3223,1139220,1831,729178,1359,55041,33,79093,560,986831,594,907738,655,0.0523786723778379,0.6535205092902558,0.6011418369124178
2021-10-23,San Benito,069,59416.0,80252,177,46528,89,30195,86,3416,2,4231,24,42659,26,38428,35,0.0712097751447421,0.717971590144069,0.6467618149993268
2021-10-23,San Bernardino,071,2135413.0,2261534,4054,1408929,2435,783711,1534,68618,82,114563,828,1188032,876,1073469,970,0.0536491067535881,0.5563476479725468,0.5026985412189586
2021-10-23,San Diego,073,3302833.0,4705135,7141,2674688,3847,1852383,3112,176790,182,269736,1381,2532948,2487,2263212,2186,0.081668071016609,0.7669016265733084,0.6852335555566994
2021-10-23,San Francisco,075,870044.0,1406980,1800,925815,1386,423950,382,56831,32,39496,215,712236,236,672740,172,0.0453954052898474,0.8186206674604962,0.7732252621706488
2021-10-23,San Joaquin,077,732212.0,869827,1391,519761,793,323103,586,26914,11,61448,337,461263,348,399815,317,0.0839210501876505,0.6299582634537538,0.5460372132661032
2021-10-23,San Luis Obispo,079,281455.0,350928,874,188876,339,148783,523,13124,12,15931,75,180341,83,164410,77,0.0566022987688973,0.6407454122328614,0.5841431134639641
2021-10-23,San Mateo,081,765935.0,1205735,2287,769616,1643,393165,624,42434,19,39163,201,610958,211,571795,220,0.051130970643723,0.7976629870680932,0.7465320164243702
2021-10-23,Santa Barbara,083,443738.0,579188,935,350197,455,204429,469,24180,11,30080,110,304478,120,274398,154,0.0677877486264417,0.6861661611130893,0.6183784124866475
2021-10-23,Santa Clara,085,1922200.0,3046005,6659,2005004,3431,927604,3086,109599,141,78032,505,1546856,565,1468824,559,0.0405951513890334,0.8047320778274893,0.764136926438456
2021-10-23,Santa Cruz,087,273765.0,385060,455,195479,208,178961,242,10562,5,13219,55,197281,60,184062,63,0.0482859386700272,0.720621701094004,0.6723357624239767
2021-10-23,Shasta,089,179085.0,155074,317,74765,115,72288,201,7966,1,10672,41,83972,42,73300,79,0.0595918139430996,0.4688946589608286,0.409302845017729
2021-10-23,Sierra,091,2930.0,3051,0,452,0,2534,0,61,0,76,0,1570,0,1494,0,0.025938566552901,0.5358361774744027,0.5098976109215017
2021-10-23,Siskiyou,093,43540.0,40679,28,17874,11,21550,17,1218,0,2504,10,21365,10,18861,4,0.0575103353238401,0.4906982085438677,0.4331878732200275
2021-10-23,Solano,095,438530.0,565926,689,327487,349,223115,329,15274,11,37387,107,297549,112,260162,133,0.0852552847011607,0.6785145828107542,0.5932592981095934
2021-10-23,Sonoma,097,501317.0,731877,1155,425096,742,283756,401,22959,12,26910,129,372547,137,345637,141,0.053678610539838,0.7431365782528819,0.6894579677130438
2021-10-23,Stanislaus,099,539301.0,592839,1073,353878,640,219542,423,19074,10,43592,238,315724,246,272132,249,0.0808305565908463,0.585431883122783,0.5046013265319367
2021-10-23,Sutter,101,95872.0,105157,186,47291,74,53236,109,4621,3,5554,28,56221,31,50667,42,0.0579314085447263,0.5864173064085447,0.5284858978638184
2021-10-23,Tehama,103,63373.0,49915,113,19687,32,28239,81,1976,0,2578,12,26746,12,24168,24,0.0406797847663831,0.4220409322582172,0.3813611474918341
2021-10-23,Trinity,105,12862.0,10963,25,2621,9,7616,16,721,0,700,4,6095,4,5395,7,0.0544238843103716,0.4738765355310216,0.4194526512206499
2021-10-23,Tulare,107,460477.0,455089,932,280388,528,162065,401,12542,2,28579,180,241014,182,212435,246,0.0620639033002734,0.5234007344557926,0.4613368311555191
2021-10-23,Tuolumne,109,53932.0,56837,75,17644,28,37810,47,1378,0,2858,14,29161,14,26303,10,0.0529926574204553,0.5406993992434918,0.4877067418230364
2021-10-23,Ventura,111,848112.0,1140029,1975,639390,799,460511,1107,39699,69,45464,246,589319,299,543855,317,0.0536061274925953,0.6948598769973777,0.6412537495047824
2021-10-23,Yolo,113,214977.0,287966,326,151074,152,128413,171,8443,3,12907,43,148650,46,135743,53,0.0600389809142373,0.6914693199737646,0.6314303390595273
2021-10-23,Yuba,115,75493.0,66841,120,28077,66,34757,52,3986,2,3678,27,36562,29,32884,35,0.0487197488508868,0.4843098035579458,0.4355900547070589
2021-10-22,Alameda,001,1643700.0,2476964,7260,1623833,5662,736701,1501,115614,97,75268,832,1273880,919,1198612,1055,0.0457918111577538,0.7750076047940622,0.7292157936363083
2021-10-22,Alpine,003,1148.0,1546,0,55,0,1485,0,6,0,102,0,798,0,696,0,0.0888501742160278,0.6951219512195121,0.6062717770034843
2021-10-22,Amador,005,37829.0,41707,159,12982,56,27154,102,1568,1,3103,27,22067,28,18964,21,0.0820270163102381,0.5833355362288192,0.5013085199185809
2021-10-22,Butte,007,227075.0,217105,623,111784,311,96589,299,8710,13,10288,97,114181,109,103893,140,0.0453066167565782,0.5028338654629527,0.4575272487063745
2021-10-22,Calaveras,009,45235.0,48658,228,21731,84,25429,143,1496,1,2699,42,25207,43,22508,23,0.0596661876865259,0.5572454957444457,0.4975793080579198
2021-10-22,Colusa,011,21464.0,23325,35,6923,21,15368,13,1016,1,1247,7,12607,8,11360,13,0.0580972791651136,0.5873555721207604,0.5292582929556466
2021-10-22,Contra Costa,013,1133247.0,1762916,5485,1218707,4021,487765,1392,56050,71,48329,621,888867,687,840538,1026,0.0426464839527481,0.7843541610963894,0.7417076771436413
2021-10-22,Del Norte,015,27424.0,24514,92,9960,64,13176,28,1324,0,1509,11,13047,11,11538,15,0.0550247957992998,0.4757511668611435,0.4207263710618436
2021-10-22,El Dorado,017,186661.0,224792,692,115106,396,101110,291,8550,5,9787,98,116028,102,106241,115,0.0524319488270179,0.6215974413508981,0.5691654925238802
2021-10-22,Fresno,019,978130.0,1106237,3392,629351,2254,437954,1078,38388,60,62537,624,584042,679,521505,980,0.0639352642286812,0.5971005899011379,0.5331653256724567
2021-10-22,Glenn,021,27897.0,27783,105,13057,80,13243,21,1450,4,1232,22,14863,26,13631,38,0.0441624547442377,0.5327813026490303,0.4886188479047926
2021-10-22,Humboldt,023,135768.0,167213,568,88712,315,70181,240,8172,13,7428,55,87313,67,79885,88,0.0547109775499381,0.6431044134111131,0.588393435861175
2021-10-22,Imperial,025,180216.0,273141,571,146073,372,110345,180,16685,19,25308,136,154287,154,128979,139,0.1404314822213344,0.85612265281662,0.7156911705952856
2021-10-22,Inyo,027,18085.0,21101,60,8692,26,11653,33,594,1,863,9,10684,10,9821,13,0.0477191042300248,0.5907658280342826,0.5430467238042577
2021-10-22,Kern,029,883053.0,848334,3178,468452,1749,343308,1332,36338,97,53362,658,457898,739,404536,971,0.0604289889734817,0.5185396573025628,0.458110668329081
2021-10-22,Kings,031,150075.0,120198,378,60979,175,53592,201,5586,2,8251,81,65671,82,57420,106,0.0549791770781276,0.4375878727303015,0.3826086956521739
2021-10-22,Lake,033,64148.0,66367,206,23238,80,40088,115,3038,11,3806,35,35644,46,31838,44,0.0593315458003367,0.5556525534701003,0.4963210076697636
2021-10-22,Lassen,035,31185.0,15198,49,2925,19,10900,27,1359,3,1045,15,8633,18,7588,16,0.0335097001763668,0.2768318101651435,0.2433221099887766
2021-10-22,Los Angeles,037,10098052.0,13460340,43246,7771790,25590,5175565,16622,508042,1020,695664,7020,7071775,7755,6376111,8563,0.0688909108410216,0.7003108124220394,0.6314199015810178
2021-10-22,Madera,039,155013.0,152625,363,84381,262,62203,98,5944,3,8630,88,81354,91,72724,119,0.055672750027417,0.5248204989258966,0.4691477488984795
2021-10-22,Marin,041,260295.0,433975,1209,281437,856,139065,344,13444,9,12523,99,215548,105,203025,83,0.0481107973645287,0.8280912042106072,0.7799804068460785
2021-10-22,Mariposa,043,17540.0,15403,18,3842,9,10896,9,643,0,2605,7,9131,7,6526,2,0.1485176738882554,0.520581527936146,0.3720638540478905
2021-10-22,Mendocino,045,87422.0,115306,524,65748,297,45765,220,3780,7,6381,49,59507,56,53126,83,0.0729907803527716,0.6806867836471369,0.6076960032943652
2021-10-22,Merced,047,269075.0,269827,785,166272,539,92483,245,10206,1,26323,204,146728,207,120405,215,0.0978277431942766,0.5453052123014029,0.4474774691071262
2021-10-22,Modoc,049,8938.0,6896,9,1297,2,5120,6,469,1,284,2,3699,2,3415,1,0.0317744461848288,0.413850973372119,0.3820765271872902
2021-10-22,Mono,051,14174.0,18301,32,10665,31,7210,1,358,0,655,4,9029,4,8374,5,0.0462113729363623,0.6370114293777339,0.5908000564413716
2021-10-22,Monterey,053,433212.0,568737,2043,287623,1184,256889,836,23444,22,27950,328,300242,348,272292,401,0.0645180650582163,0.6930602107051513,0.628542145646935
2021-10-22,Napa,055,140530.0,208680,417,115702,284,86994,127,5969,6,10119,57,107146,62,97027,61,0.0720059773713797,0.7624421831637372,0.6904362057923575
2021-10-22,Nevada,057,99092.0,122441,370,68445,234,50408,128,3541,8,6068,53,62975,61,56907,57,0.061236023089654,0.635520526379526,0.574284503289872
2021-10-22,Orange,059,3164182.0,4331588,15479,2571575,8473,1625612,6708,133091,295,168564,1800,2221042,1981,2052478,2239,0.053272536156264,0.7019324425712554,0.6486599064149913
2021-10-22,Placer,061,380077.0,503451,1758,303916,1125,185772,616,13741,17,17572,197,253530,215,235958,244,0.0462327370506502,0.6670490453250263,0.620816308274376
2021-10-22,Plumas,063,18699.0,19156,61,3387,12,14479,48,1248,1,850,2,10395,3,9545,6,0.0454569763088935,0.555912080859939,0.5104551045510455
2021-10-22,Riverside,065,2383286.0,2707867,8287,1642231,5097,986845,2982,77541,206,141976,1351,1413644,1497,1271668,1926,0.0595715327493217,0.593149122681877,0.5335775899325553
2021-10-22,Sacramento,067,1510023.0,1920480,5929,1137389,4179,727819,1656,55008,93,79154,915,986237,1006,907083,1168,0.0524190691135168,0.6531271377985634,0.6007080686850466
2021-10-22,San Benito,069,59416.0,80075,235,46439,127,30109,107,3414,1,4240,36,42633,37,38393,41,0.0713612494950855,0.7175339975764103,0.6461727480813249
2021-10-22,San Bernardino,071,2135413.0,2257480,6646,1406494,4665,782177,1812,68536,169,114657,1376,1187156,1524,1072499,1886,0.0536931263413681,0.5559374228779164,0.5022442965365482
2021-10-22,San Diego,073,3302833.0,4697994,13189,2670841,7859,1849271,5001,176608,326,269435,2089,2530461,3917,2261026,3802,0.0815769371324556,0.7661486366401208,0.684571699507665
2021-10-22,San Francisco,075,870044.0,1405180,4226,924429,3354,423568,826,56799,46,39432,306,712000,348,672568,323,0.045321845791707,0.8183494168111038,0.7730275710193967
2021-10-22,San Joaquin,077,732212.0,868436,2648,518968,1904,322517,703,26903,41,61417,659,460915,700,399498,635,0.0838787127225448,0.629482991264825,0.5456042785422801
2021-10-22,San Luis Obispo,079,281455.0,350054,1158,188537,556,148260,578,13112,23,15925,119,180258,135,164333,140,0.0565809809738679,0.640450516068288,0.5838695350944201
2021-10-22,San Mateo,081,765935.0,1203448,3869,767973,2910,392541,891,42415,68,39172,296,610747,363,571575,383,0.0511427209880734,0.7973875067727679,0.7462447857846946
2021-10-22,Santa Barbara,083,443738.0,578253,2111,349742,1399,203960,674,24169,38,30114,296,304358,327,274244,526,0.0678643704167774,0.6858957312648455,0.618031360848068
2021-10-22,Santa Clara,085,1922200.0,3039346,8789,2001573,5534,924518,3070,109458,183,78026,872,1546291,971,1468265,978,0.0405920299656643,0.8044381437935698,0.7638461138279056
2021-10-22,Santa Cruz,087,273765.0,384605,948,195271,448,178719,484,10557,16,13222,120,197221,137,183999,133,0.0482968969736818,0.7204025350209121,0.6721056380472303
2021-10-22,Shasta,089,179085.0,154757,775,74650,332,72087,410,7965,33,10709,110,83930,142,73221,203,0.0597984197448139,0.46866013345618,0.4088617137113661
2021-10-22,Sierra,091,2930.0,3051,4,452,2,2534,2,61,0,76,0,1570,0,1494,3,0.025938566552901,0.5358361774744027,0.5098976109215017
2021-10-22,Siskiyou,093,43540.0,40651,169,17863,53,21533,112,1218,4,2498,21,21355,25,18857,34,0.0573725310059715,0.4904685346807533,0.4330960036747818
2021-10-22,Solano,095,438530.0,565237,1579,327138,1223,222786,330,15263,26,37408,249,297437,274,260029,337,0.0853031719608692,0.6782591840923083,0.5929560121314391
2021-10-22,Sonoma,097,501317.0,730722,1780,424354,1337,283355,424,22947,19,26914,219,372410,234,345496,273,0.0536865895231959,0.7428632980728761,0.6891767085496802
2021-10-22,Stanislaus,099,539301.0,591766,1640,353238,994,219119,618,19064,27,43595,395,315478,421,271883,479,0.0808361193470807,0.5849757371115574,0.5041396177644766
2021-10-22,Sutter,101,95872.0,104971,332,47217,159,53127,164,4618,9,5565,66,56190,75,50625,99,0.058046144859813,0.586093958611482,0.5280478137516689
2021-10-22,Tehama,103,63373.0,49802,121,19655,49,28158,66,1976,6,2590,24,26734,30,24144,35,0.0408691398545121,0.4218515771700882,0.380982437315576
2021-10-22,Trinity,105,12862.0,10938,44,2612,14,7600,29,721,1,703,6,6091,7,5388,12,0.0546571295288446,0.4735655419063909,0.4189084123775463
2021-10-22,Tulare,107,460477.0,454157,1720,279860,1143,161664,564,12540,13,28643,343,240832,354,212189,474,0.0622028896122933,0.5230054921309859,0.4608026025186926
2021-10-22,Tuolumne,109,53932.0,56762,199,17616,79,37763,118,1378,2,2854,35,29147,37,26293,20,0.0529184899503078,0.5404398130979752,0.4875213231476674
2021-10-22,Ventura,111,848112.0,1138054,3375,638591,1951,459404,1350,39630,72,45482,433,589020,492,543538,550,0.053627351104571,0.6945073292206689,0.6408799781160979
2021-10-22,Yolo,113,214977.0,287640,740,150922,504,128242,230,8440,6,12914,99,148604,105,135690,106,0.0600715425371086,0.6912553435948962,0.6311838010577876
2021-10-22,Yuba,115,75493.0,66721,165,28011,76,34705,85,3984,4,3684,55,36533,59,32849,56,0.0487992264183434,0.4839256619819056,0.4351264355635622
2021-10-21,Alameda,001,1643700.0,2469704,5047,1618171,4438,735200,532,115517,75,75404,620,1272961,695,1197557,893,0.0458745513171503,0.774448500334611,0.7285739490174606
2021-10-21,Alpine,003,1148.0,1546,0,55,0,1485,0,6,0,102,0,798,0,696,0,0.0888501742160278,0.6951219512195121,0.6062717770034843
2021-10-21,Amador,005,37829.0,41548,61,12926,42,27052,18,1567,1,3096,9,22039,10,18943,19,0.0818419730894287,0.5825953633455815,0.5007533902561527
2021-10-21,Butte,007,227075.0,216482,496,111473,400,96290,84,8697,12,10319,93,114072,101,103753,117,0.0454431355279092,0.5023538478476275,0.4569107123197181
2021-10-21,Calaveras,009,45235.0,48430,88,21647,41,25286,45,1495,2,2679,14,25164,16,22485,19,0.0592240521719907,0.556294904388195,0.4970708522162043
2021-10-21,Colusa,011,21464.0,23290,41,6902,26,15355,14,1015,1,1252,6,12599,7,11347,17,0.0583302273574357,0.5869828550130451,0.5286526276556094
2021-10-21,Contra Costa,013,1133247.0,1757431,3958,1214686,3508,486373,398,55979,52,48668,537,888180,590,839512,835,0.0429456243872695,0.7837479384458993,0.7408023140586297
2021-10-21,Del Norte,015,27424.0,24422,48,9896,34,13148,12,1324,2,1513,18,13036,20,11523,16,0.0551706534422403,0.4753500583430571,0.4201794049008168
2021-10-21,El Dorado,017,186661.0,224100,364,114710,290,100819,69,8545,5,9800,44,115926,49,106126,64,0.0525015937983831,0.6210509961909558,0.5685494023925727
2021-10-21,Fresno,019,978130.0,1102845,2261,627097,1554,436876,664,38328,42,62838,466,583363,510,520525,727,0.0642429942850132,0.5964064081461564,0.5321634138611432
2021-10-21,Glenn,021,27897.0,27678,110,12977,97,13222,7,1446,6,1244,18,14837,24,13593,27,0.044592608524214,0.5318493027924149,0.4872566942682009
2021-10-21,Humboldt,023,135768.0,166645,302,88397,232,69941,67,8159,3,7449,74,87246,77,79797,62,0.0548656531730599,0.6426109245182959,0.587745271345236
2021-10-21,Imperial,025,180216.0,272570,606,145701,483,110165,100,16666,23,25293,163,154133,185,128840,161,0.1403482487681449,0.8552681226972078,0.7149198739290629
2021-10-21,Inyo,027,18085.0,21041,41,8666,22,11620,17,593,2,866,13,10674,15,9808,9,0.0478849875587503,0.5902128836051976,0.5423278960464474
2021-10-21,Kern,029,883053.0,845156,1684,466703,1236,341976,372,36241,76,53594,493,457159,567,403565,667,0.0606917138608894,0.5177027879413807,0.4570110740804912
2021-10-21,Kings,031,150075.0,119820,321,60804,227,53391,83,5584,11,8275,66,65589,76,57314,119,0.0551390971181076,0.4370414792603698,0.3819023821422622
2021-10-21,Lake,033,64148.0,66161,140,23158,104,39973,35,3027,1,3804,47,35598,48,31794,43,0.059300367899233,0.5549354617447153,0.4956350938454823
2021-10-21,Lassen,035,31185.0,15149,46,2906,28,10873,17,1356,1,1043,10,8615,11,7572,23,0.0334455667789001,0.2762546095879429,0.2428090428090428
2021-10-21,Los Angeles,037,10098052.0,13417094,24051,7746200,19610,5158943,3743,507022,676,696472,5240,7064020,5889,6367548,6536,0.0689709262737011,0.6995428425205178,0.6305719162468167
2021-10-21,Madera,039,155013.0,152262,343,84119,277,62105,62,5941,4,8658,79,81263,82,72605,117,0.0558533800390934,0.5242334513879481,0.4683800713488546
2021-10-21,Marin,041,260295.0,432766,759,280581,678,138721,71,13435,10,12501,84,215443,93,202942,74,0.0480262778770241,0.8276878157475173,0.7796615378704931
2021-10-21,Mariposa,043,17540.0,15385,41,3833,19,10887,17,643,5,2600,10,9124,15,6524,23,0.1482326111744583,0.5201824401368301,0.3719498289623717
2021-10-21,Mendocino,045,87422.0,114782,129,65451,91,45545,37,3773,1,6408,21,59451,22,53043,34,0.0732996270961542,0.6800462126238247,0.6067465855276704
2021-10-21,Merced,047,269075.0,269042,634,165733,485,92238,137,10205,11,26331,188,146521,199,120190,227,0.0978574746817801,0.5445359100622503,0.4466784353804701
2021-10-21,Modoc,049,8938.0,6887,38,1295,12,5114,22,468,4,283,5,3697,9,3414,17,0.0316625643320653,0.413627209666592,0.3819646453345267
2021-10-21,Mono,051,14174.0,18269,87,10634,74,7209,13,358,0,656,6,9025,6,8369,5,0.046281924650769,0.6367292225201072,0.5904472978693383
2021-10-21,Monterey,053,433212.0,566694,939,286439,665,256053,267,23422,7,28003,188,299894,195,271891,285,0.0646404070062694,0.6922569088575571,0.6276165018512876
2021-10-21,Napa,055,140530.0,208263,469,115418,396,86867,71,5963,2,10118,44,107084,46,96966,69,0.0719988614530705,0.7620009962285633,0.6900021347754928
2021-10-21,Nevada,057,99092.0,122071,207,68211,189,50280,16,3533,2,6064,16,62914,18,56850,36,0.0611956565615791,0.6349049368263836,0.5737092802648044
2021-10-21,Orange,059,3164182.0,4316109,7448,2563102,6281,1618904,992,132796,173,168822,1201,2219061,1361,2050239,1573,0.0533540738174984,0.7013063723894517,0.6479522985719532
2021-10-21,Placer,061,380077.0,501693,1066,302791,953,185156,94,13724,19,17601,145,253315,164,235714,192,0.0463090373792678,0.6664833704749301,0.6201743330956622
2021-10-21,Plumas,063,18699.0,19095,36,3375,22,14431,11,1247,3,853,16,10392,19,9539,11,0.045617412695866,0.5557516444729664,0.5101342317771004
2021-10-21,Riverside,065,2383286.0,2699580,4970,1637134,3999,983863,868,77335,102,142405,1060,1412147,1161,1269742,1475,0.0597515363242179,0.5925209983191274,0.5327694619949096
2021-10-21,Sacramento,067,1510023.0,1914551,3628,1133210,3006,726163,567,54915,55,79316,662,985231,717,905915,858,0.0525263522476147,0.6524609227806464,0.5999345705330316
2021-10-21,San Benito,069,59416.0,79840,149,46312,120,30002,25,3413,4,4244,42,42596,46,38352,48,0.0714285714285714,0.7169112696916655,0.6454826982630941
2021-10-21,San Bernardino,071,2135413.0,2250834,4369,1401829,3644,780365,613,68367,111,115019,997,1185632,1103,1070613,1505,0.0538626485836697,0.5552237436036963,0.5013610950200266
2021-10-21,San Diego,073,3302833.0,4684805,7675,2662982,6338,1844270,1103,176282,231,269320,1536,2526544,2508,2257224,2582,0.0815421185388422,0.7649626850646097,0.6834205665257674
2021-10-21,San Francisco,075,870044.0,1400954,2614,921075,2267,422742,300,56753,46,39407,254,711652,301,672245,286,0.045293111612746,0.8179494370399658,0.7726563254272197
2021-10-21,San Joaquin,077,732212.0,865788,1714,517064,1417,321814,272,26862,25,61352,467,460215,490,398863,476,0.0837899406182908,0.6285269839882438,0.544737043369953
2021-10-21,San Luis Obispo,079,281455.0,348896,541,187981,442,147682,87,13089,9,15930,68,180123,75,164193,124,0.0565987458030591,0.6399708656801265,0.5833721198770674
2021-10-21,San Mateo,081,765935.0,1199579,2323,765063,2141,391650,132,42347,50,39192,193,610384,241,571192,303,0.0511688328644075,0.7969135762173031,0.7457447433528955
2021-10-21,Santa Barbara,083,443738.0,576142,1583,348343,1428,203286,134,24131,21,30313,243,304031,262,273718,360,0.0683128332484484,0.6851588099283812,0.6168459766799328
2021-10-21,Santa Clara,085,1922200.0,3030557,4731,1996039,4173,921448,451,109275,106,78033,565,1545320,666,1467287,794,0.0405956716262615,0.8039329934450109,0.7633373218187494
2021-10-21,Santa Cruz,087,273765.0,383657,502,194823,359,178235,107,10541,36,13218,70,197084,102,183866,134,0.0482822859021423,0.7199021058206856,0.6716198199185432
2021-10-21,Shasta,089,179085.0,153982,356,74318,272,71677,75,7932,8,10770,77,83788,85,73018,119,0.0601390401206131,0.4678672138928442,0.4077281737722311
2021-10-21,Sierra,091,2930.0,3047,7,450,2,2532,4,61,1,79,2,1570,3,1491,3,0.0269624573378839,0.5358361774744027,0.5088737201365188
2021-10-21,Siskiyou,093,43540.0,40482,95,17810,55,21421,39,1214,1,2507,26,21330,27,18823,25,0.0575792374827744,0.4898943500229674,0.4323151125401929
2021-10-21,Solano,095,438530.0,563658,1223,325915,1042,222456,153,15237,28,37471,205,297163,233,259692,320,0.0854468337399949,0.6776343693703966,0.5921875356304016
2021-10-21,Sonoma,097,501317.0,728942,1479,423017,1276,282931,171,22928,32,26953,161,372176,194,345223,224,0.0537643846109348,0.7423965275464427,0.6886321429355079
2021-10-21,Stanislaus,099,539301.0,590126,1003,352244,760,218501,219,19037,24,43653,273,315057,296,271404,377,0.0809436659676136,0.584195096986655,0.5032514310190414
2021-10-21,Sutter,101,95872.0,104639,195,47058,139,52963,52,4609,4,5589,55,56115,57,50526,75,0.0582964786381842,0.5853116655540721,0.5270151869158879
2021-10-21,Tehama,103,63373.0,49681,132,19606,62,28092,64,1970,6,2595,24,26704,29,24109,45,0.0409480378078992,0.4213781894497657,0.3804301516418664
2021-10-21,Trinity,105,12862.0,10894,9,2598,5,7571,4,720,0,708,5,6084,5,5376,3,0.055045871559633,0.4730213030632872,0.4179754315036542
2021-10-21,Tulare,107,460477.0,452437,1152,278717,878,161100,260,12527,14,28763,322,240478,335,211715,363,0.0624634889473307,0.5222367240926257,0.459773235145295
2021-10-21,Tuolumne,109,53932.0,56563,51,17537,39,37645,12,1376,0,2837,13,29110,13,26273,15,0.0526032782021805,0.53975376399911,0.4871504857969295
2021-10-21,Ventura,111,848112.0,1134679,2025,636640,1722,458054,241,39558,62,45540,401,588528,467,542988,504,0.0536957382987152,0.6939272171599977,0.6402314788612825
2021-10-21,Yolo,113,214977.0,286900,506,150418,441,128012,54,8434,11,12915,83,148499,94,135584,115,0.0600761941975188,0.690766919251827,0.6306907250543081
2021-10-21,Yuba,115,75493.0,66556,144,27935,96,34620,44,3980,4,3681,49,36474,53,32793,65,0.0487594876346151,0.4831441325685825,0.4343846449339674
2021-10-20,Alameda,001,1643700.0,2464657,4424,1613733,3954,734668,409,115442,60,75602,669,1272266,726,1196664,636,0.0459950112550952,0.774025673784754,0.7280306625296586
2021-10-20,Alpine,003,1148.0,1546,0,55,0,1485,0,6,0,102,0,798,0,696,0,0.0888501742160278,0.6951219512195121,0.6062717770034843
2021-10-20,Amador,005,37829.0,41487,55,12884,36,27034,18,1566,1,3105,15,22029,16,18924,16,0.082079885801898,0.5823310158872822,0.5002511300853842
2021-10-20,Butte,007,227075.0,215986,561,111073,352,96206,186,8685,23,10335,100,113971,123,103636,166,0.0455135968292414,0.5019090608829682,0.4563954640537267
2021-10-20,Calaveras,009,45235.0,48342,64,21606,46,25241,14,1493,4,2682,14,25148,18,22466,21,0.059290372499171,0.5559411959765668,0.4966508234773958
2021-10-20,Colusa,011,21464.0,23249,44,6876,31,15341,13,1014,0,1262,10,12592,10,11330,19,0.0587961237420797,0.5866567275437943,0.5278606038017145
2021-10-20,Contra Costa,013,1133247.0,1753473,4146,1211178,3709,485975,367,55927,69,48913,584,887590,648,838677,936,0.0431618173266728,0.7832273105510096,0.7400654932243368
2021-10-20,Del Norte,015,27424.0,24374,33,9862,25,13136,8,1322,0,1509,9,13016,9,11507,12,0.0550247957992998,0.4746207701283547,0.4195959743290548
2021-10-20,El Dorado,017,186661.0,223736,388,114420,323,100750,57,8540,8,9815,56,115877,65,106062,76,0.0525819533807276,0.6207884882219639,0.5682065348412363
2021-10-20,Fresno,019,978130.0,1100584,2130,625543,1697,436212,384,38286,48,63055,478,582853,526,519798,685,0.0644648461860897,0.595885005060677,0.5314201588745873
2021-10-20,Glenn,021,27897.0,27568,109,12880,93,13215,12,1440,3,1247,36,14813,39,13566,25,0.0447001469692081,0.5309889952324622,0.4862888482632541
2021-10-20,Humboldt,023,135768.0,166343,244,88165,208,69874,33,8156,3,7434,40,87169,43,79735,54,0.0547551705851157,0.6420437805668493,0.5872886099817336
2021-10-20,Imperial,025,180216.0,271964,411,145218,295,110065,49,16643,66,25269,89,153948,155,128679,182,0.1402150752430417,0.8542415767745373,0.7140265015314955
2021-10-20,Inyo,027,18085.0,21000,33,8644,20,11603,13,591,0,860,8,10659,8,9799,12,0.0475532209012994,0.5893834669615704,0.541830246060271
2021-10-20,Kern,029,883053.0,843472,1677,465467,1247,341604,372,36165,56,53694,434,456592,490,402898,693,0.060804957346841,0.5170606973760352,0.4562557400291941
2021-10-20,Kings,031,150075.0,119499,265,60577,170,53308,80,5573,15,8318,68,65513,83,57195,131,0.0554256205230717,0.4365350658004331,0.3811094452773613
2021-10-20,Lake,033,64148.0,66021,149,23054,114,39938,32,3026,3,3799,24,35550,26,31751,69,0.0592224231464737,0.5541871921182266,0.4949647689717528
2021-10-20,Lassen,035,31185.0,15103,35,2878,20,10856,11,1355,4,1055,14,8604,18,7549,19,0.0338303671637005,0.2759018759018759,0.2420715087381754
2021-10-20,Los Angeles,037,10098052.0,13393043,22982,7726590,19137,5155200,3223,506346,606,697119,5347,7058131,5935,6361012,6326,0.0690349980372452,0.6989596607345654,0.6299246626973203
2021-10-20,Madera,039,155013.0,151919,291,83842,214,62043,60,5937,17,8693,76,81181,93,72488,93,0.056079167553689,0.5237044634966099,0.4676252959429209
2021-10-20,Marin,041,260295.0,432007,797,279903,724,138650,58,13425,15,12482,58,215350,74,202868,83,0.0479532837741792,0.8273305288230661,0.7793772450488868
2021-10-20,Mariposa,043,17540.0,15344,38,3814,12,10870,18,638,8,2608,16,9109,23,6501,11,0.1486887115165336,0.5193272519954389,0.3706385404789054
2021-10-20,Mendocino,045,87422.0,114653,162,65360,121,45508,41,3772,0,6420,27,59429,27,53009,24,0.0734368923154354,0.6797945597218091,0.6063576674063736
2021-10-20,Merced,047,269075.0,268408,695,165248,546,92101,139,10194,9,26359,212,146322,221,119963,236,0.0979615348880423,0.5437963393106011,0.4458348044225587
2021-10-20,Modoc,049,8938.0,6849,8,1283,5,5092,3,464,0,291,4,3688,4,3397,3,0.0325576191541731,0.4126202729917207,0.3800626538375475
2021-10-20,Mono,051,14174.0,18182,26,10560,24,7196,2,358,0,655,7,9019,7,8364,4,0.0462113729363623,0.6363059122336673,0.5900945392973049
2021-10-20,Monterey,053,433212.0,565755,1043,285774,808,255786,223,23415,10,28093,248,299699,258,271606,353,0.0648481574840955,0.6918067828222672,0.6269586253381716
2021-10-20,Napa,055,140530.0,207794,320,115022,287,86796,30,5961,3,10141,49,107038,52,96897,64,0.0721625275741834,0.7616736639863374,0.689511136412154
2021-10-20,Nevada,057,99092.0,121864,228,68022,196,50264,26,3531,6,6082,34,62896,40,56814,51,0.0613773059379162,0.6347232874500465,0.5733459815121301
2021-10-20,Orange,059,3164182.0,4308661,7123,2556821,6119,1617912,874,132623,128,169034,1105,2217700,1230,2048666,1527,0.0534210737561872,0.7008762454245678,0.6474551716683806
2021-10-20,Placer,061,380077.0,500627,1004,301838,858,185062,126,13705,20,17629,139,253151,157,235522,197,0.0463827066620711,0.6660518789613683,0.6196691722992973
2021-10-20,Plumas,063,18699.0,19059,28,3353,17,14420,10,1244,1,845,10,10373,11,9528,7,0.0451895823306059,0.5547355473554736,0.5095459650248676
2021-10-20,Riverside,065,2383286.0,2694610,4917,1633135,4112,982995,707,77233,91,142719,1063,1410986,1155,1268267,1382,0.0598832871925568,0.5920338557772756,0.5321505685847188
2021-10-20,Sacramento,067,1510023.0,1910923,3443,1130204,2893,725596,463,54860,86,79457,643,984514,729,905057,898,0.0526197283087741,0.6519860955760276,0.5993663672672536
2021-10-20,San Benito,069,59416.0,79691,204,46192,185,29977,16,3409,3,4246,42,42550,45,38304,51,0.0714622323953143,0.7161370674565773,0.644674835061263
2021-10-20,San Bernardino,071,2135413.0,2246465,4394,1398185,3673,779752,615,68256,103,115421,991,1184529,1092,1069108,1414,0.0540509025654522,0.5547072158875122,0.50065631332206
2021-10-20,San Diego,073,3302833.0,4677130,7165,2656644,5948,1843167,958,176051,258,269394,1447,2524036,2352,2254642,2511,0.0815645235469065,0.7642033369534579,0.6826388134065513
2021-10-20,San Francisco,075,870044.0,1398340,2802,918808,2580,422442,212,56707,10,39392,240,711351,249,671959,273,0.0452758711053693,0.8176034775252746,0.7723276064199052
2021-10-20,San Joaquin,077,732212.0,864074,1605,515647,1315,321542,264,26837,26,61338,438,459725,462,398387,583,0.0837708204727592,0.6278577788946371,0.5440869584218778
2021-10-20,San Luis Obispo,079,281455.0,348355,614,187539,510,147595,95,13080,9,15979,84,180048,92,164069,113,0.0567728411291325,0.639704393242259,0.5829315521131264
2021-10-20,San Mateo,081,765935.0,1197256,2345,762922,2131,391518,146,42297,67,39254,254,610143,320,570889,366,0.0512497796810434,0.7965989281074765,0.7453491484264331
2021-10-20,Santa Barbara,083,443738.0,574559,1198,346915,965,203152,194,24110,38,30411,220,303769,256,273358,312,0.0685336842911808,0.6845683714263823,0.6160346871352014
2021-10-20,Santa Clara,085,1922200.0,3025826,4662,1991866,4179,920997,397,109169,86,78161,664,1544654,744,1466493,726,0.0406622619914681,0.8035865154510456,0.7629242534595776
2021-10-20,Santa Cruz,087,273765.0,383155,550,194464,473,178128,74,10505,3,13250,69,196982,73,183732,88,0.048399174474458,0.7195295234964294,0.6711303490219714
2021-10-20,Shasta,089,179085.0,153626,329,74046,214,71602,112,7924,3,10804,63,83703,66,72899,106,0.0603288941005667,0.46739257894296,0.4070636848423933
2021-10-20,Sierra,091,2930.0,3040,6,448,6,2528,0,60,0,79,2,1567,2,1488,4,0.0269624573378839,0.5348122866894198,0.5078498293515359
2021-10-20,Siskiyou,093,43540.0,40387,89,17755,60,21382,26,1213,3,2505,12,21303,15,18798,30,0.0575333027101515,0.4892742305925586,0.431740927882407
2021-10-20,Solano,095,438530.0,562435,1189,324873,1057,222303,118,15209,14,37558,207,296930,220,259372,283,0.0856452238159305,0.6771030488222014,0.591457825006271
2021-10-20,Sonoma,097,501317.0,727463,1414,421741,1252,282760,142,22896,20,26983,203,371982,224,344999,258,0.0538242269861185,0.7420095468535877,0.6881853198674691
2021-10-20,Stanislaus,099,539301.0,589123,1247,351484,1004,218282,219,19013,22,43734,309,314761,330,271027,441,0.081093860385944,0.5836462383715216,0.5025523779855776
2021-10-20,Sutter,101,95872.0,104444,152,46919,104,52911,41,4605,7,5607,45,56058,52,50451,62,0.0584842289719626,0.5847171228304406,0.5262328938584779
2021-10-20,Tehama,103,63373.0,49549,131,19544,101,28028,28,1964,2,2611,29,26675,31,24064,60,0.0412005112587379,0.4209205813201205,0.3797200700613826
2021-10-20,Trinity,105,12862.0,10885,12,2593,10,7567,1,720,1,706,7,6079,8,5373,3,0.0548903747473176,0.4726325610324988,0.4177421862851811
2021-10-20,Tulare,107,460477.0,451285,976,277839,808,160840,147,12513,21,28791,255,240143,275,211352,351,0.0625242954588394,0.5215092176156464,0.458984922156807
2021-10-20,Tuolumne,109,53932.0,56512,78,17498,54,37633,16,1376,8,2839,9,29097,16,26258,27,0.0526403619372543,0.5395127197211304,0.486872357783876
2021-10-20,Ventura,111,848112.0,1132654,1604,634918,1303,457813,237,39496,64,45577,317,588061,378,542484,413,0.053739364612221,0.6933765823381818,0.6396372177259607
2021-10-20,Yolo,113,214977.0,286394,426,149977,360,127958,62,8423,4,12936,78,148405,82,135469,98,0.0601738790661326,0.6903296631732697,0.630155784107137
2021-10-20,Yuba,115,75493.0,66412,111,27839,72,34576,36,3976,3,3693,40,36421,43,32728,49,0.0489184427695283,0.482442080722716,0.4335236379531877
2021-10-19,Alameda,001,1643700.0,2460233,5203,1609779,4740,734259,396,115382,67,75512,644,1271540,712,1196028,836,0.0459402567378475,0.7735839873456227,0.7276437306077751
2021-10-19,Alpine,003,1148.0,1546,0,55,0,1485,0,6,0,102,0,798,0,696,0,0.0888501742160278,0.6951219512195121,0.6062717770034843
2021-10-19,Amador,005,37829.0,41432,51,12848,34,27016,14,1565,3,3105,11,22013,14,18908,16,0.082079885801898,0.5819080599540035,0.4998281741521055
2021-10-19,Butte,007,227075.0,215425,315,110721,254,96020,55,8662,6,10378,67,113848,73,103470,118,0.0457029615765716,0.5013673896289772,0.4556644280524056
2021-10-19,Calaveras,009,45235.0,48278,66,21560,50,25227,13,1489,3,2685,15,25130,18,22445,26,0.0593566928263512,0.5555432740134851,0.4961865811871339
2021-10-19,Colusa,011,21464.0,23205,36,6845,17,15328,16,1014,3,1271,8,12582,11,11311,18,0.0592154304882594,0.5861908311591502,0.5269754006708908
2021-10-19,Contra Costa,013,1133247.0,1749327,4433,1207469,3995,485608,351,55858,87,49201,641,886942,727,837741,1031,0.0434159543329918,0.7826555022867918,0.7392395479538
2021-10-19,Del Norte,015,27424.0,24341,48,9837,31,13128,17,1322,0,1512,10,13007,10,11495,13,0.0551341890315052,0.4742925904317386,0.4191584014002333
2021-10-19,El Dorado,017,186661.0,223348,394,114097,338,100693,44,8532,12,9826,58,115812,70,105986,89,0.0526408837411135,0.6204402633651379,0.5677993796240243
2021-10-19,Fresno,019,978130.0,1098454,2380,623846,1782,435828,570,38238,27,63214,490,582327,517,519113,736,0.0646274012656804,0.5953472442313394,0.530719842965659
2021-10-19,Glenn,021,27897.0,27459,32,12787,26,13203,6,1437,0,1233,12,14774,12,13541,15,0.044198300892569,0.5295909954475392,0.4853926945549701
2021-10-19,Humboldt,023,135768.0,166099,219,87957,194,69841,25,8153,0,7445,41,87126,41,79681,37,0.0548361911496081,0.6417270638147428,0.5868908726651346
2021-10-19,Imperial,025,180216.0,271553,547,144923,463,110016,63,16577,21,25296,137,153793,158,128497,175,0.1403648954587828,0.8533814977582457,0.7130166022994628
2021-10-19,Inyo,027,18085.0,20967,52,8624,47,11590,5,591,0,864,9,10651,9,9787,8,0.0477743986729333,0.5889411114183024,0.5411667127453691
2021-10-19,Kern,029,883053.0,841795,1587,464220,1218,341232,305,36109,64,53897,468,456102,530,402205,648,0.0610348416233227,0.5165058042948725,0.4554709626715497
2021-10-19,Kings,031,150075.0,119234,245,60407,161,53228,73,5558,11,8366,47,65430,58,57064,122,0.0557454606030318,0.4359820089955022,0.3802365483924704
2021-10-19,Lake,033,64148.0,65872,166,22940,112,39906,51,3023,3,3842,43,35524,46,31682,58,0.0598927480202032,0.5537818794038786,0.4938891313836752
2021-10-19,Lassen,035,31185.0,15068,59,2858,20,10845,14,1351,25,1056,18,8586,43,7530,37,0.0338624338624338,0.2753246753246753,0.2414622414622414
2021-10-19,Los Angeles,037,10098052.0,13370061,24042,7707453,20191,5151977,3188,505740,640,697510,5473,7052196,6103,6354686,6916,0.069073718376574,0.6983719236145743,0.6292982052380004
2021-10-19,Madera,039,155013.0,151628,321,83628,278,61983,33,5920,10,8693,77,81088,87,72395,102,0.056079167553689,0.5231045138149704,0.4670253462612813
2021-10-19,Marin,041,260295.0,431210,833,279179,772,138592,50,13410,8,12491,76,215276,83,202785,82,0.0479878599281584,0.8270462360014599,0.7790583760733014
2021-10-19,Mariposa,043,17540.0,15306,20,3802,12,10852,7,630,1,2596,10,9086,11,6490,7,0.1480045610034207,0.5180159635119727,0.3700114025085518
2021-10-19,Mendocino,045,87422.0,114491,252,65239,203,45467,46,3772,3,6417,29,59402,33,52985,67,0.0734025760106151,0.6794857129784265,0.6060831369678114
2021-10-19,Merced,047,269075.0,267713,613,164702,518,91962,83,10185,12,26374,174,146101,188,119727,214,0.0980172814271114,0.5429750069683174,0.444957725541206
2021-10-19,Modoc,049,8938.0,6841,22,1278,16,5089,5,464,1,290,0,3684,1,3394,8,0.0324457373014097,0.4121727455806668,0.3797270082792571
2021-10-19,Mono,051,14174.0,18156,31,10536,28,7194,3,358,0,652,3,9012,3,8360,10,0.0459997177931423,0.6358120502328206,0.5898123324396782
2021-10-19,Monterey,053,433212.0,564712,920,284966,744,255563,144,23405,26,28188,162,299441,187,271253,256,0.0650674496551342,0.691211231452499,0.6261437817973649
2021-10-19,Napa,055,140530.0,207474,535,114735,487,86766,34,5958,14,10153,71,106986,84,96833,98,0.0722479185938945,0.761303636234256,0.6890557176403614
2021-10-19,Nevada,057,99092.0,121636,238,67826,203,50238,26,3525,9,6093,34,62856,43,56763,58,0.0614883138901223,0.6343196221692973,0.5728313082791749
2021-10-19,Orange,059,3164182.0,4301538,7154,2550702,6215,1617038,781,132495,156,169331,1045,2216470,1197,2047139,1511,0.0535149368778407,0.7004875193651945,0.6469725824873538
2021-10-19,Placer,061,380077.0,499623,988,300980,864,184936,96,13685,28,17669,131,252994,159,235325,172,0.0464879484946471,0.6656388047685075,0.6191508562738604
2021-10-19,Plumas,063,18699.0,19031,15,3336,8,14410,7,1243,0,841,3,10362,3,9521,8,0.0449756671479758,0.5541472806032408,0.509171613455265
2021-10-19,Riverside,065,2383286.0,2689693,5011,1629023,4217,982288,680,77142,111,142946,1045,1409831,1158,1266885,1450,0.0599785338394133,0.5915492307679397,0.5315706969285264
2021-10-19,Sacramento,067,1510023.0,1907480,3350,1127311,2883,725133,387,54774,79,79626,603,983785,681,904159,869,0.0527316471338516,0.6515033214725868,0.5987716743387352
2021-10-19,San Benito,069,59416.0,79487,81,46007,56,29961,23,3406,2,4252,21,42505,22,38253,30,0.0715632152955432,0.7153796957048606,0.6438164804093174
2021-10-19,San Bernardino,071,2135413.0,2242071,4494,1394512,3831,779137,537,68153,125,115743,1036,1183437,1158,1067694,1446,0.0542016930682729,0.5541958393996852,0.4999941463314122
2021-10-19,San Diego,073,3302833.0,4669965,7720,2650696,6552,1842209,948,175793,217,269553,1720,2521684,2626,2252131,2429,0.0816126640372068,0.7634912210214685,0.6818785569842617
2021-10-19,San Francisco,075,870044.0,1395538,3124,916228,2839,422230,248,56697,37,39416,292,711102,329,671686,292,0.045303455917172,0.8173172851028224,0.7720138291856504
2021-10-19,San Joaquin,077,732212.0,862469,1454,514332,1188,321278,226,26811,40,61459,411,459263,452,397804,468,0.0839360731591397,0.6272268140920936,0.5432907409329538
2021-10-19,San Luis Obispo,079,281455.0,347741,695,187029,632,147500,56,13071,7,16000,82,179956,89,163956,117,0.0568474534117354,0.6393775203851415,0.582530066973406
2021-10-19,San Mateo,081,765935.0,1194911,2748,760791,2574,391372,131,42230,43,39300,286,609823,330,570523,318,0.0513098369966119,0.79618113808613,0.744871301089518
2021-10-19,Santa Barbara,083,443738.0,573361,997,345950,890,202958,97,24072,9,30467,146,303513,155,273046,220,0.0686598848870279,0.6839914544167955,0.6153315695297675
2021-10-19,Santa Clara,085,1922200.0,3021164,4802,1987687,4309,920600,408,109083,85,78143,570,1543910,653,1465767,752,0.0406528977213609,0.8031994589532827,0.7625465612319218
2021-10-19,Santa Cruz,087,273765.0,382605,455,193991,367,178054,84,10502,4,13265,107,196909,112,183644,130,0.0484539659927309,0.7192628714408343,0.6708089054481033
2021-10-19,Shasta,089,179085.0,153297,245,73832,190,71490,42,7921,13,10844,65,83637,77,72793,85,0.0605522517240416,0.4670240388642265,0.4064717871401848
2021-10-19,Sierra,091,2930.0,3034,2,442,2,2528,0,60,0,81,0,1565,0,1484,2,0.0276450511945392,0.5341296928327645,0.5064846416382253
2021-10-19,Siskiyou,093,43540.0,40298,45,17695,40,21356,5,1210,0,2520,14,21288,14,18768,13,0.0578778135048231,0.488929719797887,0.4310519062930638
2021-10-19,Solano,095,438530.0,561246,1254,323816,1113,222185,113,15195,28,37621,213,296710,240,259089,295,0.0857888855950562,0.6766013727681116,0.5908124871730555
2021-10-19,Sonoma,097,501317.0,726049,1517,420489,1364,282618,122,22876,29,27017,188,371758,215,344741,288,0.0538920483446601,0.7415627237855489,0.6876706754408887
2021-10-19,Stanislaus,099,539301.0,587876,1082,350480,886,218063,181,18991,15,43845,330,314431,344,270586,399,0.081299682366619,0.5830343351857311,0.5017346528191121
2021-10-19,Sutter,101,95872.0,104292,193,46815,118,52870,69,4598,6,5617,59,56006,64,50389,75,0.0585885347129506,0.584174732977303,0.5255861982643525
2021-10-19,Tehama,103,63373.0,49418,78,19443,36,28000,37,1962,4,2640,23,26644,27,24004,43,0.041658119388383,0.4204314140091206,0.3787732946207375
2021-10-19,Trinity,105,12862.0,10873,24,2583,10,7566,14,719,0,701,5,6071,5,5370,17,0.0545016327165293,0.4720105737832374,0.4175089410667081
2021-10-19,Tulare,107,460477.0,450309,859,277031,651,160693,198,12492,10,28867,232,239868,240,211001,275,0.062689341704363,0.5209120108061858,0.4582226691018227
2021-10-19,Tuolumne,109,53932.0,56434,59,17444,29,37617,27,1368,3,2850,17,29081,20,26231,27,0.0528443224801602,0.53921604984054,0.4863717273603797
2021-10-19,Ventura,111,848112.0,1131050,1868,633615,1611,457576,212,39432,42,45612,324,587683,365,542071,445,0.0537806327466183,0.6929308864866904,0.6391502537400721
2021-10-19,Yolo,113,214977.0,285968,383,149617,326,127896,52,8419,5,12952,68,148323,74,135371,91,0.0602483056326955,0.6899482270196347,0.6296999213869391
2021-10-19,Yuba,115,75493.0,66301,134,27767,88,34540,42,3973,4,3699,43,36378,47,32679,62,0.0489979203369848,0.4818724914892771,0.4328745711522923
2021-10-18,Alameda,001,1643700.0,2455030,4845,1605039,4415,733863,364,115315,66,75636,654,1270828,718,1195192,828,0.0460156962949443,0.7731508182758411,0.7271351219808968
2021-10-18,Alpine,003,1148.0,1546,0,55,0,1485,0,6,0,102,0,798,0,696,0,0.0888501742160278,0.6951219512195121,0.6062717770034843
2021-10-18,Amador,005,37829.0,41381,51,12814,44,27002,4,1562,3,3107,5,21999,8,18892,12,0.0821327552935578,0.5815379735123847,0.4994052182188268
2021-10-18,Butte,007,227075.0,215110,342,110467,271,95965,67,8656,4,10423,74,113775,78,103352,105,0.0459011339865683,0.5010459099416492,0.4551447759550809
2021-10-18,Calaveras,009,45235.0,48212,76,21510,49,25214,22,1486,5,2693,19,25112,22,22419,24,0.0595335470321653,0.5551453520504035,0.4956118050182381
2021-10-18,Colusa,011,21464.0,23169,30,6828,17,15312,13,1011,0,1278,9,12571,9,11293,17,0.0595415579575102,0.5856783451360418,0.5261367871785315
2021-10-18,Contra Costa,013,1133247.0,1744894,4201,1203474,3792,485257,311,55771,97,49505,691,886215,784,836710,1131,0.0436842100618841,0.7820139828298686,0.7383297727679844
2021-10-18,Del Norte,015,27424.0,24293,77,9806,57,13111,20,1322,0,1515,16,12997,16,11482,22,0.0552435822637106,0.4739279463243874,0.4186843640606768
2021-10-18,El Dorado,017,186661.0,222954,434,113759,377,100649,45,8520,12,9845,65,115742,75,105897,86,0.0527426725454165,0.6200652519808637,0.5673225794354472
2021-10-18,Fresno,019,978130.0,1096074,2615,622064,2135,435258,427,38211,53,63433,670,581810,723,518377,842,0.0648512978847392,0.594818684632922,0.5299673867481828
2021-10-18,Glenn,021,27897.0,27427,62,12761,55,13197,7,1437,0,1236,15,14762,15,13526,7,0.0443058393375631,0.5291608416675628,0.4848550023299996
2021-10-18,Humboldt,023,135768.0,165880,250,87763,219,69816,27,8153,4,7441,58,87085,63,79644,53,0.0548067291261563,0.6414250780743621,0.5866183489482057
2021-10-18,Imperial,025,180216.0,271006,449,144460,337,109953,93,16556,19,25313,151,153635,170,128322,145,0.1404592267057309,0.8525047720513163,0.7120455453455853
2021-10-18,Inyo,027,18085.0,20915,33,8577,27,11585,6,591,0,863,10,10642,10,9779,7,0.0477191042300248,0.5884434614321261,0.5407243572021012
2021-10-18,Kern,029,883053.0,840208,1925,463002,1404,340927,465,36045,56,54015,590,455572,645,401557,893,0.0611684689367455,0.5159056138193291,0.4547371448825835
2021-10-18,Kings,031,150075.0,118989,302,60246,206,53155,87,5547,9,8430,95,65372,104,56942,113,0.0561719140429785,0.4355955355655506,0.379423621522572
2021-10-18,Lake,033,64148.0,65706,74,22828,42,39855,31,3020,1,3854,25,35478,26,31624,29,0.0600798154268254,0.5530647876784934,0.492984972251668
2021-10-18,Lassen,035,31185.0,15009,28,2838,18,10831,10,1326,0,1050,18,8543,18,7493,5,0.0336700336700336,0.2739458072791406,0.2402757736091069
2021-10-18,Los Angeles,037,10098052.0,13346019,25928,7687262,21657,5148789,3607,505100,656,698323,6492,7046093,7132,6347770,7340,0.0691542289542577,0.697767549622442,0.6286133206681843
2021-10-18,Madera,039,155013.0,151307,307,83350,258,61950,40,5910,8,8708,77,81001,85,72293,106,0.0561759336313728,0.5225432705644043,0.4663673369330314
2021-10-18,Marin,041,260295.0,430377,790,278407,696,138542,71,13402,23,12490,103,215193,125,202703,103,0.0479840181332718,0.8267273670258745,0.7787433488926027
2021-10-18,Mariposa,043,17540.0,15286,17,3790,12,10845,5,629,0,2592,7,9075,7,6483,6,0.1477765108323831,0.5173888255416191,0.369612314709236
2021-10-18,Mendocino,045,87422.0,114239,169,65036,135,45421,34,3769,0,6451,33,59369,33,52918,43,0.0737914941319118,0.6791082336254032,0.6053167394934913
2021-10-18,Merced,047,269075.0,267100,677,164184,558,91879,115,10173,4,26400,199,145913,203,119513,239,0.0981139087614977,0.5422763170119855,0.4441624082504878
2021-10-18,Modoc,049,8938.0,6819,8,1262,3,5084,5,463,0,297,3,3683,3,3386,1,0.033228910270754,0.4120608637279033,0.3788319534571492
2021-10-18,Mono,051,14174.0,18125,32,10508,30,7191,2,358,0,659,8,9009,8,8350,4,0.0464935797939889,0.6356003950896006,0.5891068152956117
2021-10-18,Monterey,053,433212.0,563792,1034,284222,805,255419,145,23379,80,28257,206,299254,286,270997,354,0.0652267250214675,0.6907795721263492,0.6255528471048817
2021-10-18,Napa,055,140530.0,206939,262,114248,235,86732,22,5944,5,10167,44,106902,49,96735,53,0.0723475414502241,0.7607058990962784,0.6883583576460542
2021-10-18,Nevada,057,99092.0,121398,228,67623,191,50212,27,3516,10,6108,42,62813,52,56705,46,0.0616396883704032,0.6338856819924918,0.5722459936220886
2021-10-18,Orange,059,3164182.0,4294384,7834,2544487,6672,1616257,996,132339,163,169645,1379,2215273,1542,2045628,1879,0.0536141726360873,0.7001092225415605,0.6464950499054732
2021-10-18,Placer,061,380077.0,498635,1059,300116,948,184840,96,13657,15,17682,151,252835,165,235153,211,0.0465221520902343,0.6652204684840177,0.6186983163937834
2021-10-18,Plumas,063,18699.0,19016,17,3328,12,14403,5,1243,0,846,5,10359,5,9513,10,0.0452430611262634,0.5539868442162682,0.5087437830900048
2021-10-18,Riverside,065,2383286.0,2684682,5088,1624806,4233,981608,762,77031,89,143238,1198,1408673,1286,1265435,1640,0.0601010537551934,0.5910633469923459,0.5309622932371524
2021-10-18,Sacramento,067,1510023.0,1904130,3948,1124428,3393,724746,478,54695,76,79814,793,983104,868,903290,975,0.0528561485487307,0.6510523349644343,0.5981961864157036
2021-10-18,San Benito,069,59416.0,79406,117,45951,96,29938,17,3404,4,4260,33,42483,37,38223,48,0.0716978591625151,0.715009425070688,0.6433115659081728
2021-10-18,San Bernardino,071,2135413.0,2237577,4255,1390681,3576,778600,557,68028,122,116031,1184,1182279,1307,1066248,1468,0.054336561592535,0.5536535555417149,0.4993169939491798
2021-10-18,San Diego,073,3302833.0,4662245,8893,2644144,7588,1841261,960,175576,343,269356,1979,2519058,3040,2249702,2770,0.0815530182724951,0.7626961460055656,0.6811431277330704
2021-10-18,San Francisco,075,870044.0,1392414,3031,913389,2745,421982,216,56660,69,39379,289,710773,355,671394,384,0.0452609293323096,0.8169391433076948,0.7716782139753852
2021-10-18,San Joaquin,077,732212.0,861015,1739,513144,1424,321052,281,26771,34,61475,513,458811,544,397336,609,0.0839579247540329,0.6266095065363583,0.5426515817823253
2021-10-18,San Luis Obispo,079,281455.0,347046,614,186397,535,147444,71,13064,8,16028,102,179867,110,163839,106,0.0569469364552059,0.6390613064255387,0.5821143699703327
2021-10-18,San Mateo,081,765935.0,1192163,2054,758217,1845,391241,146,42187,63,39288,233,609493,296,570205,323,0.0512941698708114,0.7957502921266165,0.744456122255805
2021-10-18,Santa Barbara,083,443738.0,572364,1019,345060,859,202861,129,24063,29,30532,189,303358,217,272826,266,0.0688063677214933,0.6836421491961473,0.614835781474654
2021-10-18,Santa Clara,085,1922200.0,3016362,4799,1983378,4332,920192,393,108998,72,78242,693,1543257,758,1465015,866,0.0407044012069503,0.8028597440432838,0.7621553428363333
2021-10-18,Santa Cruz,087,273765.0,382150,393,193624,344,177970,47,10498,2,13283,67,196797,69,183514,82,0.0485197158146585,0.7188537614377294,0.6703340456230709
2021-10-18,Shasta,089,179085.0,153052,392,73642,285,71448,96,7908,11,10852,88,83560,99,72708,141,0.0605969232487366,0.4665940754390373,0.4059971521903007
2021-10-18,Sierra,091,2930.0,3032,7,440,5,2528,0,60,2,83,4,1565,6,1482,3,0.0283276450511945,0.5341296928327645,0.50580204778157
2021-10-18,Siskiyou,093,43540.0,40253,73,17655,49,21351,21,1210,3,2519,14,21274,17,18755,36,0.0578548461185117,0.4886081763895268,0.4307533302710151
2021-10-18,Solano,095,438530.0,559992,1192,322703,1042,222072,126,15167,24,37676,211,296470,235,258794,301,0.0859143046085786,0.6760540898000137,0.5901397851914351
2021-10-18,Sonoma,097,501317.0,724532,1050,419125,917,282496,124,22847,8,27090,163,371543,171,344453,199,0.0540376647909406,0.7411338534300652,0.6870961886391246
2021-10-18,Stanislaus,099,539301.0,586794,1362,349594,1131,217882,209,18976,22,43900,384,314087,408,270187,573,0.0814016662309174,0.5823964724708465,0.5009948062399291
2021-10-18,Sutter,101,95872.0,104099,178,46697,120,52801,53,4592,5,5628,33,55942,38,50314,82,0.0587032710280373,0.5835071762349799,0.5248039052069426
2021-10-18,Tehama,103,63373.0,49340,100,19407,64,27963,31,1958,5,2656,33,26617,38,23961,51,0.0419105928392217,0.4200053650608303,0.3780947722216086
2021-10-18,Trinity,105,12862.0,10849,16,2573,11,7552,5,719,0,713,5,6066,5,5353,5,0.0554346135904213,0.4716218317524491,0.4161872181620277
2021-10-18,Tulare,107,460477.0,449450,1144,276380,903,160495,222,12482,19,28902,410,239628,429,210726,439,0.0627653498437489,0.520390812136111,0.457625462292362
2021-10-18,Tuolumne,109,53932.0,56375,90,17415,57,37590,25,1365,8,2857,19,29061,26,26204,30,0.0529741155529184,0.538845212489802,0.4858710969368834
2021-10-18,Ventura,111,848112.0,1129182,1887,632004,1598,457364,224,39390,65,45692,392,587318,455,541626,552,0.0538749599109551,0.6925005187994039,0.6386255588884487
2021-10-18,Yolo,113,214977.0,285585,501,149291,418,127844,73,8414,10,12969,105,148249,115,135280,107,0.0603273838596687,0.6896040041492811,0.6292766202896124
2021-10-18,Yuba,115,75493.0,66167,112,27679,65,34498,40,3969,7,3714,30,36331,37,32617,56,0.0491966142556263,0.4812499172108672,0.4320533029552408
2021-10-17,Alameda,001,1643700.0,2450185,1303,1600624,1157,733499,98,115249,47,75746,240,1270110,283,1194364,306,0.0460826184826914,0.7727139989049097,0.7266313804222182
2021-10-17,Alpine,003,1148.0,1546,1,55,0,1485,1,6,0,102,1,798,1,696,0,0.0888501742160278,0.6951219512195121,0.6062717770034843
2021-10-17,Amador,005,37829.0,41330,19,12770,15,26998,4,1559,0,3111,2,21991,2,18880,2,0.0822384942768775,0.5813264955457453,0.4990880012688678
2021-10-17,Butte,007,227075.0,214768,153,110196,129,95898,22,8652,2,10450,43,113697,45,103247,58,0.0460200374325663,0.500702411097655,0.4546823736650886
2021-10-17,Calaveras,009,45235.0,48136,50,21461,46,25192,2,1481,2,2695,15,25090,17,22395,11,0.0595777605836188,0.5546590029844147,0.4950812424007958
2021-10-17,Colusa,011,21464.0,23139,12,6811,8,15299,4,1011,0,1286,4,12562,4,11276,7,0.0599142750652254,0.585259038389862,0.5253447633246366
2021-10-17,Contra Costa,013,1133247.0,1740693,1329,1199682,1228,484946,84,55674,17,49852,239,885431,255,835579,356,0.0439904098576921,0.7813221654237779,0.7373317555660858
2021-10-17,Del Norte,015,27424.0,24216,3,9749,2,13091,1,1322,0,1521,0,12981,0,11460,2,0.0554623687281213,0.4733445157526254,0.4178821470245041
2021-10-17,El Dorado,017,186661.0,222520,97,113382,83,100604,13,8508,1,9856,27,115667,28,105811,28,0.0528016029058025,0.6196634540691414,0.5668618511633389
2021-10-17,Fresno,019,978130.0,1093459,651,619929,547,434831,102,38158,2,63552,218,581087,220,517535,257,0.0649729586046844,0.5940795190823306,0.5291065604776461
2021-10-17,Glenn,021,27897.0,27365,12,12706,11,13190,1,1437,0,1228,8,14747,8,13519,3,0.0440190701509122,0.5286231494425924,0.4846040792916801
2021-10-17,Humboldt,023,135768.0,165630,127,87544,115,69789,11,8149,1,7431,22,87022,23,79591,25,0.0547330740675269,0.6409610512049968,0.5862279771374698
2021-10-17,Imperial,025,180216.0,270557,56,144123,51,109860,5,16537,0,25288,33,153465,33,128177,13,0.1403205042837484,0.8515614595818352,0.7112409552980867
2021-10-17,Inyo,027,18085.0,20882,6,8550,4,11579,1,591,1,860,1,10632,2,9772,4,0.0475532209012994,0.5878905170030412,0.5403372961017417
2021-10-17,Kern,029,883053.0,838283,593,461598,468,340462,118,35989,7,54263,210,454927,217,400664,293,0.0614493127819055,0.5151751933349414,0.4537258805530358
2021-10-17,Kings,031,150075.0,118687,132,60040,102,53068,28,5538,2,8439,37,65268,39,56829,63,0.056231884057971,0.4349025487256371,0.3786706646676662
2021-10-17,Lake,033,64148.0,65632,7,22786,6,39824,1,3019,0,3857,1,35452,1,31595,5,0.060126582278481,0.5526594749641454,0.4925328926856644
2021-10-17,Lassen,035,31185.0,14981,19,2820,13,10821,6,1326,0,1037,17,8525,17,7488,2,0.0332531665864999,0.27336860670194,0.2401154401154401
2021-10-17,Los Angeles,037,10098052.0,13320091,8232,7665605,6732,5145182,1391,504444,108,698531,2617,7038961,2722,6340430,2285,0.0691748269864326,0.6970612747884444,0.6278864478020117
2021-10-17,Madera,039,155013.0,151000,57,83092,38,61910,19,5902,0,8729,20,80916,20,72187,27,0.0563114061401301,0.5219949294575293,0.4656835233173992
2021-10-17,Marin,041,260295.0,429587,184,277711,165,138471,19,13379,0,12468,21,215068,21,202600,17,0.0478994986457673,0.8262471426650531,0.7783476440192858
2021-10-17,Mariposa,043,17540.0,15269,3,3778,3,10840,0,629,0,2591,3,9068,3,6477,0,0.1477194982896237,0.5169897377423033,0.3692702394526796
2021-10-17,Mendocino,045,87422.0,114070,73,64901,54,45387,18,3769,1,6461,21,59336,22,52875,14,0.0739058818146462,0.6787307542723799,0.6048248724577338
2021-10-17,Merced,047,269075.0,266423,214,163626,179,91764,33,10169,2,26436,82,145710,84,119274,78,0.0982477004552634,0.5415218805165846,0.4432741800613212
2021-10-17,Modoc,049,8938.0,6811,2,1259,0,5079,2,463,0,295,0,3680,0,3385,1,0.0330051465652271,0.4117252181696129,0.3787200716043857
2021-10-17,Mono,051,14174.0,18093,42,10478,38,7189,4,358,0,655,5,9001,5,8346,2,0.0462113729363623,0.6350359813743474,0.588824608437985
2021-10-17,Monterey,053,433212.0,562758,305,283417,243,255274,53,23299,9,28325,90,298968,99,270643,96,0.0653836920491583,0.6901193872745908,0.6247356952254324
2021-10-17,Napa,055,140530.0,206677,112,114013,103,86710,9,5939,0,10171,24,106853,24,96682,21,0.0723760051234611,0.7603572190991248,0.6879812139756636
2021-10-17,Nevada,057,99092.0,121170,56,67432,48,50185,7,3506,1,6102,12,62761,13,56659,11,0.0615791385782908,0.6333609171275179,0.571781778549227
2021-10-17,Orange,059,3164182.0,4286550,2565,2537815,2127,1615261,417,132176,21,169982,636,2213731,656,2043749,696,0.0537206772556066,0.6996218927988339,0.6459012155432273
2021-10-17,Placer,061,380077.0,497576,301,299168,272,184744,25,13642,4,17728,56,252670,59,234942,72,0.0466431801976967,0.6647863459246416,0.6181431657269448
2021-10-17,Plumas,063,18699.0,18999,2,3316,0,14398,2,1243,0,851,0,10354,0,9503,1,0.045510455104551,0.5537194502379806,0.5082089951334295
2021-10-17,Riverside,065,2383286.0,2679594,1591,1620573,1326,980846,261,76942,3,143592,503,1407387,507,1263795,541,0.0602495881736392,0.59052375585641,0.5302741676827708
2021-10-17,Sacramento,067,1510023.0,1900182,1198,1121035,1044,724268,146,54619,8,79921,337,982236,345,902315,354,0.0529270083965608,0.6504775092829712,0.5975505008864104
2021-10-17,San Benito,069,59416.0,79289,48,45855,42,29921,6,3400,0,4271,13,42446,13,38175,16,0.0718829944796014,0.7143866971859432,0.6425037027063417
2021-10-17,San Bernardino,071,2135413.0,2233322,1344,1387105,1114,778043,223,67906,7,116192,500,1180972,506,1064780,557,0.0544119568439454,0.5530414959541784,0.498629539110233
2021-10-17,San Diego,073,3302833.0,4653352,2205,2636556,1803,1840301,322,175233,80,269086,656,2516018,955,2246932,818,0.0814712702700984,0.7617757240526541,0.6803044537825558
2021-10-17,San Francisco,075,870044.0,1389383,843,910644,799,421766,41,56591,3,39408,96,710418,100,671010,114,0.0452942609799044,0.8165311179664477,0.7712368569865432
2021-10-17,San Joaquin,077,732212.0,859276,761,511720,658,320771,99,26737,4,61540,262,458267,267,396727,267,0.0840466968582869,0.6258665523099868,0.5418198554516998
2021-10-17,San Luis Obispo,079,281455.0,346432,211,185862,182,147373,28,13056,1,16024,45,179757,46,163733,49,0.056932724591853,0.6386704801833331,0.58173775559148
2021-10-17,San Mateo,081,765935.0,1190109,901,756372,833,391095,61,42124,7,39315,114,609197,121,569882,134,0.0513294209038625,0.795363836356871,0.7440344154530084
2021-10-17,Santa Barbara,083,443738.0,571345,381,344201,319,202732,57,24034,5,30581,94,303141,99,272560,155,0.0689167932428595,0.6831531218872398,0.6142363286443803
2021-10-17,Santa Clara,085,1922200.0,3011563,1276,1979046,1107,919799,141,108926,27,78350,250,1542499,277,1464149,289,0.0407605868275933,0.8024654042243263,0.7617048173967329
2021-10-17,Santa Cruz,087,273765.0,381757,175,193280,146,177923,25,10496,4,13296,22,196728,26,183432,48,0.0485672017971618,0.7186017204536738,0.670034518656512
2021-10-17,Shasta,089,179085.0,152660,88,73357,62,71352,26,7897,0,10894,19,83461,19,72567,47,0.0608314487533852,0.466041265320937,0.4052098165675517
2021-10-17,Sierra,091,2930.0,3025,2,435,2,2528,0,58,0,80,0,1559,0,1479,2,0.0273037542662116,0.5320819112627987,0.504778156996587
2021-10-17,Siskiyou,093,43540.0,40180,10,17606,8,21330,0,1207,2,2538,1,21257,3,18719,4,0.058291226458429,0.4882177308222324,0.4299265043638034
2021-10-17,Solano,095,438530.0,558800,232,321661,201,221946,29,15143,2,37742,67,296235,69,258493,73,0.0860648074248056,0.6755182085604178,0.5894534011356122
2021-10-17,Sonoma,097,501317.0,723482,339,418208,314,282372,20,22839,5,27118,44,371372,48,344254,57,0.0540935176744455,0.7407927518915177,0.6866992342170722
2021-10-17,Stanislaus,099,539301.0,585432,393,348463,328,217673,64,18954,0,44065,151,313679,152,269614,162,0.0817076178238126,0.5816399376229601,0.4999323197991474
2021-10-17,Sutter,101,95872.0,103921,78,46577,56,52748,22,4587,0,5672,24,55904,24,50232,35,0.0591622162883845,0.5831108144192256,0.5239485981308412
2021-10-17,Tehama,103,63373.0,49240,36,19343,15,27932,21,1953,0,2669,8,26579,8,23910,24,0.0421157275180281,0.4194057406150884,0.3772900130970603
2021-10-17,Trinity,105,12862.0,10833,2,2562,2,7547,0,719,0,713,2,6061,2,5348,0,0.0554346135904213,0.4712330897216607,0.4157984761312393
2021-10-17,Tulare,107,460477.0,448306,380,275477,327,160273,53,12463,0,28912,129,239199,129,210287,160,0.0627870664550021,0.5194591695133525,0.4566721030583504
2021-10-17,Tuolumne,109,53932.0,56285,26,17358,16,37565,9,1357,1,2861,10,29035,11,26174,7,0.053048283023066,0.5383631239338427,0.4853148409107765
2021-10-17,Ventura,111,848112.0,1127295,473,630406,404,457140,58,39325,11,45789,109,586863,120,541074,147,0.0539893315977135,0.6919640330522384,0.6379747014545248
2021-10-17,Yolo,113,214977.0,285084,94,148873,78,127771,15,8404,1,12961,19,148134,20,135173,34,0.0602901705763872,0.68906906320211,0.6287788926257227
2021-10-17,Yuba,115,75493.0,66055,70,27614,50,34458,19,3962,1,3733,29,36294,30,32561,34,0.0494482932192388,0.4807598055448849,0.4313115123256461
2021-10-16,Alameda,001,1643700.0,2448882,2810,1599467,2530,733401,219,115202,61,75769,438,1269827,500,1194058,570,0.0460966113037659,0.7725418263673419,0.7264452150635761
2021-10-16,Alpine,003,1148.0,1545,1,55,0,1484,1,6,0,101,0,797,0,696,0,0.087979094076655,0.6942508710801394,0.6062717770034843
2021-10-16,Amador,005,37829.0,41311,15,12755,9,26994,6,1559,0,3111,2,21989,2,18878,6,0.0822384942768775,0.5812736260540855,0.499035131777208
2021-10-16,Butte,007,227075.0,214615,144,110067,106,95876,37,8650,1,10463,38,113652,39,103189,65,0.0460772872398987,0.5005042386876583,0.4544269514477596
2021-10-16,Calaveras,009,45235.0,48086,43,21415,36,25190,5,1479,2,2689,11,25073,13,22384,12,0.0594451199292583,0.5542831877970598,0.4948380678678015
2021-10-16,Colusa,011,21464.0,23127,16,6803,11,15295,5,1011,0,1289,10,12558,10,11269,5,0.0600540439806187,0.5850726798360045,0.5250186358553858
2021-10-16,Contra Costa,013,1133247.0,1739364,1787,1198454,1633,484862,131,55657,23,49953,268,885176,292,835223,444,0.0440795342939359,0.7810971482827662,0.7370176139888304
2021-10-16,Del Norte,015,27424.0,24213,22,9747,14,13090,7,1322,1,1523,8,12981,9,11458,10,0.0555352975495916,0.4733445157526254,0.4178092182030338
2021-10-16,El Dorado,017,186661.0,222423,183,113299,159,100591,20,8507,4,9856,43,115639,48,105783,46,0.0528016029058025,0.6195134495154317,0.5667118466096293
2021-10-16,Fresno,019,978130.0,1092808,1445,619382,1233,434729,193,38156,19,63589,443,580867,464,517278,517,0.0650107858873564,0.5938546001042806,0.5288438142169242
2021-10-16,Glenn,021,27897.0,27353,30,12695,24,13189,6,1437,0,1223,17,14739,17,13516,10,0.0438398394092554,0.5283363802559415,0.484496540846686
2021-10-16,Humboldt,023,135768.0,165503,148,87429,127,69778,15,8148,6,7433,23,86999,29,79566,34,0.0547478050792528,0.640791644570149,0.5860438394908962
2021-10-16,Imperial,025,180216.0,270501,172,144072,157,109855,13,16537,2,25268,63,153432,66,128164,62,0.1402095263461623,0.8513783459848182,0.7111688196386559
2021-10-16,Inyo,027,18085.0,20876,260,8546,259,11578,0,590,0,862,17,10630,17,9768,4,0.0476638097871163,0.5877799281172242,0.5401161183301079
2021-10-16,Kern,029,883053.0,837690,1198,461130,947,340344,220,35982,31,54339,450,454710,482,400371,481,0.0615353778312287,0.5149294549704264,0.4533940771391977
2021-10-16,Kings,031,150075.0,118555,99,59938,78,53040,17,5536,4,8463,35,65229,39,56766,46,0.056391804097951,0.4346426786606697,0.3782508745627186
2021-10-16,Lake,033,64148.0,65625,59,22780,46,39823,12,3019,1,3861,18,35451,19,31590,19,0.0601889380806884,0.5526438860135936,0.4924549479329052
2021-10-16,Lassen,035,31185.0,14962,17,2807,6,10815,11,1326,0,1022,10,8508,10,7486,6,0.0327721661054994,0.2728234728234728,0.2400513067179734
2021-10-16,Los Angeles,037,10098052.0,13311859,17063,7658873,14368,5143791,2317,504336,377,698094,4726,7036239,5095,6338145,4830,0.0691315513130651,0.6967917178481553,0.6276601665350902
2021-10-16,Madera,039,155013.0,150943,200,83054,148,61891,52,5902,0,8736,60,80896,60,72160,77,0.0563565636430492,0.5218659080206176,0.4655093443775683
2021-10-16,Marin,041,260295.0,429403,533,277546,480,138452,30,13379,23,12464,85,215047,108,202583,82,0.047884131466221,0.8261664649724351,0.7782823335062141
2021-10-16,Mariposa,043,17540.0,15266,7,3775,5,10840,2,629,0,2588,4,9065,4,6477,0,0.1475484606613455,0.5168187001140251,0.3692702394526796
2021-10-16,Mendocino,045,87422.0,113997,100,64847,80,45369,17,3768,3,6453,22,59314,25,52861,23,0.0738143716684587,0.6784791013703645,0.6046647297019057
2021-10-16,Merced,047,269075.0,266209,322,163447,245,91731,73,10167,4,26430,116,145626,120,119196,124,0.0982254018396358,0.541209699897798,0.4429842980581622
2021-10-16,Modoc,049,8938.0,6809,6,1259,2,5077,4,463,0,296,2,3680,2,3384,3,0.0331170284179906,0.4117252181696129,0.3786081897516223
2021-10-16,Mono,051,14174.0,18051,26,10440,23,7185,3,358,0,652,4,8996,4,8344,5,0.0459997177931423,0.6346832228023142,0.5886835050091718
2021-10-16,Monterey,053,433212.0,562453,480,283174,373,255221,87,23290,17,28322,141,298869,158,270547,177,0.0653767670332308,0.6898908617489821,0.6245140947157511
2021-10-16,Napa,055,140530.0,206565,137,113910,117,86701,18,5939,2,10168,26,106829,28,96661,24,0.0723546573685334,0.7601864370597026,0.6878317796911692
2021-10-16,Nevada,057,99092.0,121114,86,67384,74,50178,11,3505,1,6100,17,62748,18,56648,13,0.0615589553142534,0.6332297259112744,0.571670770597021
2021-10-16,Orange,059,3164182.0,4283985,4265,2535688,3533,1614844,663,132155,69,170022,880,2213075,953,2043053,1208,0.0537333187534724,0.6994145722338349,0.6456812534803624
2021-10-16,Placer,061,380077.0,497275,400,298896,336,184719,47,13638,17,17741,83,252611,99,234870,116,0.0466773837932839,0.6646311142215919,0.6179537304283079
2021-10-16,Plumas,063,18699.0,18997,6,3316,1,14396,4,1243,1,852,4,10354,5,9502,2,0.0455639339002085,0.5537194502379806,0.5081555163377721
2021-10-16,Riverside,065,2383286.0,2678003,3136,1619247,2649,980585,436,76939,51,143626,864,1406880,917,1263254,1085,0.06026385419123,0.5903110243588054,0.5300471701675754
2021-10-16,Sacramento,067,1510023.0,1898984,2396,1119991,2105,724122,259,54611,32,79930,471,981891,504,901961,741,0.0529329685706774,0.6502490359418367,0.5973160673711593
2021-10-16,San Benito,069,59416.0,79241,52,45813,42,29915,9,3400,1,4274,12,42433,13,38159,21,0.0719334859297159,0.7141679009021139,0.642234414972398
2021-10-16,San Bernardino,071,2135413.0,2231978,2843,1385991,2453,777820,339,67899,51,116243,858,1180466,909,1064223,1009,0.0544358398117834,0.5528045394497458,0.4983686996379623
2021-10-16,San Diego,073,3302833.0,4651147,4548,2634753,3897,1839979,552,175153,99,268949,1215,2515063,1781,2246114,1750,0.0814297907281415,0.7614865783404732,0.6800567876123316
2021-10-16,San Francisco,075,870044.0,1388540,1435,909845,1293,421725,104,56588,38,39422,154,710318,191,670896,217,0.0453103521201226,0.8164161812506034,0.7711058291304808
2021-10-16,San Joaquin,077,732212.0,858515,1046,511062,917,320672,118,26733,11,61540,334,458000,344,396460,331,0.0840466968582869,0.6255019038202051,0.5414552069619182
2021-10-16,San Luis Obispo,079,281455.0,346221,433,185680,378,147345,46,13055,8,16027,76,179711,84,163684,78,0.0569433834893677,0.6385070437547743,0.5815636602654065
2021-10-16,San Mateo,081,765935.0,1189208,1651,755539,1521,391034,114,42117,16,39328,188,609076,204,569748,234,0.0513463936234798,0.7952058595050494,0.7438594658815696
2021-10-16,Santa Barbara,083,443738.0,570964,452,343882,363,202675,83,24029,6,30637,124,303042,130,272405,137,0.0690429938387066,0.6829300172624386,0.613887023423732
2021-10-16,Santa Clara,085,1922200.0,3010287,3349,1977939,3046,919658,244,108899,56,78362,427,1542222,481,1463860,562,0.0407668296743315,0.8023212985121215,0.76155446883779
2021-10-16,Santa Cruz,087,273765.0,381582,285,193134,252,177898,29,10492,4,13318,40,196702,44,183384,73,0.0486475626906288,0.7185067484886672,0.6698591857980385
2021-10-16,Shasta,089,179085.0,152572,137,73295,107,71326,30,7897,0,10922,32,83442,32,72520,50,0.0609877990898176,0.4659351704497864,0.4049473713599687
2021-10-16,Sierra,091,2930.0,3023,0,433,0,2528,0,58,0,82,0,1559,0,1477,0,0.0279863481228668,0.5320819112627987,0.5040955631399318
2021-10-16,Siskiyou,093,43540.0,40170,21,17598,16,21330,5,1205,0,2539,8,21254,8,18715,8,0.0583141938447404,0.4881488286632981,0.4298346348185576
2021-10-16,Solano,095,438530.0,558568,419,321460,349,221917,55,15141,15,37746,97,296166,112,258420,144,0.0860739288076072,0.6753608647070896,0.5892869358994823
2021-10-16,Sonoma,097,501317.0,723143,815,417894,729,282352,69,22834,17,27127,112,371324,130,344197,135,0.0541114703870006,0.7406970040912237,0.686585533704223
2021-10-16,Stanislaus,099,539301.0,585039,710,348135,600,217609,94,18954,16,44075,225,313527,240,269452,249,0.0817261603445942,0.5813580913070808,0.4996319309624866
2021-10-16,Sutter,101,95872.0,103843,108,46521,87,52726,20,4587,1,5683,25,55880,26,50197,46,0.0592769526034712,0.5828604806408545,0.5235835280373832
2021-10-16,Tehama,103,63373.0,49204,52,19328,28,27911,24,1953,0,2685,25,26571,25,23886,17,0.0423682009688668,0.4192795038896691,0.3769113029208022
2021-10-16,Trinity,105,12862.0,10831,6,2560,4,7547,2,719,0,711,2,6059,2,5348,2,0.055279116778106,0.4710775929093453,0.4157984761312393
2021-10-16,Tulare,107,460477.0,447926,640,275150,533,160220,99,12463,8,28943,187,239070,195,210127,272,0.0628543879498867,0.5191790252281873,0.4563246372783005
2021-10-16,Tuolumne,109,53932.0,56259,38,17342,28,37556,9,1356,1,2857,8,29024,9,26167,19,0.0529741155529184,0.5381591633909367,0.4851850478380182
2021-10-16,Ventura,111,848112.0,1126822,1215,630002,1095,457082,96,39314,24,45816,262,586743,287,540927,309,0.0540211670156771,0.6918225423057333,0.637801375290056
2021-10-16,Yolo,113,214977.0,284990,172,148795,137,127756,33,8403,2,12975,37,148114,39,135139,53,0.0603552938221298,0.6889760299939063,0.6286207361717765
2021-10-16,Yuba,115,75493.0,65985,106,27564,63,34439,35,3961,7,3737,36,36264,43,32527,55,0.0495012782642099,0.480362417707602,0.4308611394433921
2021-10-15,Alameda,001,1643700.0,2446072,6282,1596937,5785,733182,411,115141,86,75839,838,1269327,924,1193488,1100,0.046139198150514,0.772237634604855,0.7260984364543408
2021-10-15,Alpine,003,1148.0,1544,0,55,0,1483,0,6,0,101,0,797,0,696,0,0.087979094076655,0.6942508710801394,0.6062717770034843
2021-10-15,Amador,005,37829.0,41296,107,12746,94,26988,12,1559,1,3115,19,21987,20,18872,19,0.0823442332601972,0.5812207565624257,0.4988765233022284
2021-10-15,Butte,007,227075.0,214471,457,109961,340,95839,92,8649,24,10489,95,113613,119,103124,184,0.0461917868545634,0.5003324892656611,0.4541407024110976
2021-10-15,Calaveras,009,45235.0,48043,90,21379,74,25185,16,1477,0,2688,26,25060,26,22372,25,0.0594230131535315,0.5539957997126119,0.4945727865590804
2021-10-15,Colusa,011,21464.0,23111,48,6792,35,15290,12,1011,1,1284,13,12548,14,11264,11,0.0598210957882966,0.5846067834513604,0.5247856876630638
2021-10-15,Contra Costa,013,1133247.0,1737577,5147,1196821,4591,484731,443,55634,112,50105,820,884884,932,834779,1204,0.044213662158382,0.780839481595804,0.7366258194374219
2021-10-15,Del Norte,015,27424.0,24191,67,9733,40,13083,25,1321,2,1524,11,12972,13,11448,26,0.0555717619603267,0.4730163360560093,0.4174445740956826
2021-10-15,El Dorado,017,186661.0,222240,483,113140,407,100571,67,8503,9,9854,64,115591,73,105737,118,0.0527908882948232,0.6192562988519295,0.5664654105571062
2021-10-15,Fresno,019,978130.0,1091363,3048,618149,2507,434536,482,38137,58,63642,690,580403,747,516761,963,0.0650649709138867,0.5933802255323934,0.5283152546185067
2021-10-15,Glenn,021,27897.0,27323,89,12671,80,13183,7,1437,2,1216,21,14722,23,13506,34,0.0435889163709359,0.5277269957343084,0.4841380793633724
2021-10-15,Humboldt,023,135768.0,165355,407,87302,338,69763,54,8142,13,7438,48,86970,61,79532,95,0.0547846326085675,0.6405780449001237,0.5857934122915562
2021-10-15,Imperial,025,180216.0,270329,520,143915,426,109842,70,16535,24,25264,170,153366,195,128102,167,0.1401873307586451,0.8510121187907844,0.7108247880321392
2021-10-15,Inyo,027,18085.0,20616,57,8287,38,11578,15,590,3,849,19,10613,22,9764,22,0.046944982029306,0.58683992258778,0.5398949405584739
2021-10-15,Kern,029,883053.0,836492,2489,460183,1901,340124,508,35951,79,54338,720,454228,797,399890,1019,0.0615342453963691,0.5143836213681399,0.4528493759717706
2021-10-15,Kings,031,150075.0,118456,306,59860,212,53023,76,5532,18,8470,102,65190,120,56720,106,0.0564384474429452,0.4343828085957021,0.377944361152757
2021-10-15,Lake,033,64148.0,65566,141,22734,89,39811,42,3018,10,3861,25,35432,35,31571,69,0.0601889380806884,0.5523476959531084,0.49215875787242
2021-10-15,Lassen,035,31185.0,14945,61,2801,41,10804,19,1326,1,1018,30,8498,31,7480,26,0.0326438993105659,0.2725028058361392,0.2398589065255731
2021-10-15,Los Angeles,037,10098052.0,13294796,33672,7644505,28862,5141474,4047,503959,755,697829,8308,7031144,9054,6333315,8532,0.0691053086278422,0.6962871650888706,0.6271818564610283
2021-10-15,Madera,039,155013.0,150743,299,82906,236,61839,58,5902,5,8753,90,80836,95,72083,95,0.0564662318644242,0.5214788437098824,0.4650126118454581
2021-10-15,Marin,041,260295.0,428870,972,277066,903,138422,56,13356,13,12438,75,214939,89,202501,85,0.0477842447991701,0.8257515511246855,0.7779673063255153
2021-10-15,Mariposa,043,17540.0,15259,11,3770,10,10838,1,629,0,2584,5,9061,5,6477,1,0.1473204104903078,0.5165906499429874,0.3692702394526796
2021-10-15,Mendocino,045,87422.0,113897,448,64767,354,45352,89,3765,5,6451,68,59289,73,52838,110,0.0737914941319118,0.6781931321635286,0.6044016380316167
2021-10-15,Merced,047,269075.0,265887,629,163202,530,91658,88,10163,10,26434,218,145506,228,119072,202,0.0982402675833875,0.5407637275852457,0.4425234600018582
2021-10-15,Modoc,049,8938.0,6803,19,1257,9,5073,10,463,0,297,2,3678,2,3381,2,0.033228910270754,0.4115014544640859,0.3782725441933318
2021-10-15,Mono,051,14174.0,18025,43,10417,41,7182,1,358,1,653,6,8992,7,8339,5,0.046070269507549,0.6344010159446875,0.5883307464371385
2021-10-15,Monterey,053,433212.0,561973,1515,282801,1262,255134,237,23273,13,28341,266,298711,277,270370,420,0.0654206254674385,0.6895261442434651,0.6241055187760265
2021-10-15,Napa,055,140530.0,206428,320,113793,276,86683,43,5937,1,10164,58,106801,59,96637,50,0.0723261936952963,0.7599871913470433,0.6876609976517469
2021-10-15,Nevada,057,99092.0,121028,243,67310,205,50167,33,3504,5,6095,36,62730,40,56635,58,0.0615084971541597,0.6330480765349372,0.5715395793807775
2021-10-15,Orange,059,3164182.0,4279720,10080,2532155,8736,1614181,1145,132086,195,170277,1741,2212122,1938,2041845,2240,0.0538139083023669,0.6991133885471822,0.6452994802448152
2021-10-15,Placer,061,380077.0,496875,1311,298560,1175,184672,107,13621,29,17758,162,252512,191,234754,267,0.0467221115721288,0.6643706406859663,0.6176485291138375
2021-10-15,Plumas,063,18699.0,18991,30,3315,26,14392,4,1242,0,849,6,10349,6,9500,16,0.045403497513236,0.5534520562596931,0.508048558746457
2021-10-15,Riverside,065,2383286.0,2674867,6621,1616598,5597,980149,859,76888,163,143794,1528,1405963,1693,1262169,2028,0.0603343451016789,0.5899262614726055,0.5295919163709265
2021-10-15,Sacramento,067,1510023.0,1896588,5080,1117886,4515,723863,471,54579,94,80167,829,981387,921,901220,1217,0.0530899198224133,0.6499152661913097,0.5968253463688964
2021-10-15,San Benito,069,59416.0,79189,207,45771,173,29906,28,3399,6,4282,46,42420,52,38138,68,0.0720681297966877,0.7139491046182846,0.6418809748215969
2021-10-15,San Bernardino,071,2135413.0,2229135,5442,1383538,4569,777481,747,67848,126,116343,1427,1179557,1554,1063214,1882,0.0544826691604855,0.5523788606700437,0.4978961915095581
2021-10-15,San Diego,073,3302833.0,4646599,9986,2630856,8459,1839427,1194,175054,328,268918,2231,2513282,3521,2244364,3187,0.0814204048463849,0.760947344295034,0.6795269394486491
2021-10-15,San Francisco,075,870044.0,1387105,3455,908552,3165,421621,245,56550,44,39448,312,710127,353,670679,359,0.0453402356662421,0.8161966521233409,0.7708564164570987
2021-10-15,San Joaquin,077,732212.0,857469,2191,510145,1917,320554,235,26722,39,61527,594,457656,632,396129,658,0.0840289424374361,0.6250320945299995,0.5410031520925633
2021-10-15,San Luis Obispo,079,281455.0,345788,698,185302,608,147299,74,13047,16,16021,111,179627,126,163606,133,0.0569220656943383,0.6382085946243626,0.5812865289300243
2021-10-15,San Mateo,081,765935.0,1187557,2763,754018,2506,390920,192,42101,65,39358,293,608872,356,569514,417,0.051385561437981,0.7949395183664411,0.7435539569284599
2021-10-15,Santa Barbara,083,443738.0,570512,1474,343519,1208,202592,229,24023,35,30644,326,302912,360,272268,419,0.0690587689131875,0.6826370515935078,0.6135782826803203
2021-10-15,Santa Clara,085,1922200.0,3006938,6363,1974893,5747,919414,511,108843,102,78443,768,1541741,868,1463298,1014,0.0408089688898137,0.8020710644053688,0.7612620955155551
2021-10-15,Santa Cruz,087,273765.0,381297,619,192882,507,177869,104,10488,8,13347,100,196658,108,183311,135,0.0487534929592899,0.7183460267017332,0.6695925337424433
2021-10-15,Shasta,089,179085.0,152435,424,73188,307,71296,108,7897,9,10940,73,83410,82,72470,148,0.0610883100203813,0.4657564843510065,0.4046681743306251
2021-10-15,Sierra,091,2930.0,3023,1,433,1,2528,0,58,0,82,0,1559,0,1477,0,0.0279863481228668,0.5320819112627987,0.5040955631399318
2021-10-15,Siskiyou,093,43540.0,40149,92,17582,51,21325,37,1205,4,2539,15,21246,19,18707,41,0.0583141938447404,0.4879650895728066,0.4296508957280661
2021-10-15,Solano,095,438530.0,558149,1349,321111,1181,221862,129,15126,39,37778,234,296054,273,258276,350,0.0861468998700202,0.6751054659886438,0.5889585661186236
2021-10-15,Sonoma,097,501317.0,722328,1641,417165,1469,282283,140,22817,31,27132,246,371194,277,344062,284,0.0541214441161979,0.740437687132094,0.6863162430158961
2021-10-15,Stanislaus,099,539301.0,584329,1332,347535,1048,217515,273,18938,11,44084,443,313287,456,269203,509,0.0817428486132975,0.5809130708083241,0.4991702221950265
2021-10-15,Sutter,101,95872.0,103735,224,46434,159,52706,57,4586,8,5703,68,55854,76,50151,94,0.0594855640854472,0.5825892857142857,0.5231037216288384
2021-10-15,Tehama,103,63373.0,49152,89,19300,41,27887,45,1953,3,2677,36,26546,39,23869,45,0.0422419642434475,0.4188850141227336,0.3766430498792861
2021-10-15,Trinity,105,12862.0,10825,25,2556,16,7545,9,719,0,711,12,6057,12,5346,5,0.055279116778106,0.47092209609703,0.4156429793189239
2021-10-15,Tulare,107,460477.0,447286,1577,274617,1354,160121,203,12455,20,29020,412,238875,430,209855,555,0.0630216058565357,0.5187555513087516,0.4557339454522158
2021-10-15,Tuolumne,109,53932.0,56221,144,17314,119,37547,20,1355,5,2867,35,29015,40,26148,35,0.0531595342282874,0.5379922865831046,0.4848327523548171
2021-10-15,Ventura,111,848112.0,1125607,2647,628907,2279,456986,293,39290,75,45838,511,586456,587,540618,715,0.0540471069858697,0.6914841436036749,0.6374370366178052
2021-10-15,Yolo,113,214977.0,284818,679,148658,614,127723,58,8401,7,12989,102,148075,110,135086,186,0.0604204170678723,0.6887946152379092,0.6283741981700368
2021-10-15,Yuba,115,75493.0,65879,156,27501,99,34404,52,3954,5,3749,46,36221,51,32472,80,0.0496602333991231,0.4797928284741631,0.4301325950750401
2021-10-14,Alameda,001,1643700.0,2439790,5237,1591152,4857,732771,300,115055,80,76015,674,1268403,751,1192388,926,0.0462462736509095,0.7716754882277788,0.7254292145768693
2021-10-14,Alpine,003,1148.0,1544,2,55,2,1483,0,6,0,101,1,797,1,696,0,0.087979094076655,0.6942508710801394,0.6062717770034843
2021-10-14,Amador,005,37829.0,41189,84,12652,62,26976,18,1558,4,3114,18,21967,21,18853,30,0.0823177985143672,0.5806920616458273,0.49837426313146
2021-10-14,Butte,007,227075.0,214014,593,109621,441,95747,128,8625,24,10554,105,113494,128,102940,155,0.0464780358912253,0.4998084333370032,0.4533303974457778
2021-10-14,Calaveras,009,45235.0,47953,97,21305,57,25169,33,1477,7,2687,29,25034,36,22347,33,0.0594009063778048,0.5534210235437161,0.4940201171659114
2021-10-14,Colusa,011,21464.0,23063,41,6757,16,15278,24,1010,1,1281,14,12534,15,11253,23,0.0596813268729034,0.5839545285128588,0.5242732016399553
2021-10-14,Contra Costa,013,1133247.0,1732430,4172,1192230,3830,484288,267,55522,75,50377,635,883952,711,833575,1028,0.0444536804421277,0.7800170660059105,0.7355633855637826
2021-10-14,Del Norte,015,27424.0,24124,57,9693,36,13058,16,1319,5,1537,9,12959,14,11422,20,0.0560457992998833,0.4725422987164527,0.4164964994165694
2021-10-14,El Dorado,017,186661.0,221757,532,112733,476,100504,39,8494,17,9899,53,115518,70,105619,107,0.0530319670418566,0.6188652155511863,0.5658332485093297
2021-10-14,Fresno,019,978130.0,1088315,2369,615642,1836,434054,500,38079,29,63858,528,579656,557,515798,701,0.0652858004559721,0.5926165233660148,0.5273307229100427
2021-10-14,Glenn,021,27897.0,27234,35,12591,17,13176,17,1435,1,1227,6,14699,7,13472,16,0.0439832240025809,0.5269025343226871,0.4829193103201061
2021-10-14,Humboldt,023,135768.0,164948,284,86964,241,69709,40,8129,3,7472,50,86909,53,79437,56,0.0550350598079076,0.6401287490424843,0.5850936892345766
2021-10-14,Imperial,025,180216.0,269809,614,143489,514,109772,77,16511,23,25236,181,153171,205,127935,167,0.1400319616460247,0.8499300838993208,0.7098981222532961
2021-10-14,Inyo,027,18085.0,20559,32,8249,22,11563,10,587,0,849,5,10591,5,9742,11,0.046944982029306,0.5856234448437933,0.5386784628144872
2021-10-14,Kern,029,883053.0,834003,1777,458282,1344,339616,364,35872,69,54560,580,453431,649,398871,703,0.0617856459351816,0.5134810707851057,0.4516954248499241
2021-10-14,Kings,031,150075.0,118150,227,59648,161,52947,55,5514,11,8456,78,65070,89,56614,94,0.0563451607529568,0.4335832083958021,0.3772380476428452
2021-10-14,Lake,033,64148.0,65425,100,22645,74,39769,26,3008,0,3895,32,35397,32,31502,30,0.0607189623994512,0.5518020826837937,0.4910831202843425
2021-10-14,Lassen,035,31185.0,14884,51,2760,31,10785,15,1325,5,1013,23,8467,28,7454,19,0.0324835658168991,0.2715087381754048,0.2390251723585057
2021-10-14,Los Angeles,037,10098052.0,13261124,25221,7615643,21297,5137427,3214,503204,689,697307,6436,7022090,7114,6324783,6467,0.0690536154894033,0.6953905565152566,0.6263369410258534
2021-10-14,Madera,039,155013.0,150444,374,82670,288,61781,77,5897,9,8753,103,80741,111,71988,134,0.0564662318644242,0.5208659918845516,0.4643997600201273
2021-10-14,Marin,041,260295.0,427898,870,276163,811,138366,45,13343,14,12434,81,214850,94,202416,81,0.0477688776196238,0.8254096313797806,0.7776407537601567
2021-10-14,Mariposa,043,17540.0,15248,42,3760,27,10837,11,629,4,2580,13,9056,17,6476,13,0.1470923603192702,0.5163055872291904,0.3692132269099202
2021-10-14,Mendocino,045,87422.0,113449,141,64413,95,45263,44,3760,2,6488,37,59216,39,52728,38,0.0742147285580288,0.677358102079568,0.6031433735215392
2021-10-14,Merced,047,269075.0,265258,621,162672,530,91570,82,10153,9,26408,183,145278,192,118870,212,0.0981436402490012,0.5399163801913964,0.4417727399423952
2021-10-14,Modoc,049,8938.0,6784,13,1248,5,5063,3,463,5,297,2,3676,7,3379,7,0.033228910270754,0.4112776907585589,0.3780487804878049
2021-10-14,Mono,051,14174.0,17982,38,10376,33,7181,5,357,0,651,3,8985,3,8334,11,0.0459291660787357,0.6339071539438408,0.5879779878651051
2021-10-14,Monterey,053,433212.0,560458,1005,281539,740,254897,254,23260,9,28484,243,298434,251,269950,317,0.0657507178933178,0.6888867344394892,0.6231360165461713
2021-10-14,Napa,055,140530.0,206108,509,113517,454,86640,53,5936,2,10155,56,106742,58,96587,86,0.072262150430513,0.7595673521667972,0.6873052017362841
2021-10-14,Nevada,057,99092.0,120785,202,67105,171,50134,29,3499,2,6113,25,62690,27,56577,54,0.0616901465304969,0.632644411254188,0.5709542647236912
2021-10-14,Orange,059,3164182.0,4269640,7310,2523419,6336,1613036,815,131891,158,170579,1203,2210184,1362,2039605,1720,0.0539093516112537,0.6985009079755842,0.6445915563643305
2021-10-14,Placer,061,380077.0,495564,1208,297385,1099,184565,95,13592,14,17834,154,252321,168,234487,224,0.0469220710540232,0.6638681109354158,0.6169460398813924
2021-10-14,Plumas,063,18699.0,18961,30,3289,18,14388,7,1242,5,859,11,10343,16,9484,15,0.0459382854698112,0.5531311834857479,0.5071928980159367
2021-10-14,Riverside,065,2383286.0,2668246,5332,1611001,4540,979290,678,76725,108,144129,1205,1404270,1310,1260141,1601,0.0604749073338239,0.5892158977143322,0.5287409903805083
2021-10-14,Sacramento,067,1510023.0,1891508,3717,1113371,3230,723392,412,54485,74,80463,654,980466,727,900003,919,0.053285943326691,0.6493053417067157,0.5960193983800247
2021-10-14,San Benito,069,59416.0,78982,162,45598,141,29878,18,3393,3,4298,58,42368,61,38070,66,0.0723374175306314,0.7130739194829675,0.6407365019523361
2021-10-14,San Bernardino,071,2135413.0,2223693,4628,1378969,3961,776734,537,67722,130,116671,1178,1178003,1305,1061332,1596,0.0546362694242284,0.551651132591213,0.4970148631669845
2021-10-14,San Diego,073,3302833.0,4636613,8172,2622397,7039,1838233,874,174726,256,268584,1862,2509761,2769,2241177,2556,0.0813192795397163,0.7598812897897048,0.6785620102499884
2021-10-14,San Francisco,075,870044.0,1383650,2740,905387,2444,421376,218,56506,78,39454,278,709774,350,670320,326,0.0453471318691928,0.8157909255164106,0.7704437936472178
2021-10-14,San Joaquin,077,732212.0,855278,1806,508228,1534,320319,246,26683,26,61553,549,457024,574,395471,617,0.0840644512791377,0.6241689565317149,0.5401045052525771
2021-10-14,San Luis Obispo,079,281455.0,345090,675,184694,562,147225,97,13031,16,16028,98,179501,113,163473,154,0.0569469364552059,0.6377609209287453,0.5808139844735393
2021-10-14,San Mateo,081,765935.0,1184794,2348,751512,2176,390728,127,42036,45,39419,261,608516,308,569097,337,0.0514652026608002,0.7944747269676931,0.7430095243068929
2021-10-14,Santa Barbara,083,443738.0,569038,1108,342311,958,202363,132,23988,18,30703,233,302552,250,271849,322,0.0691917302552407,0.6818257620487765,0.6126340317935358
2021-10-14,Santa Clara,085,1922200.0,3000575,4763,1969146,4365,918903,315,108741,81,78589,623,1540873,702,1462284,771,0.0408849235251274,0.8016194984913121,0.7607345749661846
2021-10-14,Santa Cruz,087,273765.0,380678,638,192375,558,177765,69,10480,11,13374,95,196550,106,183176,96,0.0488521176921812,0.7179515277701678,0.6690994100779866
2021-10-14,Shasta,089,179085.0,152011,458,72881,331,71188,98,7888,29,11006,66,83328,95,72322,169,0.0614568500991149,0.4652986012228829,0.403841751123768
2021-10-14,Sierra,091,2930.0,3022,3,432,2,2528,1,58,0,82,2,1559,2,1477,1,0.0279863481228668,0.5320819112627987,0.5040955631399318
2021-10-14,Siskiyou,093,43540.0,40057,321,17531,300,21288,19,1201,2,2561,31,21227,33,18666,25,0.0588194763435921,0.4875287092328893,0.4287092328892972
2021-10-14,Solano,095,438530.0,556800,1326,319930,1173,221733,119,15087,33,37855,225,295781,259,257926,340,0.0863224864889517,0.6744829316124324,0.5881604451234808
2021-10-14,Sonoma,097,501317.0,720687,1386,415696,1279,282143,92,22786,15,27139,143,370917,156,343778,217,0.0541354073370741,0.7398851425345639,0.6857497351974898
2021-10-14,Stanislaus,099,539301.0,582997,1136,346487,880,217242,233,18927,23,44137,333,312831,356,268694,429,0.0818411239734396,0.5800675318606864,0.4982264078872466
2021-10-14,Sutter,101,95872.0,103511,247,46275,202,52649,41,4578,4,5721,63,55778,67,50057,83,0.0596733144192256,0.5817965620827771,0.5221232476635514
2021-10-14,Tehama,103,63373.0,49063,100,19259,30,27842,58,1950,12,2683,23,26507,35,23824,53,0.042336641787512,0.4182696100863143,0.3759329682988023
2021-10-14,Trinity,105,12862.0,10800,18,2540,16,7536,2,719,0,704,7,6045,7,5341,9,0.0547348779350023,0.4699891152231379,0.4152542372881356
2021-10-14,Tulare,107,460477.0,445709,1106,273263,828,159918,260,12435,17,29145,357,238445,374,209300,356,0.0632930634971996,0.5178217370248677,0.454528673527668
2021-10-14,Tuolumne,109,53932.0,56077,102,17195,87,37527,13,1350,2,2862,25,28975,27,26113,23,0.0530668248906029,0.5372506118816287,0.4841837869910257
2021-10-14,Ventura,111,848112.0,1122960,2089,626628,1794,456693,221,39215,73,45966,406,585869,480,539903,551,0.0541980304488086,0.6907920180353538,0.6365939875865452
2021-10-14,Yolo,113,214977.0,284139,645,148044,600,127665,36,8394,9,13065,97,147965,106,134900,121,0.0607739432590463,0.6882829325927889,0.6275089893337427
2021-10-14,Yuba,115,75493.0,65723,162,27402,120,34352,38,3949,4,3778,49,36170,53,32392,75,0.0500443749751632,0.4791172691507822,0.4290728941756189
2021-10-13,Alameda,001,1643700.0,2434553,4708,1586295,4278,732471,341,114975,89,76190,614,1267652,703,1191462,808,0.04635274076778,0.7712185922005232,0.7248658514327432
2021-10-13,Alpine,003,1148.0,1542,1,53,1,1483,0,6,0,100,1,796,1,696,0,0.0871080139372822,0.6933797909407665,0.6062717770034843
2021-10-13,Amador,005,37829.0,41105,67,12590,48,26958,15,1554,4,3123,18,21946,22,18823,18,0.0825557112268365,0.580136931983399,0.4975812207565624
2021-10-13,Butte,007,227075.0,213421,521,109180,416,95619,98,8601,7,10581,81,113366,88,102785,170,0.0465969393372233,0.4992447429263459,0.4526478035891225
2021-10-13,Calaveras,009,45235.0,47856,53,21248,39,25136,13,1470,1,2684,20,24998,21,22314,15,0.0593345860506245,0.5526251796175528,0.4932905935669283
2021-10-13,Colusa,011,21464.0,23022,38,6741,28,15254,10,1009,0,1289,7,12519,7,11230,18,0.0600540439806187,0.5832556839358927,0.5232016399552739
2021-10-13,Contra Costa,013,1133247.0,1728258,4064,1188400,3692,484021,301,55447,69,50694,624,883241,693,832547,940,0.0447334076331108,0.7793896652715604,0.7346562576384496
2021-10-13,Del Norte,015,27424.0,24067,101,9657,76,13042,22,1314,3,1543,15,12945,18,11402,27,0.056264585764294,0.472031796966161,0.415767211201867
2021-10-13,El Dorado,017,186661.0,221225,516,112257,477,100465,29,8477,10,9936,99,115448,109,105512,89,0.0532301873449729,0.6184902041669122,0.5652600168219393
2021-10-13,Fresno,019,978130.0,1085946,2481,613806,2072,433554,354,38050,55,64002,545,579099,600,515097,798,0.0654330201506957,0.5920470694079519,0.5266140492572562
2021-10-13,Glenn,021,27897.0,27199,134,12574,122,13159,10,1434,2,1236,21,14692,23,13456,38,0.0443058393375631,0.5266516112843675,0.4823457719468043
2021-10-13,Humboldt,023,135768.0,164664,304,86723,258,69669,44,8126,2,7475,54,86856,56,79381,82,0.0550571563254964,0.6397383772317483,0.5846812209062519
2021-10-13,Imperial,025,180216.0,269195,446,142975,367,109695,63,16488,16,25198,150,152966,167,127768,142,0.1398211035646113,0.8487925600390642,0.7089714564744529
2021-10-13,Inyo,027,18085.0,20527,29,8227,23,11553,6,587,0,855,11,10586,11,9731,7,0.0472767486867569,0.5853469726292507,0.5380702239424938
2021-10-13,Kern,029,883053.0,832226,1761,456938,1330,339252,364,35803,66,54614,537,452782,603,398168,751,0.0618467974175955,0.51274612056128,0.4508993231436844
2021-10-13,Kings,031,150075.0,117923,263,59487,192,52892,61,5503,10,8461,94,64981,104,56520,111,0.0563784774279526,0.4329901715808762,0.3766116941529235
2021-10-13,Lake,033,64148.0,65325,137,22571,108,39743,26,3008,3,3893,29,35365,32,31472,45,0.0606877844983475,0.5513032362661345,0.490615451767787
2021-10-13,Lassen,035,31185.0,14833,63,2729,30,10770,26,1320,7,1004,23,8439,30,7435,35,0.0321949655282988,0.2706108706108706,0.2384159050825717
2021-10-13,Los Angeles,037,10098052.0,13235903,25066,7594346,21380,5134213,2933,502515,733,696660,6436,7014976,7156,6318316,6664,0.0689895437258592,0.6946860642032741,0.6256965204774149
2021-10-13,Madera,039,155013.0,150070,288,82382,228,61704,51,5888,9,8776,77,80630,86,71854,101,0.0566146065168727,0.5201499229096914,0.4635353163928186
2021-10-13,Marin,041,260295.0,427028,947,275352,889,138321,48,13329,10,12421,76,214756,85,202335,85,0.0477189342860984,0.8250485026604429,0.7773295683743445
2021-10-13,Mariposa,043,17540.0,15206,20,3733,7,10826,12,625,1,2576,9,9039,10,6463,8,0.1468643101482326,0.5153363740022805,0.3684720638540479
2021-10-13,Mendocino,045,87422.0,113308,222,64318,193,45219,27,3758,2,6487,41,59177,43,52690,50,0.0742032897897554,0.6769119901169042,0.6027087003271487
2021-10-13,Merced,047,269075.0,264637,570,162142,448,91488,110,10144,9,26428,195,145086,205,118658,197,0.0982179689677599,0.5392028244913128,0.4409848555235529
2021-10-13,Modoc,049,8938.0,6771,17,1243,7,5060,6,458,4,297,8,3669,12,3372,5,0.033228910270754,0.4104945177892146,0.3772656075184605
2021-10-13,Mono,051,14174.0,17944,40,10343,37,7176,3,357,0,659,7,8982,7,8323,3,0.0464935797939889,0.6336954988006208,0.5872019190066319
2021-10-13,Monterey,053,433212.0,559453,1043,280799,842,254643,189,23251,11,28550,255,298183,267,269633,340,0.0659030682437236,0.6883073414402187,0.622404273196495
2021-10-13,Napa,055,140530.0,205599,285,113063,255,86587,28,5934,2,10183,42,106684,44,96501,67,0.0724613961431722,0.7591546289048602,0.6866932327616879
2021-10-13,Nevada,057,99092.0,120583,229,66934,183,50105,40,3497,6,6140,41,62663,47,56523,57,0.0619626205950026,0.6323719371896823,0.5704093165946796
2021-10-13,Orange,059,3164182.0,4262330,7422,2517083,6523,1612221,760,131733,124,170937,1283,2208822,1405,2037885,1603,0.0540224930171526,0.6980704649732538,0.6440479719561011
2021-10-13,Placer,061,380077.0,494356,1117,296286,1016,184470,73,13578,27,17890,132,252153,159,234263,237,0.0470694096196297,0.6634260952385964,0.6163566856189667
2021-10-13,Plumas,063,18699.0,18931,38,3271,30,14381,8,1237,0,858,11,10327,11,9469,18,0.0458848066741537,0.5522755227552275,0.5063907160810739
2021-10-13,Riverside,065,2383286.0,2662914,5106,1606461,4398,978612,595,76617,111,144420,1268,1402960,1382,1258540,1568,0.0605970076608514,0.5886662364483323,0.5280692287874809
2021-10-13,Sacramento,067,1510023.0,1887791,3862,1110141,3331,722980,444,54411,87,80655,749,979739,835,899084,945,0.0534130937078441,0.6488238920864119,0.5954107983785677
2021-10-13,San Benito,069,59416.0,78820,158,45457,139,29860,16,3390,3,4303,42,42307,45,38004,63,0.0724215699474889,0.7120472599973071,0.6396256900498183
2021-10-13,San Bernardino,071,2135413.0,2219065,4645,1375008,3973,776197,557,67592,115,116962,1309,1176698,1423,1059736,1588,0.0547725428289515,0.5510400095906506,0.496267466761699
2021-10-13,San Diego,073,3302833.0,4628441,8322,2615358,7230,1837359,864,174470,225,268371,1836,2506992,2742,2238621,2591,0.0812547894489367,0.7590429186095694,0.6777881291606327
2021-10-13,San Francisco,075,870044.0,1380910,3058,902943,2830,421158,181,56428,45,39430,303,709424,349,669994,343,0.0453195470573902,0.8153886470109558,0.7700690999535655
2021-10-13,San Joaquin,077,732212.0,853472,1763,506694,1436,320073,279,26657,48,61596,544,456450,592,394854,593,0.0841231774404134,0.6233850305649183,0.5392618531245049
2021-10-13,San Luis Obispo,079,281455.0,344415,682,184132,580,147128,83,13015,19,16069,119,179388,136,163319,173,0.0570926080545735,0.6373594357890249,0.5802668277344514
2021-10-13,San Mateo,081,765935.0,1182446,2598,749336,2444,390601,104,41991,47,39448,278,608208,323,568760,372,0.0515030648814847,0.7940726040721471,0.7425695391906624
2021-10-13,Santa Barbara,083,443738.0,567930,1090,341353,947,202231,118,23970,24,30775,203,302302,227,271527,298,0.0693539881641869,0.681262366531602,0.611908378367415
2021-10-13,Santa Clara,085,1922200.0,2995812,4990,1964781,4534,918588,369,108660,86,78658,625,1540171,708,1461513,857,0.0409208198938716,0.8012542919571325,0.7603334720632609
2021-10-13,Santa Cruz,087,273765.0,380040,432,191817,373,177696,49,10469,10,13364,81,196444,92,183080,103,0.0488155900133326,0.7175643343743722,0.6687487443610396
2021-10-13,Shasta,089,179085.0,151553,337,72550,257,71090,73,7859,7,11080,76,83233,83,72153,126,0.0618700617025434,0.4647681268671301,0.4028980651645866
2021-10-13,Sierra,091,2930.0,3019,3,430,3,2527,0,58,0,81,0,1557,0,1476,0,0.0276450511945392,0.5313993174061433,0.5037542662116041
2021-10-13,Siskiyou,093,43540.0,39736,132,17231,93,21269,32,1199,7,2553,26,21194,33,18641,40,0.0586357372531005,0.4867707854846118,0.4281350482315113
2021-10-13,Solano,095,438530.0,555474,1151,318757,1035,221614,93,15054,23,37936,218,295522,241,257586,273,0.0865071944906848,0.6738923220760267,0.5873851275853419
2021-10-13,Sonoma,097,501317.0,719301,1470,414417,1347,282051,103,22771,20,27200,183,370761,202,343561,263,0.0542570868332811,0.7395739621836084,0.6853168753503273
2021-10-13,Stanislaus,099,539301.0,581861,1265,345607,999,217009,230,18904,36,44210,381,312475,418,268265,519,0.0819764843751448,0.5794074181208638,0.497430933745719
2021-10-13,Sutter,101,95872.0,103264,166,46073,126,52608,38,4574,2,5737,44,55711,45,49974,55,0.0598402036048064,0.5810977136181575,0.5212575100133512
2021-10-13,Tehama,103,63373.0,48963,120,19229,93,27784,22,1938,5,2701,43,26472,48,23771,61,0.0426206744197055,0.4177173244126047,0.3750966499928992
2021-10-13,Trinity,105,12862.0,10782,18,2524,13,7534,2,719,3,706,5,6038,8,5332,8,0.0548903747473176,0.4694448763800342,0.4145545016327165
2021-10-13,Tulare,107,460477.0,444603,1061,272435,880,159658,150,12418,31,29127,295,238071,326,208944,389,0.063253973596944,0.5170095357640012,0.4537555621670572
2021-10-13,Tuolumne,109,53932.0,55975,75,17108,46,37514,22,1348,7,2858,20,28948,27,26090,31,0.0529926574204553,0.5367499814581325,0.483757324037677
2021-10-13,Ventura,111,848112.0,1120871,1835,624834,1583,456472,193,39142,59,46037,402,585389,461,539352,482,0.0542817458071575,0.6902260550493331,0.6359443092421756
2021-10-13,Yolo,113,214977.0,283494,512,147444,458,127629,41,8385,13,13080,79,147859,92,134779,135,0.060843718165199,0.6877898565893096,0.6269461384241105
2021-10-13,Yuba,115,75493.0,65561,126,27282,83,34314,36,3945,7,3800,31,36117,38,32317,68,0.050335792722504,0.4784152173049157,0.4280794245824116
2021-10-12,Alameda,001,1643700.0,2429845,5609,1582017,5175,732130,349,114886,85,76295,702,1266949,785,1190654,944,0.0464166210379022,0.7707908985824664,0.7243742775445641
2021-10-12,Alpine,003,1148.0,1541,2,52,1,1483,1,6,0,99,1,795,1,696,0,0.0862369337979094,0.6925087108013938,0.6062717770034843
2021-10-12,Amador,005,37829.0,41038,59,12542,53,26943,6,1550,0,3119,10,21924,10,18805,11,0.0824499722435168,0.5795553675751408,0.4971053953316239
2021-10-12,Butte,007,227075.0,212900,313,108764,248,95521,55,8594,10,10663,75,113278,85,102615,115,0.0469580535065507,0.498857205769019,0.4518991522624683
2021-10-12,Calaveras,009,45235.0,47803,92,21209,74,25123,9,1469,9,2678,31,24977,40,22299,26,0.0592019453962639,0.5521609373272908,0.4929589919310269
2021-10-12,Colusa,011,21464.0,22984,27,6713,21,15244,6,1009,0,1300,9,12512,9,11212,12,0.0605665300037271,0.5829295564666418,0.5223630264629147
2021-10-12,Contra Costa,013,1133247.0,1724194,4681,1184708,4311,483720,294,55378,76,50941,729,882548,806,831607,1005,0.0449513654128358,0.7787781481001053,0.7338267826872694
2021-10-12,Del Norte,015,27424.0,23966,52,9581,34,13020,16,1311,2,1552,10,12927,12,11375,21,0.0565927654609101,0.4713754375729288,0.4147826721120187
2021-10-12,El Dorado,017,186661.0,220709,651,111780,597,100436,39,8467,15,9916,64,115339,79,105423,96,0.0531230412351803,0.6179062578685425,0.5647832166333621
2021-10-12,Fresno,019,978130.0,1083465,2502,611734,1993,433200,479,37995,27,64200,522,578499,548,514299,754,0.0656354472309406,0.5914336540132702,0.5257982067823296
2021-10-12,Glenn,021,27897.0,27065,42,12452,34,13149,8,1432,0,1251,14,14669,14,13418,11,0.0448435315625336,0.5258271498727461,0.4809836183102126
2021-10-12,Humboldt,023,135768.0,164360,268,86465,227,69625,36,8124,5,7501,37,86800,42,79299,61,0.0552486594779329,0.6393259089034234,0.5840772494254906
2021-10-12,Imperial,025,180216.0,268749,540,142608,475,109632,53,16472,12,25173,142,152799,154,127626,153,0.1396823811426288,0.8478658942602211,0.7081835131175922
2021-10-12,Inyo,027,18085.0,20498,73,8204,63,11547,8,587,1,851,11,10575,12,9724,12,0.047055570915123,0.5847387337572574,0.5376831628421344
2021-10-12,Kern,029,883053.0,830465,1989,455608,1541,338888,371,35737,77,54762,608,452179,684,397417,836,0.0620143977768038,0.512063262340992,0.4500488645641881
2021-10-12,Kings,031,150075.0,117660,218,59295,167,52831,43,5493,8,8468,70,64877,78,56409,97,0.0564251207729468,0.4322971847409628,0.375872063968016
2021-10-12,Lake,033,64148.0,65188,159,22463,116,39717,42,3005,1,3906,42,35333,43,31427,64,0.0608904408555216,0.5508043898484754,0.4899139489929538
2021-10-12,Lassen,035,31185.0,14770,73,2699,35,10744,22,1313,16,1009,23,8409,40,7400,42,0.0323552990219656,0.2696488696488696,0.2372935706269039
2021-10-12,Los Angeles,037,10098052.0,13210837,26817,7572966,22727,5131280,3325,501782,753,696168,7084,7007820,7820,6311652,7070,0.0689408214574454,0.6939774126732562,0.6250365912158107
2021-10-12,Madera,039,155013.0,149782,332,82154,283,61653,44,5879,4,8791,92,80544,96,71753,114,0.0567113725945565,0.519595130730971,0.4628837581364143
2021-10-12,Marin,041,260295.0,426081,1056,274463,1001,138273,50,13319,5,12421,77,214671,81,202250,75,0.0477189342860984,0.8247219500950844,0.777003015808986
2021-10-12,Mariposa,043,17540.0,15186,13,3726,8,10814,5,624,0,2574,7,9029,7,6455,3,0.1467502850627138,0.5147662485746864,0.3680159635119726
2021-10-12,Mendocino,045,87422.0,113086,345,64125,293,45192,48,3756,4,6494,53,59134,57,52640,109,0.0742833611676694,0.6764201230811466,0.6021367619134772
2021-10-12,Merced,047,269075.0,264067,715,161694,621,91378,89,10135,4,26420,209,144881,213,118461,216,0.0981882374802564,0.538440955124036,0.4402527176437796
2021-10-12,Modoc,049,8938.0,6754,48,1236,37,5054,6,454,5,290,4,3657,9,3367,13,0.0324457373014097,0.4091519355560528,0.3767061982546431
2021-10-12,Mono,051,14174.0,17904,41,10306,33,7173,7,357,0,655,8,8975,8,8320,3,0.0462113729363623,0.6332016367997743,0.5869902638634119
2021-10-12,Monterey,053,433212.0,558410,1070,279957,846,254454,172,23240,25,28623,221,297916,246,269293,341,0.066071576964627,0.6876910150226679,0.6216194380580409
2021-10-12,Napa,055,140530.0,205314,904,112808,849,86559,55,5932,0,10206,69,106640,69,96434,90,0.0726250622642852,0.7588415284992528,0.6862164662349676
2021-10-12,Nevada,057,99092.0,120354,322,66751,292,50065,26,3491,4,6150,46,62616,50,56466,62,0.0620635369151899,0.631897630484802,0.5698340935696121
2021-10-12,Orange,059,3164182.0,4254908,7286,2510560,6383,1611461,746,131609,152,171135,1293,2207417,1447,2036282,1673,0.0540850684315883,0.6976264323607175,0.6435413639291292
2021-10-12,Placer,061,380077.0,493239,1189,295270,1087,184397,79,13551,23,17968,156,251994,178,234026,219,0.0472746311931529,0.6630077589541067,0.6157331277609537
2021-10-12,Plumas,063,18699.0,18893,20,3241,11,14373,8,1237,1,865,8,10316,9,9451,10,0.0462591582437563,0.5516872560029948,0.5054280977592385
2021-10-12,Riverside,065,2383286.0,2657808,5491,1602063,4758,978017,617,76506,113,144606,1183,1401578,1297,1256972,1749,0.0606750511688483,0.5880863647921399,0.5274113136232915
2021-10-12,Sacramento,067,1510023.0,1883929,3699,1106810,3267,722536,341,54324,91,80765,644,978904,734,898139,956,0.0534859402803798,0.6482709203767095,0.5947849800963296
2021-10-12,San Benito,069,59416.0,78662,144,45318,97,29844,41,3387,6,4321,39,42262,44,37941,51,0.0727245186481755,0.7112898882455904,0.6385653695974148
2021-10-12,San Bernardino,071,2135413.0,2214420,4847,1371035,4195,775640,510,67477,141,117127,1266,1175275,1407,1058148,1727,0.05484981125431,0.5503736279586197,0.4955238167043096
2021-10-12,San Diego,073,3302833.0,4620119,8588,2608128,7538,1836495,814,174245,231,268220,1793,2504250,2783,2236030,2836,0.0812090711216703,0.7582127222296737,0.6770036511080033
2021-10-12,San Francisco,075,870044.0,1377852,3387,900113,3152,420977,172,56383,62,39424,307,709075,367,669651,367,0.0453126508544395,0.8149875178726593,0.7696748670182197
2021-10-12,San Joaquin,077,732212.0,851709,1463,505258,1225,319794,217,26609,21,61597,454,455858,476,394261,516,0.0841245431650942,0.6225765215538669,0.5384519783887727
2021-10-12,San Luis Obispo,079,281455.0,343733,777,183552,681,147045,81,12996,15,16106,101,179252,116,163146,177,0.0572240677905881,0.6368762324350251,0.5796521646444369
2021-10-12,San Mateo,081,765935.0,1179848,2753,746892,2568,390497,151,41944,34,39497,295,607885,326,568388,356,0.0515670389785034,0.7936508972693506,0.7420838582908471
2021-10-12,Santa Barbara,083,443738.0,566840,1054,340406,924,202113,109,23946,20,30846,185,302075,205,271229,343,0.0695139924910645,0.6807508034020074,0.611236810910943
2021-10-12,Santa Clara,085,1922200.0,2990822,5236,1960247,4705,918219,425,108574,105,78807,650,1539463,754,1460656,936,0.0409983352408698,0.8008859639995838,0.759887628758714
2021-10-12,Santa Cruz,087,273765.0,379608,514,191444,419,177647,79,10459,16,13375,115,196352,131,182977,161,0.0488557704600661,0.7172282797289646,0.6683725092688985
2021-10-12,Shasta,089,179085.0,151216,332,72293,241,71017,77,7852,14,11123,87,83150,101,72027,126,0.0621101711477789,0.4643046597984197,0.4021944886506408
2021-10-12,Sierra,091,2930.0,3016,6,427,4,2527,1,58,1,81,1,1557,2,1476,2,0.0276450511945392,0.5313993174061433,0.5037542662116041
2021-10-12,Siskiyou,093,43540.0,39604,54,17138,35,21237,19,1192,0,2560,20,21161,20,18601,20,0.0587965089572806,0.4860128617363344,0.4272163527790537
2021-10-12,Solano,095,438530.0,554323,1373,317722,1243,221521,111,15031,19,37968,237,295281,253,257313,294,0.0865801655530978,0.6733427587622284,0.5867625932091305
2021-10-12,Sonoma,097,501317.0,717831,1570,413070,1461,281948,91,22751,18,27261,236,370559,253,343298,272,0.0543787663294881,0.7391710235240377,0.6847922571945495
2021-10-12,Stanislaus,099,539301.0,580596,1228,344608,1044,216779,168,18868,16,44311,351,312057,368,267746,462,0.0821637638350383,0.5786323407521959,0.4964685769171575
2021-10-12,Sutter,101,95872.0,103098,203,45947,151,52570,48,4572,4,5747,57,55666,61,49919,64,0.0599445093457943,0.5806283377837116,0.5206838284379173
2021-10-12,Tehama,103,63373.0,48843,107,19136,58,27762,42,1933,7,2714,32,26424,39,23710,45,0.0428258090985119,0.4169599040600887,0.3741340949615767
2021-10-12,Trinity,105,12862.0,10764,14,2511,7,7532,6,716,1,706,3,6030,4,5324,7,0.0548903747473176,0.4688228891307728,0.4139325143834551
2021-10-12,Tulare,107,460477.0,443542,1016,271555,797,159508,205,12387,14,29190,275,237745,289,208555,405,0.0633907882478386,0.5163015742371497,0.452910785989311
2021-10-12,Tuolumne,109,53932.0,55900,83,17062,42,37492,33,1341,8,2862,16,28921,24,26059,40,0.0530668248906029,0.5362493510346362,0.4831825261440332
2021-10-12,Ventura,111,848112.0,1119036,1977,623251,1708,456279,209,39083,57,46058,358,584928,414,538870,500,0.0543065066877959,0.6896824947648423,0.6353759880770464
2021-10-12,Yolo,113,214977.0,282982,699,146986,643,127588,52,8372,4,13123,110,147767,114,134644,142,0.0610437395628369,0.6873619038315727,0.6263181642687358
2021-10-12,Yuba,115,75493.0,65435,142,27199,78,34278,52,3938,12,3830,55,36079,67,32249,48,0.050733180559787,0.4779118593776906,0.4271786788179036
2021-10-11,Alameda,001,1643700.0,2424236,5088,1576842,4723,731781,324,114801,39,76454,683,1266164,722,1189710,859,0.0465133540183731,0.7703133175153617,0.7237999634969885
2021-10-11,Alpine,003,1148.0,1539,0,51,0,1482,0,6,0,98,0,794,0,696,0,0.0853658536585365,0.6916376306620209,0.6062717770034843
2021-10-11,Amador,005,37829.0,40979,79,12489,56,26937,19,1550,4,3120,13,21914,17,18794,26,0.0824764069893468,0.5792910201168415,0.4968146131274947
2021-10-11,Butte,007,227075.0,212587,377,108516,311,95466,63,8584,3,10693,86,113193,88,102500,154,0.0470901684465484,0.498482880105692,0.4513927116591434
2021-10-11,Calaveras,009,45235.0,47711,80,21135,65,25114,12,1460,3,2664,23,24937,26,22273,23,0.0588924505360893,0.5512766662982204,0.4923842157621311
2021-10-11,Colusa,011,21464.0,22957,49,6692,35,15238,12,1009,2,1303,14,12503,16,11200,17,0.0607062989191203,0.5825102497204622,0.5218039508013418
2021-10-11,Contra Costa,013,1133247.0,1719513,4304,1180397,3918,483426,291,55302,95,51140,772,881742,865,830602,953,0.045126967024841,0.7780669174504764,0.7329399504256353
2021-10-11,Del Norte,015,27424.0,23914,66,9547,45,13004,17,1309,4,1561,12,12915,16,11354,29,0.0569209451575262,0.4709378646441073,0.4140169194865811
2021-10-11,El Dorado,017,186661.0,220058,490,111183,442,100397,42,8452,6,9933,76,115260,83,105327,99,0.053214115428504,0.6174830307348615,0.5642689153063575
2021-10-11,Fresno,019,978130.0,1080963,2773,609741,2353,432721,358,37968,62,64406,632,577951,693,513545,895,0.0658460531831147,0.5908734012861276,0.5250273481030129
2021-10-11,Glenn,021,27897.0,27023,64,12418,52,13141,10,1432,2,1248,15,14655,17,13407,31,0.0447359931175395,0.5253253037961071,0.4805893106785676
2021-10-11,Humboldt,023,135768.0,164092,220,86238,185,69589,34,8119,1,7520,42,86758,43,79238,61,0.0553886040893288,0.6390165576571799,0.583627953567851
2021-10-11,Imperial,025,180216.0,268209,404,142133,318,109579,71,16460,15,25172,129,152645,146,127473,148,0.1396768322457495,0.8470113641408088,0.7073345318950592
2021-10-11,Inyo,027,18085.0,20425,44,8141,40,11539,4,586,0,851,5,10563,5,9712,8,0.047055570915123,0.5840752004423555,0.5370196295272325
2021-10-11,Kern,029,883053.0,828476,2151,454067,1673,338517,405,35660,73,54914,666,451495,738,396581,914,0.0621865278754502,0.5112886768970832,0.4491021490216329
2021-10-11,Kings,031,150075.0,117442,258,59128,190,52788,60,5485,8,8487,75,64799,83,56312,118,0.056551724137931,0.4317774446110278,0.3752257204730967
2021-10-11,Lake,033,64148.0,65029,99,22347,60,39675,35,3004,4,3927,25,35290,29,31363,55,0.0612178088171104,0.5501340649747459,0.4889162561576354
2021-10-11,Lassen,035,31185.0,14697,48,2664,29,10722,13,1297,6,1011,20,8369,26,7358,23,0.0324194324194324,0.268366201699535,0.2359467692801026
2021-10-11,Los Angeles,037,10098052.0,13184020,28560,7550239,24185,5127955,3732,501029,637,695418,8084,7000000,8714,6304582,7166,0.0688665497068147,0.6932030058866799,0.6243364561798652
2021-10-11,Madera,039,155013.0,149450,280,81871,241,61609,37,5875,2,8809,83,80448,85,71639,94,0.0568274918877771,0.5189758278337946,0.4621483359460174
2021-10-11,Marin,041,260295.0,425025,769,273462,714,138223,43,13314,12,12415,96,214590,108,202175,87,0.047695883516779,0.8244107647092722,0.7767148811924931
2021-10-11,Mariposa,043,17540.0,15173,18,3718,14,10809,3,624,1,2570,4,9022,5,6452,9,0.1465222348916761,0.5143671607753706,0.3678449258836944
2021-10-11,Mendocino,045,87422.0,112741,136,63832,110,45144,23,3752,3,6546,31,59077,35,52531,36,0.0748781771178879,0.675768113289561,0.6008899361716731
2021-10-11,Merced,047,269075.0,263352,659,161073,522,91289,128,10131,9,26423,204,144668,212,118245,224,0.0981993867880702,0.5376493542692558,0.4394499674811855
2021-10-11,Modoc,049,8938.0,6706,10,1199,5,5048,3,449,2,294,4,3648,6,3354,4,0.0328932647124636,0.4081449988811815,0.3752517341687178
2021-10-11,Mono,051,14174.0,17863,30,10273,28,7166,2,357,0,650,7,8967,7,8317,5,0.045858614364329,0.632637223084521,0.5867786087201919
2021-10-11,Monterey,053,433212.0,557340,1126,279111,864,254282,196,23215,64,28718,258,297670,314,268952,297,0.0662908691356656,0.6871231637166099,0.6208322945809442
2021-10-11,Napa,055,140530.0,204410,616,111959,579,86504,31,5932,6,10227,55,106571,62,96344,65,0.0727744965487796,0.758350530135914,0.6855760335871344
2021-10-11,Nevada,057,99092.0,120032,413,66459,389,50039,22,3487,2,6162,64,62566,66,56404,105,0.0621846364994146,0.6313930488838655,0.5692084123844509
2021-10-11,Orange,059,3164182.0,4247622,8255,2504177,7195,1610715,901,131457,158,171361,1611,2205970,1767,2034609,1966,0.05415649289453,0.6971691261754223,0.6430126332808922
2021-10-11,Placer,061,380077.0,492050,1442,294183,1317,184318,100,13528,25,18009,206,251816,231,233807,298,0.0473825040715433,0.6625394327991433,0.6151569287276
2021-10-11,Plumas,063,18699.0,18873,21,3230,15,14365,5,1236,1,866,8,10307,9,9441,8,0.0463126370394138,0.5512059468420771,0.5048933098026632
2021-10-11,Riverside,065,2383286.0,2652317,5691,1597305,4782,977400,786,76393,122,145058,1488,1400281,1614,1255223,1767,0.060864705285056,0.5875421581799247,0.5266774528948687
2021-10-11,Sacramento,067,1510023.0,1880230,4272,1103543,3751,722195,448,54233,73,80987,875,978170,948,897183,1123,0.0536329579085881,0.6477848350654262,0.594151877156838
2021-10-11,San Benito,069,59416.0,78518,159,45221,139,29803,15,3381,4,4328,53,42218,57,37890,53,0.0728423320317759,0.7105493469772451,0.6377070149454692
2021-10-11,San Bernardino,071,2135413.0,2209573,4168,1366840,3505,775130,553,67336,110,117447,1235,1173868,1346,1056421,1484,0.0549996651701567,0.5497147390223811,0.4947150738522243
2021-10-11,San Diego,073,3302833.0,4611531,9950,2600590,8763,1835681,926,174014,254,268273,1959,2501467,3101,2233194,3018,0.0812251179517705,0.7573701122642289,0.6761449943124584
2021-10-11,San Francisco,075,870044.0,1374465,2950,896961,2768,420805,156,56321,26,39424,316,708708,341,669284,269,0.0453126508544395,0.8145657001255109,0.7692530492710713
2021-10-11,San Joaquin,077,732212.0,850246,2028,504033,1684,319577,321,26588,23,61637,597,455382,620,393745,682,0.0841791721523274,0.6219264366057917,0.5377472644534643
2021-10-11,San Luis Obispo,079,281455.0,342956,774,182871,658,146964,98,12981,18,16167,90,179136,108,162969,220,0.0574407987067204,0.63646408839779,0.5790232896910696
2021-10-11,San Mateo,081,765935.0,1177095,1914,744324,1782,390346,113,41910,19,39527,247,607559,265,568032,274,0.0516062067930046,0.7932252736851039,0.7416190668920992
2021-10-11,Santa Barbara,083,443738.0,565786,1147,339482,1015,202004,115,23926,16,30984,236,301870,252,270886,317,0.0698249868165448,0.6802888190779244,0.6104638322613795
2021-10-11,Santa Clara,085,1922200.0,2985586,4382,1955542,3982,917794,341,108469,59,78989,667,1538709,726,1459720,753,0.0410930184163978,0.8004937051295391,0.7594006867131412
2021-10-11,Santa Cruz,087,273765.0,379094,432,191025,341,177568,82,10443,9,13405,102,196221,110,182816,88,0.048965353496612,0.7167497671360473,0.6677844136394353
2021-10-11,Shasta,089,179085.0,150884,306,72052,210,70940,85,7838,11,11148,73,83049,84,71901,138,0.0622497696624507,0.4637406817991457,0.4014909121366948
2021-10-11,Sierra,091,2930.0,3010,3,423,3,2526,0,57,0,81,0,1555,0,1474,2,0.0276450511945392,0.5307167235494881,0.5030716723549488
2021-10-11,Siskiyou,093,43540.0,39550,62,17103,44,21218,17,1192,1,2560,16,21141,17,18581,24,0.0587965089572806,0.4855535140101056,0.426757005052825
2021-10-11,Solano,095,438530.0,552950,1306,316479,1142,221410,142,15012,22,38009,249,295028,271,257019,339,0.0866736597268145,0.6727658313000251,0.5860921715732105
2021-10-11,Sonoma,097,501317.0,716261,1216,411609,1114,281857,90,22733,11,27280,151,370306,162,343026,213,0.0544166665004378,0.7386663528266546,0.6842496863262167
2021-10-11,Stanislaus,099,539301.0,579368,1464,343564,1213,216611,233,18852,18,44405,402,311689,422,267284,595,0.0823380635303847,0.5779499759874356,0.4956119124570509
2021-10-11,Sutter,101,95872.0,102895,200,45796,145,52522,51,4568,4,5750,57,55605,61,49855,74,0.0599758010680907,0.5799920727636849,0.5200162716955942
2021-10-11,Tehama,103,63373.0,48736,83,19078,51,27720,29,1926,3,2720,33,26385,36,23665,38,0.0429204866425764,0.4163445000236694,0.3734240133810929
2021-10-11,Trinity,105,12862.0,10750,7,2504,5,7526,1,715,1,709,3,6026,4,5317,2,0.0551236199657907,0.4685118955061421,0.4133882755403514
2021-10-11,Tulare,107,460477.0,442526,1057,270758,857,159303,193,12373,7,29306,342,237456,349,208150,409,0.0636427009383747,0.5156739641719348,0.4520312632335599
2021-10-11,Tuolumne,109,53932.0,55817,116,17020,83,37459,29,1333,4,2878,27,28897,30,26019,41,0.0533634947711933,0.5358043462137506,0.4824408514425573
2021-10-11,Ventura,111,848112.0,1117059,2106,621543,1805,456070,226,39026,74,46144,456,584514,532,538370,566,0.054407908389458,0.6891943516893995,0.6347864432999415
2021-10-11,Yolo,113,214977.0,282283,661,146343,609,127536,48,8368,4,13151,99,147653,103,134502,150,0.061173986054322,0.6868316145448118,0.6256576284904897
2021-10-11,Yuba,115,75493.0,65293,138,27121,79,34226,55,3926,4,3811,45,36012,49,32201,67,0.0504815015961744,0.4770243598744254,0.4265428582782509
2021-10-10,Alameda,001,1643700.0,2419148,1408,1572119,1279,731457,103,114762,26,76591,248,1265442,274,1188851,285,0.0465967025612946,0.7698740646103304,0.7232773620490357
2021-10-10,Alpine,003,1148.0,1539,0,51,0,1482,0,6,0,98,0,794,0,696,0,0.0853658536585365,0.6916376306620209,0.6062717770034843
2021-10-10,Amador,005,37829.0,40900,30,12433,20,26918,8,1546,2,3129,3,21897,5,18768,11,0.082714319701816,0.578841629437733,0.4961273097359169
2021-10-10,Butte,007,227075.0,212210,183,108205,146,95403,37,8581,0,10759,48,113105,48,102346,61,0.0473808213145436,0.4980953429483651,0.4507145216338214
2021-10-10,Calaveras,009,45235.0,47631,43,21070,35,25102,5,1457,3,2661,11,24911,14,22250,14,0.058826130208909,0.5507018901293247,0.4918757599204156
2021-10-10,Colusa,011,21464.0,22908,19,6657,18,15226,1,1007,0,1304,10,12487,10,11183,9,0.0607528885575847,0.5817648155050317,0.5210119269474469
2021-10-10,Contra Costa,013,1133247.0,1715209,1458,1176479,1328,483135,115,55207,15,51228,284,880877,302,829649,354,0.045204619998994,0.7773036240113586,0.7320990040123645
2021-10-10,Del Norte,015,27424.0,23848,10,9502,5,12987,4,1305,1,1574,0,12899,1,11325,7,0.0573949824970828,0.4703544340723454,0.4129594515752625
2021-10-10,El Dorado,017,186661.0,219568,135,110741,107,100355,27,8446,1,9949,33,115177,34,105228,39,0.0532998323163381,0.6170383743792223,0.5637385420628841
2021-10-10,Fresno,019,978130.0,1078190,737,607388,605,432363,130,37906,2,64608,219,577258,221,512650,326,0.0660525696993242,0.5901649065052703,0.524112336805946
2021-10-10,Glenn,021,27897.0,26959,15,12366,15,13131,0,1430,0,1262,2,14638,2,13376,9,0.0452378391941785,0.5247159192744739,0.4794780800802953
2021-10-10,Humboldt,023,135768.0,163872,178,86053,151,69555,23,8118,4,7538,27,86715,31,79177,34,0.0555211831948618,0.6386998409050734,0.5831786577102115
2021-10-10,Imperial,025,180216.0,267805,50,141815,36,109508,14,16445,0,25174,15,152499,15,127325,23,0.1396879300395081,0.8462012251964309,0.7065132951569228
2021-10-10,Inyo,027,18085.0,20381,1,8101,1,11535,0,586,0,854,0,10558,0,9704,0,0.0472214542438484,0.5837987282278131,0.5365772739839646
2021-10-10,Kern,029,883053.0,826325,692,452394,551,338112,132,35587,9,55090,258,450757,268,395667,320,0.062385836410725,0.5104529399707606,0.4480671035600355
2021-10-10,Kings,031,150075.0,117184,218,58938,191,52728,20,5477,7,8522,68,64716,75,56194,121,0.0567849408629018,0.4312243878060969,0.3744394469431951
2021-10-10,Lake,033,64148.0,64930,24,22287,16,39640,8,3000,0,3953,5,35261,5,31308,8,0.0616231215314585,0.5496819854087422,0.4880588638772837
2021-10-10,Lassen,035,31185.0,14649,6,2635,1,10709,5,1291,0,1008,2,8343,2,7335,4,0.0323232323232323,0.2675324675324675,0.2352092352092352
2021-10-10,Los Angeles,037,10098052.0,13155460,9863,7526054,8113,5124223,1601,500392,146,693870,3200,6991286,3345,6297416,2977,0.0687132528135129,0.6923400671733518,0.6236268143598389
2021-10-10,Madera,039,155013.0,149170,84,81630,71,61572,12,5873,1,8818,27,80363,28,71545,29,0.0568855515343874,0.5184274867269196,0.4615419351925322
2021-10-10,Marin,041,260295.0,424256,213,272748,193,138180,20,13302,0,12394,29,214482,29,202088,25,0.047615205824161,0.8239958508615225,0.7763806450373615
2021-10-10,Mariposa,043,17540.0,15155,6,3704,4,10806,2,623,0,2574,0,9017,0,6443,4,0.1467502850627138,0.5140820980615736,0.3673318129988597
2021-10-10,Mendocino,045,87422.0,112605,41,63722,30,45121,11,3749,0,6547,9,59042,9,52495,13,0.0748896158861613,0.6753677563999908,0.6004781405138294
2021-10-10,Merced,047,269075.0,262693,216,160551,176,91161,36,10122,4,26435,76,144456,80,118021,77,0.0982439840193254,0.5368614698504135,0.438617485831088
2021-10-10,Modoc,049,8938.0,6696,3,1194,2,5045,1,447,0,292,1,3642,1,3350,2,0.0326695010069366,0.4074737077646005,0.3748042067576639
2021-10-10,Mono,051,14174.0,17833,9,10245,9,7164,0,357,0,648,1,8960,1,8312,3,0.0457175109355157,0.6321433610836743,0.5864258501481586
2021-10-10,Monterey,053,433212.0,556214,314,278247,244,254086,69,23151,0,28701,75,297356,75,268655,93,0.0662516273787429,0.686398345382861,0.620146718004118
2021-10-10,Napa,055,140530.0,203794,91,111380,80,86473,11,5926,0,10230,12,106509,12,96279,17,0.0727958443037073,0.7579093432007401,0.6851134988970327
2021-10-10,Nevada,057,99092.0,119619,55,66070,46,50017,8,3485,1,6201,10,62500,11,56299,12,0.0625782101481451,0.6307270011706293,0.5681487910224842
2021-10-10,Orange,059,3164182.0,4239367,2977,2496982,2517,1609814,446,131299,14,171560,725,2204203,740,2032643,910,0.0542193843464124,0.6966106880072006,0.6423913036607881
2021-10-10,Placer,061,380077.0,490608,300,292866,264,184218,32,13503,4,18076,66,251585,70,233509,81,0.0475587841411082,0.6619316612160168,0.6143728770749085
2021-10-10,Plumas,063,18699.0,18852,1,3215,0,14360,0,1235,1,865,0,10298,1,9433,1,0.0462591582437563,0.5507246376811594,0.504465479437403
2021-10-10,Riverside,065,2383286.0,2646626,2056,1592523,1733,976614,301,76271,22,145211,628,1398667,651,1253456,775,0.0609289023642147,0.5868649419331126,0.5259360395688978
2021-10-10,Sacramento,067,1510023.0,1875958,1359,1099792,1146,721747,180,54160,33,81162,383,977222,416,896060,452,0.0537488501830766,0.6471570300584826,0.5934081798754058
2021-10-10,San Benito,069,59416.0,78359,25,45082,16,29788,7,3377,0,4324,12,42161,12,37837,6,0.07277501009829,0.7095900094250707,0.6368149993267807
2021-10-10,San Bernardino,071,2135413.0,2205405,1844,1363335,1618,774577,223,67226,3,117585,657,1172522,660,1054937,720,0.0550642896713656,0.5490844159888508,0.4940201263174852
2021-10-10,San Diego,073,3302833.0,4601581,2766,2591827,2302,1834755,390,173760,71,268190,808,2498366,1117,2230176,1146,0.0811999880102929,0.7564312213181835,0.6752312333078905
2021-10-10,San Francisco,075,870044.0,1371515,939,894193,880,420649,54,56295,5,39352,129,708367,134,669015,126,0.0452298964190316,0.814173765924482,0.7689438695054504
2021-10-10,San Joaquin,077,732212.0,848218,781,502349,673,319256,99,26565,8,61699,262,454762,270,393063,254,0.0842638470825389,0.6210796873036771,0.5368158402211382
2021-10-10,San Luis Obispo,079,281455.0,342182,263,182213,244,146866,19,12963,0,16279,38,179028,38,162749,64,0.0578387308806025,0.6360803680872609,0.5782416372066582
2021-10-10,San Mateo,081,765935.0,1175181,793,742542,709,390233,77,41891,7,39536,140,607294,147,567758,176,0.0516179571373549,0.7928792913236763,0.7412613341863213
2021-10-10,Santa Barbara,083,443738.0,564639,378,338467,316,201889,56,23910,6,31049,81,301618,87,270569,152,0.0699714696510102,0.6797209163966124,0.6097494467456022
2021-10-10,Santa Clara,085,1922200.0,2981204,1527,1951560,1359,917453,151,108410,16,79016,256,1537983,273,1458967,367,0.0411070648215586,0.8001160129018833,0.7590089480803246
2021-10-10,Santa Cruz,087,273765.0,378662,189,190684,149,177486,28,10434,2,13383,51,196111,53,182728,50,0.048884992603145,0.7163479626687123,0.6674629700655672
2021-10-10,Shasta,089,179085.0,150578,132,71842,102,70855,30,7827,0,11202,32,82965,32,71763,70,0.0625513024541419,0.4632716307898484,0.4007203283357065
2021-10-10,Sierra,091,2930.0,3007,0,420,0,2526,0,57,0,83,0,1555,0,1472,0,0.0283276450511945,0.5307167235494881,0.5023890784982935
2021-10-10,Siskiyou,093,43540.0,39488,18,17059,9,21201,8,1191,1,2567,5,21124,6,18557,10,0.0589572806614607,0.4851630684428112,0.4262057877813505
2021-10-10,Solano,095,438530.0,551644,282,315337,235,221268,44,14990,3,38077,66,294757,69,256680,109,0.0868287232344423,0.6721478576152145,0.5853191343807721
2021-10-10,Sonoma,097,501317.0,715045,354,410495,315,281767,37,22722,2,27331,58,370144,60,342813,80,0.0545183985382502,0.7383432040006622,0.683824805462412
2021-10-10,Stanislaus,099,539301.0,577904,523,342351,416,216378,103,18834,3,44578,174,311267,177,266689,234,0.0826588491399051,0.5771674816104551,0.4945086324705498
2021-10-10,Sutter,101,95872.0,102695,98,45651,75,52471,23,4564,0,5763,25,55544,25,49781,53,0.0601113985313751,0.5793558077436582,0.5192444092122831
2021-10-10,Tehama,103,63373.0,48653,25,19027,14,27691,11,1923,0,2722,12,26349,12,23627,10,0.0429520458239313,0.4157764347592823,0.372824388935351
2021-10-10,Trinity,105,12862.0,10743,4,2499,1,7525,3,714,0,707,0,6022,0,5315,2,0.0549681231534753,0.4682009018815114,0.4132327787280361
2021-10-10,Tulare,107,460477.0,441469,309,269901,228,159110,78,12366,3,29366,101,237107,104,207741,150,0.0637730006058934,0.5149160544392011,0.4511430538333076
2021-10-10,Tuolumne,109,53932.0,55701,28,16937,22,37430,6,1329,0,2889,5,28867,5,25978,13,0.0535674553140992,0.5352480901876437,0.4816806348735444
2021-10-10,Ventura,111,848112.0,1114953,743,619738,651,455844,87,38952,5,46178,163,583982,168,537804,230,0.0544479974343011,0.6885670760465599,0.6341190786122588
2021-10-10,Yolo,113,214977.0,281622,123,145734,107,127488,14,8364,2,13198,25,147550,27,134352,43,0.0613926140936007,0.6863524935225629,0.6249598794289621
2021-10-10,Yuba,115,75493.0,65155,59,27042,39,34171,20,3922,0,3829,18,35963,18,32134,32,0.0507199342985442,0.47637529307353,0.4256553587749858
2021-10-09,Alameda,001,1643700.0,2417740,3033,1570840,2791,731354,192,114736,49,76602,422,1265168,470,1188566,572,0.0466033947800693,0.7697073675244874,0.7231039727444181
2021-10-09,Alpine,003,1148.0,1539,0,51,0,1482,0,6,0,98,0,794,0,696,0,0.0853658536585365,0.6916376306620209,0.6062717770034843
2021-10-09,Amador,005,37829.0,40870,26,12413,19,26910,7,1544,0,3135,7,21892,7,18757,10,0.0828729281767955,0.5787094557085833,0.4958365275317878
2021-10-09,Butte,007,227075.0,212027,184,108059,156,95366,28,8581,0,10772,56,113057,56,102285,76,0.047438071121876,0.4978839590443686,0.4504458879224925
2021-10-09,Calaveras,009,45235.0,47588,95,21035,81,25097,9,1454,5,2661,22,24897,27,22236,21,0.058826130208909,0.55039239526915,0.491566265060241
2021-10-09,Colusa,011,21464.0,22889,24,6639,18,15225,6,1007,0,1303,10,12477,10,11174,12,0.0607062989191203,0.5812989191203877,0.5205926202012673
2021-10-09,Contra Costa,013,1133247.0,1713751,2133,1175151,1948,483020,153,55192,32,51280,419,880575,449,829295,494,0.0452505058473571,0.7770371331227879,0.7317866272754306
2021-10-09,Del Norte,015,27424.0,23838,23,9497,10,12983,13,1304,0,1580,6,12898,6,11318,12,0.0576137689614935,0.4703179696616102,0.4127042007001167
2021-10-09,El Dorado,017,186661.0,219433,237,110634,199,100328,28,8445,10,9954,48,115143,59,105189,62,0.0533266188437863,0.6168562259925747,0.5635296071487884
2021-10-09,Fresno,019,978130.0,1077453,1541,606783,1268,432233,242,37904,31,64713,452,577037,481,512324,557,0.0661599173933935,0.5899389651682292,0.5237790477748356
2021-10-09,Glenn,021,27897.0,26944,25,12351,22,13131,3,1430,0,1269,9,14636,9,13367,15,0.0454887622324981,0.5246442269778112,0.4791554647453131
2021-10-09,Humboldt,023,135768.0,163694,159,85902,130,69532,27,8114,2,7541,29,86684,31,79143,62,0.0555432797124506,0.6384715102233222,0.5829282305108715
2021-10-09,Imperial,025,180216.0,267755,244,141779,209,109494,33,16445,2,25182,95,152484,97,127302,70,0.1397323212145425,0.8461179917432414,0.7063856705286989
2021-10-09,Inyo,027,18085.0,20380,24,8100,20,11535,4,586,0,854,5,10558,5,9704,9,0.0472214542438484,0.5837987282278131,0.5365772739839646
2021-10-09,Kern,029,883053.0,825633,1297,451843,1011,337980,258,35578,28,55142,423,450489,451,395347,592,0.0624447230234198,0.5101494474284103,0.4477047244049904
2021-10-09,Kings,031,150075.0,116966,147,58747,112,52708,33,5470,2,8568,55,64641,57,56073,73,0.0570914542728635,0.4307246376811594,0.3736331834082959
2021-10-09,Lake,033,64148.0,64906,140,22271,102,39632,38,3000,0,3956,29,35256,29,31300,69,0.061669888383114,0.549604040655983,0.487934152272869
2021-10-09,Lassen,035,31185.0,14643,16,2634,6,10704,10,1291,0,1010,8,8341,8,7331,8,0.032387365720699,0.2674683341350008,0.2350809684143017
2021-10-09,Los Angeles,037,10098052.0,13145597,19100,7517941,16143,5122622,2551,500246,397,693502,5875,6987941,6275,6294439,5605,0.0686768101412034,0.6920088151655388,0.6233320050243354
2021-10-09,Madera,039,155013.0,149086,192,81559,160,61560,31,5872,1,8819,48,80335,49,71516,65,0.056892002606233,0.5182468567152433,0.4613548541090102
2021-10-09,Marin,041,260295.0,424043,835,272555,755,138160,54,13302,26,12390,81,214453,107,202063,128,0.0475998386446147,0.823884438809812,0.7762846001651972
2021-10-09,Mariposa,043,17540.0,15149,6,3700,4,10804,2,623,0,2578,1,9017,1,6439,4,0.1469783352337514,0.5140820980615736,0.3671037628278221
2021-10-09,Mendocino,045,87422.0,112564,64,63692,54,45110,10,3749,0,6551,10,59033,10,52482,24,0.0749353709592551,0.67526480748553,0.6003294365262748
2021-10-09,Merced,047,269075.0,262477,328,160375,271,91125,54,10118,3,26432,98,144376,101,117944,129,0.0982328347115116,0.5365641549753786,0.4383313202638669
2021-10-09,Modoc,049,8938.0,6693,0,1192,0,5044,0,447,0,293,0,3641,0,3348,0,0.0327813828597001,0.4073618259118371,0.3745804430521369
2021-10-09,Mono,051,14174.0,17824,114,10236,110,7164,3,357,1,650,12,8959,13,8309,5,0.045858614364329,0.6320728093692677,0.5862141950049387
2021-10-09,Monterey,053,433212.0,555900,552,278003,453,254017,85,23151,14,28719,154,297281,168,268562,197,0.0662931774743081,0.6862252199846727,0.6199320425103645
2021-10-09,Napa,055,140530.0,203703,148,111300,131,86462,17,5926,0,10235,30,106497,30,96262,36,0.0728314238952536,0.7578239521810289,0.6849925282857753
2021-10-09,Nevada,057,99092.0,119564,113,66024,99,50009,11,3484,3,6202,17,62489,20,56287,27,0.0625883017801638,0.6306159932184233,0.5680276914382594
2021-10-09,Orange,059,3164182.0,4236390,4904,2494465,4097,1609368,716,131285,90,171730,1101,2203463,1193,2031733,1509,0.054273110712342,0.6963768202966834,0.6421037095843413
2021-10-09,Placer,061,380077.0,490308,484,292602,406,184186,67,13499,11,18087,85,251515,97,233428,162,0.0475877256450666,0.6617474880090087,0.6141597623639421
2021-10-09,Plumas,063,18699.0,18851,8,3215,5,14360,3,1234,0,865,3,10297,3,9432,2,0.0462591582437563,0.5506711588855019,0.5044120006417455
2021-10-09,Riverside,065,2383286.0,2644570,3360,1590790,2870,976313,421,76249,67,145335,972,1398016,1041,1252681,1239,0.060980931369546,0.5865917896551233,0.5256108582855772
2021-10-09,Sacramento,067,1510023.0,1874599,2267,1098646,1948,721567,279,54127,36,81198,563,976806,599,895608,767,0.0537726908795428,0.6468815375659841,0.5931088466864411
2021-10-09,San Benito,069,59416.0,78334,75,45066,64,29781,11,3377,0,4318,22,42149,22,37831,28,0.0726740271980611,0.7093880436246129,0.6367140164265518
2021-10-09,San Bernardino,071,2135413.0,2203561,3404,1361717,2937,774354,404,67223,63,117645,1065,1171862,1125,1054217,1277,0.0550923872805869,0.548775342287417,0.49368295500683
2021-10-09,San Diego,073,3302833.0,4598815,4914,2589525,4178,1834365,630,173689,101,268219,1258,2497249,1847,2229030,1993,0.0812087683512911,0.7560930268045645,0.6748842584532733
2021-10-09,San Francisco,075,870044.0,1370576,1495,893313,1379,420595,85,56290,31,39344,207,708233,235,668889,227,0.0452207014817641,0.8140197507252507,0.7687990492434865
2021-10-09,San Joaquin,077,732212.0,847437,935,501676,799,319157,124,26557,12,61683,310,454492,322,392809,348,0.0842419954876456,0.620710941639853,0.5364689461522073
2021-10-09,San Luis Obispo,079,281455.0,341919,528,181969,483,146847,32,12963,13,16305,75,178990,88,162685,110,0.0579311079923966,0.635945355385408,0.5780142473930113
2021-10-09,San Mateo,081,765935.0,1174388,1532,741833,1434,390156,84,41884,14,39565,188,607147,203,567582,244,0.0516558193580395,0.7926873690326203,0.7410315496745807
2021-10-09,Santa Barbara,083,443738.0,564261,560,338151,473,201833,83,23904,4,31114,147,301531,151,270417,161,0.0701179524854756,0.6795248547566357,0.60940690227116
2021-10-09,Santa Clara,085,1922200.0,2979677,3546,1950201,3237,917302,260,108394,48,79110,427,1537710,474,1458600,723,0.0411559671210071,0.7999739881385912,0.758818021017584
2021-10-09,Santa Cruz,087,273765.0,378473,224,190535,191,177458,30,10432,3,13380,37,196058,40,182678,51,0.0488740342994904,0.7161543659708144,0.667280331671324
2021-10-09,Shasta,089,179085.0,150446,188,71740,144,70825,42,7827,2,11240,43,82933,45,71693,89,0.062763492196443,0.4630929446910685,0.4003294524946255
2021-10-09,Sierra,091,2930.0,3007,1,420,1,2526,0,57,0,83,1,1555,1,1472,0,0.0283276450511945,0.5307167235494881,0.5023890784982935
2021-10-09,Siskiyou,093,43540.0,39470,19,17050,14,21193,5,1190,0,2571,4,21118,4,18547,9,0.0590491502067064,0.4850252641249425,0.4259761139182361
2021-10-09,Solano,095,438530.0,551362,414,315102,356,221224,52,14987,6,38117,113,294688,119,256571,130,0.0869199370624586,0.6719905137618863,0.5850705766994276
2021-10-09,Sonoma,097,501317.0,714691,924,410180,838,281730,71,22720,15,27351,114,370084,129,342733,180,0.0545582934550394,0.7382235192502947,0.6836652257952553
2021-10-09,Stanislaus,099,539301.0,577381,939,341935,792,216275,130,18831,17,44635,284,311090,303,266455,305,0.0827645415083598,0.5768392789926219,0.494074737484262
2021-10-09,Sutter,101,95872.0,102597,130,45576,102,52448,26,4564,2,5791,34,55519,36,49728,73,0.0604034546061415,0.5790950433911882,0.5186915887850467
2021-10-09,Tehama,103,63373.0,48628,48,19013,25,27680,22,1923,1,2720,21,26337,22,23617,23,0.0429204866425764,0.4155870796711533,0.3726665930285768
2021-10-09,Trinity,105,12862.0,10739,11,2498,6,7522,3,714,2,709,4,6022,6,5313,4,0.0551236199657907,0.4682009018815114,0.4130772819157207
2021-10-09,Tulare,107,460477.0,441160,1187,269673,1037,159032,133,12363,16,29412,404,237003,419,207591,464,0.0638728970176577,0.5146902016821687,0.4508173046645109
2021-10-09,Tuolumne,109,53932.0,55673,51,16915,30,37424,17,1329,4,2897,11,28862,15,25965,30,0.0537157902543944,0.5351553808499592,0.4814395905955648
2021-10-09,Ventura,111,848112.0,1114210,1223,619087,1066,455757,124,38947,32,46240,253,583814,284,537574,385,0.0545211009866621,0.6883689890014526,0.6338478880147905
2021-10-09,Yolo,113,214977.0,281499,184,145627,153,127474,30,8362,1,13214,30,147523,31,134309,73,0.0614670406601636,0.6862268986914879,0.6247598580313243
2021-10-09,Yuba,115,75493.0,65096,107,27003,77,34151,27,3922,3,3843,35,35945,38,32102,60,0.0509053819559429,0.4761368603711602,0.4252314784152173
2021-10-08,Alameda,001,1643700.0,2414707,6543,1568049,6041,731162,424,114687,76,76704,815,1264698,891,1187994,1116,0.0466654498996167,0.7694214272677495,0.7227559773681329
2021-10-08,Alpine,003,1148.0,1539,0,51,0,1482,0,6,0,98,0,794,0,696,0,0.0853658536585365,0.6916376306620209,0.6062717770034843
2021-10-08,Amador,005,37829.0,40844,93,12394,67,26903,12,1544,14,3138,21,21885,34,18747,38,0.0829522324142853,0.578524412487774,0.4955721800734886
2021-10-08,Butte,007,227075.0,211843,580,107903,458,95338,106,8581,16,10792,111,113001,127,102209,209,0.0475261477485412,0.497637344489706,0.4501111967411648
2021-10-08,Calaveras,009,45235.0,47493,134,20954,110,25088,19,1449,5,2655,38,24870,44,22215,28,0.0586934895545484,0.5497955123245275,0.491102022769979
2021-10-08,Colusa,011,21464.0,22865,40,6621,28,15219,10,1007,2,1305,8,12467,10,11162,24,0.0607994781960492,0.5808330227357436,0.5200335445396944
2021-10-08,Contra Costa,013,1133247.0,1711618,5271,1173203,4796,482867,387,55160,87,51325,934,880126,1021,828801,1145,0.0452902147545945,0.7766409264705753,0.7313507117159808
2021-10-08,Del Norte,015,27424.0,23815,75,9487,56,12970,18,1304,1,1586,14,12892,15,11306,28,0.0578325554259043,0.4700991831971995,0.4122666277712952
2021-10-08,El Dorado,017,186661.0,219196,645,110435,557,100300,75,8435,13,9957,68,115084,82,105127,159,0.0533426907602552,0.6165401449686866,0.5631974542084314
2021-10-08,Fresno,019,978130.0,1075912,3124,605515,2564,431991,500,37873,60,64789,855,576556,915,511767,1050,0.0662376166767198,0.5894472104934927,0.5232095938167728
2021-10-08,Glenn,021,27897.0,26919,88,12329,77,13128,6,1430,2,1275,26,14627,28,13352,35,0.0457038391224862,0.524321611642829,0.4786177725203427
2021-10-08,Humboldt,023,135768.0,163535,545,85772,439,69505,93,8112,13,7572,83,86653,96,79081,124,0.0557716103942018,0.638243179541571,0.5824715691473691
2021-10-08,Imperial,025,180216.0,267511,519,141570,406,109461,97,16443,16,25155,175,152387,195,127232,148,0.1395825009988014,0.8455797487459493,0.7059972477471479
2021-10-08,Inyo,027,18085.0,20356,55,8080,45,11531,10,586,0,858,12,10553,12,9695,20,0.0474426320154824,0.5835222560132707,0.5360796239977882
2021-10-08,Kern,029,883053.0,824336,3061,450832,2394,337722,586,35550,81,55283,861,450038,941,394755,1132,0.0626043963386116,0.5096387193067686,0.447034322968157
2021-10-08,Kings,031,150075.0,116819,369,58635,268,52675,90,5468,11,8584,106,64584,117,56000,149,0.0571980676328502,0.4303448275862069,0.3731467599533566
2021-10-08,Lake,033,64148.0,64766,134,22169,91,39594,34,3000,9,3996,30,35227,39,31231,41,0.062293446405188,0.5491519610899794,0.4868585146847914
2021-10-08,Lassen,035,31185.0,14627,61,2628,29,10694,32,1291,0,1010,35,8333,35,7323,19,0.032387365720699,0.2672118005451339,0.2348244348244348
2021-10-08,Los Angeles,037,10098052.0,13126497,38343,7501798,32934,5120071,4569,499849,818,692832,10066,6981666,10881,6288834,9305,0.06861046071064,0.6913874081852619,0.6227769474746219
2021-10-08,Madera,039,155013.0,148894,404,81399,333,61529,66,5871,5,8835,109,80286,114,71451,137,0.0569952197557624,0.5179307541948095,0.460935534439047
2021-10-08,Marin,041,260295.0,423208,1162,271800,1092,138106,63,13276,7,12411,93,214346,100,201935,107,0.0476805163372327,0.8234733667569488,0.7757928504197161
2021-10-08,Mariposa,043,17540.0,15143,12,3696,7,10802,5,623,0,2581,4,9016,4,6435,3,0.1471493728620296,0.5140250855188141,0.3668757126567845
2021-10-08,Mendocino,045,87422.0,112500,925,63638,833,45100,81,3749,11,6565,96,59023,107,52458,140,0.0750955137150831,0.6751504198027957,0.6000549060877125
2021-10-08,Merced,047,269075.0,262149,777,160104,632,91071,143,10115,2,26460,236,144275,239,117815,314,0.0983368949177738,0.5361887949456471,0.4378519000278733
2021-10-08,Modoc,049,8938.0,6693,19,1192,11,5044,6,447,2,293,4,3641,6,3348,3,0.0327813828597001,0.4073618259118371,0.3745804430521369
2021-10-08,Mono,051,14174.0,17710,47,10126,45,7161,1,356,0,642,5,8946,5,8304,6,0.0452942006490757,0.6311556370819811,0.5858614364329053
2021-10-08,Monterey,053,433212.0,555348,1543,277550,1316,253932,210,23137,16,28748,318,297113,334,268365,411,0.066360119294941,0.6858374190927305,0.6194772997977895
2021-10-08,Napa,055,140530.0,203555,365,111169,332,86445,23,5926,10,10241,41,106467,51,96226,82,0.0728741194051092,0.7576104746317512,0.684736355226642
2021-10-08,Nevada,057,99092.0,119451,348,65925,309,49998,31,3481,8,6209,43,62469,51,56260,97,0.0626589432042949,0.6304141605780487,0.5677552173737537
2021-10-08,Orange,059,3164182.0,4231486,11189,2490368,9774,1608652,1204,131195,209,172046,2138,2202270,2350,2030224,2501,0.0543729785454819,0.6959997876228359,0.6416268090773539
2021-10-08,Placer,061,380077.0,489824,1643,292196,1522,184119,100,13488,21,18152,191,251418,212,233266,293,0.0477587436230027,0.6614922765650119,0.6137335329420092
2021-10-08,Plumas,063,18699.0,18843,33,3210,26,14357,7,1234,0,864,8,10294,8,9430,12,0.0462056794480988,0.5505107224985293,0.5043050430504306
2021-10-08,Riverside,065,2383286.0,2641210,8123,1587920,7068,975892,842,76182,211,145533,2033,1396975,2247,1251442,2495,0.061064009942575,0.5861549977635919,0.5250909878210168
2021-10-08,Sacramento,067,1510023.0,1872332,6042,1096698,5482,721288,489,54091,71,81366,1002,976207,1074,894841,1440,0.0538839474630518,0.646484854866449,0.5926009074033972
2021-10-08,San Benito,069,59416.0,78259,163,45002,128,29770,29,3377,6,4324,34,42127,40,37803,58,0.07277501009829,0.7090177729904403,0.6362427628921503
2021-10-08,San Bernardino,071,2135413.0,2200157,6767,1358780,5780,773950,815,67160,171,117797,1849,1170737,2017,1052940,2253,0.0551635678906141,0.5482485121145184,0.4930849442239042
2021-10-08,San Diego,073,3302833.0,4593901,11397,2585347,9732,1833735,1340,173588,322,268365,2351,2495402,3732,2227037,3777,0.0812529728266612,0.7555338099140949,0.6742808370874337
2021-10-08,San Francisco,075,870044.0,1369081,3149,891934,2879,420510,219,56259,51,39336,309,707998,360,668662,360,0.0452115065444966,0.8137496494430166,0.7685381428985201
2021-10-08,San Joaquin,077,732212.0,846502,2396,500877,1981,319033,385,26545,29,61709,702,454170,730,392461,759,0.0842775043293472,0.6202711782926257,0.5359936739632783
2021-10-08,San Luis Obispo,079,281455.0,341391,723,181486,591,146815,113,12950,19,16327,118,178902,137,162575,160,0.0580092732408377,0.6356326943916434,0.5776234211508057
2021-10-08,San Mateo,081,765935.0,1172856,3017,740399,2781,390072,170,41870,66,39606,281,606944,344,567338,431,0.0517093487045245,0.7924223334878286,0.740712984783304
2021-10-08,Santa Barbara,083,443738.0,563701,1568,337678,1302,201750,245,23900,20,31124,321,301380,342,270256,372,0.0701404883061626,0.6791845638642623,0.6090440755580996
2021-10-08,Santa Clara,085,1922200.0,2976131,6709,1946964,6117,917042,501,108346,90,79359,829,1537236,917,1457877,1064,0.041285506190823,0.7997273956924358,0.7584418895016127
2021-10-08,Santa Cruz,087,273765.0,378249,805,190344,687,177428,101,10429,16,13391,117,196018,132,182627,124,0.0489142147462239,0.7160082552554198,0.6670940405091959
2021-10-08,Shasta,089,179085.0,150258,540,71596,419,70783,109,7825,12,11284,156,82888,168,71604,186,0.0630091855822654,0.4628416673646592,0.3998324817823938
2021-10-08,Sierra,091,2930.0,3006,5,419,5,2526,0,57,0,82,3,1554,3,1472,1,0.0279863481228668,0.5303754266211604,0.5023890784982935
2021-10-08,Siskiyou,093,43540.0,39451,114,17036,70,21188,43,1190,1,2576,23,21114,24,18538,46,0.0591639871382636,0.4849333945796968,0.4257694074414331
2021-10-08,Solano,095,438530.0,550948,1513,314746,1322,221172,166,14981,25,38128,303,294569,328,256441,430,0.0869450208651631,0.6717191526235378,0.5847741317583746
2021-10-08,Sonoma,097,501317.0,713767,1773,409342,1592,281659,160,22705,21,27402,251,369955,272,342553,329,0.0546600254928518,0.7379661970370045,0.6833061715441527
2021-10-08,Stanislaus,099,539301.0,576442,1558,341143,1206,216145,319,18814,31,44637,472,310787,503,266150,608,0.0827682500125162,0.5762774406129416,0.4935091906004253
2021-10-08,Sutter,101,95872.0,102467,283,45474,172,52422,101,4562,10,5828,87,55483,97,49655,126,0.060789385847797,0.5787195427236315,0.5179301568758344
2021-10-08,Tehama,103,63373.0,48580,134,18988,76,27658,53,1922,5,2721,46,26315,51,23594,78,0.0429362662332539,0.4152399286762501,0.3723036624429962
2021-10-08,Trinity,105,12862.0,10728,30,2492,14,7519,15,712,1,707,14,6016,15,5309,13,0.0549681231534753,0.4677344114445654,0.41276628829109
2021-10-08,Tulare,107,460477.0,439973,2004,268636,1764,158899,221,12347,19,29457,529,236584,547,207127,630,0.0639706217682967,0.5137802756706632,0.4498096539023664
2021-10-08,Tuolumne,109,53932.0,55622,159,16885,126,37407,28,1325,5,2912,35,28847,40,25935,51,0.0539939182674479,0.5348772528369057,0.4808833345694578
2021-10-08,Ventura,111,848112.0,1112987,2951,618021,2601,455633,281,38915,69,46341,566,583530,634,537189,779,0.0546401890316373,0.688034127568057,0.6333939385364197
2021-10-08,Yolo,113,214977.0,281315,789,145474,720,127444,60,8361,9,13256,115,147492,123,134236,182,0.0616624103973913,0.6860826972187722,0.6244202868213808
2021-10-08,Yuba,115,75493.0,64989,203,26926,130,34124,60,3919,13,3865,63,35907,76,32042,92,0.0511967997032837,0.4756335024439352,0.4244367027406514
2021-10-07,Alameda,001,1643700.0,2408164,5735,1562008,5324,730738,343,114611,67,76929,743,1263807,810,1186878,921,0.0468023361927359,0.7688793575469977,0.7220770213542618
2021-10-07,Alpine,003,1148.0,1539,0,51,0,1482,0,6,0,98,0,794,0,696,0,0.0853658536585365,0.6916376306620209,0.6062717770034843
2021-10-07,Amador,005,37829.0,40751,92,12327,75,26891,16,1530,1,3142,18,21851,19,18709,23,0.083057971397605,0.5776256311295567,0.4945676597319516
2021-10-07,Butte,007,227075.0,211263,590,107445,527,95232,45,8565,18,10874,118,112874,136,102000,164,0.0478872619178685,0.497078057910382,0.4491907959925135
2021-10-07,Calaveras,009,45235.0,47359,112,20844,80,25069,30,1444,2,2639,28,24826,30,22187,29,0.0583397811429203,0.54882281419255,0.4904830330496297
2021-10-07,Colusa,011,21464.0,22825,21,6593,13,15209,7,1005,1,1319,8,12457,9,11138,7,0.0614517331345508,0.5803671263510995,0.5189153932165487
2021-10-07,Contra Costa,013,1133247.0,1706347,4537,1168407,4135,482480,289,55073,113,51449,801,879105,913,827656,885,0.0453996348545374,0.775739975486368,0.7303403406318305
2021-10-07,Del Norte,015,27424.0,23740,58,9431,44,12952,11,1303,3,1599,12,12877,15,11278,23,0.0583065927654609,0.4695522170361726,0.4112456242707117
2021-10-07,El Dorado,017,186661.0,218551,542,109878,481,100225,42,8422,19,10034,62,115002,81,104968,95,0.0537552032829568,0.6161008459185369,0.56234564263558
2021-10-07,Fresno,019,978130.0,1072788,2609,602951,2000,431491,543,37813,65,64924,635,575641,698,510717,826,0.0663756351405232,0.5885117520166031,0.5221361168760799
2021-10-07,Glenn,021,27897.0,26831,45,12252,36,13122,3,1428,3,1282,15,14599,18,13317,20,0.0459547621608058,0.5233179194895509,0.477363157328745
2021-10-07,Humboldt,023,135768.0,162990,460,85333,404,69412,49,8099,7,7600,59,86557,66,78957,76,0.0559778445583642,0.6375360909787284,0.5815582464203641
2021-10-07,Imperial,025,180216.0,266992,650,141164,524,109364,116,16427,10,25108,154,152192,165,127084,155,0.1393217028454743,0.8444977138544857,0.7051760110090114
2021-10-07,Inyo,027,18085.0,20301,51,8035,36,11521,13,586,2,866,9,10541,10,9675,19,0.0478849875587503,0.5828587226983688,0.5349737351396184
2021-10-07,Kern,029,883053.0,821275,1995,448438,1600,337136,332,35469,63,55474,604,449097,667,393623,820,0.0628206913967791,0.5085730981039643,0.4457524067071852
2021-10-07,Kings,031,150075.0,116450,276,58367,199,52585,67,5457,10,8616,81,64467,90,55851,120,0.0574112943528235,0.4295652173913043,0.3721539230384807
2021-10-07,Lake,033,64148.0,64632,89,22078,61,39560,27,2991,1,3998,31,35188,32,31190,22,0.0623246243062917,0.5485439920184573,0.4862193677121656
2021-10-07,Lassen,035,31185.0,14566,123,2599,93,10662,27,1291,3,994,44,8298,48,7304,28,0.0318742985409652,0.2660894660894661,0.2342151675485008
2021-10-07,Los Angeles,037,10098052.0,13088154,29832,7468864,25666,5115502,3470,499031,676,691256,7447,6970785,8114,6279529,7409,0.0684543910053146,0.6903098736271115,0.6218554826217968
2021-10-07,Madera,039,155013.0,148490,398,81066,300,61463,76,5866,22,8858,93,80172,115,71314,149,0.0571435944082109,0.5171953320044125,0.4600517375962016
2021-10-07,Marin,041,260295.0,422046,1107,270708,1046,138043,54,13269,6,12418,86,214246,93,201828,99,0.0477074089014387,0.8230891872682917,0.775381778366853
2021-10-07,Mariposa,043,17540.0,15131,40,3689,27,10797,10,623,3,2580,18,9012,21,6432,11,0.1470923603192702,0.5137970353477765,0.3667046750285063
2021-10-07,Mendocino,045,87422.0,111575,235,62805,198,45019,34,3738,3,6598,30,58916,33,52318,58,0.0754729930681064,0.6739264715975384,0.598453478529432
2021-10-07,Merced,047,269075.0,261372,753,159472,619,90928,126,10113,8,26535,228,144036,238,117501,233,0.098615627613119,0.5353005667564805,0.4366849391433615
2021-10-07,Modoc,049,8938.0,6674,8,1181,3,5038,3,445,2,290,2,3635,4,3345,2,0.0324457373014097,0.4066905347952562,0.3742447974938465
2021-10-07,Mono,051,14174.0,17663,60,10081,58,7160,1,356,0,643,3,8941,4,8298,6,0.0453647523634824,0.6308028785099478,0.5854381261464654
2021-10-07,Monterey,053,433212.0,553805,1435,276234,1161,253722,265,23121,3,28825,299,296779,303,267954,340,0.0665378613704144,0.6850664339861315,0.618528572615717
2021-10-07,Napa,055,140530.0,203190,583,110837,525,86422,54,5916,4,10272,42,106416,46,96144,93,0.0730947128726962,0.7572475627979791,0.6841528499252829
2021-10-07,Nevada,057,99092.0,119103,349,65616,321,49967,26,3473,2,6255,50,62418,52,56163,67,0.0631231582771565,0.6298994873450935,0.5667763290679368
2021-10-07,Orange,059,3164182.0,4220297,9000,2480594,7985,1607448,843,130986,172,172197,1519,2199920,1695,2027723,1854,0.0544207001999252,0.6952570996232201,0.6408363994232948
2021-10-07,Placer,061,380077.0,488181,1504,290674,1378,184019,102,13467,24,18233,167,251206,190,232973,254,0.0479718583339691,0.6609344948523589,0.6129626365183897
2021-10-07,Plumas,063,18699.0,18810,28,3184,13,14350,10,1234,5,868,12,10286,17,9418,11,0.0464195946307289,0.5500828921332691,0.5036632975025402
2021-10-07,Riverside,065,2383286.0,2633087,6044,1580852,5145,975050,707,75971,187,145781,1333,1394728,1520,1248947,1889,0.0611680679532376,0.5852121818363386,0.5240441138831009
2021-10-07,Sacramento,067,1510023.0,1866290,4611,1091216,4068,720799,450,54020,93,81732,832,975133,926,893401,1059,0.054126327877125,0.6457736074218737,0.5916472795447486
2021-10-07,San Benito,069,59416.0,78096,190,44874,160,29741,24,3371,5,4342,44,42087,50,37745,70,0.0730779587989767,0.708344553655581,0.6352665948566043
2021-10-07,San Bernardino,071,2135413.0,2193390,5333,1353000,4665,773135,549,66989,118,118033,1340,1168720,1457,1050687,1672,0.055274085153551,0.547303964151197,0.4920298789976459
2021-10-07,San Diego,073,3302833.0,4582504,10002,2575615,8774,1832395,997,173266,227,268410,2016,2491670,3103,2223260,3032,0.0812665974937273,0.7544038708587446,0.6731372733650173
2021-10-07,San Francisco,075,870044.0,1365932,2780,889055,2501,420291,222,56208,57,39336,306,707638,362,668302,352,0.0452115065444966,0.8133358772659773,0.7681243707214808
2021-10-07,San Joaquin,077,732212.0,844106,2070,498896,1755,318648,289,26516,26,61738,660,453440,686,391702,610,0.0843171103450913,0.6192741992756197,0.5349570889305283
2021-10-07,San Luis Obispo,079,281455.0,340668,742,180895,627,146702,95,12931,20,16350,108,178765,127,162415,167,0.0580909914551171,0.6351459380718054,0.5770549466166883
2021-10-07,San Mateo,081,765935.0,1169839,2976,737618,2735,389902,184,41804,57,39693,268,606600,327,566907,404,0.0518229353665781,0.7919732092148811,0.740150273848303
2021-10-07,Santa Barbara,083,443738.0,562133,1189,336376,1041,201505,111,23880,34,31154,221,301038,254,269884,299,0.0702080957682236,0.6784138387967674,0.6082057430285439
2021-10-07,Santa Clara,085,1922200.0,2969422,5772,1940847,5305,916541,370,108256,96,79506,718,1536319,811,1456813,884,0.0413619810633648,0.7992503381541983,0.7578883570908335
2021-10-07,Santa Cruz,087,273765.0,377444,750,189657,640,177327,98,10413,12,13383,84,195886,96,182503,117,0.048884992603145,0.7155260898946176,0.6666410972914726
2021-10-07,Shasta,089,179085.0,149718,480,71177,333,70674,136,7813,11,11302,96,82720,107,71418,174,0.0631096965128291,0.4619035653460647,0.3987938688332356
2021-10-07,Sierra,091,2930.0,3001,8,414,5,2526,3,57,0,80,3,1551,3,1471,4,0.0273037542662116,0.5293515358361774,0.5020477815699659
2021-10-07,Siskiyou,093,43540.0,39337,97,16966,65,21145,31,1189,1,2598,25,21090,26,18492,36,0.0596692696371152,0.4843821773082223,0.424712907671107
2021-10-07,Solano,095,438530.0,549435,1403,313424,1264,221006,105,14956,34,38230,229,294241,261,256011,327,0.0871776161266048,0.6709711992338039,0.5837935831071991
2021-10-07,Sonoma,097,501317.0,711994,1645,407750,1489,281499,128,22684,28,27459,219,369683,246,342224,297,0.0547737260057009,0.7374236261686717,0.6826499001629708
2021-10-07,Stanislaus,099,539301.0,574884,1256,339937,998,215826,244,18783,14,44742,377,310284,391,265542,480,0.0829629464807222,0.5753447518176306,0.4923818053369083
2021-10-07,Sutter,101,95872.0,102184,230,45302,177,52321,49,4552,4,5857,61,55386,64,49529,100,0.0610918724966622,0.577707777036048,0.5166159045393859
2021-10-07,Tehama,103,63373.0,48446,122,18912,33,27605,83,1917,4,2748,34,26264,37,23516,40,0.0433623151815441,0.4144351695517018,0.3710728543701576
2021-10-07,Trinity,105,12862.0,10698,5,2478,3,7504,2,711,0,705,2,6001,2,5296,2,0.05481262634116,0.4665681853522003,0.4117555590110403
2021-10-07,Tulare,107,460477.0,437969,1525,266872,1244,158678,258,12328,23,29540,462,236037,485,206497,540,0.0641508696416976,0.512592377035118,0.4484415073934203
2021-10-07,Tuolumne,109,53932.0,55463,128,16759,100,37379,26,1320,2,2923,27,28807,29,25884,39,0.0541978788103537,0.5341355781354298,0.479937699325076
2021-10-07,Ventura,111,848112.0,1110036,2230,615420,1948,455352,227,38846,55,46486,421,582896,474,536410,565,0.0548111570169977,0.687286584790688,0.6324754277736903
2021-10-07,Yolo,113,214977.0,280526,640,144754,580,127384,45,8352,15,13315,91,147369,107,134054,123,0.0619368583615921,0.6855105429883197,0.6235736846267275
2021-10-07,Yuba,115,75493.0,64786,167,26796,114,34064,46,3906,7,3881,45,35831,52,31950,83,0.0514087398831679,0.4746267865894851,0.4232180467063171
2021-10-06,Alameda,001,1643700.0,2402429,4994,1556684,4565,730395,359,114544,70,77040,683,1262997,751,1185957,829,0.046869866764008,0.7683865668917685,0.7215167001277606
2021-10-06,Alpine,003,1148.0,1539,0,51,0,1482,0,6,0,98,0,794,0,696,0,0.0853658536585365,0.6916376306620209,0.6062717770034843
2021-10-06,Amador,005,37829.0,40659,74,12252,61,26875,9,1529,4,3146,16,21832,20,18686,22,0.0831637103809246,0.5771233709587882,0.4939596605778635
2021-10-06,Butte,007,227075.0,210673,474,106918,395,95187,72,8547,7,10902,117,112738,124,101836,156,0.0480105691951998,0.4964791368490587,0.4484685676538588
2021-10-06,Calaveras,009,45235.0,47247,76,20764,68,25039,6,1442,2,2638,23,24796,24,22158,16,0.0583176743671935,0.5481596109207472,0.4898419365535537
2021-10-06,Colusa,011,21464.0,22804,41,6580,27,15202,13,1004,1,1317,11,12448,12,11131,25,0.061358553857622,0.5799478196049198,0.5185892657472978
2021-10-06,Contra Costa,013,1133247.0,1701810,4304,1164272,3918,482191,303,54960,83,51421,812,878192,894,826771,934,0.0453749270900342,0.7749343258795303,0.729559398789496
2021-10-06,Del Norte,015,27424.0,23682,103,9387,80,12941,17,1300,6,1607,14,12862,20,11255,33,0.0585983080513418,0.4690052508751459,0.4104069428238039
2021-10-06,El Dorado,017,186661.0,218009,493,109397,458,100183,26,8403,9,10048,61,114921,70,104873,90,0.0538302055598116,0.6156669041738767,0.561836698614065
2021-10-06,Fresno,019,978130.0,1070179,2552,600951,2092,430948,410,37748,49,65052,720,574943,768,509891,862,0.0665064970913886,0.5877981454407901,0.5212916483494014
2021-10-06,Glenn,021,27897.0,26786,90,12216,76,13119,7,1425,4,1284,35,14581,39,13297,34,0.0460264544574685,0.5226726888195863,0.4766462343621178
2021-10-06,Humboldt,023,135768.0,162530,402,84929,371,69363,28,8092,3,7610,60,86491,63,78881,78,0.0560514996169937,0.6370499675917742,0.5809984679747805
2021-10-06,Imperial,025,180216.0,266342,484,140640,389,109248,81,16417,14,25098,136,152027,150,126929,175,0.1392662138766813,0.8435821458694012,0.7043159319927198
2021-10-06,Inyo,027,18085.0,20250,30,7999,27,11508,1,584,2,875,4,10531,6,9656,5,0.0483826375449267,0.582305778269284,0.5339231407243572
2021-10-06,Kern,029,883053.0,819280,2002,446838,1539,336804,396,35406,66,55627,640,448430,704,392803,877,0.062993953930285,0.5078177640526673,0.4448238101223822
2021-10-06,Kings,031,150075.0,116174,326,58168,246,52518,70,5447,10,8646,100,64377,110,55731,152,0.0576111944027986,0.4289655172413793,0.3713543228385807
2021-10-06,Lake,033,64148.0,64543,168,22017,146,39533,21,2990,1,3988,35,35156,37,31168,32,0.0621687348007732,0.5480451456007982,0.4858764108000249
2021-10-06,Lassen,035,31185.0,14443,55,2506,24,10635,23,1288,8,974,25,8250,33,7276,27,0.0312329645662979,0.2645502645502645,0.2333172999839666
2021-10-06,Los Angeles,037,10098052.0,13058322,27475,7443198,23812,5112032,3031,498355,621,690551,6665,6962671,7271,6272120,7119,0.0683845755597218,0.6895063523142879,0.6211217767545661
2021-10-06,Madera,039,155013.0,148092,356,80766,292,61387,55,5844,8,8892,103,80057,111,71165,125,0.0573629308509608,0.51645345874217,0.4590905278912091
2021-10-06,Marin,041,260295.0,420939,1071,269662,1014,137989,44,13263,13,12424,79,214153,93,201729,86,0.0477304596707581,0.8227319003438407,0.7750014406730824
2021-10-06,Mariposa,043,17540.0,15091,33,3662,17,10787,12,620,4,2570,19,8991,23,6421,9,0.1465222348916761,0.512599771949829,0.3660775370581527
2021-10-06,Mendocino,045,87422.0,111340,259,62607,223,44985,32,3735,4,6623,42,58883,46,52260,45,0.0757589622749422,0.6735489922445151,0.5977900299695729
2021-10-06,Merced,047,269075.0,260619,679,158853,570,90802,97,10105,11,26530,224,143798,235,117268,232,0.0985970454334293,0.5344160550032518,0.4358190095698225
2021-10-06,Modoc,049,8938.0,6666,21,1178,9,5035,7,443,5,288,4,3631,9,3343,9,0.0322219735958827,0.4062430073842022,0.3740210337883195
2021-10-06,Mono,051,14174.0,17603,19,10023,16,7159,3,356,0,645,3,8937,3,8292,0,0.0455058557922957,0.6305206716523212,0.5850148158600254
2021-10-06,Monterey,053,433212.0,552370,1338,275073,1136,253457,194,23118,7,28862,296,296476,303,267614,392,0.0666232699001874,0.6843670073774503,0.6177437374772629
2021-10-06,Napa,055,140530.0,202607,296,110312,269,86368,23,5912,4,10319,48,106370,52,96051,63,0.0734291610332313,0.7569202305557532,0.6834910695225219
2021-10-06,Nevada,057,99092.0,118754,360,65295,333,49941,25,3471,2,6270,59,62366,61,56096,61,0.0632745327574375,0.6293747224801195,0.566100189722682
2021-10-06,Orange,059,3164182.0,4211297,7840,2472609,6885,1606605,806,130814,147,172356,1414,2198225,1561,2025869,1832,0.0544709501539418,0.6947214161511569,0.640250465997215
2021-10-06,Placer,061,380077.0,486677,1566,289296,1449,183917,94,13443,23,18297,196,251016,220,232719,273,0.0481402452660908,0.6604345961476227,0.612294350881532
2021-10-06,Plumas,063,18699.0,18782,41,3171,29,14340,12,1229,0,862,15,10269,15,9407,16,0.0460987218567837,0.5491737526070913,0.5030750307503075
2021-10-06,Riverside,065,2383286.0,2627043,5450,1575707,4647,974343,698,75784,101,146150,1346,1393208,1452,1247058,1812,0.0613228962029735,0.5845744069322776,0.523251510729304
2021-10-06,Sacramento,067,1510023.0,1861679,4723,1087148,4180,720349,457,53927,86,81865,809,974207,893,892342,1104,0.0542144060057363,0.6451603717294372,0.590945965723701
2021-10-06,San Benito,069,59416.0,77906,163,44714,141,29717,22,3366,0,4362,47,42037,47,37675,53,0.0734145684664063,0.7075030294870068,0.6340884610206005
2021-10-06,San Bernardino,071,2135413.0,2188057,4897,1348335,4234,772586,572,66871,91,118248,1195,1167263,1284,1049015,1727,0.0553747682532606,0.5466216605406073,0.4912468922873467
2021-10-06,San Diego,073,3302833.0,4572502,9527,2566841,8458,1831398,805,173039,263,268339,1829,2488567,2917,2220228,2959,0.0812451007968008,0.7534643743719407,0.6722192735751399
2021-10-06,San Francisco,075,870044.0,1363152,2798,886554,2586,420069,182,56151,30,39326,263,707276,294,667950,342,0.0452000128729121,0.8129198063546211,0.7677197934817089
2021-10-06,San Joaquin,077,732212.0,842036,1955,497141,1648,318359,277,26490,30,61662,634,452754,665,391092,647,0.0842133152693482,0.6183373121445701,0.5341239968752219
2021-10-06,San Luis Obispo,079,281455.0,339926,845,180268,716,146607,112,12911,17,16390,106,178638,123,162248,196,0.0582331100886465,0.6346947114103498,0.5764616013217033
2021-10-06,San Mateo,081,765935.0,1166863,2481,734883,2290,389718,156,41747,34,39770,331,606273,363,566503,365,0.0519234660904645,0.7915462800368177,0.7396228139463531
2021-10-06,Santa Barbara,083,443738.0,560944,1115,335335,957,201394,125,23846,32,31199,210,300784,241,269585,300,0.070309506961315,0.6778414289513182,0.6075319219900032
2021-10-06,Santa Clara,085,1922200.0,2963650,5445,1935542,4963,916171,398,108160,83,79579,661,1535508,744,1455929,898,0.0413999583810217,0.7988284257621475,0.7574284673811258
2021-10-06,Santa Cruz,087,273765.0,376694,550,189017,475,177229,71,10401,4,13404,85,195790,89,182386,120,0.0489617007287271,0.7151754241776707,0.6662137234489435
2021-10-06,Shasta,089,179085.0,149238,388,70844,286,70538,93,7802,9,11369,98,82613,106,71244,123,0.0634838205321495,0.4613060837032694,0.3978222631711198
2021-10-06,Sierra,091,2930.0,2993,0,409,0,2523,0,57,0,81,0,1548,0,1467,0,0.0276450511945392,0.5283276450511946,0.5006825938566553
2021-10-06,Siskiyou,093,43540.0,39240,113,16901,54,21114,57,1188,2,2608,29,21064,31,18456,24,0.0598989435002296,0.4837850252641249,0.4238860817638952
2021-10-06,Solano,095,438530.0,548032,1293,312160,1141,220901,123,14922,29,38296,247,293980,277,255684,365,0.0873281189428317,0.6703760290059974,0.5830479100631656
2021-10-06,Sonoma,097,501317.0,710349,1743,406261,1586,281371,133,22656,24,27510,245,369437,269,341927,255,0.0548754580435133,0.7369329186921648,0.6820574606486515
2021-10-06,Stanislaus,099,539301.0,573628,1550,338939,1312,215582,218,18769,19,44831,495,309893,516,265062,565,0.0831279749156778,0.5746197392550728,0.4914917643393949
2021-10-06,Sutter,101,95872.0,101954,218,45125,148,52272,63,4548,7,5893,51,55322,58,49429,104,0.0614673731642189,0.5770402202937249,0.515572847129506
2021-10-06,Tehama,103,63373.0,48324,167,18879,134,27522,31,1913,2,2751,59,26227,61,23476,77,0.0434096539535764,0.4138513246966374,0.3704416707430609
2021-10-06,Trinity,105,12862.0,10693,12,2475,7,7502,5,711,0,705,9,5999,9,5294,2,0.05481262634116,0.4664126885398849,0.4116000621987249
2021-10-06,Tulare,107,460477.0,436444,1112,265628,914,158420,179,12305,19,29595,354,235552,373,205957,390,0.0642703110035897,0.5115391213893419,0.4472688103857521
2021-10-06,Tuolumne,109,53932.0,55335,120,16659,83,37353,28,1318,9,2933,29,28778,38,25845,42,0.0543832974857227,0.5335978639768597,0.479214566491137
2021-10-06,Ventura,111,848112.0,1107806,2195,613472,1930,455125,213,38791,51,46577,394,582422,447,535845,544,0.0549184541664308,0.6867276963419926,0.6318092421755617
2021-10-06,Yolo,113,214977.0,279886,721,144174,667,127339,48,8337,6,13331,119,147262,126,133931,142,0.0620112849281551,0.68501281532443,0.6230015303962749
2021-10-06,Yuba,115,75493.0,64619,150,26682,104,34018,42,3899,4,3912,38,35779,42,31867,82,0.0518193739816936,0.4739379810048614,0.4221186070231677
2021-10-05,Alameda,001,1643700.0,2397435,5686,1552119,5204,730036,391,114474,91,77118,779,1262246,867,1185128,989,0.046917320678956,0.767929670864513,0.721012350185557
2021-10-05,Alpine,003,1148.0,1539,2,51,1,1482,1,6,0,98,1,794,1,696,0,0.0853658536585365,0.6916376306620209,0.6062717770034843
2021-10-05,Amador,005,37829.0,40585,106,12191,81,26866,22,1525,3,3148,24,21812,27,18664,30,0.0832165798725845,0.5765946760421898,0.4933780961696053
2021-10-05,Butte,007,227075.0,210199,425,106523,347,95115,71,8540,7,10934,108,112614,115,101680,143,0.0481514917978641,0.4959330617637345,0.4477815699658703
2021-10-05,Calaveras,009,45235.0,47171,92,20696,76,25033,12,1440,4,2630,21,24772,25,22142,35,0.0581408201613794,0.5476290483033049,0.4894882281419255
2021-10-05,Colusa,011,21464.0,22763,50,6553,32,15189,14,1003,4,1330,12,12436,16,11106,20,0.0619642191576593,0.579388743943347,0.5174245247856877
2021-10-05,Contra Costa,013,1133247.0,1697506,4701,1160354,4259,481888,349,54877,93,51461,891,877298,984,825837,861,0.0454102238964674,0.7741454422557483,0.7287352183592809
2021-10-05,Del Norte,015,27424.0,23579,62,9307,50,12924,10,1294,1,1620,13,12842,14,11222,16,0.0590723453908984,0.4682759626604434,0.4092036172695449
2021-10-05,El Dorado,017,186661.0,217516,531,108939,463,100157,54,8394,14,10068,72,114851,86,104783,103,0.0539373516696042,0.6152918927896025,0.5613545411199983
2021-10-05,Fresno,019,978130.0,1067627,2748,598859,2121,430538,577,37699,49,65146,840,574175,886,509029,908,0.0666025988365554,0.5870129737355975,0.5204103748990421
2021-10-05,Glenn,021,27897.0,26696,41,12140,31,13112,6,1421,2,1279,17,14542,19,13263,15,0.0458472237158117,0.5212746890346632,0.4754274653188515
2021-10-05,Humboldt,023,135768.0,162128,286,84558,239,69335,45,8089,2,7625,48,86428,50,78803,61,0.0561619822049378,0.6365859407224088,0.580423958517471
2021-10-05,Imperial,025,180216.0,265858,695,140251,602,109167,83,16403,10,25123,200,151877,210,126754,162,0.1394049362986638,0.8427498113375061,0.7033448750388422
2021-10-05,Inyo,027,18085.0,20220,71,7972,56,11507,14,582,0,874,12,10525,12,9651,16,0.0483273431020182,0.581974011611833,0.5336466685098148
2021-10-05,Kern,029,883053.0,817278,1874,445299,1420,336408,411,35340,39,55800,608,447726,647,391926,817,0.0631898651609812,0.5070205299115682,0.4438306647505869
2021-10-05,Kings,031,150075.0,115848,245,57922,174,52448,66,5437,5,8688,81,64267,86,55579,110,0.0578910544727636,0.4282325503914709,0.3703414959187073
2021-10-05,Lake,033,64148.0,64375,115,21871,88,39512,26,2989,1,3983,37,35119,38,31136,35,0.0620907900480139,0.5474683544303798,0.4853775643823658
2021-10-05,Lassen,035,31185.0,14388,61,2482,23,10612,24,1280,14,968,22,8217,36,7249,30,0.0310405643738977,0.2634920634920635,0.2324514991181658
2021-10-05,Los Angeles,037,10098052.0,13030847,27479,7419386,23614,5109001,3306,497734,547,690399,6484,6955400,7021,6265001,6861,0.0683695231515939,0.6887863124491733,0.6204167892975794
2021-10-05,Madera,039,155013.0,147736,315,80474,268,61332,40,5836,7,8906,85,79946,91,71040,100,0.0574532458567991,0.5157373897673099,0.4582841439105107
2021-10-05,Marin,041,260295.0,419868,1101,268648,1046,137945,48,13250,7,12417,79,214060,85,201643,106,0.0477035671065521,0.8223746134193896,0.7746710463128373
2021-10-05,Mariposa,043,17540.0,15058,10,3645,5,10775,5,616,0,2556,4,8968,4,6412,4,0.1457240592930444,0.5112884834663626,0.3655644241733181
2021-10-05,Mendocino,045,87422.0,111081,229,62384,166,44953,55,3731,8,6622,62,58837,72,52215,67,0.0757475235066688,0.6730228089039372,0.5972752853972684
2021-10-05,Merced,047,269075.0,259940,799,158283,674,90705,116,10094,6,26527,289,143563,295,117036,223,0.0985858961256155,0.533542692557837,0.4349567964322215
2021-10-05,Modoc,049,8938.0,6645,21,1169,13,5028,7,438,1,288,5,3622,6,3334,8,0.0322219735958827,0.4052360707093309,0.3730140971134482
2021-10-05,Mono,051,14174.0,17584,81,10007,79,7156,2,356,0,642,7,8934,7,8292,13,0.0452942006490757,0.6303090165091012,0.5850148158600254
2021-10-05,Monterey,053,433212.0,551032,1004,273937,795,253263,194,23111,15,28951,228,296173,243,267222,318,0.066828712039371,0.6836675807687691,0.6168388687293981
2021-10-05,Napa,055,140530.0,202311,509,110043,454,86345,52,5908,3,10330,57,106318,60,95988,90,0.0735074361346331,0.7565502028036718,0.6830427666690386
2021-10-05,Nevada,057,99092.0,118394,338,64962,303,49916,28,3469,7,6270,50,62305,57,56035,48,0.0632745327574375,0.6287591329269769,0.5654846001695394
2021-10-05,Orange,059,3164182.0,4203457,8055,2465724,6981,1605799,899,130667,173,172627,1387,2196664,1555,2024037,1840,0.0545565963019826,0.694228081696944,0.6396714853949614
2021-10-05,Placer,061,380077.0,485111,1492,287847,1333,183823,132,13420,27,18350,180,250796,207,232446,270,0.048279690694254,0.6598557660684545,0.6115760753742004
2021-10-05,Plumas,063,18699.0,18741,25,3142,15,14328,9,1229,1,863,12,10254,13,9391,7,0.0461522006524413,0.5483715706722284,0.5022193700197871
2021-10-05,Riverside,065,2383286.0,2621593,6258,1571060,5379,973645,767,75683,107,146510,1446,1391756,1554,1245246,1911,0.0614739481539353,0.5839651640633982,0.5224912159094628
2021-10-05,Sacramento,067,1510023.0,1856956,4619,1082968,4097,719892,431,53841,90,82076,818,973314,910,891238,1084,0.054354138976691,0.6445689900087614,0.5902148510320704
2021-10-05,San Benito,069,59416.0,77743,134,44573,102,29695,29,3366,3,4368,29,41990,32,37622,47,0.0735155513666352,0.7067119967685472,0.6331964454019119
2021-10-05,San Bernardino,071,2135413.0,2183160,5074,1344101,4345,772014,591,66780,138,118691,1299,1165979,1435,1047288,1808,0.0555822222680109,0.5460203717032723,0.4904381494352615
2021-10-05,San Diego,073,3302833.0,4562975,9250,2558383,8119,1830593,942,172776,187,268381,1882,2485650,2835,2217269,2939,0.0812578171527291,0.7525811931756767,0.6713233760229476
2021-10-05,San Francisco,075,870044.0,1360354,3052,883968,2773,419887,225,56121,53,39374,346,706982,398,667608,370,0.0452551824965174,0.8125818924100391,0.7673267099135216
2021-10-05,San Joaquin,077,732212.0,840081,1842,495493,1513,318082,306,26460,23,61644,544,452089,566,390445,609,0.0841887322250932,0.6174291052318182,0.5332403730067248
2021-10-05,San Luis Obispo,079,281455.0,339081,908,179552,819,146495,79,12894,10,16463,123,178515,133,162052,208,0.0584924765948375,0.6342576966122471,0.5757652200174095
2021-10-05,San Mateo,081,765935.0,1164382,2392,732593,2172,389562,182,41713,38,39772,327,605910,363,566138,369,0.051926077278098,0.7910723494813529,0.7391462722032548
2021-10-05,Santa Barbara,083,443738.0,559829,1015,334378,887,201269,103,23814,24,31258,206,300543,231,269285,250,0.0704424683033682,0.6772983156727619,0.6068558473693937
2021-10-05,Santa Clara,085,1922200.0,2958205,5590,1930579,5074,915773,434,108077,80,79733,703,1534764,781,1455031,929,0.0414800749141608,0.7984413692643846,0.7569612943502237
2021-10-05,Santa Cruz,087,273765.0,376144,632,188542,546,177158,67,10397,18,13435,126,195701,144,182266,211,0.049074936533158,0.7148503278359176,0.6657753913027596
2021-10-05,Shasta,089,179085.0,148850,416,70558,297,70445,106,7793,13,11386,107,82507,120,71121,172,0.0635787475221263,0.4607141860010609,0.3971354384789345
2021-10-05,Sierra,091,2930.0,2993,3,409,3,2523,0,57,0,81,1,1548,1,1467,2,0.0276450511945392,0.5283276450511946,0.5006825938566553
2021-10-05,Siskiyou,093,43540.0,39127,86,16847,51,21057,33,1186,2,2601,24,21033,26,18432,36,0.0597381717960496,0.4830730362884703,0.4233348644924207
2021-10-05,Solano,095,438530.0,546739,1302,311019,1123,220778,157,14893,22,38384,271,293703,293,255319,391,0.0875287893644676,0.6697443732469842,0.5822155838825166
2021-10-05,Sonoma,097,501317.0,708606,1763,404675,1607,281238,135,22632,21,27496,275,369168,294,341672,366,0.0548475316017609,0.7363963320613504,0.6815488004595894
2021-10-05,Stanislaus,099,539301.0,572078,1499,337627,1226,215364,256,18750,15,44880,498,309377,514,264497,554,0.0832188332675073,0.5736629451827459,0.4904441119152384
2021-10-05,Sutter,101,95872.0,101736,252,44977,166,52209,78,4541,8,5939,66,55264,74,49325,121,0.0619471795727636,0.5764352469959947,0.5144880674232309
2021-10-05,Tehama,103,63373.0,48157,95,18745,42,27491,47,1911,5,2767,36,26166,41,23399,45,0.0436621274044151,0.4128887696653149,0.3692266422608997
2021-10-05,Trinity,105,12862.0,10681,20,2468,11,7497,9,711,0,698,6,5990,6,5292,7,0.0542683874980562,0.4657129528844658,0.4114445653864095
2021-10-05,Tulare,107,460477.0,435332,1100,264714,860,158241,235,12286,5,29612,349,235179,356,205567,423,0.06430722924272,0.5107290917896008,0.4464218625468807
2021-10-05,Tuolumne,109,53932.0,55215,106,16576,74,37325,32,1309,0,2937,31,28740,31,25803,25,0.0544574649558703,0.5328932730104576,0.4784358080545872
2021-10-05,Ventura,111,848112.0,1105611,2446,611542,2157,454912,238,38740,50,46674,398,581975,447,535301,490,0.0550328258531892,0.6862006433112607,0.6311678174580716
2021-10-05,Yolo,113,214977.0,279165,725,143507,688,127291,35,8331,2,13347,88,147136,90,133789,117,0.062085711494718,0.6844267061127469,0.6223409946180289
2021-10-05,Yuba,115,75493.0,64469,161,26578,113,33976,45,3895,3,3952,50,35737,53,31785,70,0.0523492244314042,0.4733816380326652,0.421032413601261
2021-10-04,Alameda,001,1643700.0,2391749,5917,1546915,5568,729645,282,114383,65,77240,758,1261379,823,1184139,919,0.0469915434690028,0.7674022023483604,0.7204106588793575
2021-10-04,Alpine,003,1148.0,1537,0,50,0,1481,0,6,0,97,0,793,0,696,0,0.0844947735191637,0.6907665505226481,0.6062717770034843
2021-10-04,Amador,005,37829.0,40479,73,12110,54,26844,17,1522,2,3151,25,21785,27,18634,18,0.0832958841100742,0.575880937904782,0.4925850537947077
2021-10-04,Butte,007,227075.0,209774,431,106176,342,95044,77,8533,12,10962,95,112499,107,101537,185,0.0482747990751954,0.4954266211604095,0.4471518220852141
2021-10-04,Calaveras,009,45235.0,47079,97,20620,78,25021,14,1436,5,2640,30,24747,35,22107,22,0.058361887918647,0.5470763789101359,0.4887144909914889
2021-10-04,Colusa,011,21464.0,22713,23,6521,18,15175,5,999,0,1334,7,12420,7,11086,8,0.0621505777115169,0.5786433097279166,0.5164927320163996
2021-10-04,Contra Costa,013,1133247.0,1692805,4359,1156095,3981,481539,291,54784,86,51338,876,876314,962,824976,812,0.0453016862166853,0.7732771408174917,0.7279754546008064
2021-10-04,Del Norte,015,27424.0,23517,63,9257,55,12914,8,1293,0,1622,13,12828,13,11206,16,0.0591452742123687,0.4677654609101517,0.4086201866977829
2021-10-04,El Dorado,017,186661.0,216985,543,108476,486,100103,46,8380,11,10085,72,114765,83,104680,104,0.0540284258629279,0.6148311645174943,0.5608027386545663
2021-10-04,Fresno,019,978130.0,1064879,2456,596738,2104,429961,299,37650,53,65168,678,573289,730,508121,878,0.0666250907343604,0.5861071636694509,0.5194820729350904
2021-10-04,Glenn,021,27897.0,26655,45,12109,37,13106,6,1419,2,1275,14,14523,16,13248,23,0.0457038391224862,0.5205936122163674,0.4748897730938811
2021-10-04,Humboldt,023,135768.0,161842,307,84319,268,69290,35,8087,4,7636,56,86378,60,78742,76,0.0562430027694302,0.6362176654292617,0.5799746626598314
2021-10-04,Imperial,025,180216.0,265163,477,139649,424,109084,39,16393,14,25075,110,151667,124,126592,131,0.1391385892484574,0.841584542992853,0.7024459537443957
2021-10-04,Inyo,027,18085.0,20149,56,7916,52,11493,4,582,0,878,12,10513,12,9635,8,0.0485485208736522,0.5813104782969312,0.5327619574232789
2021-10-04,Kern,029,883053.0,815404,2093,443879,1722,335997,318,35301,53,55970,735,447079,786,391109,888,0.0633823790870989,0.5062878445574615,0.4429054654703624
2021-10-04,Kings,031,150075.0,115603,333,57748,258,52382,72,5432,3,8712,122,64181,125,55469,161,0.0580509745127436,0.4276595035815426,0.3696085290687989
2021-10-04,Lake,033,64148.0,64260,62,21783,44,39486,16,2988,2,3980,17,35081,19,31101,29,0.0620440231963584,0.5468759743094095,0.484831951113051
2021-10-04,Lassen,035,31185.0,14327,28,2459,17,10588,11,1266,0,962,16,8181,16,7219,10,0.0308481641814975,0.2623376623376623,0.2314894981561648
2021-10-04,Los Angeles,037,10098052.0,13003368,28276,7395772,24952,5105695,2793,497187,523,690239,7037,6948379,7558,6258140,7054,0.0683536785114594,0.6880910298342691,0.6197373513228096
2021-10-04,Madera,039,155013.0,147421,348,80206,298,61292,45,5829,5,8915,142,79855,147,70940,114,0.0575113055034093,0.5151503422293614,0.457639036725952
2021-10-04,Marin,041,260295.0,418767,875,267602,803,137897,57,13243,15,12438,104,213975,119,201537,104,0.0477842447991701,0.822048060854031,0.7742638160548608
2021-10-04,Mariposa,043,17540.0,15048,22,3640,15,10770,7,616,0,2556,11,8964,11,6408,6,0.1457240592930444,0.511060433295325,0.3653363740022805
2021-10-04,Mendocino,045,87422.0,110852,173,62218,140,44898,28,3723,5,6617,32,58765,35,52148,57,0.0756903296653016,0.6721992175882501,0.5965088879229484
2021-10-04,Merced,047,269075.0,259141,672,157609,557,90589,112,10088,3,26455,239,143268,244,116813,232,0.0983183127380841,0.5324463439561461,0.4341280312180618
2021-10-04,Modoc,049,8938.0,6624,12,1156,8,5021,4,437,0,290,1,3616,1,3326,2,0.0324457373014097,0.40456477959275,0.3721190422913403
2021-10-04,Mono,051,14174.0,17503,99,9928,92,7154,7,356,0,648,13,8927,13,8279,5,0.0457175109355157,0.6298151545082545,0.5840976435727389
2021-10-04,Monterey,053,433212.0,550028,997,273142,815,253069,169,23096,3,29026,249,295930,252,266904,264,0.0670018374375594,0.6831066544786386,0.6161048170410792
2021-10-04,Napa,055,140530.0,201802,339,109589,311,86293,18,5905,10,10360,58,106258,68,95898,66,0.0737209136839109,0.7561232477051163,0.6824023340212054
2021-10-04,Nevada,057,99092.0,118056,463,64659,423,49888,28,3462,12,6261,59,62248,71,55987,111,0.0631837080692689,0.6281839099019093,0.5650002018326403
2021-10-04,Orange,059,3164182.0,4195402,9156,2458743,8177,1604900,823,130494,155,172912,1611,2195109,1764,2022197,2010,0.0546466669742764,0.6937366434674112,0.6390899764931347
2021-10-04,Placer,061,380077.0,483619,1349,286514,1254,183691,89,13393,6,18413,187,250589,193,232176,288,0.0484454465805613,0.6593111395848736,0.6108656930043123
2021-10-04,Plumas,063,18699.0,18716,14,3127,13,14319,1,1228,0,857,7,10241,7,9384,5,0.0458313278784961,0.5476763463286807,0.5018450184501845
2021-10-04,Riverside,065,2383286.0,2615335,5729,1565681,5021,972878,607,75576,100,146867,1420,1390202,1523,1243335,1879,0.0616237413386391,0.5833131231417463,0.5216893818031071
2021-10-04,Sacramento,067,1510023.0,1852337,4858,1078871,4367,719461,401,53751,89,82250,883,972404,976,890154,1240,0.0544693690096111,0.6439663501814211,0.5894969811718099
2021-10-04,San Benito,069,59416.0,77609,126,44471,114,29666,11,3363,1,4383,46,41958,47,37575,38,0.0737680086172074,0.7061734213006597,0.6324054126834523
2021-10-04,San Bernardino,071,2135413.0,2178086,4658,1339756,4091,771423,451,66642,114,119064,1239,1164544,1352,1045480,1710,0.0557568957386697,0.5453483705493972,0.4895914748107274
2021-10-04,San Diego,073,3302833.0,4553725,10259,2550264,9184,1829651,857,172589,215,268485,1969,2482815,3153,2214330,3335,0.0812893052721708,0.7517228391505111,0.6704335338783401
2021-10-04,San Francisco,075,870044.0,1357302,2905,881195,2696,419662,175,56068,33,39346,348,706584,382,667238,330,0.045223000216081,0.8121244442809789,0.7669014440648979
2021-10-04,San Joaquin,077,732212.0,838239,2056,493980,1743,317776,273,26437,40,61687,627,451523,665,389836,599,0.0842474583863689,0.6166561050624683,0.5324086466760992
2021-10-04,San Luis Obispo,079,281455.0,338173,827,178733,738,146416,78,12884,10,16538,103,178382,113,161844,178,0.058758949032705,0.633785152155762,0.575026203123057
2021-10-04,San Mateo,081,765935.0,1161990,2187,730421,1958,389380,185,41675,44,39778,271,605547,315,565769,312,0.0519339108409982,0.790598418925888,0.7386645080848897
2021-10-04,Santa Barbara,083,443738.0,558814,1063,333491,951,201166,85,23790,27,31277,198,300312,224,269035,268,0.0704852863626734,0.6767777382148926,0.6062924518522191
2021-10-04,Santa Clara,085,1922200.0,2952615,5337,1925505,4868,915339,391,107997,77,79881,719,1533983,795,1454102,897,0.0415570700239309,0.7980350639891791,0.7564779939652482
2021-10-04,Santa Cruz,087,273765.0,375512,486,187996,401,177091,76,10379,9,13502,83,195557,93,182055,129,0.0493196719814439,0.7143243292604972,0.6650046572790532
2021-10-04,Shasta,089,179085.0,148434,377,70261,296,70339,68,7780,12,11438,98,82387,110,70949,169,0.0638691124326437,0.4600441131306363,0.3961750006979925
2021-10-04,Sierra,091,2930.0,2990,4,406,4,2523,0,57,0,82,1,1547,1,1465,3,0.0279863481228668,0.5279863481228669,0.5
2021-10-04,Siskiyou,093,43540.0,39041,101,16796,57,21024,44,1184,0,2611,23,21007,23,18396,42,0.0599678456591639,0.482475884244373,0.422508038585209
2021-10-04,Solano,095,438530.0,545437,1521,309896,1403,220621,93,14871,25,38482,275,293410,300,254928,418,0.0877522632431076,0.6690762319567647,0.581323968713657
2021-10-04,Sonoma,097,501317.0,706843,1010,403068,910,281103,91,22611,9,27568,167,368874,176,341306,181,0.054991153302202,0.7358098767845495,0.6808187234823475
2021-10-04,Stanislaus,099,539301.0,570579,1561,336401,1349,215108,200,18735,12,44920,529,308863,542,263943,591,0.0832930033506335,0.5727098596145752,0.4894168562639416
2021-10-04,Sutter,101,95872.0,101484,170,44811,129,52131,38,4533,3,5986,46,55190,49,49204,68,0.0624374165554072,0.5756633845126836,0.5132259679572764
2021-10-04,Tehama,103,63373.0,48062,78,18703,39,27444,27,1906,12,2771,30,26125,42,23354,41,0.0437252457671248,0.4122418064475407,0.3685165606804159
2021-10-04,Trinity,105,12862.0,10661,8,2457,8,7488,0,711,0,699,2,5984,2,5285,6,0.0543461359042139,0.4652464624475198,0.4109003265433059
2021-10-04,Tulare,107,460477.0,434232,984,263854,803,158006,165,12281,16,29679,318,234823,334,205144,408,0.0644527305381159,0.5099559804289899,0.445503249890874
2021-10-04,Tuolumne,109,53932.0,55109,120,16502,76,37293,42,1309,2,2931,29,28709,31,25778,50,0.0543462137506489,0.5323184751168137,0.4779722613661648
2021-10-04,Ventura,111,848112.0,1103165,2035,609385,1783,454674,182,38690,70,46717,397,581528,468,534811,581,0.0550835267040202,0.685673590280529,0.6305900635765087
2021-10-04,Yolo,113,214977.0,278440,723,142819,665,127256,50,8329,8,13374,98,147046,106,133672,139,0.0622113063257929,0.6840080566758304,0.6217967503500375
2021-10-04,Yuba,115,75493.0,64308,125,26465,97,33931,23,3892,5,3969,36,35684,41,31715,67,0.0525744108725312,0.4726795861867988,0.4201051753142675
2021-10-03,Alameda,001,1643700.0,2385832,1483,1541347,1350,729363,117,114318,15,77336,259,1260556,273,1183220,327,0.0470499482874003,0.7669015027073067,0.7198515544199063
2021-10-03,Alpine,003,1148.0,1537,0,50,0,1481,0,6,0,97,0,793,0,696,0,0.0844947735191637,0.6907665505226481,0.6062717770034843
2021-10-03,Amador,005,37829.0,40406,32,12056,26,26827,6,1520,0,3142,8,21758,8,18616,6,0.083057971397605,0.5751671997673742,0.4921092283697692
2021-10-03,Butte,007,227075.0,209343,169,105834,140,94967,29,8521,0,11040,62,112392,62,101352,64,0.0486182979191896,0.4949554112077507,0.446337113288561
2021-10-03,Calaveras,009,45235.0,46982,45,20542,28,25007,11,1431,6,2627,10,24712,16,22085,22,0.0580744998341991,0.5463026417596993,0.4882281419255002
2021-10-03,Colusa,011,21464.0,22690,16,6503,13,15170,3,999,0,1335,8,12413,8,11078,7,0.0621971673499813,0.5783171822586657,0.5161200149086843
2021-10-03,Contra Costa,013,1133247.0,1688446,1487,1152114,1327,481248,141,54698,19,51188,360,875352,379,824164,331,0.0451693231925608,0.7724282526227734,0.7272589294302125
2021-10-03,Del Norte,015,27424.0,23454,7,9202,2,12906,5,1293,0,1625,5,12815,5,11190,2,0.0592546674445741,0.4672914235705951,0.408036756126021
2021-10-03,El Dorado,017,186661.0,216442,176,107990,160,100057,14,8369,2,10106,33,114682,35,104576,57,0.0541409292782102,0.6143865081618549,0.5602455788836447
2021-10-03,Fresno,019,978130.0,1062423,881,594634,725,429662,151,37597,5,65316,261,572559,266,507243,385,0.0667763998650486,0.5853608416059215,0.5185844417408729
2021-10-03,Glenn,021,27897.0,26610,26,12072,26,13100,0,1417,0,1282,10,14507,10,13225,15,0.0459547621608058,0.5200200738430656,0.4740653116822597
2021-10-03,Humboldt,023,135768.0,161535,93,84051,85,69255,8,8083,0,7652,23,86318,23,78666,29,0.0563608508632372,0.6357757350774851,0.5794148842142478
2021-10-03,Imperial,025,180216.0,264686,54,139225,46,109045,8,16379,0,25082,15,151543,15,126461,29,0.1391774315266125,0.8408964797798197,0.7017190482532073
2021-10-03,Inyo,027,18085.0,20093,1,7864,1,11489,0,582,0,874,1,10501,1,9627,0,0.0483273431020182,0.5806469449820293,0.532319601880011
2021-10-03,Kern,029,883053.0,813311,819,442157,658,335679,150,35248,11,56072,316,446293,327,390221,375,0.0634978874427695,0.5053977507578821,0.4418998633151124
2021-10-03,Kings,031,150075.0,115270,182,57490,155,52310,24,5429,3,8748,73,64056,76,55308,88,0.0582908545727136,0.4268265867066467,0.368535732133933
2021-10-03,Lake,033,64148.0,64198,56,21739,38,39470,18,2986,0,3990,20,35062,20,31072,29,0.0621999127018769,0.5465797842489244,0.4843798715470475
2021-10-03,Lassen,035,31185.0,14299,12,2442,11,10577,1,1266,0,956,4,8165,4,7209,8,0.0306557639890973,0.2618245951579285,0.2311688311688311
2021-10-03,Los Angeles,037,10098052.0,12975092,9667,7370820,8061,5102902,1510,496664,94,689735,2937,6940821,3034,6251086,3148,0.0683037678950356,0.6873425686459131,0.6190388007508775
2021-10-03,Madera,039,155013.0,147073,121,79908,100,61247,21,5824,0,8882,44,79708,44,70826,52,0.057298420132505,0.5142020346680601,0.456903614535555
2021-10-03,Marin,041,260295.0,417892,295,266799,272,137840,14,13228,9,12423,26,213856,34,201433,33,0.0477266178758716,0.821590887262529,0.7738642693866574
2021-10-03,Mariposa,043,17540.0,15026,4,3625,3,10763,1,616,0,2551,3,8953,3,6402,1,0.1454389965792474,0.5104332953249715,0.364994298745724
2021-10-03,Mendocino,045,87422.0,110679,53,62078,44,44870,9,3718,0,6639,9,58730,9,52091,20,0.0759419825673171,0.67179886069868,0.5958568781313628
2021-10-03,Merced,047,269075.0,258469,261,157052,207,90477,53,10085,1,26443,97,143024,98,116581,99,0.0982737155068289,0.5315395335872898,0.4332658180804608
2021-10-03,Modoc,049,8938.0,6612,2,1148,2,5017,0,437,0,291,1,3615,1,3324,1,0.0325576191541731,0.4044528977399865,0.3718952785858134
2021-10-03,Mono,051,14174.0,17404,4,9836,4,7147,0,356,0,640,1,8914,1,8274,0,0.0451530972202624,0.6288979822209679,0.5837448850007055
2021-10-03,Monterey,053,433212.0,549031,391,272327,324,252900,62,23093,5,29038,98,295678,103,266640,157,0.0670295375012695,0.6825249531407256,0.615495415639456
2021-10-03,Napa,055,140530.0,201463,165,109278,151,86275,12,5895,2,10358,32,106190,34,95832,44,0.0737066818472924,0.7556393652600868,0.6819326834127944
2021-10-03,Nevada,057,99092.0,117593,78,64236,66,49860,12,3450,0,6301,13,62177,13,55876,20,0.0635873733500181,0.6274674040285795,0.5638800306785613
2021-10-03,Orange,059,3164182.0,4186246,3233,2450566,2689,1604077,520,130339,23,173158,753,2193345,780,2020187,1094,0.0547244121861511,0.6931791534115295,0.6384547412253783
2021-10-03,Placer,061,380077.0,482270,372,285260,318,183602,43,13387,11,18508,65,250396,76,231888,130,0.0486953959329293,0.6588033477426942,0.6101079518097648
2021-10-03,Plumas,063,18699.0,18702,16,3114,12,14318,4,1228,0,855,7,10234,7,9379,4,0.0457243702871811,0.547301994759078,0.5015776244718969
2021-10-03,Riverside,065,2383286.0,2609606,2262,1560660,1926,972271,326,75476,10,147223,650,1388679,660,1241456,964,0.0617731149345903,0.5826740894714273,0.5209009745368369
2021-10-03,Sacramento,067,1510023.0,1847479,1777,1074504,1540,719060,210,53662,27,82514,468,971428,495,888914,563,0.0546442007836966,0.6433200024105593,0.5886758016268626
2021-10-03,San Benito,069,59416.0,77483,36,44357,28,29655,8,3362,0,4374,9,41911,9,37537,18,0.0736165342668641,0.7053823885822,0.6317658543153359
2021-10-03,San Bernardino,071,2135413.0,2173428,1838,1335665,1577,770972,249,66528,12,119422,613,1163192,625,1043770,789,0.0559245448070232,0.5447152377549448,0.4887906929479215
2021-10-03,San Diego,073,3302833.0,4543466,2902,2541080,2386,1828794,433,172374,83,268667,770,2479662,1141,2210995,1283,0.0813444094811938,0.7507682041447449,0.669423794663551
2021-10-03,San Francisco,075,870044.0,1354397,971,878499,909,419487,56,56035,6,39294,129,706202,135,666908,168,0.045163233123842,0.8116853860264538,0.7665221529026118
2021-10-03,San Joaquin,077,732212.0,836183,747,492237,573,317503,165,26397,9,61621,302,450858,310,389237,291,0.0841573205574341,0.6157478981497162,0.531590577592282
2021-10-03,San Luis Obispo,079,281455.0,337346,356,177995,302,146338,54,12874,0,16603,61,178269,61,161666,79,0.0589898918121902,0.6333836670160417,0.5743937752038514
2021-10-03,San Mateo,081,765935.0,1159803,770,728463,697,389195,66,41631,7,39775,112,605232,119,565457,172,0.0519299940595481,0.7901871568736251,0.7382571628140769
2021-10-03,Santa Barbara,083,443738.0,557751,528,332540,475,201081,49,23763,4,31321,141,300088,145,268767,180,0.0705844439736961,0.6762729358315042,0.6056884918578079
2021-10-03,Santa Clara,085,1922200.0,2947278,1748,1920637,1530,914948,178,107920,40,79983,388,1533188,428,1453205,403,0.0416101342212048,0.7976214753927791,0.7560113411715742
2021-10-03,Santa Cruz,087,273765.0,375026,231,187595,197,177015,32,10370,2,13538,41,195464,43,181926,73,0.049451171625299,0.7139846218472047,0.6645334502219057
2021-10-03,Shasta,089,179085.0,148057,189,69965,141,70271,48,7768,0,11497,56,82277,56,70780,89,0.0641985649272691,0.4594298796660803,0.3952313147388112
2021-10-03,Sierra,091,2930.0,2986,3,402,1,2523,2,57,0,84,1,1546,1,1462,0,0.0286689419795221,0.5276450511945392,0.498976109215017
2021-10-03,Siskiyou,093,43540.0,38940,24,16739,22,20980,2,1184,0,2630,8,20984,8,18354,6,0.0604042259990813,0.4819476343592099,0.4215434083601286
2021-10-03,Solano,095,438530.0,543916,345,308493,286,220528,51,14846,8,38600,99,293110,107,254510,148,0.0880213440357558,0.6683921282466422,0.5803707842108864
2021-10-03,Sonoma,097,501317.0,705833,317,402158,275,281012,42,22602,0,27573,63,368698,63,341125,64,0.0550011270313993,0.7354588015168048,0.6804576744854054
2021-10-03,Stanislaus,099,539301.0,569018,593,335052,490,214908,100,18723,3,44969,214,308321,217,263352,256,0.083383861702463,0.5717048549882162,0.4883209932857532
2021-10-03,Sutter,101,95872.0,101314,105,44682,69,52093,35,4530,1,6005,24,55141,25,49136,65,0.0626355974632843,0.5751522863818425,0.5125166889185581
2021-10-03,Tehama,103,63373.0,47984,35,18664,22,27417,13,1894,0,2770,16,26083,16,23313,17,0.0437094661764473,0.4115790636390892,0.3678695974626418
2021-10-03,Trinity,105,12862.0,10653,6,2449,6,7488,0,711,0,703,2,5982,2,5279,4,0.0546571295288446,0.4650909656352044,0.4104338361063598
2021-10-03,Tulare,107,460477.0,433248,474,263051,382,157841,87,12265,5,29753,141,234489,146,204736,229,0.0646134334613889,0.5092306456131359,0.444617212151747
2021-10-03,Tuolumne,109,53932.0,54989,29,16426,14,37251,12,1307,3,2950,5,28678,8,25728,20,0.05469850923385,0.53174367722317,0.4770451679893199
2021-10-03,Ventura,111,848112.0,1101130,950,607602,846,454492,94,38620,9,46830,202,581060,211,534230,299,0.0552167638236459,0.6851217763691588,0.6299050125455129
2021-10-03,Yolo,113,214977.0,277717,151,142154,131,127206,19,8321,1,13407,35,146940,36,133533,41,0.062364811119329,0.683514980672351,0.6211501695530219
2021-10-03,Yuba,115,75493.0,64183,67,26368,46,33908,21,3887,0,3995,21,35643,21,31648,35,0.0529188136648431,0.4721364894758454,0.4192176758110023
2021-10-02,Alameda,001,1643700.0,2384349,3366,1539997,3056,729246,239,114303,69,77390,480,1260283,546,1182893,714,0.0470828009977489,0.7667354140049888,0.7196526130072398
2021-10-02,Alpine,003,1148.0,1537,0,50,0,1481,0,6,0,97,0,793,0,696,0,0.0844947735191637,0.6907665505226481,0.6062717770034843
2021-10-02,Amador,005,37829.0,40374,89,12030,71,26821,17,1520,1,3140,30,21750,31,18610,13,0.0830051019059451,0.5749557218007348,0.4919506198947897
2021-10-02,Butte,007,227075.0,209174,235,105694,192,94938,42,8521,1,11042,62,112330,63,101288,115,0.0486271055818562,0.4946823736650886,0.4460552680832324
2021-10-02,Calaveras,009,45235.0,46937,70,20514,63,24996,7,1425,0,2633,26,24696,26,22063,14,0.0582071404885597,0.5459489333480712,0.4877417928595114
2021-10-02,Colusa,011,21464.0,22674,12,6490,9,15167,3,999,0,1334,4,12405,4,11071,6,0.0621505777115169,0.5779444651509504,0.5157938874394334
2021-10-02,Contra Costa,013,1133247.0,1686959,2331,1150787,2097,481107,183,54679,50,51140,442,874973,493,823833,486,0.045126967024841,0.7720938153818188,0.7269668483569778
2021-10-02,Del Norte,015,27424.0,23447,20,9200,12,12901,8,1293,0,1622,6,12810,6,11188,8,0.0591452742123687,0.4671091015169195,0.4079638273045508
2021-10-02,El Dorado,017,186661.0,216266,220,107830,191,100043,28,8367,1,10128,42,114647,42,104519,64,0.0542587899989821,0.6141990024697178,0.5599402124707357
2021-10-02,Fresno,019,978130.0,1061542,1742,593909,1476,429511,241,37592,24,65435,548,572293,569,506858,697,0.0668980605849938,0.5850888941142793,0.5181908335292855
2021-10-02,Glenn,021,27897.0,26584,27,12046,26,13100,1,1417,0,1287,6,14497,6,13210,15,0.0461339929024626,0.519661612359752,0.4735276194572893
2021-10-02,Humboldt,023,135768.0,161442,255,83966,198,69247,48,8083,9,7658,39,86295,48,78637,72,0.0564050438984149,0.6356063284426374,0.5792012845442225
2021-10-02,Imperial,025,180216.0,264632,136,139179,115,109037,12,16379,9,25096,46,151528,55,126432,51,0.1392551160829227,0.8408132463266302,0.7015581302437075
2021-10-02,Inyo,027,18085.0,20092,15,7863,13,11489,2,582,0,873,1,10500,1,9627,1,0.0482720486591097,0.5805916505391209,0.532319601880011
2021-10-02,Kern,029,883053.0,812492,1410,441499,1145,335529,245,35237,20,56120,459,445966,479,389846,668,0.0635522443160263,0.5050274445588203,0.441475200242794
2021-10-02,Kings,031,150075.0,115088,228,57335,169,52286,44,5426,15,8760,101,63980,116,55220,101,0.0583708145927036,0.4263201732467099,0.3679493586540063
2021-10-02,Lake,033,64148.0,64142,61,21701,49,39452,11,2986,1,3999,22,35042,23,31043,27,0.0623402132568435,0.5462680052378874,0.4839277919810438
2021-10-02,Lassen,035,31185.0,14287,12,2431,11,10576,1,1266,0,960,8,8161,8,7201,4,0.0307840307840307,0.261696328362995,0.2309122975789642
2021-10-02,Los Angeles,037,10098052.0,12965425,19208,7362759,16375,5101392,2451,496570,374,689849,5612,6937787,5980,6247938,6098,0.0683150572011314,0.6870421146573616,0.6187270574562301
2021-10-02,Madera,039,155013.0,146952,237,79808,200,61226,34,5824,3,8890,89,79664,92,70774,91,0.0573500287072697,0.5139181875068543,0.4565681587995845
2021-10-02,Marin,041,260295.0,417597,697,266527,659,137826,35,13219,3,12422,65,213822,68,201400,57,0.047722776080985,0.8214602662363857,0.7737374901554006
2021-10-02,Mariposa,043,17540.0,15022,3,3622,3,10762,0,616,0,2549,2,8950,2,6401,0,0.1453249714937286,0.5102622576966933,0.3649372862029647
2021-10-02,Mendocino,045,87422.0,110626,176,62034,151,44861,24,3718,1,6650,24,58721,25,52071,30,0.0760678090183249,0.6716959117842191,0.5956281027658942
2021-10-02,Merced,047,269075.0,258208,336,156845,255,90424,72,10084,9,26444,119,142926,127,116482,136,0.0982774319427668,0.5311753228653721,0.4328978909226052
2021-10-02,Modoc,049,8938.0,6610,5,1146,3,5017,2,437,0,291,3,3614,3,3323,2,0.0325576191541731,0.4043410158872231,0.3717833967330499
2021-10-02,Mono,051,14174.0,17400,9,9832,9,7147,0,356,0,639,0,8913,0,8274,1,0.0450825455058557,0.6288274305065613,0.5837448850007055
2021-10-02,Monterey,053,433212.0,548640,657,272003,543,252838,104,23088,10,29092,198,295575,208,266483,267,0.0671541877879652,0.6822871942605468,0.6151330064725815
2021-10-02,Napa,055,140530.0,201298,159,109127,145,86263,13,5893,1,10368,21,106156,22,95788,42,0.0737778410303849,0.755397424037572,0.6816195830071871
2021-10-02,Nevada,057,99092.0,117515,97,64170,83,49848,13,3450,1,6308,12,62164,13,55856,25,0.0636580147741492,0.627336212812336,0.5636781980381868
2021-10-02,Orange,059,3164182.0,4183013,4977,2447877,4121,1603557,764,130316,92,173472,1117,2192565,1208,2019093,1638,0.0548236479443976,0.6929326442031464,0.6381089962587487
2021-10-02,Placer,061,380077.0,481898,609,284942,554,183559,48,13376,7,18562,88,250320,95,231758,171,0.048837472406907,0.6586033882607998,0.6097659158538927
2021-10-02,Plumas,063,18699.0,18686,7,3102,4,14314,3,1228,0,852,2,10227,2,9375,4,0.0455639339002085,0.5469276431894754,0.5013637092892668
2021-10-02,Riverside,065,2383286.0,2607344,3874,1558734,3288,971945,534,75466,49,147527,1046,1388019,1098,1240492,1657,0.0619006699154025,0.5823971608946639,0.5204964909792614
2021-10-02,Sacramento,067,1510023.0,1845702,2699,1072964,2325,718850,338,53635,35,82582,600,970933,633,888351,909,0.054689233210355,0.6429921928341489,0.5883029596237939
2021-10-02,San Benito,069,59416.0,77447,57,44329,46,29647,9,3362,2,4383,22,41902,24,37519,25,0.0737680086172074,0.7052309142318567,0.6314629056146492
2021-10-02,San Bernardino,071,2135413.0,2171590,3378,1334088,2938,770723,399,66516,41,119586,954,1162567,996,1042981,1376,0.0560013449388947,0.5444225543255566,0.4884212093866619
2021-10-02,San Diego,073,3302833.0,4540564,4822,2538694,4109,1828361,611,172291,99,268809,1223,2478521,1731,2209712,2153,0.0813874028750469,0.7504227431420238,0.6690353402669769
2021-10-02,San Francisco,075,870044.0,1353426,1394,877590,1261,419431,106,56029,27,39327,194,706067,220,666740,261,0.0452011622400706,0.811530221460064,0.7663290592199935
2021-10-02,San Joaquin,077,732212.0,835436,1118,491664,931,317338,180,26388,7,61602,349,450548,356,388946,418,0.0841313717884984,0.6153245234986588,0.5311931517101605
2021-10-02,San Luis Obispo,079,281455.0,336990,559,177693,513,146284,38,12874,8,16621,60,178208,68,161587,103,0.0590538451972784,0.6331669360999094,0.574113090902631
2021-10-02,San Mateo,081,765935.0,1159033,1440,727766,1278,389129,123,41624,38,39828,185,605113,221,565285,317,0.0519991905318336,0.7900317912094368,0.7380326006776032
2021-10-02,Santa Barbara,083,443738.0,557223,647,332065,581,201032,58,23759,8,31356,129,299943,137,268587,202,0.0706633193461006,0.6759461664315429,0.6052828470854423
2021-10-02,Santa Clara,085,1922200.0,2945530,3571,1919107,3219,914770,286,107880,60,79958,516,1532760,576,1452802,788,0.0415971282905004,0.7973988138591197,0.7558016855686193
2021-10-02,Santa Cruz,087,273765.0,374795,274,187398,241,176983,30,10368,3,13568,62,195421,65,181853,76,0.049560754661845,0.7138275528281556,0.6642667981663105
2021-10-02,Shasta,089,179085.0,147868,229,69824,162,70223,62,7768,5,11530,57,82221,62,70691,115,0.0643828349666359,0.4591171789932155,0.3947343440265795
2021-10-02,Sierra,091,2930.0,2983,0,401,0,2521,0,57,0,83,0,1545,0,1462,0,0.0283276450511945,0.5273037542662116,0.498976109215017
2021-10-02,Siskiyou,093,43540.0,38916,30,16717,28,20978,2,1184,0,2628,6,20976,6,18348,12,0.0603582912264584,0.4817638952687184,0.42140560404226
2021-10-02,Solano,095,438530.0,543571,545,308207,481,220477,62,14838,2,38641,138,293003,140,254362,164,0.0881148382094725,0.6681481312566985,0.580033293047226
2021-10-02,Sonoma,097,501317.0,705516,1139,401883,1030,280970,89,22602,20,27574,184,368635,204,341061,208,0.0550031217772387,0.7353331325289189,0.6803300107516801
2021-10-02,Stanislaus,099,539301.0,568425,1057,334562,887,214808,157,18720,12,45008,297,308104,310,263096,364,0.0834561775335109,0.571302482287257,0.4878463047537461
2021-10-02,Sutter,101,95872.0,101209,156,44613,105,52058,48,4529,3,6045,37,55116,40,49071,92,0.0630528204272363,0.5748915220293725,0.5118387016021362
2021-10-02,Tehama,103,63373.0,47949,49,18642,34,27404,14,1894,1,2771,24,26067,25,23296,20,0.0437252457671248,0.4113265901882505,0.3676013444211257
2021-10-02,Trinity,105,12862.0,10647,18,2443,15,7488,3,711,0,705,9,5980,9,5275,4,0.05481262634116,0.4649354688228891,0.4101228424817291
2021-10-02,Tulare,107,460477.0,432774,884,262669,766,157754,108,12260,10,29836,265,234343,275,204507,420,0.0647936813347898,0.5089135830888405,0.4441199017540507
2021-10-02,Tuolumne,109,53932.0,54960,58,16412,42,37239,15,1304,1,2962,14,28670,15,25708,28,0.0549210116442928,0.5315953422828747,0.4766743306385819
2021-10-02,Ventura,111,848112.0,1100180,1375,606756,1198,454398,150,38611,27,46918,285,580849,312,533931,398,0.0553205237044164,0.6848729884732205,0.6295524647688041
2021-10-02,Yolo,113,214977.0,277566,222,142023,188,127187,32,8320,2,13412,45,146904,47,133492,63,0.0623880694213799,0.6833475208975844,0.6209594514762045
2021-10-02,Yuba,115,75493.0,64116,107,26322,76,33887,25,3887,6,4009,30,35622,36,31613,64,0.0531042613222417,0.4718583179897473,0.4187540566675056
2021-10-01,Alameda,001,1643700.0,2380983,6954,1536941,6387,729007,493,114234,74,77558,924,1259737,998,1182179,1265,0.0471850094299446,0.7664032366003528,0.7192182271704082
2021-10-01,Alpine,003,1148.0,1537,1,50,1,1481,0,6,0,97,0,793,0,696,1,0.0844947735191637,0.6907665505226481,0.6062717770034843
2021-10-01,Amador,005,37829.0,40285,150,11959,133,26804,12,1519,5,3122,19,21719,24,18597,37,0.0825292764810066,0.5741362446800075,0.4916069681990008
2021-10-01,Butte,007,227075.0,208939,648,105502,474,94896,136,8520,38,11094,140,112267,176,101173,231,0.0488561048111857,0.4944049322910932,0.4455488274799075
2021-10-01,Calaveras,009,45235.0,46867,159,20451,130,24989,25,1425,4,2621,42,24670,46,22049,46,0.0579418591798386,0.5453741571791754,0.4874322979993368
2021-10-01,Colusa,011,21464.0,22662,58,6481,35,15164,20,999,2,1336,14,12401,16,11065,33,0.0622437569884457,0.5777581065970928,0.5155143496086471
2021-10-01,Contra Costa,013,1133247.0,1684628,5210,1148690,4650,480924,459,54629,99,51133,1036,874480,1136,823347,1099,0.0451207900837152,0.7716587822425297,0.7265379921588144
2021-10-01,Del Norte,015,27424.0,23427,107,9188,78,12893,24,1293,4,1624,23,12804,27,11180,32,0.0592182030338389,0.4668903150525088,0.4076721120186697
2021-10-01,El Dorado,017,186661.0,216046,688,107639,618,100015,62,8366,8,10150,107,114605,114,104455,145,0.0543766507197539,0.6139739956391533,0.5595973449193994
2021-10-01,Fresno,019,978130.0,1059800,3293,592433,2652,429270,593,37568,48,65563,843,571724,891,506161,1300,0.0670289225358592,0.5845071718483228,0.5174782493124636
2021-10-01,Glenn,021,27897.0,26557,93,12020,78,13099,11,1417,4,1296,31,14491,35,13195,41,0.0464566082374448,0.5194465354697638,0.4729899272323188
2021-10-01,Humboldt,023,135768.0,161187,516,83768,416,69199,92,8074,8,7682,64,86247,72,78565,133,0.0565818160391255,0.6352527841612162,0.5786709681220906
2021-10-01,Imperial,025,180216.0,264496,557,139064,463,109025,74,16370,20,25092,140,151473,161,126381,202,0.1392329204954055,0.8405080569982687,0.7012751365028632
2021-10-01,Inyo,027,18085.0,20077,61,7850,52,11487,9,582,0,873,20,10499,20,9626,11,0.0482720486591097,0.5805363560962123,0.5322643074371026
2021-10-01,Kern,029,883053.0,811082,2803,440354,2180,335284,547,35217,75,56309,791,445487,864,389178,1239,0.0637662745044748,0.5044850082611123,0.4407187337566375
2021-10-01,Kings,031,150075.0,114860,398,57166,303,52242,83,5411,11,8745,106,63864,117,55119,189,0.0582708645677161,0.4255472263868066,0.3672763618190904
2021-10-01,Lake,033,64148.0,64081,171,21652,122,39441,38,2985,11,4003,36,35019,47,31016,83,0.0624025690590509,0.5459094593751949,0.4835068903161439
2021-10-01,Lassen,035,31185.0,14275,36,2420,21,10575,13,1266,2,956,18,8153,20,7197,15,0.0306557639890973,0.2614397947731281,0.2307840307840307
2021-10-01,Los Angeles,037,10098052.0,12946217,37600,7346384,32467,5098941,4411,496196,685,689967,8570,6931807,9244,6241840,10095,0.0683267426232307,0.6864499212323327,0.618123178609102
2021-10-01,Madera,039,155013.0,146715,372,79608,295,61192,69,5821,8,8889,90,79572,98,70683,148,0.0573435776354241,0.5133246888970603,0.4559811112616361
2021-10-01,Marin,041,260295.0,416900,1130,265868,1054,137791,64,13216,12,12411,85,213754,97,201343,103,0.0476805163372327,0.8211990241840988,0.773518507846866
2021-10-01,Mariposa,043,17540.0,15019,21,3619,15,10762,5,616,1,2547,2,8948,3,6401,7,0.1452109464082098,0.5101482326111745,0.3649372862029647
2021-10-01,Mendocino,045,87422.0,110450,1134,61883,1017,44837,107,3717,10,6655,117,58696,127,52041,184,0.076125002859692,0.6714099425773833,0.5952849397176913
2021-10-01,Merced,047,269075.0,257872,810,156590,625,90352,176,10075,8,26453,259,142799,266,116346,280,0.0983108798662083,0.5307033355012543,0.4323924556350459
2021-10-01,Modoc,049,8938.0,6605,4,1143,2,5015,2,437,0,290,1,3611,1,3321,1,0.0324457373014097,0.4040053703289326,0.3715596330275229
2021-10-01,Mono,051,14174.0,17391,105,9823,100,7147,5,356,0,640,11,8913,11,8273,25,0.0451530972202624,0.6288274305065613,0.5836743332862988
2021-10-01,Monterey,053,433212.0,547983,1233,271460,932,252734,284,23078,16,29151,334,295367,350,266216,425,0.0672903797678734,0.6818070598229042,0.6145166800550308
2021-10-01,Napa,055,140530.0,201139,377,108982,327,86250,45,5892,4,10388,48,106134,52,95746,68,0.0739201593965701,0.7552408738347683,0.6813207144381983
2021-10-01,Nevada,057,99092.0,117418,391,64087,356,49835,34,3449,1,6320,50,62151,52,55831,84,0.063779114358374,0.6272050215960925,0.5634259072377185
2021-10-01,Orange,059,3164182.0,4178036,11961,2443756,10342,1602793,1409,130224,199,173902,1984,2191357,2185,2017455,2880,0.0549595440464549,0.6925508709675993,0.6375913269211443
2021-10-01,Placer,061,380077.0,481289,1715,284388,1545,183511,153,13369,17,18638,257,250225,273,231587,371,0.0490374318888014,0.6583534389084317,0.6093160070196302
2021-10-01,Plumas,063,18699.0,18679,33,3098,25,14311,8,1228,0,854,8,10225,8,9371,14,0.0456708914915236,0.5468206855981603,0.5011497941066367
2021-10-01,Riverside,065,2383286.0,2603470,8424,1555446,7337,971411,939,75417,141,148086,1838,1386921,1984,1238835,2744,0.062135220028146,0.5819364524442303,0.5198012324160843
2021-10-01,Sacramento,067,1510023.0,1843003,6465,1070639,5727,718512,620,53600,117,82858,1149,970300,1265,887442,1696,0.0548720118832627,0.6425729939212846,0.5877009820380219
2021-10-01,San Benito,069,59416.0,77390,195,44283,169,29638,25,3360,1,4384,53,41878,54,37494,74,0.0737848391005789,0.7048269826309411,0.6310421435303621
2021-10-01,San Bernardino,071,2135413.0,2168212,6792,1331150,5799,770324,825,66475,167,119966,1686,1161571,1852,1041605,2422,0.0561792964639627,0.5439561340124838,0.4877768375485211
2021-10-01,San Diego,073,3302833.0,4535742,11631,2534585,9922,1827750,1433,172192,270,269231,2173,2476790,3572,2207559,4081,0.0815151719750892,0.749898647615547,0.6683834756404577
2021-10-01,San Francisco,075,870044.0,1352032,3193,876329,2867,419325,286,56002,40,39368,314,705847,351,666479,465,0.0452482862935667,0.8112773606852067,0.7660290743916399
2021-10-01,San Joaquin,077,732212.0,834318,2596,490733,2191,317158,375,26381,30,61664,687,450192,717,388528,888,0.0842160467187098,0.6148383255122833,0.5306222787935735
2021-10-01,San Luis Obispo,079,281455.0,336431,882,177180,715,146246,155,12866,10,16656,148,178140,158,161484,197,0.0591781990016165,0.6329253344229095,0.573747135421293
2021-10-01,San Mateo,081,765935.0,1157593,2971,726488,2660,389006,252,41586,59,39924,324,604892,383,564968,444,0.0521245275382375,0.7897432549759444,0.7376187274377068
2021-10-01,Santa Barbara,083,443738.0,556576,1876,331484,1513,200974,265,23751,98,31421,424,299806,519,268385,517,0.070809802180566,0.6756374256881312,0.6048276235075652
2021-10-01,Santa Clara,085,1922200.0,2941959,7127,1915888,6384,914484,630,107820,109,80170,884,1532184,989,1452014,1218,0.0417074185828737,0.7970991572156904,0.7553917386328166
2021-10-01,Santa Cruz,087,273765.0,374521,837,187157,673,176953,153,10365,11,13579,131,195356,142,181777,157,0.0496009351085785,0.7135901229156393,0.6639891878070608
2021-10-01,Shasta,089,179085.0,147639,598,69662,437,70161,112,7763,49,11583,129,82159,177,70576,263,0.0646787838177401,0.4587709746768294,0.3940921908590892
2021-10-01,Sierra,091,2930.0,2983,3,401,3,2521,0,57,0,83,2,1545,2,1462,1,0.0283276450511945,0.5273037542662116,0.498976109215017
2021-10-01,Siskiyou,093,43540.0,38886,106,16689,63,20976,38,1184,5,2634,24,20970,29,18336,32,0.060496095544327,0.4816260909508498,0.4211299954065227
2021-10-01,Solano,095,438530.0,543026,1647,307726,1446,220415,180,14836,21,38665,307,292863,328,254198,506,0.0881695665062823,0.6678288828586414,0.579659316352359
2021-10-01,Sonoma,097,501317.0,704377,1780,400853,1570,280881,180,22582,29,27578,282,368431,312,340853,350,0.0550111007605965,0.7349262043776692,0.6799151036170726
2021-10-01,Stanislaus,099,539301.0,567368,1887,333675,1419,214651,435,18708,32,45062,543,307794,577,262732,734,0.0835563071457312,0.5707276641430296,0.4871713569972983
2021-10-01,Sutter,101,95872.0,101053,259,44508,158,52010,94,4526,7,6097,84,55076,91,48979,127,0.0635952102803738,0.5744742990654206,0.5108790887850467
2021-10-01,Tehama,103,63373.0,47900,127,18608,56,27390,68,1893,3,2766,45,26042,48,23276,61,0.0436463478137377,0.410932100421315,0.3672857526075773
2021-10-01,Trinity,105,12862.0,10629,28,2428,23,7485,3,711,2,700,10,5971,12,5271,11,0.0544238843103716,0.4642357331674701,0.4098118488570984
2021-10-01,Tulare,107,460477.0,431890,1410,261903,1119,157646,267,12250,22,29981,426,234068,448,204087,640,0.0651085721979599,0.5083163762793799,0.4432078040814199
2021-10-01,Tuolumne,109,53932.0,54902,252,16370,195,37224,56,1303,1,2975,43,28655,44,25680,71,0.0551620559222724,0.5313172142698213,0.4761551583475488
2021-10-01,Ventura,111,848112.0,1098805,3137,605558,2745,454248,309,38584,78,47004,549,580537,626,533533,857,0.0554219254060784,0.6845051125323071,0.6290831871262286
2021-10-01,Yolo,113,214977.0,277344,803,141835,737,127155,63,8318,3,13428,128,146857,130,133429,163,0.0624624959879428,0.6831288928583058,0.6206663968703628
2021-10-01,Yuba,115,75493.0,64009,193,26246,111,33862,71,3881,11,4037,47,35586,58,31549,116,0.0534751566370391,0.4713814525850078,0.4179062959479687
2021-09-30,Alameda,001,1643700.0,2374029,6288,1530554,5757,728514,450,114160,78,77825,814,1258739,893,1180914,1087,0.0473474478311127,0.7657960698424287,0.718448622011316
2021-09-30,Alpine,003,1148.0,1536,2,49,2,1481,0,6,0,98,1,793,1,695,0,0.0853658536585365,0.6907665505226481,0.6054006968641115
2021-09-30,Amador,005,37829.0,40135,128,11826,101,26792,20,1514,7,3135,31,21695,39,18560,39,0.0828729281767955,0.5735018107800893,0.4906288826032938
2021-09-30,Butte,007,227075.0,208291,562,105028,450,94760,86,8482,26,11149,112,112091,138,100942,191,0.049098315534515,0.4936298579764395,0.4445315424419245
2021-09-30,Calaveras,009,45235.0,46708,136,20321,93,24964,37,1421,6,2621,35,24624,41,22003,54,0.0579418591798386,0.5443572454957445,0.4864153863159058
2021-09-30,Colusa,011,21464.0,22604,47,6446,32,15144,13,997,2,1353,20,12385,22,11032,25,0.0630357808423406,0.5770126723816623,0.5139768915393217
2021-09-30,Contra Costa,013,1133247.0,1679418,4776,1144040,4294,480465,387,54530,95,51096,902,873344,995,822248,973,0.0450881405377644,0.7706563529398269,0.7255682124020624
2021-09-30,Del Norte,015,27424.0,23320,100,9110,85,12869,14,1289,1,1629,13,12777,14,11148,35,0.0594005250875145,0.4659057759626604,0.4065052508751459
2021-09-30,El Dorado,017,186661.0,215358,719,107021,615,99953,74,8358,30,10181,86,114491,116,104310,152,0.0545427271899325,0.6133632628133354,0.5588205356234028
2021-09-30,Fresno,019,978130.0,1056507,3307,589781,2621,428677,602,37520,81,65972,839,570833,916,504861,1240,0.0674470673632339,0.5835962499872205,0.5161491826239866
2021-09-30,Glenn,021,27897.0,26464,72,11942,41,13088,18,1413,13,1302,30,14456,43,13154,36,0.046671685127433,0.5181919202781661,0.471520235150733
2021-09-30,Humboldt,023,135768.0,160671,440,83352,354,69107,73,8066,13,7743,64,86175,76,78432,120,0.057031111896765,0.6347224677390844,0.5776913558423192
2021-09-30,Imperial,025,180216.0,263939,516,138601,431,108951,76,16350,9,25133,138,151312,147,126179,185,0.1394604252674568,0.8396146846007014,0.7001542593332446
2021-09-30,Inyo,027,18085.0,20016,60,7798,51,11478,9,582,0,864,16,10479,16,9615,9,0.0477743986729333,0.5794304672380426,0.5316560685651092
2021-09-30,Kern,029,883053.0,808279,2289,438174,1760,334737,444,35142,85,56684,668,444623,752,387939,1111,0.0641909375767932,0.5035065845424906,0.4393156469656974
2021-09-30,Kings,031,150075.0,114462,337,56863,253,52159,76,5400,8,8817,110,63747,118,54930,155,0.0587506246876561,0.424767616191904,0.3660169915042479
2021-09-30,Lake,033,64148.0,63910,178,21530,110,39403,67,2974,1,4039,47,34972,48,30933,69,0.0629637712789175,0.545176778699258,0.4822130074203404
2021-09-30,Lassen,035,31185.0,14239,44,2399,29,10562,14,1264,1,951,19,8133,20,7182,17,0.0304954304954304,0.2607984607984608,0.2303030303030303
2021-09-30,Los Angeles,037,10098052.0,12908617,33272,7313917,28554,5094530,4014,495511,683,690818,7541,6922563,8217,6231745,8934,0.0684110163029463,0.685534497148559,0.6171234808456126
2021-09-30,Madera,039,155013.0,146343,452,79313,335,61123,100,5813,16,8939,118,79474,133,70535,193,0.0576661312277034,0.5126924838561927,0.4550263526284892
2021-09-30,Marin,041,260295.0,415770,1174,264814,1119,137727,45,13204,10,12417,73,213657,82,201240,109,0.0477035671065521,0.8208263700801014,0.7731228029735493
2021-09-30,Mariposa,043,17540.0,14998,70,3604,52,10757,17,615,1,2551,28,8945,29,6394,18,0.1454389965792474,0.5099771949828963,0.3645381984036488
2021-09-30,Mendocino,045,87422.0,109316,224,60866,163,44730,59,3707,2,6712,51,58569,53,51857,63,0.0767770126512777,0.6699572190066574,0.5931802063553796
2021-09-30,Merced,047,269075.0,257062,932,155965,801,90176,117,10067,14,26467,289,142533,304,116066,365,0.0983629099693394,0.5297147635417635,0.431351853572424
2021-09-30,Modoc,049,8938.0,6601,41,1141,12,5013,22,437,7,290,13,3610,20,3320,21,0.0324457373014097,0.4038934884761692,0.3714477511747595
2021-09-30,Mono,051,14174.0,17286,50,9723,45,7142,4,356,1,654,7,8902,8,8248,7,0.0461408212219556,0.6280513616480881,0.5819105404261323
2021-09-30,Monterey,053,433212.0,546750,1316,270528,980,252450,319,23062,14,29226,300,295017,314,265791,447,0.0674635051660618,0.680999141298025,0.6135356361319632
2021-09-30,Napa,055,140530.0,200762,747,108655,663,86205,79,5888,5,10404,85,106082,90,95678,117,0.0740340140895182,0.754870846082687,0.6808368319931687
2021-09-30,Nevada,057,99092.0,117027,386,63731,349,49801,30,3448,7,6352,43,62099,50,55747,77,0.0641020465829734,0.6266802567311186,0.5625782101481451
2021-09-30,Orange,059,3164182.0,4166075,9902,2433414,8657,1601384,1047,130025,193,174597,1622,2189172,1814,2014575,2315,0.0551791900718732,0.6918603291466799,0.6366811390748067
2021-09-30,Placer,061,380077.0,479574,1749,282843,1586,183358,125,13352,38,18736,236,249952,272,231216,404,0.0492952743786127,0.6576351634011003,0.6083398890224876
2021-09-30,Plumas,063,18699.0,18646,58,3073,46,14303,6,1228,6,860,9,10217,14,9357,31,0.0459917642654687,0.5463928552329002,0.5004010909674315
2021-09-30,Riverside,065,2383286.0,2595046,7644,1548109,6616,970472,893,75276,132,148846,1662,1384937,1795,1236091,2427,0.0624541074801765,0.5811039883589296,0.5186498808787531
2021-09-30,Sacramento,067,1510023.0,1836538,5945,1064912,5204,717892,616,53483,125,83289,1059,969035,1185,885746,1537,0.0551574379992887,0.6417352583371246,0.5865778203378359
2021-09-30,San Benito,069,59416.0,77195,192,44114,146,29613,37,3359,9,4404,58,41824,67,37420,82,0.0741214487680086,0.7039181365288811,0.6297966877608725
2021-09-30,San Bernardino,071,2135413.0,2161420,6235,1325351,5416,769499,690,66308,129,120536,1519,1159719,1645,1039183,2022,0.0564462237515646,0.5430888544745208,0.4866426307229561
2021-09-30,San Diego,073,3302833.0,4524111,10447,2524663,9038,1826317,1199,171922,208,269740,2108,2473218,3339,2203478,3800,0.081669282098126,0.7488171518208762,0.6671478697227501
2021-09-30,San Francisco,075,870044.0,1348839,2876,873462,2545,419039,244,55962,87,39482,326,705496,401,666014,436,0.0453793141496292,0.8108739328125933,0.7654946186629642
2021-09-30,San Joaquin,077,732212.0,831722,2449,488542,1979,316783,397,26351,73,61835,683,449475,748,387640,778,0.0844495856391318,0.6138591009161282,0.5294095152769963
2021-09-30,San Luis Obispo,079,281455.0,335549,984,176465,823,146091,132,12856,28,16695,128,177982,155,161287,247,0.0593167646693077,0.6323639658204686,0.5730472011511609
2021-09-30,San Mateo,081,765935.0,1154622,2845,723828,2599,388754,188,41527,57,39985,312,604509,368,564524,462,0.0522041687610567,0.7892432125441454,0.7370390437830886
2021-09-30,Santa Barbara,083,443738.0,554700,1346,329971,1190,200709,135,23653,20,31419,297,299287,320,267868,389,0.0708052950164286,0.674467816594477,0.6036625215780483
2021-09-30,Santa Clara,085,1922200.0,2934832,6488,1909504,5877,913854,492,107711,116,80399,862,1531195,977,1450796,1039,0.0418265529081261,0.7965846425970242,0.7547580896888981
2021-09-30,Santa Cruz,087,273765.0,373684,896,186484,754,176800,123,10354,19,13594,97,195214,117,181620,177,0.0496557266268515,0.7130714298759885,0.663415703249137
2021-09-30,Shasta,089,179085.0,147041,599,69225,418,70049,149,7714,32,11669,117,81982,149,70313,274,0.0651590027082111,0.457782617192953,0.3926236144847418
2021-09-30,Sierra,091,2930.0,2980,18,398,12,2521,6,57,0,82,3,1543,3,1461,13,0.0279863481228668,0.5266211604095563,0.4986348122866894
2021-09-30,Siskiyou,093,43540.0,38780,73,16626,54,20938,19,1179,0,2637,10,20941,10,18304,35,0.0605649977032613,0.4809600367478181,0.4203950390445567
2021-09-30,Solano,095,438530.0,541379,1723,306280,1527,220235,180,14815,16,38843,299,292535,315,253692,464,0.088575468040955,0.6670809294689075,0.5785054614279524
2021-09-30,Sonoma,097,501317.0,702597,1671,399283,1495,280701,146,22553,30,27616,215,368119,244,340503,356,0.055086901102496,0.7343038436757581,0.679216942573262
2021-09-30,Stanislaus,099,539301.0,565481,1648,332256,1309,214216,308,18676,30,45219,437,307217,467,261998,660,0.0838474247220012,0.5696577606939353,0.485810335971934
2021-09-30,Sutter,101,95872.0,100794,278,44350,203,51916,62,4519,13,6133,71,54985,84,48852,167,0.0639707109479305,0.5735251168224299,0.5095544058744993
2021-09-30,Tehama,103,63373.0,47773,210,18552,106,27322,99,1890,5,2779,55,25994,60,23215,90,0.0438514824925441,0.410174680068799,0.3663231975762548
2021-09-30,Trinity,105,12862.0,10601,28,2405,20,7482,4,709,4,699,7,5959,10,5260,11,0.0543461359042139,0.463302752293578,0.408956616389364
2021-09-30,Tulare,107,460477.0,430480,1532,260784,1257,157379,229,12228,46,30173,383,233620,428,203447,635,0.0655255311340197,0.5073434720952403,0.4418179409612206
2021-09-30,Tuolumne,109,53932.0,54650,89,16175,59,37168,28,1302,2,3002,25,28611,27,25609,27,0.0556626863457687,0.5305013720981977,0.474838685752429
2021-09-30,Ventura,111,848112.0,1095668,2963,602813,2589,453939,295,38506,75,47235,532,579911,604,532676,756,0.0556942950931009,0.6837670024713717,0.6280727073782708
2021-09-30,Yolo,113,214977.0,276541,781,141098,722,127092,52,8315,7,13461,122,146727,129,133266,153,0.0626160007814789,0.6825241770049819,0.619908176223503
2021-09-30,Yuba,115,75493.0,63816,179,26135,121,33791,48,3870,10,4095,51,35528,61,31433,94,0.0542434397891195,0.4706131694329276,0.416369729643808
2021-09-29,Alameda,001,1643700.0,2367741,5936,1524797,5412,728064,438,114082,86,78019,772,1257846,854,1179827,955,0.0474654742349577,0.7652527833546268,0.717787309119669
2021-09-29,Alpine,003,1148.0,1534,11,47,0,1481,11,6,0,97,1,792,1,695,0,0.0844947735191637,0.6898954703832753,0.6054006968641115
2021-09-29,Amador,005,37829.0,40007,101,11725,81,26772,19,1507,1,3135,38,21656,39,18521,27,0.0828729281767955,0.5724708556927225,0.4895979275159269
2021-09-29,Butte,007,227075.0,207729,619,104578,526,94674,86,8456,7,11202,125,111953,133,100751,234,0.0493317185951778,0.4930221292524496,0.4436904106572718
2021-09-29,Calaveras,009,45235.0,46572,101,20228,73,24927,23,1415,5,2634,36,24583,41,21949,40,0.0582292472642865,0.5434508676909473,0.4852216204266608
2021-09-29,Colusa,011,21464.0,22557,52,6414,27,15131,25,995,0,1356,22,12363,22,11007,21,0.0631755497577338,0.5759877003354454,0.5128121505777116
2021-09-29,Contra Costa,013,1133247.0,1674642,4844,1139746,4375,480078,367,54435,102,51074,958,872349,1062,821275,1028,0.0450687272942262,0.7697783448798011,0.724709617585575
2021-09-29,Del Norte,015,27424.0,23220,125,9025,96,12855,27,1288,2,1650,19,12763,21,11113,48,0.0601662777129521,0.4653952742123687,0.4052289964994165
2021-09-29,El Dorado,017,186661.0,214639,644,106406,571,99879,62,8328,11,10217,110,114375,121,104158,136,0.0547355901875592,0.6127418153765383,0.5580062251889789
2021-09-29,Fresno,019,978130.0,1053200,3100,587160,2554,428075,453,37439,92,66296,837,569917,929,503621,1222,0.067778311676362,0.5826597691513398,0.5148814574749777
2021-09-29,Glenn,021,27897.0,26392,87,11901,66,13070,17,1400,4,1295,28,14413,32,13118,50,0.0464207620891135,0.5166505358999176,0.470229773810804
2021-09-29,Humboldt,023,135768.0,160231,660,82998,564,69034,91,8053,4,7787,98,86099,102,78312,130,0.0573551941547345,0.6341626892935007,0.5768074951387662
2021-09-29,Imperial,025,180216.0,263423,426,138170,349,108875,66,16341,11,25171,119,151165,132,125994,199,0.1396712833488702,0.8387989967594442,0.699127713410574
2021-09-29,Inyo,027,18085.0,19956,54,7747,47,11469,7,582,0,857,10,10463,10,9606,6,0.0473873375725739,0.5785457561515067,0.5311584185789329
2021-09-29,Kern,029,883053.0,805990,2482,436414,1886,334293,506,35057,90,57043,733,443871,824,386828,1079,0.0645974816913594,0.5026549935281348,0.4380575118367754
2021-09-29,Kings,031,150075.0,114125,461,56610,347,52083,100,5392,14,8854,126,63629,140,54775,244,0.0589971680826253,0.4239813426620023,0.364984174579377
2021-09-29,Lake,033,64148.0,63732,102,21420,67,39336,34,2973,1,4060,27,34924,28,30864,38,0.0632911392405063,0.5444285090727692,0.4811373698322629
2021-09-29,Lassen,035,31185.0,14195,36,2370,18,10548,7,1263,11,948,16,8113,27,7165,16,0.0303992303992303,0.2601571268237935,0.2297578964245631
2021-09-29,Los Angeles,037,10098052.0,12875345,32378,7285363,27764,5090516,4037,494828,561,691535,7270,6914346,7824,6222811,8543,0.0684820200965493,0.6847207758486489,0.6162387557520995
2021-09-29,Madera,039,155013.0,145891,404,78978,337,61023,63,5797,4,8999,117,79341,121,70342,172,0.0580531955384387,0.5118344913007297,0.4537812957622909
2021-09-29,Marin,041,260295.0,414596,1165,263695,1088,137682,62,13194,15,12444,83,213575,99,201131,94,0.0478072955684895,0.8205113428994026,0.772704047330913
2021-09-29,Mariposa,043,17540.0,14928,25,3552,14,10740,9,614,2,2540,13,8916,14,6376,5,0.1448118586088939,0.5083238312428734,0.3635119726339795
2021-09-29,Mendocino,045,87422.0,109092,261,60703,190,44671,66,3705,5,6722,46,58516,50,51794,76,0.076891400334012,0.6693509642881654,0.5924595639541534
2021-09-29,Merced,047,269075.0,256130,833,155164,679,90059,144,10053,8,26528,303,142229,311,115701,317,0.0985896125615534,0.528584967016631,0.4299953544550776
2021-09-29,Modoc,049,8938.0,6560,5,1129,3,4991,2,430,0,291,0,3590,0,3299,3,0.0325576191541731,0.4016558514208995,0.3690982322667263
2021-09-29,Mono,051,14174.0,17236,48,9678,45,7138,2,355,0,653,6,8894,6,8241,2,0.046070269507549,0.6274869479328348,0.5814166784252858
2021-09-29,Monterey,053,433212.0,545434,1713,269548,1442,252131,237,23048,31,29359,445,294703,475,265344,464,0.067770514205516,0.6802743229642761,0.6125038087587601
2021-09-29,Napa,055,140530.0,200015,387,107992,343,86126,37,5883,7,10431,45,105992,52,95561,64,0.0742261438838682,0.7542304134348538,0.6800042695509856
2021-09-29,Nevada,057,99092.0,116641,425,63382,368,49771,54,3441,3,6379,56,62049,59,55670,101,0.0643745206474791,0.626175675130182,0.561801154482703
2021-09-29,Orange,059,3164182.0,4156173,10511,2424757,9184,1600337,1155,129832,172,175098,1727,2187358,1896,2012260,2366,0.0553375248326423,0.691287037218466,0.6359495123858235
2021-09-29,Placer,061,380077.0,477825,1699,281257,1546,183233,136,13314,17,18868,206,249680,222,230812,338,0.0496425724261136,0.6569195189395833,0.6072769465134696
2021-09-29,Plumas,063,18699.0,18588,30,3027,27,14297,3,1222,0,877,8,10203,8,9326,11,0.0469009037916466,0.5456441520936949,0.4987432483020482
2021-09-29,Riverside,065,2383286.0,2587402,6643,1541493,5702,969579,817,75144,121,149478,1461,1383142,1581,1233664,2232,0.062719287571865,0.5803508265478838,0.5176315389760189
2021-09-29,Sacramento,067,1510023.0,1830593,5794,1059708,5042,717276,629,53358,123,83641,1004,967850,1128,884209,1509,0.0553905470314028,0.6409505020784452,0.5855599550470423
2021-09-29,San Benito,069,59416.0,77003,232,43968,190,29576,38,3350,4,4419,67,41757,71,37338,65,0.0743739060185808,0.7027904941429918,0.6284165881244109
2021-09-29,San Bernardino,071,2135413.0,2155185,6147,1319935,5290,768809,713,66179,143,120913,1462,1158074,1606,1037161,2180,0.0566227703961716,0.5423185116883713,0.4856957412921996
2021-09-29,San Diego,073,3302833.0,4513664,10693,2515625,9124,1825118,1299,171714,269,270201,2271,2469879,3509,2199678,3800,0.081808859242959,0.74780620152457,0.665997342281611
2021-09-29,San Francisco,075,870044.0,1345963,2943,870917,2551,418795,266,55875,126,39517,337,705095,445,665578,490,0.0454195420001747,0.8104130365820579,0.7649934945818833
2021-09-29,San Joaquin,077,732212.0,829273,2019,486563,1662,316386,319,26278,38,61865,661,448727,698,386862,780,0.0844905573795567,0.6128375388548671,0.5283469814753105
2021-09-29,San Luis Obispo,079,281455.0,334565,1248,175642,1120,145959,110,12828,18,16787,119,177827,138,161040,217,0.0596436375264251,0.6318132561155424,0.5721696185891173
2021-09-29,San Mateo,081,765935.0,1151777,2797,721229,2534,388566,213,41470,48,40079,371,604141,418,564062,432,0.0523268945798272,0.788762754019597,0.7364358594397697
2021-09-29,Santa Barbara,083,443738.0,553354,1318,328781,1155,200574,146,23633,17,31488,291,298967,308,267479,359,0.0709607921791687,0.6737466703324935,0.6027858781533247
2021-09-29,Santa Clara,085,1922200.0,2928344,5603,1903627,5026,913362,501,107595,74,80461,743,1530218,815,1449757,934,0.041858807616273,0.7960763708250962,0.7542175632088233
2021-09-29,Santa Cruz,087,273765.0,372788,571,185730,476,176677,86,10335,8,13654,112,195097,121,181443,131,0.0498748926999433,0.7126440560334594,0.662769163333516
2021-09-29,Shasta,089,179085.0,146442,485,68807,338,69900,131,7682,16,11794,121,81833,137,70039,197,0.0658569952815702,0.4569506100455091,0.3910936147639389
2021-09-29,Sierra,091,2930.0,2962,3,386,2,2515,1,57,0,92,0,1540,0,1448,0,0.0313993174061433,0.5255972696245734,0.49419795221843
2021-09-29,Siskiyou,093,43540.0,38707,182,16572,130,20919,46,1179,6,2662,21,20931,27,18269,55,0.0611391823610473,0.4807303628847037,0.4195911805236564
2021-09-29,Solano,095,438530.0,539656,1865,304753,1573,220055,262,14799,30,38992,326,292220,357,253228,598,0.0889152395503158,0.6663626205732789,0.5774473810229631
2021-09-29,Sonoma,097,501317.0,700926,2106,397788,1935,280555,139,22523,32,27728,304,367875,336,340147,337,0.0553103126365154,0.73381712569093,0.6785068130544146
2021-09-29,Stanislaus,099,539301.0,563833,1631,330947,1313,213908,274,18646,43,45412,537,306750,581,261338,661,0.0842052953730847,0.5687918249734378,0.484586529600353
2021-09-29,Sutter,101,95872.0,100516,251,44147,175,51854,70,4506,6,6216,62,54901,68,48685,124,0.0648364485981308,0.5726489485981309,0.5078125
2021-09-29,Tehama,103,63373.0,47563,189,18446,142,27223,42,1885,5,2809,68,25934,73,23125,99,0.0443248702128666,0.4092279046281539,0.3649030344152872
2021-09-29,Trinity,105,12862.0,10573,33,2385,27,7478,0,705,6,700,14,5949,20,5249,8,0.0544238843103716,0.4625252682320012,0.4081013839216296
2021-09-29,Tulare,107,460477.0,428948,1268,259527,998,157150,237,12182,32,30380,411,233192,442,202812,547,0.0659750649869591,0.5064140011336071,0.4404389361466479
2021-09-29,Tuolumne,109,53932.0,54561,141,16116,95,37140,34,1300,12,3002,37,28584,49,25582,46,0.0556626863457687,0.5300007416747015,0.4743380553289327
2021-09-29,Ventura,111,848112.0,1092705,2768,600224,2428,453644,279,38431,61,47387,450,579307,511,531920,701,0.0558735167053408,0.683054832380629,0.6271813156752881
2021-09-29,Yolo,113,214977.0,275760,753,140376,675,127040,72,8308,6,13485,95,146598,101,133113,188,0.0627276406313233,0.6819241128120682,0.6191964721807449
2021-09-29,Yuba,115,75493.0,63637,191,26014,125,33743,56,3860,10,4128,47,35467,57,31339,109,0.0546805664101307,0.4698051474971189,0.4151245810869882
2021-09-28,Alameda,001,1643700.0,2361805,5575,1519385,5028,727626,471,113996,76,78120,846,1256992,923,1178872,1027,0.0475269209709801,0.7647332238242989,0.7172063028533188
2021-09-28,Alpine,003,1148.0,1523,1,47,1,1470,0,6,0,96,0,791,0,695,0,0.0836236933797909,0.6890243902439024,0.6054006968641115
2021-09-28,Amador,005,37829.0,39906,91,11644,72,26753,17,1506,2,3123,17,21617,19,18494,24,0.0825557112268365,0.5714399006053557,0.4888841893785191
2021-09-28,Butte,007,227075.0,207110,472,104052,382,94588,75,8449,15,11303,136,111820,151,100517,176,0.049776505559837,0.4924364196851261,0.442659914125289
2021-09-28,Calaveras,009,45235.0,46471,127,20155,103,24904,21,1410,3,2633,29,24542,32,21909,44,0.0582071404885597,0.5425444898861501,0.4843373493975904
2021-09-28,Colusa,011,21464.0,22505,29,6387,18,15106,9,995,2,1355,6,12341,8,10986,15,0.0631289601192694,0.5749627282892285,0.511833768169959
2021-09-28,Contra Costa,013,1133247.0,1669798,4955,1135371,4464,479711,365,54333,125,51040,1013,871287,1134,820247,1021,0.045038725008758,0.7688412146689998,0.7238024896602417
2021-09-28,Del Norte,015,27424.0,23095,87,8929,65,12828,20,1286,2,1677,21,12742,24,11065,32,0.0611508168028004,0.4646295215869311,0.4034787047841306
2021-09-28,El Dorado,017,186661.0,213995,703,105835,605,99817,80,8317,18,10232,109,114254,127,104022,137,0.0548159497699037,0.6120935814122929,0.5572776316423892
2021-09-28,Fresno,019,978130.0,1050100,2887,584606,2348,427622,492,37347,47,66589,828,568988,873,502399,1001,0.0680778628607649,0.5817099976485743,0.5136321347878094
2021-09-28,Glenn,021,27897.0,26305,50,11835,35,13053,10,1396,5,1313,15,14381,20,13068,28,0.047065992759078,0.515503459153314,0.4684374663942359
2021-09-28,Humboldt,023,135768.0,159571,417,82434,323,68943,89,8049,2,7815,64,85997,66,78182,101,0.0575614283188969,0.6334114076954805,0.5758499793765836
2021-09-28,Imperial,025,180216.0,262997,564,137821,480,108809,71,16330,13,25238,156,151033,171,125795,209,0.1400430594397833,0.8380665423713766,0.6980234829315932
2021-09-28,Inyo,027,18085.0,19902,102,7700,95,11462,7,582,0,853,18,10453,18,9600,10,0.04716615980094,0.5779928117224219,0.5308266519214819
2021-09-28,Kern,029,883053.0,803508,2507,434528,1965,333787,471,34967,71,57298,722,443047,792,385749,1091,0.0648862525805359,0.5017218672038938,0.4368356146233578
2021-09-28,Kings,031,150075.0,113664,410,56263,325,51983,77,5378,8,8958,144,63489,151,54531,164,0.0596901549225387,0.4230484757621189,0.3633583208395802
2021-09-28,Lake,033,64148.0,63630,182,21353,108,39302,66,2972,8,4070,45,34896,52,30826,100,0.0634470287460248,0.5439920184573175,0.4805449897112926
2021-09-28,Lassen,035,31185.0,14159,57,2352,20,10541,25,1252,12,937,26,8086,38,7149,24,0.0300464967131633,0.2592913259579926,0.2292448292448292
2021-09-28,Los Angeles,037,10098052.0,12842967,32980,7257599,28512,5086479,3809,494267,642,692254,7845,6906522,8480,6214268,8142,0.0685532219481539,0.6839459729460692,0.6153927509979152
2021-09-28,Madera,039,155013.0,145487,440,78641,353,60960,82,5793,4,9050,116,79220,120,70170,174,0.0583822002025636,0.5110539116074135,0.4526717114048499
2021-09-28,Marin,041,260295.0,413431,1122,262607,1026,137620,90,13179,5,12439,121,213476,127,201037,114,0.0477880865940567,0.8201310052056321,0.7723429186115753
2021-09-28,Mariposa,043,17540.0,14903,14,3538,10,10731,4,612,0,2531,7,8902,7,6371,2,0.1442987457240593,0.5075256556442417,0.3632269099201824
2021-09-28,Mendocino,045,87422.0,108831,328,60513,260,44605,62,3700,5,6748,67,58466,74,51718,109,0.0771888083091212,0.6687790258744938,0.5915902175653726
2021-09-28,Merced,047,269075.0,255297,769,154485,624,89915,136,10045,9,26534,271,141918,281,115384,242,0.098611911177181,0.5274291554399331,0.428817244262752
2021-09-28,Modoc,049,8938.0,6555,32,1126,7,4989,25,430,0,294,14,3590,14,3296,15,0.0328932647124636,0.4016558514208995,0.3687625867084358
2021-09-28,Mono,051,14174.0,17188,133,9633,121,7136,10,355,0,649,13,8888,13,8239,21,0.0457880626499223,0.6270636376463948,0.5812755749964724
2021-09-28,Monterey,053,433212.0,543721,1349,268106,908,251894,208,23017,233,29348,288,294228,507,264880,557,0.0677451224804483,0.6791778621090828,0.6114327396286344
2021-09-28,Napa,055,140530.0,199628,774,107649,701,86089,69,5876,4,10443,131,105940,135,95497,143,0.0743115349035793,0.7538603856827724,0.679548850779193
2021-09-28,Nevada,057,99092.0,116216,346,63014,299,49717,41,3438,6,6421,52,61990,59,55569,69,0.0647983691922657,0.625580268841077,0.5607818996488112
2021-09-28,Orange,059,3164182.0,4145662,10011,2415573,8809,1599182,1041,129660,160,175568,1740,2185462,1903,2009894,2112,0.0554860624325655,0.6906878302196271,0.6352017677870615
2021-09-28,Placer,061,380077.0,476126,1659,279711,1517,183097,117,13297,25,18984,218,249458,242,230474,321,0.0499477737405841,0.6563354267687863,0.6063876530282022
2021-09-28,Plumas,063,18699.0,18558,40,3000,30,14294,9,1222,1,880,7,10195,8,9315,10,0.0470613401786191,0.5452163217284347,0.4981549815498155
2021-09-28,Riverside,065,2383286.0,2580759,7954,1535791,6976,968762,844,75023,131,150129,1779,1381561,1911,1231432,2261,0.0629924398498543,0.5796874567299098,0.5166950168800555
2021-09-28,Sacramento,067,1510023.0,1824799,5712,1054666,4974,716647,631,53235,107,84022,1064,966722,1166,882700,1445,0.0556428610690035,0.6402034935891705,0.5845606325201669
2021-09-28,San Benito,069,59416.0,76771,171,43778,129,29538,39,3346,3,4413,57,41686,60,37273,59,0.0742729231183519,0.7015955298236165,0.6273226067052646
2021-09-28,San Bernardino,071,2135413.0,2149038,6073,1314645,5278,768096,684,66036,111,121487,1496,1156468,1610,1034981,2008,0.0568915708577216,0.5415664323482156,0.4846748614904939
2021-09-28,San Diego,073,3302833.0,4502971,10825,2506501,9308,1823819,1284,171445,228,270492,2271,2466370,3511,2195878,3824,0.0818969654233199,0.7467437802637917,0.6648468148404718
2021-09-28,San Francisco,075,870044.0,1343020,2765,868366,2460,418529,250,55749,55,39562,313,704650,365,665088,444,0.0454712635223046,0.809901568196551,0.7644303046742463
2021-09-28,San Joaquin,077,732212.0,827254,1829,484901,1390,316067,402,26240,37,61947,596,448029,631,386082,721,0.0846025468033848,0.6118842630276478,0.5272817162242629
2021-09-28,San Luis Obispo,079,281455.0,333317,993,174522,891,145849,78,12810,24,16866,121,177689,144,160823,177,0.0599243218276456,0.6313229468298662,0.5713986250022206
2021-09-28,San Mateo,081,765935.0,1148980,2937,718695,2673,388353,217,41422,47,40093,321,603723,368,563630,520,0.0523451728932611,0.7882170158042131,0.735871842910952
2021-09-28,Santa Barbara,083,443738.0,552036,1341,327626,1173,200428,140,23616,28,31539,271,298659,298,267120,332,0.0710757248646724,0.6730525670553344,0.601976842190662
2021-09-28,Santa Clara,085,1922200.0,2922741,6256,1898601,5583,912861,567,107521,105,80580,853,1529403,958,1448823,1152,0.0419207158464259,0.7956523774841328,0.7537316616377068
2021-09-28,Santa Cruz,087,273765.0,372217,688,185254,562,176591,109,10327,17,13664,133,194976,150,181312,217,0.049911420378792,0.7122020711193907,0.6622906507405987
2021-09-28,Shasta,089,179085.0,145957,418,68469,319,69769,88,7666,11,11854,96,81696,106,69842,176,0.0661920317167825,0.4561856101851076,0.3899935784683251
2021-09-28,Sierra,091,2930.0,2959,5,384,4,2514,0,57,1,92,0,1540,1,1448,1,0.0313993174061433,0.5255972696245734,0.49419795221843
2021-09-28,Siskiyou,093,43540.0,38525,77,16442,50,20873,26,1173,1,2690,24,20904,25,18214,31,0.0617822691777675,0.4801102434542949,0.4183279742765273
2021-09-28,Solano,095,438530.0,537791,1642,303180,1432,219793,187,14769,22,39233,320,291863,342,252630,468,0.0894648028641141,0.6655485371582331,0.576083734294119
2021-09-28,Sonoma,097,501317.0,698820,1993,395853,1779,280416,174,22491,40,27729,322,367539,361,339810,407,0.0553123073823548,0.7331468910888719,0.6778345837065171
2021-09-28,Stanislaus,099,539301.0,562202,1660,329634,1366,213634,270,18603,24,45492,527,306169,555,260677,704,0.084353635539337,0.5677145045160309,0.4833608689766939
2021-09-28,Sutter,101,95872.0,100265,239,43972,155,51784,77,4500,7,6272,68,54833,75,48561,113,0.0654205607476635,0.5719396695594126,0.506519108811749
2021-09-28,Tehama,103,63373.0,47374,86,18304,37,27181,46,1880,3,2835,31,25861,34,23026,50,0.0447351395704795,0.4080759945087024,0.3633408549382229
2021-09-28,Trinity,105,12862.0,10540,28,2358,11,7478,16,699,1,688,11,5929,12,5241,15,0.0534909034364795,0.4609703001088477,0.4074793966723682
2021-09-28,Tulare,107,460477.0,427680,1188,258529,908,156913,272,12150,7,30485,389,232750,396,202265,469,0.0662030894051168,0.5054541269162195,0.4392510375111026
2021-09-28,Tuolumne,109,53932.0,54420,178,16021,135,37106,41,1288,2,2999,46,28535,48,25536,44,0.055607060743158,0.5290921901653934,0.4734851294222354
2021-09-28,Ventura,111,848112.0,1089937,2849,597796,2486,453365,301,38370,62,47577,489,578796,551,531219,653,0.0560975437206406,0.6824523176184277,0.626354773897787
2021-09-28,Yolo,113,214977.0,275007,682,139701,619,126968,56,8302,7,13572,107,146497,114,132925,126,0.0631323350870093,0.6814542951106397,0.6183219600236305
2021-09-28,Yuba,115,75493.0,63446,178,25889,106,33687,61,3850,11,4180,62,35410,73,31230,93,0.0553693719947544,0.4690501106062814,0.4136807386115269
2021-09-27,Alameda,001,1643700.0,2356230,4889,1514357,4362,727155,445,113920,81,78224,890,1256069,974,1177845,745,0.0475901928575774,0.7641716858307477,0.7165814929731703
2021-09-27,Alpine,003,1148.0,1522,1,46,1,1470,0,6,0,96,0,791,0,695,0,0.0836236933797909,0.6890243902439024,0.6054006968641115
2021-09-27,Amador,005,37829.0,39815,73,11572,53,26736,18,1504,1,3128,16,21598,17,18470,19,0.0826878849559861,0.5709376404345872,0.488249755478601
2021-09-27,Butte,007,227075.0,206638,572,103670,474,94513,92,8434,6,11328,147,111669,152,100341,204,0.0498866013431685,0.4917714411538038,0.4418848398106352
2021-09-27,Calaveras,009,45235.0,46344,107,20052,86,24883,15,1407,6,2645,36,24510,42,21865,24,0.0584724217972808,0.5418370730628937,0.4833646512656129
2021-09-27,Colusa,011,21464.0,22476,46,6369,21,15097,22,993,3,1362,15,12333,18,10971,24,0.0634550875885203,0.5745900111815132,0.511134923592993
2021-09-27,Contra Costa,013,1133247.0,1664843,4257,1130907,3676,479346,466,54208,113,50927,1154,870153,1266,819226,600,0.0449390115305842,0.7678405502066187,0.7229015386760345
2021-09-27,Del Norte,015,27424.0,23008,62,8864,44,12808,12,1284,6,1685,15,12718,21,11033,30,0.0614425320886814,0.4637543757292882,0.4023118436406068
2021-09-27,El Dorado,017,186661.0,213292,691,105230,607,99737,70,8299,14,10242,85,114127,99,103885,108,0.0548695228248,0.6114132036151098,0.5565436807903097
2021-09-27,Fresno,019,978130.0,1047213,2856,582258,2293,427130,503,37300,58,66717,837,568115,895,501398,888,0.0682087248116303,0.5808174782493125,0.5126087534376821
2021-09-27,Glenn,021,27897.0,26255,41,11800,33,13043,8,1391,0,1321,20,14361,20,13040,12,0.0473527619457289,0.5147865361866868,0.4674337742409578
2021-09-27,Humboldt,023,135768.0,159154,349,82111,267,68854,76,8047,6,7850,77,85931,84,78081,107,0.0578192210240999,0.6329252843085263,0.5751060632844264
2021-09-27,Imperial,025,180216.0,262433,336,137341,255,108738,65,16317,16,25276,123,150862,139,125586,124,0.1402539175211967,0.8371176810050162,0.6968637634838194
2021-09-27,Inyo,027,18085.0,19800,57,7605,45,11455,11,582,0,845,4,10435,4,9590,9,0.0467238042576721,0.5769975117500691,0.530273707492397
2021-09-27,Kern,029,883053.0,801001,2504,432563,1895,333316,545,34896,64,57597,779,442255,843,384658,985,0.0652248506035311,0.5008249787951573,0.4356001281916261
2021-09-27,Kings,031,150075.0,113254,269,55938,184,51906,79,5370,6,8971,114,63338,119,54367,122,0.0597767782775279,0.4220423121772447,0.3622655338997168
2021-09-27,Lake,033,64148.0,63448,63,21245,29,39236,30,2964,4,4118,16,34844,20,30726,37,0.0641952983725135,0.5431813930286213,0.4789860946561077
2021-09-27,Lassen,035,31185.0,14102,36,2332,22,10516,14,1240,0,923,9,8048,9,7125,19,0.0295975629308962,0.2580727914061247,0.2284752284752284
2021-09-27,Los Angeles,037,10098052.0,12809987,31658,7229087,27000,5082670,4151,493625,497,691916,7224,6898042,7722,6206126,6106,0.0685197501458697,0.6831062070189379,0.6145864568730682
2021-09-27,Madera,039,155013.0,145047,407,78288,310,60878,89,5789,8,9104,170,79100,177,69996,123,0.0587305580822253,0.5102797829859431,0.4515492249037177
2021-09-27,Marin,041,260295.0,412309,766,261581,674,137530,83,13174,8,12426,80,213349,88,200923,83,0.0477381432605313,0.8196430972550376,0.7719049539945062
2021-09-27,Mariposa,043,17540.0,14889,11,3528,7,10727,4,612,0,2526,4,8895,4,6369,4,0.1440136830102622,0.5071265678449259,0.3631128848346636
2021-09-27,Mendocino,045,87422.0,108503,242,60253,194,44543,45,3695,3,6783,45,58392,48,51609,57,0.0775891651986914,0.6679325570222598,0.5903433918235684
2021-09-27,Merced,047,269075.0,254528,772,153861,596,89779,167,10036,9,26495,302,141637,311,115142,195,0.0984669701756016,0.5263848369413732,0.4279178667657716
2021-09-27,Modoc,049,8938.0,6523,2,1119,0,4964,2,430,0,295,0,3576,0,3281,2,0.0330051465652271,0.4000895054822108,0.3670843589169836
2021-09-27,Mono,051,14174.0,17055,62,9512,60,7126,2,355,0,657,9,8875,9,8218,1,0.0463524763651756,0.6261464653591082,0.5797939889939325
2021-09-27,Monterey,053,433212.0,542372,1103,267198,873,251686,210,22784,20,29398,279,293721,299,264323,257,0.0678605394125739,0.6780075344173292,0.6101469950047552
2021-09-27,Napa,055,140530.0,198854,344,106948,310,86020,32,5872,2,10451,66,105805,68,95354,68,0.0743684622500533,0.7528997367110225,0.6785312744609692
2021-09-27,Nevada,057,99092.0,115870,319,62715,260,49676,48,3432,11,6431,51,61931,62,55500,54,0.064899285512453,0.6249848625519719,0.5600855770395188
2021-09-27,Orange,059,3164182.0,4135651,10626,2406764,9217,1598141,1234,129500,174,175777,1814,2183559,1986,2007782,1812,0.0555521142589143,0.6900864109586616,0.6345342966997474
2021-09-27,Placer,061,380077.0,474467,1589,278194,1415,182980,142,13272,32,19063,227,249216,259,230153,264,0.0501556263599218,0.6556987136817013,0.6055430873217795
2021-09-27,Plumas,063,18699.0,18518,26,2970,19,14285,7,1221,0,882,9,10187,9,9305,13,0.0471682977699342,0.5447884913631745,0.4976201935932403
2021-09-27,Riverside,065,2383286.0,2572805,7215,1528815,6244,967918,848,74892,122,150479,1631,1379650,1753,1229171,1709,0.0631392959132894,0.5788856226235543,0.5157463267102648
2021-09-27,Sacramento,067,1510023.0,1819087,4515,1049692,3714,716016,699,53128,102,84301,1062,965556,1167,881255,1044,0.0558276264666167,0.6394313199202926,0.5836036934536759
2021-09-27,San Benito,069,59416.0,76600,124,43649,91,29499,32,3343,1,4412,42,41626,43,37214,34,0.0742560926349804,0.7005857008213275,0.6263296081863471
2021-09-27,San Bernardino,071,2135413.0,2142965,5117,1309367,4198,767412,776,65925,143,121885,1413,1154858,1554,1032973,1352,0.057077951665556,0.5408124798341117,0.4837345281685556
2021-09-27,San Diego,073,3302833.0,4492146,9832,2497193,8381,1822535,1246,171217,205,270805,2058,2462859,3235,2192054,2996,0.0819917325520242,0.7456807534622549,0.6636890209102307
2021-09-27,San Francisco,075,870044.0,1340255,2839,865906,2554,418279,234,55694,51,39641,360,704285,410,664644,336,0.0455620635278215,0.8094820491837195,0.7639199856558979
2021-09-27,San Joaquin,077,732212.0,825425,1875,483511,1340,315665,497,26203,38,62037,755,447398,795,385361,574,0.0847254620246595,0.6110224907540439,0.5262970287293843
2021-09-27,San Luis Obispo,079,281455.0,332324,952,173631,853,145771,76,12786,22,16899,122,177545,144,160646,185,0.0600415697003073,0.6308113197491606,0.5707697500488533
2021-09-27,San Mateo,081,765935.0,1146043,2633,716022,2370,388136,214,41375,48,40245,366,603355,413,563110,292,0.0525436231534007,0.7877365572796647,0.735192934126264
2021-09-27,Santa Barbara,083,443738.0,550695,1427,326453,1217,200288,177,23588,31,31573,287,298361,317,266788,310,0.0711523466550081,0.6723809995988624,0.6012286529438543
2021-09-27,Santa Clara,085,1922200.0,2916485,5794,1893018,5073,912294,622,107416,98,80774,905,1528445,1000,1447671,733,0.0420216418686921,0.7951539902195401,0.753132348350848
2021-09-27,Santa Cruz,087,273765.0,371529,469,184692,379,176482,83,10310,7,13731,87,194826,94,181095,94,0.0501561558270779,0.711654155936661,0.661498000109583
2021-09-27,Shasta,089,179085.0,145539,493,68150,370,69681,108,7655,15,11924,109,81590,124,69666,177,0.0665829075578635,0.4555937124828992,0.3890108049250356
2021-09-27,Sierra,091,2930.0,2954,2,380,1,2514,1,56,0,92,2,1539,2,1447,0,0.0313993174061433,0.5252559726962457,0.4938566552901023
2021-09-27,Siskiyou,093,43540.0,38448,110,16392,54,20847,53,1172,2,2696,27,20879,29,18183,28,0.0619200734956362,0.4795360587965089,0.4176159853008727
2021-09-27,Solano,095,438530.0,536149,1054,301748,849,219606,178,14747,27,39359,302,291521,329,252162,248,0.0897521264223656,0.6647686589286936,0.575016532506328
2021-09-27,Sonoma,097,501317.0,696827,1114,394074,992,280242,110,22451,12,27775,179,367178,191,339403,187,0.0554040656909699,0.7324267878408273,0.6770227221498573
2021-09-27,Stanislaus,099,539301.0,560542,1661,328268,1303,213364,322,18579,34,45641,669,305614,702,259973,495,0.0846299190989818,0.566685394612656,0.4820554755136741
2021-09-27,Sutter,101,95872.0,100026,222,43817,146,51707,73,4493,3,6310,66,54758,70,48448,92,0.0658169225634179,0.5711573765020027,0.5053404539385847
2021-09-27,Tehama,103,63373.0,47288,97,18267,53,27135,39,1877,5,2851,45,25827,50,22976,50,0.0449876130213182,0.4075394884256702,0.362551875404352
2021-09-27,Trinity,105,12862.0,10512,19,2347,10,7462,9,698,0,691,5,5917,5,5226,10,0.0537241486549525,0.4600373192349556,0.4063131705800031
2021-09-27,Tulare,107,460477.0,426492,1120,257621,883,156641,228,12143,9,30558,390,232354,399,201796,408,0.0663616206672646,0.5045941491105962,0.4382325284433316
2021-09-27,Tuolumne,109,53932.0,54242,134,15886,103,37065,28,1286,3,2995,36,28487,39,25492,26,0.0555328932730104,0.5282021805236223,0.4726692872506118
2021-09-27,Ventura,111,848112.0,1087088,2555,595310,2187,453064,309,38308,58,47679,543,578245,599,530566,489,0.05621781085517,0.6818026392740582,0.6255848284188881
2021-09-27,Yolo,113,214977.0,274325,583,139082,504,126912,69,8295,10,13584,107,146383,117,132799,101,0.0631881550119315,0.6809240058238788,0.6177358508119474
2021-09-27,Yuba,115,75493.0,63268,173,25783,100,33626,61,3839,12,4200,61,35337,73,31137,75,0.0556342972196097,0.4680831335355596,0.4124488363159498
2021-09-26,Alameda,001,1643700.0,2351341,1643,1509995,1505,726710,125,113839,10,77995,266,1255095,276,1177100,366,0.0474508730303583,0.7635791202774229,0.7161282472470646
2021-09-26,Alpine,003,1148.0,1521,0,45,0,1470,0,6,0,96,0,791,0,695,0,0.0836236933797909,0.6890243902439024,0.6054006968641115
2021-09-26,Amador,005,37829.0,39742,18,11519,14,26718,4,1503,0,3130,1,21581,1,18451,7,0.0827407544476459,0.5704882497554786,0.4877474953078326
2021-09-26,Butte,007,227075.0,206066,169,103196,145,94421,23,8428,1,11380,47,111517,48,100137,79,0.050115600572498,0.4911020587911483,0.4409864582186502
2021-09-26,Calaveras,009,45235.0,46237,76,19966,57,24868,15,1401,4,2627,23,24468,27,21841,26,0.0580744998341991,0.5409085884823699,0.4828340886481707
2021-09-26,Colusa,011,21464.0,22430,23,6348,11,15075,12,990,0,1368,7,12315,7,10947,14,0.0637346254193067,0.573751397689154,0.5100167722698472
2021-09-26,Contra Costa,013,1133247.0,1660586,1554,1127231,1397,478880,147,54095,10,50261,408,868887,418,818626,286,0.0443513197034715,0.7667234062830081,0.7223720865795366
2021-09-26,Del Norte,015,27424.0,22946,3,8820,3,12796,0,1278,0,1694,0,12697,0,11003,1,0.0617707117852975,0.4629886231038506,0.4012179113185531
2021-09-26,El Dorado,017,186661.0,212601,247,104623,212,99667,31,8285,4,10251,46,114028,50,103777,50,0.0549177385742067,0.6108828303716363,0.5559650917974296
2021-09-26,Fresno,019,978130.0,1044357,1054,579965,892,426627,152,37242,10,66710,270,567220,280,500510,479,0.0682015682986924,0.5799024669522456,0.5117008986535532
2021-09-26,Glenn,021,27897.0,26214,31,11767,30,13035,1,1391,0,1313,8,14341,8,13028,18,0.047065992759078,0.5140696132200595,0.4670036204609815
2021-09-26,Humboldt,023,135768.0,158805,183,81844,163,68778,19,8041,1,7873,34,85847,35,77974,52,0.0579886276589476,0.6323065818160392,0.5743179541570915
2021-09-26,Imperial,025,180216.0,262097,44,137086,34,108673,10,16301,0,25261,14,150723,15,125462,21,0.1401706840680072,0.8363463843387935,0.6961757002707861
2021-09-26,Inyo,027,18085.0,19743,1,7560,1,11444,0,582,0,850,1,10431,1,9581,0,0.0470002764722145,0.5767763339784352,0.5297760575062206
2021-09-26,Kern,029,883053.0,798497,742,430668,626,332771,114,34832,2,57739,240,441412,242,383673,374,0.0653856563535824,0.4998703362085854,0.434484679855003
2021-09-26,Kings,031,150075.0,112985,211,55754,179,51827,27,5364,5,8974,50,63219,55,54245,150,0.0597967682825254,0.4212493753123438,0.3614526070298184
2021-09-26,Lake,033,64148.0,63385,57,21216,36,39206,21,2960,0,4135,24,34824,24,30689,14,0.064460310531895,0.5428696140175844,0.4784093034856893
2021-09-26,Lassen,035,31185.0,14066,19,2310,12,10502,7,1240,0,933,7,8039,7,7106,11,0.0299182299182299,0.2577841911175244,0.2278659611992945
2021-09-26,Los Angeles,037,10098052.0,12778329,8829,7202087,7634,5078519,1087,493128,101,690300,1998,6890320,2098,6200020,3085,0.0683597192805107,0.682341505074444,0.6139817857939334
2021-09-26,Madera,039,155013.0,144640,92,77978,79,60789,11,5781,1,9050,28,78923,30,69873,44,0.0583822002025636,0.5091379432692742,0.4507557430667105
2021-09-26,Marin,041,260295.0,411543,327,260907,291,137447,35,13166,1,12421,29,213261,30,200840,33,0.0477189342860984,0.8193050193050193,0.7715860850189208
2021-09-26,Mariposa,043,17540.0,14878,6,3521,5,10723,1,612,0,2526,1,8891,1,6365,3,0.1440136830102622,0.5068985176738883,0.362884834663626
2021-09-26,Mendocino,045,87422.0,108261,61,60059,46,44498,15,3692,0,6792,17,58344,17,51552,21,0.0776921141131523,0.6673834961451351,0.5896913820319828
2021-09-26,Merced,047,269075.0,253756,304,153265,261,89612,42,10027,1,26379,103,141326,104,114947,113,0.098035863606801,0.5252290253646753,0.4271931617578742
2021-09-26,Modoc,049,8938.0,6521,0,1119,0,4962,0,430,0,297,0,3576,0,3279,0,0.033228910270754,0.4000895054822108,0.3668605952114567
2021-09-26,Mono,051,14174.0,16993,3,9452,3,7124,0,355,0,649,1,8866,1,8217,0,0.0457880626499223,0.6255114999294483,0.5797234372795259
2021-09-26,Monterey,053,433212.0,541269,420,266325,333,251476,84,22764,3,29356,103,293422,106,264066,161,0.0677635891895884,0.677317341163218,0.6095537519736295
2021-09-26,Napa,055,140530.0,198510,126,106638,113,85988,10,5870,3,10451,18,105737,21,95286,28,0.0743684622500533,0.752415854265993,0.6780473920159397
2021-09-26,Nevada,057,99092.0,115551,84,62455,63,49628,21,3421,0,6423,17,61869,17,55446,27,0.0648185524563032,0.6243591813668107,0.5595406289105074
2021-09-26,Orange,059,3164182.0,4125025,3194,2397547,2812,1596907,370,129326,11,175603,664,2181573,676,2005970,1109,0.055497123743198,0.6894587605896247,0.6339616368464267
2021-09-26,Placer,061,380077.0,472878,459,276779,380,182838,66,13240,13,19068,73,248957,86,229889,159,0.0501687815889938,0.6550172728157715,0.6048484912267778
2021-09-26,Plumas,063,18699.0,18492,4,2951,3,14278,1,1221,0,886,0,10178,0,9292,2,0.0473822129525643,0.5443071822022568,0.4969249692496925
2021-09-26,Riverside,065,2383286.0,2565590,2431,1522571,2138,967070,287,74770,6,150435,588,1377897,594,1227462,1045,0.0631208340081719,0.5781500835401207,0.5150292495319487
2021-09-26,Sacramento,067,1510023.0,1814572,1947,1045978,1673,715317,243,53026,31,84178,433,964389,463,880211,636,0.0557461707536905,0.6386584840098463,0.5829123132561557
2021-09-26,San Benito,069,59416.0,76476,45,43558,29,29467,16,3342,0,4403,17,41583,17,37180,15,0.0741046182846371,0.6998619900363539,0.6257573717517168
2021-09-26,San Bernardino,071,2135413.0,2137848,1888,1305169,1646,766636,224,65782,18,121683,566,1153304,584,1031621,847,0.0569833563811777,0.540084751755281,0.4831013953741033
2021-09-26,San Diego,073,3302833.0,4482314,2826,2488812,2400,1821289,343,171012,82,270566,631,2459624,988,2189058,1316,0.0819193704313842,0.7447012912853904,0.6627819208540062
2021-09-26,San Francisco,075,870044.0,1337416,1104,863352,1005,418045,91,55643,8,39567,167,703875,175,664308,185,0.0454770103580968,0.809010808648758,0.7635337982906611
2021-09-26,San Joaquin,077,732212.0,823550,1031,482171,904,315168,121,26165,6,61816,330,446603,337,384787,405,0.084423636870196,0.6099367396327839,0.5255131027625879
2021-09-26,San Luis Obispo,079,281455.0,331372,316,172778,297,145695,19,12764,0,16940,35,177401,35,160461,73,0.0601872412996749,0.630299692668455,0.5701124513687801
2021-09-26,San Mateo,081,765935.0,1143410,939,713652,852,387922,78,41327,9,40124,129,602942,139,562818,226,0.0523856463015791,0.7871973470333644,0.7348117007317854
2021-09-26,Santa Barbara,083,443738.0,549268,615,325236,551,200111,62,23557,2,31566,142,298044,146,266478,223,0.0711365715805272,0.671666614083085,0.6005300425025578
2021-09-26,Santa Clara,085,1922200.0,2910691,2059,1887945,1853,911672,170,107318,34,80507,331,1527445,365,1446938,487,0.0418827385287691,0.7946337529913641,0.752751014462595
2021-09-26,Santa Cruz,087,273765.0,371060,227,184313,191,176399,30,10303,6,13731,50,194732,56,181001,58,0.0501561558270779,0.7113107957554837,0.6611546399284057
2021-09-26,Shasta,089,179085.0,145046,168,67780,135,69573,28,7640,5,11977,34,81466,39,69489,89,0.0668788564089678,0.454901303850127,0.3880224474411592
2021-09-26,Sierra,091,2930.0,2952,2,379,2,2513,0,56,0,90,2,1537,2,1447,0,0.030716723549488,0.5245733788395904,0.4938566552901023
2021-09-26,Siskiyou,093,43540.0,38338,28,16338,25,20794,3,1170,0,2695,3,20850,3,18155,4,0.0618971061093247,0.4788700045934773,0.4169728984841525
2021-09-26,Solano,095,438530.0,535095,364,300899,308,219428,52,14720,4,39278,82,291192,86,251914,131,0.0895674184206325,0.6640184251932593,0.5744510067726267
2021-09-26,Sonoma,097,501317.0,695713,460,393082,421,280132,39,22439,0,27771,76,366987,76,339216,98,0.0553960867076121,0.7320457913854906,0.6766497046778784
2021-09-26,Stanislaus,099,539301.0,558881,700,326965,596,213042,99,18545,5,45434,205,304912,211,259478,366,0.0842460889188041,0.5653837096537926,0.4811376207349884
2021-09-26,Sutter,101,95872.0,99804,101,43671,80,51634,21,4490,0,6332,33,54688,33,48356,57,0.0660463951935914,0.5704272363150867,0.5043808411214953
2021-09-26,Tehama,103,63373.0,47191,35,18214,16,27096,18,1872,1,2851,19,25777,20,22926,13,0.0449876130213182,0.4067505088917993,0.3617628958704811
2021-09-26,Trinity,105,12862.0,10493,0,2337,0,7453,0,698,0,696,0,5912,0,5216,0,0.0541128906857409,0.4596485772041673,0.4055356865184263
2021-09-26,Tulare,107,460477.0,425372,468,256738,391,156413,76,12134,1,30567,163,231955,163,201388,216,0.0663811656173924,0.503727656321597,0.4373464907042045
2021-09-26,Tuolumne,109,53932.0,54108,41,15783,31,37037,10,1283,0,2982,10,28448,10,25466,14,0.0552918489950307,0.5274790476896833,0.4721871986946525
2021-09-26,Ventura,111,848112.0,1084533,750,593123,650,452755,92,38250,7,47569,155,577646,163,530077,245,0.0560881110042069,0.6810963646310865,0.6250082536268795
2021-09-26,Yolo,113,214977.0,273742,199,138578,162,126843,33,8285,4,13568,45,146266,49,132698,54,0.0631137284453685,0.6803797615558874,0.6172660331105188
2021-09-26,Yuba,115,75493.0,63095,92,25683,61,33565,30,3827,1,4202,29,35264,30,31062,56,0.0556607897420952,0.4671161564648378,0.4114553667227425
2021-09-25,Alameda,001,1643700.0,2349698,2693,1508490,2356,726585,303,113829,34,78085,626,1254819,661,1176734,753,0.047505627547606,0.76341120642453,0.715905578876924
2021-09-25,Alpine,003,1148.0,1521,2,45,1,1470,1,6,0,96,1,791,1,695,0,0.0836236933797909,0.6890243902439024,0.6054006968641115
2021-09-25,Amador,005,37829.0,39724,28,11505,15,26714,13,1503,0,3136,5,21580,5,18444,20,0.0828993629226255,0.5704618150096487,0.4875624520870232
2021-09-25,Butte,007,227075.0,205897,338,103051,279,94398,53,8427,6,11411,71,111469,77,100058,155,0.0502521193438291,0.4908906748871518,0.4406385555433227
2021-09-25,Calaveras,009,45235.0,46161,71,19909,51,24853,18,1397,2,2626,20,24441,22,21815,33,0.0580523930584724,0.5403117055377473,0.4822593124792749
2021-09-25,Colusa,011,21464.0,22407,22,6337,18,15063,4,990,0,1375,7,12308,7,10933,11,0.0640607528885575,0.5734252702199031,0.5093645173313455
2021-09-25,Contra Costa,013,1133247.0,1659032,2352,1125834,2073,478733,242,54085,37,50129,593,868469,630,818340,534,0.0442348402422419,0.7663545546557812,0.7221197144135392
2021-09-25,Del Norte,015,27424.0,22943,36,8817,30,12796,5,1278,1,1695,11,12697,12,11002,14,0.0618071761960326,0.4629886231038506,0.401181446907818
2021-09-25,El Dorado,017,186661.0,212354,324,104411,282,99636,37,8281,5,10251,65,113978,70,103727,78,0.0549177385742067,0.6106149650971547,0.5556972265229481
2021-09-25,Fresno,019,978130.0,1043303,1985,579073,1662,426475,297,37232,26,66909,577,566940,604,500031,887,0.0684050177379285,0.5796162064347274,0.511211188696799
2021-09-25,Glenn,021,27897.0,26183,34,11737,31,13034,3,1391,0,1323,8,14333,8,13010,14,0.0474244542423916,0.5137828440334086,0.4663583897910169
2021-09-25,Humboldt,023,135768.0,158622,303,81681,248,68759,49,8040,6,7890,47,85812,53,77922,94,0.0581138412586176,0.6320487891108362,0.5739349478522184
2021-09-25,Imperial,025,180216.0,262053,184,137052,156,108663,26,16301,2,25267,82,150708,84,125441,69,0.1402039774492831,0.836263150885604,0.6960591734363208
2021-09-25,Inyo,027,18085.0,19742,20,7559,16,11444,4,582,0,849,5,10430,5,9581,4,0.046944982029306,0.5767210395355267,0.5297760575062206
2021-09-25,Kern,029,883053.0,797755,1516,430042,1211,332657,275,34830,30,57871,538,441170,567,383299,708,0.0655351377550384,0.4995962869725826,0.4340611492175441
2021-09-25,Kings,031,150075.0,112774,171,55575,127,51800,42,5359,2,9069,61,63164,63,54095,89,0.0604297851074462,0.4208828918873896,0.3604531067799433
2021-09-25,Lake,033,64148.0,63328,49,21180,32,39185,17,2960,0,4125,24,34800,24,30675,19,0.0643044210263765,0.5424954792043399,0.4781910581779635
2021-09-25,Lassen,035,31185.0,14047,15,2298,12,10495,2,1240,1,937,4,8032,5,7095,7,0.0300464967131633,0.2575597242263909,0.2275132275132275
2021-09-25,Los Angeles,037,10098052.0,12769500,19664,7194453,16479,5077432,2783,493027,398,691287,5125,6888222,5522,6196935,6689,0.0684574609043407,0.6821337422306797,0.613676281326339
2021-09-25,Madera,039,155013.0,144548,263,77899,220,60778,40,5780,3,9064,70,78893,73,69829,121,0.0584725152084018,0.5089444111139065,0.4504718959055047
2021-09-25,Marin,041,260295.0,411216,539,260616,437,137412,73,13165,29,12424,80,213231,107,200807,98,0.0477304596707581,0.8191897654584221,0.771459305787664
2021-09-25,Mariposa,043,17540.0,14872,11,3516,10,10722,1,612,0,2528,1,8890,1,6362,4,0.144127708095781,0.5068415051311288,0.3627137970353478
2021-09-25,Mendocino,045,87422.0,108200,71,60013,59,44483,12,3692,0,6796,24,58327,24,51531,21,0.077737869186246,0.6671890370844867,0.5894511678982407
2021-09-25,Merced,047,269075.0,253452,398,153004,303,89570,91,10026,3,26388,144,141222,147,114834,143,0.0980693115302425,0.52484251602713,0.4267732044968875
2021-09-25,Modoc,049,8938.0,6521,1,1119,0,4962,1,430,0,297,0,3576,0,3279,1,0.033228910270754,0.4000895054822108,0.3668605952114567
2021-09-25,Mono,051,14174.0,16990,7,9449,6,7124,1,355,0,648,2,8865,2,8217,1,0.0457175109355157,0.6254409482150416,0.5797234372795259
2021-09-25,Monterey,053,433212.0,540849,630,265992,493,251392,126,22761,11,29411,190,293316,201,263905,262,0.0678905478149266,0.6770726572671117,0.6091821094521851
2021-09-25,Napa,055,140530.0,198384,170,106525,153,85978,14,5867,3,10458,29,105716,32,95258,46,0.0744182736782181,0.7522664199814986,0.6778481463032804
2021-09-25,Nevada,057,99092.0,115467,107,62392,89,49607,15,3421,3,6433,11,61852,14,55419,40,0.0649194687764905,0.6241876236224922,0.5592681548460017
2021-09-25,Orange,059,3164182.0,4121831,5675,2394735,4818,1596537,773,129315,84,176036,1135,2180897,1220,2004861,1871,0.0556339679575953,0.6892451192756928,0.6336111513180974
2021-09-25,Placer,061,380077.0,472419,714,276399,606,182772,90,13227,18,19141,133,248871,150,229730,208,0.050360847933445,0.6547910028757331,0.604430154942288
2021-09-25,Plumas,063,18699.0,18488,2,2948,2,14277,0,1221,0,888,1,10178,1,9290,1,0.0474891705438793,0.5443071822022568,0.4968180116583774
2021-09-25,Riverside,065,2383286.0,2563159,4519,1520433,3862,966783,615,74764,42,150886,1086,1377303,1130,1226417,1802,0.0633100685356268,0.5779008478210337,0.5145907792854068
2021-09-25,Sacramento,067,1510023.0,1812625,2974,1044305,2491,715074,414,52995,69,84351,705,963926,772,879575,1027,0.055860738545042,0.6383518661636279,0.5824911276185859
2021-09-25,San Benito,069,59416.0,76431,94,43529,85,29451,9,3342,0,4401,22,41566,22,37165,38,0.0740709573178941,0.6995758718190387,0.6255049145011444
2021-09-25,San Bernardino,071,2135413.0,2135960,3393,1303523,2948,766412,407,65764,38,121946,979,1152720,1017,1030774,1495,0.0571065175682643,0.5398112683588608,0.4827047507905965
2021-09-25,San Diego,073,3302833.0,4479488,5522,2486412,4555,1820946,854,170930,112,270894,1462,2458636,2071,2187742,2459,0.0820186791157772,0.7444021541506942,0.662383475034917
2021-09-25,San Francisco,075,870044.0,1336312,1631,862347,1415,417954,173,55635,43,39577,295,703700,330,664123,367,0.0454885040296812,0.8088096693960305,0.7633211653663493
2021-09-25,San Joaquin,077,732212.0,822519,1257,481267,1012,315047,224,26159,21,61884,414,446266,434,384382,558,0.0845165061484925,0.6094764904153442,0.5249599842668516
2021-09-25,San Luis Obispo,079,281455.0,331056,517,172481,453,145676,61,12764,3,16978,63,177366,66,160388,137,0.0603222540015277,0.6301753388641168,0.569853084862589
2021-09-25,San Mateo,081,765935.0,1142471,1380,712800,1181,387844,169,41318,30,40211,255,602803,285,562592,321,0.0524992329636326,0.7870158694928421,0.7345166365292094
2021-09-25,Santa Barbara,083,443738.0,548653,702,324685,585,200049,107,23555,10,31643,180,297898,190,266255,244,0.071310097399817,0.6713375911010552,0.6000274937012381
2021-09-25,Santa Clara,085,1922200.0,2908632,3332,1886092,2859,911502,391,107284,81,80629,596,1527080,677,1446451,861,0.0419462074706065,0.7944438664030798,0.7524976589324732
2021-09-25,Santa Cruz,087,273765.0,370833,294,184122,255,176369,36,10297,3,13733,66,194676,69,180943,91,0.0501634613628476,0.7111062407539313,0.6609427793910836
2021-09-25,Shasta,089,179085.0,144878,228,67645,168,69545,60,7635,0,12027,50,81427,50,69400,114,0.0671580534383114,0.454683530167239,0.3875254767289276
2021-09-25,Sierra,091,2930.0,2950,2,377,0,2513,2,56,0,88,2,1535,2,1447,0,0.0300341296928327,0.5238907849829352,0.4938566552901023
2021-09-25,Siskiyou,093,43540.0,38310,22,16313,21,20791,1,1170,0,2696,6,20847,6,18151,4,0.0619200734956362,0.4788011024345429,0.4168810289389068
2021-09-25,Solano,095,438530.0,534731,561,300591,467,219376,85,14716,8,39323,146,291106,153,251783,197,0.0896700339771509,0.6638223154630242,0.5741522814858733
2021-09-25,Sonoma,097,501317.0,695253,969,392661,854,280093,98,22439,17,27793,150,366911,166,339118,254,0.0554399711160802,0.7318941907016917,0.6764542195856115
2021-09-25,Stanislaus,099,539301.0,558181,1041,326369,836,212943,171,18540,34,45589,335,304701,368,259112,445,0.0845334979909178,0.5649924624653023,0.4804589644743844
2021-09-25,Sutter,101,95872.0,99703,165,43591,112,51613,51,4490,2,6356,50,54655,52,48299,88,0.0662967289719626,0.5700830273698264,0.5037862983978638
2021-09-25,Tehama,103,63373.0,47156,59,18198,31,27078,28,1871,0,2844,21,25757,21,22913,34,0.0448771558865763,0.4064349170782509,0.3615577611916747
2021-09-25,Trinity,105,12862.0,10493,10,2337,8,7453,2,698,0,696,5,5912,5,5216,5,0.0541128906857409,0.4596485772041673,0.4055356865184263
2021-09-25,Tulare,107,460477.0,424904,1052,256347,855,156337,183,12133,14,30620,379,231792,393,201172,504,0.0664962636570339,0.5033736755581713,0.4368774119011373
2021-09-25,Tuolumne,109,53932.0,54067,59,15752,42,37027,14,1283,3,2986,15,28438,18,25452,17,0.0553660164651783,0.5272936290143143,0.4719276125491359
2021-09-25,Ventura,111,848112.0,1083783,1492,592473,1312,452663,156,38243,24,47651,320,577483,344,529832,492,0.0561847963476521,0.6809041730337503,0.6247193766860981
2021-09-25,Yolo,113,214977.0,273543,270,138416,217,126810,49,8281,4,13573,64,146217,67,132644,75,0.0631369867474195,0.6801518301957884,0.6170148434483689
2021-09-25,Yuba,115,75493.0,63003,129,25622,95,33535,28,3826,5,4228,48,35234,53,31006,71,0.0560051925344071,0.4667187686275548,0.4107135760931477
2021-09-24,Alameda,001,1643700.0,2347005,3876,1506134,3262,726282,511,113795,101,78177,948,1254158,1047,1175981,1517,0.0475615988319036,0.7630090649145221,0.7154474660826184
2021-09-24,Alpine,003,1148.0,1519,0,44,0,1469,0,6,0,95,0,790,0,695,0,0.0827526132404181,0.6881533101045296,0.6054006968641115
2021-09-24,Amador,005,37829.0,39696,83,11490,53,26701,21,1503,9,3151,23,21575,32,18424,43,0.0832958841100742,0.5703296412804991,0.4870337571704248
2021-09-24,Butte,007,227075.0,205559,539,102772,411,94345,101,8421,27,11489,164,111392,191,99903,241,0.0505956181878234,0.4905515798744908,0.4399559616866674
2021-09-24,Calaveras,009,45235.0,46090,82,19858,48,24835,30,1395,4,2637,27,24419,31,21782,42,0.0582955675914667,0.5398253564717586,0.4815297888802918
2021-09-24,Colusa,011,21464.0,22385,46,6319,27,15059,18,990,1,1379,17,12301,18,10922,25,0.0642471114424152,0.5730991427506522,0.5088520313082371
2021-09-24,Contra Costa,013,1133247.0,1656680,3986,1123761,3314,478491,532,54048,139,50033,1226,867839,1355,817806,1336,0.0441501279068023,0.7657986299544582,0.721648502047656
2021-09-24,Del Norte,015,27424.0,22907,53,8787,33,12791,15,1277,5,1697,10,12685,15,10988,38,0.0618801050175029,0.4625510501750292,0.4006709451575262
2021-09-24,El Dorado,017,186661.0,212030,486,104129,378,99599,94,8276,14,10259,114,113908,128,103649,183,0.0549605970181237,0.6102399537128805,0.5552793566947568
2021-09-24,Fresno,019,978130.0,1041318,3017,577411,2344,426178,616,37206,57,67192,953,566336,1010,499144,1458,0.06869434533242,0.5789987016040813,0.5103043562716613
2021-09-24,Glenn,021,27897.0,26149,71,11706,51,13031,20,1391,0,1329,34,14325,34,12996,33,0.0476395311323798,0.5134960748467577,0.4658565437143779
2021-09-24,Humboldt,023,135768.0,158319,411,81433,307,68710,87,8034,17,7931,88,85759,105,77828,142,0.0584158269989982,0.6316584173001002,0.5732425903011019
2021-09-24,Imperial,025,180216.0,261869,516,136896,338,108637,93,16299,85,25252,165,150624,250,125372,291,0.1401207439960936,0.8357970435477428,0.6956762995516491
2021-09-24,Inyo,027,18085.0,19722,39,7543,32,11440,6,582,1,848,14,10425,15,9577,12,0.0468896875863975,0.5764445673209843,0.5295548797345867
2021-09-24,Kern,029,883053.0,796239,2902,428831,2160,332382,670,34800,72,58012,1002,440603,1075,382591,1484,0.0656948110702302,0.4989541964072371,0.433259385337007
2021-09-24,Kings,031,150075.0,112603,339,55448,241,51758,88,5357,10,9095,98,63101,107,54006,216,0.0606030318174246,0.4204631017824421,0.3598600699650175
2021-09-24,Lake,033,64148.0,63279,145,21148,95,39168,45,2960,5,4120,42,34776,48,30656,77,0.0642264762736172,0.5421213443910956,0.4778948681174783
2021-09-24,Lassen,035,31185.0,14032,34,2286,23,10493,11,1239,0,939,16,8027,16,7088,9,0.0301106301106301,0.257399390732724,0.2272887606220939
2021-09-24,Los Angeles,037,10098052.0,12749836,28062,7177974,22540,5074649,4954,492629,555,692454,8113,6882700,8666,6190246,10808,0.0685730277483221,0.681586904088036,0.6130138763397138
2021-09-24,Madera,039,155013.0,144285,381,77679,289,60738,87,5777,4,9112,123,78820,127,69708,213,0.05878216665699,0.5084734828691787,0.4496913162121886
2021-09-24,Marin,041,260295.0,410677,570,260179,444,137339,116,13136,10,12415,82,213124,92,200709,118,0.047695883516779,0.8187786934055591,0.7710828098887801
2021-09-24,Mariposa,043,17540.0,14861,24,3506,18,10721,6,612,0,2531,5,8889,5,6358,10,0.1442987457240593,0.5067844925883694,0.3624857468643101
2021-09-24,Mendocino,045,87422.0,108129,538,59954,406,44471,121,3692,11,6793,107,58303,118,51510,166,0.0777035528814257,0.6669145066459243,0.5892109537644986
2021-09-24,Merced,047,269075.0,253054,862,152701,695,89479,160,10023,6,26384,317,141075,324,114691,372,0.0980544457864907,0.5242961999442535,0.4262417541577627
2021-09-24,Modoc,049,8938.0,6520,4,1119,1,4961,3,430,0,298,0,3576,0,3278,4,0.0333407921235175,0.4000895054822108,0.3667487133586932
2021-09-24,Mono,051,14174.0,16983,29,9443,28,7123,1,355,0,647,3,8863,3,8216,1,0.045646959221109,0.6252998447862284,0.5796528855651192
2021-09-24,Monterey,053,433212.0,540219,1185,265499,800,251266,369,22750,15,29472,426,293115,440,263643,494,0.0680313564721198,0.6766086811999668,0.6085773247278469
2021-09-24,Napa,055,140530.0,198214,355,106372,263,85964,90,5864,2,10472,72,105684,74,95212,113,0.0745178965345477,0.7520387105956023,0.6775208140610546
2021-09-24,Nevada,057,99092.0,115360,239,62303,174,49592,50,3418,14,6459,41,61838,54,55379,116,0.0651818512089775,0.62404634077423,0.5588644895652525
2021-09-24,Orange,059,3164182.0,4116156,9307,2389917,7525,1595764,1570,129231,210,176687,2150,2179677,2357,2002990,3362,0.0558397083353612,0.6888595535907859,0.6330198452554247
2021-09-24,Placer,061,380077.0,471705,1163,275793,932,182682,203,13209,28,19199,269,248721,296,229522,461,0.0505134485906803,0.654396346003573,0.6038828974128927
2021-09-24,Plumas,063,18699.0,18486,29,2946,24,14277,5,1221,0,888,13,10177,13,9289,16,0.0474891705438793,0.5442537034065993,0.4967645328627199
2021-09-24,Riverside,065,2383286.0,2558640,6929,1516571,5526,966168,1264,74722,134,151558,1867,1376173,2002,1224615,3262,0.0635920321774222,0.5774267125305146,0.5138346803530923
2021-09-24,Sacramento,067,1510023.0,1809651,4135,1041814,3248,714660,762,52926,124,84606,1190,963154,1314,878548,1751,0.056029610145011,0.6378406156727414,0.5818110055277304
2021-09-24,San Benito,069,59416.0,76337,160,43444,127,29442,31,3342,2,4417,44,41544,46,37127,77,0.0743402450518379,0.6992056011848661,0.6248653561330282
2021-09-24,San Bernardino,071,2135413.0,2132567,5652,1300575,4542,766005,963,65726,146,122424,1896,1151703,2039,1029279,2750,0.0573303618550603,0.5393350138825604,0.4820046520275001
2021-09-24,San Diego,073,3302833.0,4473966,8518,2481857,6588,1820092,1766,170818,159,271282,2246,2456565,3070,2185283,3943,0.0821361540229251,0.7437751166952734,0.6616389626723482
2021-09-24,San Francisco,075,870044.0,1334681,1679,860932,1359,417781,277,55592,43,39614,323,703370,366,663756,509,0.0455310306145436,0.8084303782337445,0.7628993476192009
2021-09-24,San Joaquin,077,732212.0,821262,2249,480255,1740,314823,456,26138,53,62008,846,445832,896,383824,1142,0.0846858560089154,0.608883765903864,0.5241979098949484
2021-09-24,San Luis Obispo,079,281455.0,330539,625,172028,477,145615,136,12761,12,17049,134,177300,146,160251,216,0.0605745145760423,0.6299408431187934,0.569366328542751
2021-09-24,San Mateo,081,765935.0,1141091,1626,711619,1357,387675,227,41288,42,40247,334,602518,374,562271,476,0.0525462343410341,0.7866437752550804,0.7340975409140462
2021-09-24,Santa Barbara,083,443738.0,547951,1463,324100,1121,199942,303,23545,38,31697,383,297708,420,266011,536,0.0714317908315267,0.6709094105080025,0.5994776196764757
2021-09-24,Santa Clara,085,1922200.0,2905300,4060,1883233,3303,911111,673,107203,84,80813,880,1526403,964,1445590,1363,0.0420419311205909,0.7940916657996047,0.7520497346790136
2021-09-24,Santa Cruz,087,273765.0,370539,505,183867,377,176333,113,10294,15,13755,141,194607,155,180852,182,0.0502438222563147,0.7108541997698756,0.6606103775135609
2021-09-24,Shasta,089,179085.0,144650,533,67477,402,69485,120,7635,11,12091,112,81377,123,69286,312,0.0675154256358712,0.4544043331378954,0.3868889075020242
2021-09-24,Sierra,091,2930.0,2948,5,377,2,2511,3,56,0,86,0,1533,0,1447,5,0.0293515358361774,0.5232081911262798,0.4938566552901023
2021-09-24,Siskiyou,093,43540.0,38288,107,16292,64,20790,43,1170,0,2694,22,20841,22,18147,39,0.0618741387230133,0.4786632981166743,0.416789159393661
2021-09-24,Solano,095,438530.0,534170,1180,300124,995,219291,157,14708,28,39367,335,290953,363,251586,601,0.0897703691879689,0.6634734225708617,0.5737030533828928
2021-09-24,Sonoma,097,501317.0,694284,1196,391807,984,279995,188,22422,24,27881,275,366745,300,338864,400,0.0556155087499526,0.7315630628923415,0.6759475541423889
2021-09-24,Stanislaus,099,539301.0,557140,1581,325533,1129,212772,420,18506,32,45666,567,304333,602,258667,770,0.0846762754009356,0.564310097700542,0.4796338222996063
2021-09-24,Sutter,101,95872.0,99538,302,43479,189,51562,99,4488,14,6392,84,54603,97,48211,167,0.0666722296395193,0.5695406375166889,0.5028684078771696
2021-09-24,Tehama,103,63373.0,47097,119,18167,56,27050,59,1871,4,2857,41,25736,45,22879,74,0.0450822905653827,0.4061035456740252,0.3610212551086424
2021-09-24,Trinity,105,12862.0,10483,24,2329,15,7451,8,698,1,696,13,5907,14,5211,8,0.0541128906857409,0.4592598351733789,0.405146944487638
2021-09-24,Tulare,107,460477.0,423852,1408,255492,1066,156154,324,12119,18,30731,476,231399,494,200668,728,0.0667373180419434,0.5025202127359238,0.4357828946939803
2021-09-24,Tuolumne,109,53932.0,54008,281,15710,147,37013,130,1280,4,2985,68,28420,72,25435,114,0.0553474745976414,0.5269598753986502,0.4716124008010087
2021-09-24,Ventura,111,848112.0,1082291,2627,591161,2179,452507,406,38219,40,47799,646,577139,686,529340,930,0.0563593016016752,0.680498566227102,0.6241392646254268
2021-09-24,Yolo,113,214977.0,273273,611,138199,534,126761,71,8277,6,13581,172,146150,177,132569,258,0.0631742000307009,0.6798401689483061,0.6166659689176052
2021-09-24,Yuba,115,75493.0,62874,225,25527,136,33507,77,3821,12,4246,65,35181,77,30935,115,0.0562436252367769,0.4660167167816884,0.4097730915449114
2021-09-23,Alameda,001,1643700.0,2343129,2481,1502872,1990,725771,434,113694,54,78647,811,1253111,868,1174464,1123,0.0478475390886414,0.7623720873638742,0.7145245482752327
2021-09-23,Alpine,003,1148.0,1519,0,44,0,1469,0,6,0,95,0,790,0,695,0,0.0827526132404181,0.6881533101045296,0.6054006968641115
2021-09-23,Amador,005,37829.0,39613,88,11437,37,26680,37,1494,14,3162,34,21543,48,18381,48,0.0835866663142033,0.5694837294139417,0.4858970630997383
2021-09-23,Butte,007,227075.0,205020,541,102361,431,94244,98,8394,12,11539,140,111201,152,99662,196,0.0508158097544864,0.4897104480898381,0.4388946383353517
2021-09-23,Calaveras,009,45235.0,46008,101,19810,56,24805,44,1391,1,2648,32,24388,33,21740,58,0.0585387421244611,0.5391400464242291,0.4806013042997679
2021-09-23,Colusa,011,21464.0,22339,36,6292,30,15041,6,989,0,1386,12,12283,12,10897,21,0.064573238911666,0.572260529258293,0.507687290346627
2021-09-23,Contra Costa,013,1133247.0,1652694,2722,1120447,2149,477959,449,53909,123,50014,1137,866484,1262,816470,1006,0.0441333619237465,0.7646029506365338,0.7204695887127872
2021-09-23,Del Norte,015,27424.0,22854,41,8754,24,12776,16,1272,1,1720,12,12670,13,10950,25,0.0627187864644107,0.4620040840140023,0.3992852975495916
2021-09-23,El Dorado,017,186661.0,211544,318,103751,220,99505,82,8262,16,10314,78,113780,94,103466,155,0.0552552488200534,0.6095542186102079,0.5542989697901544
2021-09-23,Fresno,019,978130.0,1038301,2358,575067,1649,425562,664,37149,42,67640,778,565326,820,497686,1252,0.069152362160449,0.5779661190230337,0.5088137568625847
2021-09-23,Glenn,021,27897.0,26078,49,11655,42,13011,4,1391,3,1328,21,14291,24,12963,25,0.0476036849840484,0.5122773058034914,0.4646736208194429
2021-09-23,Humboldt,023,135768.0,157908,205,81126,125,68623,66,8017,14,7968,57,85654,70,77686,102,0.0586883507159271,0.6308850391844912,0.572196688468564
2021-09-23,Imperial,025,180216.0,261353,401,136558,307,108544,83,16214,11,25293,155,150374,165,125081,218,0.1403482487681449,0.8344098193279176,0.6940615705597727
2021-09-23,Inyo,027,18085.0,19683,49,7511,24,11434,25,581,0,845,12,10410,12,9565,25,0.0467238042576721,0.5756151506773569,0.5288913464196848
2021-09-23,Kern,029,883053.0,793337,1870,426671,1311,331712,495,34728,64,58421,731,439528,794,381107,1016,0.0661579769277721,0.4977368289332577,0.4315788520054855
2021-09-23,Kings,031,150075.0,112264,254,55207,166,51670,84,5347,4,9204,91,62994,95,53790,144,0.0613293353323338,0.4197501249375312,0.3584207896051974
2021-09-23,Lake,033,64148.0,63134,89,21053,49,39123,39,2955,1,4149,27,34728,28,30579,57,0.0646785558396208,0.5413730747646068,0.476694518924986
2021-09-23,Lassen,035,31185.0,13998,57,2263,37,10482,19,1239,1,932,23,8011,24,7079,19,0.0298861632194965,0.2568863235529902,0.2270001603334936
2021-09-23,Los Angeles,037,10098052.0,12721774,17463,7155434,12703,5069695,4271,492074,478,694596,6197,6874034,6665,6179438,8017,0.0687851478681234,0.6807287187667482,0.6119435708986248
2021-09-23,Madera,039,155013.0,143904,320,77390,208,60651,106,5773,5,9198,127,78693,130,69495,178,0.0593369588357105,0.5076541967447892,0.4483172379090785
2021-09-23,Marin,041,260295.0,410107,372,259735,252,137223,113,13126,7,12441,83,213032,90,200591,107,0.0477957701838298,0.8184252482759945,0.7706294780921646
2021-09-23,Mariposa,043,17540.0,14837,42,3488,22,10715,18,612,2,2536,22,8884,24,6348,13,0.1445838084378563,0.5064994298745724,0.3619156214367161
2021-09-23,Mendocino,045,87422.0,107591,114,59548,77,44350,37,3681,0,6841,26,58185,26,51344,60,0.0782526137585504,0.6655647319896594,0.5873121182311088
2021-09-23,Merced,047,269075.0,252192,751,152006,609,89319,137,10017,4,26432,317,140751,321,114319,326,0.0982328347115116,0.5230920747003623,0.4248592399888506
2021-09-23,Modoc,049,8938.0,6516,37,1118,15,4958,22,430,0,302,14,3576,14,3274,13,0.0337883195345714,0.4000895054822108,0.3663011859476393
2021-09-23,Mono,051,14174.0,16954,41,9415,28,7122,13,355,0,645,13,8860,13,8215,17,0.0455058557922957,0.6250881896430083,0.5795823338507126
2021-09-23,Monterey,053,433212.0,539034,861,264699,560,250897,290,22735,9,29526,294,292675,304,263149,421,0.0681560067588155,0.6755930121972614,0.6074370054384458
2021-09-23,Napa,055,140530.0,197859,253,106109,186,85874,65,5862,2,10511,64,105610,66,95099,113,0.0747954173486088,0.7515121326407173,0.6767167152921084
2021-09-23,Nevada,057,99092.0,115121,147,62129,111,49542,32,3404,4,6521,26,61784,30,55263,76,0.0658075323941387,0.6235013926452185,0.5576938602510798
2021-09-23,Orange,059,3164182.0,4106849,5236,2382392,3847,1594194,1240,129021,146,177692,1437,2177320,1583,1999628,2264,0.0561573259692394,0.6881146533290436,0.6319573273598043
2021-09-23,Placer,061,380077.0,470542,706,274861,495,182479,158,13181,51,19364,174,248425,220,229061,347,0.0509475711500564,0.6536175564425103,0.6026699852924539
2021-09-23,Plumas,063,18699.0,18457,34,2922,19,14272,15,1221,0,891,11,10164,11,9273,19,0.0476496069308519,0.5435584790630515,0.4959088721321996
2021-09-23,Riverside,065,2383286.0,2551711,4631,1511045,3425,964904,1085,74588,120,152818,1556,1374171,1675,1221353,2280,0.0641207140057886,0.5765866958476658,0.5124659818418772
2021-09-23,Sacramento,067,1510023.0,1805516,3010,1038566,2143,713898,746,52802,118,85043,933,961840,1045,876797,1584,0.0563190097104481,0.6369704302517246,0.5806514205412765
2021-09-23,San Benito,069,59416.0,76177,152,43317,115,29411,35,3340,2,4448,57,41498,59,37050,66,0.0748619900363538,0.6984313989497778,0.6235694089134239
2021-09-23,San Bernardino,071,2135413.0,2126915,4121,1296033,3210,765042,796,65580,115,123135,1487,1149664,1600,1026529,2206,0.0576633185243323,0.5383801634625246,0.4807168449381923
2021-09-23,San Diego,073,3302833.0,4465448,5740,2475269,4156,1818326,1416,170659,163,272155,1792,2453495,2295,2181340,2892,0.0824004725640079,0.7428456116309847,0.6604451390669768
2021-09-23,San Francisco,075,870044.0,1333002,1106,859573,735,417504,290,55549,81,39757,280,703004,353,663247,452,0.0456953901182009,0.8080097098537545,0.7623143197355536
2021-09-23,San Joaquin,077,732212.0,819013,1758,478515,1277,314367,449,26085,32,62254,758,444936,789,382682,822,0.0850218242803996,0.6076600765898401,0.5226382523094404
2021-09-23,San Luis Obispo,079,281455.0,329914,444,171551,299,145479,135,12749,10,17119,138,177154,148,160035,189,0.0608232221847186,0.6294221101064114,0.5685988879216927
2021-09-23,San Mateo,081,765935.0,1139465,1028,710262,762,387448,227,41246,39,40349,275,602144,313,561795,415,0.0526794049103383,0.7861554831676317,0.7334760782572933
2021-09-23,Santa Barbara,083,443738.0,546488,882,322979,692,199639,172,23507,16,31813,351,297288,367,265475,366,0.0716932063514957,0.6699629060391492,0.5982696996876535
2021-09-23,Santa Clara,085,1922200.0,2901240,2600,1879930,1862,910438,646,107119,92,81212,719,1525439,807,1444227,1040,0.0422495057746332,0.7935901571116429,0.7513406513370097
2021-09-23,Santa Cruz,087,273765.0,370034,508,183490,355,176220,141,10279,12,13782,117,194452,131,180670,211,0.050342446989206,0.7102880207477216,0.6599455737585155
2021-09-23,Shasta,089,179085.0,144117,334,67075,173,69365,131,7624,29,12280,92,81254,120,68974,186,0.06857079040679,0.4537175084457101,0.3851467180389201
2021-09-23,Sierra,091,2930.0,2943,3,375,2,2508,0,56,1,91,0,1533,1,1442,3,0.0310580204778157,0.5232081911262798,0.4921501706484641
2021-09-23,Siskiyou,093,43540.0,38181,97,16228,61,20747,36,1170,0,2711,29,20819,29,18108,57,0.0622645842903077,0.4781580156178227,0.4158934313275149
2021-09-23,Solano,095,438530.0,532990,931,299129,675,219134,227,14680,29,39605,324,290590,354,250985,484,0.090313091464666,0.6626456570816136,0.5723325656169476
2021-09-23,Sonoma,097,501317.0,693088,753,390823,572,279807,167,22398,14,27981,195,366445,207,338464,344,0.0558149833338985,0.7309646391405039,0.6751496558066054
2021-09-23,Stanislaus,099,539301.0,555559,1240,324404,832,212352,384,18474,24,45834,483,303731,506,257897,594,0.0849877897500653,0.5631938379494938,0.4782060481994285
2021-09-23,Sutter,101,95872.0,99236,212,43290,120,51463,90,4474,2,6462,79,54506,81,48044,115,0.0674023698264352,0.5685288718291055,0.5011265020026703
2021-09-23,Tehama,103,63373.0,46978,145,18111,52,26991,86,1867,7,2886,58,25691,65,22805,59,0.0455398986950278,0.4053934640935414,0.3598535653985135
2021-09-23,Trinity,105,12862.0,10459,20,2314,13,7443,7,697,0,690,7,5893,7,5203,11,0.0536464002487949,0.4581713574871715,0.4045249572383766
2021-09-23,Tulare,107,460477.0,422444,1122,254426,805,155830,292,12101,25,30965,397,230905,422,199940,598,0.0672454867452663,0.50144741214002,0.4342019253947537
2021-09-23,Tuolumne,109,53932.0,53727,85,15563,55,36883,22,1276,8,3027,24,28348,32,25321,43,0.0561262330341912,0.5256248609359935,0.4694986279018022
2021-09-23,Ventura,111,848112.0,1079664,1577,588982,1239,452101,284,38179,54,48043,482,576453,535,528410,766,0.0566469994529024,0.6796897107929142,0.6230427113400117
2021-09-23,Yolo,113,214977.0,272662,329,137665,244,126690,76,8271,9,13662,90,145973,99,132311,169,0.0635509845239258,0.6790168250557036,0.6154658405317778
2021-09-23,Yuba,115,75493.0,62649,169,25391,100,33430,56,3809,13,4284,59,35104,72,30820,100,0.0567469831640019,0.4649967546659955,0.4082497715019935
2021-09-22,Alameda,001,1643700.0,2340648,2145,1500882,1590,725337,482,113640,67,78902,766,1252243,832,1173341,987,0.0480026768875098,0.7618440104641966,0.7138413335766868
2021-09-22,Alpine,003,1148.0,1519,15,44,0,1469,15,6,0,95,4,790,4,695,0,0.0827526132404181,0.6881533101045296,0.6054006968641115
2021-09-22,Amador,005,37829.0,39525,41,11400,28,26643,13,1480,0,3162,17,21495,17,18333,21,0.0835866663142033,0.5682148616141056,0.4846281952999022
2021-09-22,Butte,007,227075.0,204479,468,101930,322,94146,125,8382,21,11583,144,111049,165,99466,244,0.0510095783331498,0.4890410657271826,0.4380314873940328
2021-09-22,Calaveras,009,45235.0,45907,72,19754,42,24761,26,1390,4,2673,26,24355,30,21682,36,0.0590914115176301,0.5384105228252459,0.4793191113076158
2021-09-22,Colusa,011,21464.0,22303,56,6262,24,15035,30,989,2,1395,21,12271,23,10876,33,0.0649925456578457,0.5717014535967201,0.5067089079388744
2021-09-22,Contra Costa,013,1133247.0,1649972,2616,1118298,2050,477510,451,53786,112,49758,1019,865222,1126,815464,1071,0.043907462362574,0.7634893363935664,0.7195818740309924
2021-09-22,Del Norte,015,27424.0,22813,60,8730,40,12760,19,1271,1,1732,14,12657,15,10925,39,0.0631563593932322,0.4615300466744457,0.3983736872812135
2021-09-22,El Dorado,017,186661.0,211226,287,103531,202,99423,72,8246,13,10375,82,113686,94,103311,135,0.0555820444549209,0.6090506318941825,0.5534685874392615
2021-09-22,Fresno,019,978130.0,1035943,2396,573418,1807,424898,522,37107,65,68072,815,564506,878,496434,1356,0.0695940212446198,0.5771277846503021,0.5075337634056822
2021-09-22,Glenn,021,27897.0,26029,89,11613,81,13007,7,1388,1,1329,26,14267,27,12938,62,0.0476395311323798,0.5114169982435387,0.4637774671111589
2021-09-22,Humboldt,023,135768.0,157703,390,81001,348,68557,39,8003,2,8000,112,85584,114,77584,187,0.0589240469035413,0.6303694537740852,0.5714454068705439
2021-09-22,Imperial,025,180216.0,260952,622,136251,456,108461,108,16203,58,25346,245,150209,303,124863,359,0.1406423403027478,0.8334942513428331,0.6928519110400853
2021-09-22,Inyo,027,18085.0,19634,22,7487,16,11409,6,581,0,858,7,10398,7,9540,15,0.0474426320154824,0.574951617362455,0.5275089853469727
2021-09-22,Kern,029,883053.0,791467,2093,425360,1489,331217,545,34664,58,58643,763,438734,821,380091,1193,0.0664093774665846,0.4968376756548021,0.4304282981882175
2021-09-22,Kings,031,150075.0,112010,348,55041,217,51586,124,5343,7,9253,115,62899,122,53646,208,0.061655838747293,0.4191171081126104,0.3574612693653173
2021-09-22,Lake,033,64148.0,63045,138,21004,81,39084,53,2954,4,4178,72,34700,75,30522,51,0.0651306354056245,0.5409365841491551,0.4758059487435306
2021-09-22,Lassen,035,31185.0,13941,47,2226,21,10463,22,1238,4,927,22,7987,26,7060,24,0.0297258297258297,0.2561167227833894,0.2263908930575597
2021-09-22,Los Angeles,037,10098052.0,12704311,17474,7142731,12673,5065424,4304,491596,480,695948,6228,6867369,6699,6171421,8695,0.0689190350772604,0.6800686904761433,0.6111496553988829
2021-09-22,Madera,039,155013.0,143584,302,77182,226,60545,71,5768,5,9246,137,78563,142,69317,151,0.0596466102842987,0.5068155574048628,0.4471689471205641
2021-09-22,Marin,041,260295.0,409735,296,259483,210,137110,81,13119,5,12458,75,212942,78,200484,83,0.0478610806969015,0.8180794867362031,0.7702184060393016
2021-09-22,Mariposa,043,17540.0,14795,25,3466,11,10697,13,610,1,2525,8,8860,9,6335,13,0.1439566704675028,0.5051311288483467,0.3611744583808438
2021-09-22,Mendocino,045,87422.0,107477,135,59471,99,44313,35,3681,1,6875,42,58159,43,51284,63,0.0786415318798471,0.6652673240145501,0.5866257921347029
2021-09-22,Merced,047,269075.0,251441,752,151397,534,89182,217,10013,1,26437,363,140430,364,113993,312,0.0982514168912013,0.5218990987642851,0.4236476818730837
2021-09-22,Modoc,049,8938.0,6479,8,1103,2,4936,6,430,0,301,1,3562,1,3261,2,0.033676437681808,0.398523159543522,0.364846721861714
2021-09-22,Mono,051,14174.0,16913,28,9387,26,7109,2,355,0,649,7,8847,7,8198,13,0.0457880626499223,0.6241710173557218,0.5783829547057994
2021-09-22,Monterey,053,433212.0,538173,1111,264139,758,250607,335,22726,16,29643,448,292371,465,262728,567,0.0684260823799894,0.6748912772499377,0.6064651948699482
2021-09-22,Napa,055,140530.0,197606,162,105923,110,85809,48,5860,4,10558,56,105544,59,94986,68,0.0751298655091439,0.7510424820323063,0.6759126165231624
2021-09-22,Nevada,057,99092.0,114974,158,62018,99,49510,49,3400,10,6567,53,61754,63,55187,84,0.0662717474670003,0.6231986436846567,0.5569268962176563
2021-09-22,Orange,059,3164182.0,4101613,4807,2378545,3458,1592954,1221,128875,127,178373,1516,2175737,1638,1997364,2257,0.0563725474704046,0.6876143660510047,0.6312418185806
2021-09-22,Placer,061,380077.0,469836,761,274366,549,182321,175,13130,37,19491,200,248205,238,228714,404,0.0512817139684853,0.6530387263633421,0.6017570123948568
2021-09-22,Plumas,063,18699.0,18423,40,2903,31,14257,9,1221,0,899,14,10153,14,9254,19,0.048077437296112,0.5429702123108188,0.4948927750147067
2021-09-22,Riverside,065,2383286.0,2547080,4636,1507620,3473,963819,1034,74468,120,153423,1587,1372496,1709,1219073,2503,0.064374565201155,0.5758838846869406,0.5115093194857856
2021-09-22,Sacramento,067,1510023.0,1802506,3029,1036423,2221,713152,698,52684,110,85582,976,960795,1084,875213,1644,0.0566759579158728,0.636278387812636,0.5796024298967631
2021-09-22,San Benito,069,59416.0,76025,122,43202,86,29376,31,3338,4,4455,50,41439,54,36984,54,0.0749798034199542,0.6974384004308604,0.6224585970109061
2021-09-22,San Bernardino,071,2135413.0,2122794,4303,1292823,3367,764246,839,65465,97,123741,1597,1148064,1692,1024323,2429,0.057947104377467,0.537630893883291,0.4796837895058239
2021-09-22,San Diego,073,3302833.0,4459708,6053,2471113,4407,1816910,1461,170496,181,272752,1961,2451200,2418,2178448,3227,0.0825812264804184,0.7421507536106124,0.659569527130194
2021-09-22,San Francisco,075,870044.0,1331896,961,858838,669,417214,262,55468,30,39856,279,702651,309,662795,393,0.0458091774668867,0.8076039832468243,0.7617948057799375
2021-09-22,San Joaquin,077,732212.0,817255,1854,477238,1407,313918,424,26053,23,62287,726,444147,749,381860,929,0.085066893194867,0.6065825198166651,0.5215156266217981
2021-09-22,San Luis Obispo,079,281455.0,329470,424,171252,301,145344,117,12739,6,17160,120,177006,126,159846,213,0.0609688937840862,0.6288962711623528,0.5679273773782665
2021-09-22,San Mateo,081,765935.0,1138437,1046,709500,779,387221,226,41207,41,40451,311,601831,352,561380,479,0.0528125754796425,0.7857468323030022,0.7329342568233597
2021-09-22,Santa Barbara,083,443738.0,545606,780,322287,589,199467,166,23491,25,31812,291,296921,316,265109,365,0.071690952769427,0.669135841419937,0.5974448886505099
2021-09-22,Santa Clara,085,1922200.0,2898640,2583,1878068,1882,909792,619,107027,82,81445,777,1524632,857,1443187,1166,0.0423707210487982,0.7931703256685049,0.7507996046197066
2021-09-22,Santa Cruz,087,273765.0,369526,432,183135,325,176079,101,10267,6,13862,101,194321,107,180459,176,0.0506346684199952,0.7098095081548043,0.6591748397348091
2021-09-22,Shasta,089,179085.0,143783,317,66902,205,69234,95,7595,16,12346,110,81134,126,68788,176,0.0689393304855236,0.4530474355752855,0.3841081050897618
2021-09-22,Sierra,091,2930.0,2940,2,373,0,2508,2,55,0,93,1,1532,1,1439,1,0.0317406143344709,0.5228668941979522,0.4911262798634812
2021-09-22,Siskiyou,093,43540.0,38084,93,16167,56,20711,36,1170,1,2739,42,20790,43,18051,37,0.062907671107028,0.477491961414791,0.414584290307763
2021-09-22,Solano,095,438530.0,532059,823,298454,654,218907,144,14651,25,39735,276,290236,301,250501,470,0.0906095364057191,0.6618384147036691,0.57122887829795
2021-09-22,Sonoma,097,501317.0,692335,783,390251,587,279640,171,22384,25,28118,248,366238,273,338120,361,0.0560882635139043,0.730551726751736,0.6744634632378316
2021-09-22,Stanislaus,099,539301.0,554319,1453,323572,1068,211968,348,18450,35,45922,549,303225,584,257303,779,0.0851509639329428,0.5622555863979485,0.4771046224650056
2021-09-22,Sutter,101,95872.0,99024,201,43170,139,51373,60,4472,2,6496,58,54425,61,47929,129,0.0677570093457943,0.5676839953271028,0.4999269859813084
2021-09-22,Tehama,103,63373.0,46833,156,18059,108,26905,45,1860,3,2880,75,25626,78,22746,80,0.0454452211509633,0.4043677906995092,0.3589225695485459
2021-09-22,Trinity,105,12862.0,10439,18,2301,12,7436,6,697,0,694,11,5886,11,5192,5,0.0539573938734255,0.4576271186440678,0.4036697247706422
2021-09-22,Tulare,107,460477.0,421322,941,253621,712,155538,217,12076,12,31141,347,230483,359,199342,528,0.0676276991033211,0.5005309711451387,0.4329032720418175
2021-09-22,Tuolumne,109,53932.0,53642,88,15508,42,36861,42,1268,4,3038,36,28316,40,25278,39,0.056330193577097,0.5250315211748128,0.4687013275977156
2021-09-22,Ventura,111,848112.0,1078087,1345,587743,972,451817,333,38125,39,48274,438,575918,477,527644,679,0.0569193691399249,0.6790588978814119,0.6221395287414869
2021-09-22,Yolo,113,214977.0,272333,356,137421,269,126614,68,8262,19,13732,120,145874,139,132142,197,0.0638766007526386,0.6785563106750955,0.6146797099224568
2021-09-22,Yuba,115,75493.0,62480,180,25291,108,33374,67,3796,5,4312,54,35032,59,30720,120,0.0571178784787993,0.4640430238565165,0.4069251453777171
2021-09-21,Alameda,001,1643700.0,2338503,2385,1499292,1806,724855,455,113573,122,79057,768,1251411,889,1172354,1136,0.0480969763338808,0.7613378353714182,0.7132408590375373
2021-09-21,Alpine,003,1148.0,1504,1,44,0,1454,1,6,0,91,1,786,1,695,0,0.0792682926829268,0.6846689895470384,0.6054006968641115
2021-09-21,Amador,005,37829.0,39484,60,11372,35,26630,23,1480,2,3166,18,21478,19,18312,29,0.083692405297523,0.567765470934997,0.4840730656374739
2021-09-21,Butte,007,227075.0,204011,342,101608,229,94021,105,8361,8,11662,117,110884,125,99222,192,0.0513574810084773,0.4883144335571948,0.4369569525487173
2021-09-21,Calaveras,009,45235.0,45835,83,19712,55,24735,25,1386,3,2679,26,24325,29,21646,43,0.0592240521719907,0.5377473195534431,0.4785232673814524
2021-09-21,Colusa,011,21464.0,22247,53,6238,28,15005,21,987,3,1405,16,12248,19,10843,35,0.0654584420424897,0.5706298919120387,0.505171449869549
2021-09-21,Contra Costa,013,1133247.0,1647356,2750,1116248,2204,477059,419,53674,126,49703,1049,864096,1171,814393,1140,0.0438589292537284,0.762495731292472,0.7186368020387436
2021-09-21,Del Norte,015,27424.0,22753,52,8690,35,12741,13,1270,4,1756,14,12642,18,10886,31,0.0640315052508751,0.4609830805134189,0.3969515752625437
2021-09-21,El Dorado,017,186661.0,210939,277,103329,168,99351,94,8233,15,10416,88,113592,103,103176,139,0.0558016939799958,0.6085470451781572,0.5527453511981614
2021-09-21,Fresno,019,978130.0,1033547,2357,571611,1718,424376,576,37042,62,68550,871,563628,929,495078,1271,0.0700827088423829,0.5762301534560845,0.5061474446137016
2021-09-21,Glenn,021,27897.0,25940,60,11532,39,13000,17,1387,4,1364,14,14240,18,12876,43,0.0488941463239774,0.510449152238592,0.4615550059146144
2021-09-21,Humboldt,023,135768.0,157313,216,80653,134,68518,75,8001,4,8073,66,85470,70,77397,98,0.0594617288315361,0.6295297861057098,0.5700680572741736
2021-09-21,Imperial,025,180216.0,260330,627,135795,475,108353,129,16145,23,25402,233,149906,256,124504,354,0.1409530785279886,0.8318129355884051,0.6908598570604164
2021-09-21,Inyo,027,18085.0,19612,46,7471,32,11403,11,581,3,866,18,10391,21,9525,21,0.0478849875587503,0.5745645562620957,0.5266795687033453
2021-09-21,Kern,029,883053.0,789374,2280,423871,1699,330672,522,34606,59,59015,875,437913,933,378898,1268,0.0668306432343245,0.4959079466351397,0.4290773034008151
2021-09-21,Kings,031,150075.0,111662,286,54824,197,51462,80,5336,9,9339,98,62777,107,53438,176,0.0622288855572213,0.4183041812427119,0.3560752956854905
2021-09-21,Lake,033,64148.0,62907,170,20923,102,39031,67,2950,1,4154,63,34625,64,30471,92,0.0647565005923801,0.5397674128577664,0.4750109122653863
2021-09-21,Lassen,035,31185.0,13894,60,2205,22,10441,25,1234,13,925,24,7961,37,7036,30,0.0296616963283629,0.2552829886163219,0.2256212922879589
2021-09-21,Los Angeles,037,10098052.0,12686837,18333,7130058,13187,5061120,4453,491116,687,697944,6342,6860670,7012,6162726,9173,0.0691166969629389,0.6794052951995098,0.6102885982365708
2021-09-21,Madera,039,155013.0,143282,353,76956,288,60474,58,5763,7,9255,140,78421,147,69166,198,0.059704669930909,0.5058995052027895,0.4461948352718804
2021-09-21,Marin,041,260295.0,409439,355,259273,250,137029,97,13114,8,12463,59,212864,67,200401,124,0.0478802896713344,0.8177798267350506,0.7698995370637162
2021-09-21,Mariposa,043,17540.0,14770,11,3455,4,10684,7,609,0,2529,4,8851,4,6322,6,0.1441847206385405,0.504618015963512,0.3604332953249715
2021-09-21,Mendocino,045,87422.0,107342,202,59372,145,44278,55,3680,2,6895,58,58116,60,51221,121,0.0788703072453158,0.6647754569787925,0.5859051497334767
2021-09-21,Merced,047,269075.0,250689,608,150863,468,88965,133,10012,7,26385,255,140066,261,113681,305,0.0980581622224286,0.5205463160828765,0.4224881538604478
2021-09-21,Modoc,049,8938.0,6471,36,1101,18,4930,17,430,1,302,21,3561,22,3259,9,0.0337883195345714,0.3984112776907585,0.364622958156187
2021-09-21,Mono,051,14174.0,16885,28,9361,21,7107,6,355,1,655,5,8840,6,8185,16,0.0462113729363623,0.6236771553548751,0.5774657824185128
2021-09-21,Monterey,053,433212.0,537062,779,263381,480,250272,249,22710,48,29745,259,291906,306,262161,441,0.0686615329215257,0.6738178997811695,0.6051563668596438
2021-09-21,Napa,055,140530.0,197444,394,105813,286,85761,97,5856,11,10567,103,105485,114,94918,183,0.0751939087739272,0.75062264285206,0.6754287340781328
2021-09-21,Nevada,057,99092.0,114816,157,61919,88,49461,55,3390,14,6588,55,61691,69,55103,88,0.0664836717393937,0.6225628708674766,0.556079199128083
2021-09-21,Orange,059,3164182.0,4096806,4964,2375087,3594,1591733,1201,128748,167,178992,1567,2174099,1734,1995107,2354,0.0565681746498779,0.6870966967134001,0.6305285220635223
2021-09-21,Placer,061,380077.0,469075,700,273817,493,182146,178,13093,29,19657,182,247967,211,228310,367,0.0517184675736758,0.6524125374595148,0.600694069885839
2021-09-21,Plumas,063,18699.0,18383,33,2872,24,14248,5,1221,4,904,8,10139,12,9235,24,0.0483448312743997,0.5422215091716135,0.4938766778972137
2021-09-21,Riverside,065,2383286.0,2542444,4953,1504147,3775,962785,1040,74348,133,154217,1753,1370787,1883,1216570,2589,0.0647077186707764,0.5751668075086247,0.5104590888378483
2021-09-21,Sacramento,067,1510023.0,1799477,2945,1034202,2077,712454,761,52574,106,86142,883,959711,989,873569,1634,0.0570468131942361,0.6355605179523756,0.5785137047581395
2021-09-21,San Benito,069,59416.0,75903,143,43116,87,29345,53,3334,3,4455,50,41385,53,36930,82,0.0749798034199542,0.6965295543288004,0.6215497509088461
2021-09-21,San Bernardino,071,2135413.0,2118491,4639,1289456,3623,763407,886,65368,129,124478,1695,1146372,1818,1021894,2587,0.0582922366774015,0.5368385413032514,0.4785463046258499
2021-09-21,San Diego,073,3302833.0,4453655,6375,2466706,4694,1815449,1408,170315,271,273561,2155,2448782,2699,2175221,3329,0.0828261677172294,0.7414186548335928,0.6585924871163634
2021-09-21,San Francisco,075,870044.0,1330935,1009,858169,701,416952,245,55438,63,39940,264,702342,323,662402,421,0.0459057243081959,0.8072488287948656,0.7613431044866696
2021-09-21,San Joaquin,077,732212.0,815401,1643,475831,1124,313494,490,26030,29,62467,627,443398,656,380931,895,0.0853127236374164,0.6055595920307233,0.5202468683933068
2021-09-21,San Luis Obispo,079,281455.0,329046,428,170951,289,145227,124,12733,15,17247,143,176880,159,159633,195,0.0612780018120125,0.6284485974667353,0.5671705956547228
2021-09-21,San Mateo,081,765935.0,1137391,1006,708721,692,386995,269,41166,45,40578,259,601479,303,560901,446,0.0529783858943644,0.7852872632795211,0.7323088773851567
2021-09-21,Santa Barbara,083,443738.0,544826,706,321698,505,199301,192,23466,9,31861,265,296605,274,264744,308,0.0718013782907932,0.6684237094862283,0.5966223311954352
2021-09-21,Santa Clara,085,1922200.0,2896057,2604,1876186,1746,909173,733,106945,123,81754,763,1523775,882,1442021,1219,0.0425314743523046,0.792724482363958,0.7501930080116533
2021-09-21,Santa Cruz,087,273765.0,369094,574,182810,433,175978,124,10261,17,13931,144,194214,160,180283,313,0.0508867094040509,0.7094186619911238,0.6585319525870729
2021-09-21,Shasta,089,179085.0,143466,339,66697,194,69139,113,7579,31,12396,91,81008,119,68612,218,0.0692185275148672,0.4523438590613396,0.3831253315464723
2021-09-21,Sierra,091,2930.0,2938,9,373,9,2506,0,55,0,93,3,1531,3,1438,6,0.0317406143344709,0.5225255972696246,0.4907849829351536
2021-09-21,Siskiyou,093,43540.0,37991,71,16111,39,20675,31,1169,1,2733,35,20747,36,18014,33,0.0627698667891594,0.4765043638033991,0.4137344970142397
2021-09-21,Solano,095,438530.0,531236,903,297800,659,218763,210,14626,34,39904,263,289935,293,250031,533,0.090994914829088,0.6611520306478462,0.5701571158187582
2021-09-21,Sonoma,097,501317.0,691552,968,389664,728,279469,208,22359,32,28206,305,365965,337,337759,474,0.0562638011477767,0.7300071611375637,0.6737433599897868
2021-09-21,Stanislaus,099,539301.0,552866,1527,322504,1187,211620,287,18415,53,46117,572,302641,624,256524,798,0.0855125430881826,0.5611727031843071,0.4756601600961244
2021-09-21,Sutter,101,95872.0,98823,239,43031,134,51313,86,4470,19,6564,67,54364,86,47800,162,0.0684662883845126,0.5670477303070761,0.4985814419225634
2021-09-21,Tehama,103,63373.0,46677,98,17951,44,26860,46,1857,8,2882,39,25548,47,22666,57,0.0454767803323181,0.4031369826266706,0.3576602022943524
2021-09-21,Trinity,105,12862.0,10421,31,2289,11,7430,17,697,3,688,13,5875,16,5187,17,0.0534909034364795,0.4567718861763334,0.4032809827398538
2021-09-21,Tulare,107,460477.0,420381,1118,252909,812,155321,284,12064,22,31310,430,230124,452,198814,589,0.0679947098334987,0.4997513448011518,0.4317566349676531
2021-09-21,Tuolumne,109,53932.0,53554,92,15466,46,36819,43,1264,3,3037,43,28276,46,25239,38,0.0563116517095601,0.5242898464733368,0.4679781947637766
2021-09-21,Ventura,111,848112.0,1076742,1321,586771,892,451484,368,38086,61,48476,408,575441,467,526965,693,0.0571575452298752,0.6784964721640538,0.6213389269341785
2021-09-21,Yolo,113,214977.0,271977,352,137152,262,126546,77,8243,13,13790,135,145735,148,131945,158,0.0641463970564292,0.67790972987808,0.6137633328216507
2021-09-21,Yuba,115,75493.0,62300,172,25183,93,33307,67,3791,12,4373,52,34973,63,30600,110,0.0579259004146079,0.4632614944431934,0.4053355940285854
2021-09-20,Alameda,001,1643700.0,2336118,2676,1497486,1973,724400,623,113451,75,79304,868,1250522,942,1171218,1288,0.0482472470645494,0.7607969824177161,0.7125497353531667
2021-09-20,Alpine,003,1148.0,1503,1,44,0,1453,1,6,0,90,1,785,1,695,0,0.078397212543554,0.6837979094076655,0.6054006968641115
2021-09-20,Amador,005,37829.0,39424,47,11337,27,26607,17,1478,3,3176,11,21459,14,18283,30,0.0839567527558222,0.5672632107642285,0.4833064580084062
2021-09-20,Butte,007,227075.0,203669,469,101379,318,93916,135,8353,16,11729,170,110759,186,99030,257,0.0516525377078057,0.4877639546405373,0.4361114169327315
2021-09-20,Calaveras,009,45235.0,45752,74,19657,44,24710,28,1383,2,2693,26,24296,28,21603,43,0.0595335470321653,0.5371062230573671,0.4775726760252017
2021-09-20,Colusa,011,21464.0,22194,46,6210,27,14984,19,984,0,1421,17,12229,17,10808,29,0.0662038762579202,0.5697446887812151,0.5035408125232949
2021-09-20,Contra Costa,013,1133247.0,1644606,2651,1114044,2079,476640,469,53548,103,49672,881,862925,985,813253,1173,0.0438315742287427,0.7614624172841402,0.7176308430553975
2021-09-20,Del Norte,015,27424.0,22701,88,8655,49,12728,36,1266,3,1769,29,12624,32,10855,46,0.0645055425904317,0.4603267211201867,0.3958211785297549
2021-09-20,El Dorado,017,186661.0,210662,333,103161,228,99257,95,8218,10,10452,82,113489,92,103037,198,0.0559945569776225,0.6079952427127252,0.5520006857351026
2021-09-20,Fresno,019,978130.0,1031190,2545,569893,1833,423800,620,36980,90,68892,980,562699,1071,493807,1299,0.0704323556173514,0.5752803819533191,0.5048480263359676
2021-09-20,Glenn,021,27897.0,25880,64,11493,51,12983,4,1383,8,1389,21,14222,29,12833,42,0.0497903000322615,0.5098039215686274,0.4600136215363659
2021-09-20,Humboldt,023,135768.0,157097,236,80519,184,68443,45,7997,6,8101,58,85400,64,77299,140,0.0596679629956985,0.6290142006953038,0.5693462376996052
2021-09-20,Imperial,025,180216.0,259703,483,135320,389,108224,86,16122,8,25500,173,149650,182,124150,295,0.14149687042216,0.8303924179873041,0.688895547565144
2021-09-20,Inyo,027,18085.0,19566,19,7439,14,11392,5,578,0,866,6,10370,6,9504,11,0.0478849875587503,0.5734033729610174,0.525518385402267
2021-09-20,Kern,029,883053.0,787094,2586,422172,1799,330150,662,34547,125,59350,917,436980,1041,377630,1528,0.0672100089122623,0.4948513849112114,0.4276413759989491
2021-09-20,Kings,031,150075.0,111376,384,54627,261,51382,112,5327,11,9408,134,62670,145,53262,222,0.0626886556721639,0.4175912043978011,0.3549025487256372
2021-09-20,Lake,033,64148.0,62737,131,20821,63,38964,66,2949,2,4182,69,34561,71,30379,54,0.0651929912078318,0.538769720022448,0.4735767288146162
2021-09-20,Lassen,035,31185.0,13834,40,2183,20,10416,18,1221,2,918,13,7924,15,7006,24,0.0294372294372294,0.2540965207631874,0.224659291325958
2021-09-20,Los Angeles,037,10098052.0,12668504,20219,7116871,14279,5056667,5229,490429,683,700105,6868,6853658,7531,6153553,10295,0.0693306986337563,0.678710903845613,0.6093802052118567
2021-09-20,Madera,039,155013.0,142929,240,76668,144,60416,73,5756,23,9306,79,78274,100,68968,139,0.0600336745950339,0.5049511976414881,0.4449175230464541
2021-09-20,Marin,041,260295.0,409084,411,259023,261,136932,133,13106,17,12520,83,212797,99,200277,133,0.048099271979869,0.8175224264776504,0.7694231544977813
2021-09-20,Mariposa,043,17540.0,14759,16,3451,9,10677,7,609,0,2531,8,8847,8,6316,7,0.1442987457240593,0.5043899657924743,0.360091220068415
2021-09-20,Mendocino,045,87422.0,107140,129,59227,80,44223,47,3678,2,6956,47,58056,49,51100,64,0.0795680721099952,0.6640891308823866,0.5845210587723914
2021-09-20,Merced,047,269075.0,250081,648,150395,466,88832,164,10005,16,26429,259,139805,274,113376,338,0.0982216854036978,0.5195763263030754,0.4213546408993775
2021-09-20,Modoc,049,8938.0,6435,9,1083,2,4913,5,429,2,289,3,3539,5,3250,3,0.0323338554486462,0.395949876929962,0.3636160214813157
2021-09-20,Mono,051,14174.0,16857,23,9340,20,7101,3,354,0,665,5,8834,5,8169,9,0.0469168900804289,0.6232538450684352,0.5763369549880062
2021-09-20,Monterey,053,433212.0,536283,872,262901,556,250023,297,22662,17,29880,287,291600,304,261720,483,0.0689731586382648,0.6731115481565607,0.6041383895182959
2021-09-20,Napa,055,140530.0,197050,214,105527,139,85664,69,5845,6,10636,67,105371,72,94735,107,0.075684907137266,0.7498114281648046,0.6741265210275386
2021-09-20,Nevada,057,99092.0,114659,167,61831,105,49406,53,3376,9,6607,45,61622,54,55015,107,0.0666754127477495,0.6218665482581843,0.5551911355104348
2021-09-20,Orange,059,3164182.0,4091842,6341,2371493,4436,1590532,1712,128581,191,179612,1999,2172365,2190,1992753,3041,0.0567641178667978,0.6865486877809178,0.62978456991412
2021-09-20,Placer,061,380077.0,468375,782,273324,555,181968,196,13064,31,19813,208,247756,239,227943,413,0.0521289107207223,0.6518573867926762,0.5997284760719538
2021-09-20,Plumas,063,18699.0,18350,17,2848,10,14243,3,1217,4,916,2,10127,5,9211,15,0.0489865768222899,0.5415797636237232,0.4925931868014332
2021-09-20,Riverside,065,2383286.0,2537491,5041,1500372,3669,961745,1244,74215,123,154923,1713,1368904,1838,1213981,2745,0.0650039483301626,0.5743767218873438,0.5093727735571811
2021-09-20,Sacramento,067,1510023.0,1796532,3439,1032125,2458,711693,858,52468,120,86787,1034,958722,1151,871935,1970,0.0574739590059224,0.6349055610411232,0.5774316020352008
2021-09-20,San Benito,069,59416.0,75760,166,43029,106,29292,55,3331,4,4484,75,41332,79,36848,76,0.0754678874377272,0.6956375387101118,0.6201696512723845
2021-09-20,San Bernardino,071,2135413.0,2113852,4373,1285833,3284,762521,949,65239,140,125247,1539,1144554,1678,1019307,2533,0.0586523543689206,0.5359871837438472,0.4773348293749265
2021-09-20,San Diego,073,3302833.0,4447280,6675,2462012,4685,1814041,1661,170044,325,274191,2095,2446083,2751,2171892,3597,0.0830169130561551,0.7406014775800048,0.6575845645238497
2021-09-20,San Francisco,075,870044.0,1329926,1215,857468,875,416707,308,55375,32,40038,319,702019,350,661981,511,0.0460183622897232,0.8068775832026887,0.7608592209129653
2021-09-20,San Joaquin,077,732212.0,813758,1989,474707,1326,313004,614,26001,49,62706,749,442742,797,380036,1092,0.0856391318361348,0.6046636766400988,0.5190245448039639
2021-09-20,San Luis Obispo,079,281455.0,328618,461,170662,309,145103,132,12718,20,17283,121,176721,140,159438,219,0.0614059085821889,0.6278836758984563,0.5664777673162672
2021-09-20,San Mateo,081,765935.0,1136385,1116,708029,800,386726,273,41121,43,40721,265,601176,308,560455,514,0.0531650858101536,0.7848916683530587,0.7317265825429051
2021-09-20,Santa Barbara,083,443738.0,544120,891,321193,639,199109,219,23457,31,31895,277,296331,306,264436,384,0.0718780000811289,0.667806227999405,0.5959282279182762
2021-09-20,Santa Clara,085,1922200.0,2893453,2721,1874440,1887,908440,704,106822,127,82091,818,1522893,943,1440802,1256,0.0427067942981999,0.7922656331287067,0.7495588388305067
2021-09-20,Santa Cruz,087,273765.0,368520,343,182377,201,175854,127,10244,15,14084,79,194054,93,179970,167,0.0514455828904352,0.7088342191295454,0.6573886362391101
2021-09-20,Shasta,089,179085.0,143127,352,66503,196,69026,129,7548,27,12495,121,80889,148,68394,196,0.0697713376329675,0.4516793701315018,0.3819080324985342
2021-09-20,Sierra,091,2930.0,2929,2,364,2,2506,0,55,0,96,1,1528,1,1432,0,0.0327645051194539,0.5215017064846417,0.4887372013651877
2021-09-20,Siskiyou,093,43540.0,37920,62,16072,46,20644,16,1168,0,2730,27,20711,27,17981,31,0.062700964630225,0.4756775378961874,0.4129765732659623
2021-09-20,Solano,095,438530.0,530333,1157,297141,825,218553,299,14592,33,40144,319,289642,351,249498,599,0.091542197797186,0.6604838893576266,0.5689416915604406
2021-09-20,Sonoma,097,501317.0,690584,623,388936,415,279261,188,22327,20,28343,148,365628,167,337285,303,0.0565370813277826,0.729334931789666,0.6727978504618835
2021-09-20,Stanislaus,099,539301.0,551339,1695,321317,1265,211333,402,18362,28,46291,664,302017,691,255726,897,0.0858351829497812,0.5600156498875396,0.4741804669377583
2021-09-20,Sutter,101,95872.0,98584,240,42897,140,51227,97,4451,3,6640,76,54278,79,47638,148,0.0692590120160213,0.5661507009345794,0.496891688918558
2021-09-20,Tehama,103,63373.0,46579,97,17907,47,26814,41,1849,9,2892,33,25501,42,22609,57,0.0456345762390923,0.402395341864832,0.3567607656257396
2021-09-20,Trinity,105,12862.0,10390,10,2278,4,7413,6,694,0,689,2,5859,2,5170,7,0.0535686518426372,0.4555279116778106,0.4019592598351734
2021-09-20,Tulare,107,460477.0,419263,1095,252097,782,155037,290,12042,23,31447,386,229672,408,198225,637,0.0682922274076664,0.4987697539725111,0.4304775265648447
2021-09-20,Tuolumne,109,53932.0,53462,113,15420,61,36776,52,1261,0,3029,47,28230,47,25201,55,0.056163316769265,0.5234369205666395,0.4672736037973745
2021-09-20,Ventura,111,848112.0,1075421,1663,585879,1205,451116,388,38025,69,48702,553,574974,620,526272,854,0.0574240194691267,0.6779458373422378,0.6205218178731111
2021-09-20,Yolo,113,214977.0,271625,448,136890,337,126469,102,8230,9,13800,144,145587,153,131787,225,0.0641929136605311,0.6772212841373728,0.6130283704768417
2021-09-20,Yuba,115,75493.0,62128,212,25090,113,33240,86,3779,12,4420,75,34910,87,30490,130,0.0585484746930178,0.4624269799848993,0.4038785052918813
2021-09-19,Alameda,001,1643700.0,2333442,970,1495513,699,723777,223,113376,48,79650,313,1249580,361,1169930,492,0.0484577477641905,0.7602238851371905,0.711766137373
2021-09-19,Alpine,003,1148.0,1502,0,44,0,1452,0,6,0,89,0,784,0,695,0,0.0775261324041811,0.6829268292682927,0.6054006968641115
2021-09-19,Amador,005,37829.0,39377,17,11310,4,26590,13,1475,0,3192,4,21445,4,18253,12,0.0843797086891009,0.5668931243226096,0.4825134156335087
2021-09-19,Butte,007,227075.0,203200,188,101061,132,93781,55,8337,1,11800,66,110573,67,98773,114,0.0519652097324672,0.4869448420125509,0.4349796322800837
2021-09-19,Calaveras,009,45235.0,45678,52,19613,32,24682,20,1381,0,2708,18,24268,18,21560,26,0.0598651486680667,0.5364872333370178,0.476622084668951
2021-09-19,Colusa,011,21464.0,22148,28,6183,18,14965,10,984,0,1433,9,12212,9,10779,19,0.0667629519194931,0.5689526649273202,0.5021897130078271
2021-09-19,Contra Costa,013,1133247.0,1641955,996,1111965,821,476171,151,53445,24,49860,354,861940,378,812080,434,0.0439974692189787,0.7605932334257227,0.716595764206744
2021-09-19,Del Norte,015,27424.0,22613,12,8606,7,12692,5,1263,0,1783,4,12592,4,10809,7,0.0650160443407234,0.4591598599766627,0.3941438156359393
2021-09-19,El Dorado,017,186661.0,210329,128,102933,96,99162,27,8208,5,10558,42,113397,47,102839,67,0.0565624313595234,0.6075023706076792,0.5509399392481558
2021-09-19,Fresno,019,978130.0,1028645,925,568060,696,423180,223,36890,6,69120,336,561628,342,492508,540,0.0706654534673305,0.5741854354738123,0.5035199820064817
2021-09-19,Glenn,021,27897.0,25816,34,11442,32,12979,2,1375,0,1402,15,14193,15,12791,17,0.0502562999605692,0.508764383267018,0.4585080833064487
2021-09-19,Humboldt,023,135768.0,156861,112,80335,89,68398,13,7991,10,8177,26,85336,36,77159,65,0.0602277414412821,0.6285428083200755,0.5683150668787932
2021-09-19,Imperial,025,180216.0,259220,105,134931,84,108138,21,16114,0,25613,60,149468,60,123855,44,0.142123895769521,0.8293825187552715,0.6872586229857505
2021-09-19,Inyo,027,18085.0,19547,2,7425,0,11387,2,578,0,871,2,10364,2,9493,0,0.0481614597732927,0.5730716063035665,0.5249101465302737
2021-09-19,Kern,029,883053.0,784508,758,420373,547,329488,211,34422,0,59837,273,435939,273,376102,469,0.0677615046888465,0.4936725202224555,0.425911015533609
2021-09-19,Kings,031,150075.0,110992,280,54366,235,51270,42,5316,3,9485,144,62525,147,53040,132,0.0632017324670997,0.4166250208229218,0.3534232883558221
2021-09-19,Lake,033,64148.0,62606,106,20758,72,38898,34,2947,0,4165,55,34490,55,30325,32,0.0649279790484504,0.5376629045332668,0.4727349254848164
2021-09-19,Lassen,035,31185.0,13794,14,2163,6,10398,8,1219,0,927,5,7909,5,6982,9,0.0297258297258297,0.2536155202821869,0.2238896905563572
2021-09-19,Los Angeles,037,10098052.0,12648285,8229,7102592,5866,5051438,2253,489746,109,702869,2965,6846127,3071,6143258,4156,0.0696044147920807,0.6779651164402798,0.6083607016481991
2021-09-19,Madera,039,155013.0,142689,68,76524,42,60343,19,5733,7,9345,27,78174,34,68829,38,0.0602852663970118,0.5043060904569294,0.4440208240599175
2021-09-19,Marin,041,260295.0,408673,159,258762,114,136799,45,13089,0,12554,29,212698,29,200144,41,0.0482298930060124,0.8171420887838798,0.7689121957778674
2021-09-19,Mariposa,043,17540.0,14743,5,3442,4,10670,1,609,0,2530,2,8839,2,6309,3,0.1442417331812998,0.5039338654503991,0.3596921322690992
2021-09-19,Mendocino,045,87422.0,107011,39,59147,29,44176,10,3676,0,6971,11,58007,11,51036,25,0.0797396536340966,0.6635286312369884,0.5837889776028917
2021-09-19,Merced,047,269075.0,249433,264,149929,185,88668,78,9989,1,26493,102,139531,103,113038,142,0.0984595373037257,0.518558022856081,0.4200984855523553
2021-09-19,Modoc,049,8938.0,6426,4,1081,3,4908,1,427,0,287,2,3534,2,3247,2,0.0321100917431192,0.3953904676661445,0.3632803759230253
2021-09-19,Mono,051,14174.0,16834,8,9320,8,7098,0,354,0,669,5,8829,5,8160,1,0.0471990969380555,0.6229010864964019,0.5757019895583463
2021-09-19,Monterey,053,433212.0,535411,279,262345,165,249726,109,22645,0,30059,94,291296,94,261237,145,0.0693863512552745,0.6724098132092371,0.6030234619539625
2021-09-19,Napa,055,140530.0,196836,70,105388,49,85595,21,5839,0,10671,25,105299,25,94628,30,0.07593396427809,0.7492990820465381,0.673365117768448
2021-09-19,Nevada,057,99092.0,114492,42,61726,27,49353,15,3367,0,6660,10,61568,10,54908,25,0.0672102692447422,0.6213216001291729,0.5541113308844307
2021-09-19,Orange,059,3164182.0,4085501,2826,2367057,2046,1588820,755,128390,25,180463,881,2170175,906,1989712,1480,0.0570330657338926,0.6858565657727653,0.6288235000388726
2021-09-19,Placer,061,380077.0,467593,293,272769,216,181772,69,13033,7,19987,82,247517,88,227530,178,0.0525867126924281,0.6512285668430344,0.5986418541506063
2021-09-19,Plumas,063,18699.0,18333,33,2838,16,14240,12,1213,5,926,18,10122,23,9196,12,0.0495213647788651,0.5413123696454356,0.4917910048665704
2021-09-19,Riverside,065,2383286.0,2532450,2191,1496703,1640,960501,531,74092,19,155830,721,1367066,743,1211236,1323,0.0653845153288359,0.5736055177599332,0.5082210024310972
2021-09-19,Sacramento,067,1510023.0,1793093,1433,1029667,1037,710835,355,52348,41,87606,491,957571,533,869965,830,0.0580163348505287,0.6341433209957729,0.5761269861452442
2021-09-19,San Benito,069,59416.0,75594,65,42923,50,29237,15,3327,0,4481,28,41253,28,36772,36,0.0754173959876127,0.6943079305237646,0.6188905345361518
2021-09-19,San Bernardino,071,2135413.0,2109479,1858,1282549,1445,761572,409,65099,4,126102,715,1142876,719,1016774,1057,0.0590527453003236,0.535201387272626,0.4761486419723023
2021-09-19,San Diego,073,3302833.0,4440605,2801,2457327,1982,1812380,733,169719,86,275037,918,2443332,1147,2168295,1558,0.0832730567969982,0.7397685562666959,0.6564954994696977
2021-09-19,San Francisco,075,870044.0,1328711,477,856593,386,416399,86,55343,5,40199,136,701669,141,661470,209,0.0462034104022325,0.8064753046972337,0.7602718942950012
2021-09-19,San Joaquin,077,732212.0,811769,817,473381,604,312390,200,25952,13,63001,290,441945,306,378944,470,0.0860420206169797,0.6035751940694771,0.5175331734524974
2021-09-19,San Luis Obispo,079,281455.0,328157,195,170353,130,144971,61,12698,4,17362,60,176581,64,159219,105,0.0616865928834094,0.6273862606811036,0.5656996677976941
2021-09-19,San Mateo,081,765935.0,1135269,543,707229,399,386453,130,41078,14,40927,173,600868,187,559941,237,0.0534340381363953,0.7844895454575127,0.7310555073211173
2021-09-19,Santa Barbara,083,443738.0,543229,500,320554,378,198890,111,23426,11,31973,177,296025,188,264052,273,0.0720537794824874,0.6671166318863834,0.595062852403896
2021-09-19,Santa Clara,085,1922200.0,2890732,1238,1872553,920,907736,294,106695,24,82404,402,1521950,426,1439546,609,0.042869628550619,0.7917750494225366,0.7489054208719176
2021-09-19,Santa Cruz,087,273765.0,368177,151,182176,99,175727,50,10229,2,14158,45,193961,47,179803,85,0.0517158877139152,0.708494511716253,0.6567786240023378
2021-09-19,Shasta,089,179085.0,142775,173,66307,114,68897,59,7521,0,12543,67,80741,67,68198,96,0.0700393667811374,0.4508529469246447,0.3808135801435072
2021-09-19,Sierra,091,2930.0,2927,0,362,0,2506,0,55,0,95,0,1527,0,1432,0,0.0324232081911262,0.521160409556314,0.4887372013651877
2021-09-19,Siskiyou,093,43540.0,37858,19,16026,17,20628,1,1168,1,2734,8,20684,9,17950,9,0.0627928341754708,0.4750574184657786,0.4122645842903077
2021-09-19,Solano,095,438530.0,529176,294,296316,217,218254,70,14559,7,40392,98,289291,105,248899,178,0.0921077235308872,0.6596834880167833,0.5675757644858961
2021-09-19,Sonoma,097,501317.0,689961,229,388521,157,279073,70,22307,2,28479,69,365461,71,336982,110,0.056808366761949,0.7290018092344764,0.6721934424725273
2021-09-19,Stanislaus,099,539301.0,549644,600,320052,440,210931,159,18334,1,46497,201,301326,202,254829,380,0.0862171588778808,0.5587343617015359,0.472517202823655
2021-09-19,Sutter,101,95872.0,98344,120,42757,71,51130,46,4448,3,6709,45,54199,49,47490,73,0.0699787216288384,0.5653266855807744,0.4953479639519359
2021-09-19,Tehama,103,63373.0,46482,44,17860,19,26773,25,1840,0,2907,19,25459,19,22552,25,0.0458712700992536,0.4017325990563805,0.3558613289571268
2021-09-19,Trinity,105,12862.0,10380,5,2274,4,7407,1,694,0,694,1,5857,1,5163,3,0.0539573938734255,0.4553724148654952,0.4014150209920696
2021-09-19,Tulare,107,460477.0,418168,483,251315,364,154747,113,12019,6,31676,163,229264,168,197588,294,0.0687895378053627,0.497883716233384,0.4290941784280214
2021-09-19,Tuolumne,109,53932.0,53349,32,15359,18,36724,14,1261,0,3037,8,28183,9,25146,20,0.0563116517095601,0.5225654527924053,0.4662538010828451
2021-09-19,Ventura,111,848112.0,1073758,659,584674,502,450728,147,37956,10,48936,206,574354,216,525418,374,0.0576999264248118,0.6772148018186277,0.6195148753938159
2021-09-19,Yolo,113,214977.0,271177,137,136553,97,126367,37,8221,3,13872,57,145434,60,131562,71,0.0645278332100643,0.6765095800946148,0.6119817468845504
2021-09-19,Yuba,115,75493.0,61916,106,24977,67,33154,35,3767,4,4463,35,34823,39,30360,71,0.0591180639264567,0.4612745552567788,0.402156491330322
2021-09-18,Alameda,001,1643700.0,2332472,1931,1494814,1556,723554,348,113328,27,79781,607,1249219,634,1169438,999,0.0485374460059621,0.7600042586846748,0.7114668126787127
2021-09-18,Alpine,003,1148.0,1502,0,44,0,1452,0,6,0,89,0,784,0,695,0,0.0775261324041811,0.6829268292682927,0.6054006968641115
2021-09-18,Amador,005,37829.0,39360,35,11306,12,26577,23,1475,0,3200,13,21441,13,18241,18,0.0845911866557403,0.56678738533929,0.4821961986835497
2021-09-18,Butte,007,227075.0,203012,266,100929,187,93726,78,8336,1,11847,110,110506,111,98659,141,0.0521721898051304,0.4866497853132225,0.434477595508092
2021-09-18,Calaveras,009,45235.0,45626,63,19581,38,24662,24,1381,1,2716,25,24250,26,21534,23,0.0600420028738808,0.5360893113739361,0.4760473085000553
2021-09-18,Colusa,011,21464.0,22120,37,6165,30,14955,7,984,0,1443,12,12203,12,10760,24,0.0672288483041371,0.5685333581811405,0.5013045098770034
2021-09-18,Contra Costa,013,1133247.0,1640959,1453,1111144,1129,476020,286,53421,37,49916,522,861562,559,811646,627,0.0440468847479852,0.760259678604929,0.7162127938569438
2021-09-18,Del Norte,015,27424.0,22601,42,8599,25,12687,14,1263,3,1786,10,12588,12,10802,26,0.0651254375729288,0.4590140023337223,0.3938885647607935
2021-09-18,El Dorado,017,186661.0,210201,185,102837,125,99135,51,8203,9,10578,60,113350,69,102772,106,0.056669577469316,0.6072505772496665,0.5505809997803505
2021-09-18,Fresno,019,978130.0,1027720,1910,567364,1465,422957,409,36884,36,69318,617,561286,652,491968,1178,0.0708678805475754,0.5738357886988437,0.5029679081512682
2021-09-18,Glenn,021,27897.0,25782,51,11410,43,12977,8,1375,0,1404,18,14178,18,12774,33,0.0503279922572319,0.5082266910420475,0.4578986987848156
2021-09-18,Humboldt,023,135768.0,156749,148,80246,124,68385,21,7981,3,8206,43,85300,46,77094,86,0.0604413411113075,0.6282776501090095,0.567836308997702
2021-09-18,Imperial,025,180216.0,259115,223,134847,176,108117,45,16114,2,25597,83,149408,85,123811,130,0.1420351134194522,0.8290495849425135,0.6870144715230612
2021-09-18,Inyo,027,18085.0,19545,18,7425,14,11385,3,578,0,869,9,10362,9,9493,6,0.0480508708874758,0.5729610174177495,0.5249101465302737
2021-09-18,Kern,029,883053.0,783750,1577,419826,1175,329277,364,34422,38,60033,569,435666,607,375633,970,0.0679834619213116,0.4933633655058076,0.425379903584496
2021-09-18,Kings,031,150075.0,110712,167,54131,117,51228,44,5313,6,9470,52,62378,58,52908,110,0.0631017824421122,0.4156455105780443,0.352543728135932
2021-09-18,Lake,033,64148.0,62500,182,20686,127,38864,54,2947,1,4142,89,34435,90,30293,54,0.0645694331857579,0.5368055122529152,0.4722360790671572
2021-09-18,Lassen,035,31185.0,13780,23,2157,13,10390,10,1219,0,931,7,7904,7,6973,16,0.0298540965207631,0.2534551867885201,0.2236010902677569
2021-09-18,Los Angeles,037,10098052.0,12640056,15591,7096726,11486,5049185,3697,489637,404,703954,5472,6843056,5872,6139102,8386,0.0697118612579931,0.6776609983786972,0.6079491371207041
2021-09-18,Madera,039,155013.0,142621,225,76482,170,60324,53,5726,2,9349,63,78140,65,68791,155,0.0603110706843942,0.5040867540141795,0.4437756833297852
2021-09-18,Marin,041,260295.0,408514,310,258648,208,136754,83,13089,19,12566,80,212669,99,200103,144,0.0482759945446512,0.8170306767321692,0.768754682187518
2021-09-18,Mariposa,043,17540.0,14738,12,3438,9,10669,3,609,0,2531,2,8837,2,6306,8,0.1442987457240593,0.5038198403648803,0.359521094640821
2021-09-18,Mendocino,045,87422.0,106972,55,59118,34,44166,21,3676,0,6985,27,57996,27,51011,20,0.0798997963899247,0.6634028047859807,0.583503008396056
2021-09-18,Merced,047,269075.0,249169,421,149744,289,88590,124,9988,8,26532,175,139428,183,112896,224,0.0986044783053052,0.5181752299544736,0.4195707516491684
2021-09-18,Modoc,049,8938.0,6422,4,1078,3,4907,1,427,0,287,1,3532,1,3245,2,0.0321100917431192,0.3951667039606176,0.3630566122174983
2021-09-18,Mono,051,14174.0,16826,13,9312,6,7098,7,354,0,665,7,8824,7,8159,4,0.0469168900804289,0.6225483279243685,0.5756314378439396
2021-09-18,Monterey,053,433212.0,535132,772,262180,540,249617,175,22645,57,30110,232,291202,288,261092,497,0.0695040765260426,0.6721928293768409,0.6026887528507983
2021-09-18,Napa,055,140530.0,196766,106,105339,73,85574,27,5839,6,10676,42,105274,48,94598,52,0.0759695438696363,0.7491211840888067,0.6731516402191703
2021-09-18,Nevada,057,99092.0,114450,67,61699,35,49338,31,3367,1,6675,19,61558,20,54883,39,0.0673616437250232,0.6212206838089855,0.5538590400839624
2021-09-18,Orange,059,3164182.0,4082675,4515,2365011,3334,1588065,1088,128365,93,181037,1418,2169269,1508,1988232,2373,0.0572144712282668,0.6855702358461049,0.628355764617838
2021-09-18,Placer,061,380077.0,467300,451,272553,294,181703,133,13026,24,20077,119,247429,143,227352,272,0.0528235068157241,0.6509970348113672,0.5981735279956429
2021-09-18,Plumas,063,18699.0,18300,6,2822,0,14228,6,1208,0,915,2,10099,2,9184,4,0.0489330980266324,0.5400823573453126,0.4911492593186801
2021-09-18,Riverside,065,2383286.0,2530259,3645,1495063,2735,959970,833,74073,76,156410,1254,1366323,1329,1209913,2074,0.0656278768053855,0.573293763316698,0.5076658865113125
2021-09-18,Sacramento,067,1510023.0,1791660,2210,1028630,1655,710480,508,52307,46,87903,750,957038,796,869135,1324,0.058213020596375,0.6337903462397593,0.5755773256433843
2021-09-18,San Benito,069,59416.0,75529,65,42873,35,29222,27,3327,3,4489,23,41225,26,36736,39,0.0755520398545846,0.6938366769893631,0.6182846371347785
2021-09-18,San Bernardino,071,2135413.0,2107621,3510,1281104,2898,761163,565,65095,47,126440,1410,1142157,1457,1015717,1937,0.0592110284989367,0.5348646842554579,0.4756536557565211
2021-09-18,San Diego,073,3302833.0,4437804,4806,2455345,3552,1811647,1149,169633,104,275448,1615,2442185,1932,2166737,2713,0.0833974954228688,0.7394212786416994,0.6560237832188306
2021-09-18,San Francisco,075,870044.0,1328234,876,856207,676,416313,159,55338,41,40267,244,701528,281,661261,410,0.0462815673690066,0.8063132439278933,0.7600316765588867
2021-09-18,San Joaquin,077,732212.0,810952,1064,472777,820,312190,228,25939,16,63165,396,441639,412,378474,605,0.0862659994646359,0.6031572823171432,0.5168912828525072
2021-09-18,San Luis Obispo,079,281455.0,327962,311,170223,202,144910,89,12694,20,17403,95,176517,114,159114,165,0.061832264482777,0.6271588708674566,0.5653266063846796
2021-09-18,San Mateo,081,765935.0,1134726,796,706830,562,386323,203,41064,31,40977,230,600681,261,559704,375,0.0534993178272307,0.7842453994137883,0.7307460815865576
2021-09-18,Santa Barbara,083,443738.0,542729,543,320176,384,198779,134,23415,25,32058,162,295837,188,263779,308,0.0722453339583267,0.6666929584574681,0.5944476244991413
2021-09-18,Santa Clara,085,1922200.0,2889494,2004,1871633,1454,907442,472,106671,77,82587,635,1521524,711,1438937,1053,0.0429648319633753,0.7915534283633336,0.7485885963999583
2021-09-18,Santa Cruz,087,273765.0,368026,230,182077,147,175677,75,10227,8,14196,56,193914,64,179718,131,0.05185469289354,0.7083228316256643,0.6564681387321243
2021-09-18,Shasta,089,179085.0,142602,246,66193,153,68838,91,7521,2,12572,78,80674,80,68102,148,0.0702013010581567,0.4504788229053242,0.3802775218471675
2021-09-18,Sierra,091,2930.0,2927,0,362,0,2506,0,55,0,95,0,1527,0,1432,0,0.0324232081911262,0.521160409556314,0.4887372013651877
2021-09-18,Siskiyou,093,43540.0,37839,22,16009,10,20627,12,1167,0,2734,7,20675,7,17941,14,0.0627928341754708,0.4748507119889756,0.4120578778135048
2021-09-18,Solano,095,438530.0,528882,382,296099,286,218184,89,14552,7,40465,136,289186,143,248721,224,0.092274188767017,0.6594440517182405,0.5671698629512234
2021-09-18,Sonoma,097,501317.0,689732,599,388364,442,279003,139,22305,18,28518,170,365390,188,336872,312,0.0568861618496879,0.7288601822798748,0.6719740204301868
2021-09-18,Stanislaus,099,539301.0,549044,864,319612,614,210772,219,18333,31,46675,337,301124,368,254449,492,0.086547215747792,0.558359802781749,0.4718125870339569
2021-09-18,Sutter,101,95872.0,98224,194,42686,132,51084,61,4445,1,6733,79,54150,80,47417,110,0.0702290554072096,0.5648155874499332,0.4945865320427236
2021-09-18,Tehama,103,63373.0,46438,65,17841,31,26748,34,1840,0,2913,23,25440,23,22527,40,0.0459659476433181,0.4014327868335095,0.3554668391901914
2021-09-18,Trinity,105,12862.0,10375,8,2270,4,7406,4,694,0,696,0,5856,0,5160,7,0.0541128906857409,0.4552946664593376,0.4011817757735966
2021-09-18,Tulare,107,460477.0,417685,1357,250951,1111,154634,229,12013,17,31802,488,229096,505,197294,828,0.0690631671071519,0.4975188771643318,0.4284557100571798
2021-09-18,Tuolumne,109,53932.0,53317,43,15341,28,36710,13,1261,2,3048,21,28174,23,25126,19,0.056515612252466,0.5223985759845732,0.4658829637321071
2021-09-18,Ventura,111,848112.0,1073099,1148,584172,881,450581,224,37946,42,49094,365,574138,405,525044,614,0.0578862225743769,0.6769601184749184,0.6190738959005414
2021-09-18,Yolo,113,214977.0,271040,214,136456,150,126330,62,8218,2,13883,83,145374,85,131491,115,0.0645790014745763,0.6762304804700038,0.6116514789954274
2021-09-18,Yuba,115,75493.0,61810,145,24910,95,33119,47,3763,3,4495,66,34784,69,30289,74,0.0595419442862252,0.4607579510683109,0.4012160067820857
2021-09-17,Alameda,001,1643700.0,2330541,3277,1493258,2505,723206,659,113301,112,80146,1021,1248585,1128,1168439,1748,0.0487595059925777,0.7596185435298413,0.7108590375372635
2021-09-17,Alpine,003,1148.0,1502,0,44,0,1452,0,6,0,89,0,784,0,695,0,0.0775261324041811,0.6829268292682927,0.6054006968641115
2021-09-17,Amador,005,37829.0,39325,94,11294,57,26554,29,1475,8,3205,20,21428,29,18223,67,0.0847233603848899,0.566443733643501,0.4817203732586111
2021-09-17,Butte,007,227075.0,202746,670,100742,427,93648,196,8335,47,11877,197,110395,244,98518,383,0.0523043047451282,0.4861609600352306,0.4338566552901023
2021-09-17,Calaveras,009,45235.0,45563,76,19543,46,24638,29,1380,1,2713,31,24224,32,21511,37,0.0599756825467005,0.5355145352050403,0.4755388526583398
2021-09-17,Colusa,011,21464.0,22083,71,6135,40,14948,29,984,2,1455,24,12191,26,10736,45,0.06778792396571,0.5679742825195676,0.5001863585538576
2021-09-17,Contra Costa,013,1133247.0,1639506,3160,1110015,2452,475734,596,53384,112,49984,1068,861003,1178,811019,1495,0.0441068893189216,0.7597664057350251,0.7156595164161035
2021-09-17,Del Norte,015,27424.0,22559,87,8574,44,12673,40,1260,1,1800,29,12576,30,10776,53,0.0656359393232205,0.4585764294049008,0.3929404900816803
2021-09-17,El Dorado,017,186661.0,210016,430,102712,283,99084,121,8194,26,10615,131,113281,157,102666,244,0.0568677977724323,0.6068809231708819,0.5500131253984496
2021-09-17,Fresno,019,978130.0,1025810,3108,565899,2152,422548,857,36848,98,69844,1056,560634,1150,490790,1813,0.071405641376913,0.573169210636623,0.5017635692597099
2021-09-17,Glenn,021,27897.0,25731,122,11367,101,12969,15,1375,6,1419,43,14160,49,12741,72,0.0508656844822023,0.5075814603720831,0.4567157758898806
2021-09-17,Humboldt,023,135768.0,156601,350,80122,221,68364,113,7978,12,8246,97,85254,109,77008,203,0.0607359613458252,0.6279388368393142,0.5672028754934889
2021-09-17,Imperial,025,180216.0,258892,732,134671,589,108072,117,16112,26,25642,315,149323,341,123681,404,0.1422848137790207,0.8285779287077729,0.6862931149287521
2021-09-17,Inyo,027,18085.0,19527,40,7411,28,11382,11,578,1,866,14,10353,15,9487,23,0.0478849875587503,0.5724633674315731,0.5245783798728227
2021-09-17,Kern,029,883053.0,782173,3145,418651,2178,328913,840,34384,127,60396,1076,435059,1201,374663,1903,0.0683945357753158,0.4926759775460816,0.4242814417707657
2021-09-17,Kings,031,150075.0,110545,425,54014,284,51184,133,5307,8,9522,154,62320,162,52798,256,0.0634482758620689,0.4152590371480926,0.3518107612860237
2021-09-17,Lake,033,64148.0,62318,147,20559,61,38810,67,2946,19,4106,42,34345,60,30239,92,0.0640082309658913,0.5354025067032487,0.4713942757373573
2021-09-17,Lassen,035,31185.0,13757,58,2144,34,10380,20,1219,4,940,23,7897,27,6957,33,0.0301426968093634,0.2532307198973865,0.223088023088023
2021-09-17,Los Angeles,037,10098052.0,12624465,23365,7085240,16657,5045488,5879,489233,811,706468,7865,6837184,8657,6130716,12595,0.0699608201661072,0.6770795000857591,0.6071186799196518
2021-09-17,Madera,039,155013.0,142396,375,76312,277,60271,81,5724,17,9439,135,78075,151,68636,226,0.060891667150497,0.5036674343442162,0.4427757671937192
2021-09-17,Marin,041,260295.0,408204,368,258440,249,136671,107,13070,11,12611,77,212570,88,199959,133,0.0484488753145469,0.8166503390383988,0.7682014637238518
2021-09-17,Mariposa,043,17540.0,14726,24,3429,19,10666,5,609,0,2537,9,8835,9,6298,14,0.1446408209806157,0.5037058152793614,0.3590649942987457
2021-09-17,Mendocino,045,87422.0,106917,409,59084,250,44145,149,3676,10,6978,114,57969,124,50991,197,0.0798197250120107,0.663093958042598,0.5832742330305872
2021-09-17,Merced,047,269075.0,248748,853,149455,664,88466,176,9980,13,26573,364,139245,377,112672,452,0.0987568521787605,0.5174951221778314,0.4187382699990709
2021-09-17,Modoc,049,8938.0,6418,12,1075,4,4906,7,427,1,288,4,3531,5,3243,4,0.0322219735958827,0.3950548221078541,0.3628328485119713
2021-09-17,Mono,051,14174.0,16813,19,9306,13,7091,5,354,0,662,5,8817,5,8155,11,0.0467052349372089,0.622054465923522,0.575349230986313
2021-09-17,Monterey,053,433212.0,534360,1152,261640,713,249442,390,22588,48,30319,415,290914,462,260595,634,0.0699865193023277,0.6715280278477974,0.6015415085454696
2021-09-17,Napa,055,140530.0,196660,237,105266,131,85547,79,5833,27,10680,69,105226,89,94546,122,0.0759980075428734,0.7487796200099622,0.6727816124670889
2021-09-17,Nevada,057,99092.0,114383,251,61664,156,49307,82,3366,13,6694,74,61538,87,54844,161,0.067553384733379,0.621018851168611,0.5534654664352319
2021-09-17,Orange,059,3164182.0,4078160,7303,2361677,5135,1586977,1919,128272,248,181902,2153,2167761,2399,1985859,3947,0.0574878436196148,0.6850936513765643,0.6276058077569495
2021-09-17,Placer,061,380077.0,466849,945,272259,644,181570,250,13002,51,20206,255,247286,306,227080,561,0.0531629117257818,0.6506207952599079,0.597457883534126
2021-09-17,Plumas,063,18699.0,18294,38,2822,27,14222,4,1208,7,917,10,10097,17,9180,27,0.0490400556179474,0.5399753997539976,0.49093534413605
2021-09-17,Riverside,065,2383286.0,2526614,6541,1492328,4852,959137,1510,73997,174,157155,2104,1364994,2277,1207839,3817,0.0659404704261259,0.5727361298643973,0.5067956594382713
2021-09-17,Sacramento,067,1510023.0,1789450,3929,1026975,2861,709972,956,52261,110,88431,1252,956242,1361,867811,2321,0.0585626841445461,0.6332632019512285,0.5747005178066824
2021-09-17,San Benito,069,59416.0,75464,199,42838,140,29195,55,3324,4,4502,67,41199,71,36697,121,0.0757708361384139,0.6933990844217046,0.6176282482832907
2021-09-17,San Bernardino,071,2135413.0,2104111,5734,1278206,4320,760598,1273,65048,140,126920,1984,1140700,2122,1013780,3399,0.0594358093727068,0.5341823806448682,0.4747465712721614
2021-09-17,San Diego,073,3302833.0,4432998,7488,2451793,5165,1810498,2059,169529,260,276229,2237,2440253,2816,2164024,4367,0.0836339590890608,0.7388363262689939,0.6552023671799331
2021-09-17,San Francisco,075,870044.0,1327358,1291,855531,902,416154,351,55297,38,40396,304,701247,343,660851,612,0.0464298357324457,0.805990271756371,0.7595604360239252
2021-09-17,San Joaquin,077,732212.0,809888,2265,471957,1717,311962,509,25923,39,63358,820,441227,862,377869,1308,0.0865295843280361,0.6025946037486412,0.516065019420605
2021-09-17,San Luis Obispo,079,281455.0,327651,564,170021,358,144821,185,12674,21,17454,176,176403,196,158949,287,0.0620134657405269,0.626753832761898,0.5647403670213711
2021-09-17,San Mateo,081,765935.0,1133930,1180,706268,838,386120,289,41033,53,41091,354,600420,406,559329,568,0.0536481555223354,0.7839046394276277,0.7302564839052922
2021-09-17,Santa Barbara,083,443738.0,542186,1190,319792,753,198645,397,23390,40,32178,361,295649,393,263471,630,0.0725157638065705,0.6662692850285529,0.5937535212219823
2021-09-17,Santa Clara,085,1922200.0,2887490,3105,1870179,2177,906970,828,106594,100,82929,953,1520813,1051,1437884,1566,0.0431427530954115,0.7911835396941005,0.748040786598689
2021-09-17,Santa Cruz,087,273765.0,367796,492,181930,313,175602,152,10219,27,14263,137,193850,162,179587,291,0.052099428341826,0.708089054481033,0.655989626139207
2021-09-17,Shasta,089,179085.0,142356,503,66040,325,68747,143,7519,35,12640,159,80594,195,67954,308,0.070581009018064,0.4500321076583745,0.3794510986403104
2021-09-17,Sierra,091,2930.0,2927,6,362,4,2506,2,55,0,95,4,1527,4,1432,2,0.0324232081911262,0.521160409556314,0.4887372013651877
2021-09-17,Siskiyou,093,43540.0,37817,133,15999,86,20615,46,1167,1,2741,45,20668,46,17927,77,0.0629536058796508,0.4746899402847956,0.4117363344051447
2021-09-17,Solano,095,438530.0,528500,1393,295813,994,218095,368,14545,31,40546,381,289043,412,248497,863,0.0924588967687501,0.6591179622830822,0.566659065514332
2021-09-17,Sonoma,097,501317.0,689133,951,387922,685,278864,230,22287,36,28642,265,365202,301,336560,518,0.0571335103337808,0.7284851700620566,0.6713516597282757
2021-09-17,Stanislaus,099,539301.0,548180,1572,318998,1039,210553,493,18302,39,46799,555,300756,595,253957,924,0.086777143005483,0.5576774380169887,0.4709002950115056
2021-09-17,Sutter,101,95872.0,98030,344,42554,194,51023,136,4444,14,6763,109,54070,123,47307,209,0.0705419726301735,0.5639811415220294,0.4934391688918558
2021-09-17,Tehama,103,63373.0,46373,160,17810,70,26714,79,1840,11,2930,70,25417,81,22487,86,0.0462342006848342,0.4010698562479289,0.3548356555630947
2021-09-17,Trinity,105,12862.0,10367,44,2266,17,7402,10,694,17,703,15,5856,32,5153,27,0.0546571295288446,0.4552946664593376,0.4006375369304929
2021-09-17,Tulare,107,460477.0,416328,1800,249840,1338,154405,427,11996,35,32125,649,228591,683,196466,1079,0.0697646136506275,0.4964221882960495,0.426657574645422
2021-09-17,Tuolumne,109,53932.0,53274,143,15313,70,36697,59,1259,14,3044,52,28151,66,25107,76,0.0564414447823184,0.5219721130312245,0.465530668248906
2021-09-17,Ventura,111,848112.0,1071951,2125,583291,1528,450357,514,37904,83,49303,652,573733,732,524430,1165,0.0581326522912068,0.6764825872054634,0.6183499349142566
2021-09-17,Yolo,113,214977.0,270826,455,136306,330,126268,113,8216,12,13913,162,145289,174,131376,240,0.0647185512868818,0.6758350893351381,0.6111165380482563
2021-09-17,Yuba,115,75493.0,61665,254,24815,142,33072,105,3760,7,4500,97,34715,104,30215,137,0.059608175592439,0.4598439590425602,0.4002357834501212
2021-09-16,Alameda,001,1643700.0,2327264,2817,1490753,2112,722547,595,113189,108,80766,896,1247457,1003,1166691,1448,0.0491367037780616,0.7589322869136704,0.7097955831356086
2021-09-16,Alpine,003,1148.0,1502,0,44,0,1452,0,6,0,89,0,784,0,695,0,0.0775261324041811,0.6829268292682927,0.6054006968641115
2021-09-16,Amador,005,37829.0,39231,83,11237,50,26525,25,1467,8,3243,29,21399,38,18156,46,0.0857278807264268,0.5656771260144333,0.4799492452880065
2021-09-16,Butte,007,227075.0,202076,476,100315,342,93452,122,8288,12,12016,180,110151,192,98135,246,0.0529164373004513,0.4850864251899152,0.4321699878894638
2021-09-16,Calaveras,009,45235.0,45487,107,19497,60,24609,47,1379,0,2718,38,24192,38,21474,60,0.0600862164253343,0.534807118381784,0.4747209019564496
2021-09-16,Colusa,011,21464.0,22012,40,6095,21,14919,18,982,1,1474,17,12165,18,10691,21,0.0686731270965337,0.5667629519194931,0.4980898248229594
2021-09-16,Contra Costa,013,1133247.0,1636346,2572,1107563,1982,475138,466,53272,124,50301,878,859825,1002,809524,1196,0.0443866165099047,0.7587269147855675,0.7143402982756628
2021-09-16,Del Norte,015,27424.0,22472,61,8530,41,12633,17,1259,2,1823,23,12546,25,10723,31,0.0664746207701283,0.4574824970828471,0.3910078763127187
2021-09-16,El Dorado,017,186661.0,209586,302,102429,189,98963,99,8168,14,10702,94,113124,108,102422,152,0.0573338833500302,0.6060398262090099,0.5487059428589797
2021-09-16,Fresno,019,978130.0,1022702,2524,563747,1678,421691,765,36750,80,70507,868,559484,939,488977,1448,0.0720834653880363,0.5719934977968164,0.49991003240878
2021-09-16,Glenn,021,27897.0,25609,57,11266,36,12954,18,1369,3,1442,22,14111,25,12669,31,0.0516901458938237,0.5058249991038463,0.4541348532100225
2021-09-16,Humboldt,023,135768.0,156251,331,79901,219,68251,91,7966,21,8340,94,85145,115,76805,167,0.0614283188969418,0.6271359967002533,0.5657076778033115
2021-09-16,Imperial,025,180216.0,258160,730,134082,595,107955,110,16086,25,25705,347,148982,372,123277,355,0.1426343942824166,0.8266857548719314,0.6840513605895148
2021-09-16,Inyo,027,18085.0,19487,28,7383,18,11371,9,577,1,874,12,10338,13,9464,14,0.0483273431020182,0.5716339507879458,0.5233066076859275
2021-09-16,Kern,029,883053.0,779028,2270,416473,1591,328073,608,34257,71,61098,830,433858,899,372760,1350,0.0691895050466959,0.4913159232798031,0.4221264182331072
2021-09-16,Kings,031,150075.0,110120,303,53730,208,51051,87,5299,8,9616,98,62158,106,52542,192,0.0640746293519906,0.4141795768782275,0.3501049475262369
2021-09-16,Lake,033,64148.0,62171,179,20498,118,38743,60,2927,1,4138,77,34285,77,30147,79,0.0645070773835505,0.5344671696701379,0.4699600922865872
2021-09-16,Lassen,035,31185.0,13699,55,2110,22,10360,31,1215,2,946,27,7870,29,6924,26,0.0303350970017636,0.2523649190315857,0.222029822029822
2021-09-16,Los Angeles,037,10098052.0,12601100,20207,7068583,14265,5039609,5222,488422,708,710406,7382,6828527,8069,6118121,10678,0.0703507963714189,0.676222206025479,0.6058714096540601
2021-09-16,Madera,039,155013.0,142021,382,76035,240,60190,127,5707,15,9514,144,77924,159,68410,221,0.061375497538916,0.5026933224955327,0.4413178249566165
2021-09-16,Marin,041,260295.0,407836,357,258191,224,136564,109,13059,24,12656,95,212482,118,199826,136,0.0486217560844426,0.8163122610883805,0.7676905050039379
2021-09-16,Mariposa,043,17540.0,14702,41,3410,28,10661,12,609,1,2542,17,8826,18,6284,23,0.1449258836944127,0.5031927023945268,0.358266818700114
2021-09-16,Mendocino,045,87422.0,106508,194,58834,114,43996,77,3666,3,7051,49,57845,52,50794,110,0.0806547550959712,0.6616755507766924,0.5810207956807211
2021-09-16,Merced,047,269075.0,247895,724,148791,563,88290,153,9967,8,26648,277,138868,284,112220,401,0.0990355848741057,0.5160940258292298,0.417058440955124
2021-09-16,Modoc,049,8938.0,6406,24,1071,8,4899,13,426,3,287,10,3526,13,3239,13,0.0321100917431192,0.3944954128440367,0.3623853211009174
2021-09-16,Mono,051,14174.0,16794,14,9293,12,7086,2,354,0,668,8,8812,8,8144,4,0.0471285452236489,0.6217017073514887,0.5745731621278397
2021-09-16,Monterey,053,433212.0,533208,819,260927,497,249052,307,22540,13,30491,306,290452,317,259961,410,0.0703835535488398,0.6704615753949568,0.6000780218461169
2021-09-16,Napa,055,140530.0,196423,335,105135,199,85468,114,5806,22,10713,89,105137,105,94424,146,0.0762328328470789,0.7481463032804383,0.6719134704333595
2021-09-16,Nevada,057,99092.0,114132,159,61508,105,49225,49,3353,5,6768,37,61451,42,54683,92,0.0683001655027651,0.6201408791829814,0.5518407136802164
2021-09-16,Orange,059,3164182.0,4070857,5746,2356542,4033,1585058,1523,128024,189,183450,1859,2165362,2048,1981912,2997,0.0579770695870212,0.684335477542063,0.6263584079550418
2021-09-16,Placer,061,380077.0,465904,804,271615,531,181320,219,12951,54,20461,228,246980,282,226519,454,0.053833828408454,0.6498156952407013,0.5959818668322472
2021-09-16,Plumas,063,18699.0,18256,51,2795,23,14218,18,1201,10,927,7,10080,17,9153,39,0.0495748435745227,0.5390662602278197,0.489491416653297
2021-09-16,Riverside,065,2383286.0,2520073,5894,1487476,4210,957627,1526,73823,156,158695,1937,1362717,2090,1204022,3428,0.0665866371052404,0.5717807262745638,0.5051940891693234
2021-09-16,Sacramento,067,1510023.0,1785521,3384,1024114,2369,709016,869,52151,144,89391,1037,954881,1178,865490,2055,0.0591984360503118,0.632361891176492,0.5731634551261802
2021-09-16,San Benito,069,59416.0,75265,177,42698,141,29140,33,3320,3,4552,50,41128,53,36576,121,0.076612360306988,0.6922041201023293,0.6155917597953413
2021-09-16,San Bernardino,071,2135413.0,2098377,4862,1273886,3577,759325,1155,64908,130,128197,1828,1138578,1956,1010381,2771,0.0600338201556326,0.5331886618654097,0.473154841709777
2021-09-16,San Diego,073,3302833.0,4425510,6617,2446628,4575,1808439,1765,169269,274,277780,2172,2437437,2694,2159657,3640,0.0841035559472731,0.7379837248810339,0.6538801689337608
2021-09-16,San Francisco,075,870044.0,1326067,1246,854629,861,415803,291,55259,94,40665,339,700904,423,660239,581,0.0467390154980667,0.8055960388210252,0.7588570233229583
2021-09-16,San Joaquin,077,732212.0,807623,1945,470240,1428,311453,473,25884,44,63804,648,440365,690,376561,1161,0.0871386975356863,0.6014173490737655,0.5142786515380792
2021-09-16,San Luis Obispo,079,281455.0,327087,446,169663,252,144636,167,12653,27,17545,127,176207,154,158662,219,0.0623367856318061,0.6260574514576043,0.563720665825798
2021-09-16,San Mateo,081,765935.0,1132750,1185,705430,904,385831,246,40980,34,41253,362,600014,397,558761,558,0.053859661720642,0.7833745683380443,0.7295149066174023
2021-09-16,Santa Barbara,083,443738.0,540996,893,319039,640,198248,217,23350,36,32415,296,295256,332,262841,480,0.073049862756852,0.6653836272755544,0.5923337645187025
2021-09-16,Santa Clara,085,1922200.0,2884385,2627,1868002,1816,906142,689,106494,120,83444,849,1519762,967,1436318,1326,0.0434106752679221,0.7906367703672875,0.7472260950993653
2021-09-16,Santa Cruz,087,273765.0,367304,400,181617,256,175450,124,10192,20,14392,106,193688,126,179296,209,0.0525706353989735,0.7074973060836849,0.6549266706847113
2021-09-16,Shasta,089,179085.0,141853,510,65715,301,68604,170,7484,38,12753,150,80399,188,67646,304,0.0712119943043806,0.4489432392439344,0.3777312449395538
2021-09-16,Sierra,091,2930.0,2921,13,358,9,2504,4,55,0,93,5,1523,5,1430,7,0.0317406143344709,0.5197952218430034,0.4880546075085324
2021-09-16,Siskiyou,093,43540.0,37684,80,15913,45,20569,31,1166,4,2772,20,20622,24,17850,54,0.0636655948553054,0.4736334405144694,0.409967845659164
2021-09-16,Solano,095,438530.0,527107,1443,294819,917,217727,450,14514,76,40997,326,288631,400,247634,714,0.0934873326796342,0.658178459854514,0.5646911271748797
2021-09-16,Sonoma,097,501317.0,688182,848,387237,610,278634,207,22251,31,28859,252,364901,283,336042,439,0.0575663701809434,0.7278847515643794,0.670318381383436
2021-09-16,Stanislaus,099,539301.0,546608,1555,317959,1008,210060,504,18263,41,47128,540,300161,579,253033,919,0.0873871919391953,0.5565741580304876,0.4691869660912922
2021-09-16,Sutter,101,95872.0,97686,272,42360,178,50887,83,4430,11,6849,96,53947,107,47098,165,0.0714390020026702,0.5626981809078772,0.4912591789052069
2021-09-16,Tehama,103,63373.0,46213,129,17740,50,26635,72,1829,7,2935,50,25336,57,22401,75,0.0463130986382213,0.3997917094030581,0.3534786107648368
2021-09-16,Trinity,105,12862.0,10323,23,2249,15,7392,5,677,3,698,9,5824,12,5126,12,0.0542683874980562,0.452806717462292,0.3985383299642357
2021-09-16,Tulare,107,460477.0,414528,1531,248502,1124,153978,385,11961,22,32521,563,227908,584,195387,903,0.0706245914562508,0.4949389437474619,0.424314352291211
2021-09-16,Tuolumne,109,53932.0,53131,75,15243,42,36638,32,1245,1,3054,32,28085,33,25031,35,0.0566268634576874,0.5207483497737893,0.4641214863161018
2021-09-16,Ventura,111,848112.0,1069826,1778,581763,1298,449843,398,37821,82,49736,616,573001,697,523265,984,0.0586431980681796,0.6756194936517819,0.6169762955836021
2021-09-16,Yolo,113,214977.0,270371,412,135976,302,126155,85,8204,25,13979,136,145115,162,131136,226,0.0650255608739539,0.6750257004237663,0.6100001395498124
2021-09-16,Yuba,115,75493.0,61411,232,24673,134,32967,81,3753,17,4533,79,34611,96,30078,145,0.0600453022134502,0.4584663478733127,0.3984210456598625
2021-09-15,Alameda,001,1643700.0,2324447,2327,1488641,1729,721952,519,113081,76,81211,755,1246454,831,1165243,1155,0.0494074344466751,0.7583220782381214,0.7089146437914461
2021-09-15,Alpine,003,1148.0,1502,4,44,0,1452,4,6,0,89,1,784,1,695,0,0.0775261324041811,0.6829268292682927,0.6054006968641115
2021-09-15,Amador,005,37829.0,39148,62,11187,41,26500,19,1459,2,3251,16,21361,18,18110,37,0.0859393586930661,0.5646726056728965,0.4787332469798303
2021-09-15,Butte,007,227075.0,201600,572,99973,405,93330,137,8276,30,12070,210,109959,239,97889,315,0.0531542441924474,0.4842408895739293,0.4310866453814819
2021-09-15,Calaveras,009,45235.0,45380,88,19437,48,24562,36,1379,4,2740,28,24154,32,21414,44,0.060572565491323,0.5339670609041671,0.473394495412844
2021-09-15,Colusa,011,21464.0,21972,86,6074,50,14901,35,981,1,1477,35,12147,36,10670,49,0.0688128960119269,0.5659243384271339,0.4971114424152069
2021-09-15,Contra Costa,013,1133247.0,1633774,2659,1105581,2088,474672,472,53148,98,50495,960,858823,1059,808328,1255,0.0445578060211057,0.7578427297844159,0.7132849237633102
2021-09-15,Del Norte,015,27424.0,22411,95,8489,50,12616,44,1257,1,1829,32,12521,33,10692,50,0.066693407234539,0.456570886814469,0.3898774795799299
2021-09-15,El Dorado,017,186661.0,209284,369,102240,246,98864,107,8154,16,10746,100,113016,116,102270,208,0.057569604791574,0.6054612372161298,0.5478916324245557
2021-09-15,Fresno,019,978130.0,1020178,2414,562069,1707,420926,625,36670,81,71016,828,558545,906,487529,1412,0.0726038461145246,0.5710335027041396,0.4984296565896148
2021-09-15,Glenn,021,27897.0,25552,88,11230,80,12936,4,1366,4,1448,42,14086,46,12638,44,0.0519052227838118,0.5049288453955623,0.4530236226117504
2021-09-15,Humboldt,023,135768.0,155920,247,79682,206,68160,36,7945,4,8392,80,85030,84,76638,136,0.0618113252018148,0.6262889635260149,0.5644776383242001
2021-09-15,Imperial,025,180216.0,257430,649,133487,460,107845,125,16061,64,25688,267,148610,328,122922,365,0.1425400630354685,0.8246215652328317,0.6820815021973632
2021-09-15,Inyo,027,18085.0,19459,12,7365,6,11362,6,576,0,875,5,10325,5,9450,7,0.0483826375449267,0.5709151230301355,0.5225324854852087
2021-09-15,Kern,029,883053.0,776758,2267,414882,1550,327465,659,34186,58,61549,870,432959,927,371410,1302,0.0697002331683375,0.4902978643410984,0.4205976311727609
2021-09-15,Kings,031,150075.0,109817,381,53522,241,50964,125,5291,15,9702,142,62052,157,52350,222,0.064647676161919,0.4134732633683158,0.3488255872063968
2021-09-15,Lake,033,64148.0,61992,159,20380,79,38683,76,2926,4,4140,70,34208,74,30068,69,0.0645382552846542,0.5332668204776454,0.4687285651929912
2021-09-15,Lassen,035,31185.0,13644,44,2088,17,10329,19,1213,8,943,20,7841,28,6898,20,0.0302388969055635,0.2514349847683181,0.2211960878627545
2021-09-15,Los Angeles,037,10098052.0,12580893,19581,7054318,13748,5034387,5164,487714,660,713015,6850,6820458,7494,6107443,10664,0.070609163034613,0.6754231410176933,0.6048139779830803
2021-09-15,Madera,039,155013.0,141639,329,75795,205,60063,112,5692,12,9576,136,77765,148,68189,183,0.0617754639933424,0.5016676020720843,0.4398921380787418
2021-09-15,Marin,041,260295.0,407479,272,257967,179,136455,82,13035,11,12674,65,212364,75,199690,78,0.0486909083924009,0.8158589292917651,0.7671680208993642
2021-09-15,Mariposa,043,17540.0,14661,27,3382,10,10649,15,608,2,2547,9,8808,11,6261,14,0.1452109464082098,0.5021664766248575,0.3569555302166476
2021-09-15,Mendocino,045,87422.0,106314,147,58720,99,43919,47,3663,1,7109,42,57793,43,50684,70,0.0813182036558303,0.6610807348264739,0.5797625311706436
2021-09-15,Merced,047,269075.0,247171,575,148228,351,88137,217,9959,7,26765,214,138584,220,111819,293,0.0994704078788441,0.515038558022856,0.4155681501440119
2021-09-15,Modoc,049,8938.0,6382,13,1063,5,4886,7,423,1,287,6,3513,7,3226,6,0.0321100917431192,0.3930409487581114,0.3609308570149921
2021-09-15,Mono,051,14174.0,16780,18,9281,6,7084,12,354,0,664,6,8804,6,8140,9,0.0468463383660223,0.6211372936362354,0.5742909552702131
2021-09-15,Monterey,053,433212.0,532389,1265,260430,928,248745,324,22527,13,30584,448,290135,461,259551,738,0.0705982290425934,0.6697298320452804,0.5991316030026869
2021-09-15,Napa,055,140530.0,196088,223,104936,160,85354,47,5784,16,10754,52,105032,64,94278,135,0.0765245854977584,0.7473991318579662,0.6708745463602078
2021-09-15,Nevada,057,99092.0,113973,190,61403,107,49176,72,3348,11,6818,57,61409,67,54591,114,0.0688047471037016,0.6197170306381948,0.5509122835344932
2021-09-15,Orange,059,3164182.0,4065111,5583,2352509,4014,1583535,1420,127835,148,184399,1818,2163314,1964,1978915,2921,0.0582769891238873,0.6836882328513341,0.6254112437274468
2021-09-15,Placer,061,380077.0,465100,846,271084,601,181101,190,12897,55,20633,231,246698,286,226065,488,0.054286368288531,0.6490737403210403,0.5947873720325092
2021-09-15,Plumas,063,18699.0,18205,26,2772,15,14200,6,1191,5,949,13,10063,18,9114,13,0.0507513770789881,0.5381571207016418,0.4874057436226536
2021-09-15,Riverside,065,2383286.0,2514179,5165,1483266,3815,956101,1203,73667,140,160033,1764,1360627,1908,1200594,2972,0.0671480468563151,0.5709037857814798,0.5037557389251647
2021-09-15,Sacramento,067,1510023.0,1782137,3254,1021745,2344,708147,775,52007,135,90268,1035,953703,1168,863435,1909,0.0597792219058915,0.6315817706087921,0.5718025487029006
2021-09-15,San Benito,069,59416.0,75088,179,42557,125,29107,48,3317,6,4620,66,41075,71,36455,100,0.0777568331762488,0.6913121044836408,0.613555271307392
2021-09-15,San Bernardino,071,2135413.0,2093515,4847,1270309,3670,758170,1063,64778,114,129012,1794,1136622,1909,1007610,2792,0.0604154793475547,0.5322726798047965,0.4718572004572418
2021-09-15,San Diego,073,3302833.0,4418893,6891,2442053,4827,1806674,1639,168995,422,278726,2196,2434743,2924,2156017,4035,0.0843899767260409,0.7371680614793421,0.6527780847533012
2021-09-15,San Francisco,075,870044.0,1324821,1212,853768,811,415512,361,55165,40,40823,352,700481,393,659658,515,0.0469206155091006,0.8051098565130039,0.7581892410039033
2021-09-15,San Joaquin,077,732212.0,805678,1949,468812,1435,310980,486,25840,28,64275,714,439675,742,375400,1082,0.0877819538603573,0.6004749990439927,0.5126930451836353
2021-09-15,San Luis Obispo,079,281455.0,326641,517,169411,345,144469,149,12626,23,17610,186,176053,209,158443,258,0.0625677284112913,0.6255102947185163,0.562942566307225
2021-09-15,San Mateo,081,765935.0,1131565,1096,704526,842,385585,207,40946,46,41414,297,599617,343,558203,571,0.054069862325132,0.7828562475928114,0.7287863852676794
2021-09-15,Santa Barbara,083,443738.0,540103,873,318399,639,198031,185,23314,49,32563,285,294924,334,262361,503,0.0733833929030193,0.6646354380287467,0.5912520451257274
2021-09-15,Santa Clara,085,1922200.0,2881758,2915,1866186,2048,905453,732,106374,134,83803,910,1518795,1041,1434992,1520,0.0435974404328373,0.7901337009676412,0.7465362605348038
2021-09-15,Santa Cruz,087,273765.0,366904,374,181361,253,175326,112,10172,9,14475,107,193562,116,179087,201,0.0528738151334173,0.707037057330192,0.6541632421967746
2021-09-15,Shasta,089,179085.0,141343,315,65414,206,68434,96,7446,13,12869,120,80211,132,67342,178,0.0718597314124577,0.4478934584136024,0.3760337270011447
2021-09-15,Sierra,091,2930.0,2908,9,349,9,2500,0,55,0,95,0,1518,0,1423,9,0.0324232081911262,0.5180887372013652,0.4856655290102389
2021-09-15,Siskiyou,093,43540.0,37604,97,15868,48,20538,47,1162,2,2802,30,20598,32,17796,47,0.0643546164446486,0.4730822232429949,0.4087276067983463
2021-09-15,Solano,095,438530.0,525664,1220,293902,874,217277,321,14438,25,41311,325,288231,349,246920,773,0.0942033612295624,0.6572663215743507,0.5630629603447883
2021-09-15,Sonoma,097,501317.0,687334,789,386627,539,278427,211,22220,39,29015,211,364618,246,335603,423,0.0578775505318989,0.7273202384918126,0.6694426879599136
2021-09-15,Stanislaus,099,539301.0,545053,1528,316951,1102,209556,377,18222,48,47468,571,299582,619,252114,842,0.0880176376457674,0.555500546077237,0.4674829084314696
2021-09-15,Sutter,101,95872.0,97414,267,42182,172,50804,85,4419,10,6907,87,53840,97,46933,168,0.0720439753004005,0.5615821094793058,0.4895381341789052
2021-09-15,Tehama,103,63373.0,46084,197,17690,142,26563,50,1822,5,2953,76,25279,81,22326,115,0.0465971312704148,0.3988922727344453,0.3522951414640304
2021-09-15,Trinity,105,12862.0,10300,17,2234,7,7387,8,674,2,698,6,5812,8,5114,9,0.0542683874980562,0.4518737365883999,0.3976053490903437
2021-09-15,Tulare,107,460477.0,412997,1040,247378,751,153593,267,11939,22,32840,426,227324,448,194484,583,0.0713173513552251,0.49367069365028,0.4223533422950549
2021-09-15,Tuolumne,109,53932.0,53056,106,15201,41,36606,49,1244,16,3056,35,28052,51,24996,60,0.0566639471927612,0.5201364681450715,0.4634725209523103
2021-09-15,Ventura,111,848112.0,1068048,1476,580465,1062,449445,352,37739,61,50023,479,572304,538,522281,806,0.0589815967702378,0.6747976682324976,0.6158160714622597
2021-09-15,Yolo,113,214977.0,269959,367,135674,289,126070,68,8179,10,14043,137,144953,147,130910,195,0.0653232671402057,0.6742721314373166,0.6089488642971108
2021-09-15,Yuba,115,75493.0,61179,238,24539,138,32886,86,3736,14,4582,85,34515,99,29933,145,0.0606943690143457,0.4571947067940073,0.3965003377796617
2021-09-14,Alameda,001,1643700.0,2322120,2707,1486912,2073,721433,527,113005,105,81535,888,1245623,992,1164088,1401,0.0496045507087668,0.7578165115288678,0.708211960820101
2021-09-14,Alpine,003,1148.0,1498,1,44,1,1448,0,6,0,88,0,783,0,695,1,0.0766550522648083,0.6820557491289199,0.6054006968641115
2021-09-14,Amador,005,37829.0,39086,65,11146,45,26481,15,1457,5,3270,28,21343,34,18073,32,0.0864416188638346,0.5641967802479579,0.4777551613841233
2021-09-14,Butte,007,227075.0,201028,397,99568,253,93193,129,8246,15,12146,164,109720,177,97574,197,0.0534889353737751,0.4831883738852802,0.429699438511505
2021-09-14,Calaveras,009,45235.0,45292,92,19389,55,24526,30,1375,7,2752,32,24122,39,21370,51,0.0608378468000442,0.5332596440809108,0.4724217972808666
2021-09-14,Colusa,011,21464.0,21886,50,6024,30,14866,19,980,1,1490,22,12111,23,10621,28,0.0694185613119642,0.5642471114424152,0.4948285501304509
2021-09-14,Contra Costa,013,1133247.0,1631115,2477,1103493,2023,474200,364,53050,89,50691,727,857764,816,807073,1256,0.0447307603726283,0.7569082468340971,0.7121774864614687
2021-09-14,Del Norte,015,27424.0,22316,72,8439,32,12572,38,1256,0,1846,25,12488,25,10642,36,0.0673133022170361,0.45536756126021,0.3880542590431738
2021-09-14,El Dorado,017,186661.0,208915,343,101994,232,98757,91,8138,20,10838,97,112900,117,102062,199,0.05806247689662,0.6048397897793326,0.5467773128827125
2021-09-14,Fresno,019,978130.0,1017764,2507,560362,1833,420301,611,36589,60,71522,912,557639,971,486117,1454,0.0731211597640395,0.5701072454581702,0.4969860856941306
2021-09-14,Glenn,021,27897.0,25464,63,11150,47,12932,16,1362,0,1446,26,14040,26,12594,33,0.0518335304871491,0.5032799225723196,0.4514463920851704
2021-09-14,Humboldt,023,135768.0,155673,220,79476,137,68124,71,7941,11,8444,74,84946,85,76502,111,0.0621943315066878,0.6256702610335277,0.5634759295268399
2021-09-14,Imperial,025,180216.0,256781,553,133027,440,107720,102,15997,11,25725,238,148282,250,122557,300,0.1427453722200026,0.8228015270564212,0.6800561548364186
2021-09-14,Inyo,027,18085.0,19447,54,7359,39,11356,15,576,0,877,21,10320,21,9443,32,0.0484932264307437,0.5706386508155931,0.5221454243848493
2021-09-14,Kern,029,883053.0,774491,2296,413332,1582,326806,666,34128,48,61924,815,432032,862,370108,1389,0.070124896240656,0.4892480972263273,0.4191232009856713
2021-09-14,Kings,031,150075.0,109436,331,53281,243,50839,83,5276,5,9767,128,61895,133,52128,191,0.0650807929368649,0.4124271197734466,0.3473463268365817
2021-09-14,Lake,033,64148.0,61833,199,20301,105,38607,92,2922,2,4135,78,34134,80,29999,103,0.064460310531895,0.5321132381368087,0.4676529276049136
2021-09-14,Lassen,035,31185.0,13600,71,2071,17,10310,35,1205,19,935,20,7813,39,6878,41,0.0299823633156966,0.2505371172037838,0.2205547538880872
2021-09-14,Los Angeles,037,10098052.0,12561312,19463,7040570,13625,5029223,5215,487054,613,716185,6751,6812964,7348,6096779,10615,0.0709230849672788,0.6746810176853912,0.6037579327181124
2021-09-14,Madera,039,155013.0,141310,369,75590,262,59951,99,5680,8,9611,163,77617,171,68006,198,0.062001251507938,0.5007128434389374,0.4387115919309993
2021-09-14,Marin,041,260295.0,407207,407,257788,256,136373,134,13024,17,12677,105,212289,122,199612,175,0.0487024337770606,0.8155707946752723,0.7668683608982116
2021-09-14,Mariposa,043,17540.0,14634,20,3372,10,10634,9,606,1,2550,11,8797,12,6247,8,0.145381984036488,0.501539338654504,0.3561573546180159
2021-09-14,Mendocino,045,87422.0,106167,264,58621,167,43872,85,3662,12,7136,90,57750,102,50614,149,0.081627050399213,0.6605888677907163,0.5789618173915033
2021-09-14,Merced,047,269075.0,246596,671,147877,501,87920,163,9952,7,26838,273,138364,280,111526,373,0.0997417077023134,0.5142209421165103,0.4144792344141967
2021-09-14,Modoc,049,8938.0,6369,15,1058,12,4879,3,422,0,286,6,3506,6,3220,7,0.0319982098903557,0.3922577757887671,0.3602595658984113
2021-09-14,Mono,051,14174.0,16762,22,9275,10,7072,10,354,2,667,8,8798,10,8131,9,0.0470579935092422,0.6207139833497954,0.5736559898405531
2021-09-14,Monterey,053,433212.0,531124,911,259502,589,248421,294,22514,27,30861,338,289674,366,258813,494,0.0712376388465693,0.6686656879310823,0.5974280490845129
2021-09-14,Napa,055,140530.0,195865,461,104776,341,85307,96,5768,23,10825,109,104968,123,94143,249,0.0770298156977157,0.7469437130861738,0.669913897388458
2021-09-14,Nevada,057,99092.0,113783,171,61296,116,49104,47,3337,8,6865,59,61342,67,54477,94,0.0692790538085819,0.6190408912929399,0.5497618374843579
2021-09-14,Orange,059,3164182.0,4059528,5519,2348495,3821,1582115,1516,127687,182,185356,1674,2161350,1854,1975994,2929,0.0585794369603265,0.6830675353061233,0.6244880983457968
2021-09-14,Placer,061,380077.0,464254,798,270483,532,180911,227,12842,39,20835,218,246412,257,225577,477,0.0548178395430399,0.6483212612181216,0.5935034216750816
2021-09-14,Plumas,063,18699.0,18179,40,2757,15,14194,20,1186,5,944,16,10045,21,9101,21,0.0504839831007005,0.5371945023798064,0.4867105192791058
2021-09-14,Riverside,065,2383286.0,2509014,5639,1479451,4108,954898,1370,73527,158,161097,1929,1358719,2088,1197622,3217,0.0675944892891579,0.5701032104413822,0.5025087211522243
2021-09-14,Sacramento,067,1510023.0,1778883,3183,1019401,2275,707372,792,51872,116,91009,976,952535,1091,861526,1876,0.0602699429081543,0.6308082724567772,0.5705383295486228
2021-09-14,San Benito,069,59416.0,74909,206,42432,144,29059,59,3311,3,4649,63,41004,66,36355,128,0.0782449171940218,0.6901171401642655,0.6118722229702437
2021-09-14,San Bernardino,071,2135413.0,2088668,4901,1266639,3754,757107,1023,64664,124,129895,1720,1134713,1841,1004818,2997,0.0608289824965943,0.5313787075380735,0.470549725041479
2021-09-14,San Diego,073,3302833.0,4412002,7009,2437226,4932,1805035,1770,168573,306,279837,2338,2431819,2912,2151982,3975,0.0847263546173845,0.7362827608904234,0.6515564062730389
2021-09-14,San Francisco,075,870044.0,1323609,1271,852957,900,415151,315,55125,56,40945,315,700088,372,659143,592,0.0470608383024306,0.804658155219736,0.7575973169173054
2021-09-14,San Joaquin,077,732212.0,803729,1793,467377,1215,310494,545,25812,33,64615,665,438933,703,374318,960,0.0882463002518396,0.5994616313308168,0.5112153310789771
2021-09-14,San Luis Obispo,079,281455.0,326124,493,169066,339,144320,129,12603,25,17659,160,175844,184,158185,246,0.0627418237373647,0.6247677248583254,0.5620259011209607
2021-09-14,San Mateo,081,765935.0,1130469,1198,703684,870,385378,287,40900,40,41642,344,599274,385,557632,548,0.0543675377153413,0.7824084289136807,0.7280408911983393
2021-09-14,Santa Barbara,083,443738.0,539230,716,317760,475,197846,214,23265,27,32732,215,294590,242,261858,397,0.0737642482726293,0.6638827416178015,0.5901184933451722
2021-09-14,Santa Clara,085,1922200.0,2878843,3049,1864138,2153,904721,773,106240,123,84282,934,1517754,1054,1433472,1565,0.0438466340651337,0.78959213401311,0.7457454999479762
2021-09-14,Santa Cruz,087,273765.0,366530,588,181108,426,175214,134,10163,28,14560,187,193446,215,178886,311,0.0531843004036308,0.7066133362555477,0.6534290358519168
2021-09-14,Shasta,089,179085.0,141028,390,65208,230,68338,125,7433,35,12915,146,80079,180,67164,226,0.0721165926794538,0.4471563782561353,0.3750397855766814
2021-09-14,Sierra,091,2930.0,2899,9,340,6,2500,1,55,2,104,4,1518,6,1414,5,0.035494880546075,0.5180887372013652,0.4825938566552901
2021-09-14,Siskiyou,093,43540.0,37507,90,15820,53,20491,34,1160,3,2817,30,20566,33,17749,58,0.0646991272393201,0.4723472668810289,0.4076481396417087
2021-09-14,Solano,095,438530.0,524444,1066,293028,814,216956,215,14413,37,41735,351,287882,388,246147,617,0.0951702278065354,0.6564704809249082,0.5613002531183727
2021-09-14,Sonoma,097,501317.0,686545,1093,386088,787,278216,261,22181,45,29192,339,364372,381,335180,563,0.0582306205454832,0.7268295310153057,0.6685989104698224
2021-09-14,Stanislaus,099,539301.0,543525,1426,315849,1082,209179,304,18174,39,47691,585,298963,623,251272,765,0.0884311358591955,0.5543527640408603,0.4659216281816647
2021-09-14,Sutter,101,95872.0,97147,292,42010,180,50719,103,4409,9,6978,105,53743,114,46765,176,0.0727845460614152,0.5605703437917223,0.487785797730307
2021-09-14,Tehama,103,63373.0,45887,153,17548,91,26513,53,1817,9,2987,49,25198,58,22211,99,0.047133637353447,0.3976141258895744,0.3504804885361274
2021-09-14,Trinity,105,12862.0,10283,34,2227,8,7379,22,672,4,699,10,5804,14,5105,23,0.0543461359042139,0.4512517493391385,0.3969056134349246
2021-09-14,Tulare,107,460477.0,411957,1122,246627,787,153326,312,11917,22,32975,429,226876,451,193901,648,0.0716105256071421,0.4926977894661405,0.4210872638589983
2021-09-14,Tuolumne,109,53932.0,52950,159,15160,92,36557,63,1228,4,3065,51,28001,55,24936,99,0.0568308240005933,0.5191908329006898,0.4623600089000964
2021-09-14,Ventura,111,848112.0,1066572,1548,579403,1099,449093,386,37678,63,50291,511,571766,573,521475,872,0.0592975927707661,0.6741633180523328,0.6148657252815666
2021-09-14,Yolo,113,214977.0,269592,365,135385,272,126002,86,8169,7,14091,112,144806,118,130715,203,0.0655465468398945,0.6735883373570196,0.608041790517125
2021-09-14,Yuba,115,75493.0,60941,218,24401,115,32800,87,3722,16,4628,75,34416,92,29788,138,0.0613036970315128,0.4558833269309737,0.3945796298994609
2021-09-13,Alameda,001,1643700.0,2319413,2766,1484839,2080,720906,619,112900,65,81944,926,1244631,989,1162687,1397,0.0498533795704812,0.7572129950720935,0.7073596155016122
2021-09-13,Alpine,003,1148.0,1497,0,43,0,1448,0,6,0,89,0,783,0,694,0,0.0775261324041811,0.6820557491289199,0.6045296167247387
2021-09-13,Amador,005,37829.0,39021,63,11101,31,26466,29,1452,3,3268,23,21309,26,18041,32,0.0863887493721747,0.5632979988897406,0.4769092495175659
2021-09-13,Butte,007,227075.0,200631,426,99315,281,93064,123,8231,22,12166,158,109543,179,97377,237,0.0535770120004403,0.4824088957392932,0.4288318837388528
2021-09-13,Calaveras,009,45235.0,45200,93,19334,54,24496,37,1368,2,2764,31,24083,33,21319,54,0.0611031281087653,0.5323974798275671,0.4712943517188018
2021-09-13,Colusa,011,21464.0,21836,58,5994,26,14847,31,979,1,1495,11,12088,12,10593,46,0.0696515095042862,0.5631755497577339,0.4935240402534476
2021-09-13,Contra Costa,013,1133247.0,1628638,2723,1101470,2115,473836,507,52961,101,51131,800,856948,900,805817,1421,0.0451190252433935,0.7561881919828599,0.7110691667394663
2021-09-13,Del Norte,015,27424.0,22244,84,8407,54,12534,29,1256,0,1857,29,12463,29,10606,52,0.0677144107351225,0.4544559509918319,0.3867415402567094
2021-09-13,El Dorado,017,186661.0,208572,348,101762,217,98666,123,8118,8,10920,94,112783,102,101863,203,0.0585017759467698,0.6042129850370458,0.5457112090902759
2021-09-13,Fresno,019,978130.0,1015257,2560,558529,1807,419690,670,36529,83,72005,922,556668,1005,484663,1437,0.0736149591567583,0.569114534877777,0.4954995757210186
2021-09-13,Glenn,021,27897.0,25401,68,11103,44,12916,19,1362,5,1453,25,14014,30,12561,42,0.0520844535254686,0.5023479227157042,0.4502634691902355
2021-09-13,Humboldt,023,135768.0,155453,253,79339,180,68053,68,7930,4,8470,78,84861,81,76391,116,0.0623858346591243,0.6250441930351777,0.5626583583760533
2021-09-13,Imperial,025,180216.0,256228,573,132587,428,107618,123,15986,22,25775,238,148032,261,122257,320,0.1430228170639677,0.8214143028365961,0.6783914857726284
2021-09-13,Inyo,027,18085.0,19393,25,7320,17,11341,8,576,0,888,12,10299,12,9411,12,0.049101465302737,0.5694774675145148,0.5203760022117777
2021-09-13,Kern,029,883053.0,772195,2535,411750,1727,326140,729,34080,79,62451,1003,431170,1082,368719,1455,0.0707216894116208,0.4882719383774246,0.4175502489658038
2021-09-13,Kings,031,150075.0,109105,354,53038,234,50756,109,5271,11,9825,171,61762,181,51937,169,0.0654672663668165,0.4115408962185574,0.3460736298517408
2021-09-13,Lake,033,64148.0,61634,180,20196,79,38515,98,2920,3,4158,95,34054,98,29896,72,0.0648188563945875,0.5308661220926607,0.4660472656980732
2021-09-13,Lassen,035,31185.0,13529,29,2054,12,10275,16,1186,1,937,12,7774,13,6837,16,0.0300464967131633,0.2492865159531826,0.2192400192400192
2021-09-13,Los Angeles,037,10098052.0,12541849,21004,7026945,14510,5024008,5797,486441,692,719452,7320,6805616,7998,6086164,11232,0.0712466127130262,0.6739533525872119,0.6027067398741857
2021-09-13,Madera,039,155013.0,140941,299,75328,199,59852,90,5672,10,9638,122,77446,132,67808,161,0.0621754304477688,0.499609710153342,0.4374342797055731
2021-09-13,Marin,041,260295.0,406800,447,257532,294,136239,137,13007,16,12730,98,212167,114,199437,189,0.0489060489060489,0.8151020956991106,0.7661960467930617
2021-09-13,Mariposa,043,17540.0,14614,18,3362,10,10625,7,605,1,2546,7,8785,8,6239,9,0.1451539338654504,0.5008551881413911,0.3557012542759407
2021-09-13,Mendocino,045,87422.0,105903,140,58454,93,43787,45,3650,2,7183,50,57648,52,50465,77,0.0821646725080643,0.6594221134268262,0.5772574409187619
2021-09-13,Merced,047,269075.0,245925,632,147376,466,87757,160,9945,5,26931,263,138084,265,111153,347,0.1000873362445414,0.5131803400538884,0.4130930038093468
2021-09-13,Modoc,049,8938.0,6354,10,1046,3,4876,6,422,1,287,2,3500,3,3213,5,0.0321100917431192,0.3915864846721861,0.3594763929290669
2021-09-13,Mono,051,14174.0,16740,35,9265,9,7062,23,352,3,666,8,8788,11,8122,22,0.0469874417948356,0.6200084662057288,0.5730210244108932
2021-09-13,Monterey,053,433212.0,530213,761,258913,451,248127,290,22487,17,30989,297,289308,313,258319,385,0.0715331061928109,0.6678208359879227,0.5962877297951119
2021-09-13,Napa,055,140530.0,195404,177,104435,118,85211,51,5745,8,10951,50,104845,57,93894,84,0.0779264214046822,0.7460684551341351,0.6681420337294528
2021-09-13,Nevada,057,99092.0,113612,162,61180,96,49057,59,3329,7,6892,50,61275,56,54383,92,0.0695515278730876,0.618364751947685,0.5488132240745973
2021-09-13,Orange,059,3164182.0,4054009,6649,2344674,4560,1580599,1881,127505,205,186431,2039,2159496,2239,1973065,3645,0.0589191772154699,0.6824816018800436,0.6235624246645737
2021-09-13,Placer,061,380077.0,463456,913,269951,629,180684,258,12803,26,21055,259,246155,285,225100,518,0.0553966696222081,0.6476450824438206,0.5922484128216124
2021-09-13,Plumas,063,18699.0,18139,22,2742,8,14174,12,1181,2,944,6,10024,8,9080,14,0.0504839831007005,0.5360714476709985,0.4855874645702979
2021-09-13,Riverside,065,2383286.0,2503375,5895,1475343,4273,953528,1486,73369,136,162226,2060,1356631,2197,1194405,3357,0.0680682049909243,0.5692271091258037,0.5011589041348793
2021-09-13,Sacramento,067,1510023.0,1775700,3831,1017126,2646,706580,1067,51756,118,91794,1203,951444,1321,859650,2193,0.0607898025394315,0.6300857669055372,0.5692959643661056
2021-09-13,San Benito,069,59416.0,74703,176,42288,135,29000,34,3308,7,4711,70,40938,76,36227,102,0.0792884071630537,0.6890063282617477,0.6097179210986939
2021-09-13,San Bernardino,071,2135413.0,2083767,4610,1262885,3459,756084,1015,64540,136,131051,1779,1132872,1917,1001821,2573,0.0613703297675906,0.5305165792284677,0.4691462494608771
2021-09-13,San Diego,073,3302833.0,4404993,7340,2432294,5222,1803265,1904,168267,209,280900,2480,2428907,2988,2148007,4066,0.0850481995305242,0.7354010935460558,0.6503528940155315
2021-09-13,San Francisco,075,870044.0,1322338,1396,852057,1048,414836,314,55069,34,41165,349,699716,380,658551,684,0.047313699077288,0.8042305906367954,0.7569168915595074
2021-09-13,San Joaquin,077,732212.0,801936,2107,466162,1336,309949,732,25779,39,64872,739,438230,781,373358,1164,0.0885972914948129,0.5985015268801932,0.5099042353853802
2021-09-13,San Luis Obispo,079,281455.0,325631,650,168727,433,144191,187,12578,29,17721,211,175660,240,157939,331,0.0629621076193352,0.6241139791440905,0.5611518715247553
2021-09-13,San Mateo,081,765935.0,1129271,1078,702814,791,385091,257,40860,30,41805,324,598889,354,557084,507,0.0545803495074647,0.7819057752942482,0.7273254257867835
2021-09-13,Santa Barbara,083,443738.0,538514,751,317285,512,197632,211,23238,27,32887,243,294348,270,261461,414,0.0741135534932775,0.6633373747571766,0.5892238212638989
2021-09-13,Santa Clara,085,1922200.0,2875794,2824,1861985,1988,903948,728,106117,106,84793,887,1516700,994,1431907,1411,0.0441124752887316,0.7890438039746124,0.7449313286858807
2021-09-13,Santa Cruz,087,273765.0,365942,417,180682,272,175080,134,10135,11,14656,136,193231,147,178575,205,0.0535349661205778,0.7058279911603017,0.6522930250397239
2021-09-13,Shasta,089,179085.0,140638,396,64978,227,68213,136,7398,33,12961,160,79899,192,66938,224,0.07237345394645,0.4461512689504984,0.3737778150040483
2021-09-13,Sierra,091,2930.0,2890,7,334,7,2499,0,53,0,103,5,1512,5,1409,2,0.0351535836177474,0.5160409556313993,0.4808873720136519
2021-09-13,Siskiyou,093,43540.0,37417,73,15767,34,20457,39,1157,0,2842,23,20533,23,17691,47,0.0652733118971061,0.4715893431327514,0.4063160312356453
2021-09-13,Solano,095,438530.0,523378,1197,292214,897,216741,265,14376,35,41964,454,287494,489,245530,603,0.0956924269719289,0.6555857067931499,0.559893279821221
2021-09-13,Sonoma,097,501317.0,685452,648,385301,426,277955,202,22136,19,29374,180,363991,199,334617,341,0.0585936642882647,0.7260695328504718,0.6674758685622072
2021-09-13,Stanislaus,099,539301.0,542099,1655,314767,1181,208875,457,18135,17,47833,711,298340,729,250507,833,0.0886944396542932,0.553197564996171,0.4645031253418777
2021-09-13,Sutter,101,95872.0,96855,237,41830,135,50616,99,4400,3,7040,73,53629,76,46589,150,0.0734312416555407,0.5593812583444593,0.4859500166889186
2021-09-13,Tehama,103,63373.0,45734,125,17457,69,26460,46,1808,10,3028,50,25140,60,22112,72,0.0477806005712211,0.3966989096302842,0.348918309059063
2021-09-13,Trinity,105,12862.0,10249,11,2219,3,7357,7,668,1,708,3,5790,4,5082,5,0.055045871559633,0.4501632716529311,0.3951174000932981
2021-09-13,Tulare,107,460477.0,410835,1101,245840,772,153014,304,11895,25,33172,443,226425,468,193253,604,0.0720383428488285,0.4917183702986251,0.4196800274497966
2021-09-13,Tuolumne,109,53932.0,52791,114,15068,60,36494,53,1224,1,3109,35,27946,36,24837,67,0.0576466661722168,0.5181710301861604,0.4605243640139435
2021-09-13,Ventura,111,848112.0,1065024,1760,578304,1288,448707,414,37615,57,50590,534,571193,591,520603,1023,0.0596501405474748,0.6734876997377705,0.6138375591902956
2021-09-13,Yolo,113,214977.0,269227,421,135113,293,125916,120,8162,8,14176,169,144688,177,130512,177,0.06594193797476,0.6730394414286179,0.6070975034538578
2021-09-13,Yuba,115,75493.0,60723,205,24286,100,32713,98,3706,7,4674,67,34324,74,29650,127,0.06191302504868,0.4546646708966394,0.3927516458479594
2021-09-12,Alameda,001,1643700.0,2316647,1050,1482759,773,720287,250,112835,26,82352,361,1243642,387,1161290,546,0.0501016000486706,0.756611303765894,0.7065097037172233
2021-09-12,Alpine,003,1148.0,1497,0,43,0,1448,0,6,0,89,0,783,0,694,0,0.0775261324041811,0.6820557491289199,0.6045296167247387
2021-09-12,Amador,005,37829.0,38958,29,11070,12,26437,16,1449,1,3274,12,21283,13,18009,15,0.0865473578471543,0.5626106954981628,0.4760633376510085
2021-09-12,Butte,007,227075.0,200205,158,99034,112,92941,45,8209,1,12224,79,109364,80,97140,66,0.0538324342177694,0.4816206099306396,0.4277881757128702
2021-09-12,Calaveras,009,45235.0,45107,26,19280,15,24459,11,1366,0,2785,13,24050,13,21265,13,0.0615673703990273,0.5316679562285841,0.4701005858295567
2021-09-12,Colusa,011,21464.0,21778,47,5968,31,14816,16,978,0,1529,10,12076,10,10547,36,0.071235557212076,0.562616474096161,0.491380916884085
2021-09-12,Contra Costa,013,1133247.0,1625915,982,1099355,768,473329,207,52860,7,51652,286,856048,293,804396,545,0.0455787661471859,0.755394013838113,0.7098152476909271
2021-09-12,Del Norte,015,27424.0,22160,4,8353,1,12505,3,1256,0,1880,3,12434,3,10554,1,0.0685530921820303,0.4533984830805134,0.3848453908984831
2021-09-12,El Dorado,017,186661.0,208224,111,101545,80,98543,28,8110,3,11021,52,112681,55,101660,51,0.0590428638012225,0.6036665398771034,0.5446236760758809
2021-09-12,Fresno,019,978130.0,1012697,1032,556722,784,419020,241,36446,7,72437,398,555663,405,483226,577,0.0740566182409291,0.5680870640916852,0.494030445850756
2021-09-12,Glenn,021,27897.0,25333,25,11059,21,12897,4,1357,0,1465,17,13984,17,12519,7,0.052514607305445,0.5012725382657633,0.4487579309603183
2021-09-12,Humboldt,023,135768.0,155200,123,79159,92,67985,25,7926,6,8505,48,84780,54,76275,67,0.0626436273643273,0.6244475870602793,0.5618039596959519
2021-09-12,Imperial,025,180216.0,255655,153,132159,126,107495,25,15964,2,25834,74,147771,77,121937,77,0.1433502019798464,0.8199660407510987,0.6766158387712523
2021-09-12,Inyo,027,18085.0,19368,2,7303,0,11333,2,576,0,888,0,10287,0,9399,2,0.049101465302737,0.5688139341996129,0.5197124688968758
2021-09-12,Kern,029,883053.0,769660,793,410023,572,325411,218,34001,3,62824,334,430088,337,367264,439,0.0711440876142202,0.4870466438594286,0.4159025562452084
2021-09-12,Kings,031,150075.0,108751,185,52804,137,50647,44,5260,4,9813,91,61581,95,51768,87,0.0653873063468265,0.4103348325837081,0.3449475262368816
2021-09-12,Lake,033,64148.0,61454,40,20117,28,38417,10,2917,2,4132,24,33956,26,29824,13,0.0644135436802394,0.5293384049385795,0.4649248612583401
2021-09-12,Lassen,035,31185.0,13500,14,2042,6,10259,8,1185,0,940,5,7761,5,6821,9,0.0301426968093634,0.2488696488696488,0.2187269520602854
2021-09-12,Los Angeles,037,10098052.0,12520845,8855,7012435,6271,5018211,2474,485749,108,722686,3260,6797618,3369,6074932,4668,0.0715668725017458,0.6731613186384859,0.6015944461367401
2021-09-12,Madera,039,155013.0,140642,114,75129,84,59762,30,5662,0,9667,51,77314,51,67647,61,0.0623625115312909,0.4987581686697245,0.4363956571384335
2021-09-12,Marin,041,260295.0,406353,126,257238,92,136102,33,12991,1,12805,26,212053,27,199248,46,0.0491941835225417,0.8146641310820415,0.7654699475594998
2021-09-12,Mariposa,043,17540.0,14596,8,3352,6,10618,2,604,0,2547,4,8777,4,6230,4,0.1452109464082098,0.5003990877993159,0.355188141391106
2021-09-12,Mendocino,045,87422.0,105763,55,58361,26,43742,28,3648,1,7208,21,57596,22,50388,24,0.0824506417149001,0.6588272974766077,0.5763766557617076
2021-09-12,Merced,047,269075.0,245293,268,146910,191,87597,76,9940,1,27013,109,137819,110,110806,152,0.1003920839914521,0.5121954845303354,0.4118034005388832
2021-09-12,Modoc,049,8938.0,6344,4,1043,2,4870,2,421,0,289,1,3497,1,3208,2,0.0323338554486462,0.3912508391138957,0.3589169836652495
2021-09-12,Mono,051,14174.0,16705,1,9256,1,7039,0,349,0,677,0,8777,0,8100,1,0.0477635106533088,0.6192323973472555,0.5714688866939467
2021-09-12,Monterey,053,433212.0,529452,454,258462,274,247837,170,22470,10,31061,200,288995,209,257934,226,0.0716993065750717,0.6670983259928165,0.5953990194177446
2021-09-12,Napa,055,140530.0,195227,102,104317,77,85160,24,5737,1,10978,41,104788,42,93810,47,0.0781185511990322,0.7456628477905074,0.6675442965914752
2021-09-12,Nevada,057,99092.0,113450,58,61084,27,48998,30,3322,1,6928,20,61219,22,54291,36,0.0699148266257619,0.6177996205546361,0.5478847939288741
2021-09-12,Orange,059,3164182.0,4047360,3154,2340114,2227,1578718,897,127300,30,187837,1112,2157257,1141,1969420,1635,0.0593635258654527,0.6817739940370054,0.6224104681715527
2021-09-12,Placer,061,380077.0,462543,312,269322,216,180426,90,12777,6,21288,110,245870,116,224582,167,0.0560097032969635,0.6468952343867164,0.5908855310897528
2021-09-12,Plumas,063,18699.0,18117,2,2734,2,14162,0,1179,0,950,1,10016,1,9066,1,0.0508048558746457,0.5356436173057383,0.4848387614310925
2021-09-12,Riverside,065,2383286.0,2497480,2572,1471070,1941,952042,607,73233,24,163386,1016,1354434,1039,1191048,1383,0.0685549279440235,0.5683052726361838,0.4997503446921603
2021-09-12,Sacramento,067,1510023.0,1771869,1385,1014480,1013,705513,326,51638,44,92666,559,950123,601,857457,743,0.0613672771871686,0.6292109457935409,0.5678436686063723
2021-09-12,San Benito,069,59416.0,74527,57,42153,42,28966,15,3301,0,4737,26,40862,26,36125,29,0.0797259997307122,0.687727211525515,0.6080012117948027
2021-09-12,San Bernardino,071,2135413.0,2079157,2186,1259426,1661,755069,515,64404,10,131707,817,1130955,827,999248,1277,0.0616775302950764,0.5296188606138484,0.467941330318772
2021-09-12,San Diego,073,3302833.0,4397653,3011,2427072,2115,1801361,798,168058,98,281978,1103,2425919,1349,2143941,1585,0.0853745859993526,0.7344964156528653,0.6491218296535126
2021-09-12,San Francisco,075,870044.0,1320942,577,851009,452,414522,121,55035,4,41469,162,699336,165,657867,281,0.0476631066934545,0.8037938311165872,0.7561307244231327
2021-09-12,San Joaquin,077,732212.0,799829,863,464826,651,309217,203,25740,9,65255,346,437449,355,372194,480,0.0891203640475709,0.5974348959044649,0.5083145318568939
2021-09-12,San Luis Obispo,079,281455.0,324981,208,168294,145,144004,62,12549,1,17812,71,175420,72,157608,101,0.0632854275106144,0.6232612673429145,0.5599758398323
2021-09-12,San Mateo,081,765935.0,1128193,611,702023,461,384834,139,40830,11,41958,186,598535,197,556577,302,0.054780105361421,0.7814435950831337,0.7266634897217127
2021-09-12,Santa Barbara,083,443738.0,537763,420,316773,325,197421,94,23211,1,33031,130,294078,131,261047,246,0.0744380693111701,0.662728907598628,0.5882908382874579
2021-09-12,Santa Clara,085,1922200.0,2872970,1200,1859997,888,903220,284,106011,28,85210,410,1515706,437,1430496,600,0.044329414212881,0.7885266881698054,0.7441972739569244
2021-09-12,Santa Cruz,087,273765.0,365525,248,180410,181,174946,64,10124,3,14714,101,193084,104,178370,117,0.0537468266579,0.7052910342812266,0.6515442076233265
2021-09-12,Shasta,089,179085.0,140242,170,64751,115,68077,54,7365,1,12993,63,79707,64,66714,91,0.0725521400452299,0.4450791523578189,0.372527012312589
2021-09-12,Sierra,091,2930.0,2883,0,327,0,2499,0,53,0,100,0,1507,0,1407,0,0.0341296928327645,0.514334470989761,0.4802047781569966
2021-09-12,Siskiyou,093,43540.0,37344,14,15733,6,20418,8,1157,0,2866,8,20510,8,17644,6,0.0658245291685806,0.4710610932475884,0.4052365640790078
2021-09-12,Solano,095,438530.0,522181,353,291317,276,216476,72,14341,5,42078,152,287005,157,244927,170,0.0959523863817754,0.6544706177456503,0.5585182313638748
2021-09-12,Sonoma,097,501317.0,684804,229,384875,155,277753,74,22117,0,29516,68,363792,69,334276,118,0.0588769181974678,0.7256725784284196,0.6667956602309517
2021-09-12,Stanislaus,099,539301.0,540444,720,313586,533,208418,182,18118,5,47937,294,297611,299,249674,398,0.0888872818704211,0.5518458152311975,0.4629585333607762
2021-09-12,Sutter,101,95872.0,96618,162,41695,91,50517,70,4397,1,7114,63,53553,64,46439,89,0.0742031041388518,0.5585885347129506,0.4843854305740988
2021-09-12,Tehama,103,63373.0,45609,42,17388,20,26414,21,1798,1,3040,16,25080,17,22040,22,0.0479699556593501,0.3957521341896391,0.3477821785302889
2021-09-12,Trinity,105,12862.0,10238,7,2216,6,7350,1,667,0,709,2,5786,2,5077,5,0.0551236199657907,0.4498522780283004,0.3947286580625097
2021-09-12,Tulare,107,460477.0,409734,511,245068,375,152710,132,11870,4,33308,244,225957,248,192649,247,0.0723336887618708,0.4907020328919794,0.4183683441301085
2021-09-12,Tuolumne,109,53932.0,52677,40,15008,21,36441,18,1223,1,3140,11,27910,12,24770,28,0.0582214640658607,0.517503522954832,0.4592820588889713
2021-09-12,Ventura,111,848112.0,1063264,747,577016,582,448293,153,37558,12,51022,263,570602,276,519580,418,0.0601595072348935,0.6727908578112325,0.612631350576339
2021-09-12,Yolo,113,214977.0,268806,129,134820,80,125796,48,8154,1,14176,41,144511,42,130335,73,0.06594193797476,0.6722160975360155,0.6062741595612554
2021-09-12,Yuba,115,75493.0,60518,92,24186,56,32615,35,3699,1,4727,26,34250,27,29523,60,0.0626150768945465,0.4536844475646748,0.3910693706701283
2021-09-11,Alameda,001,1643700.0,2315597,2348,1481986,1824,720037,474,112809,49,82511,718,1243255,768,1160744,1305,0.0501983330291415,0.756375859341729,0.7061775263125875
2021-09-11,Alpine,003,1148.0,1497,0,43,0,1448,0,6,0,89,0,783,0,694,0,0.0775261324041811,0.6820557491289199,0.6045296167247387
2021-09-11,Amador,005,37829.0,38929,28,11058,9,26421,19,1448,0,3276,4,21270,4,17994,23,0.0866002273388141,0.5622670438023738,0.4756668164635597
2021-09-11,Butte,007,227075.0,200047,246,98922,179,92896,66,8208,1,12210,109,109284,110,97074,127,0.0537707805791038,0.4812683034239788,0.427497522844875
2021-09-11,Calaveras,009,45235.0,45081,62,19265,38,24448,24,1366,0,2785,20,24037,20,21252,34,0.0615673703990273,0.5313805681441361,0.4698131977451089
2021-09-11,Colusa,011,21464.0,21731,35,5937,20,14800,15,978,0,1555,10,12066,10,10511,25,0.0724468878121505,0.562150577711517,0.4897036898993663
2021-09-11,Contra Costa,013,1133247.0,1624933,1403,1098587,1094,473122,273,52853,35,51904,464,855755,501,803851,714,0.045801136027715,0.7551354647309898,0.7093343287032747
2021-09-11,Del Norte,015,27424.0,22156,34,8352,16,12502,17,1256,1,1878,8,12431,9,10553,26,0.06848016336056,0.453289089848308,0.3848089264877479
2021-09-11,El Dorado,017,186661.0,208113,139,101465,101,98515,35,8107,3,11017,60,112626,62,101609,60,0.059021434579264,0.6033718880751737,0.5443504534959097
2021-09-11,Fresno,019,978130.0,1011665,1947,555938,1496,418779,418,36439,33,72609,714,555258,746,482649,1109,0.0742324639874045,0.567673008700275,0.4934405447128704
2021-09-11,Glenn,021,27897.0,25308,35,11038,26,12893,9,1357,0,1455,14,13967,14,12512,18,0.0521561458221314,0.5006631537441302,0.4485070079219987
2021-09-11,Humboldt,023,135768.0,155077,162,79067,109,67960,41,7920,11,8518,60,84726,70,76208,86,0.0627393789405456,0.6240498497436804,0.5613104708031348
2021-09-11,Imperial,025,180216.0,255502,461,132033,370,107470,89,15962,2,25834,174,147694,177,121860,274,0.1433502019798464,0.8195387756913926,0.6761885737115462
2021-09-11,Inyo,027,18085.0,19366,21,7303,10,11331,11,576,0,890,11,10287,11,9397,9,0.049212054188554,0.5688139341996129,0.5196018800110589
2021-09-11,Kern,029,883053.0,768867,1679,409451,1178,325193,455,33998,46,62926,710,429751,755,366825,942,0.0712595959698908,0.4866650133117717,0.4154054173418809
2021-09-11,Kings,031,150075.0,108566,249,52667,187,50603,62,5256,0,9805,112,61486,112,51681,132,0.0653339996668332,0.4097018157587873,0.344367816091954
2021-09-11,Lake,033,64148.0,61414,49,20089,25,38407,22,2915,2,4119,26,33930,28,29811,20,0.0642108873230654,0.5289330922242315,0.464722204901166
2021-09-11,Lassen,035,31185.0,13486,33,2036,14,10251,17,1185,2,944,21,7756,23,6812,10,0.0302709636042969,0.248709315375982,0.2184383517716851
2021-09-11,Los Angeles,037,10098052.0,12511990,17121,7006164,12566,5015737,4203,485641,348,723985,5996,6794249,6339,6070264,9425,0.0716955111738382,0.6728276899346527,0.6011321787608145
2021-09-11,Madera,039,155013.0,140528,244,75045,178,59732,60,5662,6,9677,107,77263,113,67586,132,0.0624270222497468,0.4984291640055995,0.4360021417558527
2021-09-11,Marin,041,260295.0,406227,348,257146,221,136069,106,12990,21,12824,87,212026,109,199202,174,0.0492671776253865,0.8145604026201041,0.7652932249947175
2021-09-11,Mariposa,043,17540.0,14588,10,3346,5,10616,5,604,0,2547,4,8773,4,6226,6,0.1452109464082098,0.5001710376282782,0.3549600912200684
2021-09-11,Mendocino,045,87422.0,105708,84,58335,51,43714,32,3647,1,7210,34,57574,35,50364,46,0.082473519251447,0.6585756445745922,0.5761021253231452
2021-09-11,Merced,047,269075.0,245025,431,146719,311,87521,109,9939,11,27055,188,137709,199,110654,224,0.1005481743008454,0.5117866765771625,0.411238502276317
2021-09-11,Modoc,049,8938.0,6340,4,1041,0,4868,2,421,2,290,0,3496,2,3206,4,0.0324457373014097,0.3911389572611322,0.3586932199597225
2021-09-11,Mono,051,14174.0,16704,8,9255,6,7039,2,349,0,678,3,8777,3,8099,3,0.0478340623677155,0.6192323973472555,0.57139833497954
2021-09-11,Monterey,053,433212.0,528998,900,258188,677,247667,215,22460,8,31078,300,288786,309,257708,557,0.0717385483319945,0.6666158832165314,0.5948773348845369
2021-09-11,Napa,055,140530.0,195125,140,104240,97,85136,43,5736,0,10983,50,104746,50,93763,65,0.0781541307905785,0.7453639792215185,0.66720984843094
2021-09-11,Nevada,057,99092.0,113392,145,61057,96,48968,45,3321,4,6942,43,61197,47,54255,95,0.0700561094740241,0.617577604650224,0.5475214951761999
2021-09-11,Orange,059,3164182.0,4044206,4842,2337887,3386,1577821,1384,127270,71,188331,1626,2156116,1695,1967785,2484,0.0595196483640953,0.6814133953103836,0.6218937469462882
2021-09-11,Placer,061,380077.0,462231,536,269106,377,180336,139,12771,20,21339,182,245754,202,224415,295,0.0561438866334979,0.6465900330722459,0.5904461464387479
2021-09-11,Plumas,063,18699.0,18115,11,2732,7,14162,3,1179,1,950,4,10015,5,9065,6,0.0508048558746457,0.5355901385100807,0.4847852826354351
2021-09-11,Riverside,065,2383286.0,2494908,4429,1469129,3366,951435,969,73209,92,163730,1665,1353395,1758,1189665,2463,0.0686992664749425,0.567869319922158,0.4991700534472153
2021-09-11,Sacramento,067,1510023.0,1770484,2553,1013467,1842,705187,642,51594,69,92808,934,949522,1002,856714,1469,0.0614613154898965,0.6288129386108688,0.5673516231209723
2021-09-11,San Benito,069,59416.0,74470,128,42111,99,28951,29,3301,0,4740,32,40836,32,36096,88,0.0797764911808267,0.6872896189578565,0.6075131277770297
2021-09-11,San Bernardino,071,2135413.0,2076971,3900,1257765,3127,754554,739,64394,34,132157,1578,1130128,1611,997971,2191,0.0618882623642358,0.5292315819000821,0.4673433195358462
2021-09-11,San Diego,073,3302833.0,4394642,5473,2424957,4140,1800563,1194,167960,135,282214,1926,2424570,2297,2142356,3070,0.085446039808855,0.7340879784112608,0.6486419386024058
2021-09-11,San Francisco,075,870044.0,1320365,961,850557,742,414401,171,55031,48,41585,267,699171,310,657586,489,0.0477964332838339,0.8036041855354442,0.7558077522516102
2021-09-11,San Joaquin,077,732212.0,798966,1172,464175,885,309014,263,25731,24,65380,451,437094,480,371714,673,0.0892910796326746,0.5969500636427701,0.5076589840100955
2021-09-11,San Luis Obispo,079,281455.0,324773,316,168149,205,143942,101,12548,10,17841,114,175348,124,157507,164,0.0633884635199232,0.6230054538025617,0.5596169902826384
2021-09-11,San Mateo,081,765935.0,1127582,943,701562,711,384695,206,40819,26,42063,304,598338,329,556275,453,0.0549171927121753,0.7811863931012423,0.726269200389067
2021-09-11,Santa Barbara,083,443738.0,537343,586,316448,435,197327,146,23210,5,33146,187,293947,192,260801,333,0.0746972312490703,0.6624336883476285,0.5877364570985582
2021-09-11,Santa Clara,085,1922200.0,2871770,2478,1859109,1710,902936,650,105983,118,85373,796,1515269,913,1429896,1257,0.0444142128810737,0.7882993445010925,0.7438851316200187
2021-09-11,Santa Cruz,087,273765.0,365277,248,180229,151,174882,91,10121,6,14727,62,192980,68,178253,138,0.0537943126404032,0.7049111464212007,0.6511168337807974
2021-09-11,Shasta,089,179085.0,140072,228,64636,125,68023,103,7364,0,13020,110,79643,110,66623,110,0.0727029064410754,0.4447217801602591,0.3720188737191836
2021-09-11,Sierra,091,2930.0,2883,0,327,0,2499,0,53,0,100,0,1507,0,1407,0,0.0341296928327645,0.514334470989761,0.4802047781569966
2021-09-11,Siskiyou,093,43540.0,37330,31,15727,19,20410,12,1157,0,2864,14,20502,14,17638,16,0.0657785943959577,0.4708773541570969,0.4050987597611392
2021-09-11,Solano,095,438530.0,521828,408,291041,289,216404,113,14336,6,42091,166,286848,172,244757,213,0.0959820308758807,0.6541126034706861,0.5581305725948054
2021-09-11,Sonoma,097,501317.0,684575,704,384720,533,277679,153,22117,18,29565,206,363723,224,334158,360,0.0589746607436013,0.7255349409654969,0.6665602802218955
2021-09-11,Stanislaus,099,539301.0,539724,952,313053,670,208236,264,18113,16,48036,425,297312,441,249276,488,0.0890708528261583,0.5512913938598296,0.4622205410336714
2021-09-11,Sutter,101,95872.0,96456,198,41604,123,50447,71,4396,4,7139,74,53489,78,46350,119,0.0744638684913217,0.5579209779706275,0.4834571094793057
2021-09-11,Tehama,103,63373.0,45567,78,17368,29,26393,49,1797,0,3045,36,25063,36,22018,39,0.0480488536127372,0.395483881148123,0.3474350275353857
2021-09-11,Trinity,105,12862.0,10231,3,2210,3,7349,0,667,0,712,1,5784,1,5072,2,0.0553568651842637,0.449696781215985,0.3943399160317213
2021-09-11,Tulare,107,460477.0,409223,1335,244693,1090,152578,237,11866,7,33307,523,225709,530,192402,775,0.0723315171007455,0.4901634609329022,0.4178319438321566
2021-09-11,Tuolumne,109,53932.0,52637,60,14987,28,36423,29,1222,3,3156,28,27898,32,24742,30,0.058518133946451,0.5172810205443892,0.4587628865979381
2021-09-11,Ventura,111,848112.0,1062517,1149,576434,893,448140,230,37546,26,51164,367,570326,394,519162,655,0.0603269379515912,0.6724654290942705,0.6121384911426793
2021-09-11,Yolo,113,214977.0,268677,218,134740,135,125748,79,8153,4,14207,77,144469,81,130262,112,0.0660861394474757,0.6720207277987877,0.605934588351312
2021-09-11,Yuba,115,75493.0,60426,145,24130,87,32580,54,3698,4,4760,55,34223,59,29463,84,0.0630522035155577,0.4533267985111202,0.3902745949955625
2021-09-10,Alameda,001,1643700.0,2313249,3822,1480162,2953,719563,760,112760,108,83048,1192,1242487,1298,1159439,1994,0.0505250349820526,0.7559086207945489,0.7053835858124962
2021-09-10,Alpine,003,1148.0,1497,1,43,1,1448,0,6,0,89,1,783,1,694,0,0.0775261324041811,0.6820557491289199,0.6045296167247387
2021-09-10,Amador,005,37829.0,38901,126,11049,65,26402,49,1448,12,3295,44,21266,56,17971,70,0.0871024875095825,0.5621613048190541,0.4750588173094716
2021-09-10,Butte,007,227075.0,199801,570,98743,361,92830,176,8207,33,12227,197,109174,227,96947,306,0.0538456457117692,0.4807838819773202,0.426938236265551
2021-09-10,Calaveras,009,45235.0,45019,131,19227,89,24424,36,1366,6,2799,44,24017,50,21218,72,0.0618768652592019,0.5309384326296009,0.469061567370399
2021-09-10,Colusa,011,21464.0,21696,76,5917,44,14785,30,978,1,1570,38,12056,39,10486,32,0.0731457323891166,0.5616846813268729,0.4885389489377562
2021-09-10,Contra Costa,013,1133247.0,1623530,3255,1097493,2535,472849,618,52818,101,52117,949,855254,1050,803137,1577,0.0459890915219718,0.754693372230414,0.7087042807084422
2021-09-10,Del Norte,015,27424.0,22122,94,8336,58,12485,33,1255,1,1895,30,12422,31,10527,55,0.0691000583430571,0.4529609101516919,0.3838608518086348
2021-09-10,El Dorado,017,186661.0,207974,378,101364,244,98480,122,8104,12,11015,129,112564,141,101549,190,0.0590107199682847,0.6030397351348166,0.5440290151665318
2021-09-10,Fresno,019,978130.0,1009718,3615,554442,2632,418361,911,36406,68,72972,1450,554512,1517,481540,1916,0.0746035803011869,0.5669103288928874,0.4923067485917005
2021-09-10,Glenn,021,27897.0,25273,91,11012,76,12884,9,1357,6,1459,36,13953,42,12494,47,0.0522995304154568,0.5001613076674911,0.4478617772520342
2021-09-10,Humboldt,023,135768.0,154915,390,78958,212,67919,166,7909,12,8534,132,84656,144,76122,196,0.0628572270343527,0.6235342643332744,0.5606770372989217
2021-09-10,Imperial,025,180216.0,255041,828,131663,701,107381,114,15960,13,25931,362,147517,374,121586,436,0.1438884449771385,0.8185566209437564,0.6746681759666179
2021-09-10,Inyo,027,18085.0,19345,38,7293,11,11320,25,576,2,888,17,10276,19,9388,18,0.049101465302737,0.5682056953276196,0.5191042300248825
2021-09-10,Kern,029,883053.0,767188,3430,408273,2366,324738,965,33952,99,63113,1318,428996,1416,365883,1926,0.0714713612886202,0.4858100249928374,0.414338663704217
2021-09-10,Kings,031,150075.0,108317,440,52480,306,50541,120,5256,14,9825,193,61374,207,51549,227,0.0654672663668165,0.4089555222388805,0.3434882558720639
2021-09-10,Lake,033,64148.0,61365,285,20064,142,38385,117,2913,26,4111,99,33902,125,29791,110,0.0640861757186506,0.5284966016087796,0.4644104258901291
2021-09-10,Lassen,035,31185.0,13453,41,2022,11,10234,27,1183,3,931,21,7733,24,6802,19,0.0298540965207631,0.2479717813051146,0.2181176847843514
2021-09-10,Los Angeles,037,10098052.0,12494869,26954,6993598,19000,5011534,7092,485293,834,727071,9503,6787910,10328,6060839,14076,0.0720011146704334,0.6721999450983219,0.6001988304278885
2021-09-10,Madera,039,155013.0,140284,458,74867,336,59672,116,5656,5,9696,190,77150,195,67454,237,0.0625495926148129,0.4977001928870482,0.4351506002722352
2021-09-10,Marin,041,260295.0,405879,390,256925,247,135963,130,12969,13,12889,79,211917,92,199028,140,0.0495168942930136,0.8141416469774678,0.7646247526844542
2021-09-10,Mariposa,043,17540.0,14578,12,3341,8,10611,4,604,0,2549,5,8769,5,6220,6,0.1453249714937286,0.4999429874572406,0.3546180159635119
2021-09-10,Mendocino,045,87422.0,105624,409,58284,282,43682,118,3646,9,7221,128,57539,137,50318,226,0.0825993457024547,0.6581752876850221,0.5755759419825673
2021-09-10,Merced,047,269075.0,244594,719,146408,480,87412,226,9928,13,27080,292,137510,305,110430,401,0.1006410851992938,0.5110471058255134,0.4104060206262194
2021-09-10,Modoc,049,8938.0,6336,13,1041,7,4866,6,419,0,292,5,3494,5,3202,6,0.0326695010069366,0.3909151935556053,0.3582456925486686
2021-09-10,Mono,051,14174.0,16696,23,9249,18,7037,5,349,0,678,11,8774,11,8096,9,0.0478340623677155,0.6190207422040356,0.57118667983632
2021-09-10,Monterey,053,433212.0,528098,1277,257511,829,247452,420,22452,25,31326,474,288477,500,257151,697,0.0723110163153375,0.6659026065759951,0.5935915902606576
2021-09-10,Napa,055,140530.0,194985,221,104143,147,85093,64,5736,10,10998,70,104696,79,93698,92,0.0782608695652174,0.7450081833060557,0.6667473137408383
2021-09-10,Nevada,057,99092.0,113247,214,60961,128,48923,72,3317,14,6990,74,61150,88,54160,122,0.0705405078109231,0.6171032979453437,0.5465627901344206
2021-09-10,Orange,059,3164182.0,4039364,8611,2334501,5913,1576437,2443,127199,254,189120,2593,2154421,2838,1965301,4527,0.0597690019094982,0.6808777118383204,0.6211087099288221
2021-09-10,Placer,061,380077.0,461695,1050,268729,715,180197,302,12751,33,21432,285,245552,318,224120,605,0.0563885738942372,0.6460585618177369,0.5896699879234997
2021-09-10,Plumas,063,18699.0,18104,39,2725,21,14159,16,1178,2,951,22,10010,24,9059,16,0.0508583346703032,0.5353227445317932,0.4844644098614899
2021-09-10,Riverside,065,2383286.0,2490479,7682,1465763,5795,950466,1718,73117,165,164435,2674,1351637,2838,1187202,4342,0.0689950765455761,0.567131682894961,0.4981366063493848
2021-09-10,Sacramento,067,1510023.0,1767931,4441,1011625,3202,704545,1124,51525,112,93275,1484,948520,1593,855245,2505,0.0617705823023887,0.6281493725592259,0.5663787902568371
2021-09-10,San Benito,069,59416.0,74342,168,42012,114,28922,53,3301,1,4796,78,40804,79,36008,82,0.0807189982496297,0.6867510434899691,0.6060320452403393
2021-09-10,San Bernardino,071,2135413.0,2073071,6538,1254638,5042,753815,1338,64360,156,132737,2394,1128517,2541,995780,3805,0.062159872586708,0.5284771610924912,0.4663172885057832
2021-09-10,San Diego,073,3302833.0,4389169,8859,2420817,6104,1799369,2475,167825,277,282987,3079,2422273,3692,2139286,4737,0.085680081312013,0.7333925148501301,0.6477124335381171
2021-09-10,San Francisco,075,870044.0,1319404,1491,849815,1079,414230,373,54983,39,41764,382,698861,421,657097,679,0.0480021700051951,0.803247881716327,0.7552457117111319
2021-09-10,San Joaquin,077,732212.0,797794,2398,463290,1776,308751,577,25707,45,65573,958,436614,1004,371041,1252,0.0895546644960749,0.5962945157959717,0.5067398512998967
2021-09-10,San Luis Obispo,079,281455.0,324457,655,167944,445,143841,185,12538,25,17881,231,175224,256,157343,335,0.0635305821534526,0.6225648860386207,0.5590343038851682
2021-09-10,San Mateo,081,765935.0,1126639,1349,700851,959,384489,338,40793,51,42187,380,598009,430,555822,630,0.055079086345447,0.7807568527355454,0.7256777663900984
2021-09-10,Santa Barbara,083,443738.0,536757,1236,316013,771,197181,405,23205,59,33287,418,293755,474,260468,591,0.0750149863207568,0.6620010005904385,0.5869860142696817
2021-09-10,Santa Clara,085,1922200.0,2869292,3493,1857399,2428,902286,956,105865,109,85717,1079,1514356,1185,1428639,1787,0.0445931744875663,0.7878243679117678,0.7432311934242014
2021-09-10,Santa Cruz,087,273765.0,365029,517,180078,335,174791,165,10115,17,14797,166,192912,182,178115,237,0.0540500063923438,0.7046627582050299,0.6506127518126861
2021-09-10,Shasta,089,179085.0,139844,521,64511,327,67920,165,7364,28,13020,216,79533,244,66513,274,0.0727029064410754,0.4441075466957032,0.3714046402546277
2021-09-10,Sierra,091,2930.0,2883,5,327,5,2499,0,53,0,100,2,1507,2,1407,3,0.0341296928327645,0.514334470989761,0.4802047781569966
2021-09-10,Siskiyou,093,43540.0,37299,98,15708,56,20398,41,1157,1,2866,35,20488,36,17622,50,0.0658245291685806,0.4705558107487368,0.4047312815801562
2021-09-10,Solano,095,438530.0,521420,1223,290752,928,216291,261,14330,34,42132,501,286676,535,244544,614,0.0960755250495975,0.6537203840102159,0.5576448589606184
2021-09-10,Sonoma,097,501317.0,683871,1143,384187,809,277526,303,22099,31,29701,348,363499,378,333798,587,0.0592459461777677,0.7250881178974581,0.6658421717196903
2021-09-10,Stanislaus,099,539301.0,538772,1808,312383,1173,207972,591,18097,44,48083,747,296871,792,248788,937,0.0891580026738314,0.5504736686933642,0.4613156660195326
2021-09-10,Sutter,101,95872.0,96258,349,41481,205,50376,127,4392,17,7180,136,53411,153,46231,182,0.0748915220293724,0.5571073931909212,0.4822158711615487
2021-09-10,Tehama,103,63373.0,45489,157,17339,73,26344,72,1797,12,3048,68,25027,80,21979,85,0.0480961923847695,0.394915815883736,0.3468196234989664
2021-09-10,Trinity,105,12862.0,10228,14,2207,14,7349,0,667,0,713,8,5783,8,5070,6,0.0554346135904213,0.4496190328098274,0.394184419219406
2021-09-10,Tulare,107,460477.0,407888,1629,243603,1127,152341,462,11859,40,33552,651,225179,689,191627,892,0.0728635740764468,0.4890124805364871,0.4161489064600403
2021-09-10,Tuolumne,109,53932.0,52577,227,14959,131,36394,95,1219,1,3154,72,27866,73,24712,123,0.0584810502113772,0.5166876807832085,0.4582066305718312
2021-09-10,Ventura,111,848112.0,1061368,2314,575541,1647,447910,576,37520,91,51425,761,569932,850,518507,1238,0.06063468032524,0.6720008678099119,0.6113661874846719
2021-09-10,Yolo,113,214977.0,268459,486,134605,344,125669,117,8149,25,14238,174,144388,198,130150,247,0.0662303409201914,0.6716439433055629,0.6054136023853715
2021-09-10,Yuba,115,75493.0,60281,281,24043,163,32526,106,3694,12,4785,110,34164,122,29379,158,0.0633833600466268,0.4525452690977971,0.3891619090511703
2021-09-09,Alameda,001,1643700.0,2309427,3062,1477209,2323,718803,651,112652,87,83744,1002,1241189,1087,1157445,1443,0.0509484699154346,0.7551189389791324,0.7041704690636977
2021-09-09,Alpine,003,1148.0,1496,0,42,0,1448,0,6,0,88,0,782,0,694,0,0.0766550522648083,0.681184668989547,0.6045296167247387
2021-09-09,Amador,005,37829.0,38775,84,10984,31,26353,44,1436,9,3309,39,21210,48,17901,36,0.0874725739512014,0.5606809590525788,0.4732083851013772
2021-09-09,Butte,007,227075.0,199231,409,98382,272,92654,107,8174,30,12306,154,108947,183,96641,220,0.0541935483870967,0.4797842122646703,0.4255906638775735
2021-09-09,Calaveras,009,45235.0,44888,137,19138,71,24388,52,1360,14,2821,55,23967,69,21146,72,0.0623632143251906,0.5298330938432629,0.4674698795180723
2021-09-09,Colusa,011,21464.0,21620,57,5873,37,14755,19,977,1,1563,20,12017,21,10454,35,0.0728196049198658,0.5598676854267611,0.4870480805068952
2021-09-09,Contra Costa,013,1133247.0,1620275,2771,1094958,2250,472231,424,52717,97,52644,852,854204,950,801560,1199,0.0464541269467291,0.7537668310615426,0.7073127041148135
2021-09-09,Del Norte,015,27424.0,22028,93,8278,57,12452,33,1254,3,1919,37,12391,40,10472,51,0.0699752042007001,0.4518305134189031,0.381855309218203
2021-09-09,El Dorado,017,186661.0,207596,327,101120,213,98358,92,8092,22,11064,124,112423,146,101359,141,0.0592732279372766,0.6022843550607786,0.543011127123502
2021-09-09,Fresno,019,978130.0,1006103,2891,551810,2106,417450,712,36338,72,73371,1202,552995,1269,479624,1465,0.0750115015386502,0.5653594103033339,0.4903479087646836
2021-09-09,Glenn,021,27897.0,25182,67,10936,51,12875,11,1351,5,1464,27,13911,32,12447,38,0.0524787611571136,0.4986557694375739,0.4461770082804602
2021-09-09,Humboldt,023,135768.0,154525,295,78746,180,67753,95,7897,20,8586,97,84512,116,75926,159,0.0632402333392257,0.6224736314890107,0.5592333981497849
2021-09-09,Imperial,025,180216.0,254213,732,130962,611,107267,110,15947,11,25993,301,147143,312,121150,410,0.1442324765836551,0.816481333510898,0.6722488569272429
2021-09-09,Inyo,027,18085.0,19307,56,7282,10,11295,41,574,5,887,13,10257,18,9370,42,0.0490461708598285,0.5671551009123583,0.5181089300525297
2021-09-09,Kern,029,883053.0,763758,2235,405907,1535,323773,645,33853,54,63623,1012,427580,1065,363957,1096,0.0720489030669733,0.484206497231763,0.4121575941647896
2021-09-09,Kings,031,150075.0,107877,349,52174,238,50421,96,5242,15,9845,170,61167,184,51322,162,0.0656005330667999,0.4075762118940529,0.341975678827253
2021-09-09,Lake,033,64148.0,61080,229,19922,138,38268,84,2887,7,4096,87,33777,94,29681,125,0.0638523414603728,0.5265479827897986,0.4626956413294257
2021-09-09,Lassen,035,31185.0,13412,37,2011,15,10207,22,1180,0,926,21,7709,21,6783,16,0.0296937630270963,0.2472021805355138,0.2175084175084175
2021-09-09,Los Angeles,037,10098052.0,12467915,21555,6974598,15076,5004442,5874,484459,589,730819,7927,6777582,8510,6046763,10624,0.0723722753655853,0.6711771735776365,0.5988048982120512
2021-09-09,Madera,039,155013.0,139826,526,74531,390,59556,125,5651,11,9738,181,76955,192,67217,319,0.0628205376323276,0.4964422338771587,0.4336216962448311
2021-09-09,Marin,041,260295.0,405489,453,256678,315,135833,116,12956,22,12937,92,211825,114,198888,189,0.0497013004475691,0.8137882018479033,0.7640869014003342
2021-09-09,Mariposa,043,17540.0,14566,56,3333,36,10607,17,604,3,2550,22,8764,25,6214,31,0.145381984036488,0.4996579247434435,0.3542759407069555
2021-09-09,Mendocino,045,87422.0,105215,227,58002,146,43564,71,3637,10,7310,75,57402,84,50092,131,0.0836173960787902,0.6566081764315619,0.5729907803527716
2021-09-09,Merced,047,269075.0,243875,881,145928,682,87186,172,9915,26,27176,397,137205,422,110029,452,0.1009978630493356,0.509913592864443,0.4089157298151073
2021-09-09,Modoc,049,8938.0,6323,30,1034,6,4860,19,419,5,293,9,3489,14,3196,16,0.0327813828597001,0.3903557842917878,0.3575744014320877
2021-09-09,Mono,051,14174.0,16673,27,9231,13,7032,13,349,1,676,5,8763,6,8087,19,0.0476929589389022,0.6182446733455623,0.5705517144066601
2021-09-09,Monterey,053,433212.0,526821,979,256682,628,247032,331,22427,19,31523,389,287977,408,256454,480,0.0727657590279124,0.664748437254739,0.5919826782268266
2021-09-09,Napa,055,140530.0,194764,400,103996,217,85029,170,5726,13,11011,90,104617,102,93606,155,0.0783533765032377,0.7444460257596243,0.6660926492563866
2021-09-09,Nevada,057,99092.0,113033,182,60833,124,48851,56,3303,2,7024,52,61062,54,54038,93,0.07088362329956,0.6162152343276954,0.5453316110281354
2021-09-09,Orange,059,3164182.0,4030753,6644,2328588,4532,1573994,1874,126945,238,190809,2124,2151583,2358,1960774,3172,0.0603027891568816,0.6799807975647418,0.6196780084078602
2021-09-09,Placer,061,380077.0,460645,932,268014,643,179895,225,12718,64,21719,306,245234,370,223515,466,0.0571436840429702,0.6452218892487575,0.5880782052057872
2021-09-09,Plumas,063,18699.0,18065,45,2704,23,14143,11,1176,11,943,21,9986,32,9043,21,0.050430504305043,0.5340392534360127,0.4836087491309696
2021-09-09,Riverside,065,2383286.0,2482797,6177,1459968,4526,948748,1480,72952,169,165939,2009,1348799,2177,1182860,3580,0.0696261380295944,0.5659408900148786,0.4963147519852842
2021-09-09,Sacramento,067,1510023.0,1763490,3561,1008423,2529,703421,905,51413,127,94187,1280,946927,1405,852740,1833,0.0623745466128661,0.627094421740596,0.5647198751277298
2021-09-09,San Benito,069,59416.0,74174,175,41898,134,28869,41,3300,0,4799,78,40725,78,35926,71,0.0807694896997441,0.6854214353036219,0.6046519456038777
2021-09-09,San Bernardino,071,2135413.0,2066533,4993,1249596,3824,752477,1062,64204,106,134001,1862,1125976,1967,991975,2801,0.0627517955543026,0.5272872273419709,0.4645354317876682
2021-09-09,San Diego,073,3302833.0,4380310,7701,2414713,5229,1796894,2186,167548,282,284032,2801,2418581,3401,2134549,3893,0.0859964763583263,0.7322746866099497,0.6462782102516234
2021-09-09,San Francisco,075,870044.0,1317913,1339,848736,873,413857,361,54944,105,42022,383,698440,478,656418,565,0.0482987067320733,0.8027639981426227,0.7544652914105493
2021-09-09,San Joaquin,077,732212.0,795396,2098,461514,1482,308174,579,25662,37,65821,802,435610,848,369789,1102,0.0898933642169207,0.5949233282164182,0.5050299639994974
2021-09-09,San Luis Obispo,079,281455.0,323802,518,167499,267,143656,228,12513,23,17960,166,174968,189,157008,247,0.063811266454673,0.621655326784033,0.55784406032936
2021-09-09,San Mateo,081,765935.0,1125290,1237,699892,878,384151,311,40742,46,42387,335,597579,380,555192,533,0.0553402051087886,0.7801954473943611,0.7248552422855725
2021-09-09,Santa Barbara,083,443738.0,535521,815,315242,584,196776,198,23146,33,33404,294,293281,327,259877,393,0.0752786554227945,0.6609328026898755,0.585654147267081
2021-09-09,Santa Clara,085,1922200.0,2865799,2857,1854971,2013,901330,739,105756,104,86319,1006,1513171,1109,1426852,1272,0.0449063572989283,0.7872078867963791,0.7423015294974509
2021-09-09,Santa Cruz,087,273765.0,364512,504,179743,327,174626,165,10098,12,14852,175,192730,185,177878,214,0.0542509086260113,0.7039979544499845,0.6497470458239731
2021-09-09,Shasta,089,179085.0,139323,521,64184,265,67755,197,7336,59,13050,189,79289,248,66239,280,0.0728704246586816,0.4427450651925063,0.3698746405338247
2021-09-09,Sierra,091,2930.0,2878,8,322,8,2499,0,53,0,101,6,1505,6,1404,2,0.0344709897610921,0.5136518771331058,0.4791808873720136
2021-09-09,Siskiyou,093,43540.0,37201,110,15652,61,20357,44,1156,5,2880,42,20452,47,17572,60,0.0661460725769407,0.469728984841525,0.4035829122645843
2021-09-09,Solano,095,438530.0,520197,1086,289824,761,216030,292,14296,33,42211,373,286141,406,243930,562,0.0962556723599297,0.6525003990604976,0.5562447267005678
2021-09-09,Sonoma,097,501317.0,682728,981,383378,697,277223,250,22068,34,29910,284,363121,318,333211,461,0.0596628480582146,0.7243341039701426,0.664671255911928
2021-09-09,Stanislaus,099,539301.0,536964,1562,311210,1053,207381,478,18053,31,48228,654,296079,685,247851,800,0.0894268692251636,0.549005101047467,0.4595782318223033
2021-09-09,Sutter,101,95872.0,95909,338,41276,225,50249,103,4375,10,7209,168,53258,178,46049,145,0.0751940086782376,0.555511515353805,0.4803175066755674
2021-09-09,Tehama,103,63373.0,45332,180,17266,97,26272,70,1785,13,3053,87,24947,100,21894,80,0.0481750903381566,0.3936534486295425,0.3454783582913859
2021-09-09,Trinity,105,12862.0,10214,22,2193,7,7349,11,667,4,711,11,5775,15,5064,9,0.055279116778106,0.448997045560566,0.39371792878246
2021-09-09,Tulare,107,460477.0,406259,1432,242476,1039,151879,358,11819,35,33755,683,224490,717,190735,685,0.073304421284885,0.4875162060211476,0.4142117847362626
2021-09-09,Tuolumne,109,53932.0,52350,88,14828,44,36299,39,1218,5,3204,41,27793,46,24589,41,0.0594081435882222,0.5153341244530149,0.4559259808647927
2021-09-09,Ventura,111,848112.0,1059054,2010,573894,1512,447334,430,37429,67,51813,701,569082,767,517269,1059,0.0610921670722734,0.6709986416888335,0.6099064746165601
2021-09-09,Yolo,113,214977.0,267973,396,134261,283,125552,105,8124,8,14287,144,144190,152,129903,196,0.0664582722802904,0.6707229145443466,0.6042646422640562
2021-09-09,Yuba,115,75493.0,60000,233,23880,119,32420,87,3682,26,4821,97,34042,123,29221,127,0.0638602254513663,0.4509292252261799,0.3870689997748135
2021-09-08,Alameda,001,1643700.0,2306365,2856,1474886,2176,718152,591,112565,88,84100,899,1240102,982,1156002,1422,0.0511650544503254,0.7544576260874856,0.7032925716371601
2021-09-08,Alpine,003,1148.0,1496,9,42,0,1448,9,6,0,88,1,782,1,694,0,0.0766550522648083,0.681184668989547,0.6045296167247387
2021-09-08,Amador,005,37829.0,38691,63,10953,35,26309,25,1427,3,3297,18,21162,21,17865,39,0.0871553570012424,0.5594120912527426,0.4722567342515001
2021-09-08,Butte,007,227075.0,198822,519,98110,398,92547,109,8144,12,12343,255,108764,267,96421,218,0.0543564901464273,0.4789783111306837,0.4246218209842563
2021-09-08,Calaveras,009,45235.0,44751,86,19067,50,24336,31,1346,5,2824,29,23898,34,21074,35,0.0624295346523709,0.5283077263181165,0.4658781916657455
2021-09-08,Colusa,011,21464.0,21563,74,5836,46,14736,26,976,2,1577,35,11996,37,10419,38,0.0734718598583675,0.5588893030190085,0.485417443160641
2021-09-08,Contra Costa,013,1133247.0,1617504,2790,1092708,2270,471807,416,52620,104,52893,869,853254,973,800361,1274,0.0466738495667758,0.7529285319087542,0.7062546823419784
2021-09-08,Del Norte,015,27424.0,21935,85,8221,56,12419,27,1251,2,1930,37,12351,39,10421,42,0.0703763127187864,0.4503719369894982,0.3799956242707117
2021-09-08,El Dorado,017,186661.0,207269,289,100907,195,98266,78,8070,16,11059,91,112277,107,101218,148,0.0592464414098285,0.6015021884592925,0.542255747049464
2021-09-08,Fresno,019,978130.0,1003212,2965,549704,2230,416738,637,36266,95,73567,1179,551726,1272,478159,1556,0.0752118839009129,0.5640620367435821,0.4888501528426692
2021-09-08,Glenn,021,27897.0,25115,103,10885,83,12864,20,1346,0,1470,43,13879,43,12409,56,0.0526938380471018,0.4975086926909703,0.4448148546438685
2021-09-08,Humboldt,023,135768.0,154230,327,78566,250,67658,68,7877,9,8629,103,84396,112,75767,184,0.0635569500913322,0.6216192328089093,0.5580622827175771
2021-09-08,Imperial,025,180216.0,253481,666,130351,556,107157,104,15936,6,26091,294,146831,300,120740,345,0.1447762684778266,0.8147500776845563,0.6699738092067297
2021-09-08,Inyo,027,18085.0,19251,22,7272,8,11254,14,569,0,911,2,10239,2,9328,16,0.0503732374896322,0.5661598009400055,0.5157865634503732
2021-09-08,Kern,029,883053.0,761523,2525,404372,1789,323128,655,33799,79,63654,1135,426515,1212,362861,1281,0.0720840085476183,0.4830004541063786,0.4109164455587603
2021-09-08,Kings,031,150075.0,107528,430,51936,298,50325,114,5227,18,9823,193,60983,210,51160,218,0.0654539396968182,0.4063501582542062,0.340896218557388
2021-09-08,Lake,033,64148.0,60851,191,19784,102,38184,87,2880,2,4127,77,33683,79,29556,108,0.0643355989274802,0.5250826214379248,0.4607470225104446
2021-09-08,Lassen,035,31185.0,13375,57,1996,10,10185,38,1180,9,921,26,7688,35,6767,31,0.0295334295334295,0.2465287798621132,0.2169953503286836
2021-09-08,Los Angeles,037,10098052.0,12446360,21464,6959522,15145,4998568,5669,483870,636,732933,7845,6769072,8460,6036139,10789,0.0725816226733631,0.67033443678048,0.5977528141071169
2021-09-08,Madera,039,155013.0,139300,483,74141,369,59431,106,5640,8,9865,193,76763,201,66898,270,0.0636398237567171,0.4952036280828059,0.4315638043260887
2021-09-08,Marin,041,260295.0,405036,417,256363,276,135717,123,12934,18,13012,81,211711,99,198699,131,0.0499894350640619,0.8133502372308342,0.7633608021667723
2021-09-08,Mariposa,043,17540.0,14510,20,3297,10,10590,9,601,1,2556,6,8739,7,6183,13,0.1457240592930444,0.4982326111744584,0.3525085518814139
2021-09-08,Mendocino,045,87422.0,104988,184,57856,116,43493,63,3627,5,7357,77,57318,83,49961,91,0.0841550181876415,0.6556473198965935,0.5714923017089519
2021-09-08,Merced,047,269075.0,242994,790,145246,573,87014,201,9889,15,27206,344,136783,358,109577,402,0.1011093561274737,0.5083452568986342,0.4072359007711604
2021-09-08,Modoc,049,8938.0,6293,2,1028,1,4841,1,414,0,295,0,3475,0,3180,2,0.0330051465652271,0.3887894383530991,0.355784291787872
2021-09-08,Mono,051,14174.0,16646,17,9218,5,7019,11,348,1,689,4,8757,5,8068,11,0.0486101312261888,0.6178213630591224,0.5692112318329335
2021-09-08,Monterey,053,433212.0,525842,1273,256054,865,246701,383,22408,23,31595,450,287569,470,255974,694,0.0729319594101733,0.663806635088594,0.5908746756784208
2021-09-08,Napa,055,140530.0,194364,243,103779,156,84859,81,5713,6,11064,61,104515,66,93451,116,0.0787305201736284,0.74372020209208,0.6649896819184515
2021-09-08,Nevada,057,99092.0,112851,208,60709,141,48795,66,3301,1,7063,66,61008,67,53945,102,0.0712771969482904,0.615670286198684,0.5443930892503935
2021-09-08,Orange,059,3164182.0,4024109,6673,2324056,4685,1572120,1819,126707,166,191623,2195,2149225,2358,1957602,3257,0.0605600436384506,0.679235581265553,0.6186755376271024
2021-09-08,Placer,061,380077.0,459713,985,267371,724,179670,225,12654,36,21815,304,244864,339,223049,470,0.0573962644411527,0.6442484022974292,0.5868521378562765
2021-09-08,Plumas,063,18699.0,18020,54,2681,36,14132,15,1165,3,932,34,9954,37,9022,19,0.0498422375528103,0.532327931974972,0.4824856944221616
2021-09-08,Riverside,065,2383286.0,2476620,5970,1455442,4482,947268,1354,72783,130,167342,2207,1346622,2333,1179280,3210,0.0702148210495928,0.5650274453003122,0.4948126242507193
2021-09-08,Sacramento,067,1510023.0,1759929,3803,1005894,2759,702516,890,51286,154,94615,1307,945522,1459,850907,1993,0.0626579860041866,0.6261639723368452,0.5635059863326585
2021-09-08,San Benito,069,59416.0,73999,179,41764,107,28828,64,3300,7,4792,51,40647,57,35855,112,0.0806516763161438,0.6841086576006463,0.6034569812845025
2021-09-08,San Bernardino,071,2135413.0,2061540,5200,1245772,3976,751415,1106,64098,116,134835,2088,1124009,2199,989174,2834,0.0631423523224781,0.5263660940530005,0.4632237417305224
2021-09-08,San Diego,073,3302833.0,4372609,8027,2409484,5802,1794708,1990,167266,229,284524,2914,2415180,3485,2130656,4095,0.0861454393849159,0.7312449645501301,0.6450995251652142
2021-09-08,San Francisco,075,870044.0,1316574,1383,847863,980,413496,361,54839,42,42109,372,697962,413,655853,580,0.0483987016748578,0.8022146006408871,0.7538158989660293
2021-09-08,San Joaquin,077,732212.0,793298,2016,460032,1584,307595,411,25625,21,66075,820,434762,846,368687,992,0.0902402582858516,0.5937651936870743,0.5035249354012226
2021-09-08,San Luis Obispo,079,281455.0,323284,693,167232,457,143428,202,12490,34,18018,229,174779,263,156761,353,0.0640173384732905,0.6209838162406068,0.5569664777673162
2021-09-08,San Mateo,081,765935.0,1124053,1307,699014,979,383840,275,40696,53,42540,362,597199,415,554659,642,0.0555399609627448,0.7796993217440122,0.7241593607812673
2021-09-08,Santa Barbara,083,443738.0,534706,915,314658,664,196578,202,23113,49,33470,328,292954,376,259484,469,0.0754273918393286,0.6601958813534112,0.5847684895140827
2021-09-08,Santa Clara,085,1922200.0,2862942,3189,1852958,2261,900591,794,105652,131,86482,997,1512062,1113,1425580,1495,0.044991155967121,0.7866309437103319,0.7416397877432109
2021-09-08,Santa Cruz,087,273765.0,364008,381,179416,250,174461,119,10086,12,14881,128,192545,139,177664,187,0.0543568388946724,0.7033221923912845,0.6489653534966121
2021-09-08,Shasta,089,179085.0,138802,322,63919,196,67558,113,7277,13,13082,149,79041,162,65959,150,0.0730491107574615,0.441360247926962,0.3683111371695005
2021-09-08,Sierra,091,2930.0,2870,3,314,1,2499,2,53,0,97,3,1499,3,1402,0,0.0331058020477815,0.5116040955631399,0.4784982935153584
2021-09-08,Siskiyou,093,43540.0,37091,100,15591,56,20313,43,1151,1,2893,36,20405,37,17512,49,0.0664446485989894,0.4686495176848874,0.402204869085898
2021-09-08,Solano,095,438530.0,519111,1058,289063,832,215738,200,14263,26,42367,444,285735,470,243368,498,0.0966114062891934,0.6515745787061319,0.5549631724169384
2021-09-08,Sonoma,097,501317.0,681747,988,382681,714,276973,241,22034,33,30053,265,362803,298,332750,472,0.0599480967132572,0.7236997747931947,0.6637516780799374
2021-09-08,Stanislaus,099,539301.0,535402,1706,310157,1239,206903,430,18022,37,48343,653,295394,690,247051,931,0.0896401082141512,0.5477349383739322,0.4580948301597809
2021-09-08,Sutter,101,95872.0,95571,323,41051,188,50146,120,4365,15,7176,120,53080,135,45904,189,0.0748497997329773,0.5536548731642189,0.4788050734312417
2021-09-08,Tehama,103,63373.0,45152,187,17169,131,26202,51,1772,5,3033,99,24847,104,21814,81,0.0478594985246082,0.3920754895618007,0.3442159910371924
2021-09-08,Trinity,105,12862.0,10192,13,2186,3,7338,9,663,1,705,4,5760,5,5055,6,0.05481262634116,0.4478308194682009,0.3930181931270409
2021-09-08,Tulare,107,460477.0,404827,1096,241437,757,151521,303,11784,36,33723,479,223773,514,190050,555,0.073234928128875,0.4859591249942994,0.4127241968654243
2021-09-08,Tuolumne,109,53932.0,52262,155,14784,71,36260,68,1213,16,3199,61,27747,77,24548,80,0.0593154342505377,0.5144811985463176,0.4551657642957799
2021-09-08,Ventura,111,848112.0,1057044,1735,572382,1310,446904,353,37362,72,52105,653,568315,726,516210,854,0.0614364612221027,0.6700942800007547,0.6086578187786519
2021-09-08,Yolo,113,214977.0,267577,449,133978,336,125447,90,8116,23,14331,172,144038,194,129707,206,0.0666629453383385,0.6700158621619987,0.6033529168236602
2021-09-08,Yuba,115,75493.0,59767,229,23761,141,32333,77,3656,11,4825,96,33919,108,29094,122,0.0639132104963374,0.4492999350933199,0.3853867245969825
2021-09-07,Alameda,001,1643700.0,2303509,3681,1472710,2803,717561,784,112477,93,84540,1015,1239120,1104,1154580,2043,0.0514327432013141,0.7538601934659609,0.7024274502646468
2021-09-07,Alpine,003,1148.0,1487,0,42,0,1439,0,6,0,87,0,781,0,694,0,0.0757839721254355,0.6803135888501742,0.6045296167247387
2021-09-07,Amador,005,37829.0,38628,94,10918,48,26284,38,1424,8,3315,27,21141,35,17826,55,0.0876311824261809,0.5588569615903143,0.4712257791641333
2021-09-07,Butte,007,227075.0,198303,422,97712,274,92438,124,8132,24,12294,174,108497,198,96203,207,0.0541407024110976,0.4778024881647033,0.4236617857536056
2021-09-07,Calaveras,009,45235.0,44665,98,19017,66,24305,31,1341,1,2825,49,23864,51,21039,36,0.0624516414280977,0.5275560959434067,0.4651044545153089
2021-09-07,Colusa,011,21464.0,21489,30,5790,18,14710,12,974,0,1578,9,11959,9,10381,21,0.0735184494968319,0.5571654863958255,0.4836470368989937
2021-09-07,Contra Costa,013,1133247.0,1614714,3315,1090438,2663,471391,552,52516,100,53194,907,852281,1002,799087,1703,0.0469394580351856,0.7520699370922668,0.7051304790570811
2021-09-07,Del Norte,015,27424.0,21850,109,8165,70,12392,38,1249,1,1933,43,12312,44,10379,56,0.0704857059509918,0.4489498249708284,0.3784641190198366
2021-09-07,El Dorado,017,186661.0,206980,410,100712,274,98188,122,8054,14,11100,116,112170,129,101070,210,0.0594660909349033,0.6009289567719021,0.5414628658369987
2021-09-07,Fresno,019,978130.0,1000247,3017,547474,2284,416101,664,36171,66,73851,985,550454,1049,476603,1805,0.0755022338543956,0.5627615961068569,0.4872593622524613
2021-09-07,Glenn,021,27897.0,25012,68,10802,53,12844,13,1346,2,1483,27,13836,29,12353,36,0.0531598379754095,0.4959673083127218,0.4428074703373122
2021-09-07,Humboldt,023,135768.0,153903,273,78316,154,67590,104,7868,15,8701,84,84284,99,75583,146,0.0640872665134641,0.6207942961522598,0.5567070296387956
2021-09-07,Imperial,025,180216.0,252815,742,129795,625,107053,109,15930,8,26136,274,146531,281,120395,442,0.1450259688373951,0.8130854086207662,0.668059439783371
2021-09-07,Inyo,027,18085.0,19229,53,7264,34,11240,18,569,1,925,15,10237,16,9312,33,0.0511473596903511,0.5660492120541886,0.5149018523638375
2021-09-07,Kern,029,883053.0,758998,2877,402583,2002,322473,793,33720,81,63723,1176,425303,1253,361580,1602,0.0721621465529249,0.4816279430566455,0.4094657965037206
2021-09-07,Kings,031,150075.0,107098,332,51638,225,50211,96,5209,11,9831,150,60773,161,50942,164,0.0655072463768116,0.4049508579043811,0.3394436115275695
2021-09-07,Lake,033,64148.0,60660,232,19682,132,38097,99,2878,1,4156,66,33604,67,29448,138,0.0647876784934838,0.5238510943443287,0.4590634158508449
2021-09-07,Lassen,035,31185.0,13318,34,1986,8,10147,21,1171,5,917,12,7653,17,6736,22,0.029405162738496,0.2454064454064454,0.2160012826679493
2021-09-07,Los Angeles,037,10098052.0,12424896,23792,6944377,17239,4992899,5760,483234,774,735262,7694,6760612,8456,6025350,13569,0.0728122612163217,0.6694966514333656,0.5966843902170439
2021-09-07,Madera,039,155013.0,138817,431,73772,314,59325,108,5632,9,9934,148,76562,156,66628,257,0.0640849477140626,0.4939069626418429,0.4298220149277802
2021-09-07,Marin,041,260295.0,404619,571,256087,371,135594,182,12916,18,13044,101,211612,119,198568,234,0.0501123725004322,0.8129698995370637,0.7628575270366316
2021-09-07,Mariposa,043,17540.0,14490,24,3287,16,10581,8,600,0,2562,11,8732,11,6170,11,0.1460661345496009,0.4978335233751425,0.3517673888255416
2021-09-07,Mendocino,045,87422.0,104804,345,57740,222,43430,112,3622,10,7365,109,57235,119,49870,195,0.084246528333829,0.6546979021298986,0.5704513737960697
2021-09-07,Merced,047,269075.0,242204,696,144673,534,86813,157,9874,5,27250,256,136425,261,109175,419,0.1012728793087429,0.5070147728328533,0.4057418935241104
2021-09-07,Modoc,049,8938.0,6291,22,1027,12,4840,9,414,1,297,2,3475,3,3178,18,0.033228910270754,0.3887894383530991,0.355560528082345
2021-09-07,Mono,051,14174.0,16629,15,9213,8,7008,7,347,0,695,7,8752,7,8057,7,0.0490334415126287,0.6174686044870891,0.5684351629744603
2021-09-07,Monterey,053,433212.0,524569,1045,255189,648,246318,367,22385,29,31819,373,287099,402,255280,551,0.073449027266096,0.6627217159266133,0.5892726886605173
2021-09-07,Napa,055,140530.0,194121,549,103623,408,84778,125,5707,16,11114,134,104449,149,93335,305,0.0790863160890913,0.7432505514836689,0.6641642353945777
2021-09-07,Nevada,057,99092.0,112643,174,60568,105,48729,58,3300,11,7098,44,60941,56,53843,115,0.071630404068946,0.6149941468534291,0.5433637427844831
2021-09-07,Orange,059,3164182.0,4017436,6872,2319371,4925,1570301,1748,126541,199,192522,1933,2146867,2129,1954345,3878,0.0608441613029844,0.6784903649663642,0.6176462036633796
2021-09-07,Placer,061,380077.0,458728,1069,266647,736,179445,300,12618,33,21946,277,244525,309,222579,612,0.0577409314428392,0.6433564777663473,0.5856155463235081
2021-09-07,Plumas,063,18699.0,17966,16,2645,11,14117,5,1162,0,914,4,9917,4,9003,11,0.0488796192309749,0.5303492165356436,0.4814695973046687
2021-09-07,Riverside,065,2383286.0,2470650,6966,1450960,5323,945914,1480,72653,160,168219,2049,1344289,2205,1176070,4302,0.0705828003856859,0.5640485447403291,0.4934657443546431
2021-09-07,Sacramento,067,1510023.0,1756126,4351,1003135,3135,701626,1088,51132,124,95149,1186,944063,1310,848914,2648,0.0630116230017688,0.625197761888395,0.5621861388866263
2021-09-07,San Benito,069,59416.0,73820,135,41657,66,28764,62,3293,7,4847,40,40590,47,35743,81,0.0815773529015753,0.6831493200484718,0.6015719671468964
2021-09-07,San Bernardino,071,2135413.0,2056340,5873,1241796,4625,750309,1090,63982,158,135470,1870,1121810,2026,986340,3750,0.0634397186867364,0.5253363166750413,0.4618965979883048
2021-09-07,San Diego,073,3302833.0,4364582,7939,2403682,5853,1792718,1813,167037,271,285134,2449,2411695,3009,2126561,4592,0.0863301293162566,0.7301898097784538,0.6438596804621971
2021-09-07,San Francisco,075,870044.0,1315191,1771,846883,1272,413135,443,54797,56,42276,421,697549,470,655273,802,0.0485906459903177,0.8017399120044504,0.7531492660141326
2021-09-07,San Joaquin,077,732212.0,791282,2229,458448,1425,307184,764,25604,40,66221,735,433916,776,367695,1295,0.0904396540892528,0.592609790607092,0.5021701365178391
2021-09-07,San Luis Obispo,079,281455.0,322591,514,166775,347,143226,132,12456,34,18108,149,174516,183,156408,253,0.0643371053987316,0.6200493862251515,0.5557122808264199
2021-09-07,San Mateo,081,765935.0,1122746,1662,698035,1254,383565,362,40643,45,42767,419,596784,463,554017,762,0.0558363307591375,0.7791575003100786,0.7233211695509411
2021-09-07,Santa Barbara,083,443738.0,533791,858,313994,607,196376,215,23064,36,33563,275,292578,311,259015,493,0.0756369749717175,0.6593485344955807,0.5837115595238632
2021-09-07,Santa Clara,085,1922200.0,2859753,4044,1850697,2925,899797,988,105521,130,86864,1095,1510949,1225,1424085,2108,0.0451898865882842,0.786051919675372,0.7408620330870878
2021-09-07,Santa Cruz,087,273765.0,363627,670,179166,457,174342,173,10074,40,14929,160,192406,196,177477,402,0.0545321717531459,0.7028144576552883,0.6482822859021423
2021-09-07,Shasta,089,179085.0,138480,457,63723,265,67445,164,7264,28,13070,181,78879,208,65809,253,0.072982103470419,0.4404556495518887,0.3674735460814697
2021-09-07,Sierra,091,2930.0,2867,5,313,5,2497,0,53,0,94,0,1496,0,1402,5,0.0320819112627986,0.510580204778157,0.4784982935153584
2021-09-07,Siskiyou,093,43540.0,36991,108,15535,65,20270,40,1150,3,2905,42,20368,44,17463,58,0.0667202572347266,0.4677997243913642,0.4010794671566375
2021-09-07,Solano,095,438530.0,518053,1384,288231,948,215538,413,14237,22,42395,446,285265,468,242870,704,0.0966752559688048,0.65050281622694,0.5538275602581352
2021-09-07,Sonoma,097,501317.0,680759,1327,381967,966,276732,310,22001,51,30227,363,362505,412,332278,677,0.0602951824893231,0.723105340533036,0.6628101580437129
2021-09-07,Stanislaus,099,539301.0,533696,1788,308918,1376,206473,382,17985,29,48584,769,294704,798,246120,894,0.0900869829649861,0.5464555044400066,0.4563685214750204
2021-09-07,Sutter,101,95872.0,95248,313,40863,178,50026,124,4350,11,7230,113,52945,124,45715,184,0.0754130507343124,0.5522467456608812,0.4768336949265687
2021-09-07,Tehama,103,63373.0,44965,126,17038,53,26151,64,1767,9,3010,52,24743,61,21733,71,0.0474965679390276,0.3904344121313493,0.3429378441923216
2021-09-07,Trinity,105,12862.0,10179,16,2183,7,7329,8,662,1,706,11,5755,12,5049,4,0.0548903747473176,0.4474420774374125,0.3925517026900949
2021-09-07,Tulare,107,460477.0,403731,1084,240680,725,151218,339,11748,20,33764,461,223259,481,189495,563,0.0733239662350128,0.4848428911758893,0.4115189249408765
2021-09-07,Tuolumne,109,53932.0,52107,124,14713,62,36192,58,1197,4,3202,55,27670,59,24468,56,0.0593710598531484,0.5130534747459764,0.453682414892828
2021-09-07,Ventura,111,848112.0,1055309,2020,571072,1489,446551,435,37290,96,52233,597,567589,693,515356,1165,0.0615873846850415,0.6692382609843983,0.6076508762993567
2021-09-07,Yolo,113,214977.0,267128,492,133642,352,125357,126,8093,14,14343,125,143844,139,129501,289,0.0667187652632607,0.6691134400424231,0.6023946747791624
2021-09-07,Yuba,115,75493.0,59538,211,23620,113,32256,93,3645,5,4839,74,33811,78,28972,128,0.0640986581537361,0.4478693388791013,0.3837706807253652
2021-09-06,Alameda,001,1643700.0,2299828,678,1469907,522,716777,150,112384,6,85479,221,1238016,227,1152537,318,0.0520040153312648,0.7531885380543895,0.7011845227231247
2021-09-06,Alpine,003,1148.0,1487,1,42,0,1439,1,6,0,87,0,781,0,694,1,0.0757839721254355,0.6803135888501742,0.6045296167247387
2021-09-06,Amador,005,37829.0,38534,6,10870,3,26246,3,1416,0,3335,2,21106,2,17771,4,0.0881598773427793,0.5579317454862671,0.4697718681434878
2021-09-06,Butte,007,227075.0,197881,110,97438,77,92314,33,8108,0,12303,48,108299,48,95996,52,0.0541803368930969,0.4769305295607178,0.4227501926676208
2021-09-06,Calaveras,009,45235.0,44567,28,18951,19,24274,9,1340,0,2810,13,23813,13,21003,15,0.0621200397921963,0.5264286503813419,0.4643086105891456
2021-09-06,Colusa,011,21464.0,21459,30,5772,17,14698,13,974,0,1590,4,11950,4,10360,23,0.0740775251584047,0.5567461796496459,0.4826686544912411
2021-09-06,Contra Costa,013,1133247.0,1611399,323,1087775,204,470839,112,52416,6,53895,116,851279,122,797384,154,0.0475580345679273,0.7511857520911152,0.7036277175231878
2021-09-06,Del Norte,015,27424.0,21741,24,8095,9,12354,15,1248,0,1945,3,12268,3,10323,18,0.0709232788798133,0.4473453908984831,0.3764221120186697
2021-09-06,El Dorado,017,186661.0,206570,43,100438,20,98066,20,8040,3,11181,18,112041,21,100860,23,0.0599000326795634,0.6002378643637396,0.5403378316841762
2021-09-06,Fresno,019,978130.0,997230,617,545190,379,415437,232,36105,5,74607,282,549405,287,474798,299,0.0762751372516945,0.5616891415251551,0.4854140042734606
2021-09-06,Glenn,021,27897.0,24944,8,10749,7,12831,1,1344,0,1490,7,13807,7,12317,1,0.053410761013729,0.4949277700111123,0.4415170089973832
2021-09-06,Humboldt,023,135768.0,153630,53,78162,27,67486,26,7853,0,8748,21,84185,21,75437,29,0.0644334452890224,0.6200651110718284,0.555631665782806
2021-09-06,Imperial,025,180216.0,252073,153,129170,130,106944,22,15922,1,26297,62,146250,63,119953,88,0.1459193412349625,0.8115261685976828,0.6656068273627203
2021-09-06,Inyo,027,18085.0,19176,5,7230,0,11222,5,568,0,942,1,10221,1,9279,4,0.0520873652197954,0.5651645009676528,0.5130771357478573
2021-09-06,Kern,029,883053.0,756121,886,400581,640,321680,241,33639,5,64072,426,424050,431,359978,426,0.0725573663188959,0.4802090021776722,0.4076516358587763
2021-09-06,Kings,031,150075.0,106766,103,51413,71,50115,32,5198,0,9834,44,60612,44,50778,56,0.0655272363818091,0.4038780609695152,0.3383508245877061
2021-09-06,Lake,033,64148.0,60428,65,19550,41,37998,24,2877,0,4227,22,33537,22,29310,42,0.065894493982665,0.5228066346573549,0.4569121406746897
2021-09-06,Lassen,035,31185.0,13284,12,1978,5,10126,7,1166,0,922,8,7636,8,6714,4,0.0295654962321629,0.2448613115279782,0.2152958152958153
2021-09-06,Los Angeles,037,10098052.0,12401104,4805,6927138,3145,4987139,1609,482460,50,740375,1860,6752156,1910,6011781,2412,0.0733185964976215,0.6686592622022545,0.595340665704633
2021-09-06,Madera,039,155013.0,138386,61,73458,38,59217,23,5623,0,10035,25,76406,25,66371,35,0.064736505970467,0.4929005954339313,0.4281640894634643
2021-09-06,Marin,041,260295.0,404048,50,255716,27,135412,23,12898,0,13159,7,211493,7,198334,17,0.0505541789123878,0.8125127259455618,0.7619585470331739
2021-09-06,Mariposa,043,17540.0,14466,5,3271,0,10573,5,600,0,2562,3,8721,3,6159,2,0.1460661345496009,0.497206385404789,0.3511402508551881
2021-09-06,Mendocino,045,87422.0,104459,23,57518,14,43318,7,3612,2,7441,10,57116,12,49675,7,0.0851158747226098,0.6533366887053602,0.5682208139827504
2021-09-06,Merced,047,269075.0,241508,205,144139,139,86656,63,9869,2,27408,75,136164,77,108756,122,0.1018600761869367,0.5060447830530521,0.4041847068661154
2021-09-06,Modoc,049,8938.0,6269,0,1015,0,4831,0,413,0,312,0,3472,0,3160,0,0.0349071380622063,0.3884537927948087,0.3535466547326024
2021-09-06,Mono,051,14174.0,16614,1,9205,1,7001,0,347,0,695,1,8745,1,8050,0,0.0490334415126287,0.6169747424862424,0.5679413009736136
2021-09-06,Monterey,053,433212.0,523524,240,254541,127,245951,108,22356,1,31968,102,286697,103,254729,118,0.0737929697238303,0.6617937637923234,0.588000794068493
2021-09-06,Napa,055,140530.0,193572,40,103215,18,84653,22,5691,0,11270,15,104300,15,93030,18,0.0801963993453355,0.7421902796555896,0.6619938803102541
2021-09-06,Nevada,057,99092.0,112469,25,60463,12,48671,10,3289,3,7157,8,60885,11,53728,15,0.0722258103580511,0.6144290154603802,0.5422032051023291
2021-09-06,Orange,059,3164182.0,4010564,1704,2314446,1153,1568553,520,126342,31,194271,596,2144738,627,1950467,869,0.0613969107971665,0.677817521242457,0.6164206104452904
2021-09-06,Placer,061,380077.0,457659,153,265911,90,179145,53,12585,10,22249,64,244216,74,221967,83,0.0585381383246026,0.6425434846096975,0.5840053462850948
2021-09-06,Plumas,063,18699.0,17950,9,2634,8,14112,1,1162,0,921,5,9913,5,8992,2,0.0492539708005775,0.5301353013530136,0.480881330552436
2021-09-06,Riverside,065,2383286.0,2463684,1335,1445637,926,944434,402,72493,7,170316,486,1342084,494,1171768,773,0.0714626780000386,0.5631233515406879,0.4916606735406493
2021-09-06,Sacramento,067,1510023.0,1751775,836,1000000,487,700538,332,51008,17,96487,348,942753,364,846266,447,0.0638977022204297,0.6243302254336524,0.5604325232132226
2021-09-06,San Benito,069,59416.0,73685,129,41591,120,28702,9,3286,0,4881,49,40543,49,35662,76,0.0821495893362057,0.6823582873300121,0.6002086979938064
2021-09-06,San Bernardino,071,2135413.0,2050467,1158,1237171,763,749219,382,63824,13,137194,469,1119784,482,982590,649,0.0642470566583607,0.5243875540703368,0.460140497411976
2021-09-06,San Diego,073,3302833.0,4356643,1668,2397829,1150,1790905,445,166766,72,286717,622,2408686,766,2121969,919,0.0868094148266049,0.7292787737072992,0.6424693588806942
2021-09-06,San Francisco,075,870044.0,1313420,157,845611,137,412692,20,54741,0,42608,70,697079,70,654471,64,0.0489722358869206,0.8011997094399823,0.7522274735530616
2021-09-06,San Joaquin,077,732212.0,789053,415,457023,257,306420,155,25564,3,66740,181,433140,184,366400,209,0.0911484651986036,0.5915499882547678,0.500401523056164
2021-09-06,San Luis Obispo,079,281455.0,322077,180,166428,118,143094,62,12422,0,18178,56,174333,56,156155,83,0.0645858130074079,0.6193991934767548,0.5548133804693468
2021-09-06,San Mateo,081,765935.0,1121084,176,696781,135,383203,39,40598,2,43066,66,596321,68,553255,72,0.0562267033103331,0.7785530103729429,0.7223263070626097
2021-09-06,Santa Barbara,083,443738.0,532933,207,313387,155,196161,50,23028,1,33745,67,292267,68,258522,122,0.0760471269082206,0.6586476704722156,0.5826005435639949
2021-09-06,Santa Clara,085,1922200.0,2855709,425,1847772,300,898809,112,105391,13,87747,157,1509724,171,1421977,193,0.0456492560607637,0.7854146290708564,0.7397653730100926
2021-09-06,Santa Cruz,087,273765.0,362957,100,178709,65,174169,33,10034,2,15135,43,192210,45,177075,48,0.055284641937428,0.7020985151498548,0.6468138732124267
2021-09-06,Shasta,089,179085.0,138023,109,63458,73,67281,36,7236,0,13115,50,78671,50,65556,58,0.0732333807968283,0.4392941899098193,0.366060809112991
2021-09-06,Sierra,091,2930.0,2862,0,308,0,2497,0,53,0,99,0,1496,0,1397,0,0.0337883959044368,0.510580204778157,0.4767918088737201
2021-09-06,Siskiyou,093,43540.0,36883,40,15470,21,20230,19,1147,0,2919,27,20324,27,17405,9,0.0670418006430868,0.466789159393661,0.3997473587505742
2021-09-06,Solano,095,438530.0,516669,149,287283,82,215125,65,14215,2,42631,69,284797,71,242166,73,0.0972134175541012,0.649435614439149,0.5522221968850478
2021-09-06,Sonoma,097,501317.0,679432,144,381001,90,276422,50,21950,4,30492,53,362093,57,331601,63,0.0608237901367797,0.7222835052471789,0.6614597151103992
2021-09-06,Stanislaus,099,539301.0,531908,329,307542,247,206091,81,17956,1,48680,161,293906,162,245226,157,0.0902649911644888,0.5449758112816405,0.4547108201171516
2021-09-06,Sutter,101,95872.0,94935,77,40685,56,49902,21,4339,0,7290,31,52821,31,45531,44,0.0760388851802403,0.5509533544726302,0.4749144692923898
2021-09-06,Tehama,103,63373.0,44839,34,16985,20,26087,14,1758,0,3020,13,24682,13,21662,21,0.0476543638458018,0.3894718571000268,0.341817493254225
2021-09-06,Trinity,105,12862.0,10163,10,2176,10,7321,0,661,0,698,6,5743,6,5045,4,0.0542683874980562,0.4465090965635204,0.3922407090654641
2021-09-06,Tulare,107,460477.0,402647,431,239955,318,150879,112,11728,1,33846,208,222778,209,188932,203,0.0735020424472883,0.4837983221746146,0.4102962797273262
2021-09-06,Tuolumne,109,53932.0,51983,34,14651,4,36134,30,1193,0,3199,13,27611,13,24412,21,0.0593154342505377,0.5119595045612995,0.4526440703107617
2021-09-06,Ventura,111,848112.0,1053289,375,569583,259,446116,111,37194,5,52705,157,566896,162,514191,165,0.0621439149546286,0.6684211519233308,0.6062772369687023
2021-09-06,Yolo,113,214977.0,266636,61,133290,35,125231,25,8079,1,14493,26,143705,27,129212,28,0.0674165143247882,0.6684668592454076,0.6010503449206194
2021-09-06,Yuba,115,75493.0,59327,71,23507,47,32163,23,3640,1,4889,28,33733,29,28844,40,0.0647609712158743,0.4468361305021657,0.3820751592862914
2021-09-05,Alameda,001,1643700.0,2299150,1086,1469385,857,716627,205,112378,23,85570,391,1237789,414,1152219,525,0.0520593782320374,0.7530504349942203,0.7009910567621829
2021-09-05,Alpine,003,1148.0,1486,0,42,0,1438,0,6,0,88,0,781,0,693,0,0.0766550522648083,0.6803135888501742,0.6036585365853658
2021-09-05,Amador,005,37829.0,38528,16,10867,6,26243,10,1416,0,3337,5,21104,5,17767,11,0.0882127468344391,0.5578788759946073,0.4696661291601681
2021-09-05,Butte,007,227075.0,197771,177,97361,133,92281,44,8108,0,12307,89,108251,89,95944,74,0.05419795221843,0.4767191456567213,0.4225211934382913
2021-09-05,Calaveras,009,45235.0,44539,41,18932,30,24265,11,1340,0,2812,22,23800,22,20988,18,0.0621642533436498,0.526141262296894,0.4639770089532442
2021-09-05,Colusa,011,21464.0,21429,37,5755,24,14685,13,974,0,1609,13,11946,13,10337,22,0.0749627282892284,0.5565598210957883,0.4815970928065598
2021-09-05,Contra Costa,013,1133247.0,1611076,821,1087571,650,470727,165,52410,6,53927,278,851157,284,797230,401,0.0475862720130739,0.751078096831494,0.70349182481842
2021-09-05,Del Norte,015,27424.0,21717,8,8086,5,12339,3,1248,0,1960,3,12265,3,10305,5,0.0714702450408401,0.4472359976662777,0.3757657526254376
2021-09-05,El Dorado,017,186661.0,206527,113,100418,84,98046,29,8037,0,11183,26,112020,26,100837,72,0.0599107472905427,0.6001253609484574,0.5402146136579146
2021-09-05,Fresno,019,978130.0,996613,1137,544811,831,415205,298,36100,8,74619,498,549118,506,474499,571,0.0762874055595882,0.5613957244946991,0.4851083189351108
2021-09-05,Glenn,021,27897.0,24936,35,10742,33,12830,2,1344,0,1484,18,13800,18,12316,12,0.0531956841237409,0.4946768469727928,0.4414811628490518
2021-09-05,Humboldt,023,135768.0,153577,87,78135,61,67460,24,7853,2,8756,33,84164,35,75408,46,0.0644923693359259,0.6199104354487066,0.5554180661127807
2021-09-05,Imperial,025,180216.0,251920,155,129040,120,106922,34,15921,1,26322,82,146187,84,119865,71,0.146058063656945,0.8111765880942868,0.6651185244373419
2021-09-05,Inyo,027,18085.0,19171,0,7230,0,11217,0,568,0,945,0,10220,0,9275,0,0.0522532485485208,0.5651092065247443,0.5128559579762234
2021-09-05,Kern,029,883053.0,755235,785,399941,550,321439,230,33634,4,64067,404,423619,408,359552,356,0.0725517041445983,0.4797209227532209,0.4071692186086226
2021-09-05,Kings,031,150075.0,106663,232,51342,198,50083,30,5198,4,9846,128,60568,132,50722,98,0.0656071964017991,0.4035848742295519,0.3379776778277528
2021-09-05,Lake,033,64148.0,60363,34,19509,17,37974,17,2877,0,4247,16,33515,16,29268,16,0.066206272993702,0.5224636777452142,0.4562574047515121
2021-09-05,Lassen,035,31185.0,13272,20,1973,9,10119,8,1166,3,918,11,7628,13,6710,6,0.0294372294372294,0.2446047779381112,0.2151675485008818
2021-09-05,Los Angeles,037,10098052.0,12396299,9749,6923993,6981,4985530,2683,482410,84,740877,3895,6750246,3979,6009369,4583,0.0733683090560436,0.6684701168106483,0.5951018077546045
2021-09-05,Madera,039,155013.0,138325,116,73420,91,59194,23,5623,2,10045,59,76381,61,66336,53,0.0648010166889228,0.4927393186377917,0.4279383019488688
2021-09-05,Marin,041,260295.0,403998,169,255689,118,135389,50,12898,1,13169,42,211486,44,198317,58,0.0505925968612535,0.8124858333813557,0.7618932365201022
2021-09-05,Mariposa,043,17540.0,14461,6,3271,5,10568,1,600,0,2561,3,8718,3,6157,2,0.1460091220068415,0.4970353477765108,0.3510262257696693
2021-09-05,Mendocino,045,87422.0,104436,55,57504,39,43311,16,3610,0,7436,23,57104,23,49668,27,0.0850586808812427,0.6531994234860791,0.5681407426048363
2021-09-05,Merced,047,269075.0,241303,384,144000,306,86593,78,9867,0,27453,155,136087,156,108634,213,0.1020273158041438,0.5057586174858311,0.4037313016816872
2021-09-05,Modoc,049,8938.0,6269,1,1015,1,4831,0,413,0,312,1,3472,1,3160,0,0.0349071380622063,0.3884537927948087,0.3535466547326024
2021-09-05,Mono,051,14174.0,16613,5,9204,2,7001,3,347,0,694,1,8744,1,8050,2,0.048962889798222,0.6169041907718358,0.5679413009736136
2021-09-05,Monterey,053,433212.0,523284,387,254414,248,245843,139,22355,0,31983,174,286594,174,254611,181,0.073827594803468,0.6615560049121446,0.5877284101086766
2021-09-05,Napa,055,140530.0,193532,86,103197,71,84631,15,5691,0,11273,34,104285,34,93012,35,0.0802177471002632,0.7420835408809506,0.6618657937806874
2021-09-05,Nevada,057,99092.0,112444,68,60451,55,48661,13,3286,0,7161,19,60874,19,53713,44,0.072266176886126,0.6143180075081742,0.5420518306220482
2021-09-05,Orange,059,3164182.0,4008860,3674,2313293,2696,1568033,955,126311,23,194513,1371,2144111,1394,1949598,1758,0.0614733918592546,0.6776193657634105,0.6161459739041559
2021-09-05,Placer,061,380077.0,457506,396,265821,285,179092,108,12575,3,22258,153,244142,157,221884,186,0.0585618177369322,0.6423487872194319,0.5837869694824996
2021-09-05,Plumas,063,18699.0,17941,4,2626,3,14111,1,1162,0,918,2,9908,2,8990,2,0.049093534413605,0.5298679073747259,0.4807743729611209
2021-09-05,Riverside,065,2383286.0,2462349,2769,1444711,2142,944032,617,72486,10,170595,1163,1341590,1175,1170995,1380,0.071579743262034,0.5629160746968681,0.4913363314348341
2021-09-05,Sacramento,067,1510023.0,1750939,1422,999513,1051,700206,350,50991,21,96570,599,942389,618,845819,708,0.0639526682706157,0.6240891695027162,0.5601365012321005
2021-09-05,San Benito,069,59416.0,73556,38,41471,21,28693,16,3286,1,4908,16,40494,17,35586,19,0.0826040123872357,0.6815335936448095,0.5989295812575737
2021-09-05,San Bernardino,071,2135413.0,2049309,2105,1236408,1630,748837,463,63811,12,137361,924,1119302,936,981941,1075,0.0643252616706932,0.5241618366095926,0.4598365749388994
2021-09-05,San Diego,073,3302833.0,4354975,3359,2396679,2432,1790460,882,166694,45,286870,1275,2407920,1488,2121050,1685,0.0868557386946297,0.7290468515967958,0.6421911129021661
2021-09-05,San Francisco,075,870044.0,1313263,564,845474,434,412672,126,54741,3,42602,186,697009,189,654407,222,0.04896533968397,0.8011192537388914,0.7521539140549214
2021-09-05,San Joaquin,077,732212.0,788638,981,456766,764,306265,212,25561,5,66765,454,432956,460,366191,481,0.0911826083156244,0.591298694913495,0.5001160865978705
2021-09-05,San Luis Obispo,079,281455.0,321897,300,166310,210,143032,89,12422,1,18205,92,174277,93,156072,131,0.0646817430850402,0.6192002273898136,0.5545184843047735
2021-09-05,San Mateo,081,765935.0,1120908,673,696646,523,383164,135,40596,15,43070,236,596253,249,553183,276,0.0562319256855999,0.7784642299934067,0.7222323043078068
2021-09-05,Santa Barbara,083,443738.0,532726,489,313232,396,196111,92,23027,1,33799,177,292199,178,258400,249,0.0761688203399303,0.6584944268915441,0.5823256065516138
2021-09-05,Santa Clara,085,1922200.0,2855284,1360,1847472,1008,898697,329,105378,23,87769,447,1509553,471,1421784,684,0.0456607012797835,0.7853256685048382,0.7396649672250546
2021-09-05,Santa Cruz,087,273765.0,362857,195,178644,130,174136,64,10032,1,15138,60,192165,61,177027,98,0.0552956002410826,0.7019341405950359,0.6466385403539532
2021-09-05,Shasta,089,179085.0,137914,180,63385,114,67245,66,7236,0,13123,97,78621,97,65498,68,0.0732780523215233,0.4390149928804757,0.3657369405589524
2021-09-05,Sierra,091,2930.0,2862,0,308,0,2497,0,53,0,99,0,1496,0,1397,0,0.0337883959044368,0.510580204778157,0.4767918088737201
2021-09-05,Siskiyou,093,43540.0,36843,6,15449,3,20211,2,1147,0,2901,5,20297,5,17396,1,0.0666283876894809,0.4661690399632522,0.3995406522737712
2021-09-05,Solano,095,438530.0,516520,359,287201,282,215060,71,14213,6,42633,152,284726,158,242093,191,0.097217978245502,0.64927370989442,0.552055731648918
2021-09-05,Sonoma,097,501317.0,679288,275,380911,181,276372,94,21946,0,30498,100,362036,100,331538,105,0.0608357586118164,0.7221698047343298,0.6613340461225133
2021-09-05,Stanislaus,099,539301.0,531579,810,307295,653,206010,152,17955,3,48675,415,293744,418,245069,357,0.090255719904098,0.5446754224449797,0.4544197025408816
2021-09-05,Sutter,101,95872.0,94858,146,40629,104,49881,42,4339,0,7303,70,52790,70,45487,68,0.0761744826435247,0.5506300066755674,0.4744555240320427
2021-09-05,Tehama,103,63373.0,44805,43,16965,26,26073,17,1758,0,3028,21,24669,21,21641,22,0.0477806005712211,0.3892667224212204,0.3414861218499992
2021-09-05,Trinity,105,12862.0,10153,6,2166,6,7321,0,661,0,696,1,5737,1,5041,5,0.0541128906857409,0.4460426061265744,0.3919297154408334
2021-09-05,Tulare,107,460477.0,402216,547,239637,407,150767,139,11727,1,33840,272,222569,273,188729,255,0.0734890124805364,0.4833444449994245,0.409855432518888
2021-09-05,Tuolumne,109,53932.0,51949,32,14647,14,36104,18,1193,0,3207,20,27598,20,24391,8,0.0594637691908329,0.5117184602833197,0.4522546910924868
2021-09-05,Ventura,111,848112.0,1052914,833,569324,629,446005,191,37189,13,52708,313,566734,326,514026,401,0.0621474522232912,0.6682301394155489,0.6060826871922577
2021-09-05,Yolo,113,214977.0,266575,147,133255,96,125206,51,8078,0,14494,62,143678,62,129184,65,0.0674211659851984,0.6683412644143327,0.6009200984291343
2021-09-05,Yuba,115,75493.0,59256,105,23460,71,32140,34,3639,0,4900,46,33704,46,28804,55,0.0649066800895447,0.4464519889261256,0.3815453088365809
2021-09-04,Alameda,001,1643700.0,2298064,2183,1468528,1792,716422,364,112355,26,85681,696,1237375,722,1151694,1084,0.0521269088033096,0.7527985642148811,0.7006716554115715
2021-09-04,Alpine,003,1148.0,1486,0,42,0,1438,0,6,0,88,0,781,0,693,0,0.0766550522648083,0.6803135888501742,0.6036585365853658
2021-09-04,Amador,005,37829.0,38512,67,10861,33,26233,15,1416,18,3343,22,21099,40,17756,36,0.0883713553094187,0.5577467022654577,0.469375346956039
2021-09-04,Butte,007,227075.0,197594,289,97228,217,92237,71,8108,1,12292,162,108162,163,95870,117,0.0541318947484311,0.4763272046680612,0.42219530991963
2021-09-04,Calaveras,009,45235.0,44498,60,18902,44,24254,12,1340,4,2808,23,23778,26,20970,32,0.0620758262407427,0.5256549132309053,0.4635790869901625
2021-09-04,Colusa,011,21464.0,21392,40,5731,31,14672,9,974,0,1618,12,11933,12,10315,26,0.0753820350354081,0.555954155795751,0.4805721207603429
2021-09-04,Contra Costa,013,1133247.0,1610255,1394,1086921,1097,470562,264,52404,33,54044,459,850873,493,796829,700,0.047689515171891,0.7508274895058182,0.7031379743339272
2021-09-04,Del Norte,015,27424.0,21709,47,8081,31,12336,16,1248,0,1962,17,12262,17,10300,27,0.0715431738623103,0.4471266044340723,0.3755834305717619
2021-09-04,El Dorado,017,186661.0,206414,179,100334,136,98017,36,8037,7,11229,54,111994,61,100765,109,0.0601571833430657,0.599986071005727,0.5398288876626612
2021-09-04,Fresno,019,978130.0,995476,1995,543980,1547,414907,423,36092,25,74684,860,548612,884,473928,992,0.076353858894012,0.5608784108451842,0.4845245519511721
2021-09-04,Glenn,021,27897.0,24901,37,10709,35,12828,2,1344,0,1478,22,13782,22,12304,15,0.0529806072337527,0.4940316163028282,0.4410510090690755
2021-09-04,Humboldt,023,135768.0,153490,164,78074,116,67436,35,7851,13,8767,64,84129,77,75362,74,0.0645733899004183,0.6196526427435036,0.5550792528430852
2021-09-04,Imperial,025,180216.0,251765,314,128920,253,106888,58,15920,3,26309,124,146103,127,119794,179,0.1459859279975141,0.8107104807564256,0.6647245527589115
2021-09-04,Inyo,027,18085.0,19171,10,7230,9,11217,1,568,0,945,7,10220,7,9275,3,0.0522532485485208,0.5651092065247443,0.5128559579762234
2021-09-04,Kern,029,883053.0,754450,1596,399391,1184,321209,379,33630,32,64015,750,423211,781,359196,789,0.0724928175319035,0.4792588893305385,0.4067660717986349
2021-09-04,Kings,031,150075.0,106431,205,51144,142,50053,53,5194,10,9812,94,60436,104,50624,106,0.0653806430118274,0.4027053140096618,0.3373246709978344
2021-09-04,Lake,033,64148.0,60329,142,19492,96,37957,45,2877,1,4247,70,33499,71,29252,57,0.066206272993702,0.5222142545363846,0.4560079815426825
2021-09-04,Lassen,035,31185.0,13252,16,1964,9,10111,7,1163,0,911,8,7615,8,6704,5,0.0292127625460958,0.2441879108545775,0.2149751483084816
2021-09-04,Los Angeles,037,10098052.0,12386550,17590,6917012,13022,4982847,4198,482326,365,741481,6326,6746267,6685,6004786,9314,0.0734281225725516,0.6680760804163021,0.5946479578437505
2021-09-04,Madera,039,155013.0,138209,274,73329,218,59171,55,5621,1,10037,132,76320,133,66283,126,0.0647494081141581,0.4923458032552109,0.4275963951410527
2021-09-04,Marin,041,260295.0,403829,197,255571,126,135339,67,12897,4,13183,52,211442,56,198259,60,0.0506463819896655,0.8123167944063466,0.7616704124166811
2021-09-04,Mariposa,043,17540.0,14455,14,3266,8,10567,6,600,0,2560,4,8715,4,6155,8,0.1459521094640821,0.4968643101482326,0.3509122006841505
2021-09-04,Mendocino,045,87422.0,104381,97,57465,52,43295,42,3610,3,7440,34,57081,38,49641,46,0.0851044359543364,0.65293633181579,0.5678318958614537
2021-09-04,Merced,047,269075.0,240919,317,143694,205,86515,106,9867,5,27510,139,135931,144,108421,162,0.1022391526526061,0.5051788534795132,0.402939700826907
2021-09-04,Modoc,049,8938.0,6268,2,1014,1,4831,1,413,0,311,0,3471,0,3160,2,0.0347952562094428,0.3883419109420452,0.3535466547326024
2021-09-04,Mono,051,14174.0,16608,5,9202,5,6998,0,347,0,695,2,8743,2,8048,2,0.0490334415126287,0.616833639057429,0.5678001975448004
2021-09-04,Monterey,053,433212.0,522897,697,254166,509,245704,167,22355,20,31990,285,286420,306,254430,363,0.0738437531739656,0.6611543539883475,0.5873106008143819
2021-09-04,Napa,055,140530.0,193446,110,103126,77,84616,30,5691,3,11274,30,104251,34,92977,54,0.0802248630185725,0.7418415996584359,0.6616167366398634
2021-09-04,Nevada,057,99092.0,112376,71,60396,36,48648,35,3286,0,7186,28,60855,28,53669,35,0.0725184676865942,0.6141262664998184,0.5416077988132241
2021-09-04,Orange,059,3164182.0,4005186,5557,2310597,4109,1567078,1348,126288,99,194877,1884,2142717,1982,1947840,2846,0.0615884294898333,0.6771788095627874,0.6155903800729541
2021-09-04,Placer,061,380077.0,457110,530,265536,370,178984,135,12572,25,22287,194,243985,219,221698,267,0.0586381180655498,0.6419357130265709,0.5832975949610211
2021-09-04,Plumas,063,18699.0,17937,11,2623,1,14110,10,1162,0,918,0,9906,0,8988,7,0.049093534413605,0.5297609497834109,0.4806674153698059
2021-09-04,Riverside,065,2383286.0,2459580,4523,1442569,3621,943415,845,72476,56,170800,1682,1340415,1740,1169615,2514,0.0716657589563317,0.5624230579124788,0.4907572989561471
2021-09-04,Sacramento,067,1510023.0,1749517,2519,998462,1810,699856,638,50970,71,96660,951,941771,1022,845111,1353,0.0640122700117812,0.6236799042133795,0.5596676342015983
2021-09-04,San Benito,069,59416.0,73518,50,41450,30,28677,19,3285,1,4910,21,40477,22,35567,28,0.0826376733539787,0.6812474754274943,0.5986098020735156
2021-09-04,San Bernardino,071,2135413.0,2047204,3817,1234778,3077,748374,705,63799,34,137500,1547,1118366,1581,980866,2137,0.0643903544653891,0.5237235139057409,0.4593331594403518
2021-09-04,San Diego,073,3302833.0,4351616,5684,2394247,4321,1789578,1214,166649,147,287067,2058,2406432,2472,2119365,3049,0.0869153844593414,0.7285963292724761,0.6416809448131346
2021-09-04,San Francisco,075,870044.0,1312699,1106,845040,883,412546,185,54738,37,42635,329,696820,365,654185,535,0.0490032688001986,0.8009020233459457,0.7518987545457471
2021-09-04,San Joaquin,077,732212.0,787657,1312,456002,1028,306053,271,25556,13,66786,609,432496,621,365710,641,0.0912112885339218,0.5906704615603131,0.4994591730263912
2021-09-04,San Luis Obispo,079,281455.0,321597,409,166100,302,142943,102,12421,5,18243,156,174184,161,155941,191,0.0648167557868931,0.6188698015668579,0.5540530457799648
2021-09-04,San Mateo,081,765935.0,1120235,967,696123,705,383029,224,40581,36,43097,275,596004,310,552907,458,0.056267176718651,0.7781391371330465,0.7218719604143955
2021-09-04,Santa Barbara,083,443738.0,532237,624,312836,460,196019,156,23026,8,33870,240,292021,248,258151,308,0.0763288246668078,0.6580932892833158,0.581764464616508
2021-09-04,Santa Clara,085,1922200.0,2853924,2516,1846464,1885,898368,560,105355,71,87982,811,1509082,881,1421100,1193,0.045771511809385,0.7850806367703673,0.7393091249609822
2021-09-04,Santa Cruz,087,273765.0,362662,280,178514,194,174072,84,10031,2,15175,110,192104,112,176929,113,0.0554307526528226,0.7017113217540591,0.6462805691012364
2021-09-04,Shasta,089,179085.0,137734,275,63271,192,67179,83,7236,0,13094,122,78524,122,65430,140,0.073116118044504,0.4384733506435491,0.3653572325990451
2021-09-04,Sierra,091,2930.0,2862,0,308,0,2497,0,53,0,99,0,1496,0,1397,0,0.0337883959044368,0.510580204778157,0.4767918088737201
2021-09-04,Siskiyou,093,43540.0,36837,13,15446,9,20209,4,1147,0,2897,4,20292,4,17395,4,0.0665365181442351,0.466054203031695,0.3995176848874598
2021-09-04,Solano,095,438530.0,516161,444,286919,326,214989,109,14207,9,42666,185,284568,194,241902,231,0.0972932296536154,0.6489134152737555,0.55162018562014
2021-09-04,Sonoma,097,501317.0,679013,803,380730,613,276278,186,21946,4,30503,248,361936,253,331433,399,0.0608457323410137,0.7219703301503839,0.6611245978093702
2021-09-04,Stanislaus,099,539301.0,530769,1046,306642,767,205858,257,17952,22,48614,456,293326,477,244712,528,0.0901426105273307,0.5439003450763118,0.453757734548981
2021-09-04,Sutter,101,95872.0,94712,190,40525,121,49839,68,4339,1,7301,77,52720,78,45419,106,0.0761536214953271,0.5498998664886515,0.4737462449933244
2021-09-04,Tehama,103,63373.0,44762,75,16939,39,26056,36,1758,0,3029,35,24648,35,21619,38,0.0477963801618986,0.3889353510169946,0.341138970855096
2021-09-04,Trinity,105,12862.0,10147,8,2160,8,7321,0,661,0,700,3,5736,3,5036,5,0.0544238843103716,0.4459648577204167,0.391540973410045
2021-09-04,Tulare,107,460477.0,401669,909,239230,677,150628,219,11726,13,33822,403,222296,415,188474,468,0.0734499225802808,0.4827515815122145,0.4093016589319336
2021-09-04,Tuolumne,109,53932.0,51917,75,14633,25,36086,48,1193,2,3195,33,27578,35,24383,35,0.0592412667803901,0.5113476229325817,0.4521063561521916
2021-09-04,Ventura,111,848112.0,1052081,1315,568695,997,445814,287,37176,31,52783,487,566408,517,513625,660,0.062235883939857,0.6678457562208765,0.6056098722810195
2021-09-04,Yolo,113,214977.0,266428,199,133159,127,125155,71,8078,1,14497,69,143616,70,129119,100,0.0674351209664289,0.6680528614689013,0.6006177405024724
2021-09-04,Yuba,115,75493.0,59151,153,23389,108,32106,43,3639,2,4909,83,33658,85,28749,64,0.0650258964407296,0.4458426609089584,0.3808167644682288
2021-09-03,Alameda,001,1643700.0,2295881,4408,1466736,3359,716058,940,112329,107,86043,1401,1236653,1509,1150610,2201,0.0523471436393502,0.7523593113098497,0.7000121676704995
2021-09-03,Alpine,003,1148.0,1486,0,42,0,1438,0,6,0,88,0,781,0,693,0,0.0766550522648083,0.6803135888501742,0.6036585365853658
2021-09-03,Amador,005,37829.0,38445,92,10828,54,26218,37,1398,1,3339,33,21059,34,17720,46,0.088265616326099,0.5566893124322609,0.4684236961061619
2021-09-03,Butte,007,227075.0,197305,501,97011,331,92166,152,8107,18,12246,223,107999,240,95753,219,0.0539293185071011,0.4756093801607398,0.4216800616536386
2021-09-03,Calaveras,009,45235.0,44438,143,18858,93,24242,44,1336,6,2814,57,23752,62,20938,67,0.0622084668951033,0.5250801370620095,0.4628716701669061
2021-09-03,Colusa,011,21464.0,21352,57,5700,32,14663,23,974,2,1632,18,11921,20,10289,38,0.0760342899739098,0.5553950801341782,0.4793607901602683
2021-09-03,Contra Costa,013,1133247.0,1608861,3629,1085824,2867,470298,656,52371,104,54251,1133,850380,1234,796129,1725,0.0478721761451828,0.7503924563665291,0.7025202802213463
2021-09-03,Del Norte,015,27424.0,21662,101,8050,57,12320,43,1248,0,1972,41,12245,41,10273,45,0.0719078179696616,0.4465067094515753,0.3745988914819136
2021-09-03,El Dorado,017,186661.0,206235,464,100198,319,97981,128,8030,17,11277,155,111933,172,100656,218,0.060414334006568,0.5996592753708595,0.5392449413642915
2021-09-03,Fresno,019,978130.0,993481,3415,542433,2596,414484,752,36067,66,74792,1464,547728,1529,472936,1716,0.0764642736650547,0.5599746454970198,0.4835103718319651
2021-09-03,Glenn,021,27897.0,24864,96,10674,79,12826,8,1344,9,1471,46,13760,55,12289,46,0.0527296841954332,0.4932430010395383,0.4405133168441051
2021-09-03,Humboldt,023,135768.0,153326,453,77958,288,67401,141,7838,24,8764,138,84052,162,75288,212,0.0645512933828295,0.619085498792057,0.5545342054092275
2021-09-03,Imperial,025,180216.0,251451,818,128667,683,106830,125,15917,10,26361,360,145976,370,119615,396,0.1462744706352377,0.8100057708527545,0.6637313002175168
2021-09-03,Inyo,027,18085.0,19161,33,7221,22,11216,9,568,2,941,20,10213,22,9272,12,0.0520320707768869,0.5647221454243848,0.5126900746474979
2021-09-03,Kern,029,883053.0,752854,3194,398207,2237,320830,857,33598,99,64023,1432,422430,1531,358407,1620,0.0725018770107796,0.4783744577052566,0.405872580694477
2021-09-03,Kings,031,150075.0,106226,394,51002,287,50000,99,5184,8,9814,185,60332,193,50518,189,0.0653939696818257,0.4020123271697484,0.3366183574879227
2021-09-03,Lake,033,64148.0,60187,322,19396,171,37912,130,2876,21,4233,108,33428,129,29195,136,0.0659880276859761,0.5211074390472034,0.4551194113612272
2021-09-03,Lassen,035,31185.0,13236,43,1955,13,10104,26,1163,4,908,19,7607,23,6699,22,0.0291165624498957,0.2439313772647106,0.2148148148148148
2021-09-03,Los Angeles,037,10098052.0,12368960,30450,6903990,21899,4978649,7749,481961,788,744110,10731,6739582,11508,5995472,15383,0.0736884698157624,0.6674140715456803,0.5937256017299178
2021-09-03,Madera,039,155013.0,137935,528,73111,408,59116,112,5620,8,10030,207,76187,216,66157,299,0.064704250611239,0.4914878106997478,0.4267835600885087
2021-09-03,Marin,041,260295.0,403632,534,255445,341,135272,186,12893,7,13187,98,211386,105,198199,140,0.0506617491692118,0.8121016538926986,0.7614399047234868
2021-09-03,Mariposa,043,17540.0,14441,17,3258,13,10561,4,600,0,2564,10,8711,10,6147,4,0.1461801596351197,0.4966362599771949,0.3504561003420752
2021-09-03,Mendocino,045,87422.0,104284,671,57413,418,43253,241,3607,12,7448,213,57043,225,49595,252,0.0851959461005238,0.6525016586213996,0.5673057125208758
2021-09-03,Merced,047,269075.0,240602,927,143489,697,86409,214,9862,15,27528,389,135787,404,108259,488,0.1023060484994889,0.5046436867044505,0.4023376382049614
2021-09-03,Modoc,049,8938.0,6266,6,1013,2,4830,3,413,1,313,1,3471,2,3158,4,0.0350190199149697,0.3883419109420452,0.3533228910270754
2021-09-03,Mono,051,14174.0,16603,79,9197,64,6998,14,347,1,695,22,8741,24,8046,56,0.0490334415126287,0.6166925356286158,0.567659094115987
2021-09-03,Monterey,053,433212.0,522200,1239,253657,757,245537,456,22335,26,32047,504,286114,529,254067,622,0.0739753284765888,0.6604480023637388,0.58647267388715
2021-09-03,Napa,055,140530.0,193336,252,103049,168,84586,77,5688,7,11294,75,104217,82,92923,124,0.0803671813847577,0.7415996584359211,0.6612324770511635
2021-09-03,Nevada,057,99092.0,112305,231,60360,154,48613,65,3286,12,7193,91,60827,103,53634,111,0.0725891091107253,0.6138437008032939,0.5412545916925685
2021-09-03,Orange,059,3164182.0,3999629,9953,2306488,7032,1565730,2649,126189,270,195741,3159,2140735,3427,1944994,4970,0.0618614858437346,0.6765524233435372,0.6146909374998025
2021-09-03,Placer,061,380077.0,456580,1077,265166,770,178849,272,12547,35,22335,391,243766,426,221431,484,0.0587644082646411,0.6413595139932171,0.5825951057285761
2021-09-03,Plumas,063,18699.0,17926,47,2622,31,14100,6,1162,10,925,21,9906,31,8981,25,0.0494678859832076,0.5297609497834109,0.4802930638002032
2021-09-03,Riverside,065,2383286.0,2455057,8394,1438948,6512,942570,1698,72420,182,171574,3098,1338675,3283,1167101,4392,0.0719905206508996,0.56169297348283,0.4897024528319303
2021-09-03,Sacramento,067,1510023.0,1746998,4743,996652,3427,699218,1184,50899,132,96991,1682,940749,1813,843758,2431,0.0642314719709567,0.6230030933303665,0.5587716213594097
2021-09-03,San Benito,069,59416.0,73468,178,41420,109,28658,63,3284,6,4916,79,40455,85,35539,79,0.0827386562542076,0.6808772047933217,0.5981385485391141
2021-09-03,San Bernardino,071,2135413.0,2043387,6933,1231701,5477,747669,1309,63765,145,138056,2622,1116785,2762,978729,3952,0.0646507256441728,0.5229831419027607,0.4583324162585879
2021-09-03,San Diego,073,3302833.0,4345932,9430,2389926,6485,1788364,2680,166502,259,287644,3313,2403960,3979,2116316,4870,0.087090082968167,0.7278478808949771,0.6407577979268101
2021-09-03,San Francisco,075,870044.0,1311593,1721,844157,1270,412361,389,54701,62,42805,497,696455,556,653650,679,0.0491986612171338,0.8004825043331142,0.7512838431159803
2021-09-03,San Joaquin,077,732212.0,786345,2568,454974,1908,305782,611,25543,49,66806,1136,431875,1187,365069,1203,0.0912386030275384,0.5898223465335176,0.4985837435059791
2021-09-03,San Luis Obispo,079,281455.0,321188,708,165798,443,142841,247,12416,18,18273,231,174023,248,155750,332,0.0649233447620401,0.6182977740669023,0.5533744293048622
2021-09-03,San Mateo,081,765935.0,1119268,1591,695418,1181,382805,363,40545,47,43245,469,595694,518,552449,687,0.0564604046035238,0.7777344030498672,0.7212739984463433
2021-09-03,Santa Barbara,083,443738.0,531613,1415,312376,948,195863,412,23018,55,33930,423,291773,476,257843,728,0.0764640395909297,0.6575344009302787,0.5810703613393489
2021-09-03,Santa Clara,085,1922200.0,2851408,3866,1844579,2682,897808,1037,105284,144,88294,1229,1508201,1369,1419907,1778,0.045933825824576,0.7846223077723442,0.7386884819477681
2021-09-03,Santa Cruz,087,273765.0,362382,528,178320,328,173988,184,10029,16,15176,186,191992,201,176816,234,0.0554344054207075,0.7013022117509543,0.6458678063302468
2021-09-03,Shasta,089,179085.0,137459,581,63079,401,67096,154,7236,26,13112,262,78402,288,65290,274,0.0732166289750677,0.4377921098919508,0.364575480916883
2021-09-03,Sierra,091,2930.0,2862,5,308,1,2497,2,53,2,99,2,1496,4,1397,3,0.0337883959044368,0.510580204778157,0.4767918088737201
2021-09-03,Siskiyou,093,43540.0,36824,120,15437,87,20205,25,1147,8,2897,31,20288,38,17391,68,0.0665365181442351,0.4659623334864492,0.399425815342214
2021-09-03,Solano,095,438530.0,515717,1454,286593,1049,214880,388,14198,17,42703,493,284374,510,241671,752,0.0973776024445305,0.6484710282078763,0.5510934257633457
2021-09-03,Sonoma,097,501317.0,678210,1376,380117,981,276092,356,21942,39,30649,359,361683,398,331034,666,0.0611369652335747,0.7214656594530008,0.6603286942194261
2021-09-03,Stanislaus,099,539301.0,529723,1842,305875,1220,205601,585,17930,37,48665,766,292849,804,244184,946,0.0902371773833165,0.5430158668350328,0.4527786894517162
2021-09-03,Sutter,101,95872.0,94522,386,40404,245,49771,126,4338,14,7329,175,52642,189,45313,182,0.0764456775700934,0.5490862817089452,0.4726406041388518
2021-09-03,Tehama,103,63373.0,44687,166,16900,72,26020,84,1758,10,3032,79,24613,89,21581,84,0.0478437189339308,0.388383065343285,0.3405393464093541
2021-09-03,Trinity,105,12862.0,10139,18,2152,13,7321,3,661,2,702,3,5733,5,5031,13,0.0545793811226869,0.4457316125019437,0.3911522313792567
2021-09-03,Tulare,107,460477.0,400760,1496,238553,1074,150409,393,11713,28,33875,729,221881,755,188006,677,0.0735650206199223,0.4818503421452103,0.4082853215252879
2021-09-03,Tuolumne,109,53932.0,51842,157,14608,78,36038,66,1191,13,3195,74,27543,88,24348,66,0.0592412667803901,0.5106986575687903,0.4514573907884002
2021-09-03,Ventura,111,848112.0,1050766,2360,567698,1724,445527,557,37145,79,52926,846,565891,923,512965,1174,0.062404493746109,0.66723616692135,0.604831673175241
2021-09-03,Yolo,113,214977.0,266229,724,133032,553,125084,145,8077,26,14527,300,143546,325,129019,346,0.0675746707787344,0.6677272452401884,0.600152574461454
2021-09-03,Yuba,115,75493.0,58998,263,23281,153,32063,101,3637,9,4888,111,33573,120,28685,140,0.0647477249546315,0.4447167287033234,0.3799690037486919
2021-09-02,Alameda,001,1643700.0,2291473,3342,1463377,2502,715118,768,112222,72,86735,1091,1235144,1161,1148409,1406,0.0527681450386323,0.7514412605706637,0.6986731155320314
2021-09-02,Alpine,003,1148.0,1486,0,42,0,1438,0,6,0,88,0,781,0,693,0,0.0766550522648083,0.6803135888501742,0.6036585365853658
2021-09-02,Amador,005,37829.0,38353,85,10774,44,26181,30,1397,11,3351,25,21025,37,17674,46,0.088582833276058,0.5557905310740437,0.4672076977979856
2021-09-02,Butte,007,227075.0,196804,555,96680,342,92014,163,8089,50,12225,203,107759,253,95534,240,0.0538368380491027,0.4745524606407574,0.4207156225916547
2021-09-02,Calaveras,009,45235.0,44295,117,18765,60,24198,56,1330,1,2819,62,23690,63,20871,39,0.0623190007737371,0.5237095169669503,0.4613905161932132
2021-09-02,Colusa,011,21464.0,21295,60,5668,40,14640,17,972,3,1650,26,11901,29,10251,30,0.0768729034662691,0.55446328736489,0.4775903838986209
2021-09-02,Contra Costa,013,1133247.0,1605232,3069,1082957,2368,469642,597,52267,103,54742,934,849146,1035,794404,1318,0.0483054444441503,0.749303549888065,0.7009981054439147
2021-09-02,Del Norte,015,27424.0,21561,86,7993,61,12277,23,1248,1,1976,30,12204,31,10228,48,0.0720536756126021,0.4450116686114352,0.3729579929988331
2021-09-02,El Dorado,017,186661.0,205771,336,99879,232,97853,89,8013,15,11323,110,111761,125,100438,163,0.060660770059091,0.5987378188266429,0.5380770487675519
2021-09-02,Fresno,019,978130.0,990066,2794,539837,2046,413732,669,36001,78,74979,1294,546199,1372,471220,1286,0.0766554547963972,0.5584114585995726,0.4817560038031754
2021-09-02,Glenn,021,27897.0,24768,70,10595,38,12818,27,1335,5,1462,25,13705,30,12243,40,0.0524070688604509,0.4912714628813134,0.4388643940208624
2021-09-02,Humboldt,023,135768.0,152873,323,77670,201,67260,110,7814,12,8814,130,83890,142,75076,117,0.0649195686759766,0.6178922868422603,0.5529727181662837
2021-09-02,Imperial,025,180216.0,250633,631,127984,515,106705,102,15907,14,26387,295,145606,310,119219,309,0.1464187419540995,0.8079526790074133,0.6615339370533138
2021-09-02,Inyo,027,18085.0,19128,30,7199,23,11207,6,566,1,931,10,10191,11,9260,16,0.051479126347802,0.5635056676803981,0.5120265413325961
2021-09-02,Kern,029,883053.0,749660,2344,395970,1705,319973,550,33499,88,64112,1109,420899,1193,356787,1110,0.0726026637132765,0.476640699935338,0.4040380362220614
2021-09-02,Kings,031,150075.0,105832,303,50715,202,49901,90,5176,11,9810,148,60139,159,50329,135,0.065367316341829,0.4007263035149092,0.3353589871730801
2021-09-02,Lake,033,64148.0,59865,204,19225,106,37782,94,2855,4,4240,105,33299,109,29059,84,0.0660971503398391,0.5190964644260149,0.4529993140861757
2021-09-02,Lassen,035,31185.0,13193,40,1942,28,10078,8,1159,4,907,14,7584,18,6677,23,0.0290844957511624,0.2431938431938431,0.2141093474426808
2021-09-02,Los Angeles,037,10098052.0,12338510,24004,6882091,16963,4970900,6329,481173,704,747985,8673,6728074,9370,5980089,11786,0.0740722071940211,0.6662744458040026,0.5922022386099814
2021-09-02,Madera,039,155013.0,137407,483,72703,336,59004,129,5612,18,10113,184,75971,202,65858,275,0.0652396895744227,0.4900943791811009,0.4248546896066781
2021-09-02,Marin,041,260295.0,403098,501,255104,327,135086,150,12886,24,13222,97,211281,120,198059,178,0.0507962119902418,0.8116982654296088,0.7609020534393669
2021-09-02,Mariposa,043,17540.0,14424,49,3245,24,10557,21,600,4,2558,16,8701,20,6143,27,0.1458380843785632,0.4960661345496009,0.3502280501710376
2021-09-02,Mendocino,045,87422.0,103613,193,56995,110,43012,83,3595,0,7475,81,56818,81,49343,67,0.0855047928439065,0.6499279357598774,0.5644231429159708
2021-09-02,Merced,047,269075.0,239675,635,142792,477,86195,146,9847,12,27612,324,135383,336,107771,283,0.1026182291182755,0.5031422465855245,0.4005240174672489
2021-09-02,Modoc,049,8938.0,6260,39,1011,15,4827,24,412,0,315,12,3469,12,3154,21,0.0352427836204967,0.3881181472365182,0.3528753636160215
2021-09-02,Mono,051,14174.0,16524,15,9133,12,6984,3,346,0,727,6,8717,6,7990,7,0.0512910963736418,0.614999294482856,0.563708198109214
2021-09-02,Monterey,053,433212.0,520961,999,252900,647,245081,328,22309,24,32140,415,285585,439,253445,454,0.0741900039703424,0.6592268912218499,0.5850368872515074
2021-09-02,Napa,055,140530.0,193084,369,102881,233,84509,131,5681,5,11336,109,104135,114,92799,138,0.0806660499537465,0.741016153134562,0.6603501031808154
2021-09-02,Nevada,057,99092.0,112074,213,60206,139,48548,60,3274,14,7201,79,60724,93,53523,89,0.0726698421668752,0.6128042627053647,0.5401344205384895
2021-09-02,Orange,059,3164182.0,3989676,7481,2299456,5364,1563081,1907,125919,203,197284,2463,2137308,2667,1940024,3443,0.0623491316239078,0.6754693630138848,0.613120231389977
2021-09-02,Placer,061,380077.0,455503,1007,264396,681,178577,279,12512,47,22393,334,243340,381,220947,435,0.0589170089218763,0.6402386884762824,0.5813216795544061
2021-09-02,Plumas,063,18699.0,17879,55,2591,29,14094,19,1152,7,919,26,9875,33,8956,26,0.0491470132092625,0.5281031071180277,0.4789560939087652
2021-09-02,Riverside,065,2383286.0,2446663,6186,1432436,4501,940872,1531,72238,151,172683,2338,1335392,2488,1162709,3033,0.0724558445776125,0.5603154636078087,0.4878596190301961
2021-09-02,Sacramento,067,1510023.0,1742255,3745,993225,2645,698034,966,50767,131,97609,1491,938936,1620,841327,1685,0.0646407372602933,0.6218024493666653,0.5571617121063719
2021-09-02,San Benito,069,59416.0,73290,155,41311,120,28595,29,3278,6,4910,52,40370,58,35460,97,0.0826376733539787,0.6794466137067456,0.5968089403527669
2021-09-02,San Bernardino,071,2135413.0,2036454,5176,1226224,3926,746360,1124,63620,125,139246,2223,1114023,2344,974777,2654,0.0652079948937278,0.5216897152916087,0.4564817203978809
2021-09-02,San Diego,073,3302833.0,4336502,8196,2383441,5711,1785684,2222,166243,259,288535,3014,2399981,3644,2111446,4010,0.0873598513760762,0.7266431575559528,0.6392833061798765
2021-09-02,San Francisco,075,870044.0,1309872,1522,842887,1065,411972,343,54639,114,42928,409,695899,516,652971,596,0.0493400333776222,0.7998434561930201,0.7505034228153978
2021-09-02,San Joaquin,077,732212.0,783777,1954,453066,1394,305171,531,25494,29,66822,766,430688,798,363866,973,0.0912604546224317,0.5882012313373722,0.4969407767149404
2021-09-02,San Luis Obispo,079,281455.0,320480,662,165355,331,142594,293,12398,38,18357,209,173775,245,155418,244,0.0652217938924517,0.6174166385390204,0.5521948446465688
2021-09-02,San Mateo,081,765935.0,1117677,1483,694237,1063,382442,367,40498,53,43414,415,595176,465,551762,602,0.0566810499585474,0.7770581054528126,0.7203770554942652
2021-09-02,Santa Barbara,083,443738.0,530198,970,311428,686,195451,233,22963,51,34182,363,291297,415,257115,489,0.0770319422722417,0.6564616958655783,0.5794297535933366
2021-09-02,Santa Clara,085,1922200.0,2847542,3119,1841897,2189,896771,820,105140,104,88703,956,1506832,1055,1418129,1382,0.0461466028509,0.7839101030069712,0.7377635001560712
2021-09-02,Santa Cruz,087,273765.0,361854,558,177992,366,173804,171,10013,21,15209,190,191791,211,176582,216,0.055554946760908,0.7005680054060964,0.6450130586451884
2021-09-02,Shasta,089,179085.0,136878,420,62678,237,66942,159,7210,24,13098,214,78114,237,65016,173,0.0731384538068515,0.4361839350029315,0.3630454811960801
2021-09-02,Sierra,091,2930.0,2857,12,307,6,2495,6,51,0,98,9,1492,9,1394,2,0.0334470989761092,0.5092150170648464,0.4757679180887372
2021-09-02,Siskiyou,093,43540.0,36704,116,15350,73,20180,41,1139,2,2927,76,20250,78,17323,24,0.0672255397335783,0.4650895728066146,0.3978640330730363
2021-09-02,Solano,095,438530.0,514263,1177,285544,775,214492,375,14181,26,42945,410,283864,435,240919,545,0.0979294461040293,0.6473080519006681,0.5493786057966388
2021-09-02,Sonoma,097,501317.0,676834,1213,379136,857,275736,311,21903,45,30917,377,361285,419,330368,494,0.0616715571185497,0.7206717506088962,0.6590001934903464
2021-09-02,Stanislaus,099,539301.0,527881,1336,304655,860,205016,439,17893,37,48807,596,292045,631,243238,608,0.0905004811784142,0.5415250481641978,0.4510245669857834
2021-09-02,Sutter,101,95872.0,94136,299,40159,180,49645,109,4324,10,7322,114,52453,124,45131,160,0.0763726635514018,0.5471149032042724,0.4707422396528705
2021-09-02,Tehama,103,63373.0,44521,151,16828,54,25936,89,1748,8,3027,68,24524,76,21497,68,0.0477648209805437,0.3869786817729948,0.339213860792451
2021-09-02,Trinity,105,12862.0,10121,18,2139,12,7318,3,659,3,710,6,5728,9,5018,10,0.0552013683719483,0.4453428704711553,0.3901415020992069
2021-09-02,Tulare,107,460477.0,399264,1298,237479,938,150016,331,11685,27,33797,607,221126,634,187329,602,0.0733956310521481,0.4802107379956002,0.4068151069434521
2021-09-02,Tuolumne,109,53932.0,51685,112,14530,50,35972,55,1178,7,3173,62,27455,69,24282,34,0.0588333456945783,0.5090669732255433,0.4502336275309649
2021-09-02,Ventura,111,848112.0,1048406,2053,565974,1512,444970,431,37066,110,53177,763,564968,873,511791,1015,0.0627004452242156,0.6661478672628144,0.6034474220385987
2021-09-02,Yolo,113,214977.0,265505,404,132479,273,124939,116,8051,15,14548,147,143221,163,128673,178,0.0676723556473483,0.6662154556068789,0.5985430999595306
2021-09-02,Yuba,115,75493.0,58735,208,23128,121,31962,74,3628,13,4908,95,33453,108,28545,103,0.0650126501794868,0.4431271773541917,0.3781145271747049
2021-09-01,Alameda,001,1643700.0,2288131,2882,1460875,2162,714350,626,112150,92,86980,990,1233983,1083,1147003,1263,0.052917199002251,0.7507349272981688,0.6978177282959177
2021-09-01,Alpine,003,1148.0,1486,0,42,0,1438,0,6,0,88,0,781,0,693,0,0.0766550522648083,0.6803135888501742,0.6036585365853658
2021-09-01,Amador,005,37829.0,38268,56,10730,38,26151,16,1386,2,3360,31,20988,34,17628,21,0.0888207459885273,0.5548124454783367,0.4659916994898094
2021-09-01,Butte,007,227075.0,196249,581,96338,427,91851,133,8039,21,12212,235,107506,256,95294,276,0.0537795882417703,0.4734382913134426,0.4196587030716723
2021-09-01,Calaveras,009,45235.0,44178,94,18705,61,24142,22,1329,11,2795,38,23627,48,20832,45,0.0617884381562949,0.5223167900961645,0.4605283519398696
2021-09-01,Colusa,011,21464.0,21235,61,5628,35,14623,26,969,0,1651,30,11872,30,10221,30,0.0769194931047335,0.5531121878494223,0.4761926947446888
2021-09-01,Contra Costa,013,1133247.0,1602163,2957,1080589,2341,469045,548,52164,63,55025,942,848111,1005,793086,1236,0.0485551693496651,0.748390245021606,0.6998350756719409
2021-09-01,Del Norte,015,27424.0,21475,120,7932,66,12254,51,1247,3,1993,45,12173,48,10180,53,0.0726735705950991,0.4438812718786464,0.3712077012835472
2021-09-01,El Dorado,017,186661.0,205435,379,99647,265,97764,97,7998,17,11361,150,111636,166,100275,164,0.060864347667697,0.5980681556404391,0.537203807972742
2021-09-01,Fresno,019,978130.0,987272,3012,537791,2285,413063,642,35923,84,74893,1277,544827,1357,469934,1461,0.0765675319231595,0.5570087820637338,0.4804412501405743
2021-09-01,Glenn,021,27897.0,24698,127,10557,95,12791,27,1330,5,1472,68,13675,73,12203,52,0.0527655303437645,0.4901960784313725,0.437430548087608
2021-09-01,Humboldt,023,135768.0,152550,499,77469,375,67150,95,7802,29,8789,166,83748,194,74959,242,0.0647354310294031,0.6168463850097224,0.5521109539803194
2021-09-01,Imperial,025,180216.0,250002,769,127469,532,106603,102,15893,135,26386,316,145296,452,118910,431,0.1464131930572202,0.8062325209748302,0.65981932791761
2021-09-01,Inyo,027,18085.0,19098,19,7176,13,11201,5,565,0,936,10,10180,10,9244,6,0.0517555985623444,0.5628974288084048,0.5111418302460603
2021-09-01,Kern,029,883053.0,747316,2394,394265,1625,319423,676,33411,93,64029,1193,419706,1285,355677,1070,0.0725086716199367,0.4752897051479356,0.4027810335279989
2021-09-01,Kings,031,150075.0,105529,495,50513,336,49811,143,5165,16,9786,252,59980,267,50194,218,0.065207396301849,0.3996668332500416,0.3344594369481926
2021-09-01,Lake,033,64148.0,59661,153,19119,91,37688,57,2851,5,4215,71,33190,76,28975,74,0.0657074265760429,0.5173972688158633,0.4516898422398204
2021-09-01,Lassen,035,31185.0,13153,25,1914,9,10070,8,1155,8,912,8,7566,16,6654,17,0.0292448292448292,0.2426166426166426,0.2133718133718133
2021-09-01,Los Angeles,037,10098052.0,12314506,24980,6865128,17915,4964571,6361,480469,688,750401,9938,6718704,10612,5968303,11510,0.0743114612600529,0.6653465440661228,0.59103508280607
2021-09-01,Madera,039,155013.0,136924,399,72367,316,58875,74,5594,8,10186,165,75769,174,65583,209,0.0657106178191506,0.4887912626682923,0.4230806448491417
2021-09-01,Marin,041,260295.0,402597,487,254777,297,134936,177,12862,12,13280,89,211161,101,197881,109,0.0510190360936629,0.8112372500432202,0.7602182139495572
2021-09-01,Mariposa,043,17540.0,14375,26,3221,9,10536,17,596,0,2565,13,8681,13,6116,11,0.1462371721778791,0.4949258836944127,0.3486887115165336
2021-09-01,Mendocino,045,87422.0,103420,248,56885,152,42929,84,3595,12,7461,100,56737,112,49276,121,0.0853446500880785,0.6490013955297294,0.5636567454416509
2021-09-01,Merced,047,269075.0,239040,604,142315,416,86049,177,9835,10,27559,272,135047,282,107488,275,0.102421258013565,0.5018935241103781,0.3994722660968131
2021-09-01,Modoc,049,8938.0,6221,3,996,3,4803,0,412,0,324,1,3457,1,3133,1,0.036249720295368,0.3867755650033564,0.3505258447079883
2021-09-01,Mono,051,14174.0,16509,20,9121,13,6981,7,346,0,728,8,8711,8,7983,11,0.0513616480880485,0.614575984196416,0.5632143361083675
2021-09-01,Monterey,053,433212.0,519962,1321,252253,961,244753,336,22285,23,32155,529,285146,552,252991,678,0.0742246290499801,0.658213530557787,0.5839889015078068
2021-09-01,Napa,055,140530.0,192715,275,102648,183,84378,80,5676,12,11360,63,104021,74,92661,150,0.0808368319931687,0.7402049384473066,0.6593681064541379
2021-09-01,Nevada,057,99092.0,111861,250,60067,137,48488,94,3260,19,7197,88,60631,107,53434,117,0.0726294756388003,0.6118657409276228,0.5392362652888225
2021-09-01,Orange,059,3164182.0,3982195,7171,2294092,4961,1561174,2006,125716,200,198060,2490,2134641,2681,1936581,3154,0.0625943766825043,0.6746264911436827,0.6120321144611782
2021-09-01,Placer,061,380077.0,454496,1035,263715,728,178298,249,12465,58,22447,414,242959,471,220512,438,0.059059085395854,0.6392362600209958,0.5801771746251417
2021-09-01,Plumas,063,18699.0,17824,37,2562,25,14075,7,1145,5,912,20,9842,25,8930,13,0.0487726616396598,0.5263383068613294,0.4775656452216696
2021-09-01,Riverside,065,2383286.0,2440477,6318,1427935,4654,939341,1472,72087,190,173228,2581,1332904,2773,1159676,3000,0.0726845204478186,0.5592715267911614,0.4865870063433428
2021-09-01,Sacramento,067,1510023.0,1738510,4078,990580,2983,697068,953,50636,142,97674,1677,937316,1817,839642,1856,0.0646837829622462,0.6207296180256857,0.5560458350634394
2021-09-01,San Benito,069,59416.0,73135,125,41191,79,28566,41,3272,5,4949,52,40312,57,35363,58,0.0832940622054665,0.6784704456711996,0.5951763834657331
2021-09-01,San Bernardino,071,2135413.0,2031278,5546,1222298,4286,745236,1152,63495,107,139556,2454,1111679,2560,972123,2783,0.0653531658747043,0.5205920353580314,0.4552388694833271
2021-09-01,San Diego,073,3302833.0,4328306,8462,2377730,6014,1783462,2142,165984,301,288901,3410,2396337,4125,2107436,3973,0.0874706653348807,0.7255398622939762,0.6380691969590954
2021-09-01,San Francisco,075,870044.0,1308350,1520,841822,1087,411629,387,54525,46,43008,458,695383,501,652375,514,0.0494319827502976,0.7992503827392637,0.749818399988966
2021-09-01,San Joaquin,077,732212.0,781823,2126,451672,1600,304640,488,25465,38,66997,974,429890,1016,362893,931,0.091499456441577,0.5871113830420698,0.4956119266004927
2021-09-01,San Luis Obispo,079,281455.0,319818,703,165024,408,142301,238,12360,57,18356,267,173530,322,155174,300,0.0652182409266134,0.6165461619086533,0.5513279209820398
2021-09-01,San Mateo,081,765935.0,1116194,1442,693174,1022,382075,368,40445,52,43551,475,594711,526,551160,538,0.0568599163114363,0.7764510043280435,0.7195910880166072
2021-09-01,Santa Barbara,083,443738.0,529228,1021,310742,732,195218,259,22912,30,34256,344,290882,374,256626,532,0.0771987073453254,0.6555264593070685,0.5783277519617432
2021-09-01,Santa Clara,085,1922200.0,2844423,3605,1839708,2517,895951,971,105036,113,89030,1126,1505777,1238,1416747,1568,0.0463167204245135,0.7833612527312455,0.7370445323067318
2021-09-01,Santa Cruz,087,273765.0,361296,479,177626,294,173633,176,9992,9,15214,177,191580,186,176366,180,0.0555732106003324,0.69979727138239,0.6442240607820576
2021-09-01,Shasta,089,179085.0,136458,462,62441,236,66783,172,7186,54,13034,226,77877,279,64843,196,0.0727810816092916,0.4348605410838428,0.3620794594745511
2021-09-01,Sierra,091,2930.0,2845,2,301,2,2489,0,51,0,91,1,1483,1,1392,1,0.0310580204778157,0.5061433447098976,0.4750853242320819
2021-09-01,Siskiyou,093,43540.0,36588,128,15277,67,20139,52,1137,9,2873,53,20172,62,17299,44,0.0659853008727606,0.4632981166743224,0.3973128158015618
2021-09-01,Solano,095,438530.0,513086,1565,284769,1071,214117,455,14155,39,43055,570,283429,609,240374,756,0.0981802841310742,0.6463161015209906,0.5481358173899163
2021-09-01,Sonoma,097,501317.0,675621,1275,378279,886,275425,347,21858,42,30992,346,360866,388,329874,571,0.0618211630565091,0.7198359521021629,0.6580147890456538
2021-09-01,Stanislaus,099,539301.0,526545,1667,303795,1228,204577,406,17856,31,48784,732,291414,764,242630,770,0.0904578333806167,0.5403550151028832,0.4498971817222664
2021-09-01,Sutter,101,95872.0,93837,277,39979,177,49536,94,4314,6,7358,133,52329,139,44971,126,0.0767481642189586,0.5458215120160214,0.4690733477970627
2021-09-01,Tehama,103,63373.0,44370,185,16774,134,25847,45,1740,6,3019,78,24448,84,21429,97,0.0476385842551244,0.385779432881511,0.3381408486263866
2021-09-01,Trinity,105,12862.0,10103,14,2127,11,7315,3,656,0,711,10,5719,10,5008,4,0.055279116778106,0.4446431348157362,0.3893640180376302
2021-09-01,Tulare,107,460477.0,397966,1106,236541,783,149685,292,11658,31,33765,552,220492,581,186727,485,0.0733261378961381,0.4788339048421528,0.4055077669460147
2021-09-01,Tuolumne,109,53932.0,51573,116,14480,56,35917,43,1171,17,3138,51,27386,68,24248,48,0.0581843803307869,0.5077875843654973,0.4496032040347104
2021-09-01,Ventura,111,848112.0,1046353,1832,564462,1261,444539,488,36956,83,53319,680,564095,762,510776,823,0.0628678759409134,0.6651185220819892,0.6022506461410757
2021-09-01,Yolo,113,214977.0,265101,491,132206,334,124823,134,8036,23,14563,204,143058,227,128495,196,0.067742130553501,0.665457234960019,0.5977151044065179
2021-09-01,Yuba,115,75493.0,58527,251,23007,139,31888,97,3615,15,4903,127,33345,142,28442,118,0.064946418873273,0.4416965811399732,0.3767501622667002
2021-08-31,Alameda,001,1643700.0,2285249,3518,1458713,2586,713724,852,112058,80,87160,1114,1232900,1195,1145740,1492,0.0530267080367463,0.7500760479406218,0.6970493399038754
2021-08-31,Alpine,003,1148.0,1486,0,42,0,1438,0,6,0,88,0,781,0,693,0,0.0766550522648083,0.6803135888501742,0.6036585365853658
2021-08-31,Amador,005,37829.0,38212,90,10692,52,26135,31,1384,7,3347,27,20954,34,17607,53,0.0884770942927383,0.5539136641201194,0.4654365698273811
2021-08-31,Butte,007,227075.0,195668,502,95911,338,91718,134,8018,30,12232,203,107250,231,95018,219,0.0538676648684355,0.4723109104921281,0.4184432456236926
2021-08-31,Calaveras,009,45235.0,44084,70,18644,50,24120,16,1318,4,2792,33,23579,37,20787,30,0.0617221178291146,0.5212556648612799,0.4595335470321653
2021-08-31,Colusa,011,21464.0,21174,62,5593,40,14597,18,969,0,1651,29,11842,29,10191,27,0.0769194931047335,0.5517144986954902,0.4747950055907566
2021-08-31,Contra Costa,013,1133247.0,1599206,3280,1078248,2633,468497,538,52101,106,55256,994,847106,1100,791850,1488,0.0487590084068168,0.747503412759972,0.6987444043531551
2021-08-31,Del Norte,015,27424.0,21355,99,7866,56,12203,35,1244,8,1998,54,12125,63,10127,31,0.0728558926487747,0.4421309801633605,0.3692750875145857
2021-08-31,El Dorado,017,186661.0,205056,340,99382,231,97667,92,7981,17,11359,122,111470,139,100111,161,0.0608536330567177,0.5971788429291603,0.5363252098724426
2021-08-31,Fresno,019,978130.0,984260,3015,535506,2316,412421,636,35839,63,74997,1187,543470,1248,468473,1574,0.0766738572582376,0.5556214409127621,0.4789475836545244
2021-08-31,Glenn,021,27897.0,24571,71,10462,50,12764,15,1325,6,1451,37,13602,43,12151,28,0.0520127612288059,0.4875793096031831,0.4355665483743772
2021-08-31,Humboldt,023,135768.0,152051,350,77094,230,67055,105,7773,15,8837,141,83554,156,74717,149,0.0650889753108243,0.6154174768723116,0.5503285015614873
2021-08-31,Imperial,025,180216.0,249233,762,126937,631,106501,121,15758,10,26365,342,144844,351,118479,397,0.1462966662227549,0.8037244195853864,0.6574277533626315
2021-08-31,Inyo,027,18085.0,19079,73,7163,44,11196,28,565,0,932,27,10170,27,9238,36,0.0515344207907105,0.5623444843793198,0.5108100635886094
2021-08-31,Kern,029,883053.0,744922,2585,392640,1827,318747,665,33318,93,63814,1242,418421,1332,354607,1245,0.0722651981251408,0.4738345263534578,0.401569328228317
2021-08-31,Kings,031,150075.0,105034,383,50177,281,49668,87,5149,15,9737,196,59713,211,49976,172,0.0648808928868898,0.397887722805264,0.3330068299183741
2021-08-31,Lake,033,64148.0,59508,338,19028,195,37631,141,2846,2,4213,136,33114,138,28901,185,0.0656762486749392,0.5162125085739228,0.4505362598989836
2021-08-31,Lassen,035,31185.0,13128,46,1905,9,10062,29,1147,8,913,17,7550,25,6637,28,0.0292768959435626,0.2421035754369087,0.2128266794933461
2021-08-31,Los Angeles,037,10098052.0,12289526,25365,6847213,18251,4958210,6391,479781,712,751299,9355,6708092,10052,5956793,12739,0.0744003893028081,0.6642956483091986,0.5898952590063905
2021-08-31,Madera,039,155013.0,136525,459,72051,359,58801,86,5586,14,10221,233,75595,247,65374,185,0.0659364053337462,0.4876687761671602,0.4217323708334139
2021-08-31,Marin,041,260295.0,402110,693,254480,437,134759,224,12850,32,13288,174,211060,204,197772,201,0.0510497704527555,0.8108492287596765,0.759799458306921
2021-08-31,Mariposa,043,17540.0,14349,8,3212,6,10519,2,596,0,2563,6,8668,6,6105,2,0.1461231470923603,0.4941847206385404,0.3480615735461801
2021-08-31,Mendocino,045,87422.0,103172,357,56733,249,42845,93,3583,15,7470,146,56625,163,49155,175,0.0854475990025394,0.6477202534831049,0.5622726544805655
2021-08-31,Merced,047,269075.0,238436,561,141899,425,85872,117,9825,19,27552,245,134765,263,107213,294,0.1023952429619994,0.5008454891758803,0.3984502462138808
2021-08-31,Modoc,049,8938.0,6218,30,993,8,4803,20,412,2,324,20,3456,22,3132,10,0.036249720295368,0.3866636831505929,0.3504139628552248
2021-08-31,Mono,051,14174.0,16489,29,9108,23,6974,5,346,1,731,13,8703,14,7972,5,0.0515733032312685,0.6140115704811627,0.5624382672498942
2021-08-31,Monterey,053,433212.0,518641,1014,251292,622,244417,320,22262,69,32281,364,284594,431,252313,527,0.0745154797189366,0.6569393276271203,0.5824238479081835
2021-08-31,Napa,055,140530.0,192440,639,102465,503,84298,128,5664,8,11436,188,103947,196,92511,334,0.0813776417846723,0.7396783604924215,0.6583007187077492
2021-08-31,Nevada,057,99092.0,111611,195,59930,134,48394,52,3241,9,7207,69,60524,78,53317,92,0.0727303919589876,0.6107859363016187,0.5380555443426311
2021-08-31,Orange,059,3164182.0,3975024,7180,2289131,5053,1559168,1957,125516,169,198533,2374,2131960,2538,1933427,3512,0.0627438623947674,0.6737791947492274,0.6110353323544601
2021-08-31,Placer,061,380077.0,453461,987,262987,696,178049,255,12407,35,22414,313,242488,346,220074,496,0.0589722608839787,0.637997037442413,0.5790247765584342
2021-08-31,Plumas,063,18699.0,17787,50,2537,34,14068,13,1140,3,900,24,9817,27,8917,22,0.0481309160917696,0.5250013369698915,0.4768704208781218
2021-08-31,Riverside,065,2383286.0,2434159,6829,1423281,5117,937869,1548,71897,163,173455,2639,1330131,2800,1156676,3467,0.0727797670946751,0.5581080071800028,0.4853282400853275
2021-08-31,Sacramento,067,1510023.0,1734432,4140,987597,2994,696115,1017,50494,129,97713,1571,935499,1699,837786,1934,0.064709610383418,0.6195263250957105,0.5548167147122924
2021-08-31,San Benito,069,59416.0,73010,138,41112,75,28525,55,3267,8,4950,62,40255,70,35305,62,0.083310892688838,0.6775111081190252,0.5942002154301872
2021-08-31,San Bernardino,071,2135413.0,2025732,5698,1218012,4328,744084,1212,63388,157,139779,2359,1109119,2513,969340,3028,0.06545759532231,0.5193932040312577,0.4539356087089476
2021-08-31,San Diego,073,3302833.0,4319844,8967,2371716,6377,1781320,2258,165683,331,288749,3248,2392212,3925,2103463,4659,0.0874246442372351,0.7242909344795816,0.6368662902423465
2021-08-31,San Francisco,075,870044.0,1306830,1647,840735,1104,411242,482,54479,61,43021,449,694882,511,651861,542,0.0494469245233574,0.798674549792884,0.7492276252695266
2021-08-31,San Joaquin,077,732212.0,779697,1790,450072,1280,304152,486,25427,24,66912,820,428874,854,361962,836,0.0913833698437064,0.5857238067663464,0.4943404369226399
2021-08-31,San Luis Obispo,079,281455.0,319115,561,164616,385,142063,154,12303,22,18334,197,173208,219,154874,260,0.0651400756781723,0.6154021069087421,0.5502620312305697
2021-08-31,San Mateo,081,765935.0,1114752,1557,692152,1104,381707,392,40393,61,43563,434,594185,491,550622,618,0.0568755834372368,0.7757642619804552,0.7188886785432185
2021-08-31,Santa Barbara,083,443738.0,528207,880,310010,599,194959,257,22882,23,34414,321,290508,344,256094,418,0.0775547733121797,0.6546836196133755,0.5771288463011958
2021-08-31,Santa Clara,085,1922200.0,2840818,4195,1837191,2873,894980,1189,104923,127,89360,1158,1504539,1285,1415179,1893,0.0464883987098116,0.7827171990427635,0.7362288003329518
2021-08-31,Santa Cruz,087,273765.0,360817,750,177332,504,173457,219,9983,27,15208,213,191394,240,176186,386,0.0555512939930232,0.6991178565558052,0.643566562562782
2021-08-31,Shasta,089,179085.0,135996,450,62205,290,66611,143,7132,17,12951,231,77598,248,64647,196,0.0723176145405812,0.4333026216601055,0.3609850071195242
2021-08-31,Sierra,091,2930.0,2843,8,299,8,2489,0,51,0,91,6,1482,6,1391,2,0.0310580204778157,0.50580204778157,0.4747440273037542
2021-08-31,Siskiyou,093,43540.0,36460,124,15210,53,20087,69,1128,2,2855,54,20110,56,17255,63,0.0655718879191548,0.4618741387230133,0.3963022508038585
2021-08-31,Solano,095,438530.0,511521,1191,283698,888,213662,258,14116,45,43202,520,282820,565,239618,543,0.0985154949490342,0.644927370989442,0.5464118760404078
2021-08-31,Sonoma,097,501317.0,674346,1563,377393,1130,275078,394,21816,39,31175,459,360478,497,329303,696,0.0621862015451301,0.7190619907164528,0.6568757891713227
2021-08-31,Stanislaus,099,539301.0,524878,1561,302567,1213,204171,316,17825,29,48790,734,290650,764,241860,727,0.0904689588930856,0.5389383665151742,0.4484694076220886
2021-08-31,Sutter,101,95872.0,93560,346,39802,222,49442,106,4308,18,7345,169,52190,187,44845,161,0.0766125667556742,0.5443716622162884,0.4677590954606141
2021-08-31,Tehama,103,63373.0,44185,113,16640,42,25802,63,1734,8,3032,52,24364,60,21332,55,0.0478437189339308,0.3844539472646079,0.3366102283306771
2021-08-31,Trinity,105,12862.0,10089,24,2116,13,7312,10,656,1,705,15,5709,16,5004,9,0.05481262634116,0.4438656507541595,0.3890530244129995
2021-08-31,Tulare,107,460477.0,396860,1256,235758,857,149393,365,11627,34,33669,547,219911,580,186242,625,0.0731176584281082,0.4775721697283469,0.4044545113002387
2021-08-31,Tuolumne,109,53932.0,51457,143,14424,109,35874,30,1154,4,3118,57,27318,64,24200,70,0.0578135429800489,0.5065267373729883,0.4487131943929393
2021-08-31,Ventura,111,848112.0,1044521,1917,563201,1367,444051,492,36873,58,53380,658,563333,716,509953,993,0.0629398004037202,0.6642200558416813,0.601280255437961
2021-08-31,Yolo,113,214977.0,264610,441,131872,329,124689,104,8013,8,14532,148,142831,156,128299,222,0.0675979290807853,0.6644013080469073,0.596803378966122
2021-08-31,Yuba,115,75493.0,58276,202,22868,122,31791,75,3600,5,4879,93,33203,98,28324,98,0.0646285086034466,0.4398156120435007,0.375187103440054
2021-08-30,Alameda,001,1643700.0,2281731,3365,1456127,2608,712872,660,111978,96,87457,1148,1231705,1244,1144248,1601,0.0532073979436636,0.7493490296282777,0.696141631684614
2021-08-30,Alpine,003,1148.0,1486,0,42,0,1438,0,6,0,88,0,781,0,693,0,0.0766550522648083,0.6803135888501742,0.6036585365853658
2021-08-30,Amador,005,37829.0,38122,53,10640,26,26104,27,1377,0,3366,21,20920,23,17554,28,0.0889793544635068,0.5530148827619022,0.4640355282983954
2021-08-30,Butte,007,227075.0,195166,540,95573,377,91584,135,7988,28,12220,235,107019,263,94799,241,0.0538148188924364,0.4712936254541451,0.4174788065617086
2021-08-30,Calaveras,009,45235.0,44014,86,18594,44,24104,38,1314,4,2785,34,23542,38,20757,42,0.0615673703990273,0.5204377141593899,0.4588703437603625
2021-08-30,Colusa,011,21464.0,21112,52,5553,26,14579,25,969,1,1649,31,11813,32,10164,21,0.0768263138278047,0.5503633991800224,0.4735370853522176
2021-08-30,Contra Costa,013,1133247.0,1595926,3115,1075615,2459,467959,561,51995,94,55644,1050,846006,1144,790362,1465,0.0491013874292188,0.7465327505830591,0.6974313631538402
2021-08-30,Del Norte,015,27424.0,21256,83,7810,50,12168,27,1236,5,1966,45,12062,50,10096,30,0.0716890315052508,0.4398337222870478,0.3681446907817969
2021-08-30,El Dorado,017,186661.0,204716,396,99151,292,97575,90,7964,14,11381,145,111331,160,99950,192,0.0609714937774896,0.5964341774661016,0.5354626836886119
2021-08-30,Fresno,019,978130.0,981245,3115,533190,2325,411785,708,35776,82,75323,1249,542222,1331,466899,1652,0.077007146289348,0.5543455368918242,0.4773383906024761
2021-08-30,Glenn,021,27897.0,24500,56,10412,46,12749,9,1319,1,1436,32,13559,33,12123,20,0.0514750690038355,0.4860379252249346,0.434562856221099
2021-08-30,Humboldt,023,135768.0,151701,340,76864,223,66950,102,7758,15,8830,134,83398,149,74568,152,0.0650374167697837,0.6142684579576926,0.5492310411879088
2021-08-30,Imperial,025,180216.0,248471,619,126306,463,106380,139,15748,17,26411,309,144493,326,118082,289,0.1465519154792027,0.801776756780752,0.6552248413015492
2021-08-30,Inyo,027,18085.0,19006,26,7119,13,11168,12,565,1,941,11,10143,12,9202,15,0.0520320707768869,0.5608515344207907,0.5088194636439037
2021-08-30,Kern,029,883053.0,742337,2767,390813,1940,318082,742,33225,84,63727,1417,417089,1501,353362,1219,0.0721666762923629,0.4723261231205828,0.4001594468282198
2021-08-30,Kings,031,150075.0,104651,454,49896,325,49581,124,5134,5,9698,208,59502,214,49804,217,0.0646210228219223,0.3964817591204397,0.3318607362985174
2021-08-30,Lake,033,64148.0,59170,158,18833,75,37490,73,2844,10,4260,57,32976,67,28716,93,0.0664089293508761,0.5140612333977677,0.4476523040468915
2021-08-30,Lassen,035,31185.0,13082,31,1896,8,10033,19,1139,4,916,15,7525,19,6609,16,0.0293730960397627,0.2413019079685746,0.2119288119288119
2021-08-30,Los Angeles,037,10098052.0,12264161,26470,6828962,19104,4951819,6384,479069,971,753986,9742,6698040,10690,5944054,13302,0.0746664802280677,0.6633002087927454,0.5886337285646777
2021-08-30,Madera,039,155013.0,136066,319,71692,212,58715,95,5572,11,10159,134,75348,145,65189,174,0.0655364388793198,0.4860753614213001,0.4205389225419803
2021-08-30,Marin,041,260295.0,401417,631,254043,388,134535,228,12818,15,13285,128,210856,142,197571,229,0.0510382450680958,0.8100655026028161,0.7590272575347202
2021-08-30,Mariposa,043,17540.0,14341,23,3206,13,10517,9,596,1,2559,11,8662,12,6103,11,0.1458950969213227,0.493842645381984,0.3479475484606613
2021-08-30,Mendocino,045,87422.0,102815,183,56484,104,42752,74,3568,5,7482,73,56462,78,48980,78,0.0855848642218206,0.6458557342545355,0.5602708700327149
2021-08-30,Merced,047,269075.0,237875,693,141474,518,85755,171,9806,3,27583,331,134502,335,106919,314,0.1025104524760754,0.4998680665242033,0.3973576140481278
2021-08-30,Modoc,049,8938.0,6188,18,985,10,4783,8,410,0,312,5,3434,5,3122,13,0.0349071380622063,0.3842022823897963,0.34929514432759
2021-08-30,Mono,051,14174.0,16460,22,9085,12,6969,10,345,0,722,6,8689,6,7967,12,0.0509383378016085,0.6130238464794695,0.5620855086778609
2021-08-30,Monterey,053,433212.0,517627,1030,250670,735,244097,262,22193,32,32377,443,284163,475,251786,492,0.0747370802286178,0.6559444336721975,0.5812073534435795
2021-08-30,Napa,055,140530.0,191801,270,101962,194,84170,69,5656,7,11574,93,103751,100,92177,124,0.0823596385113498,0.738283640503807,0.6559240019924572
2021-08-30,Nevada,057,99092.0,111416,251,59796,151,48342,80,3232,20,7221,94,60446,114,53225,119,0.0728716748072498,0.6099987890041577,0.537127114196908
2021-08-30,Orange,059,3164182.0,3967844,8241,2284078,5865,1557211,2086,125347,287,199507,2698,2129422,2985,1929915,4081,0.0630516828677996,0.6729770917096425,0.6099254088418429
2021-08-30,Placer,061,380077.0,452474,1114,262291,803,177794,269,12372,41,22564,384,242142,424,219578,536,0.0593669177561388,0.6370866955906304,0.5777197778344915
2021-08-30,Plumas,063,18699.0,17737,20,2503,10,14055,8,1137,2,895,9,9790,11,8895,9,0.047863522113482,0.5235574094871384,0.4756938873736563
2021-08-30,Riverside,065,2383286.0,2427330,6677,1418164,5036,936321,1454,71734,185,174122,2674,1327331,2855,1153209,3248,0.0730596327927072,0.5569331586725219,0.4838735258798147
2021-08-30,Sacramento,067,1510023.0,1730292,4440,984603,3279,695098,1003,50365,153,97948,1772,933800,1926,835852,2244,0.0648652371520168,0.618401176670819,0.553535939518802
2021-08-30,San Benito,069,59416.0,72872,183,41037,143,28470,40,3259,0,4942,79,40185,79,35243,92,0.0831762488218661,0.6763329742830214,0.5931567254611553
2021-08-30,San Bernardino,071,2135413.0,2020034,5232,1213684,3900,742872,1167,63231,163,140294,2240,1106606,2402,966312,2707,0.0656987664681258,0.5182163824983739,0.452517616030248
2021-08-30,San Diego,073,3302833.0,4310877,8794,2365339,6437,1779062,2111,165352,243,289483,3309,2388287,3894,2098804,4412,0.0876468776956025,0.7231025607410365,0.635455683045434
2021-08-30,San Francisco,075,870044.0,1305183,1702,839631,1271,410760,372,54418,59,43052,571,694371,629,651319,616,0.0494825549052691,0.7980872231749199,0.7486046682696508
2021-08-30,San Joaquin,077,732212.0,777907,2149,448792,1481,303666,640,25403,28,66894,1030,428020,1060,361126,955,0.0913587867994515,0.5845574778889174,0.4931986910894659
2021-08-30,San Luis Obispo,079,281455.0,318554,717,164231,459,141909,219,12281,39,18375,240,172989,278,154614,329,0.0652857472775399,0.614624007390169,0.549338260112629
2021-08-30,San Mateo,081,765935.0,1113195,1558,691048,1120,381315,363,40332,73,43690,484,593694,556,550004,651,0.0570413938519587,0.7751232154164518,0.7180818215644931
2021-08-30,Santa Barbara,083,443738.0,527327,992,309411,663,194702,291,22859,38,34488,331,290164,367,255676,526,0.0777215383852633,0.6539083873817433,0.5761868489964799
2021-08-30,Santa Clara,085,1922200.0,2836623,3781,1834318,2808,893791,869,104796,101,89968,1231,1503254,1325,1413286,1857,0.0468047029445427,0.7820486942045572,0.7352439912600146
2021-08-30,Santa Cruz,087,273765.0,360067,611,176828,417,173238,178,9956,16,15354,190,191154,206,175800,280,0.0560845981042134,0.6982411922634376,0.6421565941592241
2021-08-30,Shasta,089,179085.0,135546,404,61915,243,66468,131,7115,30,12899,191,77350,221,64451,184,0.0720272496300639,0.4319178043945612,0.3598905547644973
2021-08-30,Sierra,091,2930.0,2835,3,291,2,2489,0,51,1,87,1,1476,2,1389,2,0.0296928327645051,0.5037542662116041,0.474061433447099
2021-08-30,Siskiyou,093,43540.0,36336,89,15157,52,20018,35,1126,2,2862,46,20054,48,17192,34,0.0657326596233348,0.4605879650895728,0.3948553054662379
2021-08-30,Solano,095,438530.0,510330,1377,282810,988,213404,352,14071,37,43180,535,282255,572,239075,700,0.0984653273436253,0.6436389756687114,0.5451736483250861
2021-08-30,Sonoma,097,501317.0,672783,1036,376263,686,274684,319,21777,31,31374,307,359981,338,328607,465,0.0625831559671824,0.7180706020342418,0.6554874460670593
2021-08-30,Stanislaus,099,539301.0,523317,1607,301354,1245,203855,343,17796,19,48753,771,289886,791,241133,745,0.090400351566194,0.5375217179274654,0.4471213663612713
2021-08-30,Sutter,101,95872.0,93214,276,39580,161,49336,103,4290,12,7319,124,52003,135,44684,138,0.0763413718291054,0.5424211448598131,0.4660797730307076
2021-08-30,Tehama,103,63373.0,44072,130,16598,59,25739,63,1726,8,3027,61,24304,69,21277,67,0.0477648209805437,0.3835071718239629,0.3357423508434191
2021-08-30,Trinity,105,12862.0,10065,22,2103,17,7302,5,655,0,698,15,5693,15,4995,6,0.0542683874980562,0.4426216762556367,0.3883532887575804
2021-08-30,Tulare,107,460477.0,395604,1216,234901,884,149028,305,11593,27,33714,569,219331,595,185617,586,0.0732153831787472,0.4763126062756663,0.4030972230969191
2021-08-30,Tuolumne,109,53932.0,51314,122,14315,58,35844,62,1150,2,3124,63,27254,65,24130,46,0.0579247941852703,0.5053400578506267,0.4474152636653564
2021-08-30,Ventura,111,848112.0,1042604,2077,561834,1550,443559,465,36815,61,53657,738,562617,799,508960,1066,0.0632664082102363,0.663375827720867,0.6001094195106307
2021-08-30,Yolo,113,214977.0,264169,487,131543,346,124585,137,8005,4,14598,201,142675,205,128077,212,0.0679049386678574,0.6636756490229188,0.5957707103550612
2021-08-30,Yuba,115,75493.0,58074,209,22746,122,31716,76,3595,11,4879,93,33105,104,28226,104,0.0646285086034466,0.4385174784417098,0.3738889698382631
2021-08-29,Alameda,001,1643700.0,2278366,1238,1453519,977,712212,254,111882,7,87814,422,1230461,429,1142647,609,0.0534245908620794,0.7485922005232098,0.6951676096611303
2021-08-29,Alpine,003,1148.0,1486,1,42,0,1438,1,6,0,88,0,781,0,693,0,0.0766550522648083,0.6803135888501742,0.6036585365853658
2021-08-29,Amador,005,37829.0,38069,22,10614,13,26077,9,1377,0,3371,12,20897,12,17526,8,0.0891115281926564,0.5524068836078141,0.4632953554151577
2021-08-29,Butte,007,227075.0,194626,203,95196,146,91449,56,7960,1,12198,102,106756,103,94558,87,0.0537179346031047,0.4701354178134977,0.416417483210393
2021-08-29,Calaveras,009,45235.0,43928,51,18550,37,24066,12,1310,2,2789,28,23504,30,20715,19,0.0616557975019343,0.5195976566817729,0.4579418591798386
2021-08-29,Colusa,011,21464.0,21060,45,5527,27,14554,18,968,0,1638,20,11781,20,10143,25,0.0763138278046962,0.5488725307491614,0.4725587029444651
2021-08-29,Contra Costa,013,1133247.0,1592811,1194,1073156,960,467398,229,51901,5,55965,408,844862,412,788897,589,0.0493846443008452,0.7455232619190697,0.6961386176182245
2021-08-29,Del Norte,015,27424.0,21173,22,7760,8,12141,14,1231,0,1946,11,12012,11,10066,5,0.0709597432905484,0.4380105017502917,0.3670507584597433
2021-08-29,El Dorado,017,186661.0,204320,175,98859,124,97485,45,7950,6,11413,68,111171,74,99758,90,0.0611429275531578,0.5955770085877607,0.5344340810346029
2021-08-29,Fresno,019,978130.0,978130,1136,530865,849,411077,273,35694,14,75644,498,540891,512,465247,575,0.0773353235255027,0.552984777074622,0.4756494535491192
2021-08-29,Glenn,021,27897.0,24444,36,10366,35,12740,1,1318,0,1423,24,13526,24,12103,11,0.0510090690755278,0.4848550023299996,0.4338459332544718
2021-08-29,Humboldt,023,135768.0,151361,164,76641,133,66848,26,7743,5,8833,78,83249,83,74416,67,0.0650595132873725,0.6131709975841141,0.5481114842967415
2021-08-29,Imperial,025,180216.0,247852,138,125843,105,106241,29,15731,4,26374,84,144167,89,117793,51,0.1463466062946686,0.7999678163981001,0.6536212101034314
2021-08-29,Inyo,027,18085.0,18980,1,7106,1,11156,0,564,0,944,0,10131,0,9187,1,0.0521979541056123,0.5601880011058888,0.5079900470002765
2021-08-29,Kern,029,883053.0,739570,955,388873,705,317340,241,33141,9,63445,483,415588,492,352143,440,0.0718473296619795,0.4706263383964496,0.3987790087344701
2021-08-29,Kings,031,150075.0,104197,222,49571,169,49457,45,5129,8,9701,130,59288,138,49587,83,0.0646410128269198,0.395055805430618,0.3304147926036981
2021-08-29,Lake,033,64148.0,59012,27,18758,17,37417,10,2834,0,4286,16,32909,16,28623,9,0.0668142420652241,0.5130167737107938,0.4462025316455696
2021-08-29,Lassen,035,31185.0,13051,22,1888,7,10014,10,1135,5,913,8,7506,13,6593,13,0.0292768959435626,0.2406926406926406,0.2114157447490781
2021-08-29,Los Angeles,037,10098052.0,12237691,10986,6809858,8005,4945435,2829,478098,149,756598,4046,6687350,4193,5930752,5496,0.0749251439782643,0.6622415887737556,0.5873164447954913
2021-08-29,Madera,039,155013.0,135747,105,71480,79,58620,25,5561,1,10188,37,75203,38,65015,62,0.0657235199628418,0.48513995600369,0.4194164360408481
2021-08-29,Marin,041,260295.0,400786,182,253655,118,134307,64,12803,0,13372,55,210714,55,197342,50,0.0513724812232274,0.809519967728923,0.7581474865056954
2021-08-29,Mariposa,043,17540.0,14318,7,3193,5,10508,2,595,0,2558,4,8650,4,6092,2,0.1458380843785632,0.4931584948688711,0.3473204104903079
2021-08-29,Mendocino,045,87422.0,102632,92,56380,51,42678,40,3563,1,7482,39,56384,40,48902,39,0.0855848642218206,0.6449635103292077,0.5593786461073872
2021-08-29,Merced,047,269075.0,237182,249,140956,183,85584,66,9803,0,27562,114,134167,114,106605,129,0.1024324073213788,0.4986230604849949,0.396190653163616
2021-08-29,Modoc,049,8938.0,6170,0,975,0,4775,0,410,0,320,0,3429,0,3109,0,0.0358021928843141,0.3836428731259789,0.3478406802416648
2021-08-29,Mono,051,14174.0,16438,0,9073,0,6959,0,345,0,728,0,8683,0,7955,0,0.0513616480880485,0.6126005361930295,0.5612388881049809
2021-08-29,Monterey,053,433212.0,516597,395,249935,264,243835,127,22161,4,32394,171,283688,175,251294,194,0.0747763219855405,0.6548479728170041,0.5800716508314636
2021-08-29,Napa,055,140530.0,191531,84,101768,64,84101,18,5649,2,11598,36,103651,38,92053,39,0.082530420550772,0.7375720486728813,0.6550416281221092
2021-08-29,Nevada,057,99092.0,111165,68,59645,37,48262,30,3212,1,7226,32,60332,33,53106,25,0.0729221329673434,0.6088483429540226,0.5359262099866791
2021-08-29,Orange,059,3164182.0,3959603,4117,2278213,3014,1555125,1063,125060,40,200603,1484,2126437,1525,1925834,1914,0.0633980599093225,0.6720337199314073,0.6086356600220847
2021-08-29,Placer,061,380077.0,451360,456,261488,333,177525,119,12331,4,22676,164,241718,168,219042,243,0.0596615948873517,0.6359711321653244,0.5763095372779726
2021-08-29,Plumas,063,18699.0,17717,8,2493,8,14047,0,1135,0,893,4,9779,4,8886,4,0.0477565645221669,0.5229691427349056,0.4752125782127386
2021-08-29,Riverside,065,2383286.0,2420653,2968,1413128,2403,934867,538,71549,26,174515,1298,1324476,1324,1149961,1458,0.0732245311725072,0.5557352327836441,0.4825107016111369
2021-08-29,Sacramento,067,1510023.0,1725852,1660,981324,1192,694095,433,50212,35,98266,796,931874,829,833608,759,0.0650758299708017,0.6171256994098765,0.5520498694390747
2021-08-29,San Benito,069,59416.0,72689,50,40894,30,28430,20,3259,0,4955,20,40106,20,35151,28,0.0833950451056954,0.6750033660966743,0.5916083209909788
2021-08-29,San Bernardino,071,2135413.0,2014802,2404,1209784,1890,741705,501,63068,11,140599,1072,1104204,1082,963605,1244,0.0658415959816672,0.5170915415425493,0.4512499455608821
2021-08-29,San Diego,073,3302833.0,4302083,3864,2358902,2820,1776951,930,165109,114,290001,1549,2384393,1880,2094392,1951,0.0878037127520525,0.7219235728842481,0.6341198601321956
2021-08-29,San Francisco,075,870044.0,1303481,600,838360,471,410388,127,54359,2,43039,205,693742,207,650703,219,0.0494676131322094,0.7973642712322595,0.7478966581000501
2021-08-29,San Joaquin,077,732212.0,775758,996,447311,768,303026,220,25375,8,66789,501,426960,511,360171,461,0.0912153857079643,0.5831098097272375,0.4918944240192731
2021-08-29,San Luis Obispo,079,281455.0,317837,265,163772,179,141690,86,12242,0,18426,92,172711,92,154285,107,0.0654669485352898,0.61363628288714,0.5481693343518502
2021-08-29,San Mateo,081,765935.0,1111637,712,689928,523,380952,171,40259,18,43785,232,593138,251,549353,327,0.0571654252645459,0.7743973052543623,0.7172318799898164
2021-08-29,Santa Barbara,083,443738.0,526335,594,308748,471,194411,119,22821,3,34647,248,289797,251,255150,275,0.0780798579341863,0.6530813227625311,0.5750014648283447
2021-08-29,Santa Clara,085,1922200.0,2832842,1561,1831510,1198,892922,328,104695,35,90500,578,1501929,615,1411429,726,0.0470814691499323,0.781359379877224,0.7342779107272916
2021-08-29,Santa Cruz,087,273765.0,359456,270,176411,175,173060,89,9940,6,15428,82,190948,88,175520,126,0.0563549029276934,0.6974887220791555,0.6411338191514621
2021-08-29,Shasta,089,179085.0,135142,182,61672,123,66337,59,7085,0,12862,94,77129,94,64267,76,0.0718206438283496,0.4306837535248625,0.3588631096965128
2021-08-29,Sierra,091,2930.0,2832,0,289,0,2489,0,50,0,87,0,1474,0,1387,0,0.0296928327645051,0.5030716723549488,0.4733788395904437
2021-08-29,Siskiyou,093,43540.0,36247,17,15105,14,19983,3,1124,0,2848,13,20006,13,17158,4,0.0654111162149747,0.4594855305466238,0.3940744143316491
2021-08-29,Solano,095,438530.0,508953,414,281822,315,213052,95,14034,4,43308,166,281683,170,238375,213,0.0987572115932775,0.6423346179280779,0.5435774063348003
2021-08-29,Sonoma,097,501317.0,671747,362,375577,242,274365,116,21746,4,31501,120,359643,124,328142,152,0.0628364886887937,0.7173963779405047,0.654559889251711
2021-08-29,Stanislaus,099,539301.0,521710,766,300109,604,203512,158,17777,4,48707,394,289095,398,240388,348,0.0903150559705989,0.5360550045336463,0.4457399485630473
2021-08-29,Sutter,101,95872.0,92938,157,39419,129,49233,28,4278,0,7322,52,51868,52,44546,99,0.0763726635514018,0.5410130173564753,0.4646403538050734
2021-08-29,Tehama,103,63373.0,43942,62,16539,32,25676,22,1718,8,3025,31,24235,39,21210,31,0.0477332617991889,0.382418380067221,0.3346851182680321
2021-08-29,Trinity,105,12862.0,10043,2,2086,2,7297,0,655,0,689,1,5678,1,4989,1,0.0535686518426372,0.4414554501632716,0.3878867983206344
2021-08-29,Tulare,107,460477.0,394388,552,234017,406,148723,142,11566,4,33705,256,218736,260,185031,270,0.0731958382286194,0.4750204679061061,0.4018246296774866
2021-08-29,Tuolumne,109,53932.0,51192,37,14257,25,35782,12,1148,0,3105,23,27189,23,24084,12,0.0575724987020692,0.5041348364607283,0.446562337758659
2021-08-29,Ventura,111,848112.0,1040527,886,560284,669,443094,200,36754,17,53924,356,561818,373,507894,409,0.0635812251212104,0.6624337351670534,0.5988525100458431
2021-08-29,Yolo,113,214977.0,263682,156,131197,101,124448,53,8001,2,14605,67,142470,69,127865,71,0.0679375002907287,0.6627220586388312,0.5947845583481024
2021-08-29,Yuba,115,75493.0,57865,104,22624,77,31640,25,3584,2,4879,56,33001,58,28122,47,0.0646285086034466,0.4371398672724623,0.3725113586690157
2021-08-28,Alameda,001,1643700.0,2277128,2702,1452542,2146,711958,507,111875,49,87994,945,1230032,989,1142038,1294,0.0535340998965748,0.748331203990996,0.6947971040944211
2021-08-28,Alpine,003,1148.0,1485,0,42,0,1437,0,6,0,88,0,781,0,693,0,0.0766550522648083,0.6803135888501742,0.6036585365853658
2021-08-28,Amador,005,37829.0,38047,37,10601,15,26068,19,1377,3,3367,15,20885,19,17518,20,0.0890057892093367,0.5520896666578551,0.4630838774485183
2021-08-28,Butte,007,227075.0,194423,285,95050,211,91393,69,7959,5,12182,130,106653,135,94471,129,0.0536474733017725,0.4696818231861719,0.4160343498843994
2021-08-28,Calaveras,009,45235.0,43877,70,18513,33,24054,37,1308,0,2778,27,23474,27,20696,33,0.0614126229689399,0.5189344534099701,0.4575218304410302
2021-08-28,Colusa,011,21464.0,21015,48,5500,35,14536,13,968,0,1643,22,11761,22,10118,21,0.0765467759970182,0.5479407379798733,0.471393961982855
2021-08-28,Contra Costa,013,1133247.0,1591617,1747,1072196,1423,467169,289,51896,35,56142,601,844450,636,788308,828,0.0495408326693121,0.7451597048128078,0.6956188721434956
2021-08-28,Del Norte,015,27424.0,21151,48,7752,20,12127,24,1231,4,1940,22,12001,26,10061,19,0.0707409568261377,0.4376093932322054,0.3668684364060677
2021-08-28,El Dorado,017,186661.0,204145,237,98735,169,97440,63,7944,5,11429,103,111097,108,99668,107,0.0612286444409919,0.595180567981528,0.533951923540536
2021-08-28,Fresno,019,978130.0,976994,2476,530016,2008,410804,437,35680,30,75707,1165,540379,1197,464672,1177,0.0773997321419443,0.5524613292711603,0.475061597129216
2021-08-28,Glenn,021,27897.0,24408,46,10331,44,12739,2,1318,0,1410,28,13502,28,12092,18,0.0505430691472201,0.483994694770047,0.4334516256228268
2021-08-28,Humboldt,023,135768.0,151197,257,76508,207,66822,41,7738,9,8817,110,83166,118,74349,125,0.0649416651935654,0.6125596605974898,0.5476179954039243
2021-08-28,Imperial,025,180216.0,247714,323,125738,252,106212,68,15727,3,26336,182,144078,186,117742,134,0.1461357482132552,0.7994739645758423,0.6533382163625872
2021-08-28,Inyo,027,18085.0,18979,15,7105,8,11156,7,564,0,945,5,10131,5,9186,9,0.0522532485485208,0.5601880011058888,0.507934752557368
2021-08-28,Kern,029,883053.0,738615,1894,388168,1438,317099,419,33132,37,63393,948,415096,985,351703,908,0.0717884430492847,0.4700691804455678,0.3982807373962831
2021-08-28,Kings,031,150075.0,103975,253,49402,193,49412,57,5121,3,9646,107,59150,110,49504,139,0.0642745294019656,0.3941362652007329,0.3298617357987672
2021-08-28,Lake,033,64148.0,58985,90,18741,64,37407,25,2834,1,4279,47,32893,48,28614,39,0.0667051194113612,0.5127673505019642,0.446062231090603
2021-08-28,Lassen,035,31185.0,13029,28,1881,10,10004,14,1130,4,913,13,7493,17,6580,15,0.0292768959435626,0.2402757736091069,0.2109988776655443
2021-08-28,Los Angeles,037,10098052.0,12226705,21810,6801853,16271,4942606,4985,477949,550,757901,8197,6683157,8727,5925256,11369,0.07505417876636,0.6618263601732295,0.5867721814068694
2021-08-28,Madera,039,155013.0,135642,355,71401,305,58595,47,5560,3,10212,165,75165,168,64953,182,0.0658783456871359,0.4848948152735577,0.4190164695864218
2021-08-28,Marin,041,260295.0,400604,1026,253537,641,134243,353,12803,32,13367,164,210659,196,197292,186,0.0513532722487946,0.8093086690101615,0.7579553967613669
2021-08-28,Mariposa,043,17540.0,14311,14,3188,13,10506,1,595,0,2556,8,8646,8,6090,6,0.1457240592930444,0.4929304446978335,0.347206385404789
2021-08-28,Mendocino,045,87422.0,102540,82,56329,48,42638,33,3562,1,7481,40,56344,41,48863,36,0.0855734254535471,0.6445059595982705,0.5589325341447233
2021-08-28,Merced,047,269075.0,236933,570,140773,463,85518,104,9803,3,27577,259,134053,262,106476,298,0.1024881538604478,0.4981993867880702,0.3957112329276224
2021-08-28,Modoc,049,8938.0,6170,7,975,3,4775,3,410,1,320,5,3429,6,3109,2,0.0358021928843141,0.3836428731259789,0.3478406802416648
2021-08-28,Mono,051,14174.0,16438,9,9073,4,6959,5,345,0,728,3,8683,3,7955,1,0.0513616480880485,0.6126005361930295,0.5612388881049809
2021-08-28,Monterey,053,433212.0,516202,868,249671,662,243708,198,22157,8,32413,444,283513,451,251100,388,0.0748201804197483,0.6544440135545645,0.5796238331348162
2021-08-28,Napa,055,140530.0,191447,167,101704,130,84083,34,5647,3,11599,60,103613,63,92014,71,0.0825375364690813,0.7373016437771295,0.6547641073080481
2021-08-28,Nevada,057,99092.0,111097,98,59608,60,48232,35,3211,3,7218,42,60299,45,53081,45,0.0728413999111936,0.6085153190974044,0.5356739191862108
2021-08-28,Orange,059,3164182.0,3955486,6284,2275199,4580,1554062,1573,125020,131,200992,2446,2124912,2573,1923920,3010,0.0635209984760674,0.6715517628252736,0.6080307643492062
2021-08-28,Placer,061,380077.0,450904,666,261155,475,177406,174,12327,17,22751,261,241550,277,218799,330,0.0598589233234318,0.6355291164685051,0.5756701931450733
2021-08-28,Plumas,063,18699.0,17709,14,2485,8,14047,6,1135,0,893,2,9775,2,8882,7,0.0477565645221669,0.5227552275522755,0.4749986630301085
2021-08-28,Riverside,065,2383286.0,2417685,5118,1410725,4048,934329,999,71523,71,174649,2056,1323152,2129,1148503,2690,0.0732807560653652,0.5551796972751067,0.4818989412097415
2021-08-28,Sacramento,067,1510023.0,1724192,3139,980132,2245,693662,806,50177,88,98196,1274,931045,1364,832849,1579,0.0650294730610063,0.6165767011495852,0.5515472280885788
2021-08-28,San Benito,069,59416.0,72639,127,40864,100,28410,22,3259,5,4963,58,40086,62,35123,65,0.0835296889726673,0.6746667564292447,0.5911370674565773
2021-08-28,San Bernardino,071,2135413.0,2012398,4392,1207894,3548,741204,783,63057,61,140761,1877,1103122,1938,962361,2337,0.0659174595265646,0.5165848479895927,0.450667388463028
2021-08-28,San Diego,073,3302833.0,4298219,6443,2356082,4863,1776021,1393,164995,184,290072,2636,2382513,3112,2092441,3294,0.0878252094489791,0.7213543645712636,0.6335291551222844
2021-08-28,San Francisco,075,870044.0,1302881,1242,837889,948,410261,236,54357,58,43051,430,693535,483,650484,482,0.0494814055381107,0.7971263522304619,0.7476449466923512
2021-08-28,San Joaquin,077,732212.0,774762,1472,446543,1140,302806,311,25367,21,66739,654,426449,676,359710,758,0.0911470994739228,0.5824119244153333,0.4912648249414104
2021-08-28,San Luis Obispo,079,281455.0,317572,440,163593,309,141604,129,12242,2,18441,160,172619,162,154178,207,0.0655202430228633,0.6133094100300226,0.5477891670071592
2021-08-28,San Mateo,081,765935.0,1110925,1231,689405,952,380781,248,40241,30,43861,377,592887,405,549026,601,0.0572646503946157,0.7740696012063687,0.716804950811753
2021-08-28,Santa Barbara,083,443738.0,525741,684,308277,508,194292,165,22818,11,34671,257,289546,269,254875,339,0.0781339439038351,0.6525156736632878,0.5743817297594527
2021-08-28,Santa Clara,085,1922200.0,2831281,2877,1830312,2108,892594,683,104660,84,90611,1028,1501314,1111,1410703,1394,0.0471392154822599,0.7810394339818958,0.7339002184996358
2021-08-28,Santa Cruz,087,273765.0,359186,343,176236,262,172971,80,9934,1,15466,132,190860,133,175394,148,0.0564937081073183,0.6971672785052874,0.640673570397969
2021-08-28,Shasta,089,179085.0,134960,256,61549,160,66278,96,7085,0,12844,120,77035,120,64191,126,0.0717201328977859,0.4301588631096965,0.3584387302119105
2021-08-28,Sierra,091,2930.0,2832,0,289,0,2489,0,50,0,87,0,1474,0,1387,0,0.0296928327645051,0.5030716723549488,0.4733788395904437
2021-08-28,Siskiyou,093,43540.0,36230,36,15091,19,19980,16,1124,1,2839,20,19993,21,17154,15,0.0652044097381717,0.4591869545245751,0.3939825447864033
2021-08-28,Solano,095,438530.0,508539,689,281507,465,212957,218,14030,6,43351,243,281513,249,238162,291,0.0988552664583951,0.6419469591590085,0.5430916927006134
2021-08-28,Sonoma,097,501317.0,671385,1034,375335,792,274249,221,21742,21,31529,332,359519,353,327990,504,0.0628923415722985,0.7171490294564118,0.6542566878841133
2021-08-28,Stanislaus,099,539301.0,520944,1073,299505,837,203354,202,17773,34,48657,473,288697,506,240040,556,0.0902223433666913,0.5353170122065414,0.4450946688398501
2021-08-28,Sutter,101,95872.0,92781,183,39290,125,49205,57,4278,1,7369,79,51816,80,44447,94,0.0768629005340453,0.5404706275033377,0.4636077269692923
2021-08-28,Tehama,103,63373.0,43880,75,16507,43,25654,30,1710,2,3017,39,24196,41,21179,36,0.0476070250737695,0.3818029760308017,0.3341959509570322
2021-08-28,Trinity,105,12862.0,10041,6,2084,6,7297,0,655,0,689,2,5677,2,4988,4,0.0535686518426372,0.441377701757114,0.3878090499144767
2021-08-28,Tulare,107,460477.0,393836,1442,233611,1204,148581,219,11562,19,33715,740,218476,759,184761,655,0.0732175548398725,0.4744558360135251,0.4012382811736525
2021-08-28,Tuolumne,109,53932.0,51155,50,14232,25,35770,24,1148,1,3094,16,27166,17,24072,31,0.0573685381591633,0.5037083735073796,0.4463398353482162
2021-08-28,Ventura,111,848112.0,1039641,1650,559615,1236,442894,368,36737,46,53960,619,561445,664,507485,800,0.0636236723451619,0.6619939347633331,0.5983702624181712
2021-08-28,Yolo,113,214977.0,263526,301,131096,181,124395,110,7999,10,14607,117,142401,126,127794,140,0.0679468036115491,0.6624010940705285,0.5944542904589794
2021-08-28,Yuba,115,75493.0,57761,163,22547,109,31615,51,3582,3,4868,68,32943,71,28075,88,0.0644827997297762,0.436371584120382,0.3718887843906057
2021-08-27,Alameda,001,1643700.0,2274426,4504,1450396,3599,711451,785,111826,116,88299,1591,1229043,1706,1140744,2305,0.0537196568716919,0.7477295126847965,0.6940098558131046
2021-08-27,Alpine,003,1148.0,1485,0,42,0,1437,0,6,0,88,0,781,0,693,0,0.0766550522648083,0.6803135888501742,0.6036585365853658
2021-08-27,Amador,005,37829.0,38010,111,10586,75,26049,32,1374,4,3368,57,20866,61,17498,37,0.0890322239551666,0.5515874064870866,0.4625551825319199
2021-08-27,Butte,007,227075.0,194138,742,94839,502,91324,185,7954,55,12176,331,106518,386,94342,308,0.0536210503137729,0.4690873059561818,0.4154662556424089
2021-08-27,Calaveras,009,45235.0,43807,113,18480,73,24017,31,1308,9,2784,39,23447,49,20663,67,0.0615452636233005,0.5183375704653477,0.4567923068420471
2021-08-27,Colusa,011,21464.0,20967,84,5465,47,14523,32,968,5,1642,37,11739,41,10097,46,0.0765001863585538,0.5469157659336563,0.4704155795751025
2021-08-27,Contra Costa,013,1133247.0,1589870,3728,1070773,3070,466880,570,51861,87,56334,1289,843814,1375,787480,1742,0.0497102573401915,0.74459848559052,0.6948882282503285
2021-08-27,Del Norte,015,27424.0,21103,84,7732,48,12103,29,1227,7,1933,44,11975,51,10042,26,0.0704857059509918,0.4366613185530922,0.3661756126021003
2021-08-27,El Dorado,017,186661.0,203908,562,98566,394,97377,148,7939,20,11428,189,110989,209,99561,284,0.0612232871355023,0.5946019789886479,0.5333786918531456
2021-08-27,Fresno,019,978130.0,974518,3780,528008,2888,410367,769,35650,122,75687,1603,539182,1724,463495,1914,0.0773792849621216,0.5512375655587703,0.4738582805966487
2021-08-27,Glenn,021,27897.0,24362,127,10287,99,12737,19,1318,9,1400,70,13474,79,12074,57,0.0501846076639065,0.4829910026167688,0.4328063949528623
2021-08-27,Humboldt,023,135768.0,150940,515,76301,319,66781,161,7729,35,8824,184,83048,217,74224,232,0.064993223734606,0.6116905309056626,0.5466973071710565
2021-08-27,Imperial,025,180216.0,247391,765,125486,614,106144,130,15724,21,26284,393,143892,412,117608,353,0.1458472055755315,0.7984418697562925,0.6525946641807608
2021-08-27,Inyo,027,18085.0,18964,30,7097,22,11149,8,564,0,949,11,10126,11,9177,17,0.0524744263201548,0.5599115288913464,0.5074371025711916
2021-08-27,Kern,029,883053.0,736721,3649,386730,2595,316680,926,33095,128,63316,1835,414111,1962,350795,1615,0.0717012455651019,0.4689537321089447,0.3972524865438427
2021-08-27,Kings,031,150075.0,103722,511,49209,380,49355,122,5118,9,9675,256,59040,265,49365,237,0.0644677661169415,0.3934032983508246,0.328935532233883
2021-08-27,Lake,033,64148.0,58895,210,18677,95,37382,102,2833,13,4270,66,32845,79,28575,124,0.0665648188563945,0.5120190808754754,0.4454542620190809
2021-08-27,Lassen,035,31185.0,13001,49,1871,21,9990,25,1126,3,911,28,7476,31,6565,20,0.0292127625460958,0.2397306397306397,0.2105178771845438
2021-08-27,Los Angeles,037,10098052.0,12204895,32861,6785582,24237,4937621,7826,477399,787,760543,12442,6674430,13229,5913887,15918,0.0753158133865818,0.6609621340828904,0.5856463206963085
2021-08-27,Madera,039,155013.0,135287,503,71096,382,58548,112,5557,9,10226,241,74997,250,64771,229,0.0659686606929741,0.483811035203499,0.4178423745105249
2021-08-27,Marin,041,260295.0,399578,522,252896,352,133890,154,12771,15,13357,120,210463,133,197106,167,0.0513148542999289,0.8085556772123936,0.7572408229124648
2021-08-27,Mariposa,043,17540.0,14297,38,3175,30,10505,7,595,1,2554,21,8638,22,6084,16,0.1456100342075256,0.4924743443557582,0.3468643101482326
2021-08-27,Mendocino,045,87422.0,102458,480,56281,344,42605,131,3561,5,7476,181,56303,186,48827,232,0.08551623161218,0.6440369700990597,0.5585207384868798
2021-08-27,Merced,047,269075.0,236363,1132,140310,925,85414,197,9800,9,27613,555,133791,568,106178,529,0.1026219455542135,0.4972256805723311,0.3946037350181176
2021-08-27,Modoc,049,8938.0,6163,14,972,5,4772,7,409,2,316,8,3423,10,3107,2,0.0353546654732602,0.382971582009398,0.3476169165361378
2021-08-27,Mono,051,14174.0,16429,76,9069,63,6954,12,345,1,726,41,8680,42,7954,23,0.0512205446592352,0.6123888810498095,0.5611683363905743
2021-08-27,Monterey,053,433212.0,515334,1343,249009,863,243510,453,22149,26,32350,639,283062,666,250712,594,0.07467475508527,0.6534029528267915,0.5787281977415215
2021-08-27,Napa,055,140530.0,191280,320,101574,229,84049,88,5644,3,11607,103,103550,106,91943,139,0.0825944638155554,0.7368533409236462,0.6542588771080908
2021-08-27,Nevada,057,99092.0,110999,248,59548,159,48197,80,3208,9,7218,101,60254,110,53036,105,0.0728413999111936,0.6080611956565616,0.5352197957453679
2021-08-27,Orange,059,3164182.0,3949202,10205,2270619,7605,1552489,2307,124889,291,201429,3701,2122339,3985,1920910,5000,0.0636591068402512,0.6707385984750561,0.6070794916348048
2021-08-27,Placer,061,380077.0,450238,1255,260680,902,177232,295,12310,58,22804,474,241273,533,218469,617,0.059998368751595,0.634800316777916,0.574801948026321
2021-08-27,Plumas,063,18699.0,17695,46,2477,32,14041,10,1135,4,898,18,9773,22,8875,24,0.0480239585004545,0.5226482699609605,0.4746243114605059
2021-08-27,Riverside,065,2383286.0,2412567,9445,1406677,7261,933330,1976,71452,207,175210,3863,1321023,4074,1145813,4596,0.073516145355614,0.5542863928206686,0.4807702474650545
2021-08-27,Sacramento,067,1510023.0,1721053,5112,977887,3738,692856,1171,50089,202,98411,2060,929681,2262,831270,2532,0.0651718549982351,0.6156734036501431,0.5505015486519079
2021-08-27,San Benito,069,59416.0,72512,206,40764,151,28388,50,3254,5,4966,71,40024,76,35058,113,0.0835801804227817,0.6736232664602128,0.5900430860374309
2021-08-27,San Bernardino,071,2135413.0,2008006,7604,1204346,5950,740421,1441,62996,213,141160,3161,1101184,3365,960024,3958,0.066104308627886,0.5156772952117459,0.4495729865838599
2021-08-27,San Diego,073,3302833.0,4291776,10709,2351219,7657,1774628,2712,164811,335,290254,4282,2379401,5010,2089147,5212,0.087880313658002,0.7204121431510464,0.6325318294930443
2021-08-27,San Francisco,075,870044.0,1301639,1839,836941,1320,410025,459,54299,56,43050,595,693052,650,650002,664,0.0494802561709522,0.7965712078929341,0.7470909517219819
2021-08-27,San Joaquin,077,732212.0,773290,2584,445403,1948,302495,594,25346,42,66821,1285,425773,1330,358952,1164,0.0912590888977509,0.5814886945310921,0.4902296056333411
2021-08-27,San Luis Obispo,079,281455.0,317132,772,163284,507,141475,224,12240,40,18486,292,172457,332,153971,327,0.0656801264855838,0.6127338295642287,0.5470537030786449
2021-08-27,San Mateo,081,765935.0,1109694,1592,688453,1181,380533,344,40211,66,44057,509,592482,575,548425,705,0.0575205467826904,0.7735408357106021,0.7160202889279116
2021-08-27,Santa Barbara,083,443738.0,525057,1692,307769,1146,194127,456,22807,90,34741,621,289277,709,254536,772,0.078291694648644,0.651909460086808,0.573617765438164
2021-08-27,Santa Clara,085,1922200.0,2828404,4235,1828204,3102,891911,1021,104576,110,90894,1456,1500203,1565,1409309,1985,0.0472864426178337,0.7804614504213921,0.7331750078035584
2021-08-27,Santa Cruz,087,273765.0,358843,663,175974,444,172891,198,9933,21,15481,261,190727,280,175246,291,0.0565484996255912,0.6966814603766004,0.6401329607510091
2021-08-27,Shasta,089,179085.0,134704,586,61389,408,66182,145,7085,33,12850,301,76915,332,64065,247,0.0717536365413072,0.4294887902392718,0.3577351536979646
2021-08-27,Sierra,091,2930.0,2832,5,289,3,2489,1,50,1,87,2,1474,3,1387,3,0.0296928327645051,0.5030716723549488,0.4733788395904437
2021-08-27,Siskiyou,093,43540.0,36194,116,15072,94,19964,22,1123,0,2833,47,19972,47,17139,59,0.0650666054203031,0.4587046394120349,0.3936380339917317
2021-08-27,Solano,095,438530.0,507850,1427,281042,1137,212739,226,14024,64,43393,625,281264,689,237871,674,0.0989510409778122,0.6413791530796069,0.5424281121017946
2021-08-27,Sonoma,097,501317.0,670351,1504,374543,1111,274028,338,21721,54,31680,493,359166,543,327486,731,0.0631935481940568,0.7164448841750828,0.653251335981026
2021-08-27,Stanislaus,099,539301.0,519871,1885,298668,1312,203152,536,17739,37,48707,939,288191,976,239484,844,0.0903150559705989,0.534378760654996,0.444063704684397
2021-08-27,Sutter,101,95872.0,92598,424,39165,300,49148,102,4277,22,7383,175,51736,197,44353,226,0.0770089285714285,0.5396361815754339,0.4626272530040053
2021-08-27,Tehama,103,63373.0,43805,162,16464,72,25624,81,1708,9,3012,73,24155,82,21143,81,0.0475281271203825,0.3811560128130276,0.3336278856926451
2021-08-27,Trinity,105,12862.0,10035,22,2078,15,7297,6,655,1,691,13,5675,14,4984,8,0.0537241486549525,0.4412222049447986,0.387498056289846
2021-08-27,Tulare,107,460477.0,392394,2162,232407,1684,148362,438,11543,40,33611,1139,217717,1179,184106,934,0.0729917020828401,0.4728075452194137,0.3998158431365736
2021-08-27,Tuolumne,109,53932.0,51105,194,14207,126,35746,60,1147,8,3108,61,27149,71,24041,112,0.0576281243046799,0.5033931617592524,0.4457650374545724
2021-08-27,Ventura,111,848112.0,1037991,2766,558379,2008,442526,650,36691,108,54096,1070,560781,1174,506685,1298,0.0637840285245344,0.6612110192993378,0.5974269907748033
2021-08-27,Yolo,113,214977.0,263225,583,130915,400,124285,163,7989,20,14621,229,142275,249,127654,288,0.0680119268572917,0.6618149848588454,0.5938030580015536
2021-08-27,Yuba,115,75493.0,57598,297,22438,192,31564,95,3579,10,4885,117,32872,127,27987,166,0.0647079861709032,0.4354310995721457,0.3707231134012425
2021-08-26,Alameda,001,1643700.0,2269922,3851,1446797,3090,710666,649,111710,111,88898,1411,1227337,1519,1138439,1791,0.0540840786031514,0.7466916103911906,0.6926075317880391
2021-08-26,Alpine,003,1148.0,1485,0,42,0,1437,0,6,0,88,0,781,0,693,0,0.0766550522648083,0.6803135888501742,0.6036585365853658
2021-08-26,Amador,005,37829.0,37899,95,10511,51,26017,33,1370,11,3344,50,20805,62,17461,36,0.0883977900552486,0.5499748869914616,0.4615770969362129
2021-08-26,Butte,007,227075.0,193396,589,94337,457,91139,108,7899,24,12098,255,106132,279,94034,286,0.0532775514697787,0.4673874270615435,0.4141098755917648
2021-08-26,Calaveras,009,45235.0,43694,119,18407,59,23986,52,1299,8,2802,51,23398,61,20596,51,0.0619431855863822,0.5172543384547363,0.4553111528683541
2021-08-26,Colusa,011,21464.0,20883,40,5418,21,14491,17,963,2,1647,23,11698,25,10051,13,0.0767331345508758,0.5450055907566157,0.4682724562057398
2021-08-26,Contra Costa,013,1133247.0,1586142,3240,1067703,2665,466310,469,51774,104,56701,1252,842439,1354,785738,1399,0.050034105539216,0.7433851578693789,0.6933510523301628
2021-08-26,Del Norte,015,27424.0,21019,124,7684,74,12074,41,1220,8,1908,54,11924,62,10016,43,0.0695740956826137,0.4348016336056009,0.3652275379229872
2021-08-26,El Dorado,017,186661.0,203346,438,98172,300,97229,111,7919,27,11503,183,110780,209,99277,204,0.0616250850472246,0.593482302141315,0.5318572170940904
2021-08-26,Fresno,019,978130.0,970738,2862,525120,2061,409598,709,35528,89,75877,1309,537458,1395,461581,1308,0.0775735331704374,0.5494750186580516,0.4719014854876141
2021-08-26,Glenn,021,27897.0,24235,54,10188,38,12718,12,1309,4,1378,30,13395,34,12017,21,0.0493959924006165,0.4801591568985912,0.4307631644979747
2021-08-26,Humboldt,023,135768.0,150425,326,75982,219,66620,88,7694,19,8839,143,82831,161,73992,123,0.0651037063225502,0.610092216133404,0.5449885098108538
2021-08-26,Imperial,025,180216.0,246626,747,124872,605,106014,128,15703,14,26225,395,143480,409,117255,326,0.1455198206596528,0.7961557242420206,0.6506359035823678
2021-08-26,Inyo,027,18085.0,18934,43,7075,16,11141,27,564,0,955,27,10115,27,9160,13,0.0528061929776057,0.5593032900193531,0.5064970970417473
2021-08-26,Kern,029,883053.0,733072,2640,384135,1902,315754,620,32967,118,62969,1526,412149,1642,349180,1002,0.07130829066885,0.4667318949145748,0.3954236042457247
2021-08-26,Kings,031,150075.0,103211,398,48829,269,49233,123,5109,6,9647,211,58775,217,49128,158,0.0642811927369648,0.3916375145760453,0.3273563218390805
2021-08-26,Lake,033,64148.0,58685,180,18582,78,37280,81,2820,21,4315,76,32766,97,28451,95,0.0672663216312277,0.5107875537818795,0.4435212321506516
2021-08-26,Lassen,035,31185.0,12952,55,1850,42,9965,12,1123,1,900,22,7445,23,6545,29,0.0288600288600288,0.2387365720699054,0.2098765432098765
2021-08-26,Los Angeles,037,10098052.0,12172034,26174,6761345,18704,4929795,6590,476612,864,763232,10275,6661201,11121,5897969,12516,0.0755821023698432,0.6596520794307654,0.5840699770609222
2021-08-26,Madera,039,155013.0,134784,385,70714,268,58436,103,5548,13,10205,174,74747,187,64542,188,0.0658331881842168,0.4821982672421023,0.4163650790578854
2021-08-26,Marin,041,260295.0,399056,578,252544,375,133736,175,12756,28,13391,115,210330,143,196939,181,0.0514454753260723,0.8080447184924797,0.7565992431664074
2021-08-26,Mariposa,043,17540.0,14259,65,3145,35,10498,19,594,11,2548,24,8616,35,6068,35,0.1452679589509692,0.4912200684150513,0.3459521094640821
2021-08-26,Mendocino,045,87422.0,101978,219,55937,129,42474,83,3556,7,7522,99,56117,106,48595,82,0.0860424149527578,0.6419093592002013,0.5558669442474434
2021-08-26,Merced,047,269075.0,235231,962,139385,771,85217,170,9791,21,27574,420,133223,442,105649,479,0.102477004552634,0.4951147449595837,0.3926377404069497
2021-08-26,Modoc,049,8938.0,6149,30,967,13,4765,17,407,0,308,10,3413,10,3105,12,0.0344596106511523,0.3818527634817633,0.3473931528306109
2021-08-26,Mono,051,14174.0,16353,11,9006,4,6942,7,344,0,707,5,8638,5,7931,5,0.0498800620855086,0.6094257090447298,0.5595456469592212
2021-08-26,Monterey,053,433212.0,513991,1160,248146,660,243057,478,22123,21,32278,528,282396,549,250118,482,0.0745085547030091,0.6518655992908784,0.5773570445878692
2021-08-26,Napa,055,140530.0,190960,339,101345,255,83961,76,5641,8,11640,125,103444,133,91804,126,0.0828292891197609,0.7360990535828649,0.6532697644631039
2021-08-26,Nevada,057,99092.0,110751,233,59389,148,48117,73,3199,12,7213,101,60144,113,52931,100,0.0727909417510999,0.6069511161345013,0.5341601743834012
2021-08-26,Orange,059,3164182.0,3938997,7849,2263014,5776,1550182,1830,124598,242,202444,2946,2118354,3183,1915910,3715,0.0639798848485959,0.6694791892501759,0.60549930440158
2021-08-26,Placer,061,380077.0,448983,1086,259778,778,176937,243,12252,63,22888,430,240740,492,217852,474,0.0602193766000047,0.6333979693588404,0.5731785927588358
2021-08-26,Plumas,063,18699.0,17649,48,2445,29,14031,12,1131,7,900,24,9751,30,8851,22,0.0481309160917696,0.521471736456495,0.4733408203647254
2021-08-26,Riverside,065,2383286.0,2403122,6963,1399416,5293,931354,1478,71245,189,175732,3034,1316949,3222,1141217,3176,0.0737351706845087,0.552576988242284,0.4788418175577753
2021-08-26,Sacramento,067,1510023.0,1715941,4415,974149,3233,691685,1010,49887,172,98681,2029,927419,2201,828738,1926,0.0653506602217317,0.6141754132221827,0.548824753000451
2021-08-26,San Benito,069,59416.0,72306,243,40613,202,28338,32,3249,9,5003,108,39948,117,34945,125,0.0842029083075266,0.67234414972398,0.5881412414164535
2021-08-26,San Bernardino,071,2135413.0,2000402,5904,1198396,4481,738980,1240,62783,183,141753,2610,1097819,2790,956066,3005,0.0663820066656895,0.5141014876279202,0.4477194809622307
2021-08-26,San Diego,073,3302833.0,4281067,8638,2343562,6276,1771916,2034,164476,323,290456,3544,2374391,4194,2083935,4132,0.08794147327461,0.7188952635510182,0.6309537902764082
2021-08-26,San Francisco,075,870044.0,1299800,1829,835621,1251,409566,458,54243,119,43064,592,692402,697,649338,675,0.0494963473111704,0.7958241192399464,0.746327771928776
2021-08-26,San Joaquin,077,732212.0,770706,2248,443455,1714,301901,512,25304,22,66655,1169,424443,1191,357788,948,0.0910323786007331,0.579672280705588,0.4886399021048548
2021-08-26,San Luis Obispo,079,281455.0,316360,660,162777,349,141251,266,12200,45,18481,228,172125,269,153644,249,0.0656623616563926,0.6115542449059352,0.5458918832495425
2021-08-26,San Mateo,081,765935.0,1108102,1618,687272,1191,380189,347,40145,77,44187,533,591907,608,547720,634,0.0576902739788624,0.7727901192659952,0.7150998452871328
2021-08-26,Santa Barbara,083,443738.0,523365,1086,306623,813,193671,233,22717,39,34804,512,288568,552,253764,409,0.078433670318972,0.650311670400101,0.571878000081129
2021-08-26,Santa Clara,085,1922200.0,2824169,3596,1825102,2586,890890,863,104466,147,91314,1229,1498638,1373,1407324,1652,0.0475049422536676,0.7796472791592967,0.732142336905629
2021-08-26,Santa Cruz,087,273765.0,358180,670,175530,474,172693,176,9912,20,15492,249,190447,269,174955,270,0.0565886800723248,0.6956586853688382,0.6390700052965135
2021-08-26,Shasta,089,179085.0,134118,435,60981,314,66037,96,7052,25,12765,241,76583,266,63818,169,0.071279001591423,0.4276349219644303,0.3563559203730072
2021-08-26,Sierra,091,2930.0,2827,17,286,11,2488,5,49,1,87,7,1471,8,1384,10,0.0296928327645051,0.5020477815699659,0.4723549488054607
2021-08-26,Siskiyou,093,43540.0,36078,110,14978,62,19942,45,1123,3,2845,57,19925,60,17080,40,0.0653422140560404,0.4576251722553973,0.3922829581993569
2021-08-26,Solano,095,438530.0,506423,1431,279905,1015,212513,371,13960,45,43378,616,280575,661,237197,638,0.0989168357923061,0.6398079948920257,0.5408911590997195
2021-08-26,Sonoma,097,501317.0,668847,1321,373432,980,273690,286,21667,55,31868,445,358623,500,326755,611,0.0635685604118751,0.7153617371842567,0.6517931767723816
2021-08-26,Stanislaus,099,539301.0,517986,1705,297356,1192,202616,474,17702,39,48575,872,287215,910,238640,716,0.0900702946962827,0.5325690106267187,0.4424987159304359
2021-08-26,Sutter,101,95872.0,92174,296,38865,179,49046,97,4255,20,7412,151,51539,171,44127,127,0.0773114152202937,0.5375813584779706,0.4602699432576769
2021-08-26,Tehama,103,63373.0,43643,189,16392,117,25543,57,1699,15,3011,74,24073,89,21062,101,0.047512347529705,0.3798620863774793,0.3323497388477743
2021-08-26,Trinity,105,12862.0,10013,27,2063,20,7291,4,654,3,685,13,5661,16,4976,14,0.0532576582180065,0.4401337272585912,0.3868760690405847
2021-08-26,Tulare,107,460477.0,390232,1637,230723,1281,147924,313,11503,42,33366,850,216538,891,183172,726,0.0724596451071389,0.4702471567526717,0.3977875116455328
2021-08-26,Tuolumne,109,53932.0,50911,63,14081,25,35686,34,1139,4,3149,29,27078,34,23929,28,0.0583883408736927,0.5020766891641326,0.4436883482904398
2021-08-26,Ventura,111,848112.0,1035225,2055,556371,1479,441876,478,36583,98,54220,839,559607,937,505387,910,0.0639302356292565,0.6598267681626955,0.595896532533439
2021-08-26,Yolo,113,214977.0,262642,516,130515,388,124122,98,7969,30,14660,227,142026,255,127366,224,0.0681933416132888,0.6606567214167097,0.5924633798034208
2021-08-26,Yuba,115,75493.0,57301,258,22246,162,31469,78,3569,18,4924,132,32745,150,27821,121,0.065224590359371,0.4337488243943147,0.3685242340349436
2021-08-25,Alameda,001,1643700.0,2266071,3136,1443707,2416,710017,637,111599,79,89170,1146,1225818,1222,1136648,1415,0.0542495589219443,0.7457674758167548,0.6915179168948105
2021-08-25,Alpine,003,1148.0,1485,5,42,0,1437,5,6,0,88,0,781,0,693,0,0.0766550522648083,0.6803135888501742,0.6036585365853658
2021-08-25,Amador,005,37829.0,37804,73,10460,42,25984,23,1359,8,3318,29,20743,37,17425,34,0.0877104866636707,0.5483359327500066,0.4606254460863359
2021-08-25,Butte,007,227075.0,192807,695,93880,522,91031,145,7875,28,12105,309,105853,337,93748,311,0.0533083782891115,0.466158758119564,0.4128503798304525
2021-08-25,Calaveras,009,45235.0,43575,123,18348,77,23934,36,1291,10,2792,66,23337,76,20545,42,0.0617221178291146,0.515905825135404,0.4541837073062894
2021-08-25,Colusa,011,21464.0,20843,80,5397,50,14474,29,961,1,1635,47,11673,48,10038,30,0.076174058889303,0.5438408497950056,0.4676667909057025
2021-08-25,Contra Costa,013,1133247.0,1582902,3026,1065038,2503,465841,442,51670,80,56746,1133,841085,1213,784339,1342,0.0500738144464534,0.7421903609716152,0.6921165465251617
2021-08-25,Del Norte,015,27424.0,20895,98,7610,48,12033,39,1212,11,1889,48,11862,59,9973,35,0.0688812718786464,0.4325408401400233,0.3636595682613769
2021-08-25,El Dorado,017,186661.0,202908,439,97872,291,97118,113,7892,35,11498,170,110571,206,99073,207,0.0615982985197764,0.5923626252939821,0.5307643267742056
2021-08-25,Fresno,019,978130.0,967876,3157,523059,2410,408889,659,35439,86,75790,1395,536063,1482,460273,1591,0.0774845879382086,0.5480488278654166,0.470564239927208
2021-08-25,Glenn,021,27897.0,24181,112,10150,95,12706,16,1305,1,1365,54,13361,55,11996,54,0.0489299924723088,0.4789403878553249,0.4300103953830161
2021-08-25,Humboldt,023,135768.0,150099,373,75763,274,66532,72,7675,27,8801,184,82670,210,73869,144,0.0648238170997584,0.6089063696894703,0.5440825525897118
2021-08-25,Imperial,025,180216.0,245879,649,124267,458,105886,159,15689,32,26142,328,143071,360,116929,296,0.1450592622186709,0.7938862254183868,0.6488269631997159
2021-08-25,Inyo,027,18085.0,18891,18,7059,14,11114,4,564,0,941,11,10088,11,9147,3,0.0520320707768869,0.5578103400608239,0.505778269283937
2021-08-25,Kern,029,883053.0,730432,2663,382233,1899,315134,676,32849,88,62329,1447,410507,1532,348178,1107,0.0705835323587598,0.4648724368752498,0.3942889045164899
2021-08-25,Kings,031,150075.0,102813,565,48560,406,49110,141,5103,18,9588,283,58558,301,48970,251,0.063888055972014,0.3901915708812261,0.326303514909212
2021-08-25,Lake,033,64148.0,58505,152,18504,95,37199,52,2799,5,4313,76,32669,80,28356,59,0.067235143730124,0.50927542557835,0.4420402818482259
2021-08-25,Lassen,035,31185.0,12897,68,1808,26,9953,36,1122,6,906,48,7422,54,6516,17,0.029052429052429,0.237999037999038,0.2089466089466089
2021-08-25,Los Angeles,037,10098052.0,12145860,25712,6742641,18677,4923205,6327,475748,696,764627,10249,6650080,10927,5885453,12404,0.0757202478260163,0.6585507779124132,0.5828305300863968
2021-08-25,Madera,039,155013.0,134399,375,70446,258,58333,98,5535,19,10206,163,74560,182,64354,201,0.0658396392560624,0.4809919168069775,0.4151522775509151
2021-08-25,Marin,041,260295.0,398478,500,252169,331,133561,145,12728,24,13429,115,210187,136,196758,163,0.051591463531762,0.8074953418237001,0.755903878291938
2021-08-25,Mariposa,043,17540.0,14194,27,3110,10,10479,15,583,2,2548,15,8581,17,6033,11,0.1452679589509692,0.489224629418472,0.3439566704675028
2021-08-25,Mendocino,045,87422.0,101759,251,55808,159,42391,89,3549,3,7498,93,56011,96,48513,111,0.0857678845141955,0.6406968497632175,0.554928965249022
2021-08-25,Merced,047,269075.0,234269,772,138614,572,85047,187,9770,12,27611,406,132781,418,105170,326,0.1026145126823376,0.4934720802750162,0.3908575675926786
2021-08-25,Modoc,049,8938.0,6119,17,954,3,4748,10,407,4,310,4,3403,8,3093,11,0.0346833743566793,0.3807339449541284,0.3460505705974491
2021-08-25,Mono,051,14174.0,16342,13,9002,8,6935,5,344,0,707,4,8633,4,7926,5,0.0498800620855086,0.6090729504726965,0.5591928883871878
2021-08-25,Monterey,053,433212.0,512831,1576,247486,1175,242579,373,22102,28,32211,744,281847,772,249636,715,0.0743538960139608,0.6505983213761392,0.5762444253621783
2021-08-25,Napa,055,140530.0,190621,333,101090,257,83885,65,5633,11,11633,134,103311,145,91678,111,0.0827794776915961,0.7351526364477335,0.6523731587561374
2021-08-25,Nevada,057,99092.0,110518,212,59241,129,48044,70,3187,13,7200,95,60031,109,52831,84,0.0726597505348565,0.6058107617163848,0.5331510111815283
2021-08-25,Orange,059,3164182.0,3931148,7481,2257238,5433,1548352,1834,124356,213,202976,2885,2115171,3101,1912195,3487,0.064148016770211,0.6684732420575049,0.6043252252872938
2021-08-25,Placer,061,380077.0,447897,1047,259000,766,176694,220,12189,61,22870,433,240248,494,217378,411,0.0601720177753455,0.6321034948181553,0.5719314770428098
2021-08-25,Plumas,063,18699.0,17601,38,2416,26,14019,11,1124,1,892,20,9721,21,8829,18,0.0477030857265094,0.5198673725867693,0.4721642868602599
2021-08-25,Riverside,065,2383286.0,2396159,6873,1394123,5178,929876,1551,71056,142,175686,2991,1313727,3134,1138041,3290,0.0737158696018858,0.5512250732811756,0.4775092036792898
2021-08-25,Sacramento,067,1510023.0,1711526,4466,970916,3273,690675,966,49715,227,98406,1898,925218,2121,826812,2039,0.0651685437903926,0.6127178195299012,0.5475492757395086
2021-08-25,San Benito,069,59416.0,72063,205,40411,165,28306,32,3240,7,5011,76,39831,83,34820,118,0.0843375521744984,0.6703749831695166,0.5860374309950181
2021-08-25,San Bernardino,071,2135413.0,1994498,6119,1193915,4896,737740,1068,62600,153,141968,2798,1095029,2950,953061,3086,0.066482689765399,0.5127949487991316,0.4463122590337325
2021-08-25,San Diego,073,3302833.0,4272429,8945,2337286,6588,1769882,2002,164153,351,290394,3722,2370197,4431,2079803,4274,0.0879227015110966,0.7176254445804556,0.6297027430693589
2021-08-25,San Francisco,075,870044.0,1297971,1551,834370,1137,409108,356,54124,58,43042,505,691705,562,648663,567,0.0494710612336847,0.795023010330512,0.7455519490968273
2021-08-25,San Joaquin,077,732212.0,768458,2230,441741,1707,301389,474,25282,49,66412,1113,423252,1163,356840,920,0.0907005075032914,0.5780457026107193,0.4873451951074279
2021-08-25,San Luis Obispo,079,281455.0,315700,652,162428,390,140985,225,12155,37,18461,237,171856,273,153395,258,0.065591302339628,0.6105984970954504,0.5450071947558224
2021-08-25,San Mateo,081,765935.0,1106484,1566,686081,1182,379842,322,40068,60,44213,541,591299,601,547086,638,0.0577242194180968,0.7719963182254369,0.71427209880734
2021-08-25,Santa Barbara,083,443738.0,522279,1159,305810,879,193438,240,22678,39,34661,520,288016,559,253355,485,0.0781114080831481,0.6490676930981796,0.5709562850150314
2021-08-25,Santa Clara,085,1922200.0,2820573,3820,1822516,2797,890027,881,104319,142,91593,1467,1497265,1606,1405672,1664,0.0476500884403287,0.7789329934450109,0.7312829050046822
2021-08-25,Santa Cruz,087,273765.0,357510,503,175056,331,172517,160,9892,12,15493,217,190178,229,174685,168,0.0565923328402096,0.6946760908078096,0.6380837579676
2021-08-25,Shasta,089,179085.0,133683,426,60667,288,65941,116,7027,22,12668,220,76317,241,63649,190,0.0707373593544964,0.4261495937683223,0.3554122344138258
2021-08-25,Sierra,091,2930.0,2810,14,275,10,2483,2,48,0,89,11,1463,11,1374,1,0.0303754266211604,0.4993174061433447,0.4689419795221843
2021-08-25,Siskiyou,093,43540.0,35968,110,14916,70,19897,32,1120,8,2825,57,19865,65,17040,43,0.0648828663298116,0.456247129076711,0.3913642627468994
2021-08-25,Solano,095,438530.0,504992,1190,278890,973,212142,166,13915,50,43355,553,279914,603,236559,513,0.0988643878411967,0.6383006863840558,0.5394362985428591
2021-08-25,Sonoma,097,501317.0,667526,1298,372452,979,273404,268,21612,51,31979,436,358123,487,326144,606,0.063789977200055,0.7143643642645272,0.6505743870644721
2021-08-25,Stanislaus,099,539301.0,516281,1871,296164,1386,202142,433,17663,50,48381,926,286305,975,237924,800,0.0897105697931211,0.5308816412355994,0.4411710714424783
2021-08-25,Sutter,101,95872.0,91878,293,38686,189,48949,90,4235,14,7368,154,51368,168,44000,119,0.0768524699599466,0.5357977303070761,0.4589452603471295
2021-08-25,Tehama,103,63373.0,43454,186,16275,128,25486,54,1684,4,3023,104,23984,108,20961,72,0.047701702617834,0.3784577028071891,0.3307560001893551
2021-08-25,Trinity,105,12862.0,9986,14,2043,10,7287,4,651,0,683,7,5645,7,4962,7,0.0531021614056911,0.4388897527600684,0.3857875913543772
2021-08-25,Tulare,107,460477.0,388595,1270,229442,936,147611,291,11461,42,33201,675,215647,717,182446,551,0.0721013210214625,0.4683122066900193,0.3962108856685567
2021-08-25,Tuolumne,109,53932.0,50848,98,14056,53,35652,42,1135,3,3143,45,27044,48,23901,45,0.0582770896684714,0.5014462656678781,0.4431691759994066
2021-08-25,Ventura,111,848112.0,1033170,1944,554892,1411,441398,478,36485,54,54193,835,558670,887,504477,821,0.0638984002112928,0.658721961250401,0.594823561039108
2021-08-25,Yolo,113,214977.0,262126,489,130127,362,124024,104,7939,23,14629,199,141771,222,127142,245,0.0680491401405731,0.6594705480121129,0.5914214078715397
2021-08-25,Yuba,115,75493.0,57043,221,22084,131,31391,83,3551,7,4895,124,32595,131,27700,91,0.0648404487833309,0.4317618852079001,0.3669214364245691
2021-08-24,Alameda,001,1643700.0,2262935,3760,1441291,3004,709380,653,111520,103,89363,1411,1224596,1514,1135233,1688,0.0543669769422644,0.7450240311492364,0.6906570542069721
2021-08-24,Alpine,003,1148.0,1480,1,42,1,1432,0,6,0,88,1,781,1,693,0,0.0766550522648083,0.6803135888501742,0.6036585365853658
2021-08-24,Amador,005,37829.0,37731,79,10418,55,25961,16,1351,8,3315,37,20706,47,17391,33,0.0876311824261809,0.5473578471542996,0.4597266647281186
2021-08-24,Butte,007,227075.0,192112,424,93358,275,90886,137,7847,12,12079,218,105516,230,93437,152,0.0531938786744467,0.4646746669602554,0.4114807882858086
2021-08-24,Calaveras,009,45235.0,43452,89,18271,49,23898,39,1281,1,2758,42,23261,43,20503,35,0.0609704874544047,0.5142257101801703,0.4532552227257654
2021-08-24,Colusa,011,21464.0,20763,53,5347,34,14445,19,960,0,1617,31,11625,31,10008,22,0.0753354453969437,0.5416045471487141,0.4662691017517704
2021-08-24,Contra Costa,013,1133247.0,1579876,3498,1062535,2817,465399,548,51590,133,56875,1226,839872,1359,782997,1616,0.0501876466472004,0.7411199853165286,0.690932338669328
2021-08-24,Del Norte,015,27424.0,20797,78,7562,44,11994,26,1201,5,1865,46,11803,51,9938,21,0.0680061260210035,0.4303894399066511,0.3623833138856476
2021-08-24,El Dorado,017,186661.0,202469,454,97581,308,97005,129,7857,17,11499,175,110365,192,98866,207,0.0616036558252661,0.5912590203631182,0.529655364537852
2021-08-24,Fresno,019,978130.0,964719,3043,520649,2362,408230,610,35353,70,75899,1450,534581,1519,458682,1436,0.0775960250682424,0.5465336918405529,0.4689376667723104
2021-08-24,Glenn,021,27897.0,24069,75,10055,54,12690,17,1304,4,1364,46,13306,50,11942,27,0.0488941463239774,0.4769688496971001,0.4280747033731225
2021-08-24,Humboldt,023,135768.0,149726,297,75489,201,66460,87,7648,9,8735,131,82460,140,73725,117,0.0643376937128041,0.6073596134582523,0.5430219197454481
2021-08-24,Imperial,025,180216.0,245230,815,123809,629,105727,169,15657,17,26078,369,142711,387,116633,383,0.1447041328183957,0.7918886225418387,0.647184489723443
2021-08-24,Inyo,027,18085.0,18873,48,7045,40,11110,8,564,0,933,26,10077,26,9144,20,0.051589715233619,0.5572021011888305,0.5056123859552115
2021-08-24,Kern,029,883053.0,727769,2673,380334,1960,314458,645,32761,68,61904,1399,408975,1465,347071,1180,0.0701022475434656,0.4631375466704716,0.3930352991270059
2021-08-24,Kings,031,150075.0,102248,337,48154,254,48969,75,5085,8,9538,167,58257,175,48719,161,0.0635548892220556,0.3881859070464767,0.3246310178244211
2021-08-24,Lake,033,64148.0,58353,251,18409,136,37147,107,2794,8,4292,91,32589,99,28297,145,0.0669077757685352,0.5080283095342022,0.4411205337656669
2021-08-24,Lassen,035,31185.0,12829,24,1782,7,9917,13,1116,4,869,12,7368,16,6499,12,0.0278659611992945,0.2362674362674362,0.2084014750681417
2021-08-24,Los Angeles,037,10098052.0,12120148,26952,6723964,19490,4916878,6586,475052,872,766104,10812,6639153,11669,5873049,13004,0.0758665136602584,0.6574686880202241,0.5816021743599656
2021-08-24,Madera,039,155013.0,134024,410,70188,319,58235,83,5516,8,10225,176,74378,183,64153,207,0.0659622096211285,0.4798178217310806,0.4138556121099521
2021-08-24,Marin,041,260295.0,397978,569,251838,371,133416,180,12704,18,13456,155,210051,173,196595,192,0.0516951919936994,0.8069728577191264,0.7552776657254269
2021-08-24,Mariposa,043,17540.0,14167,16,3100,10,10464,6,581,0,2542,7,8564,7,6022,8,0.1449258836944127,0.4882554161915621,0.3433295324971493
2021-08-24,Mendocino,045,87422.0,101508,329,55649,221,42302,99,3546,9,7513,146,55915,158,48402,151,0.085939466038297,0.639598728008968,0.553659261970671
2021-08-24,Merced,047,269075.0,233497,733,138042,575,84860,149,9758,9,27519,389,132363,398,104844,319,0.1022726005760475,0.4919186100529592,0.3896460094769116
2021-08-24,Modoc,049,8938.0,6102,15,951,6,4738,5,403,4,313,6,3395,10,3082,7,0.0350190199149697,0.3798388901320206,0.3448198702170508
2021-08-24,Mono,051,14174.0,16329,22,8994,9,6930,13,344,0,708,9,8629,9,7921,9,0.0499506137999153,0.6087907436150698,0.5588401298151545
2021-08-24,Monterey,053,433212.0,511255,1044,246311,698,242206,314,22074,32,32154,464,281075,498,248921,483,0.0742223207113376,0.6488162839441197,0.5745939632327821
2021-08-24,Napa,055,140530.0,190288,656,100833,494,83820,142,5622,19,11599,230,103166,249,91567,287,0.0825375364690813,0.7341208282928912,0.6515832918238099
2021-08-24,Nevada,057,99092.0,110306,250,59112,167,47974,71,3174,12,7175,104,59922,116,52747,100,0.0724074597343882,0.6047107738263432,0.532303314091955
2021-08-24,Orange,059,3164182.0,3923667,7826,2251805,5538,1546518,2049,124143,239,203362,2879,2112070,3114,1908708,3740,0.064270007224616,0.6674932099354588,0.6032232027108428
2021-08-24,Placer,061,380077.0,446850,1061,258234,777,176474,244,12128,40,22787,425,239754,464,216967,459,0.0599536409727502,0.6308037581858413,0.570850117213091
2021-08-24,Plumas,063,18699.0,17563,16,2390,9,14008,6,1123,1,889,6,9700,7,8811,9,0.0475426493395368,0.5187443178779614,0.4712016685384245
2021-08-24,Riverside,065,2383286.0,2389286,7463,1388945,5685,928325,1573,70914,203,175842,3202,1310593,3403,1134751,3527,0.0737813254473025,0.5499100821303025,0.4761287566829998
2021-08-24,Sacramento,067,1510023.0,1707060,4479,967643,3387,689709,953,49488,139,98324,1890,923097,2030,824773,2158,0.0651142399817751,0.6113132051631002,0.546198965181325
2021-08-24,San Benito,069,59416.0,71858,137,40246,90,28274,43,3233,4,5046,69,39748,73,34702,63,0.0849266190925003,0.6689780530496836,0.5840514339571833
2021-08-24,San Bernardino,071,2135413.0,1988379,6412,1189019,5053,736672,1155,62447,204,142104,2931,1092079,3134,949975,3194,0.0665463776796338,0.5114134830124196,0.4448671053327857
2021-08-24,San Diego,073,3302833.0,4263484,9337,2330698,6756,1767880,2224,163802,355,290237,3955,2365766,4654,2075529,4432,0.0878751665615548,0.7162838690300115,0.6284087024684566
2021-08-24,San Francisco,075,870044.0,1296420,1757,833233,1260,408752,412,54066,83,43047,615,691143,694,648096,605,0.0494768080694769,0.7943770659874673,0.7449002579179903
2021-08-24,San Joaquin,077,732212.0,766228,2127,440034,1462,300915,603,25233,62,66169,1059,422089,1124,355920,960,0.0903686364058496,0.5764573648069139,0.4860887284010641
2021-08-24,San Luis Obispo,079,281455.0,315048,667,162038,445,140760,189,12118,33,18446,281,171583,313,153137,235,0.0655380078520545,0.6096285374216127,0.5440905295695582
2021-08-24,San Mateo,081,765935.0,1104918,1557,684899,1148,379520,344,40008,63,44250,496,590698,561,546448,609,0.057772526389315,0.7712116563415956,0.7134391299522805
2021-08-24,Santa Barbara,083,443738.0,521120,940,304931,642,193198,257,22639,40,34587,389,287457,430,252870,407,0.0779446430100645,0.6478079407217773,0.5698632977117127
2021-08-24,Santa Clara,085,1922200.0,2816753,4035,1819719,2931,889146,945,104177,158,91651,1434,1495659,1588,1404008,1767,0.047680262199563,0.7780974924565602,0.7304172302569972
2021-08-24,Santa Cruz,087,273765.0,357007,886,174725,635,172357,205,9880,46,15432,279,189949,322,174517,437,0.0563695139992329,0.6938396069621756,0.6374700929629427
2021-08-24,Shasta,089,179085.0,133257,474,60379,297,65825,119,7005,58,12617,243,76076,297,63459,200,0.0704525783845659,0.4248038640868861,0.3543512857023201
2021-08-24,Sierra,091,2930.0,2796,1,265,1,2481,0,48,0,79,0,1452,0,1373,1,0.0269624573378839,0.4955631399317406,0.4686006825938567
2021-08-24,Siskiyou,093,43540.0,35858,104,14846,78,19865,23,1112,3,2803,56,19800,59,16997,45,0.06437758383096,0.4547542489664676,0.3903766651355075
2021-08-24,Solano,095,438530.0,503802,1432,277917,1057,211976,341,13865,34,43265,663,279311,697,236046,623,0.0986591567281599,0.6369256379267096,0.5382664811985497
2021-08-24,Sonoma,097,501317.0,666228,1650,371473,1285,273136,302,21561,63,32098,538,357636,601,325538,827,0.0640273519549506,0.7133929230407108,0.6493655710857601
2021-08-24,Stanislaus,099,539301.0,514410,1593,294778,1280,201709,283,17613,30,48206,887,285330,917,237124,637,0.0893860756794443,0.5290737454594002,0.4396876697799559
2021-08-24,Sutter,101,95872.0,91585,323,38497,206,48859,105,4221,12,7319,174,51200,186,43881,127,0.0763413718291054,0.5340453938584779,0.4577040220293725
2021-08-24,Tehama,103,63373.0,43268,156,16147,91,25432,56,1680,9,2987,100,23876,109,20889,50,0.047133637353447,0.376753507014028,0.329619869660581
2021-08-24,Trinity,105,12862.0,9972,20,2033,9,7283,9,651,2,683,11,5638,13,4955,8,0.0531021614056911,0.4383455139169647,0.3852433525112735
2021-08-24,Tulare,107,460477.0,387325,1311,228506,980,147320,305,11419,25,33035,687,214930,712,181895,580,0.0717408252746608,0.466755125663171,0.3950143003885101
2021-08-24,Tuolumne,109,53932.0,50750,135,14003,78,35610,55,1132,2,3140,84,26996,85,23856,39,0.0582214640658607,0.500556256026107,0.4423347919602462
2021-08-24,Ventura,111,848112.0,1031226,2062,553481,1493,440920,495,36431,72,54127,916,557783,986,503656,870,0.063820580300715,0.6576761088158167,0.5938555285151018
2021-08-24,Yolo,113,214977.0,261637,500,129765,375,123920,119,7916,6,14652,203,141549,209,126897,237,0.0681561283300073,0.6584378794010523,0.5902817510710449
2021-08-24,Yuba,115,75493.0,56822,260,21953,140,31308,104,3544,16,4855,130,32464,146,27609,114,0.0643105983336203,0.4300266249850979,0.3657160266514776
2021-08-23,Alameda,001,1643700.0,2259175,3798,1438287,2857,708727,828,111417,113,89537,1439,1223082,1548,1133545,1704,0.0544728356756099,0.7441029384924256,0.6896301028168157
2021-08-23,Alpine,003,1148.0,1479,1,41,1,1432,0,6,0,87,1,780,1,693,0,0.0757839721254355,0.6794425087108014,0.6036585365853658
2021-08-23,Amador,005,37829.0,37652,83,10363,45,25945,37,1343,1,3301,41,20659,43,17358,34,0.0872610959845621,0.5461154141002934,0.4588543181157313
2021-08-23,Butte,007,227075.0,191688,535,93083,361,90749,146,7835,28,12001,284,105286,312,93285,204,0.0528503798304524,0.4636617857536056,0.4108114059231531
2021-08-23,Calaveras,009,45235.0,43363,97,18222,54,23859,43,1280,0,2750,52,23218,52,20468,34,0.0607936332485906,0.5132751188239195,0.4524814855753288
2021-08-23,Colusa,011,21464.0,20710,69,5313,41,14426,25,960,3,1608,37,11594,40,9986,32,0.074916138650764,0.5401602683563176,0.4652441297055535
2021-08-23,Contra Costa,013,1133247.0,1576378,3265,1059718,2567,464851,620,51457,78,57132,1234,838513,1312,781381,1413,0.0504144286285337,0.7399207763179607,0.689506347689427
2021-08-23,Del Norte,015,27424.0,20719,87,7518,46,11968,28,1196,13,1835,56,11752,69,9917,24,0.0669121936989498,0.4285297549591598,0.36161756126021
2021-08-23,El Dorado,017,186661.0,202015,509,97273,370,96876,123,7840,16,11514,245,110173,261,98659,208,0.0616840154076105,0.590230417709109,0.5285464023014984
2021-08-23,Fresno,019,978130.0,961676,3079,518287,2374,407620,620,35283,83,75816,1525,533062,1609,457246,1377,0.0775111692719781,0.544980728533017,0.4674695592610389
2021-08-23,Glenn,021,27897.0,23994,56,10001,43,12673,8,1300,5,1341,28,13256,33,11915,24,0.0480696849123561,0.4751765422805319,0.4271068573681758
2021-08-23,Humboldt,023,135768.0,149429,289,75288,210,66373,69,7639,10,8712,151,82320,162,73608,107,0.0641682870779565,0.6063284426374403,0.5421601555594838
2021-08-23,Imperial,025,180216.0,244415,586,123180,427,105558,141,15640,18,26074,302,142324,321,116250,275,0.1446819372308785,0.7897411994495495,0.6450592622186709
2021-08-23,Inyo,027,18085.0,18825,18,7005,10,11102,8,564,0,927,8,10051,8,9124,8,0.0512579485761681,0.5557644456732098,0.5045064970970418
2021-08-23,Kern,029,883053.0,725096,2702,378374,1935,313813,683,32693,83,61619,1350,407510,1430,345891,1176,0.0697795036085036,0.461478529601281,0.3916990259927773
2021-08-23,Kings,031,150075.0,101911,436,47900,319,48894,106,5077,11,9524,235,58082,246,48558,190,0.0634616025320673,0.3870198234216225,0.3235582208895552
2021-08-23,Lake,033,64148.0,58102,135,18273,67,37040,59,2786,9,4338,67,32490,76,28152,60,0.0676248674939203,0.5064850034295691,0.4388601359356488
2021-08-23,Lassen,035,31185.0,12805,33,1775,18,9904,15,1112,0,865,26,7352,26,6487,7,0.027737694404361,0.2357543690877024,0.2080166746833413
2021-08-23,Los Angeles,037,10098052.0,12093196,27428,6704474,19620,4910292,6972,474180,821,767439,11406,6627484,12220,5860045,12821,0.0759987173763811,0.656313118609411,0.5803144012330299
2021-08-23,Madera,039,155013.0,133614,275,69869,199,58152,71,5508,5,10249,132,74195,137,63946,121,0.0661170353454226,0.4786372755833382,0.4125202402379155
2021-08-23,Marin,041,260295.0,397409,620,251467,409,133236,185,12686,26,13475,159,209878,185,196403,202,0.0517681860965443,0.8063082272037496,0.7545400411072053
2021-08-23,Mariposa,043,17540.0,14151,22,3090,12,10458,10,581,0,2543,10,8557,10,6014,10,0.1449828962371721,0.4878563283922463,0.3428734321550741
2021-08-23,Mendocino,045,87422.0,101179,154,55428,96,42203,56,3537,2,7506,67,55757,69,48251,55,0.0858593946603829,0.6377914026217657,0.5519320079613828
2021-08-23,Merced,047,269075.0,232764,812,137467,622,84711,175,9749,14,27440,428,131965,443,104525,359,0.1019790021369506,0.4904394685496608,0.3884604664127102
2021-08-23,Modoc,049,8938.0,6087,5,945,2,4733,3,399,0,310,4,3385,4,3075,0,0.0346833743566793,0.3787200716043857,0.3440366972477064
2021-08-23,Mono,051,14174.0,16307,15,8985,7,6917,6,344,2,708,8,8620,10,7912,6,0.0499506137999153,0.6081557781854099,0.5582051643854946
2021-08-23,Monterey,053,433212.0,510211,952,245613,576,241892,339,22042,37,32139,442,280577,478,248438,422,0.0741876956316999,0.6476667313001486,0.5734790356684487
2021-08-23,Napa,055,140530.0,189632,277,100339,134,83678,130,5603,13,11637,74,102917,87,91280,117,0.0828079413648331,0.732348964633886,0.6495410232690528
2021-08-23,Nevada,057,99092.0,110056,256,58945,165,47903,76,3162,15,7159,108,59806,123,52647,103,0.0722459936220885,0.6035401445121705,0.5312941508900819
2021-08-23,Orange,059,3164182.0,3915841,8543,2246267,6124,1544469,2085,123904,332,203988,3293,2108956,3623,1904968,4076,0.0644678466662157,0.6665090693266064,0.6020412226603906
2021-08-23,Placer,061,380077.0,445789,1199,257457,862,176230,272,12088,65,22782,509,239290,573,216508,489,0.0599404857436782,0.6295829529279593,0.5696424671842811
2021-08-23,Plumas,063,18699.0,17547,20,2381,13,14002,2,1122,5,891,12,9693,17,8802,7,0.0476496069308519,0.5183699663083587,0.4707203593775068
2021-08-23,Riverside,065,2383286.0,2381823,7336,1383260,5476,926752,1674,70711,184,175966,3334,1307190,3520,1131224,3315,0.0738333544526338,0.5484822216049605,0.4746488671523267
2021-08-23,Sacramento,067,1510023.0,1702581,4740,964256,3397,688756,1163,49349,180,98452,2073,921067,2251,822615,2105,0.0651990069025438,0.6099688547790332,0.5447698478764893
2021-08-23,San Benito,069,59416.0,71721,148,40156,101,28231,40,3229,7,5036,66,39675,73,34639,77,0.0847583142587855,0.6677494277635654,0.5829911135047798
2021-08-23,San Bernardino,071,2135413.0,1981967,5949,1183966,4462,735517,1337,62243,150,142164,2601,1088945,2748,946781,3064,0.0665744752888551,0.5099458512240957,0.4433713759352406
2021-08-23,San Diego,073,3302833.0,4254147,9346,2323942,6833,1765656,2194,163447,313,290015,3948,2361112,4633,2071097,4368,0.087807951537362,0.7148747756849952,0.6270668241476333
2021-08-23,San Francisco,075,870044.0,1294663,2062,831973,1507,408340,467,53983,85,42958,776,690449,857,647491,672,0.0493745143923755,0.7935794051795082,0.7442048907871326
2021-08-23,San Joaquin,077,732212.0,764101,2371,438572,1689,300312,634,25171,48,66005,1270,420965,1317,354960,998,0.0901446575581935,0.5749222902656608,0.4847776327074672
2021-08-23,San Luis Obispo,079,281455.0,314381,670,161593,441,140571,198,12085,31,18368,259,171270,290,152902,273,0.0652608765166723,0.6085164591142456,0.5432555825975733
2021-08-23,San Mateo,081,765935.0,1103361,1513,683751,1052,379176,394,39945,67,44298,564,590137,630,545839,556,0.0578351948925169,0.7704792182104225,0.7126440233179056
2021-08-23,Santa Barbara,083,443738.0,520180,966,304289,701,192941,236,22599,28,34564,382,287027,409,252463,454,0.0778928106224844,0.646838900432237,0.5689460898097526
2021-08-23,Santa Clara,085,1922200.0,2812718,3643,1816788,2702,888201,840,104019,101,91830,1349,1494071,1449,1402241,1582,0.0477733846634065,0.7772713557382166,0.7294979710748101
2021-08-23,Santa Cruz,087,273765.0,356121,541,174090,348,172152,171,9834,22,15547,220,189627,241,174080,200,0.0567895823059923,0.6926634157032492,0.6358738333972568
2021-08-23,Shasta,089,179085.0,132783,450,60082,243,65706,147,6947,60,12520,212,75779,271,63259,200,0.0699109361476394,0.423145433732585,0.3532344975849457
2021-08-23,Sierra,091,2930.0,2795,8,264,7,2481,0,48,1,80,4,1452,5,1372,4,0.0273037542662116,0.4955631399317406,0.468259385665529
2021-08-23,Siskiyou,093,43540.0,35754,65,14768,30,19842,27,1109,8,2789,33,19741,41,16952,21,0.0640560404225999,0.4533991731740928,0.3893431327514929
2021-08-23,Solano,095,438530.0,502370,1431,276860,984,211635,398,13831,49,43191,655,278614,704,235423,579,0.0984904111463297,0.6353362369735251,0.5368458258271954
2021-08-23,Sonoma,097,501317.0,664578,840,370188,586,272834,233,21498,21,32324,352,357035,372,324711,323,0.0644781645146683,0.712194080791196,0.6477159162765276
2021-08-23,Stanislaus,099,539301.0,512817,1668,293498,1213,201426,423,17583,32,47926,953,284413,987,236487,629,0.0888668850975614,0.5273733963037339,0.4385065112061724
2021-08-23,Sutter,101,95872.0,91262,314,38291,179,48754,124,4209,11,7260,149,51014,160,43754,144,0.0757259679572763,0.5321053070761015,0.4563793391188251
2021-08-23,Tehama,103,63373.0,43112,89,16056,34,25376,50,1671,5,2928,62,23767,67,20839,19,0.0462026415034794,0.3750335316301895,0.3288308901267101
2021-08-23,Trinity,105,12862.0,9952,26,2024,20,7274,3,649,3,678,9,5625,12,4947,17,0.0527134193749028,0.4373347846369149,0.3846213652620121
2021-08-23,Tulare,107,460477.0,386014,1224,227526,914,147015,297,11394,13,32903,652,214218,665,181315,534,0.0714541660061197,0.4652089029419493,0.3937547369358296
2021-08-23,Tuolumne,109,53932.0,50615,182,13925,91,35555,88,1130,3,3094,117,26911,121,23817,50,0.0573685381591633,0.4989801972854706,0.4416116591263072
2021-08-23,Ventura,111,848112.0,1029164,2310,551988,1726,440425,533,36359,51,54011,1013,556797,1064,502786,951,0.0636838059124266,0.6565135265153659,0.5928297206029393
2021-08-23,Yolo,113,214977.0,261137,433,129390,289,123801,134,7910,10,14680,181,141340,191,126660,187,0.0682863748214925,0.6574656823753239,0.5891793075538313
2021-08-23,Yuba,115,75493.0,56562,241,21813,127,31204,104,3528,10,4823,131,32318,141,27495,99,0.0638867179738518,0.4280926708436544,0.3642059528698025
2021-08-22,Alameda,001,1643700.0,2255377,1394,1435430,1076,707899,276,111304,41,89693,647,1221534,687,1131841,524,0.0545677435055058,0.7431611607957657,0.6885934172902598
2021-08-22,Alpine,003,1148.0,1478,0,40,0,1432,0,6,0,86,0,779,0,693,0,0.0749128919860627,0.6785714285714286,0.6036585365853658
2021-08-22,Amador,005,37829.0,37569,37,10318,18,25908,15,1342,4,3292,14,20616,20,17324,18,0.0870231832720928,0.5449787200296069,0.4579555367575141
2021-08-22,Butte,007,227075.0,191153,170,92722,117,90603,51,7807,2,11893,100,104974,102,93081,63,0.0523747660464604,0.4622877903776285,0.4099130243311681
2021-08-22,Calaveras,009,45235.0,43266,40,18168,14,23816,21,1280,5,2732,13,23166,18,20434,21,0.060395711285509,0.512125566486128,0.451729855200619
2021-08-22,Colusa,011,21464.0,20641,39,5272,24,14401,14,957,1,1600,27,11554,28,9954,12,0.0745434215430488,0.5382966828177413,0.4637532612746925
2021-08-22,Contra Costa,013,1133247.0,1573113,1109,1057151,925,464231,171,51379,13,57233,492,837201,505,779968,428,0.0505035530647775,0.7387630410669519,0.6882594880021743
2021-08-22,Del Norte,015,27424.0,20632,5,7472,0,11940,5,1183,0,1790,2,11683,2,9893,3,0.0652712952158693,0.4260137106184364,0.3607424154025671
2021-08-22,El Dorado,017,186661.0,201506,179,96903,127,96753,49,7824,3,11461,96,109912,99,98451,66,0.0614000782166601,0.5888321609763153,0.5274320827596553
2021-08-22,Fresno,019,978130.0,958597,1120,515913,846,407000,264,35200,10,75584,523,531453,533,455869,529,0.0772739819860345,0.543335752916279,0.4660617709302444
2021-08-22,Glenn,021,27897.0,23938,24,9958,20,12665,4,1295,0,1332,7,13223,7,11891,16,0.0477470695773739,0.473993619385597,0.4262465498082231
2021-08-22,Humboldt,023,135768.0,149140,140,75078,90,66304,31,7629,18,8657,77,82158,95,73501,54,0.0637631842554946,0.6051352306876436,0.541372046432149
2021-08-22,Imperial,025,180216.0,243829,132,122753,101,105417,29,15622,2,26028,91,142003,93,115975,39,0.1444266879744306,0.787960003551294,0.6435333155768633
2021-08-22,Inyo,027,18085.0,18807,0,6995,0,11094,0,564,0,927,0,10043,0,9116,0,0.0512579485761681,0.5553220901299419,0.5040641415537739
2021-08-22,Kern,029,883053.0,722394,974,376439,748,313130,222,32610,4,61365,502,406080,506,344715,442,0.0694918651541866,0.4598591477521734,0.3903672825979867
2021-08-22,Kings,031,150075.0,101475,229,47581,204,48788,25,5066,0,9468,124,57836,124,48368,100,0.0630884557721139,0.3853806430118274,0.3222921872397135
2021-08-22,Lake,033,64148.0,57967,48,18206,19,36981,29,2777,0,4322,27,32414,27,28092,19,0.0673754442850907,0.5053002431876286,0.4379247989025379
2021-08-22,Lassen,035,31185.0,12772,4,1757,3,9889,0,1112,1,846,2,7326,3,6480,2,0.0271284271284271,0.2349206349206349,0.2077922077922078
2021-08-22,Los Angeles,037,10098052.0,12065768,11182,6684854,7764,4903320,3182,473359,233,768040,4787,6615264,5017,5847224,4914,0.0760582338058865,0.6551029842191345,0.579044750413248
2021-08-22,Madera,039,155013.0,133339,103,69670,76,58081,26,5503,1,10233,62,74058,63,63825,40,0.0660138181958932,0.4777534787404927,0.4117396605445995
2021-08-22,Marin,041,260295.0,396789,268,251058,206,133051,60,12660,2,13492,47,209693,50,196201,59,0.051833496609616,0.805597495149734,0.753763998540118
2021-08-22,Mariposa,043,17540.0,14129,10,3078,6,10448,4,581,0,2543,8,8547,8,6004,1,0.1449828962371721,0.4872862029646522,0.34230330672748
2021-08-22,Mendocino,045,87422.0,101025,48,55332,25,42147,23,3535,0,7492,28,55688,28,48196,15,0.0856992519045549,0.6370021276108988,0.551302875706344
2021-08-22,Merced,047,269075.0,231952,278,136845,179,84536,94,9735,5,27356,155,131522,160,104166,111,0.101666821518164,0.4887930874291554,0.3871262659109913
2021-08-22,Modoc,049,8938.0,6082,0,943,0,4730,0,399,0,306,0,3381,0,3075,0,0.0342358469456254,0.3782725441933318,0.3440366972477064
2021-08-22,Mono,051,14174.0,16292,0,8978,0,6911,0,342,0,704,0,8610,0,7906,0,0.0496684069422887,0.6074502610413433,0.5577818540990546
2021-08-22,Monterey,053,433212.0,509259,383,245037,255,241553,122,22005,1,32083,202,280099,204,248016,147,0.0740584286677192,0.6465633454290278,0.5725049167613085
2021-08-22,Napa,055,140530.0,189355,102,100205,70,83548,30,5590,2,11667,39,102830,41,91163,37,0.0830214189141108,0.7317298797409806,0.6487084608268697
2021-08-22,Nevada,057,99092.0,109800,65,58780,34,47827,31,3147,0,7139,31,59683,31,52544,19,0.0720441609817139,0.6022988737738667,0.5302547127921527
2021-08-22,Orange,059,3164182.0,3907298,3686,2240143,2645,1542384,986,123572,55,204441,1574,2105333,1631,1900892,1620,0.0646110116295459,0.6653640656574116,0.6007530540278656
2021-08-22,Placer,061,380077.0,444590,398,256595,271,175958,113,12023,14,22698,182,238717,196,216019,163,0.0597194778952685,0.6280753636763077,0.5683558857810391
2021-08-22,Plumas,063,18699.0,17527,5,2368,1,14000,4,1117,0,881,5,9676,5,8795,0,0.0471148189742767,0.5174608267821809,0.4703460078079041
2021-08-22,Riverside,065,2383286.0,2374487,2878,1377784,2147,925078,707,70527,23,175761,1381,1303670,1407,1127909,1265,0.0737473387583361,0.547005269195556,0.4732579304372198
2021-08-22,Sacramento,067,1510023.0,1697841,1559,960859,1109,687593,413,49169,37,98306,771,918816,808,820510,698,0.065102319633542,0.6084781490083263,0.5433758293747843
2021-08-22,San Benito,069,59416.0,71573,41,40055,30,28191,11,3222,0,5040,19,39602,19,34562,20,0.0848256361922714,0.6665208024774472,0.5816951662851757
2021-08-22,San Bernardino,071,2135413.0,1976018,2315,1179504,1768,734180,528,62093,19,142480,1114,1086197,1132,943717,1104,0.0667224560307537,0.508658980721762,0.4419365246910082
2021-08-22,San Diego,073,3302833.0,4244801,3827,2317109,2732,1763462,968,163134,127,289750,1688,2356479,2004,2066729,1762,0.0877277173868615,0.7134720405179432,0.6257443231310817
2021-08-22,San Francisco,075,870044.0,1292601,725,830466,573,407873,144,53898,7,42773,321,689592,328,646819,217,0.0491618814680636,0.7925943975247229,0.7434325160566592
2021-08-22,San Joaquin,077,732212.0,761730,902,436883,681,299678,186,25123,35,65686,457,419648,488,353962,404,0.0897089913850087,0.5731236308610075,0.4834146394759988
2021-08-22,San Luis Obispo,079,281455.0,313711,246,161152,180,140373,64,12054,2,18351,105,170980,108,152629,102,0.0652004760974223,0.6074860990211579,0.5422856229237356
2021-08-22,San Mateo,081,765935.0,1101848,812,682699,617,378782,166,39878,29,44224,322,589507,351,545283,323,0.0577385809500806,0.7696566941058968,0.7119181131558161
2021-08-22,Santa Barbara,083,443738.0,519214,734,303588,571,192705,142,22571,21,34609,303,286618,324,252009,362,0.0779942218155758,0.6459171853661395,0.5679229635505636
2021-08-22,Santa Clara,085,1922200.0,2809075,1580,1814086,1133,887361,404,103918,43,91963,606,1492622,648,1400659,670,0.0478425762147539,0.7765175319945895,0.7286749557798357
2021-08-22,Santa Cruz,087,273765.0,355580,276,173742,175,171981,87,9812,14,15506,111,189386,125,173880,105,0.0566398188227129,0.6917830986429967,0.6351432798202838
2021-08-22,Shasta,089,179085.0,132333,150,59839,97,65559,53,6887,0,12449,96,75508,96,63059,46,0.0695144763659714,0.4216321858335427,0.3521177094675712
2021-08-22,Sierra,091,2930.0,2787,0,257,0,2481,0,47,0,79,0,1447,0,1368,0,0.0269624573378839,0.4938566552901023,0.4668941979522184
2021-08-22,Siskiyou,093,43540.0,35689,6,14738,4,19815,2,1101,0,2769,0,19700,0,16931,6,0.0635966926963711,0.4524575103353238,0.3888608176389527
2021-08-22,Solano,095,438530.0,500939,396,275876,312,211237,81,13782,3,43066,167,277910,170,234844,193,0.0982053679337787,0.6337308736004378,0.535525505666659
2021-08-22,Sonoma,097,501317.0,663738,323,369602,184,272601,135,21477,4,32275,122,356663,128,324388,125,0.0643804219685348,0.7114520353389173,0.6470716133703824
2021-08-22,Stanislaus,099,539301.0,511149,716,292285,555,201003,160,17551,1,47568,373,283426,374,235858,317,0.0882030628535826,0.5255432495025969,0.4373401866490142
2021-08-22,Sutter,101,95872.0,90948,134,38112,93,48630,41,4198,0,7244,80,50854,80,43610,50,0.0755590787716956,0.5304364152202937,0.4548773364485981
2021-08-22,Tehama,103,63373.0,43023,40,16022,14,25326,26,1666,0,2880,25,23700,25,20820,12,0.0454452211509633,0.3739762990548025,0.3285310779038392
2021-08-22,Trinity,105,12862.0,9926,16,2004,14,7271,2,646,0,683,11,5613,11,4930,5,0.0531021614056911,0.4364018037630228,0.3832996423573316
2021-08-22,Tulare,107,460477.0,384790,476,226612,338,146718,132,11381,6,32772,259,213553,265,180781,193,0.0711696783987039,0.4637647482936172,0.3925950698949133
2021-08-22,Tuolumne,109,53932.0,50433,25,13834,7,35467,17,1127,1,3023,12,26790,13,23767,9,0.0560520655640436,0.4967366313135058,0.4406845657494623
2021-08-22,Ventura,111,848112.0,1026854,949,550262,723,439892,219,36308,7,53898,397,555733,404,501835,389,0.0635505687928009,0.6552589752296867,0.5917084064368857
2021-08-22,Yolo,113,214977.0,260704,147,129101,100,123667,46,7900,1,14676,59,141149,60,126473,76,0.0682677681798517,0.6565772152369789,0.5883094470571271
2021-08-22,Yuba,115,75493.0,56321,97,21686,64,31100,32,3518,1,4781,65,32177,66,27396,26,0.0633303750016557,0.4262249480084246,0.3628945730067688
2021-08-21,Alameda,001,1643700.0,2253983,2936,1434354,2331,707623,503,111263,101,89530,1103,1220847,1199,1131317,1293,0.054468576990935,0.7427432013141084,0.6882746243231733
2021-08-21,Alpine,003,1148.0,1478,0,40,0,1432,0,6,0,86,0,779,0,693,0,0.0749128919860627,0.6785714285714286,0.6036585365853658
2021-08-21,Amador,005,37829.0,37532,43,10300,17,25893,26,1338,0,3290,27,20596,27,17306,14,0.086970313780433,0.5444500251130086,0.4574797113325755
2021-08-21,Butte,007,227075.0,190983,237,92605,172,90552,62,7805,3,11854,133,104872,136,93018,92,0.0522030166244632,0.461838599581636,0.4096355829571727
2021-08-21,Calaveras,009,45235.0,43226,67,18154,32,23795,27,1275,8,2735,27,23148,35,20413,31,0.0604620316126892,0.5117276445230463,0.451265612910357
2021-08-21,Colusa,011,21464.0,20602,41,5248,32,14387,9,956,0,1584,16,11526,16,9942,25,0.0737979873276183,0.536992172940738,0.4631941856131196
2021-08-21,Contra Costa,013,1133247.0,1572004,1708,1056226,1322,464060,352,51366,34,57156,692,836696,726,779540,712,0.0504356067123936,0.7383174188857328,0.6878818121733391
2021-08-21,Del Norte,015,27424.0,20627,46,7472,19,11935,16,1183,11,1791,24,11681,35,9890,19,0.0653077596266044,0.4259407817969661,0.3606330221703617
2021-08-21,El Dorado,017,186661.0,201327,219,96776,137,96704,70,7821,12,11428,89,109813,101,98385,109,0.0612232871355023,0.5883017877328419,0.5270785005973395
2021-08-21,Fresno,019,978130.0,957477,2076,515067,1594,406736,443,35190,38,75580,1003,530920,1039,455340,947,0.07726989255007,0.5427908355740034,0.4655209430239334
2021-08-21,Glenn,021,27897.0,23914,34,9938,31,12661,3,1295,0,1341,11,13216,11,11875,23,0.0480696849123561,0.4737426963472775,0.4256730114349213
2021-08-21,Humboldt,023,135768.0,149000,198,74988,126,66273,55,7611,17,8616,100,82063,117,73447,68,0.063461198515114,0.6044355076306641,0.54097430911555
2021-08-21,Imperial,025,180216.0,243697,411,122652,326,105388,84,15620,1,25974,223,141910,224,115936,178,0.1441270475429484,0.7874439561415191,0.6433169085985706
2021-08-21,Inyo,027,18085.0,18807,14,6995,6,11094,8,564,0,927,2,10043,2,9116,8,0.0512579485761681,0.5553220901299419,0.5040641415537739
2021-08-21,Kern,029,883053.0,721420,1605,375691,1065,312908,498,32606,42,61301,892,405574,934,344273,653,0.0694193893231776,0.4592861357132584,0.3898667463900808
2021-08-21,Kings,031,150075.0,101246,193,47377,125,48763,59,5066,8,9444,100,57712,108,48268,86,0.0629285357321339,0.3845543894719307,0.3216258537397967
2021-08-21,Lake,033,64148.0,57919,56,18187,23,36952,32,2777,1,4314,20,32387,21,28073,33,0.0672507326806759,0.5048793415227287,0.4376286088420527
2021-08-21,Lassen,035,31185.0,12768,17,1754,9,9889,6,1111,2,845,10,7323,11,6478,7,0.0270963604296937,0.2348244348244348,0.207728074394741
2021-08-21,Los Angeles,037,10098052.0,12054586,21489,6677090,15478,4900138,5422,473126,583,767937,9051,6610247,9619,5842310,10168,0.0760480338187999,0.6546061557219155,0.5785581219031156
2021-08-21,Madera,039,155013.0,133236,262,69594,210,58055,49,5502,3,10210,122,73995,125,63785,129,0.0658654435434447,0.4773470612142207,0.411481617670776
2021-08-21,Marin,041,260295.0,396521,1156,250852,698,132991,434,12658,24,13501,160,209643,184,196142,153,0.0518680727635951,0.8054054054054054,0.7535373326418102
2021-08-21,Mariposa,043,17540.0,14119,22,3072,14,10444,8,581,0,2536,7,8539,7,6003,14,0.1445838084378563,0.486830102622577,0.3422462941847206
2021-08-21,Mendocino,045,87422.0,100977,92,55307,48,42124,43,3535,1,7479,34,55660,35,48181,42,0.0855505479170003,0.6366818420992427,0.5511312941822425
2021-08-21,Merced,047,269075.0,231674,450,136666,348,84442,95,9730,7,27307,251,131362,257,104055,183,0.1014847161572052,0.4881984576790857,0.3867137415218805
2021-08-21,Modoc,049,8938.0,6082,2,943,1,4730,1,399,0,306,1,3381,1,3075,1,0.0342358469456254,0.3782725441933318,0.3440366972477064
2021-08-21,Mono,051,14174.0,16292,13,8978,7,6911,5,342,1,704,7,8610,8,7906,5,0.0496684069422887,0.6074502610413433,0.5577818540990546
2021-08-21,Monterey,053,433212.0,508876,966,244782,767,241431,192,22004,5,32026,469,279895,475,247869,458,0.073926853365096,0.6460924443459554,0.5721655909808593
2021-08-21,Napa,055,140530.0,189253,186,100135,135,83518,48,5588,3,11663,77,102789,80,91126,65,0.0829929552408738,0.731438127090301,0.6484451718494272
2021-08-21,Nevada,057,99092.0,109735,175,58746,117,47796,52,3147,6,7127,99,59652,105,52525,52,0.0719230613974892,0.6019860331812861,0.5300629717837969
2021-08-21,Orange,059,3164182.0,3903612,5942,2237498,4199,1541398,1592,123517,151,204430,2424,2103702,2575,1899272,2732,0.0646075352176328,0.6648486085819336,0.6002410733643008
2021-08-21,Placer,061,380077.0,444192,574,256324,399,175845,153,12009,22,22665,240,238521,262,215856,270,0.0596326533833933,0.6275596786966852,0.5679270253132918
2021-08-21,Plumas,063,18699.0,17522,2,2367,0,13996,2,1117,0,876,1,9671,1,8795,0,0.046847424995989,0.5171934328038933,0.4703460078079041
2021-08-21,Riverside,065,2383286.0,2371609,5215,1375637,4011,924371,1085,70504,116,175619,2289,1302263,2405,1126644,2559,0.0736877571554567,0.5464149078205469,0.4727271506650901
2021-08-21,Sacramento,067,1510023.0,1696282,2835,959750,1963,687180,768,49132,104,98196,1278,918008,1382,819812,1356,0.0650294730610063,0.6079430578209736,0.5429135847599672
2021-08-21,San Benito,069,59416.0,71532,118,40025,89,28180,29,3222,0,5041,60,39583,60,34542,54,0.0848424666756429,0.666201023293389,0.581358556617746
2021-08-21,San Bernardino,071,2135413.0,1973703,4510,1177736,3511,733652,870,62074,129,142452,2099,1085065,2227,942613,2223,0.0667093438131171,0.5081288724944543,0.441419528681337
2021-08-21,San Diego,073,3302833.0,4240974,6495,2314377,4727,1762494,1472,163007,294,289508,2893,2354475,3423,2064967,3083,0.0876544469550837,0.712865288677932,0.6252108417228482
2021-08-21,San Francisco,075,870044.0,1291876,1388,829893,1092,407729,243,53891,51,42662,532,689264,579,646602,490,0.0490343017134765,0.7922174050967538,0.7431831033832772
2021-08-21,San Joaquin,077,732212.0,760828,1405,436202,1097,299492,286,25088,22,65602,712,419160,736,353558,620,0.0895942705118189,0.5724571572167624,0.4828628867049434
2021-08-21,San Luis Obispo,079,281455.0,313465,409,160972,300,140309,102,12052,7,18345,188,170872,195,152527,164,0.0651791583023929,0.6071023787106287,0.5419232204082358
2021-08-21,San Mateo,081,765935.0,1101036,1202,682082,908,378616,243,39849,47,44196,450,589156,496,544960,472,0.0577020243232128,0.7691984306762323,0.7114964063530195
2021-08-21,Santa Barbara,083,443738.0,518480,656,303017,461,192563,186,22550,9,34647,266,286294,275,251647,291,0.0780798579341863,0.6451870247758813,0.5671071668416948
2021-08-21,Santa Clara,085,1922200.0,2807495,2990,1812953,2117,886957,727,103875,146,91985,1047,1491974,1192,1399989,1362,0.0478540214337738,0.7761804182707315,0.7283263968369577
2021-08-21,Santa Cruz,087,273765.0,355304,473,173567,331,171894,124,9798,18,15486,141,189261,159,173775,247,0.0565667634650156,0.6913265026573886,0.634759739192373
2021-08-21,Shasta,089,179085.0,132183,208,59742,117,65506,89,6887,1,12399,112,75412,113,63013,87,0.0692352793366278,0.421096127537203,0.3518608482005751
2021-08-21,Sierra,091,2930.0,2787,0,257,0,2481,0,47,0,79,0,1447,0,1368,0,0.0269624573378839,0.4938566552901023,0.4668941979522184
2021-08-21,Siskiyou,093,43540.0,35683,33,14734,18,19813,10,1101,5,2775,14,19700,19,16925,18,0.0637344970142397,0.4524575103353238,0.388723013321084
2021-08-21,Solano,095,438530.0,500543,517,275564,378,211156,125,13779,14,43089,250,277740,264,234651,218,0.0982578158848881,0.6333432148313685,0.5350853989464803
2021-08-21,Sonoma,097,501317.0,663415,1088,369418,818,272466,253,21473,17,32272,308,356535,325,324263,544,0.0643744377310165,0.7111967078714666,0.64682227014045
2021-08-21,Stanislaus,099,539301.0,510433,1139,291730,830,200843,276,17550,32,47511,585,283052,617,235541,480,0.0880973704851279,0.5248497592253677,0.4367523887402397
2021-08-21,Sutter,101,95872.0,90814,193,38019,123,48589,68,4198,2,7214,99,50774,101,43560,84,0.0752461615487316,0.5296019692923899,0.4543558077436582
2021-08-21,Tehama,103,63373.0,42983,55,16008,24,25300,29,1666,2,2867,29,23675,31,20808,24,0.0452400864721569,0.373581809287867,0.3283417228157101
2021-08-21,Trinity,105,12862.0,9910,11,1990,7,7269,4,646,0,677,8,5602,8,4925,3,0.0526356709687451,0.4355465712952884,0.3829109003265433
2021-08-21,Tulare,107,460477.0,384314,1111,226274,832,146586,257,11375,20,32700,656,213288,676,180588,420,0.0710133187976815,0.4631892580954098,0.3921759392977282
2021-08-21,Tuolumne,109,53932.0,50408,63,13827,36,35450,25,1126,2,3019,28,26777,30,23758,27,0.055977898093896,0.4964955870355262,0.4405176889416302
2021-08-21,Ventura,111,848112.0,1025905,1499,549539,1091,439673,375,36301,32,53883,636,555329,669,501446,612,0.0635328824494878,0.6547826230497859,0.5912497406002981
2021-08-21,Yolo,113,214977.0,260557,237,129001,159,123621,75,7899,3,14692,107,141089,111,126397,98,0.0683421947464147,0.6562981156123678,0.587955920865953
2021-08-21,Yuba,115,75493.0,56224,147,21622,88,31068,50,3517,9,4741,65,32111,74,27370,77,0.0628005245519452,0.4253506947664022,0.3625501702144569
2021-08-20,Alameda,001,1643700.0,2251047,4671,1432023,3525,707120,1004,111162,141,89624,1874,1219648,2012,1130024,1939,0.0545257650422826,0.7420137494676644,0.6874879844253817
2021-08-20,Alpine,003,1148.0,1478,0,40,0,1432,0,6,0,86,0,779,0,693,0,0.0749128919860627,0.6785714285714286,0.6036585365853658
2021-08-20,Amador,005,37829.0,37489,119,10283,75,25867,32,1338,12,3277,59,20569,70,17292,49,0.086626662084644,0.5437362869756007,0.4571096248909567
2021-08-20,Butte,007,227075.0,190746,591,92433,361,90490,195,7802,35,11810,297,104736,331,92926,244,0.0520092480457998,0.4612396785203126,0.4092304304745128
2021-08-20,Calaveras,009,45235.0,43159,137,18122,79,23768,48,1267,10,2731,59,23113,69,20382,65,0.0603736045097822,0.5109539073726097,0.4505803028628274
2021-08-20,Colusa,011,21464.0,20561,74,5216,45,14378,28,956,1,1593,34,11510,35,9917,37,0.0742172940737979,0.5362467387253075,0.4620294446515095
2021-08-20,Contra Costa,013,1133247.0,1570296,3611,1054904,2803,463708,682,51332,125,57142,1429,835970,1551,778828,1510,0.050423252830142,0.7376767818489702,0.6872535290188282
2021-08-20,Del Norte,015,27424.0,20581,101,7453,44,11919,43,1172,14,1775,55,11646,69,9871,34,0.0647243290548424,0.4246645274212369,0.3599401983663944
2021-08-20,El Dorado,017,186661.0,201108,487,96639,309,96634,143,7809,35,11436,213,109712,248,98276,219,0.0612661455794193,0.5877606998783892,0.5264945542989697
2021-08-20,Fresno,019,978130.0,955401,3918,513473,2725,406293,1027,35152,164,75488,2011,529881,2170,454393,1622,0.0771758355228855,0.541728604582213,0.4645527690593275
2021-08-20,Glenn,021,27897.0,23880,92,9907,70,12658,11,1295,11,1353,40,13205,51,11852,46,0.0484998386923325,0.4733483887156325,0.4248485500233
2021-08-20,Humboldt,023,135768.0,148802,449,74862,210,66218,207,7594,32,8567,204,81946,236,73379,181,0.0631002887278298,0.6035737434446998,0.5404734547168699
2021-08-20,Imperial,025,180216.0,243286,920,122326,717,105304,188,15619,15,25928,515,141686,532,115758,353,0.1438717982865006,0.7862010032405558,0.6423292049540551
2021-08-20,Inyo,027,18085.0,18793,30,6989,14,11086,16,564,0,933,10,10041,10,9108,14,0.051589715233619,0.555211501244125,0.5036217860105059
2021-08-20,Kern,029,883053.0,719815,3502,374626,2334,312410,1039,32564,129,61020,2013,404640,2141,343620,1284,0.0691011751276537,0.4582284415544707,0.3891272664268169
2021-08-20,Kings,031,150075.0,101053,446,47252,237,48704,194,5058,15,9422,256,57604,271,48182,182,0.0627819423621522,0.3838347492920206,0.3210528069298684
2021-08-20,Lake,033,64148.0,57863,270,18164,123,36920,126,2776,21,4326,146,32366,167,28040,107,0.0674378000872981,0.5045519735611399,0.4371141734738417
2021-08-20,Lassen,035,31185.0,12751,25,1745,7,9883,18,1109,0,841,18,7312,18,6471,5,0.0269680936347603,0.2344717011383678,0.2075036075036075
2021-08-20,Los Angeles,037,10098052.0,12033097,32333,6661612,22986,4894716,8425,472543,909,768486,13421,6600628,14310,5832142,15108,0.0761024007402615,0.6536535957628263,0.5775511950225648
2021-08-20,Madera,039,155013.0,132974,509,69384,362,58006,119,5499,28,10214,257,73870,283,63656,202,0.065891247830827,0.4765406772335223,0.4106494294026953
2021-08-20,Marin,041,260295.0,395365,633,250154,378,132557,228,12634,27,13470,154,209459,178,195989,172,0.0517489771221114,0.8046985151462763,0.7529495380241649
2021-08-20,Mariposa,043,17540.0,14097,25,3058,10,10436,11,581,4,2543,14,8532,18,5989,10,0.1449828962371721,0.4864310148232611,0.3414481185860889
2021-08-20,Mendocino,045,87422.0,100885,503,55259,355,42081,131,3534,17,7486,230,55625,247,48139,210,0.0856306192949143,0.6362814852096726,0.5506508659147583
2021-08-20,Merced,047,269075.0,231224,912,136318,669,84347,232,9723,11,27233,510,131105,521,103872,350,0.101209699897798,0.4872433336430363,0.3860336337452383
2021-08-20,Modoc,049,8938.0,6080,13,942,3,4729,10,399,0,306,8,3380,8,3074,3,0.0342358469456254,0.3781606623405683,0.3439248153949429
2021-08-20,Mono,051,14174.0,16279,9,8971,6,6906,2,341,1,701,1,8602,2,7901,2,0.0494567517990687,0.6068858473260901,0.5574290955270214
2021-08-20,Monterey,053,433212.0,507910,1311,244015,836,241239,443,21999,32,32009,639,279420,670,247411,565,0.0738876116081733,0.644995983490762,0.5711083718825887
2021-08-20,Napa,055,140530.0,189067,332,100000,197,83470,131,5585,4,11648,114,102709,118,91061,140,0.0828862164662349,0.7308688536255604,0.6479826371593254
2021-08-20,Nevada,057,99092.0,109560,285,58629,151,47744,115,3141,19,7074,134,59547,153,52473,114,0.0713882049004965,0.6009264118193194,0.5295382069188229
2021-08-20,Orange,059,3164182.0,3897670,10020,2233299,7003,1539806,2641,123366,372,204587,4117,2101127,4486,1896540,4610,0.0646571530967561,0.6640348121568228,0.5993776590600667
2021-08-20,Placer,061,380077.0,443618,1371,255925,933,175692,363,11987,75,22673,559,238259,633,215586,627,0.0596537017499085,0.6268703446933122,0.5672166429434036
2021-08-20,Plumas,063,18699.0,17520,21,2367,13,13994,5,1117,3,875,5,9670,8,8795,14,0.0467939462003315,0.5171399540082358,0.4703460078079041
2021-08-20,Riverside,065,2383286.0,2366394,9290,1371626,6826,923286,2181,70388,280,175773,4176,1299858,4450,1124085,4201,0.0737523738233682,0.5454057968703714,0.4716534230470032
2021-08-20,Sacramento,067,1510023.0,1693447,5159,957787,3627,686412,1327,49028,204,98170,2320,916626,2523,818456,2338,0.0650122547802252,0.6070278399732985,0.5420155851930732
2021-08-20,San Benito,069,59416.0,71414,212,39936,137,28151,62,3222,13,5035,100,39523,113,34488,106,0.084741483775414,0.6651911942911001,0.5804497105156861
2021-08-20,San Bernardino,071,2135413.0,1969193,7784,1174225,5845,732782,1699,61945,238,142448,3699,1082838,3937,940390,3752,0.0667074706391691,0.5070859828988584,0.4403785122596893
2021-08-20,San Diego,073,3302833.0,4234479,10593,2309650,7127,1761022,3096,162713,366,289168,4252,2351052,5013,2061884,4818,0.0875515050261396,0.711828905669769,0.6242774006436292
2021-08-20,San Francisco,075,870044.0,1290488,2054,828801,1411,407486,573,53840,70,42573,722,688685,791,646112,639,0.0489320080363751,0.7915519215120155,0.7426199134756403
2021-08-20,San Joaquin,077,732212.0,759423,2592,435105,1896,299206,645,25066,51,65486,1330,418424,1382,352938,1086,0.0894358464488426,0.5714519838516714,0.4820161374028286
2021-08-20,San Luis Obispo,079,281455.0,313056,739,160672,455,140207,253,12045,31,18314,305,170677,337,152363,284,0.0650690163614076,0.6064095503721731,0.5413405340107655
2021-08-20,San Mateo,081,765935.0,1099834,1737,681174,1198,378373,472,39802,66,44172,648,588660,714,544488,641,0.0576706900716118,0.7685508561431453,0.7108801660715335
2021-08-20,Santa Barbara,083,443738.0,517824,1364,302556,820,192377,485,22541,59,34663,556,286019,616,251356,608,0.0781159152472855,0.6445672897069893,0.5664513744597037
2021-08-20,Santa Clara,085,1922200.0,2804505,4563,1810836,3132,886230,1229,103729,202,92155,1627,1490782,1827,1398627,1923,0.0479424617625637,0.7755602954947456,0.7276178337321819
2021-08-20,Santa Cruz,087,273765.0,354831,683,173236,393,171770,274,9780,16,15574,279,189102,295,173528,254,0.0568882070388837,0.6907457125636951,0.6338575055248115
2021-08-20,Shasta,089,179085.0,131975,502,59625,302,65417,179,6886,21,12373,264,75299,285,62926,205,0.0690900968813691,0.4204651422508864,0.3513750453695172
2021-08-20,Sierra,091,2930.0,2787,6,257,4,2481,1,47,1,79,3,1447,4,1368,3,0.0269624573378839,0.4938566552901023,0.4668941979522184
2021-08-20,Siskiyou,093,43540.0,35650,90,14716,65,19803,23,1096,2,2774,46,19681,48,16907,38,0.0637115296279283,0.4520211299954065,0.3883096003674782
2021-08-20,Solano,095,438530.0,500026,1456,275186,969,211031,455,13765,32,43043,649,277476,682,234433,639,0.0981529199826693,0.6327412035664607,0.5345882835837913
2021-08-20,Sonoma,097,501317.0,662327,1605,368600,1085,272213,467,21456,53,32491,586,356210,636,323719,608,0.0648112870698579,0.7105484154736424,0.6457371284037844
2021-08-20,Stanislaus,099,539301.0,509294,1834,290900,1124,200567,652,17518,57,47374,989,282435,1046,235061,723,0.087843337950421,0.5237056856931472,0.4358623477427262
2021-08-20,Sutter,101,95872.0,90621,391,37896,243,48521,126,4196,21,7197,171,50673,192,43476,195,0.075068841789052,0.5285484813084113,0.4534796395193591
2021-08-20,Tehama,103,63373.0,42928,179,15984,77,25271,93,1664,9,2860,103,23644,112,20784,65,0.0451296293374149,0.3730926419768671,0.3279630126394521
2021-08-20,Trinity,105,12862.0,9899,18,1983,8,7265,10,646,0,672,7,5594,7,4922,8,0.0522469289379567,0.4349245840460271,0.3826776551080703
2021-08-20,Tulare,107,460477.0,383203,1635,225442,1105,146329,480,11355,50,32444,956,212612,1003,180168,614,0.0704573735496018,0.4617212151746993,0.3912638416250975
2021-08-20,Tuolumne,109,53932.0,50345,211,13791,109,35425,84,1124,18,3016,113,26747,131,23731,78,0.0559222724912853,0.4959393310094193,0.4400170585181339
2021-08-20,Ventura,111,848112.0,1024406,2553,548448,1736,439298,746,36269,70,53826,1158,554660,1229,500834,1031,0.0634656743448978,0.6539938121380195,0.5905281377931216
2021-08-20,Yolo,113,214977.0,260320,562,128842,397,123546,151,7896,14,14679,236,140978,249,126299,250,0.0682817231610823,0.6557817813068375,0.5875000581457551
2021-08-20,Yuba,115,75493.0,56077,290,21534,175,31018,98,3508,17,4744,138,32037,155,27293,142,0.0628402633356735,0.4243704714344376,0.3615302080987641
2021-08-19,Alameda,001,1643700.0,2246376,3560,1428498,2642,706116,788,111021,130,89551,1472,1217636,1601,1128085,1409,0.0544813530449595,0.7407896818154165,0.6863083287704569
2021-08-19,Alpine,003,1148.0,1478,0,40,0,1432,0,6,0,86,0,779,0,693,0,0.0749128919860627,0.6785714285714286,0.6036585365853658
2021-08-19,Amador,005,37829.0,37370,74,10208,37,25835,33,1326,4,3256,34,20499,38,17243,31,0.0860715324222157,0.5418858547675064,0.4558143223452906
2021-08-19,Butte,007,227075.0,190155,429,92072,251,90295,143,7767,35,11723,212,104405,247,92682,179,0.0516261147198062,0.4597820103490036,0.4081558956291974
2021-08-19,Calaveras,009,45235.0,43022,96,18043,43,23720,51,1257,2,2727,57,23044,59,20317,31,0.0602851774068752,0.5094285398474633,0.449143362440588
2021-08-19,Colusa,011,21464.0,20487,56,5171,33,14350,23,955,0,1595,32,11475,32,9880,22,0.0743104733507268,0.5346161013790532,0.4603056280283265
2021-08-19,Contra Costa,013,1133247.0,1566685,2788,1052101,2155,463026,512,51207,121,57101,1144,834419,1264,777318,1113,0.050387073603548,0.7363081481795231,0.6859210745759751
2021-08-19,Del Norte,015,27424.0,20480,99,7409,53,11876,40,1158,6,1740,55,11577,61,9837,21,0.0634480746791131,0.4221484830805134,0.3587004084014002
2021-08-19,El Dorado,017,186661.0,200621,432,96330,275,96491,131,7774,26,11407,180,109464,206,98057,191,0.06111078372022,0.5864320881169607,0.5253213043967406
2021-08-19,Fresno,019,978130.0,951483,2847,510748,2024,405266,745,34988,76,74940,1565,527711,1640,452771,1097,0.0766155827957429,0.5395100855714475,0.4628945027757046
2021-08-19,Glenn,021,27897.0,23788,61,9837,35,12647,20,1284,6,1348,43,13154,49,11806,17,0.0483206079506757,0.471520235150733,0.4231996272000573
2021-08-19,Humboldt,023,135768.0,148353,288,74652,169,66011,90,7562,29,8512,112,81710,140,73198,118,0.0626951859053679,0.6018354840610454,0.5391402981556773
2021-08-19,Imperial,025,180216.0,242366,770,121609,620,105116,138,15604,12,25749,461,141154,473,115405,293,0.1428785457451058,0.783248990100768,0.6403704443556621
2021-08-19,Inyo,027,18085.0,18763,26,6975,8,11070,17,564,1,937,18,10031,19,9094,6,0.0518108930052529,0.5546585568150401,0.5028476638097871
2021-08-19,Kern,029,883053.0,716313,2270,372292,1418,311371,704,32435,147,60163,1173,402499,1317,342336,982,0.0681306784530486,0.4558038985202474,0.3876732200671987
2021-08-19,Kings,031,150075.0,100607,369,47015,217,48510,143,5043,9,9333,204,57333,213,48000,165,0.0621889055472263,0.3820289855072464,0.31984007996002
2021-08-19,Lake,033,64148.0,57593,183,18041,112,36794,64,2755,7,4266,85,32199,92,27933,88,0.0665024630541872,0.5019486188189811,0.4354461557647939
2021-08-19,Lassen,035,31185.0,12726,24,1738,2,9865,22,1109,0,828,20,7294,20,6466,4,0.0265512265512265,0.2338945005611672,0.2073432740099406
2021-08-19,Los Angeles,037,10098052.0,12000764,25796,6638626,17606,4886291,7171,471634,1010,769284,11005,6586318,11997,5817034,11679,0.0761814258829326,0.6522364907607923,0.5760550648778596
2021-08-19,Madera,039,155013.0,132465,533,69022,380,57887,143,5471,10,10133,360,73587,370,63454,154,0.0653687110113345,0.4747150239012211,0.4093463128898866
2021-08-19,Marin,041,260295.0,394732,530,249776,347,132329,164,12607,19,13464,157,209281,176,195817,140,0.051725926352792,0.8040146756564667,0.7522887493036747
2021-08-19,Mariposa,043,17540.0,14072,54,3048,34,10425,15,577,5,2535,23,8514,28,5979,25,0.1445267958950969,0.4854047890535918,0.3408779931584949
2021-08-19,Mendocino,045,87422.0,100382,190,54904,114,41950,72,3517,4,7449,103,55378,107,47929,58,0.0852073848687973,0.6334561094461348,0.5482487245773375
2021-08-19,Merced,047,269075.0,230312,771,135649,568,84115,184,9712,18,27062,431,130584,451,103522,297,0.100574189352411,0.4853070705193719,0.3847328811669608
2021-08-19,Modoc,049,8938.0,6067,26,939,15,4719,10,399,1,301,10,3372,11,3071,16,0.033676437681808,0.3772656075184605,0.3435891698366525
2021-08-19,Mono,051,14174.0,16270,17,8965,10,6904,7,340,0,701,9,8600,9,7899,4,0.0494567517990687,0.6067447438972767,0.557287992098208
2021-08-19,Monterey,053,433212.0,506599,1092,243179,655,240796,387,21967,47,31904,521,278750,568,246846,470,0.0736452360507095,0.6434493966002789,0.5698041605495693
2021-08-19,Napa,055,140530.0,188735,293,99803,173,83339,108,5581,12,11670,131,102591,143,90921,79,0.0830427666690386,0.7300291752650679,0.6469864085960293
2021-08-19,Nevada,057,99092.0,109275,252,58478,167,47629,78,3122,7,7035,130,59394,137,52359,91,0.070994631251766,0.5993823921204537,0.5283877608686877
2021-08-19,Orange,059,3164182.0,3887650,7714,2226296,5261,1537165,2128,122994,324,204711,3164,2096641,3484,1891930,3439,0.0646963417401401,0.6626170681711735,0.5979207264310333
2021-08-19,Placer,061,380077.0,442247,1044,254992,688,175329,308,11912,48,22667,443,237626,490,214959,428,0.0596379154750221,0.6252048926927964,0.5655669772177743
2021-08-19,Plumas,063,18699.0,17499,32,2354,12,13989,16,1114,4,881,20,9662,24,8781,10,0.0471148189742767,0.5167121236429756,0.4695973046686988
2021-08-19,Riverside,065,2383286.0,2357104,7675,1364800,5510,921105,1912,70108,252,175524,3740,1295408,3987,1119884,3153,0.0736478962239529,0.5435386269209822,0.4698907306970292
2021-08-19,Sacramento,067,1510023.0,1688288,4124,954160,2776,685085,1156,48824,191,97985,1980,914103,2171,816118,1745,0.0648897400900516,0.605357004495958,0.5404672644059064
2021-08-19,San Benito,069,59416.0,71202,196,39799,144,28089,38,3209,14,5028,90,39410,104,34382,99,0.0846236703918136,0.6632893496701225,0.5786656792783089
2021-08-19,San Bernardino,071,2135413.0,1961409,6241,1168380,4529,731083,1506,61707,205,142263,3063,1078901,3264,936638,2859,0.0666208363440702,0.5052423114404567,0.4386214750963865
2021-08-19,San Diego,073,3302833.0,4223886,9219,2302523,6226,1757926,2610,162347,382,288973,3843,2346039,4570,2057066,3947,0.0874924648021864,0.710311117758603,0.6228186529564165
2021-08-19,San Francisco,075,870044.0,1288434,1776,827390,1182,406913,448,53770,146,42421,567,687894,700,645473,639,0.0487573042282919,0.7906427720896875,0.7418854678613955
2021-08-19,San Joaquin,077,732212.0,756831,2377,433209,1752,298561,574,25015,51,65190,1215,417042,1267,351852,1016,0.0890315919433169,0.5695645523427642,0.4805329603994471
2021-08-19,San Luis Obispo,079,281455.0,312317,555,160217,282,139954,236,12014,37,18261,222,170340,258,152079,191,0.0648807091719813,0.6052122008846885,0.5403314917127072
2021-08-19,San Mateo,081,765935.0,1098097,1421,679976,970,377901,358,39736,92,44099,508,587946,597,543847,550,0.0575753817229921,0.767618662158016,0.7100432804350238
2021-08-19,Santa Barbara,083,443738.0,516460,1014,301736,697,191892,283,22482,34,34655,445,285403,479,250748,412,0.0780978865907359,0.6431790831526711,0.5650811965619352
2021-08-19,Santa Clara,085,1922200.0,2799942,3306,1807704,2204,885001,949,103527,153,92251,1340,1488955,1491,1396704,1330,0.0479924045364686,0.774609822078868,0.7266174175423993
2021-08-19,Santa Cruz,087,273765.0,354148,606,172843,374,171496,197,9764,34,15533,223,188807,255,173274,260,0.0567384435556042,0.68966814603766,0.6329297024820558
2021-08-19,Shasta,089,179085.0,131473,357,59323,219,65238,126,6865,12,12293,180,75014,192,62721,144,0.0686433816344194,0.4188737191836278,0.3502303375492084
2021-08-19,Sierra,091,2930.0,2781,7,253,2,2480,5,46,0,78,3,1443,3,1365,4,0.0266211604095563,0.4924914675767918,0.4658703071672355
2021-08-19,Siskiyou,093,43540.0,35560,82,14651,34,19780,47,1094,1,2764,52,19633,53,16869,23,0.0634818557648139,0.4509186954524575,0.3874368396876435
2021-08-19,Solano,095,438530.0,498570,909,274217,621,210576,225,13733,63,43000,464,276794,526,233794,349,0.0980548651175518,0.6311860077987823,0.5331311426812305
2021-08-19,Sonoma,097,501317.0,660722,1315,367515,943,271746,321,21403,50,32463,452,355574,500,323111,580,0.0647554341863531,0.7092797571197466,0.6445243229333935
2021-08-19,Stanislaus,099,539301.0,507460,1597,289776,1041,199915,491,17461,65,47051,889,281389,952,234338,622,0.0872444145291775,0.5217661380193992,0.4345217234902216
2021-08-19,Sutter,101,95872.0,90230,299,37653,149,48395,131,4175,19,7200,152,50481,170,43281,124,0.0751001335113484,0.5265458110814419,0.4514456775700934
2021-08-19,Tehama,103,63373.0,42749,160,15907,91,25178,63,1655,6,2813,85,23532,91,20719,66,0.0443879885755763,0.3713253278209963,0.3269373392454199
2021-08-19,Trinity,105,12862.0,9881,17,1975,7,7255,10,646,0,673,6,5587,6,4914,10,0.0523246773441144,0.4343803452029233,0.3820556678588089
2021-08-19,Tulare,107,460477.0,381568,1591,224337,1041,145849,507,11305,43,32055,878,211609,919,179554,622,0.0696125973718557,0.4595430390660119,0.3899304416941563
2021-08-19,Tuolumne,109,53932.0,50134,97,13682,35,35341,44,1106,18,2963,50,26616,67,23653,44,0.0549395535118297,0.4935103463620856,0.4385707928502558
2021-08-19,Ventura,111,848112.0,1021853,2228,546712,1675,438552,464,36199,86,53628,1040,553431,1125,499803,886,0.0632322146131643,0.6525447110758956,0.5893124964627313
2021-08-19,Yolo,113,214977.0,259758,440,128445,310,123395,111,7882,19,14680,174,140729,193,126049,210,0.0682863748214925,0.6546235178647019,0.5863371430432093
2021-08-19,Yuba,115,75493.0,55787,222,21359,120,30920,87,3491,15,4731,121,31882,136,27151,93,0.0626680619395175,0.4223173009418092,0.3596492390022916
2021-08-18,Alameda,001,1643700.0,2242816,3031,1425856,2323,705328,589,110891,119,89359,1315,1216035,1431,1126676,1190,0.0543645434081645,0.7398156597919329,0.6854511163837683
2021-08-18,Alpine,003,1148.0,1478,0,40,0,1432,0,6,0,86,0,779,0,693,0,0.0749128919860627,0.6785714285714286,0.6036585365853658
2021-08-18,Amador,005,37829.0,37296,57,10171,25,25802,29,1322,3,3249,29,20461,32,17212,26,0.0858864892014063,0.5408813344259695,0.4549948452245632
2021-08-18,Butte,007,227075.0,189726,602,91821,424,90152,142,7732,36,11655,304,104158,340,92503,275,0.0513266541891445,0.4586942640096884,0.4073676098205439
2021-08-18,Calaveras,009,45235.0,42926,96,18000,44,23669,43,1255,9,2699,45,22985,54,20286,39,0.0596661876865259,0.5081242400795843,0.4484580523930584
2021-08-18,Colusa,011,21464.0,20431,76,5138,41,14327,28,955,0,1585,43,11443,43,9858,25,0.0738445769660827,0.5331252329481924,0.4592806559821096
2021-08-18,Contra Costa,013,1133247.0,1563897,2865,1049946,2280,462514,463,51086,121,56950,1192,833155,1310,776205,1226,0.0502538281592627,0.7351927690962341,0.6849389409369714
2021-08-18,Del Norte,015,27424.0,20381,84,7356,31,11836,42,1152,11,1700,44,11516,55,9816,20,0.0619894982497082,0.4199241540256709,0.3579346557759627
2021-08-18,El Dorado,017,186661.0,200189,333,96055,216,96360,98,7748,18,11392,162,109258,180,97866,135,0.0610304241378756,0.5853284831860968,0.5242980590482211
2021-08-18,Fresno,019,978130.0,948636,2980,508724,2145,404521,726,34912,106,74397,1475,526071,1582,451674,1325,0.0760604418635559,0.5378334168259843,0.4617729749624283
2021-08-18,Glenn,021,27897.0,23727,104,9802,86,12627,15,1278,3,1316,69,13105,72,11789,32,0.0471735312040721,0.4697637738824963,0.4225902426784242
2021-08-18,Humboldt,023,135768.0,148065,376,74483,264,65921,85,7533,27,8490,169,81570,196,73080,151,0.0625331447763832,0.6008043132402333,0.5382711684638501
2021-08-18,Imperial,025,180216.0,241596,837,120989,596,104978,190,15592,51,25569,419,140681,470,115112,401,0.1418797443068318,0.7806243618768589,0.6387446175700271
2021-08-18,Inyo,027,18085.0,18737,29,6967,17,11053,12,563,0,924,21,10012,21,9088,6,0.0510920652474426,0.5536079623997788,0.5025158971523362
2021-08-18,Kern,029,883053.0,714043,2432,370874,1488,310667,860,32288,83,59828,1338,401182,1421,341354,923,0.0677513127751109,0.454312481810265,0.3865611690351542
2021-08-18,Kings,031,150075.0,100238,338,46798,206,48367,118,5034,14,9285,172,57120,184,47835,153,0.0618690654672663,0.3806096951524237,0.3187406296851574
2021-08-18,Lake,033,64148.0,57410,103,17929,53,36730,45,2748,5,4262,51,32107,56,27845,44,0.0664401072519798,0.500514435368211,0.4340743281162312
2021-08-18,Lassen,035,31185.0,12702,19,1736,6,9843,13,1109,0,812,13,7274,13,6462,5,0.0260381593714927,0.2332531665864999,0.2072150072150072
2021-08-18,Los Angeles,037,10098052.0,11974968,26441,6621020,18048,4879120,7507,470624,868,768966,11209,6574321,12063,5805355,12117,0.0761499346606652,0.6510484398377033,0.5748985051770381
2021-08-18,Madera,039,155013.0,131932,507,68642,365,57744,125,5461,17,9917,309,73217,325,63300,167,0.0639752794926877,0.4723281273183539,0.4083528478256662
2021-08-18,Marin,041,260295.0,394202,408,249429,274,132165,120,12588,14,13428,113,209105,127,195677,117,0.0515876217368754,0.8033385197564302,0.7517508980195547
2021-08-18,Mariposa,043,17540.0,14018,27,3014,14,10410,13,572,0,2532,15,8486,15,5954,6,0.1443557582668187,0.4838084378563284,0.3394526795895097
2021-08-18,Mendocino,045,87422.0,100192,182,54790,117,41878,57,3513,8,7400,91,55271,99,47871,67,0.0846468852233991,0.6322321612408776,0.5475852760174784
2021-08-18,Merced,047,269075.0,229541,787,135081,525,83931,244,9694,18,26908,441,130133,459,103225,307,0.1000018582179689,0.483630957911363,0.383629099693394
2021-08-18,Modoc,049,8938.0,6041,8,924,3,4709,5,398,0,306,6,3361,6,3055,2,0.0342358469456254,0.3760349071380622,0.3417990601924368
2021-08-18,Mono,051,14174.0,16253,19,8955,11,6897,8,340,0,696,13,8591,13,7895,4,0.0491039932270354,0.6061097784676167,0.5570057852405813
2021-08-18,Monterey,053,433212.0,505507,1558,242524,1135,240409,395,21920,27,31806,721,278182,748,246376,729,0.0734190188637433,0.6421382602513319,0.5687192413875886
2021-08-18,Napa,055,140530.0,188442,272,99630,194,83231,74,5569,4,11606,132,102448,136,90842,101,0.0825873478972461,0.7290115989468441,0.646424251049598
2021-08-18,Nevada,057,99092.0,109023,256,58311,149,47551,94,3115,13,6989,132,59257,145,52268,94,0.0705304161789044,0.5979998385338877,0.5274694223549833
2021-08-18,Orange,059,3164182.0,3879936,7708,2221035,5278,1535037,2156,122670,270,204666,3274,2093157,3539,1888491,3287,0.064682120055041,0.6615159937070624,0.5968338736520212
2021-08-18,Placer,061,380077.0,441203,1010,254304,703,175021,256,11864,51,22605,477,237136,527,214531,397,0.0594747906345293,0.6239156802437401,0.5644408896092108
2021-08-18,Plumas,063,18699.0,17467,13,2342,5,13973,7,1110,1,867,10,9638,11,8771,2,0.0463661158350713,0.5154286325471951,0.4690625167121236
2021-08-18,Riverside,065,2383286.0,2349429,7167,1359290,5204,919193,1787,69856,173,174690,3440,1291421,3612,1116731,2996,0.0732979592042247,0.54186572656408,0.4685677673598553
2021-08-18,Sacramento,067,1510023.0,1684164,3990,951384,2731,683929,1063,48633,196,97559,1855,911932,2052,814373,1838,0.064607625181868,0.6039192780507316,0.5393116528688636
2021-08-18,San Benito,069,59416.0,71006,226,39655,141,28051,72,3195,13,5023,117,39306,130,34283,98,0.0845395179749562,0.6615389793994884,0.5769994614245321
2021-08-18,San Bernardino,071,2135413.0,1955168,6303,1163851,4707,729577,1402,61502,193,141858,3105,1075637,3297,933779,2902,0.0664311774818267,0.5037138014988202,0.4372826240169934
2021-08-18,San Diego,073,3302833.0,4214667,9335,2296297,6363,1755316,2523,161965,446,288350,3986,2341469,4802,2053119,4179,0.0873038388559155,0.7089274571254435,0.621623618269528
2021-08-18,San Francisco,075,870044.0,1286658,1740,826208,1224,406465,441,53624,74,42360,595,687194,666,644834,589,0.0486871928316269,0.7898382150787776,0.7411510222471507
2021-08-18,San Joaquin,077,732212.0,754454,2208,431457,1621,297987,542,24964,45,64939,1183,415775,1229,350836,913,0.0886887950484286,0.5678341791721523,0.4791453841237237
2021-08-18,San Luis Obispo,079,281455.0,311762,659,159935,401,139718,218,11977,40,18194,268,170082,307,151888,243,0.0646426604608196,0.6042955356984243,0.5396528752376046
2021-08-18,San Mateo,081,765935.0,1096676,1535,679006,1137,377543,309,39644,89,44052,647,587349,736,543297,602,0.0575140188136069,0.7668392226494415,0.7093252038358346
2021-08-18,Santa Barbara,083,443738.0,515446,1188,301039,856,191609,278,22448,54,34588,529,284924,582,250336,492,0.0779468965921331,0.6420996173417647,0.5641527207496315
2021-08-18,Santa Clara,085,1922200.0,2796636,3433,1805500,2408,884052,853,103374,170,92090,1444,1487464,1613,1395374,1437,0.0479086463427322,0.7738341483716574,0.7259255020289251
2021-08-18,Santa Cruz,087,273765.0,353542,454,172469,277,171299,164,9730,13,15538,179,188552,192,173014,183,0.0567567073950285,0.6887366902270196,0.631979982831991
2021-08-18,Shasta,089,179085.0,131116,298,59104,167,65112,106,6853,25,12245,158,74822,182,62577,116,0.0683753524862495,0.4178016025909484,0.3494262501046989
2021-08-18,Sierra,091,2930.0,2774,5,251,3,2475,2,46,0,79,3,1440,3,1361,1,0.0269624573378839,0.4914675767918088,0.4645051194539249
2021-08-18,Siskiyou,093,43540.0,35478,82,14617,42,19733,34,1093,6,2734,43,19580,49,16846,36,0.0627928341754708,0.4497014239779513,0.3869085898024805
2021-08-18,Solano,095,438530.0,497661,1311,273596,846,210351,431,13670,34,42823,635,276268,669,233445,588,0.0976512439285795,0.6299865459603676,0.532335302031788
2021-08-18,Sonoma,097,501317.0,659407,1035,366572,748,271425,221,21353,66,32543,442,355074,507,322531,420,0.0649150138535098,0.7082823842000171,0.6433673703465073
2021-08-18,Stanislaus,099,539301.0,505863,1656,288735,1120,199424,484,17396,52,46721,874,280437,923,233716,670,0.086632511343387,0.5200008900409975,0.4333683786976104
2021-08-18,Sutter,101,95872.0,89931,290,37504,156,48264,128,4156,6,7154,169,50311,174,43157,105,0.0746203271028037,0.5247726134846462,0.4501522863818424
2021-08-18,Tehama,103,63373.0,42589,152,15816,96,25115,46,1649,10,2788,87,23441,97,20653,60,0.0439934988086409,0.3698893850693513,0.3258958862607104
2021-08-18,Trinity,105,12862.0,9864,13,1968,12,7245,1,646,0,677,6,5581,6,4904,7,0.0526356709687451,0.4339138547659773,0.3812781837972321
2021-08-18,Tulare,107,460477.0,379977,1162,223296,777,145342,363,11262,22,31758,636,210690,658,178932,452,0.0689676140176382,0.4575472824918508,0.3885796684742126
2021-08-18,Tuolumne,109,53932.0,50037,123,13647,41,35297,76,1088,6,2940,69,26549,75,23609,38,0.054513090558481,0.4922680412371134,0.4377549506786323
2021-08-18,Ventura,111,848112.0,1019625,2175,545037,1544,438088,558,36113,73,53389,998,552306,1069,498917,916,0.0629504122097081,0.6512182353274096,0.5882678231177014
2021-08-18,Yolo,113,214977.0,259318,466,128135,343,123284,108,7863,15,14697,228,140536,244,125839,205,0.0683654530484656,0.6537257474055365,0.5853602943570707
2021-08-18,Yuba,115,75493.0,55565,254,21239,133,30833,109,3476,12,4688,133,31746,145,27058,112,0.0620984727060787,0.4205158094127932,0.3584173367067145
2021-08-17,Alameda,001,1643700.0,2239785,3402,1423533,2692,704739,580,110772,128,89118,1572,1214604,1699,1125486,1480,0.0542179229786457,0.7389450629676948,0.6847271399890491
2021-08-17,Alpine,003,1148.0,1478,1,40,0,1432,1,6,0,86,0,779,0,693,1,0.0749128919860627,0.6785714285714286,0.6036585365853658
2021-08-17,Amador,005,37829.0,37239,78,10146,46,25773,29,1319,3,3243,53,20429,56,17186,22,0.0857278807264268,0.5400354225594121,0.4543075418329853
2021-08-17,Butte,007,227075.0,189124,416,91397,243,90010,136,7696,37,11590,181,103818,218,92228,195,0.0510404051524826,0.45719696135638,0.4061565562038974
2021-08-17,Calaveras,009,45235.0,42830,95,17956,41,23626,45,1246,9,2684,49,22931,57,20247,35,0.0593345860506245,0.5069304741903393,0.4475958881397148
2021-08-17,Colusa,011,21464.0,20355,51,5097,29,14299,22,955,0,1567,30,11400,30,9833,21,0.0730059634737234,0.5311218784942229,0.4581159150204994
2021-08-17,Contra Costa,013,1133247.0,1561032,2831,1047666,2264,462051,464,50965,102,56866,1194,831845,1294,774979,1258,0.050179704865753,0.7340367986855469,0.6838570938197939
2021-08-17,Del Norte,015,27424.0,20297,111,7325,61,11794,32,1141,18,1665,75,11461,91,9796,28,0.0607132438739789,0.4179186114352392,0.3572053675612602
2021-08-17,El Dorado,017,186661.0,199856,403,95839,220,96262,149,7730,34,11347,178,109078,212,97731,189,0.0607893453908422,0.5843641681979631,0.523574822807121
2021-08-17,Fresno,019,978130.0,945656,2690,506579,1902,403795,713,34806,74,74140,1509,524489,1583,450349,1030,0.0757976956028339,0.5362160449020069,0.4604183492991729
2021-08-17,Glenn,021,27897.0,23623,58,9716,45,12612,10,1275,3,1276,34,13033,37,11757,20,0.0457396852708176,0.4671828512026382,0.4214431659318206
2021-08-17,Humboldt,023,135768.0,147689,392,74219,256,65836,113,7506,22,8445,202,81374,224,72929,138,0.0622016970125508,0.5993606740910966,0.5371589770785458
2021-08-17,Imperial,025,180216.0,240759,813,120393,647,104788,148,15541,18,25500,450,140211,467,114711,340,0.14149687042216,0.7780163803435877,0.6365195099214276
2021-08-17,Inyo,027,18085.0,18708,51,6950,39,11041,12,563,0,909,33,9991,33,9082,16,0.0502626486038153,0.5524467790987005,0.5021841304948853
2021-08-17,Kern,029,883053.0,711611,2706,369386,1765,309807,876,32205,64,59330,1541,399761,1604,340431,1040,0.067187360215072,0.4527032918748931,0.3855159316598211
2021-08-17,Kings,031,150075.0,99900,276,46592,178,48249,87,5020,11,9254,167,56936,178,47682,100,0.0616625020822921,0.379383641512577,0.3177211394302848
2021-08-17,Lake,033,64148.0,57307,287,17876,150,36685,128,2743,9,4250,152,32051,161,27801,127,0.0662530398453576,0.4996414541373075,0.4333884142919498
2021-08-17,Lassen,035,31185.0,12683,27,1730,7,9830,16,1109,4,804,16,7261,20,6457,9,0.0257816257816257,0.2328362995029661,0.2070546737213404
2021-08-17,Los Angeles,037,10098052.0,11948527,26690,6602972,18136,4871613,7618,469756,928,769020,11976,6562258,12890,5793238,11923,0.0761552822267106,0.6498538530005589,0.5736985707738482
2021-08-17,Madera,039,155013.0,131425,430,68277,302,57619,112,5444,16,9759,256,72892,272,63133,158,0.0629560101410849,0.4702315289685381,0.4072755188274531
2021-08-17,Marin,041,260295.0,393794,580,249155,389,132045,157,12574,34,13418,206,208978,241,195560,194,0.0515492037880097,0.8028506118058357,0.751301408017826
2021-08-17,Mariposa,043,17540.0,13991,22,3000,14,10397,8,572,0,2523,16,8471,16,5948,5,0.143842645381984,0.4829532497149373,0.3391106043329532
2021-08-17,Mendocino,045,87422.0,100010,297,54673,206,41821,83,3505,8,7368,149,55172,159,47804,117,0.0842808446386493,0.6310997231818077,0.5468188785431585
2021-08-17,Merced,047,269075.0,228754,752,134556,561,83687,176,9676,13,26756,424,129674,438,102918,303,0.0994369599554027,0.4819251138158506,0.3824881538604478
2021-08-17,Modoc,049,8938.0,6033,20,921,9,4704,8,398,3,302,9,3355,12,3053,9,0.0337883195345714,0.3753636160214813,0.3415752964869098
2021-08-17,Mono,051,14174.0,16234,16,8944,6,6889,9,340,0,687,10,8578,10,7891,5,0.0484690277973754,0.6051926061803302,0.5567235783829547
2021-08-17,Monterey,053,433212.0,503949,1040,241389,599,240014,385,21893,53,31787,472,277434,523,245647,466,0.0733751604295356,0.6404116229467328,0.5670364625171971
2021-08-17,Napa,055,140530.0,188170,570,99436,444,83157,107,5565,19,11571,302,102312,320,90741,234,0.0823382907564221,0.7280438340567851,0.6457055433003629
2021-08-17,Nevada,057,99092.0,108767,189,58162,112,47457,58,3102,19,6938,82,59112,100,52174,74,0.0700157429459492,0.5965365518911718,0.5265208089452226
2021-08-17,Orange,059,3164182.0,3872228,7394,2215757,5025,1532881,2057,122400,312,204414,3201,2089618,3517,1885204,3254,0.0646024786184865,0.6603975371833858,0.5957950585648992
2021-08-17,Placer,061,380077.0,440193,1043,253601,693,174765,273,11813,77,22475,498,236609,575,214134,456,0.0591327546786572,0.6225291190995509,0.5633963644208937
2021-08-17,Plumas,063,18699.0,17454,24,2337,16,13966,6,1109,2,858,9,9627,11,8769,15,0.0458848066741537,0.5148403657949623,0.4689555591208086
2021-08-17,Riverside,065,2383286.0,2342262,7664,1354086,5591,917406,1826,69683,243,174074,3769,1287809,4013,1113735,3275,0.0730394925325789,0.5403501719894297,0.4673106794568507
2021-08-17,Sacramento,067,1510023.0,1680174,3973,948653,2716,682866,1053,48437,202,97345,1866,909880,2068,812535,1886,0.0644659054862078,0.6025603583521576,0.5380944528659497
2021-08-17,San Benito,069,59416.0,70780,140,39514,68,27979,65,3182,7,4991,62,39176,69,34185,65,0.0840009425070688,0.6593510165611957,0.5753500740541269
2021-08-17,San Bernardino,071,2135413.0,1948865,6450,1159144,4815,728175,1394,61309,241,141463,3158,1072340,3394,930877,3028,0.0662462015544534,0.5021698378721119,0.4359236363176584
2021-08-17,San Diego,073,3302833.0,4205332,9157,2289934,6398,1752793,2327,161519,431,287727,4261,2336667,5009,2048940,4137,0.0871152129096445,0.7074735537642987,0.6203583408546541
2021-08-17,San Francisco,075,870044.0,1284918,1735,824984,1233,406024,413,53550,87,42283,604,686528,685,644245,609,0.0485986915604268,0.7890727365512549,0.740474044990828
2021-08-17,San Joaquin,077,732212.0,752246,2205,429836,1514,297445,637,24919,54,64623,1111,414546,1159,349923,1008,0.0882572260492862,0.5661557035394121,0.4778984774901258
2021-08-17,San Luis Obispo,079,281455.0,311103,648,159534,399,139500,227,11937,20,18130,274,169775,294,151645,239,0.0644152706471727,0.6032047751860866,0.5387895045389138
2021-08-17,San Mateo,081,765935.0,1095141,1434,677869,1058,377234,304,39555,72,43918,605,586613,677,542695,593,0.057339069242168,0.7658783056003446,0.7085392363581766
2021-08-17,Santa Barbara,083,443738.0,514258,870,300183,579,191331,264,22394,27,34498,395,284342,423,249844,310,0.0777440742059503,0.6407880325777824,0.5630439583718321
2021-08-17,Santa Clara,085,1922200.0,2793203,3871,1803092,2663,883199,989,103204,218,91914,1597,1485851,1812,1393937,1711,0.0478170845905733,0.7729950057226095,0.7251779211320362
2021-08-17,Santa Cruz,087,273765.0,353088,734,172192,540,171135,165,9717,29,15529,274,188360,302,172831,377,0.0567238324840648,0.6880353587931255,0.6313115263090607
2021-08-17,Shasta,089,179085.0,130818,352,58937,185,65006,144,6828,23,12179,188,74640,209,62461,130,0.0680068124075159,0.4167853254041377,0.3487785129966217
2021-08-17,Sierra,091,2930.0,2769,6,248,5,2473,0,46,1,77,5,1437,6,1360,1,0.0262798634812286,0.4904436860068259,0.4641638225255973
2021-08-17,Siskiyou,093,43540.0,35396,88,14575,38,19699,42,1087,8,2721,49,19531,57,16810,34,0.0624942581534221,0.4485760220486908,0.3860817638952687
2021-08-17,Solano,095,438530.0,496350,887,272750,663,209920,187,13636,37,42742,496,275599,532,232857,341,0.0974665359268465,0.6284609946867945,0.530994458759948
2021-08-17,Sonoma,097,501317.0,658372,1321,365824,1026,271204,252,21287,43,32456,571,354567,613,322111,625,0.0647414709654769,0.7072710480594115,0.6425295770939345
2021-08-17,Stanislaus,099,539301.0,504207,1488,287615,1060,198940,376,17344,52,46468,817,279514,867,233046,593,0.0861633855676143,0.5182894153728623,0.4321260298052479
2021-08-17,Sutter,101,95872.0,89641,322,37348,179,48136,127,4150,16,7085,172,50137,188,43052,136,0.0739006174899866,0.5229576935914553,0.4490570761014686
2021-08-17,Tehama,103,63373.0,42437,78,15720,36,25069,38,1639,4,2751,38,23344,42,20593,30,0.0434096539535764,0.3683587647736417,0.3249491108200653
2021-08-17,Trinity,105,12862.0,9851,42,1956,10,7244,28,646,4,678,21,5575,25,4897,18,0.0527134193749028,0.4334473643290312,0.3807339449541284
2021-08-17,Tulare,107,460477.0,378815,1178,222519,732,144979,408,11240,38,31552,645,210032,682,178480,483,0.0685202518258241,0.4561183294713959,0.3875980776455718
2021-08-17,Tuolumne,109,53932.0,49914,119,13606,39,35221,76,1082,4,2903,63,26474,67,23571,41,0.0538270414596158,0.490877401171846,0.4370503597122302
2021-08-17,Ventura,111,848112.0,1017450,2121,543493,1474,437530,578,36040,67,53236,998,551237,1063,498001,843,0.062770011507914,0.6499577885939593,0.5871877770860452
2021-08-17,Yolo,113,214977.0,258852,451,127792,296,123176,139,7848,16,14658,235,140292,252,125634,181,0.0681840382924685,0.6525907422654517,0.5844067039729831
2021-08-17,Yuba,115,75493.0,55311,191,21106,100,30724,86,3464,5,4655,113,31601,118,26946,74,0.0616613460850674,0.4185951015325924,0.3569337554475249
2021-08-16,Alameda,001,1643700.0,2236383,3350,1420841,2569,704159,626,110644,153,88899,1575,1212905,1725,1124006,1411,0.0540846869866764,0.7379114193587638,0.6838267323720874
2021-08-16,Alpine,003,1148.0,1477,0,40,0,1431,0,6,0,87,0,779,0,692,0,0.0757839721254355,0.6785714285714286,0.6027874564459931
2021-08-16,Amador,005,37829.0,37161,71,10100,30,25744,38,1316,3,3209,38,20373,41,17164,29,0.0848290993682095,0.5385550767929367,0.453725977424727
2021-08-16,Butte,007,227075.0,188708,339,91154,203,89874,121,7659,15,11567,169,103600,184,92033,145,0.0509391170318176,0.4562369261257293,0.4052978090939117
2021-08-16,Calaveras,009,45235.0,42735,94,17915,37,23581,49,1237,8,2662,53,22874,59,20212,33,0.0588482369846357,0.5056703879739141,0.4468221509892782
2021-08-16,Colusa,011,21464.0,20304,74,5068,42,14277,32,955,0,1558,51,11370,51,9812,22,0.0725866567275437,0.5297241893402908,0.4571375326127469
2021-08-16,Contra Costa,013,1133247.0,1558201,2790,1045402,2204,461587,483,50863,103,56830,1244,830551,1345,773721,1233,0.0501479377399631,0.7328949469974331,0.6827470092574699
2021-08-16,Del Norte,015,27424.0,20186,75,7264,32,11762,34,1123,9,1602,48,11370,57,9768,22,0.0584159859976662,0.414600350058343,0.3561843640606768
2021-08-16,El Dorado,017,186661.0,199453,419,95619,260,96113,138,7696,21,11324,178,108866,199,97542,203,0.0606661273645807,0.5832284194341614,0.5225622920695807
2021-08-16,Fresno,019,978130.0,942966,2647,504677,1931,403082,633,34732,82,73587,1370,522906,1452,449319,1123,0.0752323310807357,0.5345976506190384,0.4593653195383027
2021-08-16,Glenn,021,27897.0,23565,41,9671,28,12602,12,1272,1,1259,21,12996,22,11737,17,0.0451303007491845,0.4658565437143779,0.4207262429651934
2021-08-16,Humboldt,023,135768.0,147297,274,73963,175,65723,83,7484,16,8359,136,81150,152,72791,107,0.0615682635083377,0.5977108007777974,0.5361425372694597
2021-08-16,Imperial,025,180216.0,239946,647,119746,457,104640,166,15523,24,25373,364,139744,389,114371,270,0.1407921605184889,0.7754250455009544,0.6346328849824655
2021-08-16,Inyo,027,18085.0,18657,42,6911,25,11029,17,563,0,892,24,9958,24,9066,16,0.049322643074371,0.5506220624827205,0.5012994194083494
2021-08-16,Kern,029,883053.0,708905,2680,367621,1794,308931,806,32141,80,58766,1630,398157,1708,339391,960,0.0665486669543051,0.4508868663602298,0.3843381994059247
2021-08-16,Kings,031,150075.0,99624,314,46414,187,48162,118,5009,9,9176,198,56758,207,47582,111,0.0611427619523571,0.3781975678827253,0.3170548059303681
2021-08-16,Lake,033,64148.0,57020,144,17726,71,36557,65,2734,8,4216,94,31890,102,27674,47,0.0657230155265947,0.4971316330984598,0.431408617571865
2021-08-16,Lassen,035,31185.0,12656,21,1723,3,9814,18,1105,0,793,16,7241,16,6448,2,0.0254288920955587,0.2321949655282988,0.2067660734327401
2021-08-16,Los Angeles,037,10098052.0,11921837,25586,6584836,17557,4863995,7132,468828,889,768053,12050,6549368,12914,5781315,11092,0.0760595211828974,0.648577369179719,0.5725178479968216
2021-08-16,Madera,039,155013.0,130995,270,67975,182,57507,78,5428,10,9645,171,72620,181,62975,79,0.062220587950688,0.4684768374265384,0.4062562494758504
2021-08-16,Marin,041,260295.0,393214,557,248766,358,131888,169,12540,30,13371,198,208737,227,195366,195,0.0513686394283409,0.8019247392381721,0.7505560998098312
2021-08-16,Mariposa,043,17540.0,13969,12,2986,7,10389,5,572,0,2512,7,8455,7,5943,5,0.1432155074116305,0.4820410490307867,0.3388255416191562
2021-08-16,Mendocino,045,87422.0,99713,197,54467,137,41738,56,3497,4,7326,112,55013,118,47687,71,0.0838004163711651,0.6292809590263321,0.5454805426551669
2021-08-16,Merced,047,269075.0,228002,654,133995,444,83511,195,9663,14,26621,382,129236,396,102615,241,0.0989352411037814,0.4802973148750348,0.3813620737712533
2021-08-16,Modoc,049,8938.0,6013,5,912,3,4696,2,395,0,299,3,3343,3,3044,1,0.033452673976281,0.3740210337883195,0.3405683598120385
2021-08-16,Mono,051,14174.0,16218,21,8938,8,6880,13,340,0,682,8,8568,8,7886,11,0.0481162692253421,0.6044870890362636,0.5563708198109214
2021-08-16,Monterey,053,433212.0,502909,952,240790,611,239629,319,21840,21,31730,502,276911,524,245181,367,0.0732435851269124,0.6392043618366989,0.5659607767097864
2021-08-16,Napa,055,140530.0,187600,227,98992,161,83050,56,5546,10,11485,98,101992,105,90507,98,0.0817263217818259,0.7257667401978225,0.6440404184159966
2021-08-16,Nevada,057,99092.0,108578,218,58050,128,47399,73,3083,17,6912,105,59012,122,52100,97,0.0697533605134622,0.5955273886892989,0.5257740281758366
2021-08-16,Orange,059,3164182.0,3864834,8412,2210732,5843,1530824,2210,122088,357,204151,3894,2086101,4248,1881950,3530,0.0645193607700189,0.6592860334835354,0.5947666727135165
2021-08-16,Placer,061,380077.0,439150,949,252908,643,174492,261,11736,45,22356,497,236034,542,213678,371,0.0588196602267435,0.6210162677562704,0.5621966075295269
2021-08-16,Plumas,063,18699.0,17430,20,2321,10,13960,9,1107,1,862,12,9616,13,8754,6,0.0460987218567837,0.5142520990427295,0.4681533771859458
2021-08-16,Riverside,065,2383286.0,2334598,6913,1348495,5057,915580,1618,69440,236,173336,3477,1283796,3713,1110460,2909,0.0727298360331072,0.538666362324958,0.4659365262918508
2021-08-16,Sacramento,067,1510023.0,1676201,3984,945937,2758,681813,1068,48235,158,97163,2100,907812,2253,810649,1676,0.0643453775207397,0.6011908427884873,0.5368454652677476
2021-08-16,San Benito,069,59416.0,70640,168,39446,124,27914,36,3175,8,4987,75,39107,83,34120,88,0.0839336205735828,0.6581897132085633,0.5742560926349805
2021-08-16,San Bernardino,071,2135413.0,1942415,5518,1154329,4097,726781,1234,61068,186,141097,2801,1068946,2983,927849,2460,0.0660748061382037,0.5005804497771625,0.4345056436389588
2021-08-16,San Diego,073,3302833.0,4196175,8808,2283536,6236,1750466,2155,161088,415,286855,4254,2331658,4926,2044803,3856,0.086851197138941,0.7059569769346498,0.6191057797957087
2021-08-16,San Francisco,075,870044.0,1283183,1824,823751,1344,405611,395,53463,84,42207,744,685843,825,643636,647,0.0485113396563852,0.7882854200477217,0.7397740803913365
2021-08-16,San Joaquin,077,732212.0,750041,1839,428322,1159,296808,652,24865,28,64472,1028,413387,1055,348915,742,0.0880510016224809,0.5645728286343299,0.476521827011849
2021-08-16,San Luis Obispo,079,281455.0,310455,707,159135,487,139273,191,11917,29,18075,307,169481,335,151406,287,0.0642198575260698,0.6021602032296459,0.5379403457035761
2021-08-16,San Mateo,081,765935.0,1093707,1304,676811,979,376930,275,39483,50,43834,555,585936,603,542102,535,0.0572293993615646,0.7649944185864336,0.7077650192248689
2021-08-16,Santa Barbara,083,443738.0,513388,935,299604,635,191067,278,22367,22,34385,431,283919,451,249534,368,0.0774894194321874,0.639834767362723,0.5623453479305356
2021-08-16,Santa Clara,085,1922200.0,2789332,3599,1800429,2653,882210,782,102986,162,91813,1624,1484039,1784,1392226,1486,0.0477645406305275,0.7720523358651545,0.7242877952346269
2021-08-16,Santa Cruz,087,273765.0,352354,440,171652,258,170970,169,9688,12,15604,192,188058,202,172454,171,0.0569977900754296,0.6869322228918964,0.6299344328164667
2021-08-16,Shasta,089,179085.0,130466,381,58752,156,64862,168,6805,57,12100,191,74431,247,62331,158,0.067565681101153,0.4156182818214814,0.3480526007203283
2021-08-16,Sierra,091,2930.0,2763,1,243,1,2473,0,45,0,72,1,1431,1,1359,0,0.0245733788395904,0.4883959044368601,0.4638225255972696
2021-08-16,Siskiyou,093,43540.0,35308,77,14537,38,19657,39,1079,0,2698,51,19474,51,16776,25,0.061966008268259,0.4472668810289389,0.3853008727606798
2021-08-16,Solano,095,438530.0,495463,1040,272087,771,209733,222,13599,47,42551,523,275067,570,232516,489,0.0970309898980685,0.6272478507741773,0.5302168608761089
2021-08-16,Sonoma,097,501317.0,657051,852,364798,586,270952,225,21244,41,32468,357,353954,398,321486,382,0.0647654079155504,0.7060482688598232,0.6412828609442728
2021-08-16,Stanislaus,099,539301.0,502719,1503,286555,1085,198564,389,17292,28,46194,856,278647,884,232453,589,0.0856553204982004,0.5166817788211037,0.4310264583229031
2021-08-16,Sutter,101,95872.0,89319,235,37169,121,48009,105,4134,9,7033,149,49949,157,42916,76,0.0733582276368491,0.5209967456608812,0.447638518024032
2021-08-16,Tehama,103,63373.0,42359,121,15684,61,25031,50,1635,10,2739,62,23302,71,20563,55,0.0432202988654474,0.3676960219651902,0.3244757230997428
2021-08-16,Trinity,105,12862.0,9809,23,1946,15,7216,8,642,0,671,13,5550,13,4879,10,0.0521691805317991,0.4315036541750894,0.3793344736432903
2021-08-16,Tulare,107,460477.0,377637,977,221787,619,144571,332,11202,26,31353,542,209350,567,177997,372,0.0680880912618871,0.4546372565839336,0.3865491653220465
2021-08-16,Tuolumne,109,53932.0,49795,115,13567,52,35145,58,1078,5,2877,71,26407,76,23530,34,0.0533449529036564,0.4896350960468738,0.4362901431432174
2021-08-16,Ventura,111,848112.0,1015329,2199,542019,1577,436952,523,35973,98,53016,1057,550174,1152,497158,914,0.0625106118059879,0.6487044163978343,0.5861938045918463
2021-08-16,Yolo,113,214977.0,258401,368,127496,261,123037,98,7832,9,14587,184,140040,193,125453,164,0.0678537704033454,0.6514185238420854,0.5835647534387399
2021-08-16,Yuba,115,75493.0,55120,218,21006,100,30638,99,3459,19,4611,137,31483,156,26872,76,0.0610785105903858,0.4170320427059462,0.3559535321155603
2021-08-15,Alameda,001,1643700.0,2233033,1293,1418272,975,703533,250,110491,67,88585,651,1211180,718,1122595,511,0.0538936545598345,0.7368619577781834,0.6829683032183489
2021-08-15,Alpine,003,1148.0,1477,0,40,0,1431,0,6,0,87,0,779,0,692,0,0.0757839721254355,0.6785714285714286,0.6027874564459931
2021-08-15,Amador,005,37829.0,37090,20,10070,3,25706,15,1313,2,3197,14,20332,16,17135,5,0.0845118824182505,0.53747125221391,0.4529593697956594
2021-08-15,Butte,007,227075.0,188369,160,90951,110,89753,46,7644,4,11528,97,103416,100,91888,46,0.0507673676098205,0.4554266211604095,0.404659253550589
2021-08-15,Calaveras,009,45235.0,42641,33,17878,17,23532,15,1229,1,2636,13,22815,14,20179,18,0.05827346081574,0.5043660882060351,0.4460926273902951
2021-08-15,Colusa,011,21464.0,20230,47,5026,23,14245,23,955,1,1529,33,11319,34,9790,13,0.071235557212076,0.527348117778606,0.45611256056653
2021-08-15,Contra Costa,013,1133247.0,1555411,1038,1043198,808,461104,219,50760,11,56718,545,829206,556,772488,368,0.0500491066819501,0.7317080918811169,0.6816589851991667
2021-08-15,Del Norte,015,27424.0,20111,11,7232,2,11728,8,1114,1,1567,5,11313,6,9746,4,0.0571397316219369,0.4125218786464411,0.3553821470245041
2021-08-15,El Dorado,017,186661.0,199034,170,95359,110,95975,33,7675,27,11328,88,108667,115,97339,73,0.0606875565865392,0.5821623156417248,0.5214747590551856
2021-08-15,Fresno,019,978130.0,940319,976,502746,717,402449,249,34650,10,73258,568,521454,578,448196,354,0.0748959749726519,0.5331131853639087,0.4582172103912568
2021-08-15,Glenn,021,27897.0,23524,13,9643,12,12590,1,1271,0,1254,7,12974,7,11720,3,0.0449510700075276,0.4650679284510879,0.4201168584435602
2021-08-15,Humboldt,023,135768.0,147023,136,73788,91,65640,18,7468,25,8314,65,80998,89,72684,57,0.0612368157445053,0.5965912438866301,0.5353544281421247
2021-08-15,Imperial,025,180216.0,239299,114,119289,90,104474,22,15499,2,25254,86,139355,89,114101,27,0.1401318417898522,0.7732665246149065,0.6331346828250544
2021-08-15,Inyo,027,18085.0,18615,3,6886,1,11012,2,563,0,884,3,9934,3,9050,0,0.0488802875311031,0.5492949958529167,0.5004147083218137
2021-08-15,Kern,029,883053.0,706225,755,365827,479,308125,264,32061,12,58018,477,396449,488,338431,253,0.0657016056793873,0.4489526676201768,0.3832510619407895
2021-08-15,Kings,031,150075.0,99310,195,46227,153,48044,32,5000,10,9080,116,56551,126,47471,75,0.0605030817924371,0.3768182575378977,0.3163151757454606
2021-08-15,Lake,033,64148.0,56876,43,17655,20,36492,23,2726,0,4161,29,31788,29,27627,14,0.064865623246243,0.4955415601421712,0.4306759368959281
2021-08-15,Lassen,035,31185.0,12635,13,1720,4,9796,9,1105,0,779,8,7225,8,6446,4,0.0249799583132916,0.231681898348565,0.2067019400352733
2021-08-15,Los Angeles,037,10098052.0,11896251,10598,6567279,7486,4856863,2926,467939,186,766231,5039,6536454,5220,5770223,4472,0.0758790903433652,0.647298508662859,0.5714194183194937
2021-08-15,Madera,039,155013.0,130725,98,67793,62,57429,32,5418,4,9543,62,72439,66,62896,33,0.0615625786224381,0.4673091934224871,0.405746614800049
2021-08-15,Marin,041,260295.0,392657,230,248408,145,131719,73,12510,12,13339,76,208510,88,195171,65,0.0512457019919706,0.8010526517989205,0.7498069498069498
2021-08-15,Mariposa,043,17540.0,13957,4,2979,2,10384,2,572,0,2510,2,8448,2,5938,2,0.1431014823261117,0.4816419612314709,0.3385404789053591
2021-08-15,Mendocino,045,87422.0,99516,74,54330,52,41682,22,3493,0,7279,39,54895,39,47616,32,0.0832627942623138,0.627931184370067,0.5446683901077531
2021-08-15,Merced,047,269075.0,227348,369,133551,267,83316,96,9649,6,26466,245,128840,250,102374,120,0.0983591935334014,0.4788256062436123,0.3804664127102109
2021-08-15,Modoc,049,8938.0,6008,0,909,0,4694,0,395,0,297,0,3340,0,3043,0,0.033228910270754,0.3736853882300291,0.340456477959275
2021-08-15,Mono,051,14174.0,16197,0,8930,0,6867,0,340,0,685,0,8560,0,7875,0,0.0483279243685621,0.6039226753210103,0.5555947509524481
2021-08-15,Monterey,053,433212.0,501957,418,240179,261,239310,156,21819,1,31573,240,276387,241,244814,145,0.072881175960038,0.6379947923880225,0.5651136164279844
2021-08-15,Napa,055,140530.0,187373,106,98831,78,82994,26,5536,2,11478,59,101887,61,90409,35,0.0816765103536611,0.7250195687753505,0.6433430584216894
2021-08-15,Nevada,057,99092.0,108360,84,57922,40,47326,41,3066,3,6887,51,58890,54,52003,21,0.0695010697129939,0.5942962095830138,0.5247951398700198
2021-08-15,Orange,059,3164182.0,3856422,3738,2204889,2743,1528614,949,121731,43,203433,1810,2081853,1854,1878420,1573,0.0642924458833278,0.6579435064101875,0.5936510605268597
2021-08-15,Placer,061,380077.0,438201,387,252265,265,174231,100,11691,22,22185,183,235492,205,213307,171,0.058369751392481,0.6195902409248653,0.5612204895323842
2021-08-15,Plumas,063,18699.0,17410,1,2311,1,13951,0,1106,0,855,0,9603,0,8748,1,0.0457243702871811,0.5135568746991818,0.4678325044120006
2021-08-15,Riverside,065,2383286.0,2327685,2866,1343438,2201,913962,633,69204,31,172532,1538,1280083,1571,1107551,1102,0.0723924866759591,0.5371084292862879,0.4647159426103288
2021-08-15,Sacramento,067,1510023.0,1672217,1467,943179,1054,680745,369,48077,44,96586,742,905559,787,808973,651,0.0639632641357118,0.5996988125346435,0.5357355483989317
2021-08-15,San Benito,069,59416.0,70472,37,39322,19,27878,15,3167,3,4992,28,39024,31,34032,8,0.0840177729904402,0.6567927830887303,0.57277501009829
2021-08-15,San Bernardino,071,2135413.0,1936897,2335,1150232,1712,725547,602,60882,20,140574,1251,1065963,1271,925389,993,0.0658298886444917,0.4991835303053789,0.4333536416608871
2021-08-15,San Diego,073,3302833.0,4187367,3622,2277300,2559,1748311,892,160673,170,285785,1680,2326732,1989,2040947,1662,0.0865272328331465,0.7044655300464783,0.6179382972133317
2021-08-15,San Francisco,075,870044.0,1281359,670,822407,505,405216,154,53379,11,42029,288,685018,299,642989,215,0.0483067523021824,0.7873371921420066,0.7390304398398242
2021-08-15,San Joaquin,077,732212.0,748202,942,427163,742,296156,184,24837,16,64159,580,412332,598,348173,330,0.087623529797381,0.5631319890960541,0.4755084592986731
2021-08-15,San Luis Obispo,079,281455.0,309748,318,158648,241,139082,71,11888,6,18027,182,169146,188,151119,92,0.0640493151658346,0.6009699596738377,0.536920644508003
2021-08-15,San Mateo,081,765935.0,1092403,712,675832,545,376655,147,39433,20,43766,326,585333,345,541567,269,0.0571406189820285,0.7642071455149588,0.7070665265329303
2021-08-15,Santa Barbara,083,443738.0,512453,510,298969,385,190789,116,22345,8,34302,268,283468,276,249166,169,0.0773023721204855,0.6388184018497401,0.5615160297292546
2021-08-15,Santa Clara,085,1922200.0,2785733,1593,1797776,1231,881428,294,102824,66,91515,725,1482255,790,1390740,643,0.047609509936531,0.7711242326500884,0.7235147227135574
2021-08-15,Santa Cruz,087,273765.0,351914,245,171394,180,170801,55,9676,10,15573,133,187856,143,172283,81,0.0568845542709988,0.6861943637791537,0.6293098095081548
2021-08-15,Shasta,089,179085.0,130085,140,58596,88,64694,48,6748,4,12011,87,74184,91,62173,43,0.0670687103889214,0.414239048496524,0.3471703381076025
2021-08-15,Sierra,091,2930.0,2762,0,242,0,2473,0,45,0,71,0,1430,0,1359,0,0.0242320819112627,0.4880546075085324,0.4638225255972696
2021-08-15,Siskiyou,093,43540.0,35231,10,14499,4,19618,6,1079,0,2672,8,19423,8,16751,0,0.0613688562241616,0.4460955443270555,0.3847266881028939
2021-08-15,Solano,095,438530.0,494423,396,271316,304,209511,84,13552,8,42470,233,274497,241,232027,149,0.0968462818963354,0.6259480537249447,0.5291017718286092
2021-08-15,Sonoma,097,501317.0,656199,301,364212,234,270727,65,21203,1,32452,150,353556,151,321104,132,0.0647334919821191,0.7052543600157186,0.6405208680335995
2021-08-15,Stanislaus,099,539301.0,501216,883,285470,705,198175,175,17264,3,45899,514,277763,518,231864,345,0.0851083161351453,0.5150426199840163,0.429934303848871
2021-08-15,Sutter,101,95872.0,89084,158,37048,95,47904,63,4125,0,6952,94,49792,94,42840,58,0.0725133511348464,0.5193591455273698,0.4468457943925233
2021-08-15,Tehama,103,63373.0,42238,33,15623,19,24981,13,1625,1,2723,23,23231,24,20508,9,0.0429678254146087,0.3665756710270935,0.3236078456124848
2021-08-15,Trinity,105,12862.0,9786,8,1931,8,7208,0,642,0,668,5,5537,5,4869,3,0.051935935313326,0.4304929248950396,0.3785569895817136
2021-08-15,Tulare,107,460477.0,376660,463,221168,321,144239,141,11176,1,31158,264,208783,265,177625,172,0.0676646173424514,0.4534059247258821,0.3857413073834306
2021-08-15,Tuolumne,109,53932.0,49680,28,13515,12,35087,16,1073,0,2835,17,26331,17,23496,10,0.0525661944671067,0.4882259141140695,0.4356597196469628
2021-08-15,Ventura,111,848112.0,1013130,864,540442,675,436429,172,35875,15,52778,435,549022,450,496244,339,0.0622299884920859,0.6473461052313846,0.5851161167392985
2021-08-15,Yolo,113,214977.0,258033,139,127235,86,122939,49,7823,4,14558,62,139847,66,125289,61,0.0677188722514501,0.65052075338292,0.5828018811314699
2021-08-15,Yuba,115,75493.0,54902,91,20906,61,30539,30,3440,0,4531,66,31327,66,26796,24,0.0600188096909647,0.414965625952075,0.3549468162611103
2021-08-14,Alameda,001,1643700.0,2231740,2529,1417297,1954,703283,484,110424,90,88378,1217,1210462,1306,1122084,1110,0.0537677191701648,0.7364251384072519,0.682657419237087
2021-08-14,Alpine,003,1148.0,1477,0,40,0,1431,0,6,0,87,0,779,0,692,0,0.0757839721254355,0.6785714285714286,0.6027874564459931
2021-08-14,Amador,005,37829.0,37070,37,10067,14,25691,19,1311,4,3186,22,20316,26,17130,14,0.0842211002141214,0.5370482962806312,0.4528271960665098
2021-08-14,Butte,007,227075.0,188209,211,90841,147,89707,62,7640,2,11474,109,103316,111,91842,96,0.0505295607178245,0.4549862380270835,0.404456677309259
2021-08-14,Calaveras,009,45235.0,42608,91,17861,52,23517,29,1228,10,2640,51,22801,61,20161,31,0.058361887918647,0.5040565933458605,0.4456947054272134
2021-08-14,Colusa,011,21464.0,20183,56,5003,42,14222,14,954,0,1508,36,11285,36,9777,18,0.0702571748043235,0.5257640700708163,0.4555068952664927
2021-08-14,Contra Costa,013,1133247.0,1554373,1617,1042390,1226,460885,296,50749,95,56530,749,828650,847,772120,701,0.0498832116917141,0.7312174662716954,0.6813342545799812
2021-08-14,Del Norte,015,27424.0,20100,44,7230,19,11720,17,1113,8,1565,32,11307,40,9742,11,0.0570668028004667,0.4123030921820303,0.3552362893815636
2021-08-14,El Dorado,017,186661.0,198864,223,95249,142,95942,60,7648,21,11286,121,108552,142,97266,82,0.0604625497559747,0.5815462255104172,0.5210836757544426
2021-08-14,Fresno,019,978130.0,939343,1854,502029,1374,402200,442,34640,38,73034,1084,520876,1122,447842,696,0.0746669665586374,0.532522261867032,0.4578552953083946
2021-08-14,Glenn,021,27897.0,23511,44,9631,26,12589,16,1271,2,1250,21,12967,22,11717,21,0.0448076854142022,0.4648170054127684,0.4200093199985661
2021-08-14,Humboldt,023,135768.0,146887,156,73697,113,65622,38,7443,5,8282,79,80909,84,72627,62,0.0610011195568911,0.5959357138648282,0.5349345943079371
2021-08-14,Imperial,025,180216.0,239185,415,119199,321,104452,82,15497,12,25192,278,139266,290,114074,133,0.1397878101833355,0.7727726727926488,0.6329848626093133
2021-08-14,Inyo,027,18085.0,18612,14,6885,10,11010,4,563,0,881,3,9931,3,9050,11,0.0487144042023776,0.5491291125241913,0.5004147083218137
2021-08-14,Kern,029,883053.0,705470,1503,365348,987,307861,466,32049,50,57783,920,395961,971,338178,541,0.0654354834874011,0.4484000394087331,0.382964555921332
2021-08-14,Kings,031,150075.0,99115,192,46074,141,48012,43,4990,8,9029,101,56425,108,47396,88,0.0601632517074796,0.3759786773280026,0.315815425620523
2021-08-14,Lake,033,64148.0,56833,64,17635,33,36469,31,2726,0,4146,36,31759,36,27613,28,0.0646317889879653,0.4950894805761676,0.4304576915882023
2021-08-14,Lassen,035,31185.0,12622,17,1716,1,9787,13,1105,3,775,10,7217,13,6442,6,0.0248516915183581,0.2314253647586981,0.2065736732403399
2021-08-14,Los Angeles,037,10098052.0,11885653,20784,6559793,14897,4853937,5228,467753,656,765483,10712,6531234,11355,5765751,8713,0.0758050166507362,0.6467815772784692,0.5709765606277329
2021-08-14,Madera,039,155013.0,130627,224,67731,177,57397,40,5414,7,9510,115,72373,122,62863,106,0.0613496932515337,0.4668834226806784,0.4055337294291447
2021-08-14,Marin,041,260295.0,392427,339,248263,230,131646,71,12498,38,13316,144,208422,182,195106,115,0.0511573407095795,0.8007145738489022,0.7495572331393227
2021-08-14,Mariposa,043,17540.0,13953,16,2977,11,10382,5,572,0,2510,7,8446,7,5936,7,0.1431014823261117,0.4815279361459521,0.3384264538198404
2021-08-14,Mendocino,045,87422.0,99442,128,54278,90,41660,37,3493,1,7272,88,54856,90,47584,36,0.0831827228843998,0.6274850724074031,0.5443023495230034
2021-08-14,Merced,047,269075.0,226979,439,133284,337,83220,94,9643,7,26336,266,128590,273,102254,160,0.0978760568614698,0.4778964972591284,0.3800204403976586
2021-08-14,Modoc,049,8938.0,6008,4,909,1,4694,3,395,0,297,3,3340,3,3043,1,0.033228910270754,0.3736853882300291,0.340456477959275
2021-08-14,Mono,051,14174.0,16197,9,8930,2,6867,7,340,0,685,4,8560,4,7875,5,0.0483279243685621,0.6039226753210103,0.5555947509524481
2021-08-14,Monterey,053,433212.0,501539,945,239918,706,239154,234,21818,5,31477,576,276146,581,244669,345,0.0726595754503568,0.637438482775177,0.5647789073248202
2021-08-14,Napa,055,140530.0,187267,147,98753,113,82968,30,5534,4,11452,74,101826,78,90374,63,0.0814914964776204,0.7245854977584857,0.6430940012808652
2021-08-14,Nevada,057,99092.0,108276,128,57882,60,47285,51,3063,17,6854,66,58836,82,51982,49,0.0691680458563759,0.5937512614540024,0.5245832155976264
2021-08-14,Orange,059,3164182.0,3852684,5811,2202146,4103,1527665,1523,121688,184,203152,3034,2079999,3215,1876847,2299,0.0642036393608205,0.6573575729841078,0.5931539336232872
2021-08-14,Placer,061,380077.0,437814,547,252000,376,174131,144,11669,27,22151,269,235287,296,213136,240,0.0582802958347913,0.619050876532913,0.5607705806981217
2021-08-14,Plumas,063,18699.0,17409,7,2310,3,13951,4,1106,0,856,6,9603,6,8747,1,0.0457778490828386,0.5135568746991818,0.4677790256163431
2021-08-14,Riverside,065,2383286.0,2324819,5925,1341237,4614,913329,1209,69173,102,172063,3327,1278512,3432,1106449,2360,0.0721956995509561,0.5364492553558406,0.4642535558048845
2021-08-14,Sacramento,067,1510023.0,1670750,2856,942125,2024,680376,731,48033,101,96450,1493,904772,1592,808322,1251,0.063873199282395,0.5991776284202294,0.5353044291378343
2021-08-14,San Benito,069,59416.0,70435,177,39303,146,27863,27,3164,4,4969,103,38993,107,34024,69,0.0836306718728961,0.6562710381042144,0.5726403662313182
2021-08-14,San Bernardino,071,2135413.0,1934562,4610,1148520,3629,724945,892,60862,88,140296,2636,1064692,2723,924396,1868,0.0656997030550998,0.4985883292833751,0.4328886262282753
2021-08-14,San Diego,073,3302833.0,4183745,6214,2274741,4513,1747419,1419,160503,280,285458,3261,2324743,3767,2039285,2637,0.0864282269191327,0.7038633197621557,0.6174350928430229
2021-08-14,San Francisco,075,870044.0,1280689,1174,821902,921,405062,202,53368,50,41945,561,684719,604,642774,345,0.0482102054608732,0.7869935313616323,0.738783325900759
2021-08-14,San Joaquin,077,732212.0,747260,1421,426421,1120,295972,261,24821,40,63891,825,411734,865,347843,560,0.0872575155829186,0.5623152857369177,0.4750577701539991
2021-08-14,San Luis Obispo,079,281455.0,309430,368,158407,236,139011,123,11882,9,17931,200,168958,209,151027,127,0.0637082304453642,0.6003020020962498,0.5365937716508856
2021-08-14,San Mateo,081,765935.0,1091691,1107,675287,910,376508,158,39413,39,43690,521,584988,560,541298,469,0.0570413938519587,0.7637567156481947,0.706715321796236
2021-08-14,Santa Barbara,083,443738.0,511943,782,298584,567,190673,204,22337,10,34195,445,283192,454,248997,274,0.0770612388391348,0.6381964131987795,0.5611351743596447
2021-08-14,Santa Clara,085,1922200.0,2784140,2662,1796545,1949,881134,622,102758,91,91368,1258,1481465,1349,1390097,1108,0.0475330350639891,0.7707132452398293,0.7231802101758402
2021-08-14,Santa Cruz,087,273765.0,351669,285,171214,204,170746,74,9666,7,15511,129,187713,136,172202,130,0.0566580826621372,0.685672017971618,0.6290139353094808
2021-08-14,Shasta,089,179085.0,129945,235,58508,145,64646,86,6744,4,11963,153,74093,157,62130,74,0.0668006812407516,0.4137309099031186,0.346930228662367
2021-08-14,Sierra,091,2930.0,2762,0,242,0,2473,0,45,0,71,0,1430,0,1359,0,0.0242320819112627,0.4880546075085324,0.4638225255972696
2021-08-14,Siskiyou,093,43540.0,35221,29,14495,14,19612,15,1079,0,2664,18,19415,18,16751,9,0.0611851171336701,0.4459118052365641,0.3847266881028939
2021-08-14,Solano,095,438530.0,494027,558,271012,402,209427,131,13544,25,42378,307,274256,332,231878,238,0.0966364900918979,0.6253984904111464,0.5287620003192484
2021-08-14,Sonoma,097,501317.0,655898,818,363978,656,270662,130,21202,32,32433,408,353405,440,320972,372,0.0646955918111693,0.7049531533939604,0.6402575615827909
2021-08-14,Stanislaus,099,539301.0,500333,1064,284765,797,198000,226,17261,39,45726,576,277245,615,231519,452,0.0847875305256248,0.5140821174075331,0.4292945868819082
2021-08-14,Sutter,101,95872.0,88926,179,36953,112,47841,66,4125,1,6916,96,49698,97,42782,77,0.0721378504672897,0.5183786715620827,0.446240821094793
2021-08-14,Tehama,103,63373.0,42205,73,15604,32,24968,40,1624,1,2708,46,23207,47,20499,27,0.0427311315544474,0.3661969608508355,0.323465829296388
2021-08-14,Trinity,105,12862.0,9778,16,1923,14,7208,1,642,1,666,10,5532,11,4866,6,0.0517804385010107,0.4301041828642513,0.3783237443632405
2021-08-14,Tulare,107,460477.0,376197,1231,220847,947,144098,272,11175,12,31065,769,208518,781,177453,435,0.0674626528577974,0.4528304345276746,0.3853677816698771
2021-08-14,Tuolumne,109,53932.0,49652,39,13503,16,35071,21,1073,2,2828,20,26314,22,23486,19,0.0524364013943484,0.4879107023659423,0.4354743009715938
2021-08-14,Ventura,111,848112.0,1012266,1370,539767,1013,436257,291,35860,66,52667,672,548572,737,495905,603,0.0620991095515686,0.6468155149319901,0.5847164053804215
2021-08-14,Yolo,113,214977.0,257894,247,127149,146,122890,89,7819,12,14553,134,139781,145,125228,99,0.0676956139493992,0.650213743795848,0.5825181298464487
2021-08-14,Yuba,115,75493.0,54811,140,20845,90,30509,48,3440,2,4489,73,31261,75,26772,63,0.0594624667187686,0.4140913727100526,0.3546289059912839
2021-08-13,Alameda,001,1643700.0,2229211,4219,1415343,3402,702799,665,110334,149,88182,2255,1209156,2402,1120974,1798,0.0536484759992699,0.7356305895236357,0.6819821135243658
2021-08-13,Alpine,003,1148.0,1477,1,40,0,1431,1,6,0,87,0,779,0,692,0,0.0757839721254355,0.6785714285714286,0.6027874564459931
2021-08-13,Amador,005,37829.0,37033,94,10053,44,25672,47,1307,3,3174,72,20290,75,17116,21,0.0839038832641624,0.5363609928890534,0.4524571096248909
2021-08-13,Butte,007,227075.0,187998,466,90694,267,89645,165,7638,34,11459,258,103205,291,91746,202,0.0504635032478256,0.4544974127490917,0.4040339095012661
2021-08-13,Calaveras,009,45235.0,42517,120,17809,86,23488,29,1218,5,2610,78,22740,82,20130,37,0.0576986846468442,0.5027080800265281,0.4450093953796838
2021-08-13,Colusa,011,21464.0,20127,80,4961,52,14208,27,954,1,1490,45,11249,46,9759,34,0.0694185613119642,0.5240868430860977,0.4546682817741334
2021-08-13,Contra Costa,013,1133247.0,1552756,3129,1041164,2626,460589,363,50654,139,56384,1740,827803,1879,771419,1310,0.049754378348233,0.7304700563954725,0.6807156780472395
2021-08-13,Del Norte,015,27424.0,20056,66,7211,30,11703,24,1105,12,1536,41,11267,53,9731,24,0.0560093348891481,0.4108445157526254,0.3548351808634772
2021-08-13,El Dorado,017,186661.0,198641,449,95107,307,95882,113,7627,29,11226,217,108410,246,97184,227,0.0601411114265968,0.5807854881308897,0.5206443767042928
2021-08-13,Fresno,019,978130.0,937489,3249,500655,2387,401758,767,34602,94,72608,1891,519754,1983,447146,1311,0.0742314416284134,0.5313751750789772,0.4571437334505638
2021-08-13,Glenn,021,27897.0,23467,103,9605,78,12573,11,1269,14,1249,54,12945,68,11696,48,0.0447718392658708,0.4640283901494784,0.4192565508836076
2021-08-13,Humboldt,023,135768.0,146731,451,73584,254,65584,154,7438,42,8260,268,80825,311,72565,170,0.0608390784279064,0.595317011372341,0.5344779329444346
2021-08-13,Imperial,025,180216.0,238770,1018,118878,733,104370,195,15485,90,25035,497,138976,588,113941,509,0.1389166333732854,0.7711634926976517,0.6322468593243663
2021-08-13,Inyo,027,18085.0,18598,34,6875,11,11006,23,563,0,889,20,9928,20,9039,14,0.0491567597456455,0.5489632291954658,0.4998064694498202
2021-08-13,Kern,029,883053.0,703967,2974,364361,1891,307395,905,31999,177,57353,1871,394990,2047,337637,1069,0.0649485364978093,0.4473004451601433,0.382351908662334
2021-08-13,Kings,031,150075.0,98923,355,45933,222,47969,113,4982,20,9009,239,56317,263,47308,113,0.0600299850074962,0.3752590371480926,0.3152290521405964
2021-08-13,Lake,033,64148.0,56769,207,17602,101,36438,86,2726,20,4138,105,31723,125,27585,101,0.0645070773835505,0.494528278356301,0.4300212009727505
2021-08-13,Lassen,035,31185.0,12605,33,1715,0,9774,25,1102,8,768,14,7204,22,6436,19,0.0246272246272246,0.2310084976751643,0.2063812730479397
2021-08-13,Los Angeles,037,10098052.0,11864869,29354,6544896,21401,4848709,6936,467097,1004,762841,15803,6519879,16778,5757038,12761,0.0755433820305144,0.6456571029739201,0.5701137209434057
2021-08-13,Madera,039,155013.0,130403,477,67554,354,57357,110,5407,11,9494,332,72251,342,62757,135,0.0612464761020043,0.4660963919155168,0.4048499158135124
2021-08-13,Marin,041,260295.0,392088,340,248033,233,131575,79,12460,28,13249,152,208240,179,194991,149,0.0508999404521792,0.8000153671795462,0.749115426727367
2021-08-13,Mariposa,043,17540.0,13937,15,2966,9,10377,6,572,0,2510,9,8439,9,5929,6,0.1431014823261117,0.4811288483466363,0.3380273660205245
2021-08-13,Mendocino,045,87422.0,99314,468,54188,310,41623,149,3492,9,7218,294,54766,303,47548,157,0.0825650293976344,0.6264555832627943,0.5438905538651598
2021-08-13,Merced,047,269075.0,226540,933,132947,654,83126,257,9636,19,26223,560,128317,580,102094,350,0.0974560996004831,0.4768819102480721,0.3794258106475889
2021-08-13,Modoc,049,8938.0,6004,13,908,3,4691,10,395,0,295,8,3337,8,3042,4,0.0330051465652271,0.3733497426717386,0.3403445961065115
2021-08-13,Mono,051,14174.0,16188,14,8928,8,6860,5,340,1,686,9,8556,10,7870,4,0.0483984760829688,0.6036404684633837,0.5552419923804148
2021-08-13,Monterey,053,433212.0,500594,1199,239212,747,238920,405,21813,44,31241,680,275565,723,244324,482,0.0721148075307239,0.6360973380238775,0.5639825304931535
2021-08-13,Napa,055,140530.0,187120,226,98640,177,82938,30,5530,19,11437,113,101748,131,90311,105,0.0813847577029815,0.7240304561303637,0.6426456984273821
2021-08-13,Nevada,057,99092.0,108148,202,57822,115,47234,73,3046,14,6821,134,58754,148,51933,61,0.0688350219997578,0.5929237476284664,0.5240887256287087
2021-08-13,Orange,059,3164182.0,3846873,8723,2198043,6394,1526142,2008,121504,320,202236,4979,2076784,5294,1874548,3566,0.0639141490596937,0.6563415125931441,0.5924273635334504
2021-08-13,Placer,061,380077.0,437267,1015,251624,713,173987,247,11642,55,22095,528,234991,583,212896,469,0.0581329572691849,0.6182720869718504,0.5601391297026656
2021-08-13,Plumas,063,18699.0,17402,31,2307,17,13947,9,1106,5,851,19,9597,24,8746,12,0.045510455104551,0.5132360019252367,0.4677255468206856
2021-08-13,Riverside,065,2383286.0,2318894,8416,1336623,6404,912120,1716,69071,294,170991,4831,1275080,5121,1104089,3489,0.071745900408092,0.5350092267566713,0.4632633263485792
2021-08-13,Sacramento,067,1510023.0,1667894,4557,940101,3157,679645,1194,47932,205,96109,2459,903180,2661,807071,2045,0.0636473749075345,0.5981233398431679,0.5344759649356334
2021-08-13,San Benito,069,59416.0,70258,188,39157,120,27836,62,3160,6,4931,119,38886,126,33955,67,0.0829911135047798,0.6544701763834657,0.5714790628786859
2021-08-13,San Bernardino,071,2135413.0,1929952,7626,1144891,5824,724053,1556,60774,245,139441,4201,1061969,4443,922528,3341,0.0652993121236969,0.4973131661182169,0.43201385399452
2021-08-13,San Diego,073,3302833.0,4177531,9018,2270228,6398,1746000,2231,160223,382,284328,4874,2320976,5419,2036648,3970,0.0860860963905834,0.7027227837435317,0.6166366873529482
2021-08-13,San Francisco,075,870044.0,1279515,1576,820981,1112,404860,381,53318,82,41686,730,684115,811,642429,605,0.0479125193668366,0.7862993135979329,0.7383867942310963
2021-08-13,San Joaquin,077,732212.0,745839,2334,425301,1706,295711,564,24781,64,63586,1355,410869,1418,347283,960,0.0868409695552654,0.5611339338879997,0.4742929643327342
2021-08-13,San Luis Obispo,079,281455.0,309062,547,158171,316,138888,203,11873,28,17849,304,168749,331,150900,225,0.0634168872466291,0.599559432236059,0.5361425449894299
2021-08-13,San Mateo,081,765935.0,1090584,1320,674377,1007,376350,238,39374,74,43599,677,584428,750,540829,543,0.0569225848146383,0.7630255831108383,0.7061029982962
2021-08-13,Santa Barbara,083,443738.0,511161,1290,298017,874,190469,344,22327,71,34015,724,282738,795,248723,519,0.0766555940667691,0.6371732869395905,0.5605176928728214
2021-08-13,Santa Clara,085,1922200.0,2781478,3750,1794596,2820,880512,747,102667,180,91127,1840,1480116,2019,1388989,1742,0.0474076578919987,0.7700114452190199,0.7226037873270211
2021-08-13,Santa Cruz,087,273765.0,351384,529,171010,362,170672,133,9659,34,15505,271,187577,305,172072,237,0.056636166054828,0.6851752415392763,0.6285390754844483
2021-08-13,Shasta,089,179085.0,129710,455,58363,275,64560,134,6740,46,11880,285,73936,330,62056,159,0.0663372141720412,0.4128542312309797,0.3465170170589385
2021-08-13,Sierra,091,2930.0,2762,0,242,0,2473,0,45,0,71,0,1430,0,1359,0,0.0242320819112627,0.4880546075085324,0.4638225255972696
2021-08-13,Siskiyou,093,43540.0,35192,117,14481,81,19597,28,1079,8,2655,74,19397,83,16742,42,0.0609784106568672,0.4454983922829582,0.3845199816260909
2021-08-13,Solano,095,438530.0,493469,1192,270610,903,209296,219,13519,70,42284,709,273924,780,231640,475,0.0964221375960595,0.6246414156386109,0.5282192780425512
2021-08-13,Sonoma,097,501317.0,655080,1136,363322,872,270532,217,21170,47,32365,640,352965,686,320600,461,0.0645599490940861,0.7040754652245984,0.6395155161305123
2021-08-13,Stanislaus,099,539301.0,499269,1704,283968,1126,197774,529,17222,49,45563,1059,276630,1109,231067,627,0.0844852874368859,0.5129417523794689,0.4284564649425831
2021-08-13,Sutter,101,95872.0,88747,315,36841,180,47775,121,4124,14,6896,207,49601,221,42705,105,0.0719292389853137,0.5173669058744993,0.4454376668891855
2021-08-13,Tehama,103,63373.0,42132,157,15572,85,24928,67,1623,5,2688,100,23160,105,20472,55,0.0424155397408991,0.3654553200889969,0.3230397803480977
2021-08-13,Trinity,105,12862.0,9762,24,1909,21,7207,3,641,0,661,11,5521,11,4860,13,0.0513916964702223,0.4292489503965169,0.3778572539262945
2021-08-13,Tulare,107,460477.0,374966,1361,219900,888,143826,441,11163,32,30719,821,207737,853,177018,530,0.0667112581084397,0.4511343671888064,0.3844231090803666
2021-08-13,Tuolumne,109,53932.0,49613,212,13487,106,35050,96,1071,10,2825,125,26292,134,23467,84,0.0523807757917377,0.4875027812801305,0.4351220054883928
2021-08-13,Ventura,111,848112.0,1010896,2128,538754,1486,435966,563,35794,79,52533,1211,547835,1287,495302,867,0.0619411115513045,0.6459465259305375,0.5840054143792329
2021-08-13,Yolo,113,214977.0,257647,593,127003,435,122801,138,7807,20,14507,368,139636,388,125129,206,0.0674816375705308,0.6495392530363713,0.5820576154658406
2021-08-13,Yuba,115,75493.0,54671,242,20755,146,30461,84,3438,12,4477,164,31186,176,26709,78,0.0593035115838554,0.4130979031168452,0.3537943915329898
2021-08-12,Alameda,001,1643700.0,2224992,2900,1411941,2297,702134,478,110185,125,87578,1543,1206754,1667,1119176,1248,0.0532810123501855,0.7341692522966478,0.6808882399464623
2021-08-12,Alpine,003,1148.0,1476,0,40,0,1430,0,6,0,87,0,779,0,692,0,0.0757839721254355,0.6785714285714286,0.6027874564459931
2021-08-12,Amador,005,37829.0,36939,98,10009,49,25625,36,1304,13,3120,55,20215,68,17095,41,0.0824764069893468,0.5343783869518095,0.4519019799624627
2021-08-12,Butte,007,227075.0,187532,386,90427,232,89480,114,7604,40,11370,209,102914,248,91544,173,0.0500715622591654,0.453215897831113,0.4031443355719476
2021-08-12,Calaveras,009,45235.0,42397,90,17723,39,23459,44,1213,7,2565,53,22658,59,20093,34,0.05670387973914,0.5008953244169337,0.4441914446777937
2021-08-12,Colusa,011,21464.0,20047,56,4909,31,14181,23,953,2,1478,33,11203,35,9725,22,0.0688594856503913,0.521943719716735,0.4530842340663436
2021-08-12,Contra Costa,013,1133247.0,1549627,2464,1038538,2084,460226,256,50515,122,55815,1354,825924,1476,770109,1058,0.0492522812767207,0.7288119889132731,0.6795597076365523
2021-08-12,Del Norte,015,27424.0,19990,96,7181,44,11679,37,1093,15,1507,67,11214,82,9707,28,0.0549518669778296,0.4089119019836639,0.3539600350058343
2021-08-12,El Dorado,017,186661.0,198192,381,94800,250,95769,108,7598,23,11207,200,108164,223,96957,176,0.0600393226222938,0.5794675909804404,0.5194282683581466
2021-08-12,Fresno,019,978130.0,934240,2446,498268,1698,400991,635,34508,111,71936,1472,517771,1579,445835,939,0.0735444163863699,0.5293478371995542,0.4558034208131843
2021-08-12,Glenn,021,27897.0,23364,52,9527,34,12562,9,1255,9,1229,25,12877,34,11648,27,0.0440549162992436,0.4615908520629458,0.4175359357637022
2021-08-12,Humboldt,023,135768.0,146280,241,73330,140,65430,76,7396,25,8119,146,80514,170,72395,93,0.0598005421012315,0.5930263390489658,0.5332257969477344
2021-08-12,Imperial,025,180216.0,237752,640,118145,472,104175,139,15395,28,24956,352,138388,382,113432,280,0.1384782705198206,0.7679007413326231,0.6294224708128024
2021-08-12,Inyo,027,18085.0,18564,68,6864,31,10983,37,563,0,883,58,9908,58,9025,9,0.0488249930881946,0.547857340337296,0.4990323472491014
2021-08-12,Kern,029,883053.0,700993,2337,362470,1576,306490,633,31822,128,56375,1419,392943,1543,336568,888,0.0638410152052028,0.4449823510027144,0.3811413357975116
2021-08-12,Kings,031,150075.0,98568,260,45711,137,47856,107,4962,16,8859,167,56054,182,47195,91,0.0590304847576211,0.3735065800433116,0.3144760952856905
2021-08-12,Lake,033,64148.0,56562,139,17501,64,36352,68,2706,7,4114,88,31598,95,27484,49,0.0641329425703061,0.4925796595373199,0.4284467169670138
2021-08-12,Lassen,035,31185.0,12572,52,1715,32,9749,19,1094,1,765,33,7182,34,6417,20,0.0245310245310245,0.2303030303030303,0.2057720057720057
2021-08-12,Los Angeles,037,10098052.0,11835515,24115,6523495,17559,4841773,5610,466093,928,758824,13598,6503101,14512,5744277,10031,0.0751455825341363,0.6439955943978106,0.5688500118636743
2021-08-12,Madera,039,155013.0,129926,459,67200,323,57247,121,5396,15,9287,319,71909,334,62622,140,0.0599111042299678,0.4638901253443259,0.4039790211143581
2021-08-12,Marin,041,260295.0,391748,364,247800,270,131496,52,12432,42,13219,169,208061,210,194842,169,0.0507846866055821,0.79932768589485,0.7485429992892679
2021-08-12,Mariposa,043,17540.0,13922,42,2957,25,10371,9,572,8,2507,22,8430,30,5923,20,0.1429304446978335,0.4806157354618016,0.3376852907639681
2021-08-12,Mendocino,045,87422.0,98846,189,53878,114,41474,71,3483,4,7072,112,54463,116,47391,69,0.0808949692297133,0.6229896364759443,0.5420946672462309
2021-08-12,Merced,047,269075.0,225607,695,132293,513,82869,164,9617,18,25993,446,127737,464,101744,241,0.0966013193347579,0.4747263774040695,0.3781250580693115
2021-08-12,Modoc,049,8938.0,5991,34,905,14,4681,19,395,1,291,23,3329,24,3038,11,0.0325576191541731,0.3724546878496308,0.3398970686954576
2021-08-12,Mono,051,14174.0,16174,26,8920,13,6855,13,339,0,680,18,8546,18,7866,8,0.0479751657965288,0.6029349513193171,0.5549597855227882
2021-08-12,Monterey,053,433212.0,499395,963,238465,620,238515,292,21769,49,31000,497,274842,545,243842,435,0.0715584979178785,0.6344284091853412,0.5628699112674626
2021-08-12,Napa,055,140530.0,186894,291,98463,205,82908,68,5511,18,11411,165,101617,183,90206,119,0.0811997438269408,0.7230982708318509,0.64189852700491
2021-08-12,Nevada,057,99092.0,107946,148,57707,95,47161,47,3032,6,6734,90,58606,96,51872,53,0.0679570500141282,0.5914301860896944,0.5234731360755661
2021-08-12,Orange,059,3164182.0,3838150,7287,2191649,5441,1524134,1501,121184,341,200508,4123,2071490,4464,1870982,3037,0.0633680363518912,0.6546684103506056,0.5913003739987144
2021-08-12,Placer,061,380077.0,436252,809,250911,547,173740,196,11587,66,21981,442,234408,508,212427,358,0.0578330180463432,0.6167381872620548,0.5589051692157115
2021-08-12,Plumas,063,18699.0,17371,45,2290,21,13938,21,1101,3,839,29,9573,32,8734,15,0.0448687095566607,0.5119525108294561,0.4670838012727953
2021-08-12,Riverside,065,2383286.0,2310478,6131,1330219,4441,910404,1414,68777,276,169359,3596,1269959,3873,1100600,2473,0.0710611315637317,0.5328605127542393,0.4617993811905075
2021-08-12,Sacramento,067,1510023.0,1663337,3327,936944,2187,678451,918,47727,221,95493,1844,900519,2060,805026,1445,0.0632394341013348,0.5963611150293737,0.5331216809280388
2021-08-12,San Benito,069,59416.0,70070,147,39037,95,27774,41,3154,11,4872,77,38760,87,33888,66,0.0819981149858623,0.6523495354786589,0.5703514204927965
2021-08-12,San Bernardino,071,2135413.0,1922326,5297,1139067,3928,722497,1178,60529,191,138339,2956,1057526,3144,919187,2301,0.0647832527009997,0.4952325381553826,0.4304492854543828
2021-08-12,San Diego,073,3302833.0,4168513,7549,2263830,5494,1743769,1637,159841,415,282879,4212,2315557,4762,2032678,3244,0.0856473821110543,0.7010820710583914,0.615434688947337
2021-08-12,San Francisco,075,870044.0,1277939,1403,819869,1002,404479,276,53236,125,41480,665,683304,784,641824,564,0.0476757497321974,0.7853671768324361,0.7376914271002386
2021-08-12,San Joaquin,077,732212.0,743505,2050,423595,1496,295147,491,24717,63,63128,1221,409451,1283,346323,810,0.0862154676514452,0.5591973362905825,0.4729818686391373
2021-08-12,San Luis Obispo,079,281455.0,308515,499,157855,262,138685,198,11845,39,17743,264,168418,302,150675,222,0.0630402728677763,0.5983834005436037,0.5353431276758274
2021-08-12,San Mateo,081,765935.0,1089264,1258,673370,982,376112,175,39300,96,43392,632,583678,726,540286,557,0.0566523268945798,0.7620463877483076,0.7053940608537278
2021-08-12,Santa Barbara,083,443738.0,509871,851,297143,642,190125,184,22256,25,33739,493,281943,517,248204,344,0.0760336054158084,0.6353816891949754,0.559348083779167
2021-08-12,Santa Clara,085,1922200.0,2777728,2911,1791776,2216,879765,530,102487,164,90850,1546,1478097,1707,1387247,1270,0.0472635521797939,0.7689610862553324,0.7216975340755385
2021-08-12,Santa Cruz,087,273765.0,350855,448,170648,329,170539,92,9625,27,15437,239,187272,266,171835,195,0.0563877778386572,0.6840611473343926,0.6276733694957354
2021-08-12,Shasta,089,179085.0,129255,394,58088,203,64426,163,6694,28,11709,247,73606,274,61897,143,0.065382360331686,0.4110115308373119,0.3456291705056258
2021-08-12,Sierra,091,2930.0,2762,6,242,4,2473,2,45,0,71,3,1430,3,1359,3,0.0242320819112627,0.4880546075085324,0.4638225255972696
2021-08-12,Siskiyou,093,43540.0,35075,107,14400,63,19569,34,1071,10,2614,57,19314,67,16700,49,0.0600367478180983,0.4435920992191088,0.3835553514010105
2021-08-12,Solano,095,438530.0,492277,1055,269707,766,209077,252,13449,37,41979,624,273144,658,231165,423,0.095726632157435,0.6228627459922924,0.5271361138348574
2021-08-12,Sonoma,097,501317.0,653944,979,362450,753,270315,168,21123,58,32140,490,352279,549,320139,474,0.0641111312802079,0.7027070695787296,0.6385959382985217
2021-08-12,Stanislaus,099,539301.0,497565,1544,282842,1030,197245,446,17173,68,45081,910,275521,977,230440,610,0.0835915379352161,0.5108853868247973,0.4272938488895811
2021-08-12,Sutter,101,95872.0,88432,276,36661,165,47654,99,4110,12,6780,174,49380,186,42600,101,0.0707192923898531,0.5150617489986649,0.4443424566088118
2021-08-12,Tehama,103,63373.0,41975,120,15487,65,24861,46,1618,9,2638,63,23055,71,20417,57,0.0416265602070282,0.363798463067868,0.3221719028608398
2021-08-12,Trinity,105,12862.0,9738,13,1888,10,7204,0,641,3,663,7,5510,10,4847,5,0.0515471932825377,0.4283937179287824,0.3768465246462447
2021-08-12,Tulare,107,460477.0,373605,1158,219012,788,143385,329,11131,41,30396,701,206884,739,176488,444,0.0660098115649641,0.4492819402489158,0.3832721286839516
2021-08-12,Tuolumne,109,53932.0,49401,82,13381,32,34954,35,1061,15,2775,48,26158,63,23383,34,0.0514536824148928,0.4850181710301862,0.4335644886152933
2021-08-12,Ventura,111,848112.0,1008768,1875,537268,1358,435403,408,35715,108,52113,1025,546548,1132,494435,830,0.0614458939385364,0.6444290376742694,0.582983143735733
2021-08-12,Yolo,113,214977.0,257054,313,126568,223,122663,79,7787,11,14325,169,139248,181,124923,142,0.0666350353758774,0.6477344087972202,0.5810993734213428
2021-08-12,Yuba,115,75493.0,54429,186,20609,97,30377,79,3426,10,4379,113,31010,122,26631,70,0.0580053779820645,0.4107665611381187,0.3527611831560542
2021-08-11,Alameda,001,1643700.0,2222092,2486,1409644,1881,701656,487,110060,118,87159,1342,1205087,1460,1117928,1057,0.0530260996532213,0.733155076960516,0.6801289773072945
2021-08-11,Alpine,003,1148.0,1476,1,40,0,1430,1,6,0,87,1,779,1,692,0,0.0757839721254355,0.6785714285714286,0.6027874564459931
2021-08-11,Amador,005,37829.0,36841,47,9960,24,25589,17,1291,6,3093,25,20147,31,17054,22,0.0817626688519389,0.532580824235375,0.450818155383436
2021-08-11,Butte,007,227075.0,187146,635,90195,498,89366,91,7564,46,11295,346,102666,392,91371,280,0.0497412749091709,0.4521237476604646,0.4023824727512936
2021-08-11,Calaveras,009,45235.0,42307,85,17684,47,23415,27,1206,11,2540,46,22599,57,20059,39,0.056151210345971,0.4995910246490549,0.4434398143030839
2021-08-11,Colusa,011,21464.0,19991,76,4878,48,14158,27,951,1,1465,45,11168,46,9703,31,0.068253820350354,0.5203130823704808,0.4520592620201267
2021-08-11,Contra Costa,013,1133247.0,1547163,2338,1036454,1958,459970,272,50393,108,55397,1305,824448,1412,769051,993,0.0488834296494938,0.7275095367558881,0.6786261071063943
2021-08-11,Del Norte,015,27424.0,19894,80,7137,44,11642,31,1078,5,1453,54,11132,59,9679,25,0.052982788798133,0.4059218203033839,0.3529390315052508
2021-08-11,El Dorado,017,186661.0,197811,282,94550,187,95661,75,7575,20,11160,175,107941,195,96781,100,0.0597875292642812,0.5782729118562527,0.5184853825919715
2021-08-11,Fresno,019,978130.0,931794,2694,496570,2022,400356,579,34397,90,71296,1674,516192,1761,444896,996,0.0728901066320427,0.5277335323525503,0.4548434257205075
2021-08-11,Glenn,021,27897.0,23312,105,9493,85,12553,16,1246,4,1222,57,12843,61,11621,48,0.0438039932609241,0.4603720830196795,0.4165680897587554
2021-08-11,Humboldt,023,135768.0,146039,351,73190,234,65354,64,7371,52,8042,213,80344,264,72302,133,0.0592333981497849,0.5917742030522656,0.5325408049024807
2021-08-11,Imperial,025,180216.0,237112,613,117673,458,104036,146,15367,9,24854,307,138006,316,113152,294,0.137912283038132,0.7657810627247303,0.6278687796865983
2021-08-11,Inyo,027,18085.0,18496,21,6833,5,10946,14,563,2,834,18,9850,20,9016,3,0.0461155653856787,0.5446502626486038,0.4985346972629251
2021-08-11,Kern,029,883053.0,698656,2099,360894,1410,305857,605,31694,83,55720,1284,391400,1366,335680,795,0.06309927037222,0.4432350040144815,0.3801357336422615
2021-08-11,Kings,031,150075.0,98308,401,45574,267,47749,101,4946,32,8768,232,55872,264,47104,165,0.0584241212726969,0.3722938530734632,0.3138697318007662
2021-08-11,Lake,033,64148.0,56423,134,17437,74,36284,56,2699,4,4068,86,31503,90,27435,48,0.0634158508449211,0.4910987092348943,0.4276828583899731
2021-08-11,Lassen,035,31185.0,12520,24,1683,2,9730,17,1093,5,751,10,7148,15,6397,13,0.0240820907487574,0.2292127625460958,0.2051306717973384
2021-08-11,Los Angeles,037,10098052.0,11811400,21958,6505936,16352,4836163,4615,465165,975,754343,11917,6488589,12876,5734246,9688,0.0747018335813679,0.6425584855376066,0.5678566519562387
2021-08-11,Madera,039,155013.0,129467,426,66877,327,57126,80,5381,19,9093,290,71575,309,62482,130,0.0586595962919239,0.4617354673478998,0.403075871055976
2021-08-11,Marin,041,260295.0,391384,270,247530,216,131444,35,12390,18,13178,131,207851,149,194673,125,0.0506271730152327,0.7985209089686701,0.7478937359534374
2021-08-11,Mariposa,043,17540.0,13880,32,2932,17,10362,13,564,2,2497,22,8400,24,5903,9,0.1423603192702394,0.4789053591790194,0.3365450399087799
2021-08-11,Mendocino,045,87422.0,98657,236,53764,154,41403,80,3479,2,7025,179,54347,181,47322,47,0.080357347120862,0.6216627393562261,0.5413053922353641
2021-08-11,Merced,047,269075.0,224912,655,131780,421,82705,214,9599,20,25770,406,127273,426,101503,236,0.0957725541205983,0.4730019511288674,0.3772293970082691
2021-08-11,Modoc,049,8938.0,5957,2,891,1,4662,1,394,0,278,2,3305,2,3027,0,0.0311031550682479,0.3697695233833072,0.3386663683150593
2021-08-11,Mono,051,14174.0,16148,14,8907,6,6842,7,339,0,670,7,8528,7,7858,5,0.0472696486524622,0.6016650204599971,0.554395371807535
2021-08-11,Monterey,053,433212.0,498432,1287,237845,973,238223,299,21720,15,30890,771,274297,785,243407,490,0.0713045806672022,0.633170364625172,0.5618657839579698
2021-08-11,Napa,055,140530.0,186603,227,98258,157,82840,47,5493,23,11347,137,101434,159,90087,83,0.0807443250551483,0.7217960577812567,0.6410517327261083
2021-08-11,Nevada,057,99092.0,107798,161,57612,95,47114,60,3026,6,6691,112,58510,119,51819,49,0.0675231098373228,0.5904613894158963,0.5229382795785734
2021-08-11,Orange,059,3164182.0,3830863,6549,2186208,4999,1522633,1283,120843,266,199081,3605,2067026,3867,1867945,2858,0.0629170509155288,0.6532576191887824,0.5903405682732535
2021-08-11,Placer,061,380077.0,435443,704,250364,526,173544,137,11521,41,21831,417,233900,458,212069,277,0.0574383611741831,0.6154016159883392,0.5579632548141561
2021-08-11,Plumas,063,18699.0,17326,34,2269,21,13917,10,1098,3,822,22,9541,25,8719,12,0.0439595700304829,0.5102411893684154,0.4662816193379325
2021-08-11,Riverside,065,2383286.0,2304347,5500,1325778,4043,908990,1261,68501,196,167959,3059,1266086,3250,1098127,2382,0.0704737073099913,0.5312354455151417,0.4607617382051504
2021-08-11,Sacramento,067,1510023.0,1660010,3543,934757,2464,677533,870,47506,208,94878,2004,898459,2210,803581,1488,0.0628321555367037,0.5949968973982516,0.5321647418615478
2021-08-11,San Benito,069,59416.0,69923,176,38942,124,27733,43,3143,9,4851,93,38673,102,33822,83,0.0816446748350612,0.65088528342534,0.5692406085902787
2021-08-11,San Bernardino,071,2135413.0,1917029,5385,1135139,4124,721319,1103,60338,155,137496,3042,1054382,3193,916886,2286,0.064388481291441,0.4937602234321885,0.4293717421407474
2021-08-11,San Diego,073,3302833.0,4160964,6837,2258336,5126,1742132,1308,159426,401,281361,3603,2310795,4106,2029434,3156,0.0851877766753571,0.6996402785124165,0.6144525018370592
2021-08-11,San Francisco,075,870044.0,1276536,1268,818867,917,404203,289,53111,62,41260,574,682520,628,641260,528,0.04742288895734,0.7844660729802171,0.737043184022877
2021-08-11,San Joaquin,077,732212.0,741455,1624,422099,1251,294656,328,24654,45,62655,969,408168,1014,345513,645,0.0855694798774125,0.5574451115250775,0.4718756316476649
2021-08-11,San Luis Obispo,079,281455.0,308016,558,157593,328,138487,167,11806,63,17663,281,168116,343,150453,269,0.0627560356007177,0.5973104048604573,0.5345543692597395
2021-08-11,San Mateo,081,765935.0,1088006,1132,672388,907,375937,171,39204,52,43223,581,582952,631,539729,506,0.0564316815395562,0.7610985266373779,0.7046668450978216
2021-08-11,Santa Barbara,083,443738.0,509020,941,296501,752,189941,168,22231,21,33566,568,281426,589,247860,365,0.0756437357179236,0.6342165872654585,0.5585728515475348
2021-08-11,Santa Clara,085,1922200.0,2774817,3042,1789560,2393,879235,511,102323,136,90413,1619,1476390,1753,1385977,1348,0.047036208511081,0.768073041306836,0.7210368327957548
2021-08-11,Santa Cruz,087,273765.0,350407,395,170319,293,170447,83,9598,19,15366,203,187006,222,171640,182,0.0561284313188318,0.6830895110770187,0.6269610797581867
2021-08-11,Shasta,089,179085.0,128861,284,57885,174,64263,80,6666,30,11578,170,73332,200,61754,113,0.0646508641148058,0.4094815311165089,0.3448306670017031
2021-08-11,Sierra,091,2930.0,2756,1,238,0,2471,0,45,1,71,0,1427,1,1356,1,0.0242320819112627,0.4870307167235495,0.4627986348122866
2021-08-11,Siskiyou,093,43540.0,34968,82,14337,44,19535,35,1061,3,2596,58,19247,61,16651,24,0.0596233348644924,0.4420532843362425,0.3824299494717501
2021-08-11,Solano,095,438530.0,491222,1088,268941,831,208825,177,13412,80,41744,720,272486,798,230742,362,0.0951907509178391,0.6213622785214239,0.5261715276035847
2021-08-11,Sonoma,097,501317.0,652965,1047,361697,836,270147,158,21065,53,32065,577,351730,631,319665,445,0.0639615253422485,0.7016119541128667,0.6376504287706182
2021-08-11,Stanislaus,099,539301.0,496021,1476,281812,1019,196799,400,17105,57,44714,901,274544,956,229830,556,0.0829110274225339,0.5090737825444418,0.4261627551219078
2021-08-11,Sutter,101,95872.0,88156,249,36496,137,47555,99,4098,13,6695,152,49194,165,42499,94,0.0698326935914552,0.5131216622162884,0.4432889686248331
2021-08-11,Tehama,103,63373.0,41855,146,15422,100,24815,39,1609,7,2624,79,22984,86,20360,67,0.0414056459375443,0.3626781121297713,0.321272466192227
2021-08-11,Trinity,105,12862.0,9725,9,1878,5,7204,4,638,0,658,6,5500,6,4842,3,0.0511584512517493,0.4276162338672057,0.3764577826154563
2021-08-11,Tulare,107,460477.0,372447,899,218224,611,143056,256,11090,32,30101,550,206145,582,176044,338,0.0653691715329973,0.4476770826773107,0.3823079111443134
2021-08-11,Tuolumne,109,53932.0,49319,71,13349,24,34919,40,1046,7,2746,39,26095,46,23349,30,0.0509159682563227,0.4838500333753616,0.4329340651190388
2021-08-11,Ventura,111,848112.0,1006893,1720,535910,1312,434995,313,35607,94,51811,934,545416,1026,493605,768,0.061089808893165,0.6430943082989039,0.5820044994057388
2021-08-11,Yolo,113,214977.0,256741,367,126345,274,122584,73,7776,20,14286,222,139067,242,124781,140,0.0664536206198802,0.6468924582629769,0.5804388376430967
2021-08-11,Yuba,115,75493.0,54243,207,20512,111,30298,76,3416,19,4327,135,30888,153,26561,69,0.0573165723974408,0.4091505172665015,0.3518339448690607
2021-08-10,Alameda,001,1643700.0,2219606,2891,1407763,2328,701169,450,109942,112,86756,1547,1203627,1657,1116871,1266,0.0527809210926568,0.7322668370140537,0.6794859159213968
2021-08-10,Alpine,003,1148.0,1475,0,40,0,1429,0,6,0,86,0,778,0,692,0,0.0749128919860627,0.6777003484320557,0.6027874564459931
2021-08-10,Amador,005,37829.0,36794,108,9936,69,25572,21,1285,18,3084,65,20116,81,17032,40,0.0815247561394697,0.5317613471146475,0.4502365909751777
2021-08-10,Butte,007,227075.0,186511,338,89697,227,89275,83,7518,28,11183,193,102274,221,91091,142,0.0492480457998458,0.4503974457778267,0.4011493999779808
2021-08-10,Calaveras,009,45235.0,42222,68,17637,41,23388,25,1195,2,2522,38,22542,41,20020,27,0.0557532883828893,0.4983309384326296,0.4425776500497402
2021-08-10,Colusa,011,21464.0,19915,50,4830,29,14131,19,950,2,1450,24,11122,26,9672,26,0.067554975773388,0.5181699590011182,0.4506149832277301
2021-08-10,Contra Costa,013,1133247.0,1544825,2630,1034496,2264,459698,264,50285,101,54978,1565,823036,1664,768058,1030,0.0485136956021061,0.7262635594887964,0.6777498638866902
2021-08-10,Del Norte,015,27424.0,19814,81,7093,41,11611,28,1073,12,1419,60,11073,72,9654,21,0.0517429988331388,0.4037704200700117,0.3520274212368728
2021-08-10,El Dorado,017,186661.0,197529,356,94363,228,95586,96,7555,32,11065,202,107746,234,96681,148,0.0592785852427662,0.5772282372857748,0.5179496520430085
2021-08-10,Fresno,019,978130.0,929100,2667,494548,2075,399777,516,34307,72,70531,1744,514431,1813,443900,886,0.0721080020038236,0.5259331581691595,0.4538251561653359
2021-08-10,Glenn,021,27897.0,23207,49,9408,35,12537,13,1242,1,1209,27,12782,28,11573,22,0.0433379933326164,0.4581854679714665,0.4148474746388501
2021-08-10,Humboldt,023,135768.0,145688,376,72956,272,65290,69,7319,35,7911,220,80080,255,72169,149,0.0582685168817394,0.5898297095044488,0.5315611926227093
2021-08-10,Imperial,025,180216.0,236499,831,117215,627,103890,178,15358,26,24832,447,137690,472,112858,372,0.1377902073067874,0.7640276113108714,0.626237404004084
2021-08-10,Inyo,027,18085.0,18475,37,6828,31,10932,4,561,2,817,26,9830,28,9013,11,0.0451755598562344,0.5435443737904341,0.4983688139341996
2021-08-10,Kern,029,883053.0,696557,2140,359484,1454,305252,612,31611,74,55149,1366,390034,1440,334885,757,0.0624526500674365,0.441688097996383,0.3792354479289465
2021-08-10,Kings,031,150075.0,97907,274,45307,177,47648,86,4914,10,8669,166,55608,176,46939,105,0.0577644511077794,0.3705347326336831,0.3127702815259037
2021-08-10,Lake,033,64148.0,56289,213,17363,109,36228,97,2695,7,4026,139,31413,146,27387,75,0.0627611149217434,0.4896957036852279,0.4269345887634844
2021-08-10,Lassen,035,31185.0,12496,34,1681,1,9713,30,1088,3,749,16,7133,19,6384,18,0.0240179573512906,0.2287317620650954,0.2047138047138047
2021-08-10,Los Angeles,037,10098052.0,11789442,24471,6489584,17837,4831548,5689,464190,927,751155,13988,6475713,14891,5724558,10090,0.074386129126687,0.6412833881227785,0.5668972589960916
2021-08-10,Madera,039,155013.0,129041,311,66550,232,57046,65,5362,14,8914,193,71266,206,62352,117,0.0575048544315638,0.4597420861476134,0.4022372317160496
2021-08-10,Marin,041,260295.0,391114,341,247314,267,131409,57,12372,17,13154,182,207702,198,194548,145,0.050534969937955,0.7979484815305711,0.747413511592616
2021-08-10,Mariposa,043,17540.0,13848,16,2915,10,10349,6,562,0,2482,5,8376,5,5894,11,0.1415051311288483,0.4775370581527936,0.3360319270239452
2021-08-10,Mendocino,045,87422.0,98421,323,53610,207,41323,102,3477,14,6891,185,54166,199,47275,130,0.078824552172222,0.6195923222987348,0.5407677701265128
2021-08-10,Merced,047,269075.0,224257,660,131359,498,82491,142,9579,19,25580,400,126847,419,101267,248,0.0950664312923905,0.4714187494193069,0.3763523181269163
2021-08-10,Modoc,049,8938.0,5955,22,890,7,4661,10,394,5,276,10,3303,15,3027,12,0.0308793913627209,0.3695457596777802,0.3386663683150593
2021-08-10,Mono,051,14174.0,16134,16,8901,5,6835,11,339,0,668,10,8521,10,7853,5,0.0471285452236489,0.6011711584591506,0.5540426132355016
2021-08-10,Monterey,053,433212.0,497145,854,236872,581,237924,251,21705,22,30595,503,273512,525,242917,327,0.0706236207676611,0.6313583187907998,0.5607346980231388
2021-08-10,Napa,055,140530.0,186376,662,98101,557,82793,82,5470,23,11271,410,101275,433,90004,247,0.0802035152636447,0.7206646267700847,0.6404611115064399
2021-08-10,Nevada,057,99092.0,107637,216,57517,145,47054,44,3020,27,6621,125,58391,151,51770,88,0.0668166955960117,0.5892604852056674,0.5224437896096557
2021-08-10,Orange,059,3164182.0,3824314,6835,2181209,5093,1521350,1452,120577,289,198072,3807,2063159,4095,1865087,2946,0.0625981691318641,0.6520355023826063,0.5894373332507422
2021-08-10,Placer,061,380077.0,434739,845,249838,622,173407,164,11480,59,21650,478,233442,537,211792,358,0.0569621418817765,0.6141965970053437,0.5572344551235671
2021-08-10,Plumas,063,18699.0,17292,29,2248,19,13907,5,1095,5,809,16,9516,21,8707,13,0.0432643456869351,0.5089042194769774,0.4656398737900422
2021-08-10,Riverside,065,2383286.0,2298847,6435,1321735,4836,907729,1326,68305,272,167091,3713,1262836,3984,1095745,2671,0.0701095042726722,0.5298717820689586,0.4597622777962863
2021-08-10,Sacramento,067,1510023.0,1656467,3513,932293,2520,676663,858,47298,133,94156,2005,896249,2137,802093,1471,0.0623540171242424,0.5935333435318535,0.531179326407611
2021-08-10,San Benito,069,59416.0,69747,183,38818,138,27690,37,3134,8,4832,114,38571,122,33739,68,0.081324895651003,0.6491685741214488,0.5678436784704457
2021-08-10,San Bernardino,071,2135413.0,1911644,5532,1131015,4146,720216,1218,60183,167,136589,3035,1051189,3198,914600,2462,0.0639637390987129,0.4922649623281304,0.4283012232294174
2021-08-10,San Diego,073,3302833.0,4154127,8282,2253210,6110,1740824,1725,159025,446,280411,4666,2306689,5252,2026278,3510,0.0849001448150724,0.6983971033352276,0.6134969585201553
2021-08-10,San Francisco,075,870044.0,1275268,1168,817950,894,403914,208,53049,66,41160,545,681892,610,640732,471,0.0473079522414958,0.7837442704047152,0.7364363181632193
2021-08-10,San Joaquin,077,732212.0,739831,1833,420848,1265,294328,524,24609,44,62286,1122,407154,1166,344868,693,0.0850655274701862,0.5560602666987157,0.4709947392285294
2021-08-10,San Luis Obispo,079,281455.0,307458,538,157265,351,138320,139,11743,48,17589,285,167773,329,150184,245,0.0624931161286884,0.5960917375779432,0.5335986214492547
2021-08-10,San Mateo,081,765935.0,1086874,1237,671481,997,375766,175,39152,64,43098,635,582321,695,539223,550,0.0562684823124677,0.7602746969390353,0.7040062146265675
2021-08-10,Santa Barbara,083,443738.0,508079,791,295749,575,189773,192,22210,22,33342,479,280837,501,247495,297,0.0751389333345352,0.6328892274269952,0.55775029409246
2021-08-10,Santa Clara,085,1922200.0,2771775,3526,1787167,2734,878724,615,102187,177,90008,1850,1474637,2027,1384629,1580,0.0468255124336697,0.7671610654458433,0.7203355530121736
2021-08-10,Santa Cruz,087,273765.0,350012,646,170026,506,170364,121,9579,19,15326,346,186784,364,171458,290,0.0559823206034372,0.6822785966065786,0.6262962760031414
2021-08-10,Shasta,089,179085.0,128577,325,57711,189,64183,111,6636,25,11491,191,73132,213,61641,125,0.0641650612837479,0.4083647429991345,0.3441996817153865
2021-08-10,Sierra,091,2930.0,2755,3,238,3,2471,0,44,0,71,3,1426,3,1355,0,0.0242320819112627,0.4866894197952218,0.462457337883959
2021-08-10,Siskiyou,093,43540.0,34886,127,14293,63,19500,52,1058,12,2559,79,19186,91,16627,48,0.0587735415709692,0.4406522737712448,0.3818787322002756
2021-08-10,Solano,095,438530.0,490134,1240,268110,930,208648,287,13332,23,41308,753,271688,775,230380,482,0.0941965201924611,0.6195425626524981,0.5253460424600369
2021-08-10,Sonoma,097,501317.0,651918,1274,360861,1062,269989,178,21012,34,31879,700,351099,734,319220,556,0.0635905026161091,0.7003532694881681,0.636762766872059
2021-08-10,Stanislaus,099,539301.0,494545,1285,280793,988,196399,261,17048,34,44314,795,273588,829,229274,479,0.0821693265912727,0.5073011175577276,0.4251317909664547
2021-08-10,Sutter,101,95872.0,87907,305,36359,190,47456,94,4085,21,6624,182,49029,203,42405,122,0.0690921228304405,0.5114006174899867,0.4423084946595461
2021-08-10,Tehama,103,63373.0,41709,91,15322,36,24776,47,1602,8,2605,52,22898,60,20293,36,0.0411058337146734,0.3613210673315134,0.3202152336168399
2021-08-10,Trinity,105,12862.0,9716,15,1873,11,7200,3,638,1,655,6,5494,7,4839,9,0.0509252060332763,0.4271497434302597,0.3762245373969833
2021-08-10,Tulare,107,460477.0,371548,1060,217613,763,142800,271,11058,23,29857,650,205563,672,175706,400,0.0648392862184213,0.4464131759023795,0.3815738896839581
2021-08-10,Tuolumne,109,53932.0,49248,79,13325,47,34879,31,1039,1,2730,54,26049,55,23319,24,0.0506192983757324,0.4829971074686642,0.4323778090929318
2021-08-10,Ventura,111,848112.0,1005173,1724,534598,1258,434682,399,35513,67,51553,989,544390,1058,492837,717,0.0607856037881789,0.6418845624162847,0.5810989586281057
2021-08-10,Yolo,113,214977.0,256374,407,126071,296,122511,101,7756,10,14184,245,138825,255,124641,155,0.0659791512580415,0.6457667564437126,0.5797876051856711
2021-08-10,Yuba,115,75493.0,54036,203,20401,109,30222,76,3397,18,4243,113,30735,130,26492,90,0.0562038864530486,0.4071238392963586,0.3509199528433099
2021-08-09,Alameda,001,1643700.0,2216715,3107,1405435,2514,700719,458,109830,134,86365,1635,1201970,1768,1115605,1350,0.0525430431343919,0.7312587455131715,0.6787157023787795
2021-08-09,Alpine,003,1148.0,1475,0,40,0,1429,0,6,0,86,0,778,0,692,0,0.0749128919860627,0.6777003484320557,0.6027874564459931
2021-08-09,Amador,005,37829.0,36686,65,9867,35,25551,29,1267,1,3043,43,20035,44,16992,21,0.080440931560443,0.529620132702424,0.449179201141981
2021-08-09,Butte,007,227075.0,186173,322,89470,205,89192,104,7490,13,11104,197,102053,210,90949,121,0.0489001431245183,0.4494241990531762,0.4005240559286579
2021-08-09,Calaveras,009,45235.0,42154,59,17596,30,23363,24,1193,5,2508,38,22501,43,19993,21,0.0554437935227147,0.4974245606278324,0.4419807671051177
2021-08-09,Colusa,011,21464.0,19865,40,4801,18,14112,22,948,0,1450,29,11096,29,9646,11,0.067554975773388,0.5169586284010436,0.4494036526276556
2021-08-09,Contra Costa,013,1133247.0,1542195,2435,1032232,2127,459434,235,50184,73,54344,1420,821372,1491,767028,979,0.04795424122014,0.7247952123411754,0.6768409711210354
2021-08-09,Del Norte,015,27424.0,19733,64,7052,31,11583,25,1061,8,1368,48,11001,56,9633,16,0.0498833138856476,0.4011449824970828,0.3512616686114352
2021-08-09,El Dorado,017,186661.0,197173,370,94135,262,95490,89,7523,19,10979,225,107512,243,96533,141,0.058817856970658,0.5759746278012011,0.5171567708305431
2021-08-09,Fresno,019,978130.0,926433,2838,492473,2173,399261,594,34235,70,69604,1873,512618,1940,443014,938,0.0711602752190404,0.5240796213182297,0.4529193460991892
2021-08-09,Glenn,021,27897.0,23158,37,9373,28,12524,6,1241,3,1203,17,12754,20,11551,20,0.0431229164426282,0.4571817758181883,0.4140588593755601
2021-08-09,Humboldt,023,135768.0,145312,297,72684,182,65221,86,7284,29,7805,180,79825,209,72020,111,0.0574877732602675,0.5879515055093983,0.5304637322491309
2021-08-09,Imperial,025,180216.0,235668,586,116588,393,103712,164,15332,29,24732,322,137218,351,112486,258,0.1372353176188573,0.7614085319838416,0.6241732143649842
2021-08-09,Inyo,027,18085.0,18438,28,6797,11,10928,16,559,1,800,18,9802,19,9002,10,0.0442355543267901,0.5419961293889964,0.4977605750622062
2021-08-09,Kern,029,883053.0,694417,2187,358030,1485,304640,613,31537,88,54466,1371,388594,1458,334128,802,0.0616791970583872,0.4400573917986802,0.378378194740293
2021-08-09,Kings,031,150075.0,97633,369,45130,275,47562,80,4904,13,8598,240,55432,252,46834,124,0.0572913543228385,0.3693619856738298,0.3120706313509911
2021-08-09,Lake,033,64148.0,56076,92,17254,45,36131,35,2688,12,3955,54,31267,66,27312,38,0.0616542994325622,0.4874197169046579,0.4257654174720958
2021-08-09,Lassen,035,31185.0,12462,21,1680,2,9683,12,1085,7,748,13,7114,20,6366,8,0.0239858906525573,0.2281224947891614,0.2041366041366041
2021-08-09,Los Angeles,037,10098052.0,11764971,23717,6471747,18123,4825859,4702,463263,885,746354,13600,6460822,14468,5714468,9793,0.0739106908936495,0.6398087472712559,0.5658980563776063
2021-08-09,Madera,039,155013.0,128730,308,66318,225,56981,63,5348,20,8825,192,71060,212,62235,115,0.0569307090373065,0.4584131653474225,0.4014824563101159
2021-08-09,Marin,041,260295.0,390773,432,247047,354,131352,53,12355,25,13101,233,207504,258,194403,180,0.0503313548089667,0.79718780614303,0.7468564513340633
2021-08-09,Mariposa,043,17540.0,13832,18,2905,12,10343,5,562,1,2488,10,8371,11,5883,7,0.1418472063854048,0.4772519954389966,0.3354047890535918
2021-08-09,Mendocino,045,87422.0,98098,140,53403,83,41221,48,3463,9,6822,85,53967,94,47145,51,0.0780352771613552,0.6173160074123218,0.5392807302509666
2021-08-09,Merced,047,269075.0,223597,733,130861,565,82349,142,9560,25,25409,475,126428,500,101019,252,0.0944309207470036,0.4698615627613119,0.3754306420143082
2021-08-09,Modoc,049,8938.0,5933,11,883,7,4651,3,389,1,273,7,3288,8,3015,4,0.0305437458044305,0.367867531886328,0.3373237860818975
2021-08-09,Mono,051,14174.0,16118,24,8896,10,6824,14,339,0,663,16,8511,16,7848,8,0.0467757866516156,0.600465641315084,0.5536898546634683
2021-08-09,Monterey,053,433212.0,496291,916,236291,637,237673,254,21683,25,30397,531,272987,556,242590,369,0.0701665697164436,0.6301464410034809,0.5599798712870373
2021-08-09,Napa,055,140530.0,185714,227,97544,162,82711,48,5447,17,11085,113,100842,130,89757,106,0.0788799544581228,0.7175834341421761,0.6387034796840533
2021-08-09,Nevada,057,99092.0,107421,204,57372,123,47010,57,2993,23,6558,112,58240,135,51682,86,0.0661809227788318,0.5877366487708392,0.5215557259920074
2021-08-09,Orange,059,3164182.0,3817479,7469,2176116,5815,1519898,1317,120288,335,196923,4284,2059064,4614,1862141,3090,0.062235042105669,0.6507413290385952,0.5885062869329261
2021-08-09,Placer,061,380077.0,433894,808,249216,599,173243,170,11421,39,21471,475,232905,514,211434,327,0.0564911846809988,0.6127837254030104,0.5562925407220116
2021-08-09,Plumas,063,18699.0,17263,15,2229,10,13902,3,1090,2,801,12,9495,14,8694,3,0.0428365153216749,0.5077811647681694,0.4649446494464944
2021-08-09,Riverside,065,2383286.0,2292412,5884,1316899,4491,906403,1177,68033,213,165778,3461,1258852,3671,1093074,2380,0.0695585842404142,0.5282001404783144,0.4586415562379001
2021-08-09,Sacramento,067,1510023.0,1652954,3825,929773,2857,675805,847,47165,119,93490,2324,894112,2441,800622,1475,0.0619129642396175,0.5921181332999563,0.5302051690603388
2021-08-09,San Benito,069,59416.0,69564,172,38680,109,27653,58,3126,5,4778,86,38449,91,33671,84,0.080416049548943,0.6471152551501279,0.5666992056011849
2021-08-09,San Bernardino,071,2135413.0,1906112,4951,1126869,3799,718998,974,60016,178,135853,2829,1047991,3005,912138,2086,0.0636190750922655,0.4907673597566372,0.4271482846643717
2021-08-09,San Diego,073,3302833.0,4145845,7502,2247100,5691,1739099,1361,158579,449,278669,4343,2301437,4903,2022768,3069,0.0843727188144238,0.6968069533034217,0.6124342344889978
2021-08-09,San Francisco,075,870044.0,1274100,1418,817056,1143,403706,205,52983,69,41021,623,681282,689,640261,571,0.0471481902064723,0.7830431564380652,0.7358949662315929
2021-08-09,San Joaquin,077,732212.0,737998,1770,419583,1243,293804,482,24565,45,61813,1092,405988,1138,344175,662,0.0844195396961535,0.5544678317208678,0.4700482920247141
2021-08-09,San Luis Obispo,079,281455.0,306920,467,156914,309,138181,126,11695,32,17505,287,167444,319,149939,175,0.0621946669982768,0.5949228118171643,0.5327281448188875
2021-08-09,San Mateo,081,765935.0,1085637,1219,670484,1037,375591,135,39088,47,42953,617,581626,663,538673,544,0.0560791712090451,0.7593673092364235,0.7032881380273783
2021-08-09,Santa Barbara,083,443738.0,507288,812,295174,558,189581,217,22188,37,33138,504,280336,539,247198,291,0.0746792025925208,0.6317601828105774,0.5570809802180566
2021-08-09,Santa Clara,085,1922200.0,2768249,3297,1784433,2746,878109,390,102010,158,89561,1914,1472610,2070,1383049,1295,0.046592966392675,0.7661065445843305,0.7195135781916554
2021-08-09,Santa Cruz,087,273765.0,349366,516,169520,398,170243,81,9560,37,15252,299,186420,334,171168,203,0.0557120157799572,0.6809489890964878,0.6252369733165306
2021-08-09,Shasta,089,179085.0,128252,286,57522,157,64072,95,6611,34,11403,177,72919,210,61516,107,0.0636736745121031,0.4071753636541307,0.3435016891420275
2021-08-09,Sierra,091,2930.0,2752,5,235,4,2471,0,44,1,68,2,1423,3,1355,3,0.0232081911262798,0.4856655290102389,0.462457337883959
2021-08-09,Siskiyou,093,43540.0,34759,55,14230,36,19448,17,1046,2,2516,44,19095,46,16579,9,0.0577859439595774,0.438562241616904,0.3807762976573266
2021-08-09,Solano,095,438530.0,488894,1113,267180,942,208361,128,13309,43,41015,610,270913,652,229898,497,0.0935283789022415,0.6177752947346817,0.5242469158324402
2021-08-09,Sonoma,097,501317.0,650644,862,359799,671,269811,117,20978,74,31701,479,350365,552,318664,356,0.0632354378566854,0.6988891260420054,0.6356536881853199
2021-08-09,Stanislaus,099,539301.0,493260,1405,279805,1079,196138,277,17014,49,43964,936,272759,985,228795,454,0.0815203383639192,0.5057639425849386,0.4242436042210194
2021-08-09,Sutter,101,95872.0,87602,204,36169,107,47362,87,4064,9,6543,143,48826,152,42283,58,0.0682472463284379,0.5092832109479306,0.4410359646194927
2021-08-09,Tehama,103,63373.0,41618,88,15286,41,24729,36,1594,11,2581,56,22838,66,20257,31,0.0407271235384154,0.3603742918908683,0.3196471683524529
2021-08-09,Trinity,105,12862.0,9701,19,1862,7,7197,10,637,2,657,9,5487,11,4830,10,0.0510807028455916,0.4266055045871559,0.3755248017415643
2021-08-09,Tulare,107,460477.0,370488,1080,216850,836,142529,219,11035,25,29585,690,204891,715,175306,379,0.0642485943923366,0.4449538196261702,0.3807052252338336
2021-08-09,Tuolumne,109,53932.0,49169,99,13278,46,34848,50,1038,3,2699,71,25994,74,23295,29,0.0500445004820885,0.4819773047541348,0.4319328042720463
2021-08-09,Ventura,111,848112.0,1003449,1790,533340,1456,434283,277,35446,56,51212,1081,543332,1136,492120,692,0.0603835342501933,0.6406370856679307,0.5802535514177373
2021-08-09,Yolo,113,214977.0,255967,360,125775,254,122410,78,7746,28,14084,199,138570,227,124486,145,0.0655139852170232,0.6445805830391158,0.5790665978220926
2021-08-09,Yuba,115,75493.0,53833,158,20292,101,30146,49,3379,8,4203,106,30605,114,26402,50,0.055674036003338,0.4054018253347992,0.3497277893314612
2021-08-08,Alameda,001,1643700.0,2213608,1229,1402921,1005,700261,169,109696,53,85947,709,1200202,762,1114255,484,0.0522887388209527,0.7301831234410172,0.6778943846200645
2021-08-08,Alpine,003,1148.0,1475,0,40,0,1429,0,6,0,86,0,778,0,692,0,0.0749128919860627,0.6777003484320557,0.6027874564459931
2021-08-08,Amador,005,37829.0,36621,25,9832,7,25522,15,1266,3,3020,18,19991,21,16971,6,0.0798329324063549,0.5284570038859077,0.4486240714795527
2021-08-08,Butte,007,227075.0,185851,111,89265,78,89088,31,7477,2,11015,76,101843,78,90828,35,0.0485082021358582,0.4484993944731917,0.3999911923373335
2021-08-08,Calaveras,009,45235.0,42095,40,17566,17,23339,16,1188,7,2486,16,22458,23,19972,24,0.0549574444567259,0.4964739692715817,0.4415165248148557
2021-08-08,Colusa,011,21464.0,19825,30,4783,25,14090,5,948,0,1432,28,11067,28,9635,2,0.0667163622810287,0.5156075288855758,0.4488911666045471
2021-08-08,Contra Costa,013,1133247.0,1539760,919,1030105,770,459199,139,50111,10,53832,568,819881,578,766049,342,0.0475024420977951,0.723479523881378,0.675977081783583
2021-08-08,Del Norte,015,27424.0,19669,13,7021,2,11558,5,1053,6,1328,6,10945,12,9617,7,0.0484247374562427,0.399102975495916,0.3506782380396733
2021-08-08,El Dorado,017,186661.0,196803,96,93873,74,95401,20,7504,2,10877,63,107269,65,96392,32,0.0582714118107156,0.5746728025672208,0.5164013907565052
2021-08-08,Fresno,019,978130.0,923595,1020,490300,727,398667,262,34165,31,68602,675,510678,706,442076,336,0.070135871509922,0.5220962448754256,0.4519603733655035
2021-08-08,Glenn,021,27897.0,23121,19,9345,16,12518,2,1238,1,1203,11,12734,12,11531,8,0.0431229164426282,0.4564648528515611,0.4133419364089328
2021-08-08,Humboldt,023,135768.0,145015,127,72502,84,65135,25,7255,18,7707,85,79616,103,71909,40,0.0567659536856991,0.5864121147840433,0.5296461610983443
2021-08-08,Imperial,025,180216.0,235082,93,116195,63,103548,30,15303,0,24639,59,136867,59,112228,32,0.1367192702090824,0.7594608691792072,0.6227415989701247
2021-08-08,Inyo,027,18085.0,18410,2,6786,2,10912,0,558,0,791,2,9783,2,8992,0,0.0437379043406137,0.5409455349737351,0.4972076306331213
2021-08-08,Kern,029,883053.0,692230,718,356545,476,304027,233,31449,8,53810,460,387136,468,333326,246,0.0609363197905448,0.4384063017735062,0.3774699819829614
2021-08-08,Kings,031,150075.0,97264,147,44855,114,47482,30,4891,3,8470,81,55180,84,46710,64,0.0564384474429452,0.3676828252540396,0.3112443778110944
2021-08-08,Lake,033,64148.0,55984,26,17209,8,36096,18,2676,0,3927,17,31201,17,27274,9,0.0612178088171104,0.4863908461682359,0.4251730373511255
2021-08-08,Lassen,035,31185.0,12441,6,1678,0,9671,6,1078,0,736,5,7094,5,6358,1,0.0236010902677569,0.2274811608144941,0.2038800705467372
2021-08-08,Los Angeles,037,10098052.0,11741254,9379,6453624,6920,4821157,2258,462378,198,741679,5577,6446354,5772,5704675,3624,0.0734477303147181,0.6383759956870889,0.5649282653723708
2021-08-08,Madera,039,155013.0,128422,151,66093,122,56918,23,5328,6,8728,96,70848,102,62120,55,0.0563049550682846,0.457045538116158,0.4007405830478734
2021-08-08,Marin,041,260295.0,390341,151,246693,104,131299,27,12330,20,13023,78,207246,98,194223,69,0.0500316948078142,0.7961966230622947,0.7461649282544804
2021-08-08,Mariposa,043,17540.0,13814,9,2893,3,10338,4,561,2,2484,1,8360,3,5876,7,0.1416191562143671,0.4766248574686431,0.3350057012542759
2021-08-08,Mendocino,045,87422.0,97958,21,53320,11,41173,10,3454,0,6779,16,53873,16,47094,5,0.0775434101255976,0.6162407631946192,0.5386973530690216
2021-08-08,Merced,047,269075.0,222864,280,130296,222,82207,51,9535,7,25161,199,125928,206,100767,78,0.0935092446343956,0.4680033447923441,0.3744941001579485
2021-08-08,Modoc,049,8938.0,5922,1,876,0,4648,1,388,0,269,0,3280,0,3011,1,0.0300962183933765,0.3669724770642202,0.3368762586708436
2021-08-08,Mono,051,14174.0,16094,1,8886,0,6810,0,339,1,655,0,8495,1,7840,1,0.0462113729363623,0.5993368138845774,0.553125440948215
2021-08-08,Monterey,053,433212.0,495375,318,235654,204,237419,96,21658,17,30210,188,272431,205,242221,126,0.0697349103902938,0.6288630047182442,0.5591280943279503
2021-08-08,Napa,055,140530.0,185487,55,97382,47,82663,7,5430,1,11061,38,100712,39,89651,16,0.0787091724187006,0.7166583647619725,0.6379491923432719
2021-08-08,Nevada,057,99092.0,107217,35,57249,20,46953,15,2970,0,6509,26,58105,26,51596,9,0.065686432809914,0.5863742784483107,0.5206878456383967
2021-08-08,Orange,059,3164182.0,3810010,3219,2170301,2472,1518581,704,119953,42,195399,2038,2054450,2079,1859051,1131,0.061753401036982,0.6492831322597752,0.5875297312227932
2021-08-08,Placer,061,380077.0,433086,344,248617,258,173073,64,11382,22,21284,223,232391,245,211107,117,0.0559991791137059,0.6114313678544084,0.5554321887407025
2021-08-08,Plumas,063,18699.0,17248,4,2219,4,13899,0,1088,0,790,4,9481,4,8691,0,0.0422482485694422,0.5070324616289641,0.4647842130595219
2021-08-08,Riverside,065,2383286.0,2286528,2407,1312408,1908,905226,468,67820,28,164487,1536,1255181,1564,1090694,847,0.069016895160715,0.5266598301672565,0.4576429350065414
2021-08-08,Sacramento,067,1510023.0,1649129,1240,926916,847,674958,357,47046,36,92524,744,891671,779,799147,479,0.0612732388844408,0.5905016016312334,0.5292283627467926
2021-08-08,San Benito,069,59416.0,69392,118,38571,96,27595,21,3121,1,4771,82,38358,84,33587,35,0.0802982361653426,0.645583681163323,0.5652854449979804
2021-08-08,San Bernardino,071,2135413.0,1901161,2130,1123070,1609,718024,508,59838,13,134934,1357,1044986,1369,910052,760,0.0631887133776932,0.4893601378281391,0.4261714244504458
2021-08-08,San Diego,073,3302833.0,4138343,2963,2241409,2246,1737738,553,158130,164,276835,1850,2296534,2067,2019699,1061,0.0838174379388845,0.6953224701339729,0.6115050321950882
2021-08-08,San Francisco,075,870044.0,1272682,468,815913,396,403501,68,52914,4,40903,238,680593,242,639690,176,0.047012564881776,0.7822512424658983,0.7352386775841222
2021-08-08,San Joaquin,077,732212.0,736228,894,418340,677,293322,206,24520,11,61337,553,404850,565,343513,329,0.0837694547480784,0.552913637034083,0.4691441822860046
2021-08-08,San Luis Obispo,079,281455.0,306453,197,156605,128,138055,46,11663,23,17361,130,167125,153,149764,62,0.0616830399175711,0.593789415714768,0.5321063757971967
2021-08-08,San Mateo,081,765935.0,1084418,563,669447,478,375456,66,39041,19,42834,293,580963,312,538129,239,0.0559238055448569,0.7585017005359462,0.7025778949910894
2021-08-08,Santa Barbara,083,443738.0,506476,529,294616,425,189364,91,22151,13,32890,338,279797,350,246907,187,0.0741203142394836,0.630545502075549,0.5564251878360654
2021-08-08,Santa Clara,085,1922200.0,2764952,1436,1781687,1169,877719,200,101852,67,88786,820,1470540,887,1381754,576,0.0461897825408386,0.765029653522006,0.7188398709811674
2021-08-08,Santa Cruz,087,273765.0,348850,186,169122,155,170162,29,9523,2,15121,109,186086,111,170965,75,0.0552335031870399,0.6797289646229431,0.6244954614359031
2021-08-08,Shasta,089,179085.0,127966,120,57365,79,63977,36,6577,5,11300,82,72709,87,61409,37,0.0630985286316553,0.4060027361308875,0.3429042074992322
2021-08-08,Sierra,091,2930.0,2747,0,231,0,2471,0,43,0,68,0,1420,0,1352,0,0.0232081911262798,0.4846416382252559,0.4614334470989761
2021-08-08,Siskiyou,093,43540.0,34704,3,14194,2,19431,0,1044,1,2479,1,19049,2,16570,2,0.0569361506660542,0.4375057418465778,0.3805695911805236
2021-08-08,Solano,095,438530.0,487781,361,266238,290,208233,71,13266,0,40860,215,270261,215,229401,141,0.0931749253186783,0.6162885093380156,0.5231135840193374
2021-08-08,Sonoma,097,501317.0,649782,282,359128,225,269694,56,20904,1,31505,159,349813,160,318308,116,0.0628444676721515,0.697788026338624,0.6349435586664726
2021-08-08,Stanislaus,099,539301.0,491855,631,278726,485,195861,134,16965,12,43433,420,271774,432,228341,204,0.0805357305104199,0.5039375042879579,0.4234017737775379
2021-08-08,Sutter,101,95872.0,87398,143,36062,115,47275,28,4055,0,6449,119,48674,119,42225,23,0.0672667723631508,0.5076977636849133,0.4404309913217623
2021-08-08,Tehama,103,63373.0,41530,43,15245,20,24693,22,1583,1,2546,32,22772,33,20226,10,0.0401748378647057,0.3593328389061587,0.319158001041453
2021-08-08,Trinity,105,12862.0,9682,6,1855,5,7187,0,635,1,656,2,5476,3,4820,4,0.0510029544394339,0.4257502721194215,0.3747473176799875
2021-08-08,Tulare,107,460477.0,369408,455,216014,337,142310,115,11010,2,29249,325,204176,327,174927,125,0.063518916254232,0.4434010819215726,0.3798821656673406
2021-08-08,Tuolumne,109,53932.0,49070,28,13232,11,34798,17,1035,0,2654,23,25920,23,23266,4,0.0492101164429281,0.4806052065564044,0.4313950901134762
2021-08-08,Ventura,111,848112.0,1001659,731,531884,583,434006,129,35390,19,50768,457,542196,476,491428,267,0.0598600184881242,0.6392976399343483,0.5794376214462241
2021-08-08,Yolo,113,214977.0,255607,142,125521,97,122332,43,7718,2,14002,87,138343,89,124341,52,0.0651325490633881,0.6435246561260042,0.578392107062616
2021-08-08,Yuba,115,75493.0,53675,89,20191,53,30097,32,3371,4,4139,61,30491,65,26352,28,0.0548262752838011,0.4038917515531241,0.349065476269323
2021-08-07,Alameda,001,1643700.0,2212379,2461,1401916,2016,700092,339,109643,104,85669,1322,1199440,1423,1113771,1026,0.0521196082010099,0.7297195351949869,0.677599926993977
2021-08-07,Alpine,003,1148.0,1475,0,40,0,1429,0,6,0,86,0,778,0,692,0,0.0749128919860627,0.6777003484320557,0.6027874564459931
2021-08-07,Amador,005,37829.0,36596,20,9825,7,25507,12,1263,1,3005,18,19970,19,16965,2,0.0794364112189061,0.5279018742234793,0.4484654630045732
2021-08-07,Butte,007,227075.0,185740,181,89187,119,89057,56,7475,6,10972,125,101765,131,90793,55,0.048318837388528,0.4481558956291974,0.3998370582406694
2021-08-07,Calaveras,009,45235.0,42055,51,17549,31,23323,16,1181,4,2487,32,22435,36,19948,19,0.0549795512324527,0.4959655134298663,0.4409859621974135
2021-08-07,Colusa,011,21464.0,19795,35,4758,17,14085,17,948,1,1406,20,11039,21,9633,15,0.0655050316809541,0.5143030190085724,0.4487979873276183
2021-08-07,Contra Costa,013,1133247.0,1538841,1455,1029335,1197,459060,177,50101,81,53596,913,819303,991,765707,496,0.0472941909398392,0.7229694850284183,0.6756752940885791
2021-08-07,Del Norte,015,27424.0,19656,15,7019,6,11553,8,1047,1,1323,10,10933,11,9610,5,0.048242415402567,0.3986654025670945,0.3504229871645274
2021-08-07,El Dorado,017,186661.0,196707,184,93799,145,95381,35,7502,4,10844,116,107204,120,96360,60,0.0580946207295578,0.5743245777103948,0.516229956980837
2021-08-07,Fresno,019,978130.0,922575,1699,489573,1264,398405,370,34134,65,68232,1121,509972,1183,441740,557,0.0697575986832016,0.5213744594276835,0.4516168607444818
2021-08-07,Glenn,021,27897.0,23102,20,9329,17,12516,2,1237,1,1199,15,12722,16,11523,5,0.0429795318493027,0.4560346990715848,0.4130551672222819
2021-08-07,Humboldt,023,135768.0,144888,227,72418,167,65110,33,7237,27,7644,145,79513,172,71869,78,0.0563019268163337,0.5856534676801602,0.5293515408638265
2021-08-07,Imperial,025,180216.0,234989,422,116132,292,103518,121,15303,9,24612,270,136808,279,112196,147,0.1365694499933413,0.7591334842633285,0.6225640342699871
2021-08-07,Inyo,027,18085.0,18408,6,6784,3,10912,3,558,0,789,3,9781,3,8992,3,0.0436273154547967,0.5408349460879182,0.4972076306331213
2021-08-07,Kern,029,883053.0,691512,1421,356069,994,303794,397,31441,30,53588,898,386668,928,333080,513,0.0606849192517323,0.4378763222592528,0.3771914030075205
2021-08-07,Kings,031,150075.0,97117,191,44741,143,47452,42,4888,6,8450,132,55096,138,46646,59,0.0563051807429618,0.3671231051141096,0.3108179243711477
2021-08-07,Lake,033,64148.0,55958,66,17201,32,36078,32,2676,2,3919,43,31184,45,27265,21,0.0610930972126956,0.4861258340088545,0.4250327367961589
2021-08-07,Lassen,035,31185.0,12435,10,1678,2,9665,4,1078,4,732,4,7089,8,6357,6,0.0234728234728234,0.2273208273208273,0.2038480038480038
2021-08-07,Los Angeles,037,10098052.0,11731875,19101,6446704,14293,4818899,4166,462180,629,739531,11264,6440582,11880,5701051,7560,0.0732350160209117,0.637804400294235,0.5645693842733233
2021-08-07,Madera,039,155013.0,128271,269,65971,209,56895,52,5322,8,8681,174,70746,181,62065,92,0.056001754691542,0.4563875287879081,0.4003857740963661
2021-08-07,Marin,041,260295.0,390190,258,246589,180,131272,39,12310,39,12994,140,207148,179,194154,108,0.0499202827561036,0.7958201271634108,0.745899844407307
2021-08-07,Mariposa,043,17540.0,13805,14,2890,6,10334,8,559,0,2488,9,8357,9,5869,5,0.1418472063854048,0.4764538198403649,0.33460661345496
2021-08-07,Mendocino,045,87422.0,97937,55,53309,26,41163,29,3454,0,6768,36,53857,36,47089,15,0.0774175836745899,0.6160577429022442,0.5386401592276544
2021-08-07,Merced,047,269075.0,222584,557,130074,429,82156,112,9528,11,25033,405,125722,416,100689,147,0.0930335408343398,0.4672377589891294,0.3742042181547895
2021-08-07,Modoc,049,8938.0,5921,3,876,0,4647,3,388,0,270,2,3280,2,3010,1,0.03020810024614,0.3669724770642202,0.3367643768180801
2021-08-07,Mono,051,14174.0,16093,3,8886,1,6810,2,338,0,655,3,8494,3,7839,0,0.0462113729363623,0.5992662621701708,0.5530548892338084
2021-08-07,Monterey,053,433212.0,495057,764,235450,556,237323,178,21641,30,30131,422,272226,451,242095,337,0.0695525516375354,0.6283897952965292,0.5588372436589938
2021-08-07,Napa,055,140530.0,185432,141,97335,96,82656,38,5429,7,11038,72,100673,79,89635,61,0.0785455062975877,0.7163808439479115,0.6378353376503237
2021-08-07,Nevada,057,99092.0,107182,78,57229,38,46938,35,2970,5,6492,55,58079,60,51587,22,0.0655148750655956,0.5861118960158237,0.5205970209502281
2021-08-07,Orange,059,3164182.0,3806791,5221,2167829,3850,1517877,1215,119911,154,194451,3073,2052371,3227,1857920,2081,0.0614537975375626,0.6486260904082003,0.5871722928706377
2021-08-07,Placer,061,380077.0,432742,511,248359,356,173009,121,11360,34,21156,327,232146,360,210990,174,0.0556624052494626,0.6107867616298802,0.5551243563804177
2021-08-07,Plumas,063,18699.0,17244,15,2215,11,13899,4,1088,0,786,14,9477,14,8691,1,0.0420343333868121,0.5068185464463341,0.4647842130595219
2021-08-07,Riverside,065,2383286.0,2284121,4293,1310500,3333,904758,856,67792,103,163770,2572,1253617,2673,1089847,1688,0.0687160500250494,0.5260035933580779,0.4572875433330284
2021-08-07,Sacramento,067,1510023.0,1647889,2524,926069,1760,674601,655,47010,108,92224,1478,890892,1584,798668,1032,0.061074566413889,0.5899857154493673,0.5289111490354783
2021-08-07,San Benito,069,59416.0,69274,33,38475,18,27574,15,3120,0,4722,26,38274,26,33552,7,0.07947354248014,0.6441699205601185,0.5646963780799784
2021-08-07,San Bernardino,071,2135413.0,1899031,3984,1121461,3059,717516,833,59825,91,134325,2408,1043617,2499,909292,1550,0.0629035226440974,0.4887190440444073,0.4258155214003099
2021-08-07,San Diego,073,3302833.0,4135380,5323,2239163,4089,1737185,982,157966,249,275829,3213,2294467,3543,2018638,2048,0.0835128509373619,0.694696643760069,0.6111837928227071
2021-08-07,San Francisco,075,870044.0,1272214,962,815517,844,403433,73,52910,43,40837,420,680351,459,639514,328,0.0469367066493188,0.7819730956135552,0.7350363889642363
2021-08-07,San Joaquin,077,732212.0,735334,1257,417663,963,293116,260,24509,34,61101,780,404285,814,343184,467,0.0834471437234025,0.552142002589414,0.4686948588660115
2021-08-07,San Luis Obispo,079,281455.0,306256,338,156477,228,138009,92,11640,17,17270,215,166972,233,149702,115,0.0613597200262919,0.5932458119415182,0.5318860919152263
2021-08-07,San Mateo,081,765935.0,1083855,1031,668969,862,375390,109,39022,58,42761,575,580651,633,537890,408,0.0558284971962372,0.7580943552651335,0.7022658580688962
2021-08-07,Santa Barbara,083,443738.0,505947,592,294191,446,189273,137,22138,9,32727,394,279447,403,246720,192,0.0737529803622858,0.6297567483515047,0.5560037679892189
2021-08-07,Santa Clara,085,1922200.0,2763516,2438,1780518,1935,877519,404,101785,98,88475,1331,1469653,1428,1381178,1040,0.0460279887628758,0.7645682031006139,0.718540214337738
2021-08-07,Santa Cruz,087,273765.0,348664,387,168967,267,170133,77,9521,43,15085,219,185975,259,170890,157,0.0551020035431848,0.6793235073877231,0.6242215038445382
2021-08-07,Shasta,089,179085.0,127846,173,57286,117,63941,55,6572,1,11250,121,72622,122,61372,50,0.0628193316023117,0.4055169332998297,0.3426976016975179
2021-08-07,Sierra,091,2930.0,2747,0,231,0,2471,0,43,0,68,0,1420,0,1352,0,0.0232081911262798,0.4846416382252559,0.4614334470989761
2021-08-07,Siskiyou,093,43540.0,34701,8,14192,6,19431,2,1043,0,2479,6,19047,6,16568,2,0.0569361506660542,0.437459807073955,0.3805236564079007
2021-08-07,Solano,095,438530.0,487420,452,265948,311,208162,125,13266,16,40786,292,270046,308,229260,155,0.0930061797368481,0.6157982350124279,0.5227920552755798
2021-08-07,Sonoma,097,501317.0,649500,863,358903,697,269638,130,20903,36,31461,498,349653,534,318192,346,0.0627566988552153,0.6974688670043107,0.6347121681490953
2021-08-07,Stanislaus,099,539301.0,491224,911,278241,694,195727,189,16953,28,43205,600,271342,627,228137,305,0.080112961036601,0.5031364673901958,0.4230235063535947
2021-08-07,Sutter,101,95872.0,87255,187,35947,121,47247,63,4055,3,6353,123,48555,126,42202,62,0.0662654372496662,0.5064565253671562,0.4401910881174899
2021-08-07,Tehama,103,63373.0,41487,51,15225,24,24671,26,1582,1,2523,35,22739,36,20216,15,0.0398119072791251,0.358812112413804,0.3190002051346788
2021-08-07,Trinity,105,12862.0,9676,14,1850,12,7187,2,634,0,657,4,5473,4,4816,10,0.0510807028455916,0.4255170269009485,0.3744363240553569
2021-08-07,Tulare,107,460477.0,368953,939,215677,707,142195,223,11008,9,29047,619,203849,628,174802,312,0.0630802407069191,0.4426909487335958,0.3796107080266767
2021-08-07,Tuolumne,109,53932.0,49042,50,13221,11,34781,36,1035,3,2635,33,25897,36,23262,15,0.048857820959727,0.4801787436030557,0.4313209226433286
2021-08-07,Ventura,111,848112.0,1000928,1110,531301,838,433877,241,35371,31,50559,631,541720,662,491161,465,0.0596135887712943,0.6387363933065444,0.5791228045352501
2021-08-07,Yolo,113,214977.0,255465,225,125424,165,122289,53,7716,7,13965,114,138254,121,124289,104,0.0649604376282114,0.6431106583494979,0.5781502207212864
2021-08-07,Yuba,115,75493.0,53586,133,20138,91,30065,36,3367,6,4102,84,30426,90,26324,49,0.0543361636178188,0.4030307445723444,0.3486945809545256
2021-08-06,Alameda,001,1643700.0,2209918,4051,1399900,3246,699753,658,109539,146,85272,2351,1198017,2497,1112745,1574,0.0518780799415951,0.7288538054389487,0.6769757254973535
2021-08-06,Alpine,003,1148.0,1475,0,40,0,1429,0,6,0,86,0,778,0,692,0,0.0749128919860627,0.6777003484320557,0.6027874564459931
2021-08-06,Amador,005,37829.0,36576,62,9818,28,25495,33,1262,1,2988,47,19951,48,16963,15,0.0789870205397975,0.5273996140527109,0.4484125935129133
2021-08-06,Butte,007,227075.0,185559,402,89068,264,89001,107,7469,31,10896,239,101634,269,90738,160,0.0479841462072002,0.4475789937245403,0.3995948475173401
2021-08-06,Calaveras,009,45235.0,42004,72,17518,55,23307,16,1177,1,2470,52,22399,53,19929,19,0.0546037360450978,0.4951696695037029,0.440565933458605
2021-08-06,Colusa,011,21464.0,19760,67,4741,38,14068,28,947,1,1400,45,11018,46,9618,22,0.0652254938501677,0.51332463660082,0.4480991427506522
2021-08-06,Contra Costa,013,1133247.0,1537386,2854,1028138,2373,458883,375,50020,106,53101,1642,818312,1747,765211,1160,0.0468573929602284,0.7220950066490359,0.6752376136888075
2021-08-06,Del Norte,015,27424.0,19641,55,7013,24,11545,24,1046,7,1317,40,10922,47,9605,13,0.0480236289381563,0.3982642940490081,0.3502406651108518
2021-08-06,El Dorado,017,186661.0,196523,451,93654,311,95346,101,7498,38,10784,277,107084,315,96300,168,0.05777318240018,0.5736817010516391,0.515908518651459
2021-08-06,Fresno,019,978130.0,920876,3016,488309,2287,398035,655,34069,74,67606,1986,508789,2059,441183,998,0.0691176019547503,0.5201650087411693,0.4510474067864189
2021-08-06,Glenn,021,27897.0,23082,74,9312,61,12514,4,1236,9,1188,47,12706,56,11518,27,0.0425852242176578,0.4554611606982829,0.4128759364806251
2021-08-06,Humboldt,023,135768.0,144661,453,72251,285,65077,93,7210,75,7550,285,79341,359,71791,160,0.0556095692652171,0.5843866006717341,0.528777031406517
2021-08-06,Imperial,025,180216.0,234567,791,115840,601,103397,169,15294,21,24480,423,136529,444,112049,361,0.1358369956052736,0.7575853420340036,0.62174834642873
2021-08-06,Inyo,027,18085.0,18402,34,6781,23,10909,11,558,0,789,21,9778,21,8989,12,0.0436273154547967,0.5406690627591927,0.4970417473043959
2021-08-06,Kern,029,883053.0,690091,2441,355075,1566,303397,772,31411,102,53173,1569,385740,1670,332567,844,0.0602149587850332,0.4368254227096222,0.3766104639245889
2021-08-06,Kings,031,150075.0,96926,326,44598,209,47410,106,4882,11,8371,226,54958,237,46587,100,0.0557787772780276,0.3662035648842245,0.3104247876061969
2021-08-06,Lake,033,64148.0,55892,174,17169,84,36046,71,2674,19,3895,97,31139,116,27244,76,0.0607189623994512,0.4854243312340213,0.42470536883457
2021-08-06,Lassen,035,31185.0,12425,40,1676,4,9661,32,1074,4,730,19,7081,23,6351,21,0.0234086900753567,0.2270642937309604,0.2036556036556036
2021-08-06,Los Angeles,037,10098052.0,11712774,28509,6432411,21157,4814733,6282,461551,1052,735211,16611,6428702,17648,5693491,11419,0.0728072107372788,0.6366279357642445,0.5638207250269656
2021-08-06,Madera,039,155013.0,128002,424,65762,318,56843,88,5314,17,8592,291,70565,308,61973,130,0.0554276092972847,0.4552198847838568,0.3997922754865721
2021-08-06,Marin,041,260295.0,389932,341,246409,262,131233,67,12271,12,12923,172,206969,184,194046,142,0.0496475153191571,0.7951324458787146,0.7454849305595574
2021-08-06,Mariposa,043,17540.0,13791,24,2884,16,10326,8,559,0,2484,18,8348,18,5864,5,0.1416191562143671,0.4759407069555302,0.334321550741163
2021-08-06,Mendocino,045,87422.0,97882,351,53283,235,41134,107,3454,9,6747,234,53821,242,47074,114,0.0771773695408478,0.6156459472444007,0.5384685777035528
2021-08-06,Merced,047,269075.0,222027,834,129645,610,82044,196,9517,28,24764,598,125306,627,100542,231,0.0920338195670352,0.4656917216389482,0.373657902071913
2021-08-06,Modoc,049,8938.0,5918,3,876,0,4644,3,388,0,269,1,3278,1,3009,1,0.0300962183933765,0.3667487133586932,0.3366524949653166
2021-08-06,Mono,051,14174.0,16090,115,8885,94,6808,13,338,8,652,59,8491,67,7839,54,0.0459997177931423,0.5990546070269508,0.5530548892338084
2021-08-06,Monterey,053,433212.0,494293,1133,234894,682,237145,419,21611,30,30017,661,271775,691,241758,449,0.069289401032289,0.6273487345687562,0.5580593335364671
2021-08-06,Napa,055,140530.0,185291,261,97239,186,82618,59,5422,16,11020,142,100594,157,89574,106,0.078417419768021,0.7158186864014802,0.6374012666334591
2021-08-06,Nevada,057,99092.0,107104,198,57191,122,46903,61,2965,15,6454,121,58019,136,51565,73,0.0651313930488838,0.5855063980946998,0.520375005045816
2021-08-06,Orange,059,3164182.0,3801570,8498,2163979,6421,1516662,1729,119757,347,193305,5102,2049144,5447,1855839,3304,0.0610916186237074,0.6476062375678769,0.5865146189441695
2021-08-06,Placer,061,380077.0,432231,999,248003,733,172888,215,11326,51,20970,599,231786,650,210816,392,0.055173030727984,0.609839585136696,0.5546665544087119
2021-08-06,Plumas,063,18699.0,17229,32,2204,22,13895,7,1088,3,773,18,9463,21,8690,13,0.0413391090432643,0.5060698433071287,0.4647307342638643
2021-08-06,Riverside,065,2383286.0,2279828,7766,1307167,5971,903902,1514,67689,276,162785,4756,1250944,5032,1088159,2928,0.0683027551036677,0.5248820326221864,0.4565792775185185
2021-08-06,Sacramento,067,1510023.0,1645365,4192,924309,3011,673946,1040,46902,140,91672,2506,889308,2647,797636,1641,0.0607090090680738,0.5889367248048539,0.5282277157367802
2021-08-06,San Benito,069,59416.0,69241,162,38457,110,27559,45,3120,7,4703,106,38248,113,33545,56,0.0791537632960818,0.6437323279924599,0.5645785646963781
2021-08-06,San Bernardino,071,2135413.0,1895047,6686,1118402,5034,716683,1410,59734,241,133376,4015,1041118,4253,907742,2628,0.0624591121249144,0.4875487786203418,0.4250896664954273
2021-08-06,San Diego,073,3302833.0,4130057,8474,2235074,5976,1736203,2081,157717,415,274334,5014,2290924,5567,2016590,3362,0.0830602092203874,0.6936239283063964,0.6105637190860089
2021-08-06,San Francisco,075,870044.0,1271252,1503,814673,1194,403360,243,52867,64,40706,697,679892,758,639186,591,0.0467861395515629,0.7814455360878301,0.7346593965362671
2021-08-06,San Joaquin,077,732212.0,734077,2197,416700,1634,292856,502,24475,61,60754,1322,403471,1382,342717,865,0.0829732372591544,0.5510303026992183,0.4680570654400638
2021-08-06,San Luis Obispo,079,281455.0,305918,459,156249,250,137917,188,11623,21,17152,264,166739,285,149587,187,0.0609404700573803,0.5924179709012097,0.5314775008438294
2021-08-06,San Mateo,081,765935.0,1082824,1214,668107,946,375281,179,38964,88,42536,658,580018,743,537482,484,0.055534738587478,0.7572679143791575,0.7017331757916795
2021-08-06,Santa Barbara,083,443738.0,505355,1071,293745,788,189136,223,22129,59,32516,699,279044,759,246528,345,0.0732774745457905,0.6288485547778193,0.5555710802320288
2021-08-06,Santa Clara,085,1922200.0,2761078,3748,1778583,2926,877115,654,101687,166,88087,2105,1468225,2268,1380138,1533,0.0458261367183435,0.7638253043387785,0.7179991676204349
2021-08-06,Santa Cruz,087,273765.0,348277,536,168700,383,170056,123,9478,30,14983,312,185716,340,170733,218,0.0547294212189286,0.678377440505543,0.6236480192866144
2021-08-06,Shasta,089,179085.0,127673,388,57169,250,63886,113,6571,25,11178,253,72500,279,61322,130,0.0624172878800569,0.4048356925482312,0.3424184046681743
2021-08-06,Sierra,091,2930.0,2747,1,231,1,2471,0,43,0,68,1,1420,1,1352,0,0.0232081911262798,0.4846416382252559,0.4614334470989761
2021-08-06,Siskiyou,093,43540.0,34693,102,14186,69,19429,29,1043,4,2475,72,19041,76,16566,30,0.0568442811208084,0.4373220027560863,0.3804777216352779
2021-08-06,Solano,095,438530.0,486968,1244,265637,906,208037,301,13250,37,40633,754,269738,791,229105,482,0.0926572868446856,0.6150958885367022,0.5224386016920165
2021-08-06,Sonoma,097,501317.0,648637,1271,358206,1004,269508,176,20867,90,31273,795,349119,883,317846,448,0.0623816866373971,0.6964036727260396,0.6340219860886425
2021-08-06,Stanislaus,099,539301.0,490313,1430,277547,914,195538,478,16925,38,42883,953,270715,991,227832,466,0.0795158918674358,0.5019738513371939,0.422457959469758
2021-08-06,Sutter,101,95872.0,87068,347,35826,222,47184,99,4052,26,6289,229,48429,255,42140,107,0.0655978805073431,0.5051422730307076,0.4395443925233644
2021-08-06,Tehama,103,63373.0,41436,133,15201,74,24645,57,1581,2,2502,102,22703,104,20201,30,0.0394805358748994,0.3582440471494169,0.3187635112745175
2021-08-06,Trinity,105,12862.0,9662,17,1838,13,7185,3,634,1,663,11,5469,12,4806,6,0.0515471932825377,0.4252060332763178,0.3736588399937801
2021-08-06,Tulare,107,460477.0,368014,1517,214970,1111,141972,364,10999,42,28731,1021,203221,1063,174490,483,0.0623939957913207,0.4413271455469003,0.3789331497555795
2021-08-06,Tuolumne,109,53932.0,48992,133,13210,69,34745,61,1032,3,2614,88,25861,92,23247,42,0.0484684417414522,0.4795112363717274,0.4310427946302752
2021-08-06,Ventura,111,848112.0,999818,2152,530463,1607,433636,444,35340,99,50362,1294,541058,1393,490696,837,0.059381308129115,0.6379558360216575,0.5785745278925425
2021-08-06,Yolo,113,214977.0,255240,455,125259,327,122236,110,7709,18,13948,275,138133,293,124185,172,0.0648813594012382,0.6425478074398656,0.5776664480386274
2021-08-06,Yuba,115,75493.0,53453,234,20047,130,30029,80,3361,24,4061,145,30336,169,26275,88,0.0537930669068655,0.4018385810604957,0.3480455141536301
2021-08-05,Alameda,001,1643700.0,2205867,3246,1396654,2609,699095,483,109393,152,84349,1892,1195520,2039,1111171,1236,0.051316541948044,0.7273346717770883,0.6760181298290442
2021-08-05,Alpine,003,1148.0,1475,0,40,0,1429,0,6,0,86,0,778,0,692,0,0.0749128919860627,0.6777003484320557,0.6027874564459931
2021-08-05,Amador,005,37829.0,36514,54,9790,28,25462,19,1261,7,2955,32,19903,36,16948,16,0.0781146739274101,0.5261307462528748,0.4480160723254646
2021-08-05,Butte,007,227075.0,185157,513,88804,384,88894,96,7438,33,10787,311,101365,344,90578,197,0.0475041285918749,0.4463943630958934,0.3988902345040185
2021-08-05,Calaveras,009,45235.0,41932,80,17463,36,23291,39,1176,5,2436,52,22346,57,19910,28,0.0538521056703879,0.4939980103901846,0.4401459047197966
2021-08-05,Colusa,011,21464.0,19693,22,4703,11,14040,10,946,1,1376,8,10972,9,9596,13,0.064107342527022,0.5111815132314573,0.4470741707044353
2021-08-05,Contra Costa,013,1133247.0,1534532,2489,1025765,2134,458508,245,49914,109,52514,1523,816565,1632,764051,929,0.0463394123258212,0.7205534186280661,0.6742140063022448
2021-08-05,Del Norte,015,27424.0,19586,79,6989,44,11521,22,1039,13,1283,53,10875,66,9592,26,0.0467838389731621,0.3965504667444574,0.3497666277712952
2021-08-05,El Dorado,017,186661.0,196072,413,93343,270,95245,103,7460,40,10637,235,106769,274,96132,177,0.0569856584932042,0.5719941498224054,0.515008491329201
2021-08-05,Fresno,019,978130.0,917860,2514,486022,1897,397380,535,33995,82,66545,1676,506730,1752,440185,806,0.0680328790651549,0.5180599715784201,0.4500270925132651
2021-08-05,Glenn,021,27897.0,23008,52,9251,28,12510,21,1227,3,1159,31,12650,34,11491,21,0.0415456859160483,0.4534537763917267,0.4119080904756784
2021-08-05,Humboldt,023,135768.0,144208,257,71966,159,64984,74,7135,24,7351,162,78982,184,71631,88,0.0541438335984915,0.5817423840669377,0.5275985504684462
2021-08-05,Imperial,025,180216.0,233776,632,115239,466,103228,137,15273,29,24397,353,136085,381,111688,271,0.1353764371642917,0.7551216318195942,0.6197451946553025
2021-08-05,Inyo,027,18085.0,18368,20,6758,11,10898,8,558,1,780,8,9757,8,8977,11,0.0431296654686204,0.5395078794581145,0.496378213989494
2021-08-05,Kern,029,883053.0,687650,1723,353509,1148,302625,495,31309,80,52347,1074,384070,1151,331723,636,0.0592795675910732,0.4349342564942308,0.3756546889031575
2021-08-05,Kings,031,150075.0,96600,315,44389,206,47304,98,4871,11,8234,211,54721,223,46487,107,0.0548659003831417,0.3646243544894219,0.3097584541062801
2021-08-05,Lake,033,64148.0,55718,157,17085,82,35975,70,2655,5,3855,98,31023,103,27168,59,0.0600954043773773,0.4836160129700068,0.4235206085926295
2021-08-05,Lassen,035,31185.0,12385,42,1672,33,9629,8,1070,1,728,30,7058,31,6330,11,0.02334455667789,0.226326759660093,0.2029822029822029
2021-08-05,Los Angeles,037,10098052.0,11684265,23018,6411254,17016,4808451,5029,460499,959,728982,13953,6411054,14891,5682072,8714,0.0721903590910405,0.6348802719574033,0.5626899128663627
2021-08-05,Madera,039,155013.0,127578,312,65444,191,56755,101,5297,20,8414,192,70257,212,61843,120,0.0542793185087702,0.453232954655416,0.3989536361466457
2021-08-05,Marin,041,260295.0,389591,349,246147,265,131166,56,12259,28,12881,177,206785,205,193904,150,0.0494861599339211,0.7944255556195855,0.7449393956856644
2021-08-05,Mariposa,043,17540.0,13767,62,2868,29,10318,25,559,8,2471,37,8330,44,5859,22,0.1408779931584948,0.4749144811858609,0.334036488027366
2021-08-05,Mendocino,045,87422.0,97531,160,53048,101,41027,57,3445,2,6619,106,53579,108,46960,52,0.0757132072018485,0.6128777653222302,0.5371645581203816
2021-08-05,Merced,047,269075.0,221193,813,129035,650,81848,137,9489,26,24368,557,124679,582,100311,251,0.0905621109356127,0.4633615163058627,0.3727994053702499
2021-08-05,Modoc,049,8938.0,5915,27,876,9,4641,16,388,2,269,20,3277,22,3008,7,0.0300962183933765,0.3666368315059297,0.3365406131125531
2021-08-05,Mono,051,14174.0,15975,9,8791,3,6795,6,330,0,639,8,8424,8,7785,1,0.0450825455058557,0.5943276421617045,0.5492450966558488
2021-08-05,Monterey,053,433212.0,493160,901,234212,513,236726,331,21581,55,29775,496,271084,550,241309,372,0.068730783080801,0.6257536725667803,0.5570228894859791
2021-08-05,Napa,055,140530.0,185030,225,97053,156,82559,59,5406,10,10969,154,100437,165,89468,65,0.0780545079342489,0.7147014872269266,0.6366469792926778
2021-08-05,Nevada,057,99092.0,106906,151,57069,102,46842,36,2950,13,6391,81,57883,93,51492,68,0.0644956202317038,0.5841339361401526,0.5196383159084487
2021-08-05,Orange,059,3164182.0,3793072,6801,2157558,5192,1514933,1324,119410,283,191162,4172,2043697,4450,1852535,2543,0.0604143503755473,0.6458847815960017,0.5854704312204545
2021-08-05,Placer,061,380077.0,431232,788,247270,556,172673,177,11275,55,20712,516,231136,570,210424,266,0.0544942209078686,0.6081294053573355,0.5536351844494668
2021-08-05,Plumas,063,18699.0,17197,42,2182,24,13888,12,1085,6,765,16,9442,22,8677,25,0.0409112786780041,0.5049467885983208,0.4640355099203166
2021-08-05,Riverside,065,2383286.0,2272062,5940,1301196,4479,902388,1271,67413,186,160681,3736,1245912,3919,1085231,2142,0.0674199403680464,0.5227706620187422,0.4553507216506957
2021-08-05,Sacramento,067,1510023.0,1641173,3455,921298,2437,672906,842,46762,172,90666,2120,886661,2291,795995,1305,0.0600427940501568,0.5871837713730188,0.5271409773228619
2021-08-05,San Benito,069,59416.0,69079,186,38347,139,27514,40,3113,7,4646,118,38135,125,33489,67,0.0781944257439073,0.6418304833714824,0.5636360576275751
2021-08-05,San Bernardino,071,2135413.0,1888361,5360,1113368,3975,715273,1185,59493,200,131751,3284,1036865,3483,905114,2043,0.0616981352085053,0.4855571264200414,0.4238589912115361
2021-08-05,San Diego,073,3302833.0,4121583,7490,2229098,5506,1734122,1547,157302,436,272129,4329,2285357,4879,2013228,3065,0.0823926005341475,0.6919384056051274,0.60954580507098
2021-08-05,San Francisco,075,870044.0,1269749,1373,813479,1033,403117,224,52803,114,40539,636,679134,740,638595,489,0.046594195236103,0.7805743157817305,0.7339801205456276
2021-08-05,San Joaquin,077,732212.0,731880,1791,415066,1255,292354,477,24414,59,60237,1123,402089,1182,341852,652,0.0822671575991652,0.549142871190311,0.4668757135911457
2021-08-05,San Luis Obispo,079,281455.0,305459,458,155999,249,137729,166,11602,42,17054,280,166454,321,149400,170,0.0605922794052335,0.5914053756373132,0.5308130962320797
2021-08-05,San Mateo,081,765935.0,1081610,1199,667161,1010,375102,132,38876,57,42277,667,579275,722,536998,470,0.0551965897889507,0.7562978581733437,0.7011012683843929
2021-08-05,Santa Barbara,083,443738.0,504284,827,292957,608,188913,161,22070,56,32102,503,278285,559,246183,306,0.0723444915693494,0.6271380859876774,0.554793594418328
2021-08-05,Santa Clara,085,1922200.0,2757330,3074,1775657,2404,876461,485,101521,185,87352,1724,1465957,1907,1378605,1269,0.0454437623556341,0.7626454063052752,0.717201643949641
2021-08-05,Santa Cruz,087,273765.0,347741,473,168317,343,169933,97,9448,33,14861,273,185376,304,170515,188,0.0542837835369751,0.6771354994246891,0.6228517158877139
2021-08-05,Shasta,089,179085.0,127285,311,56919,184,63773,103,6546,24,11029,199,72221,223,61192,108,0.061585280732613,0.403277773124494,0.3416924923918809
2021-08-05,Sierra,091,2930.0,2746,13,230,8,2471,3,43,2,67,9,1419,11,1352,4,0.0228668941979522,0.4843003412969283,0.4614334470989761
2021-08-05,Siskiyou,093,43540.0,34591,67,14117,45,19400,12,1039,10,2429,29,18965,38,16536,37,0.0557877813504823,0.4355764813964171,0.3797887000459348
2021-08-05,Solano,095,438530.0,485724,937,264731,654,207736,256,13213,26,40324,678,268947,702,228623,248,0.0919526600232595,0.6132921350876793,0.5213394750644198
2021-08-05,Sonoma,097,501317.0,647366,1175,357202,959,269332,162,20777,54,30838,683,348236,737,317398,475,0.0615139721972324,0.6946423121497974,0.6331283399525649
2021-08-05,Stanislaus,099,539301.0,488883,1321,276633,903,195060,391,16887,27,42358,847,269724,875,227366,468,0.0785424095264054,0.5001362875277442,0.4215938780013388
2021-08-05,Sutter,101,95872.0,86721,225,35604,136,47085,79,4026,10,6141,149,48174,159,42033,72,0.0640541555407209,0.502482476635514,0.438428321094793
2021-08-05,Tehama,103,63373.0,41303,134,15127,70,24588,51,1579,13,2428,96,22599,109,20171,38,0.0383128461647704,0.3566029697189655,0.318290123554195
2021-08-05,Trinity,105,12862.0,9645,13,1825,10,7182,1,633,2,657,5,5457,7,4800,8,0.0510807028455916,0.4242730524024257,0.373192349556834
2021-08-05,Tulare,107,460477.0,366497,1192,213859,890,141608,279,10957,21,28151,815,202158,836,174007,367,0.0611344323386401,0.4390186697706943,0.3778842374320541
2021-08-05,Tuolumne,109,53932.0,48859,82,13141,29,34684,49,1029,4,2564,62,25769,66,23205,14,0.0475413483646072,0.4778053845583327,0.4302640361937254
2021-08-05,Ventura,111,848112.0,997666,1814,528856,1415,433192,309,35241,90,49806,1035,539665,1124,489859,760,0.0587257343369743,0.6363133642726433,0.5775876299356689
2021-08-05,Yolo,113,214977.0,254785,412,124932,282,122126,94,7691,36,13827,227,137840,263,124013,176,0.064318508491606,0.6411848709396819,0.5768663624480759
2021-08-05,Yuba,115,75493.0,53219,170,19917,102,29949,51,3337,17,3980,112,30167,129,26187,58,0.0527201197462016,0.3995999629104685,0.3468798431642669
2021-08-04,Alameda,001,1643700.0,2202621,2690,1394045,2151,698612,417,109241,120,83546,1623,1193481,1744,1109935,961,0.0508280099774898,0.726094177769666,0.6752661677921762
2021-08-04,Alpine,003,1148.0,1475,2,40,0,1429,2,6,0,86,0,778,0,692,2,0.0749128919860627,0.6777003484320557,0.6027874564459931
2021-08-04,Amador,005,37829.0,36460,67,9762,47,25443,16,1254,4,2935,57,19867,61,16932,10,0.0775859790108118,0.5251790954029977,0.4475931163921859
2021-08-04,Butte,007,227075.0,184644,526,88420,421,88798,85,7405,20,10640,342,101021,362,90381,177,0.0468567653858857,0.444879445117252,0.3980226797313663
2021-08-04,Calaveras,009,45235.0,41852,54,17427,36,23252,14,1171,4,2407,27,22289,31,19882,26,0.0532110091743119,0.4927379241737593,0.4395269149994473
2021-08-04,Colusa,011,21464.0,19671,65,4692,25,14030,39,945,1,1380,40,10963,41,9583,25,0.0642937010808796,0.5107622064852777,0.4464685054043981
2021-08-04,Contra Costa,013,1133247.0,1532043,2410,1023631,2049,458263,257,49805,102,51811,1481,814933,1582,763122,884,0.0457190709527578,0.7191133089255917,0.6733942379728338
2021-08-04,Del Norte,015,27424.0,19507,67,6945,28,11499,29,1026,10,1243,34,10809,44,9566,33,0.0453252625437572,0.3941438156359393,0.348818553092182
2021-08-04,El Dorado,017,186661.0,195659,349,93073,231,95142,96,7420,22,10540,236,106495,258,95955,111,0.05646599986071,0.5705262481182465,0.5140602482575364
2021-08-04,Fresno,019,978130.0,915346,2652,484125,1975,396845,555,33913,119,65599,1783,504978,1900,439379,836,0.0670657274595401,0.5162687986259495,0.4492030711664094
2021-08-04,Glenn,021,27897.0,22956,108,9223,87,12489,14,1224,7,1146,72,12616,79,11470,36,0.0410796859877406,0.4522350073484604,0.4111553213607198
2021-08-04,Humboldt,023,135768.0,143951,256,71807,144,64910,78,7111,34,7255,136,78798,169,71543,116,0.053436745035649,0.5803871309881563,0.5269503859525072
2021-08-04,Imperial,025,180216.0,233144,695,114773,533,103091,147,15244,15,24287,340,135704,355,111417,342,0.1347660585075687,0.7530075021085808,0.6182414436010121
2021-08-04,Inyo,027,18085.0,18348,26,6747,19,10890,7,557,0,783,13,9749,13,8966,13,0.0432955487973458,0.5390655239148465,0.4957699751175007
2021-08-04,Kern,029,883053.0,685927,1754,352361,1110,302130,568,31229,74,51832,1136,382919,1207,331087,604,0.0586963636384226,0.4336308239709281,0.3749344603325055
2021-08-04,Kings,031,150075.0,96285,327,44183,202,47206,110,4860,14,8118,212,54498,225,46380,115,0.0540929535232383,0.3631384307846076,0.3090454772613693
2021-08-04,Lake,033,64148.0,55561,175,17003,92,35905,71,2650,12,3811,122,30920,134,27109,52,0.0594094905530959,0.4820103510631664,0.4226008605100704
2021-08-04,Lassen,035,31185.0,12343,27,1639,3,9621,18,1069,6,708,15,7027,20,6319,10,0.0227032227032227,0.2253326919993586,0.2026294692961359
2021-08-04,Los Angeles,037,10098052.0,11661247,22938,6394238,16942,4803422,5090,459540,890,722805,13861,6396163,14727,5673358,8719,0.0715786569528459,0.6334056311058807,0.5618269741530346
2021-08-04,Madera,039,155013.0,127266,290,65253,198,56654,78,5277,14,8322,195,70045,209,61723,93,0.0536858198989762,0.4518653274241515,0.3981795075251753
2021-08-04,Marin,041,260295.0,389242,291,245882,208,131110,48,12231,35,12826,149,206580,183,193754,119,0.0492748612151597,0.7936379876678384,0.7443631264526787
2021-08-04,Mariposa,043,17540.0,13705,23,2839,9,10293,12,551,2,2449,14,8286,16,5837,8,0.1396237172177879,0.4724059293044469,0.3327822120866591
2021-08-04,Mendocino,045,87422.0,97371,191,52947,132,40970,47,3443,12,6563,134,53471,146,46908,55,0.0750726361785363,0.6116423783486994,0.5365697421701631
2021-08-04,Merced,047,269075.0,220380,634,128385,422,81711,192,9463,20,24037,402,124097,421,100060,224,0.089331970640156,0.4611985505899842,0.3718665799498281
2021-08-04,Modoc,049,8938.0,5888,8,867,3,4625,5,386,0,254,3,3255,3,3001,5,0.0284179906019243,0.3641754307451331,0.3357574401432088
2021-08-04,Mono,051,14174.0,15966,17,8788,7,6789,10,330,0,632,11,8416,11,7784,5,0.0445886835050091,0.5937632284464512,0.549174544941442
2021-08-04,Monterey,053,433212.0,492259,1212,233699,902,236395,252,21526,58,29597,742,270534,800,240937,451,0.0683198988024339,0.6244840863133985,0.5561641875109646
2021-08-04,Napa,055,140530.0,184805,191,96897,149,82500,33,5396,9,10869,119,100272,128,89403,68,0.0773429161033231,0.7135273607058991,0.636184444602576
2021-08-04,Nevada,057,99092.0,106755,179,56967,117,46806,50,2937,12,6366,124,57790,136,51424,52,0.0642433294312356,0.5831954143624107,0.5189520849311751
2021-08-04,Orange,059,3164182.0,3786271,6507,2152366,4894,1513609,1354,119127,259,189255,3981,2039247,4236,1849992,2429,0.0598116669647953,0.6444784149584316,0.5846667479936363
2021-08-04,Placer,061,380077.0,430444,763,246714,543,172496,169,11220,51,20408,477,230566,528,210158,278,0.0536943829802908,0.6066297092431271,0.5529353262628363
2021-08-04,Plumas,063,18699.0,17155,35,2158,17,13876,11,1079,7,768,20,9420,27,8652,13,0.0410717150649767,0.5037702550938553,0.4626985400288785
2021-08-04,Riverside,065,2383286.0,2266122,5779,1296717,4305,901117,1304,67227,168,158904,3610,1241993,3779,1083089,2121,0.0666743311545488,0.5211262936970217,0.4544519625424729
2021-08-04,Sacramento,067,1510023.0,1637718,3383,918861,2393,672064,853,46590,136,89680,2016,884370,2151,794690,1350,0.05938982386361,0.5856665759395718,0.5262767520759618
2021-08-04,San Benito,069,59416.0,68893,157,38208,122,27474,27,3106,8,4588,107,38010,115,33422,50,0.0772182577083613,0.6397266729500471,0.5625084152416857
2021-08-04,San Bernardino,071,2135413.0,1883001,5585,1109393,4212,714088,1172,59293,200,130311,3471,1033382,3668,903071,2067,0.061023792587195,0.4839260602047472,0.4229022676175522
2021-08-04,San Diego,073,3302833.0,4114093,7527,2223592,5504,1732575,1588,156866,434,270315,4415,2280478,4974,2010163,3039,0.0818433750661931,0.6904611889247806,0.6086178138585875
2021-08-04,San Francisco,075,870044.0,1268376,1250,812446,972,402893,197,52689,78,40288,594,678394,670,638106,471,0.0463057040793339,0.7797237840844831,0.7334180800051492
2021-08-04,San Joaquin,077,732212.0,730089,1678,413811,1261,291877,369,24355,48,59707,1004,400907,1052,341200,665,0.0815433235183253,0.5475285846175698,0.4659852610992445
2021-08-04,San Luis Obispo,079,281455.0,305001,510,155750,340,137563,135,11560,35,16903,277,166133,311,149230,223,0.0600557815636602,0.5902648736032403,0.53020909203958
2021-08-04,San Mateo,081,765935.0,1080411,1199,666151,980,374970,149,38819,68,42025,661,578553,726,536528,477,0.0548675801471404,0.7553552194376807,0.7004876392905404
2021-08-04,Santa Barbara,083,443738.0,503457,826,292349,590,188752,210,22014,26,31849,541,277726,566,245877,275,0.0717743353059688,0.6258783336112751,0.5541039983053063
2021-08-04,Santa Clara,085,1922200.0,2754256,3140,1773253,2432,875976,548,101336,154,86714,1721,1464050,1875,1377336,1336,0.0451118510040578,0.7616533139111434,0.7165414629070856
2021-08-04,Santa Cruz,087,273765.0,347268,358,167974,263,169836,79,9415,16,14745,199,185072,213,170327,153,0.0538600624623308,0.6760250579876902,0.6221649955253593
2021-08-04,Shasta,089,179085.0,126974,303,56735,188,63670,77,6522,38,10914,196,71998,234,61084,106,0.0609431275651227,0.4020325543736214,0.3410894268084987
2021-08-04,Sierra,091,2930.0,2733,2,222,2,2468,0,41,0,60,2,1408,2,1348,0,0.0204778156996587,0.4805460750853242,0.4600682593856655
2021-08-04,Siskiyou,093,43540.0,34524,60,14072,27,19388,30,1029,3,2428,49,18927,52,16499,11,0.0557648139641708,0.4347037207165825,0.3789389067524116
2021-08-04,Solano,095,438530.0,484787,1072,264077,786,207480,261,13187,25,39870,605,268245,629,228375,459,0.0909173830752742,0.6116913324059927,0.5207739493307185
2021-08-04,Sonoma,097,501317.0,646191,1159,356243,916,269170,168,20723,75,30576,701,347499,773,316923,440,0.0609913487872942,0.6931721844661163,0.632180835678822
2021-08-04,Stanislaus,099,539301.0,487562,1343,275730,969,194669,333,16860,41,41951,873,268849,913,226898,462,0.0777877289305972,0.4985138169593603,0.4207260880287631
2021-08-04,Sutter,101,95872.0,86496,219,35468,135,47006,76,4016,8,6054,141,48015,149,41961,76,0.0631466955941255,0.500824015353805,0.4376773197596795
2021-08-04,Tehama,103,63373.0,41169,150,15057,93,24537,51,1566,6,2357,113,22490,119,20133,37,0.0371924952266738,0.3548829943351269,0.3176904991084531
2021-08-04,Trinity,105,12862.0,9632,18,1815,14,7181,3,631,1,658,12,5450,13,4792,5,0.0511584512517493,0.423728813559322,0.3725703623075727
2021-08-04,Tulare,107,460477.0,365305,953,212969,656,141329,267,10936,30,27682,600,201322,629,173640,339,0.0601159232708691,0.437203161069934,0.3770872377990649
2021-08-04,Tuolumne,109,53932.0,48777,105,13112,40,34635,49,1025,16,2512,58,25703,74,23191,47,0.0465771712526885,0.4765816213008974,0.4300044500482088
2021-08-04,Ventura,111,848112.0,995852,1445,527441,1034,432883,349,35151,61,49442,898,538541,957,489099,529,0.0582965457392419,0.6349880676137114,0.5766915218744694
2021-08-04,Yolo,113,214977.0,254373,404,124650,285,122032,99,7655,20,13740,261,137577,281,123837,136,0.0639138140359201,0.6399614842518037,0.5760476702158835
2021-08-04,Yuba,115,75493.0,53049,181,19815,102,29898,68,3320,11,3909,119,30038,129,26129,61,0.0517796351979653,0.3978911952101519,0.3461115600121865
2021-08-03,Alameda,001,1643700.0,2199931,3174,1391894,2536,698195,459,109121,178,82763,1907,1191737,2083,1108974,1199,0.050351645677435,0.7250331569021111,0.674681511224676
2021-08-03,Alpine,003,1148.0,1473,1,40,0,1427,1,6,0,88,1,778,1,690,0,0.0766550522648083,0.6777003484320557,0.6010452961672473
2021-08-03,Amador,005,37829.0,36393,69,9715,37,25427,27,1250,5,2884,51,19806,56,16922,17,0.0762378069734859,0.5235665759073727,0.4473287689338867
2021-08-03,Butte,007,227075.0,184118,378,87999,262,88713,95,7385,21,10455,219,100659,240,90204,155,0.0460420565892326,0.4432852581746119,0.3972432015853793
2021-08-03,Calaveras,009,45235.0,41798,69,17391,38,23238,29,1167,2,2402,45,22258,47,19856,23,0.0531004752956781,0.4920526141262297,0.4389521388305515
2021-08-03,Colusa,011,21464.0,19606,47,4667,30,13991,17,944,0,1364,29,10922,29,9558,17,0.0635482668654491,0.5088520313082371,0.4453037644427879
2021-08-03,Contra Costa,013,1133247.0,1529633,2693,1021582,2293,458006,283,49703,117,51113,1664,813351,1780,762238,992,0.0451031416804986,0.7177173202311588,0.6726141785506602
2021-08-03,Del Norte,015,27424.0,19440,44,6917,20,11470,18,1016,6,1232,26,10765,32,9533,18,0.0449241540256709,0.3925393815635939,0.347615227537923
2021-08-03,El Dorado,017,186661.0,195310,345,92842,229,95046,85,7398,31,10393,215,106237,246,95844,127,0.0556784759537343,0.5691440633019217,0.5134655873481874
2021-08-03,Fresno,019,978130.0,912694,2559,482150,1924,396290,570,33794,65,64535,1751,503078,1812,438543,765,0.0659779374929712,0.5143263165427908,0.4483483790498195
2021-08-03,Glenn,021,27897.0,22848,51,9136,40,12475,9,1217,2,1103,32,12537,34,11434,18,0.039538301609492,0.4494031616302828,0.4098648600207907
2021-08-03,Humboldt,023,135768.0,143695,238,71663,146,64832,56,7077,36,7202,140,78629,176,71427,90,0.053046373224913,0.5791423604973189,0.5260959872724059
2021-08-03,Imperial,025,180216.0,232449,759,114240,546,102944,180,15229,33,24274,408,135349,442,111075,340,0.1346939228481378,0.7510376437164292,0.6163437208682914
2021-08-03,Inyo,027,18085.0,18322,36,6728,27,10883,9,557,0,783,26,9736,26,8953,10,0.0432955487973458,0.5383466961570362,0.4950511473596903
2021-08-03,Kern,029,883053.0,684173,2063,351251,1274,301562,699,31155,89,51229,1335,381712,1424,330483,705,0.0580135054181345,0.4322639750954926,0.374250469677358
2021-08-03,Kings,031,150075.0,95958,314,43981,230,47096,73,4846,11,8008,224,54273,234,46265,87,0.05335998667333,0.3616391804097951,0.3082791937364651
2021-08-03,Lake,033,64148.0,55386,269,16911,143,35834,106,2638,20,3729,171,30786,191,27057,98,0.0581311966078443,0.4799214316892187,0.4217902350813743
2021-08-03,Lassen,035,31185.0,12316,47,1636,1,9603,35,1063,11,698,23,7007,34,6309,23,0.022382555715889,0.2246913580246913,0.2023088023088023
2021-08-03,Los Angeles,037,10098052.0,11638309,24143,6377296,17486,4798332,5581,458650,1068,716797,14577,6381436,15627,5664639,9216,0.0709836907157935,0.6319472310104959,0.5609635402947024
2021-08-03,Madera,039,155013.0,126976,330,65055,257,56576,63,5263,10,8206,220,69836,230,61630,107,0.0529374955648881,0.4505170534084238,0.3975795578435357
2021-08-03,Marin,041,260295.0,388951,429,245674,319,131062,83,12196,27,12762,225,206397,250,193635,186,0.0490289863424191,0.7929349392035959,0.7439059528611768
2021-08-03,Mariposa,043,17540.0,13682,14,2830,7,10281,6,549,1,2441,7,8270,8,5829,7,0.1391676168757126,0.4714937286202965,0.3323261117445838
2021-08-03,Mendocino,045,87422.0,97180,291,52815,195,40923,63,3431,33,6472,175,53325,211,46853,112,0.0740317082656539,0.6099723181807782,0.5359406099151244
2021-08-03,Merced,047,269075.0,219746,733,127963,558,81519,163,9443,12,23840,520,123676,531,99836,203,0.0885998327603827,0.4596339310601133,0.3710340982997305
2021-08-03,Modoc,049,8938.0,5880,26,864,10,4620,8,386,8,256,13,3252,21,2996,13,0.0286417543074513,0.3638397851868427,0.3351980308793914
2021-08-03,Mono,051,14174.0,15949,9,8781,8,6779,1,330,0,626,5,8405,5,7779,4,0.0441653732185692,0.592987159587978,0.5488217863694088
2021-08-03,Monterey,053,433212.0,491047,950,232797,639,236143,264,21468,47,29248,605,269734,652,240486,334,0.0675142886161971,0.6226374153993888,0.5551231267831916
2021-08-03,Napa,055,140530.0,184614,475,96748,401,82467,51,5387,23,10809,278,100144,295,89335,190,0.0769159610047676,0.712616523162314,0.6357005621575464
2021-08-03,Nevada,057,99092.0,106576,187,56850,120,46756,50,2925,17,6282,118,57654,135,51372,69,0.0633956323416622,0.5818229524078634,0.5184273200662011
2021-08-03,Orange,059,3164182.0,3779764,6649,2147472,4880,1512255,1524,118868,244,187448,4066,2035011,4308,1847563,2502,0.0592405872987078,0.6431396803344435,0.5838990930357356
2021-08-03,Placer,061,380077.0,429681,768,246171,538,172327,190,11169,40,20158,506,230038,544,209880,260,0.0530366215266906,0.6052405170531234,0.5522038955264328
2021-08-03,Plumas,063,18699.0,17120,18,2141,8,13865,9,1072,1,754,14,9393,15,8639,4,0.0403230119257714,0.5023263276111022,0.4620033156853307
2021-08-03,Riverside,065,2383286.0,2260343,6348,1292412,4787,899813,1362,67059,191,157246,3937,1238214,4124,1080968,2355,0.065978653002619,0.5195406678006752,0.4535620147980561
2021-08-03,Sacramento,067,1510023.0,1634335,3675,916468,2641,671211,870,46454,164,88879,2182,882219,2345,793340,1470,0.0588593683672367,0.5842420943257156,0.5253827259584788
2021-08-03,San Benito,069,59416.0,68736,178,38086,123,27447,45,3098,10,4523,117,37895,127,33372,60,0.076124276289215,0.6377911673623267,0.5616668910731116
2021-08-03,San Bernardino,071,2135413.0,1877416,5856,1105181,4369,712916,1300,59093,187,128710,3484,1029714,3668,901004,2327,0.0602740547144744,0.4822083596943542,0.4219343049798797
2021-08-03,San Diego,073,3302833.0,4106566,7806,2218088,5645,1730987,1699,156432,460,268380,4519,2275504,5135,2007124,3231,0.0812575143823499,0.6889552090584053,0.6076976946760554
2021-08-03,San Francisco,075,870044.0,1267126,1136,811474,887,402696,172,52611,77,40089,580,677724,650,637635,472,0.0460769800148038,0.7789537080883265,0.7328767280735227
2021-08-03,San Joaquin,077,732212.0,728411,1710,412550,1191,291508,471,24307,48,59320,1055,399855,1102,340535,644,0.081014788066844,0.5460918422533365,0.4650770541864924
2021-08-03,San Luis Obispo,079,281455.0,304491,562,155410,372,137428,164,11525,26,16815,319,165822,345,149007,237,0.0597431205698957,0.5891599012275497,0.529416780657654
2021-08-03,San Mateo,081,765935.0,1079212,1165,665171,924,374821,167,38751,74,41776,649,577827,723,536051,478,0.0545424872867802,0.754407358326751,0.6998648710399707
2021-08-03,Santa Barbara,083,443738.0,502631,689,291759,466,188542,199,21988,24,31558,434,277160,457,245602,238,0.0711185429239776,0.624602806160392,0.5534842632364143
2021-08-03,Santa Clara,085,1922200.0,2751116,3505,1770821,2700,875428,602,101182,199,86175,1970,1462175,2163,1376000,1461,0.0448314431380709,0.7606778691083134,0.7158464259702424
2021-08-03,Santa Cruz,087,273765.0,346910,654,167711,507,169757,119,9399,28,14685,387,184859,413,170174,256,0.0536408963892389,0.675247018428214,0.621606122038975
2021-08-03,Shasta,089,179085.0,126671,288,56547,170,63593,100,6484,17,10786,176,71764,193,60978,109,0.060228383170003,0.4007259122762934,0.3404975291062903
2021-08-03,Sierra,091,2930.0,2731,3,220,1,2468,1,41,1,58,2,1406,3,1348,1,0.0197952218430034,0.4798634812286689,0.4600682593856655
2021-08-03,Siskiyou,093,43540.0,34464,115,14045,53,19358,58,1026,4,2387,72,18875,76,16488,43,0.0548231511254019,0.4335094166283877,0.3786862655029858
2021-08-03,Solano,095,438530.0,483715,1011,263291,774,207219,187,13162,49,39700,650,267616,699,227916,347,0.0905297243062048,0.610256994960436,0.5197272706542312
2021-08-03,Sonoma,097,501317.0,645032,1478,355327,1218,269002,181,20648,79,30243,956,346726,1035,316483,513,0.0603270984227544,0.6916302459322146,0.63130314750946
2021-08-03,Stanislaus,099,539301.0,486219,1301,274761,972,194336,287,16819,41,41500,825,267936,865,226436,468,0.0769514612433501,0.4968208848120066,0.4198694235686565
2021-08-03,Sutter,101,95872.0,86277,229,35333,144,46930,73,4008,12,5981,154,47866,166,41885,73,0.0623852636849132,0.4992698598130841,0.4368845961281709
2021-08-03,Tehama,103,63373.0,41019,78,14964,25,24486,47,1560,6,2275,55,22371,61,20096,23,0.0358985687911255,0.3530052230445142,0.3171066542533887
2021-08-03,Trinity,105,12862.0,9614,8,1801,6,7178,2,630,0,650,4,5437,4,4787,4,0.0505364640024879,0.4227180842792722,0.3721816202767843
2021-08-03,Tulare,107,460477.0,364352,1093,212313,751,141062,293,10906,49,27392,737,200693,784,173301,350,0.0594861415445288,0.4358371862221131,0.3763510446775843
2021-08-03,Tuolumne,109,53932.0,48672,73,13072,25,34586,46,1009,2,2485,47,25629,49,23144,23,0.0460765408291923,0.4752095231031669,0.4291329822739746
2021-08-03,Ventura,111,848112.0,994407,1513,526407,1058,432534,384,35090,71,49014,891,537584,961,488570,606,0.0577918954100401,0.6338596789103326,0.5760677835002924
2021-08-03,Yolo,113,214977.0,253969,432,124365,320,121933,90,7635,22,13595,263,137296,285,123701,163,0.0632393232764435,0.6386543676765422,0.5754150444000986
2021-08-03,Yuba,115,75493.0,52868,203,19713,112,29830,78,3309,13,3841,126,29909,139,26068,76,0.0508788894334574,0.3961824275098353,0.3453035380763779
2021-08-02,Alameda,001,1643700.0,2196757,2974,1389358,2414,697736,418,108943,142,81879,1749,1189654,1889,1107775,1165,0.0498138346413579,0.7237658940195899,0.673952059378232
2021-08-02,Alpine,003,1148.0,1472,0,40,0,1426,0,6,0,87,0,777,0,690,0,0.0757839721254355,0.676829268292683,0.6010452961672473
2021-08-02,Amador,005,37829.0,36324,62,9678,29,25400,28,1245,5,2845,42,19750,47,16905,19,0.0752068518861191,0.5220862301408972,0.4468793782547781
2021-08-02,Butte,007,227075.0,183740,306,87737,189,88618,102,7364,15,10370,209,100419,224,90049,92,0.0456677309259055,0.4422283386546295,0.396560607728724
2021-08-02,Calaveras,009,45235.0,41729,66,17353,33,23209,30,1165,3,2378,46,22211,49,19833,17,0.0525699126782358,0.491013595667072,0.438443682988836
2021-08-02,Colusa,011,21464.0,19559,30,4637,18,13974,10,944,2,1352,22,10893,24,9541,8,0.0629891912038762,0.5075009317927693,0.444511740588893
2021-08-02,Contra Costa,013,1133247.0,1526940,2554,1019289,2127,457723,341,49586,86,50325,1571,811571,1655,761246,963,0.0444077945937646,0.7161466123448815,0.6717388177511169
2021-08-02,Del Norte,015,27424.0,19396,39,6897,23,11452,10,1010,6,1218,25,10733,31,9515,14,0.0444136522753792,0.39137252042007,0.3469588681446908
2021-08-02,El Dorado,017,186661.0,194965,358,92613,261,94961,82,7367,15,10274,232,105991,246,95717,125,0.0550409566004682,0.5678261661514724,0.5127852095510043
2021-08-02,Fresno,019,978130.0,910135,2292,480226,1760,395720,459,33729,71,63488,1513,501266,1582,437778,756,0.0649075276292517,0.5124738020508521,0.4475662744216004
2021-08-02,Glenn,021,27897.0,22797,36,9096,30,12466,3,1215,3,1087,21,12503,24,11416,14,0.0389647632361902,0.4481843925870165,0.4092196293508262
2021-08-02,Humboldt,023,135768.0,143457,180,71517,109,64776,44,7041,27,7116,103,78453,130,71337,73,0.0524129397207,0.577846031465441,0.5254330917447411
2021-08-02,Imperial,025,180216.0,231690,521,113694,388,102764,115,15196,18,24172,259,134907,277,110735,254,0.1341279353664491,0.7485850312957784,0.6144570959293293
2021-08-02,Inyo,027,18085.0,18286,32,6701,7,10874,24,557,0,767,22,9710,22,8943,9,0.04241083771081,0.5369090406414155,0.4944982029306055
2021-08-02,Kern,029,883053.0,682110,1772,349977,1142,300863,542,31066,88,50510,1164,380288,1253,329778,593,0.0571992847541427,0.4306513878555421,0.3734521031013993
2021-08-02,Kings,031,150075.0,95644,300,43751,200,47023,90,4835,10,7861,212,54039,223,46178,85,0.0523804764284524,0.36007996001999,0.3076994835915375
2021-08-02,Lake,033,64148.0,55117,172,16768,93,35728,70,2618,9,3636,120,30595,129,26959,52,0.0566814242065224,0.4769439421338155,0.4202625179272931
2021-08-02,Lassen,035,31185.0,12269,23,1635,2,9568,20,1052,1,687,20,6973,21,6286,3,0.022029822029822,0.2236010902677569,0.2015712682379349
2021-08-02,Los Angeles,037,10098052.0,11614166,21766,6359810,16227,4792751,4671,457582,860,710386,13432,6365809,14277,5655423,8010,0.0703488157914021,0.6303997048143543,0.5600508890229522
2021-08-02,Madera,039,155013.0,126646,271,64798,174,56513,78,5253,19,8083,179,69606,198,61523,87,0.0521440137278808,0.4490333068839388,0.3968892931560578
2021-08-02,Marin,041,260295.0,388522,350,245355,261,130979,64,12169,25,12698,192,206147,217,193449,146,0.0487831114696786,0.7919744904819531,0.7431913790122745
2021-08-02,Mariposa,043,17540.0,13668,14,2823,7,10275,6,548,1,2440,11,8262,12,5822,3,0.1391106043329532,0.4710376282782212,0.3319270239452679
2021-08-02,Mendocino,045,87422.0,96889,116,52620,65,40860,47,3398,4,6373,86,53114,90,46741,28,0.0728992702065841,0.6075587380750841,0.5346594678684999
2021-08-02,Merced,047,269075.0,219013,564,127405,436,81356,121,9431,5,23512,388,123145,394,99633,172,0.0873808417727399,0.4576605035770696,0.3702796618043296
2021-08-02,Modoc,049,8938.0,5854,3,854,1,4612,2,378,0,248,3,3231,3,2983,0,0.0277466994853434,0.3614902662788096,0.3337435667934661
2021-08-02,Mono,051,14174.0,15940,17,8773,7,6778,9,330,0,625,11,8400,11,7775,5,0.0440948215041625,0.5926344010159447,0.5485395795117821
2021-08-02,Monterey,053,433212.0,490097,781,232158,553,235879,200,21421,27,28930,478,269082,505,240152,292,0.0667802369278782,0.6211323786044708,0.5543521416765925
2021-08-02,Napa,055,140530.0,184139,201,96347,146,82416,39,5364,16,10704,115,99849,131,89145,85,0.0761687895822956,0.7105173272610831,0.6343485376787874
2021-08-02,Nevada,057,99092.0,106389,164,56730,104,46706,51,2908,9,6216,104,57519,113,51303,56,0.0627295846284261,0.5804605820853348,0.5177309974569088
2021-08-02,Orange,059,3164182.0,3773115,6630,2142592,5033,1510731,1304,118624,292,185642,4036,2030703,4327,1845061,2498,0.058669823670067,0.6417781910142969,0.5831083673442299
2021-08-02,Placer,061,380077.0,428913,870,245633,651,172137,168,11129,51,19874,514,229494,562,209620,349,0.0522894045154008,0.6038092281300894,0.5515198236146887
2021-08-02,Plumas,063,18699.0,17102,12,2133,5,13856,6,1071,1,743,4,9378,5,8635,7,0.0397347451735386,0.5015241456762394,0.4617894005027007
2021-08-02,Riverside,065,2383286.0,2253995,5403,1287625,4253,898451,990,66868,160,155477,3567,1234090,3727,1078613,1788,0.0652364004991427,0.517810283784657,0.4525738832855142
2021-08-02,Sacramento,067,1510023.0,1630660,3488,913827,2603,670341,753,46290,131,88004,2188,879874,2316,791870,1277,0.0582799069947941,0.5826891378475693,0.5244092308527751
2021-08-02,San Benito,069,59416.0,68558,115,37963,80,27402,30,3088,5,4456,78,37768,82,33312,37,0.0749966339033257,0.6356536959741483,0.5606570620708227
2021-08-02,San Bernardino,071,2135413.0,1871560,4871,1100812,3735,711616,998,58906,137,127369,3181,1026046,3318,898677,1662,0.0596460731483792,0.4804906591839611,0.4208445860355819
2021-08-02,San Diego,073,3302833.0,4098760,7037,2212443,5362,1729288,1305,155972,366,266476,4437,2270369,4919,2003893,2519,0.0806810395802633,0.6874004831609712,0.6067194435807078
2021-08-02,San Francisco,075,870044.0,1265990,1289,810587,1036,402524,172,52534,76,39911,693,677074,768,637163,531,0.045872392660601,0.7782066194353389,0.7323342267747378
2021-08-02,San Joaquin,077,732212.0,726701,1636,411359,1162,291037,409,24259,65,58862,1048,398753,1113,339891,578,0.0803892861630238,0.5445868136550617,0.4641975274920378
2021-08-02,San Luis Obispo,079,281455.0,303929,459,155038,278,137264,150,11499,31,16707,291,165477,320,148770,161,0.0593594002593665,0.5879341280133592,0.5285747277539926
2021-08-02,San Mateo,081,765935.0,1078047,1035,664247,835,374654,127,38677,73,41531,599,577104,670,535573,409,0.0542226168016868,0.7534634139972713,0.6992407971955845
2021-08-02,Santa Barbara,083,443738.0,501942,768,291293,493,188343,251,21964,23,31339,492,276703,515,245364,261,0.0706250084509327,0.6235729191549969,0.5529479107040641
2021-08-02,Santa Clara,085,1922200.0,2747611,3121,1768121,2572,874826,404,100983,144,85473,1717,1460012,1859,1374539,1335,0.0444662366038913,0.7595525959837686,0.7150863593798772
2021-08-02,Santa Cruz,087,273765.0,346256,342,167204,258,169638,78,9371,6,14528,218,184446,224,169918,112,0.0530674118313151,0.6737384252917649,0.6206710134604496
2021-08-02,Shasta,089,179085.0,126383,259,56377,121,63493,90,6467,48,10702,150,71571,199,60869,109,0.0597593321607058,0.399648211743027,0.3398888795823212
2021-08-02,Sierra,091,2930.0,2728,2,219,1,2467,0,40,1,56,1,1403,2,1347,1,0.0191126279863481,0.478839590443686,0.4597269624573379
2021-08-02,Siskiyou,093,43540.0,34349,40,13992,13,19300,23,1022,4,2354,27,18799,31,16445,12,0.0540652273771244,0.4317638952687184,0.3776986678915939
2021-08-02,Solano,095,438530.0,482704,937,262517,662,207032,256,13113,19,39348,613,266917,631,227569,319,0.0897270426196611,0.6086630333158507,0.5189359906961896
2021-08-02,Sonoma,097,501317.0,643554,700,354109,505,268821,156,20569,39,29721,412,345691,451,315970,278,0.0592858410945569,0.6895656839883746,0.6302798428938177
2021-08-02,Stanislaus,099,539301.0,484918,1271,273789,969,194049,266,16778,34,41103,828,267071,862,225968,426,0.0762153231683234,0.4952169567644043,0.4190016335960808
2021-08-02,Sutter,101,95872.0,86048,208,35189,133,46857,68,3996,7,5888,142,47700,149,41812,66,0.0614152202937249,0.4975383845126835,0.4361231642189586
2021-08-02,Tehama,103,63373.0,40941,85,14939,28,24439,49,1554,7,2237,51,22310,58,20073,33,0.0352989443453836,0.3520426680131917,0.316743723667808
2021-08-02,Trinity,105,12862.0,9606,19,1795,14,7176,4,630,1,650,15,5433,16,4783,4,0.0505364640024879,0.4224070906546416,0.3718706266521536
2021-08-02,Tulare,107,460477.0,363259,869,211562,601,140769,249,10857,19,26958,600,199909,619,172951,265,0.0585436406161436,0.4341346038998691,0.3755909632837254
2021-08-02,Tuolumne,109,53932.0,48599,39,13047,12,34540,24,1007,3,2459,25,25580,28,23121,12,0.0455944522732329,0.4743009715938589,0.428706519320626
2021-08-02,Ventura,111,848112.0,992894,1692,525349,1325,432150,297,35019,70,48659,1026,536623,1092,487964,651,0.0573733186182957,0.632726573848737,0.5753532552304412
2021-08-02,Yolo,113,214977.0,253537,364,124045,237,121843,114,7613,13,13473,213,137011,226,123538,143,0.0626718207064011,0.6373286444596399,0.5746568237532387
2021-08-02,Yuba,115,75493.0,52665,138,19601,84,29752,43,3296,11,3778,95,29770,105,25992,42,0.0500443749751632,0.3943411971970911,0.3442968222219278
2021-08-01,Alameda,001,1643700.0,2193783,936,1386944,774,697318,143,108801,19,81155,538,1187765,557,1106610,353,0.0493733649692766,0.7226166575409138,0.6732432925716372
2021-08-01,Alpine,003,1148.0,1472,0,40,0,1426,0,6,0,87,0,777,0,690,0,0.0757839721254355,0.676829268292683,0.6010452961672473
2021-08-01,Amador,005,37829.0,36262,21,9649,10,25372,9,1240,2,2817,11,19703,13,16886,10,0.0744666790028813,0.520843797086891,0.4463771180840096
2021-08-01,Butte,007,227075.0,183434,114,87548,77,88516,35,7349,2,10238,84,100195,84,89957,24,0.0450864251899152,0.4412418804359793,0.3961554552460641
2021-08-01,Calaveras,009,45235.0,41663,31,17320,17,23179,6,1162,8,2346,15,22162,23,19816,16,0.0518624958549795,0.4899303636564607,0.4380678678014811
2021-08-01,Colusa,011,21464.0,19529,19,4619,8,13964,11,942,0,1336,19,10869,19,9533,0,0.0622437569884457,0.5063827804696236,0.4441390234811778
2021-08-01,Contra Costa,013,1133247.0,1524386,717,1017162,575,457382,109,49500,32,49633,457,809916,489,760283,242,0.0437971598424703,0.7146862069787081,0.6708890471362378
2021-08-01,Del Norte,015,27424.0,19357,6,6874,3,11442,3,1004,0,1201,4,10702,4,9501,1,0.0437937572928821,0.3902421236872812,0.3464483663943991
2021-08-01,El Dorado,017,186661.0,194607,106,92352,78,94879,28,7352,0,10153,72,105745,72,95592,33,0.0543927226362228,0.5665082690010232,0.5121155463648004
2021-08-01,Fresno,019,978130.0,907843,830,478466,656,395261,166,33658,8,62662,585,499684,593,437022,238,0.0640630591025732,0.5108564301268748,0.4467933710243015
2021-08-01,Glenn,021,27897.0,22761,23,9066,22,12463,0,1212,1,1077,20,12479,21,11402,3,0.0386063017528766,0.4473240850270638,0.4087177832741872
2021-08-01,Humboldt,023,135768.0,143277,83,71408,58,64732,21,7014,4,7059,62,78323,66,71264,21,0.0519931058865122,0.5768885157032585,0.5248954098167462
2021-08-01,Imperial,025,180216.0,231169,78,113306,48,102649,30,15178,0,24149,37,134630,37,110481,40,0.1340003107382252,0.7470479868602122,0.613047676121987
2021-08-01,Inyo,027,18085.0,18254,1,6694,1,10850,0,557,0,754,0,9688,0,8934,1,0.0416920099529997,0.5356925628974288,0.494000552944429
2021-08-01,Kern,029,883053.0,680338,669,348835,499,300321,162,30978,8,49850,481,379035,489,329185,187,0.0564518777468623,0.4292324469765688,0.3727805692297065
2021-08-01,Kings,031,150075.0,95344,155,43551,134,46933,21,4825,0,7723,108,53816,108,46093,46,0.0514609361985673,0.3585940363151757,0.3071331001166084
2021-08-01,Lake,033,64148.0,54945,34,16675,19,35658,13,2609,2,3559,19,30466,21,26907,14,0.05548107501403,0.474932967512627,0.419451892498597
2021-08-01,Lassen,035,31185.0,12246,11,1633,1,9548,8,1051,2,669,7,6952,9,6283,4,0.0214526214526214,0.2229276895943562,0.2014750681417348
2021-08-01,Los Angeles,037,10098052.0,11592400,8107,6343583,6110,4788080,1840,456722,149,704119,5146,6351532,5295,5647413,2773,0.0697282010431318,0.628985867769348,0.5592576667262161
2021-08-01,Madera,039,155013.0,126375,79,64624,61,56435,15,5234,3,7972,55,69408,58,61436,23,0.0514279447530207,0.4477559946585125,0.3963280499054918
2021-08-01,Marin,041,260295.0,388172,128,245094,87,130915,31,12144,10,12627,71,205930,79,193303,39,0.048510344032732,0.7911408209915672,0.7426304769588352
2021-08-01,Mariposa,043,17540.0,13654,4,2816,1,10269,2,547,1,2431,1,8250,2,5819,3,0.1385974914481186,0.4703534777651083,0.3317559863169897
2021-08-01,Mendocino,045,87422.0,96773,43,52555,14,40813,25,3394,4,6311,34,53024,38,46713,8,0.0721900665736313,0.6065292489304752,0.5343391823568439
2021-08-01,Merced,047,269075.0,218449,213,126969,159,81235,51,9426,3,23290,142,122751,144,99461,68,0.0865557929945182,0.456196227817523,0.3696404348230047
2021-08-01,Modoc,049,8938.0,5851,0,853,0,4610,0,378,0,245,0,3228,0,2983,0,0.027411053927053,0.3611546207205191,0.3337435667934661
2021-08-01,Mono,051,14174.0,15923,0,8766,0,6769,0,330,0,619,0,8389,0,7770,0,0.0436715112177225,0.5918583321574714,0.5481868209397488
2021-08-01,Monterey,053,433212.0,489316,274,231605,195,235679,78,21394,1,28717,181,268577,182,239860,90,0.0662885607970231,0.6199666675900021,0.5536781067929789
2021-08-01,Napa,055,140530.0,183938,61,96201,57,82377,4,5348,0,10658,42,99718,42,89060,19,0.0758414573400697,0.7095851419625703,0.6337436846225005
2021-08-01,Nevada,057,99092.0,106225,37,56626,19,46655,18,2899,0,6159,31,57406,31,51247,6,0.0621543616033584,0.5793202276672184,0.5171658660638598
2021-08-01,Orange,059,3164182.0,3766485,2838,2137559,2241,1509427,533,118332,60,183813,1689,2026376,1746,1842563,1065,0.0580917911801533,0.6404106969826641,0.5823189058025108
2021-08-01,Placer,061,380077.0,428043,291,244982,206,171969,80,11078,5,19661,206,228932,211,209271,80,0.0517289917569334,0.6023305803823962,0.5506015886254627
2021-08-01,Plumas,063,18699.0,17090,5,2128,2,13850,1,1070,2,745,3,9373,5,8628,2,0.0398417027648537,0.5012567516979518,0.461415048933098
2021-08-01,Riverside,065,2383286.0,2248592,1995,1283372,1597,897461,372,66708,24,153538,1377,1230363,1400,1076825,599,0.0644228179077122,0.5162464765034495,0.4518236585957371
2021-08-01,Sacramento,067,1510023.0,1627172,1190,911224,839,669588,316,46159,35,86965,768,877558,801,790593,406,0.0575918380051164,0.5811553863749095,0.523563548369793
2021-08-01,San Benito,069,59416.0,68443,26,37883,15,27372,10,3083,1,4411,21,37686,22,33275,4,0.0742392621516089,0.6342735963376869,0.5600343341860778
2021-08-01,San Bernardino,071,2135413.0,1866689,1833,1097077,1453,710618,359,58769,20,125713,1240,1022728,1260,897015,580,0.0588705791338724,0.4789368613940254,0.4200662822601529
2021-08-01,San Diego,073,3302833.0,4091723,2941,2207081,2229,1727983,503,155606,208,264076,1751,2265450,2047,2001374,1125,0.0799543906700702,0.6859111556654545,0.6059567649953843
2021-08-01,San Francisco,075,870044.0,1264701,422,809551,364,402352,40,52458,14,39674,233,676306,247,636632,158,0.0455999926440501,0.7773239054576551,0.7317239128136048
2021-08-01,San Joaquin,077,732212.0,725065,732,410197,562,290628,150,24194,20,58327,479,397640,498,339313,241,0.0796586234587796,0.5430667620852977,0.463408138626518
2021-08-01,San Luis Obispo,079,281455.0,303470,161,154760,120,137114,41,11468,0,16548,121,165157,121,148609,38,0.0587944786910873,0.5867971789451244,0.5280027002540371
2021-08-01,San Mateo,081,765935.0,1077012,561,663412,481,374527,50,38604,30,41270,313,576434,343,535164,232,0.0538818568155261,0.7525886661400771,0.6987068093245511
2021-08-01,Santa Barbara,083,443738.0,501174,497,290800,391,188092,100,21941,4,31085,374,276188,378,245103,110,0.0700525986054834,0.6224123243896172,0.5523597257841338
2021-08-01,Santa Clara,085,1922200.0,2744490,1174,1765549,985,874422,142,100839,45,84949,654,1458153,699,1373204,501,0.0441936322963271,0.7585854749765893,0.7143918426802622
2021-08-01,Santa Cruz,087,273765.0,345914,155,166946,116,169560,33,9365,6,14416,89,184222,95,169806,61,0.0526583018282103,0.6729202052855552,0.6202619034573448
2021-08-01,Shasta,089,179085.0,126124,83,56256,53,63403,25,6419,5,10612,62,71372,66,60760,19,0.0592567775078873,0.3985370075662395,0.3392802300583522
2021-08-01,Sierra,091,2930.0,2726,0,218,0,2467,0,39,0,55,0,1401,0,1346,0,0.0187713310580204,0.4781569965870307,0.4593856655290102
2021-08-01,Siskiyou,093,43540.0,34309,10,13979,0,19277,10,1018,0,2335,9,18768,9,16433,1,0.0536288470372071,0.4310519062930638,0.3774230592558567
2021-08-01,Solano,095,438530.0,481767,298,261855,242,206776,50,13094,5,39036,213,266286,218,227250,81,0.0890155747611337,0.6072241351788931,0.5182085604177593
2021-08-01,Sonoma,097,501317.0,642854,288,353604,212,268665,71,20530,5,29548,181,345240,187,315692,92,0.0589407500643305,0.6886660536147787,0.6297253035504481
2021-08-01,Stanislaus,099,539301.0,483647,525,272820,406,193783,112,16744,6,40667,361,266209,367,225542,154,0.0754068692622487,0.4936185914730364,0.4182117222107877
2021-08-01,Sutter,101,95872.0,85840,111,35056,84,46789,25,3989,2,5805,72,47551,74,41746,39,0.0605494826435247,0.4959842289719626,0.4354347463284379
2021-08-01,Tehama,103,63373.0,40856,25,14911,8,24390,17,1547,0,2212,19,22252,19,20040,6,0.0349044545784482,0.3511274517539015,0.3162229971754532
2021-08-01,Trinity,105,12862.0,9587,7,1781,7,7172,0,629,0,638,3,5417,3,4779,4,0.0496034831285958,0.4211631161561188,0.3715596330275229
2021-08-01,Tulare,107,460477.0,362390,284,210961,195,140520,88,10838,1,26604,208,199290,209,172686,74,0.0577748725777834,0.4327903456633013,0.3750154730855178
2021-08-01,Tuolumne,109,53932.0,48560,17,13035,4,34516,13,1004,0,2443,13,25552,14,23109,4,0.0452977823926425,0.4737817993028257,0.4284840169101832
2021-08-01,Ventura,111,848112.0,991202,620,524024,496,431853,104,34949,20,48218,387,535531,406,487313,217,0.0568533401248891,0.6314390080555399,0.5745856679306507
2021-08-01,Yolo,113,214977.0,253173,121,123808,85,121729,32,7600,3,13390,88,136785,91,123395,31,0.0622857328923559,0.6362773692069384,0.5739916363145825
2021-08-01,Yuba,115,75493.0,52527,45,19517,30,29709,14,3285,1,3715,35,29665,36,25950,10,0.0492098605168691,0.3929503397666009,0.3437404792497318
2021-07-31,Alameda,001,1643700.0,2192847,2222,1386170,1812,697175,327,108782,83,80951,1240,1187208,1320,1106257,913,0.0492492547301819,0.7222777879175032,0.6730285331873213
2021-07-31,Alpine,003,1148.0,1472,0,40,0,1426,0,6,0,87,0,777,0,690,0,0.0757839721254355,0.676829268292683,0.6010452961672473
2021-07-31,Amador,005,37829.0,36241,39,9639,17,25363,20,1238,2,2814,23,19690,25,16876,16,0.0743873747653916,0.520500145391102,0.4461127706257104
2021-07-31,Butte,007,227075.0,183320,198,87471,128,88481,63,7347,7,10178,126,100111,132,89933,70,0.0448221953099196,0.4408719586039855,0.3960497632940658
2021-07-31,Calaveras,009,45235.0,41632,55,17303,25,23173,24,1154,6,2339,30,22139,35,19800,24,0.0517077484248922,0.4894219078147452,0.437714159389853
2021-07-31,Colusa,011,21464.0,19510,39,4611,25,13953,14,942,0,1317,31,10850,31,9533,8,0.061358553857622,0.5054975773387999,0.4441390234811778
2021-07-31,Contra Costa,013,1133247.0,1523669,1206,1016587,1005,457273,170,49468,30,49386,713,809427,740,760041,456,0.0435792020627453,0.7142547035200623,0.6706755014573169
2021-07-31,Del Norte,015,27424.0,19351,32,6871,16,11439,14,1004,2,1198,25,10698,27,9500,7,0.0436843640606767,0.3900962660443407,0.3464119019836639
2021-07-31,El Dorado,017,186661.0,194501,174,92274,128,94851,35,7352,11,10114,111,105673,122,95559,58,0.0541837877221272,0.5661225430057698,0.5119387552836425
2021-07-31,Fresno,019,978130.0,907013,1459,477810,1051,395095,367,33650,41,62307,925,499091,967,436784,516,0.0637001216607199,0.5102501712451311,0.4465500495844111
2021-07-31,Glenn,021,27897.0,22738,44,9044,36,12463,5,1211,3,1059,27,12458,29,11399,16,0.0379610710829121,0.4465713159121052,0.4086102448291931
2021-07-31,Humboldt,023,135768.0,143194,139,71350,96,64711,25,7010,18,7014,67,78257,84,71243,69,0.0516616581226798,0.5764023923163043,0.5247407341936244
2021-07-31,Imperial,025,180216.0,231091,250,113258,166,102619,74,15178,10,24152,142,134593,152,110441,109,0.1340169574288631,0.746842677675678,0.6128257202468149
2021-07-31,Inyo,027,18085.0,18253,7,6693,5,10850,2,557,0,755,4,9688,4,8933,3,0.0417473043959082,0.5356925628974288,0.4939452585015206
2021-07-31,Kern,029,883053.0,679669,1319,348336,890,300159,401,30970,28,49548,804,378546,832,328998,499,0.0561098824192885,0.4286786863302655,0.372568803910977
2021-07-31,Kings,031,150075.0,95189,168,43417,124,46912,41,4825,3,7661,126,53708,129,46047,42,0.051047809428619,0.3578743961352657,0.3068265867066467
2021-07-31,Lake,033,64148.0,54911,54,16656,28,35645,19,2607,7,3552,33,30445,40,26893,22,0.0553719523601671,0.4746055995510382,0.4192336471908711
2021-07-31,Lassen,035,31185.0,12235,15,1632,1,9540,10,1049,4,664,9,6943,13,6279,6,0.0212922879589546,0.2226390893057559,0.2013468013468013
2021-07-31,Los Angeles,037,10098052.0,11584293,17939,6337473,12988,4786240,4314,456573,629,701597,10583,6346237,11197,5644640,7004,0.069478449903011,0.6284615092098952,0.5589830593068842
2021-07-31,Madera,039,155013.0,126296,268,64563,201,56420,48,5231,19,7937,165,69350,184,61413,101,0.0512021572384251,0.4473818324914684,0.3961796752530433
2021-07-31,Marin,041,260295.0,388044,288,245007,224,130884,29,12134,35,12587,131,205851,165,193264,153,0.0483566722372692,0.7908373191955281,0.7424806469582589
2021-07-31,Mariposa,043,17540.0,13650,18,2815,15,10267,1,546,2,2432,15,8248,17,5816,3,0.138654503990878,0.4702394526795895,0.3315849486887115
2021-07-31,Mendocino,045,87422.0,96730,67,52541,47,40788,16,3390,4,6281,56,52986,60,46705,11,0.0718469035254283,0.6060945757360847,0.5342476722106564
2021-07-31,Merced,047,269075.0,218236,367,126810,258,81184,91,9423,18,23214,235,122607,253,99393,131,0.0862733438632351,0.4556610610424603,0.3693877171792251
2021-07-31,Modoc,049,8938.0,5851,5,853,1,4610,4,378,0,245,2,3228,2,2983,3,0.027411053927053,0.3611546207205191,0.3337435667934661
2021-07-31,Mono,051,14174.0,15923,7,8766,4,6769,3,330,0,619,7,8389,7,7770,0,0.0436715112177225,0.5918583321574714,0.5481868209397488
2021-07-31,Monterey,053,433212.0,489042,833,231410,630,235601,185,21393,18,28625,503,268395,521,239770,320,0.066076193641912,0.6195465499570649,0.5534703563151528
2021-07-31,Napa,055,140530.0,183877,117,96144,91,82373,19,5348,7,10635,76,99676,83,89041,37,0.0756777912189568,0.7092862733935814,0.6336084821746246
2021-07-31,Nevada,057,99092.0,106188,80,56607,47,46637,24,2899,9,6134,46,57375,54,51241,32,0.0619020708028902,0.5790073870746377,0.5171053162717475
2021-07-31,Orange,059,3164182.0,3763647,4710,2135318,3429,1508894,1123,118272,158,183132,2628,2024630,2785,1841498,2005,0.0578765696789881,0.639858895600822,0.5819823259218339
2021-07-31,Placer,061,380077.0,427752,443,244776,293,171889,125,11073,25,19530,263,228721,288,209191,174,0.0513843247552469,0.6017754297155576,0.5503911049603106
2021-07-31,Plumas,063,18699.0,17085,7,2126,2,13849,4,1068,1,742,5,9368,6,8626,2,0.0396812663778811,0.5009893577196641,0.4613080913417829
2021-07-31,Riverside,065,2383286.0,2246597,4070,1281775,3097,897089,860,66684,107,152737,2532,1228963,2638,1076226,1497,0.0640867273168222,0.515659052249709,0.4515723249328868
2021-07-31,Sacramento,067,1510023.0,1625982,2465,910385,1700,669272,656,46124,109,86570,1517,876757,1625,790187,917,0.0573302525855566,0.5806249308785363,0.5232946782929796
2021-07-31,San Benito,069,59416.0,68417,124,37868,96,27362,21,3082,7,4393,79,37664,86,33271,44,0.0739363134509223,0.6339033257035142,0.5599670122525919
2021-07-31,San Bernardino,071,2135413.0,1864856,3784,1095624,2946,710259,785,58749,53,125033,2356,1021468,2409,896435,1398,0.0585521395626981,0.4783468116003789,0.4197946720376808
2021-07-31,San Diego,073,3302833.0,4088782,5107,2204852,3793,1727480,1068,155398,244,263154,2959,2263403,3323,2000249,2082,0.0796752363804043,0.6852913846991355,0.6056161483187312
2021-07-31,San Francisco,075,870044.0,1264279,814,809187,680,402312,85,52444,47,39585,438,676059,480,636474,323,0.0454976989669487,0.7770400117695198,0.7315423128025709
2021-07-31,San Joaquin,077,732212.0,724333,1181,409635,855,290478,292,24174,34,58070,743,397142,776,339072,429,0.0793076322158063,0.5423866311942442,0.4630789989784379
2021-07-31,San Luis Obispo,079,281455.0,303309,252,154640,140,137073,101,11468,11,16465,136,165036,147,148571,116,0.058499582526514,0.5863672700786982,0.5278676875521842
2021-07-31,San Mateo,081,765935.0,1076451,891,662931,721,374477,130,38574,39,41159,502,576091,541,534932,354,0.0537369359018715,0.7521408474609464,0.6984039115590749
2021-07-31,Santa Barbara,083,443738.0,500677,470,290409,344,187992,117,21937,9,30817,301,275810,310,244993,162,0.0694486386110723,0.6215604703676494,0.5521118317565771
2021-07-31,Santa Clara,085,1922200.0,2743316,2640,1764564,1989,874280,504,100794,145,84751,1365,1457454,1507,1372703,1194,0.0440906253251482,0.7582218291540943,0.714131203828946
2021-07-31,Santa Cruz,087,273765.0,345759,361,166830,259,169527,71,9359,31,14382,223,184127,253,169745,129,0.0525341077201249,0.6725731923364929,0.620039084616368
2021-07-31,Shasta,089,179085.0,126041,138,56203,68,63378,62,6414,8,10565,95,71306,103,60741,42,0.0589943323003043,0.3981684674875059,0.3391741351872016
2021-07-31,Sierra,091,2930.0,2726,0,218,0,2467,0,39,0,55,0,1401,0,1346,0,0.0187713310580204,0.4781569965870307,0.4593856655290102
2021-07-31,Siskiyou,093,43540.0,34299,20,13979,10,19267,9,1018,1,2327,13,18759,14,16432,7,0.0534451079467156,0.4308451998162609,0.3774000918695452
2021-07-31,Solano,095,438530.0,481469,439,261613,309,206726,116,13089,14,38899,287,266068,300,227169,141,0.0887031674001778,0.6067270198162041,0.5180238524160262
2021-07-31,Sonoma,097,501317.0,642566,912,353392,735,268594,131,20525,46,29453,607,345053,653,315600,297,0.0587512492095819,0.6882930361427999,0.6295417869332179
2021-07-31,Stanislaus,099,539301.0,483122,831,272414,638,193671,176,16738,17,40454,516,265842,533,225388,301,0.0750119135696021,0.4929380809603542,0.4179261673907521
2021-07-31,Sutter,101,95872.0,85729,204,34972,169,46764,33,3987,2,5770,129,47477,131,41707,73,0.0601844125500667,0.4952123664886515,0.4350279539385848
2021-07-31,Tehama,103,63373.0,40831,45,14903,17,24373,27,1547,1,2199,26,22233,27,20034,19,0.0346993198996418,0.3508276395310306,0.3161283196313887
2021-07-31,Trinity,105,12862.0,9580,10,1774,10,7172,0,629,0,639,7,5414,7,4775,3,0.0496812315347535,0.4209298709376458,0.3712486394028922
2021-07-31,Tulare,107,460477.0,362106,647,210766,475,140432,160,10837,12,26469,403,199081,415,172612,238,0.0574816983258664,0.4323364684881112,0.3748547701622448
2021-07-31,Tuolumne,109,53932.0,48543,37,13031,9,34503,26,1004,2,2433,27,25538,29,23105,9,0.0451123637172736,0.4735222131573092,0.4284098494400356
2021-07-31,Ventura,111,848112.0,990582,1207,523528,914,431749,258,34929,35,48029,696,535125,730,487096,492,0.0566304921991435,0.6309602976965306,0.5743298054973871
2021-07-31,Yolo,113,214977.0,253052,233,123723,145,121697,80,7597,8,13330,134,136694,142,123364,94,0.0620066332677449,0.6358540681096118,0.5738474348418668
2021-07-31,Yuba,115,75493.0,52482,148,19487,107,29695,35,3284,6,3689,92,29629,98,25940,56,0.0488654577245572,0.3924734743618613,0.3436080166373041
2021-07-30,Alameda,001,1643700.0,2190625,3566,1384358,2848,696848,541,108699,175,80544,1903,1185888,2073,1105344,1571,0.0490016426355174,0.7214747216645373,0.6724730790290199
2021-07-30,Alpine,003,1148.0,1472,0,40,0,1426,0,6,0,87,0,777,0,690,0,0.0757839721254355,0.676829268292683,0.6010452961672473
2021-07-30,Amador,005,37829.0,36202,70,9622,35,25343,30,1236,5,2805,48,19665,53,16860,22,0.0741494620529223,0.5198392767453541,0.4456898146924317
2021-07-30,Butte,007,227075.0,183122,358,87343,209,88418,119,7340,30,10116,224,99979,254,89863,132,0.0445491577672575,0.4402906528679952,0.3957414951007376
2021-07-30,Calaveras,009,45235.0,41577,118,17278,74,23149,34,1148,10,2328,77,22104,87,19776,39,0.0514645738918978,0.4886481706643086,0.4371835967724107
2021-07-30,Colusa,011,21464.0,19471,66,4586,40,13939,25,942,1,1294,48,10819,49,9525,17,0.0602869921729407,0.5040532985464032,0.4437663063734625
2021-07-30,Contra Costa,013,1133247.0,1522463,2581,1015582,2144,457103,323,49438,111,49102,1464,808687,1572,759585,1025,0.0433285947370696,0.7136017126010481,0.6702731178639785
2021-07-30,Del Norte,015,27424.0,19319,42,6855,22,11425,14,1002,6,1178,25,10671,31,9493,17,0.0429550758459743,0.3891117269544924,0.346156651108518
2021-07-30,El Dorado,017,186661.0,194327,386,92146,253,94816,93,7341,40,10050,222,105551,261,95501,159,0.0538409201707908,0.5654689517360348,0.511628031565244
2021-07-30,Fresno,019,978130.0,905554,2711,476759,2010,394728,626,33609,74,61856,1731,498124,1803,436268,957,0.0632390377557175,0.5092615501007024,0.4460225123449848
2021-07-30,Glenn,021,27897.0,22694,61,9008,49,12458,7,1208,5,1046,42,12429,47,11383,19,0.0374950711546044,0.4455317776104957,0.4080367064558913
2021-07-30,Humboldt,023,135768.0,143055,314,71254,177,64686,110,6992,27,6999,163,78173,187,71174,142,0.0515511755347357,0.5757836898238171,0.5242325142890814
2021-07-30,Imperial,025,180216.0,230841,779,113092,568,102545,177,15168,34,24109,399,134441,432,110332,373,0.1337783548630532,0.7459992453500244,0.6122208904869711
2021-07-30,Inyo,027,18085.0,18246,17,6688,11,10848,6,557,0,754,12,9684,12,8930,5,0.0416920099529997,0.5354713851257948,0.4937793751727951
2021-07-30,Kern,029,883053.0,678350,2130,347446,1334,299758,715,30942,80,49215,1293,377714,1373,328499,828,0.0557327816110697,0.4277365005271484,0.3720037189160786
2021-07-30,Kings,031,150075.0,95021,294,43293,175,46871,114,4822,5,7574,210,53579,215,46005,82,0.0504680992836914,0.3570148259203731,0.3065467266366816
2021-07-30,Lake,033,64148.0,54857,221,16628,78,35626,116,2600,27,3534,135,30405,162,26871,85,0.0550913512502338,0.4739820415289643,0.4188906902787304
2021-07-30,Lassen,035,31185.0,12220,30,1631,5,9530,20,1045,5,657,15,6930,20,6273,15,0.021067821067821,0.2222222222222222,0.2011544011544011
2021-07-30,Los Angeles,037,10098052.0,11566354,26563,6324485,19210,4781926,6403,455944,943,697404,15576,6335040,16494,5637636,10600,0.0690632213024848,0.627352681487479,0.5582894601849941
2021-07-30,Madera,039,155013.0,126028,372,64362,274,56372,71,5212,27,7854,221,69166,248,61312,147,0.0506667182752414,0.4461948352718804,0.395528116996639
2021-07-30,Marin,041,260295.0,387756,356,244783,258,130855,61,12099,37,12575,180,205686,216,193111,165,0.0483105706986304,0.790203423039244,0.7418928523406135
2021-07-30,Mariposa,043,17540.0,13632,16,2800,9,10266,4,544,3,2418,11,8231,14,5813,5,0.1378563283922463,0.4692702394526796,0.3314139110604333
2021-07-30,Mendocino,045,87422.0,96663,324,52494,242,40772,78,3386,4,6232,240,52926,244,46694,81,0.0712864038800302,0.6054082496396788,0.5341218457596486
2021-07-30,Merced,047,269075.0,217869,674,126552,464,81093,181,9405,27,23092,437,122354,463,99262,231,0.085819938678807,0.4547208027501626,0.3689008640713556
2021-07-30,Modoc,049,8938.0,5846,8,852,0,4606,7,378,1,246,6,3226,7,2980,2,0.0275229357798165,0.3609308570149921,0.3334079212351756
2021-07-30,Mono,051,14174.0,15916,4,8762,0,6766,4,330,0,612,4,8382,4,7770,0,0.0431776492168759,0.5913644701566249,0.5481868209397488
2021-07-30,Monterey,053,433212.0,488209,1155,230780,683,235416,438,21375,34,28424,618,267874,651,239450,513,0.0656122175747671,0.6183439055243161,0.552731687949549
2021-07-30,Napa,055,140530.0,183760,189,96053,140,82354,33,5341,16,10589,114,99593,130,89004,74,0.0753504589767309,0.7086956521739131,0.6333451931971821
2021-07-30,Nevada,057,99092.0,106108,189,56560,116,46613,60,2890,13,6112,128,57321,141,51209,60,0.0616800548984781,0.5784624389456263,0.5167823840471482
2021-07-30,Orange,059,3164182.0,3758937,7841,2131889,5777,1507771,1784,118114,279,182352,4569,2021845,4845,1839493,3146,0.057630060470605,0.6389787313119157,0.5813486708413107
2021-07-30,Placer,061,380077.0,427309,926,244483,675,171764,213,11048,38,19416,578,228433,615,209017,340,0.0510843855324052,0.6010176885210102,0.549933302988605
2021-07-30,Plumas,063,18699.0,17078,34,2124,22,13845,6,1067,6,738,21,9362,27,8624,11,0.039467351195251,0.500668484945719,0.4612011337504679
2021-07-30,Riverside,065,2383286.0,2242527,6984,1278678,5337,896229,1476,66577,164,151596,4215,1226325,4379,1074729,2701,0.0636079765500237,0.514552177120161,0.4509442005701372
2021-07-30,Sacramento,067,1510023.0,1623517,4096,908685,2839,668616,1060,46015,197,85862,2414,875132,2608,789270,1638,0.0568613855550544,0.5795487883297142,0.5226874027746597
2021-07-30,San Benito,069,59416.0,68293,128,37772,81,27341,40,3075,7,4351,82,37578,89,33227,46,0.07322943314932,0.6324559041335667,0.5592264709842467
2021-07-30,San Bernardino,071,2135413.0,1861072,6217,1092678,4580,709474,1425,58696,212,124022,3843,1019059,4055,895037,2324,0.0580786948473199,0.4772186925901453,0.4191399977428254
2021-07-30,San Diego,073,3302833.0,4083675,8251,2201059,5741,1726412,2084,155154,424,261913,4804,2260080,5395,1998167,3362,0.0792994983397586,0.6842852787288973,0.6049857803891386
2021-07-30,San Francisco,075,870044.0,1263465,1308,808507,974,402227,219,52397,112,39428,631,675579,732,636151,584,0.0453172483230733,0.7764883155334673,0.7311710672103939
2021-07-30,San Joaquin,077,732212.0,723152,2151,408780,1562,290186,546,24140,43,57723,1302,396366,1345,338643,838,0.0788337257515583,0.5413268288419201,0.4624931030903618
2021-07-30,San Luis Obispo,079,281455.0,303057,499,154500,259,136972,214,11457,26,16434,286,164889,312,148455,204,0.0583894405855287,0.5858449841004779,0.527455543514949
2021-07-30,San Mateo,081,765935.0,1075560,1198,662210,951,374347,190,38535,56,40972,600,575550,653,534578,538,0.0534927898581472,0.7514345212061075,0.6979417313479603
2021-07-30,Santa Barbara,083,443738.0,500207,919,290065,591,187875,280,21928,48,30669,518,275500,565,244831,383,0.0691151084649049,0.6208618599263529,0.551746751461448
2021-07-30,Santa Clara,085,1922200.0,2740676,3402,1762575,2640,873776,599,100649,160,84438,1752,1455947,1910,1371509,1547,0.0439277910727291,0.7574378316512329,0.7135100405785038
2021-07-30,Santa Cruz,087,273765.0,345398,542,166571,367,169456,128,9328,47,14258,307,183874,352,169616,224,0.0520811645024016,0.6716490420616222,0.6195678775592205
2021-07-30,Shasta,089,179085.0,125903,345,56135,210,63316,119,6406,16,10504,213,71203,228,60699,125,0.0586537119245051,0.3975933216070581,0.338939609682553
2021-07-30,Sierra,091,2930.0,2726,4,218,3,2467,1,39,0,55,1,1401,1,1346,3,0.0187713310580204,0.4781569965870307,0.4593856655290102
2021-07-30,Siskiyou,093,43540.0,34279,86,13969,56,19258,24,1017,6,2320,31,18745,37,16425,55,0.0532843362425356,0.4305236564079008,0.3772393201653651
2021-07-30,Solano,095,438530.0,481030,917,261304,705,206610,157,13075,55,38740,596,265768,648,227028,309,0.0883405924338129,0.6060429161060816,0.5177023236722688
2021-07-30,Sonoma,097,501317.0,641654,1009,352657,800,268463,182,20479,27,29097,564,344400,591,315303,428,0.0580411196907346,0.6869904671096332,0.6289493474188986
2021-07-30,Stanislaus,099,539301.0,482291,1325,271776,828,193495,473,16721,23,40222,873,265309,898,225087,441,0.0745817270874706,0.4919497646026987,0.417368037515228
2021-07-30,Sutter,101,95872.0,85525,283,34803,205,46731,66,3985,12,5712,167,47346,179,41634,112,0.0595794392523364,0.4938459612817089,0.4342665220293725
2021-07-30,Tehama,103,63373.0,40786,128,14886,64,24346,61,1546,3,2191,76,22206,78,20015,52,0.0345730831742224,0.3504015905827403,0.3158285074085178
2021-07-30,Trinity,105,12862.0,9570,19,1764,15,7172,2,629,2,635,8,5407,10,4772,11,0.0493702379101228,0.420385632094542,0.3710153941844192
2021-07-30,Tulare,107,460477.0,361459,1377,210291,981,140272,351,10825,45,26292,826,198666,869,172374,543,0.0570973143066863,0.431435229121107,0.3743379148144207
2021-07-30,Tuolumne,109,53932.0,48506,170,13022,83,34477,73,1002,14,2413,112,25509,126,23096,58,0.0447415263665356,0.4729844989987392,0.4282429726322035
2021-07-30,Ventura,111,848112.0,989375,1940,522614,1362,431491,463,34894,115,47791,1109,534395,1223,486604,805,0.0563498688852415,0.6300995623219575,0.5737496934367159
2021-07-30,Yolo,113,214977.0,252819,515,123578,346,121617,148,7589,21,13282,315,136552,336,123270,187,0.0617833535680561,0.6351935323313657,0.5734101787633096
2021-07-30,Yuba,115,75493.0,52334,245,19380,143,29660,73,3278,29,3647,158,29531,187,25884,85,0.0483091147523611,0.3911753407600705,0.3428662260077093
2021-07-29,Alameda,001,1643700.0,2187059,2847,1381510,2275,696307,426,108524,145,80042,1591,1183815,1732,1103773,1198,0.0486962341059804,0.7202135426172659,0.6715173085112855
2021-07-29,Alpine,003,1148.0,1472,0,40,0,1426,0,6,0,87,0,777,0,690,0,0.0757839721254355,0.676829268292683,0.6010452961672473
2021-07-29,Amador,005,37829.0,36132,43,9587,24,25313,14,1231,5,2774,27,19612,32,16838,15,0.0733299849321948,0.5184382352163684,0.4451082502841735
2021-07-29,Butte,007,227075.0,182764,360,87134,212,88299,108,7310,40,9994,217,99725,258,89731,141,0.0440118903445998,0.4391720797093471,0.3951601893647473
2021-07-29,Calaveras,009,45235.0,41459,61,17204,28,23115,28,1138,5,2280,40,22017,45,19737,21,0.0504034486570133,0.4867248811760805,0.4363214325190671
2021-07-29,Colusa,011,21464.0,19405,35,4546,19,13914,14,941,2,1262,21,10770,23,9508,14,0.0587961237420797,0.5017704062616474,0.4429742825195676
2021-07-29,Contra Costa,013,1133247.0,1519882,2110,1013438,1746,456780,252,49327,112,48555,1144,807115,1255,758560,929,0.0428459109090957,0.7122145481082235,0.6693686371991279
2021-07-29,Del Norte,015,27424.0,19277,34,6833,15,11411,12,996,7,1164,20,10640,27,9476,14,0.0424445740956826,0.3879813302217036,0.345536756126021
2021-07-29,El Dorado,017,186661.0,193941,348,91893,240,94723,88,7301,19,9948,219,105290,238,95342,124,0.0532944750108485,0.5640706950032411,0.5107762199923926
2021-07-29,Fresno,019,978130.0,902843,2138,474749,1546,394102,532,33535,58,61010,1328,496321,1386,435311,788,0.0623741220492163,0.5074182368396839,0.4450441147904675
2021-07-29,Glenn,021,27897.0,22633,32,8959,17,12451,15,1203,0,1018,21,12382,21,11364,11,0.0364913790013263,0.4438470086389217,0.4073556296375954
2021-07-29,Humboldt,023,135768.0,142741,213,71077,131,64576,60,6965,22,6954,118,77986,140,71032,94,0.0512197277709033,0.5744063402274469,0.5231866124565435
2021-07-29,Imperial,025,180216.0,230062,664,112524,483,102368,153,15134,28,24050,317,134009,345,109959,336,0.1334509699471745,0.7436021218981667,0.6101511519509921
2021-07-29,Inyo,027,18085.0,18229,30,6677,9,10842,21,557,0,747,20,9672,20,8925,10,0.0413049488526403,0.534807851810893,0.4935029029582527
2021-07-29,Kern,029,883053.0,676220,1693,346112,1078,299043,548,30862,66,48670,1049,376341,1113,327671,630,0.0551156046126336,0.4261816674650332,0.3710660628523995
2021-07-29,Kings,031,150075.0,94727,271,43118,162,46757,90,4817,19,7441,172,53364,191,45923,98,0.0495818757288022,0.3555822088955522,0.3060003331667499
2021-07-29,Lake,033,64148.0,54636,163,16550,77,35510,73,2573,13,3457,111,30243,124,26786,52,0.0538910020577414,0.4714566315395647,0.4175656294818233
2021-07-29,Lassen,035,31185.0,12190,23,1626,1,9510,19,1040,3,652,13,6910,16,6258,10,0.0209074875741542,0.2215808882475549,0.2006734006734006
2021-07-29,Los Angeles,037,10098052.0,11539791,22657,6305275,16186,4775523,5552,455001,910,691510,13769,6318546,14659,5627036,8547,0.0684795443715283,0.6257192971476083,0.55723975277608
2021-07-29,Madera,039,155013.0,125656,311,64088,188,56301,110,5185,12,7753,189,68918,201,61165,119,0.0500151600188371,0.4445949694541748,0.3945798094353376
2021-07-29,Marin,041,260295.0,387400,286,244525,207,130794,49,12062,30,12524,124,205470,151,192946,146,0.0481146391594152,0.7893735953437446,0.7412589561843294
2021-07-29,Mariposa,043,17540.0,13616,41,2791,28,10262,11,541,2,2409,31,8217,32,5808,7,0.1373432155074116,0.4684720638540479,0.3311288483466362
2021-07-29,Mendocino,045,87422.0,96339,160,52252,77,40694,72,3382,11,6069,107,52682,117,46613,51,0.0694218846514607,0.6026171901809613,0.5331953055295006
2021-07-29,Merced,047,269075.0,217195,545,126088,412,80912,115,9378,18,22860,337,121891,355,99031,194,0.0849577255412059,0.4530000929108984,0.3680423673696925
2021-07-29,Modoc,049,8938.0,5838,34,852,30,4599,4,377,0,241,20,3219,20,2978,14,0.0269635265159991,0.3601476840456478,0.3331841575296487
2021-07-29,Mono,051,14174.0,15912,5,8762,0,6762,5,330,0,608,4,8378,4,7770,1,0.0428954423592493,0.5910822632989982,0.5481868209397488
2021-07-29,Monterey,053,433212.0,487054,915,230097,583,234978,296,21341,36,28286,562,267223,597,238937,339,0.0652936668421004,0.6168411770680405,0.5515475102259402
2021-07-29,Napa,055,140530.0,183571,157,95913,112,82321,32,5325,13,10533,75,99463,87,88930,79,0.0749519675514125,0.7077705827937095,0.632818615242297
2021-07-29,Nevada,057,99092.0,105919,150,56444,98,46553,43,2877,9,6031,77,57180,86,51149,66,0.060862632704961,0.5770395188309854,0.5161768861260243
2021-07-29,Orange,059,3164182.0,3751096,6374,2126112,4792,1505987,1324,117835,258,180653,3810,2017000,4061,1836347,2453,0.0570931128487552,0.6374475298829207,0.5803544170341656
2021-07-29,Placer,061,380077.0,426383,735,243808,513,171551,178,11010,44,19141,454,227818,498,208677,276,0.050360847933445,0.5993995953451537,0.5490387474117087
2021-07-29,Plumas,063,18699.0,17044,28,2102,13,13839,11,1061,4,722,13,9335,17,8613,14,0.0386116904647307,0.4992245574629659,0.4606128669982352
2021-07-29,Riverside,065,2383286.0,2235543,5678,1273341,4219,894753,1317,66413,137,149918,3559,1221946,3699,1072028,2052,0.0629039066230406,0.5127147979722114,0.4498108913491708
2021-07-29,Sacramento,067,1510023.0,1619421,3203,905846,2256,667556,794,45818,151,84892,1900,872524,2052,787632,1276,0.0562190112336037,0.5778216623190507,0.521602651085447
2021-07-29,San Benito,069,59416.0,68165,151,37691,127,27301,17,3068,7,4308,92,37489,99,33181,57,0.0725057223643463,0.6309579911135048,0.5584522687491584
2021-07-29,San Bernardino,071,2135413.0,1854855,5218,1088098,3761,708049,1280,58484,177,122291,3215,1015004,3391,892713,1971,0.0572680788212865,0.4753197625002751,0.4180516836789885
2021-07-29,San Diego,073,3302833.0,4075424,7212,2195318,5275,1724328,1533,154730,400,259880,4083,2254685,4634,1994805,3061,0.0786839661587491,0.6826518325328589,0.6039678663741097
2021-07-29,San Francisco,075,870044.0,1262157,1158,807533,884,402008,169,52285,105,39280,606,674847,708,635567,499,0.0451471419836238,0.7756469787734873,0.7304998367898635
2021-07-29,San Joaquin,077,732212.0,721001,1908,407218,1411,289640,461,24097,36,57216,1239,395021,1274,337805,664,0.0781413033383774,0.5394899291462035,0.4613486258078261
2021-07-29,San Luis Obispo,079,281455.0,302558,419,154241,201,136758,164,11431,54,16326,225,164577,279,148251,186,0.0580057202749995,0.5847364587589491,0.5267307384839495
2021-07-29,San Mateo,081,765935.0,1074362,1064,661259,862,374157,131,38479,70,40857,562,574897,632,534040,475,0.0533426465692258,0.7505819684437974,0.6972393218745716
2021-07-29,Santa Barbara,083,443738.0,499288,1021,289474,832,187595,155,21880,33,30487,577,274935,611,244448,429,0.0687049565284018,0.6195885860575384,0.5508836295291366
2021-07-29,Santa Clara,085,1922200.0,2737274,2802,1759935,2186,873177,466,100489,149,84075,1492,1454037,1641,1369962,1256,0.0437389449589012,0.7564441785454167,0.7127052335865155
2021-07-29,Santa Cruz,087,273765.0,344856,450,166204,318,169328,93,9281,39,14130,245,183522,283,169392,197,0.051613610213139,0.6703632677661499,0.6187496575530108
2021-07-29,Shasta,089,179085.0,125558,258,55925,157,63197,79,6390,22,10401,158,70975,180,60574,96,0.0580785660440572,0.3963201831532512,0.338241617109194
2021-07-29,Sierra,091,2930.0,2722,6,215,1,2466,4,39,0,57,3,1400,3,1343,2,0.0194539249146757,0.4778156996587031,0.4583617747440273
2021-07-29,Siskiyou,093,43540.0,34193,88,13913,48,19234,28,1011,12,2338,47,18708,59,16370,41,0.0536977491961414,0.4296738631143776,0.3759761139182361
2021-07-29,Solano,095,438530.0,480113,691,260599,424,206453,247,13020,20,38401,472,265120,492,226719,214,0.0875675552413745,0.6045652520922172,0.5169976968508426
2021-07-29,Sonoma,097,501317.0,640645,1036,351857,833,268281,146,20452,57,28934,630,343809,686,314875,399,0.0577159761189028,0.6858115723185131,0.6280955961996102
2021-07-29,Stanislaus,099,539301.0,480966,1312,270948,852,193022,423,16698,37,39765,808,264411,838,224646,485,0.0737343338877547,0.4902846462365173,0.4165503123487625
2021-07-29,Sutter,101,95872.0,85242,200,34598,146,46665,46,3973,8,5645,133,47167,141,41522,66,0.0588805907877169,0.491978888518024,0.433098297730307
2021-07-29,Tehama,103,63373.0,40658,118,14822,55,24285,54,1543,9,2165,73,22128,82,19963,45,0.0341628138166096,0.3491707825099017,0.3150079686932921
2021-07-29,Trinity,105,12862.0,9551,21,1749,8,7170,2,627,11,636,9,5397,20,4761,12,0.0494479863162805,0.4196081480329653,0.3701601617166848
2021-07-29,Tulare,107,460477.0,360082,1130,209310,821,139921,285,10780,24,25966,760,197797,784,171831,361,0.0563893527798348,0.4295480556032114,0.3731587028233766
2021-07-29,Tuolumne,109,53932.0,48336,60,12939,21,34404,38,988,1,2345,41,25383,42,23038,18,0.0434806793740265,0.47064822368909,0.4271675443150634
2021-07-29,Ventura,111,848112.0,987435,1825,521252,1344,431028,393,34779,88,47373,1026,533172,1113,485799,783,0.0558570094515818,0.6286575357971589,0.572800526345577
2021-07-29,Yolo,113,214977.0,252304,408,123232,291,121469,100,7568,17,13133,241,136216,257,123083,162,0.0610902561669387,0.6336305744335441,0.5725403182666052
2021-07-29,Yuba,115,75493.0,52089,180,19237,96,29587,63,3249,21,3545,110,29344,130,25799,69,0.0469579961055992,0.3886982899076736,0.3417402938020744
2021-07-28,Alameda,001,1643700.0,2184212,2361,1379235,1785,695881,455,108379,120,79508,1318,1182083,1436,1102575,973,0.0483713573036442,0.7191598223520107,0.6707884650483665
2021-07-28,Alpine,003,1148.0,1472,0,40,0,1426,0,6,0,87,0,777,0,690,0,0.0757839721254355,0.676829268292683,0.6010452961672473
2021-07-28,Amador,005,37829.0,36089,42,9563,21,25299,18,1226,3,2757,28,19580,31,16823,13,0.0728805942530862,0.517592323349811,0.4447117290967247
2021-07-28,Butte,007,227075.0,182404,442,86922,326,88191,97,7270,19,9877,261,99467,280,89590,180,0.0434966420786083,0.438035891225366,0.3945392491467577
2021-07-28,Calaveras,009,45235.0,41398,52,17176,17,23087,30,1133,5,2256,36,21972,41,19716,16,0.0498728860395711,0.4857300762683763,0.4358571902288051
2021-07-28,Colusa,011,21464.0,19370,63,4527,39,13900,23,939,1,1253,28,10747,29,9494,35,0.0583768169959001,0.5006988445769661,0.442322027581066
2021-07-28,Contra Costa,013,1133247.0,1517772,2288,1011692,1852,456528,295,49215,140,48229,1271,805860,1406,757631,983,0.0425582419366651,0.711107110806382,0.6685488688697169
2021-07-28,Del Norte,015,27424.0,19243,35,6818,10,11399,20,989,5,1151,15,10613,20,9462,20,0.041970536756126,0.3869967911318553,0.3450262543757293
2021-07-28,El Dorado,017,186661.0,193593,320,91653,198,94635,98,7282,24,9834,194,105052,218,95218,122,0.0526837421850306,0.562795656296709,0.5101119141116784
2021-07-28,Fresno,019,978130.0,900705,2476,473203,1832,393570,566,33477,76,60412,1523,494935,1595,434523,925,0.0617627513725169,0.5060012472779691,0.4442384959054522
2021-07-28,Glenn,021,27897.0,22601,84,8942,61,12436,18,1203,5,1008,40,12361,45,11353,44,0.0361329175180126,0.4430942395239631,0.4069613220059505
2021-07-28,Humboldt,023,135768.0,142528,253,70946,168,64516,69,6943,16,6908,149,77846,166,70938,103,0.0508809145012079,0.5733751694066348,0.5224942549054269
2021-07-28,Imperial,025,180216.0,229398,791,112041,460,102215,184,15106,147,24041,384,133664,530,109623,399,0.1334010298752607,0.741687752474808,0.6082867225995472
2021-07-28,Inyo,027,18085.0,18199,16,6668,10,10821,5,557,1,737,8,9652,9,8915,8,0.0407520044235554,0.5337019629527232,0.4929499585291678
2021-07-28,Kern,029,883053.0,674527,1763,345034,1131,298495,579,30796,53,48187,1124,375228,1176,327041,621,0.0545686385754875,0.4249212674663921,0.3703526288909046
2021-07-28,Kings,031,150075.0,94456,315,42956,186,46667,117,4798,12,7348,198,53173,210,45825,115,0.0489621855738797,0.3543095119107113,0.3053473263368316
2021-07-28,Lake,033,64148.0,54473,165,16473,99,35437,59,2560,7,3385,112,30119,119,26734,53,0.0527685976180083,0.4695236016711355,0.4167550040531271
2021-07-28,Lassen,035,31185.0,12167,19,1625,3,9491,14,1037,2,646,10,6894,12,6248,8,0.020715087381754,0.221067821067821,0.200352733686067
2021-07-28,Los Angeles,037,10098052.0,11517134,24112,6289089,17011,4769971,6158,454091,934,685398,14338,6303887,15253,5618489,9436,0.0678742791183883,0.6242676310242807,0.5563933519058923
2021-07-28,Madera,039,155013.0,125345,313,63900,197,56191,87,5173,29,7671,172,68717,201,61046,140,0.0494861721274989,0.4432983040132118,0.3938121318857128
2021-07-28,Marin,041,260295.0,387114,251,244318,195,130745,31,12032,25,12519,131,205319,156,192800,114,0.0480954301849824,0.7887934843158724,0.74069805413089
2021-07-28,Mariposa,043,17540.0,13575,20,2763,12,10251,8,539,0,2384,12,8185,12,5801,8,0.1359179019384264,0.4666476624857468,0.3307297605473204
2021-07-28,Mendocino,045,87422.0,96179,157,52175,94,40622,54,3371,9,6003,116,52565,126,46562,39,0.0686669259454142,0.6012788542929697,0.5326119283475556
2021-07-28,Merced,047,269075.0,216650,637,125676,426,80797,190,9360,21,22699,383,121536,402,98837,246,0.0843593793551983,0.4516807581529313,0.3673213787977329
2021-07-28,Modoc,049,8938.0,5804,13,822,2,4595,9,377,2,235,6,3199,8,2964,7,0.0262922353994182,0.3579100469903781,0.3316178115909599
2021-07-28,Mono,051,14174.0,15907,20,8762,4,6757,16,330,0,605,16,8374,16,7769,4,0.0426837872160293,0.5908000564413716,0.5481162692253422
2021-07-28,Monterey,053,433212.0,486139,1131,229514,874,234682,251,21305,6,28028,749,266626,754,238598,370,0.0646981154723322,0.6154630988984608,0.5507649834261286
2021-07-28,Napa,055,140530.0,183414,196,95801,149,82289,33,5312,14,10525,101,99376,113,88851,92,0.0748950402049384,0.7071514979008041,0.6322564576958657
2021-07-28,Nevada,057,99092.0,105769,139,56346,86,46510,47,2868,6,6011,85,57094,91,51083,49,0.0606608000645864,0.5761716384773745,0.5155108384127881
2021-07-28,Orange,059,3164182.0,3744722,6459,2121320,4659,1504663,1475,117577,324,179045,3729,2012939,4048,1833894,2642,0.0565849246345501,0.6361641018120955,0.5795791771775454
2021-07-28,Placer,061,380077.0,425648,706,243295,526,171373,136,10966,44,18919,421,227320,465,208401,275,0.049776755762648,0.5980893345295821,0.5483125787669341
2021-07-28,Plumas,063,18699.0,17016,18,2089,9,13828,7,1057,2,719,7,9318,9,8599,10,0.0384512540777581,0.4983154179367881,0.4598641638590299
2021-07-28,Riverside,065,2383286.0,2229865,5814,1269122,4245,893436,1366,66276,197,148271,3545,1218247,3740,1069976,2214,0.0622128439473902,0.5111627391760788,0.4489498952286884
2021-07-28,Sacramento,067,1510023.0,1616218,3436,903590,2459,666762,828,45667,149,84116,1956,870472,2106,786356,1450,0.0557051117764431,0.5764627426204766,0.5207576308440335
2021-07-28,San Benito,069,59416.0,68014,170,37564,135,27284,24,3061,11,4266,115,37390,125,33124,55,0.071798842062744,0.6292917732597281,0.557492931196984
2021-07-28,San Bernardino,071,2135413.0,1849637,5549,1084337,4134,706769,1255,58307,157,120871,3279,1011613,3436,890742,2223,0.0566031020697167,0.4737317792857868,0.4171286772160701
2021-07-28,San Diego,073,3302833.0,4068212,7775,2190043,5742,1722795,1598,154330,434,258307,4426,2250051,5044,1991744,3272,0.0782077083521934,0.6812487945954276,0.6030410862432343
2021-07-28,San Francisco,075,870044.0,1260999,1170,806649,913,401839,170,52180,87,39071,604,674139,684,635068,503,0.0449069242475093,0.77483322682531,0.7299263025778007
2021-07-28,San Joaquin,077,732212.0,719093,1774,405807,1373,289179,365,24061,36,56606,1088,393747,1123,337141,668,0.077308211283071,0.5377499959028259,0.4604417846197549
2021-07-28,San Luis Obispo,079,281455.0,302139,514,154040,332,136594,144,11377,38,16233,280,164298,318,148065,230,0.0576752944520438,0.5837451812900819,0.526069886838038
2021-07-28,San Mateo,081,765935.0,1073298,1026,660397,807,374026,134,38409,83,40700,530,574265,612,533565,467,0.0531376683400027,0.7497568331516382,0.6966191648116354
2021-07-28,Santa Barbara,083,443738.0,498267,839,288642,631,187440,178,21847,30,30305,526,274324,555,244019,297,0.0682948045918988,0.6182116474135638,0.5499168428216651
2021-07-28,Santa Clara,085,1922200.0,2734472,2941,1757749,2246,872711,570,100340,124,83690,1519,1452396,1643,1368706,1373,0.0435386536260534,0.7555904692539798,0.7120518156279263
2021-07-28,Santa Cruz,087,273765.0,344406,373,165886,239,169235,125,9242,9,14044,200,183239,208,169195,170,0.0512994721750406,0.6693295344547331,0.6180300622796925
2021-07-28,Shasta,089,179085.0,125300,227,55768,118,63118,93,6368,16,10317,141,70795,157,60478,85,0.05760951503476,0.3953150738476143,0.3377055588128542
2021-07-28,Sierra,091,2930.0,2716,0,214,0,2462,0,39,0,56,0,1397,0,1341,0,0.0191126279863481,0.4767918088737201,0.457679180887372
2021-07-28,Siskiyou,093,43540.0,34105,54,13865,30,19206,22,999,2,2320,39,18649,41,16329,14,0.0532843362425356,0.4283187873220027,0.3750344510794671
2021-07-28,Solano,095,438530.0,479422,951,260175,761,206206,146,13000,44,38123,551,264628,595,226505,390,0.0869336191366611,0.6034433220076163,0.5165097028709552
2021-07-28,Sonoma,097,501317.0,639609,794,351024,621,268135,107,20395,66,28647,426,343123,492,314476,354,0.0571434840629781,0.6844431766726442,0.6272996926096661
2021-07-28,Stanislaus,099,539301.0,479654,1147,270096,767,192599,329,16661,51,39412,698,263573,746,224161,438,0.0730797829041667,0.488730782995025,0.4156510000908583
2021-07-28,Sutter,101,95872.0,85042,186,34452,108,46619,72,3965,6,5570,121,47026,127,41456,64,0.058098297730307,0.4905081775700934,0.4324098798397864
2021-07-28,Tehama,103,63373.0,40540,113,14767,78,24231,32,1534,3,2128,71,22046,74,19918,42,0.0335789689615451,0.3478768560743534,0.3142978871128083
2021-07-28,Trinity,105,12862.0,9530,41,1741,24,7168,7,616,10,628,19,5377,29,4749,22,0.0488259990670191,0.4180531799098118,0.3692271808427927
2021-07-28,Tulare,107,460477.0,358952,904,208489,615,139636,259,10756,30,25543,575,197013,605,171470,323,0.0554707401238281,0.4278454732809673,0.3723747331571392
2021-07-28,Tuolumne,109,53932.0,48276,97,12918,15,34366,59,987,23,2321,51,25341,74,23020,45,0.0430356745531409,0.4698694652525402,0.4268337906993992
2021-07-28,Ventura,111,848112.0,985610,1623,519908,1145,430635,393,34691,85,47043,947,532059,1033,485016,666,0.0554679098986926,0.6273452091233234,0.5718772992246307
2021-07-28,Yolo,113,214977.0,251896,407,122941,293,121369,99,7551,15,13038,231,135959,246,122921,169,0.0606483484279713,0.6324350977081269,0.5717867492801556
2021-07-28,Yuba,115,75493.0,51909,208,19141,127,29524,78,3228,3,3484,148,29214,151,25730,59,0.0461499741697905,0.3869762759461142,0.3408263017763236
2021-07-27,Alameda,001,1643700.0,2181851,2913,1377450,2310,695426,461,108259,141,79045,1612,1180647,1750,1101602,1227,0.0480896757315811,0.7182861836101478,0.6701965078785667
2021-07-27,Alpine,003,1148.0,1472,0,40,0,1426,0,6,0,87,0,777,0,690,0,0.0757839721254355,0.676829268292683,0.6010452961672473
2021-07-27,Amador,005,37829.0,36047,38,9542,16,25281,17,1223,5,2739,18,19549,22,16810,19,0.0724047688281477,0.5167728462290835,0.4443680774009358
2021-07-27,Butte,007,227075.0,181962,367,86596,281,88094,77,7251,9,9777,223,99187,232,89410,143,0.0430562589452823,0.4368028184520532,0.3937465595067709
2021-07-27,Calaveras,009,45235.0,41346,79,17159,40,23057,38,1128,1,2231,53,21931,54,19700,26,0.0493202166464021,0.4848236984635791,0.4355034818171769
2021-07-27,Colusa,011,21464.0,19307,52,4488,32,13877,20,938,0,1259,29,10718,29,9459,23,0.0586563548266865,0.4993477450614983,0.4406913902348118
2021-07-27,Contra Costa,013,1133247.0,1515484,2458,1009840,2044,456233,281,49075,132,47806,1400,804454,1531,756648,1026,0.0421849782086341,0.7098664280602551,0.667681449851621
2021-07-27,Del Norte,015,27424.0,19208,42,6808,17,11379,22,984,3,1151,22,10593,25,9442,20,0.041970536756126,0.3862675029171528,0.3442969661610268
2021-07-27,El Dorado,017,186661.0,193273,407,91455,271,94537,107,7258,29,9738,255,104834,285,95096,148,0.052169440858026,0.5616277636999695,0.5094583228419434
2021-07-27,Fresno,019,978130.0,898229,1962,471371,1353,393004,561,33401,47,59742,1186,493340,1232,433598,763,0.0610777708484557,0.504370584687107,0.4432928138386513
2021-07-27,Glenn,021,27897.0,22517,42,8881,35,12418,4,1198,3,1007,18,12316,21,11309,24,0.0360970713696813,0.4414811628490518,0.4053840914793705
2021-07-27,Humboldt,023,135768.0,142275,226,70778,141,64447,66,6927,19,6845,128,77680,146,70835,94,0.0504168876318425,0.5721524954333863,0.5217356078015438
2021-07-27,Imperial,025,180216.0,228607,790,111581,549,102031,206,14959,35,23910,400,133134,435,109224,381,0.1326741243840724,0.7387468371287788,0.6060727127447063
2021-07-27,Inyo,027,18085.0,18183,30,6658,21,10816,8,556,1,736,20,9643,21,8907,10,0.0406967099806469,0.5332043129665469,0.4925076029858999
2021-07-27,Kern,029,883053.0,672764,1763,343903,1110,297916,594,30743,59,47632,1060,374052,1120,326420,689,0.0539401372284562,0.4235895240716016,0.3696493868431453
2021-07-27,Kings,031,150075.0,94141,211,42770,142,46550,61,4786,8,7253,129,52963,137,45710,81,0.0483291687489588,0.3529102115608862,0.3045810428119274
2021-07-27,Lake,033,64148.0,54308,193,16374,68,35378,110,2553,15,3319,112,30000,127,26681,81,0.0517397268815863,0.4676685165554655,0.4159287896738791
2021-07-27,Lassen,035,31185.0,12148,40,1622,2,9477,28,1035,10,642,21,6882,31,6240,19,0.0205868205868205,0.2206830206830206,0.2000962000962001
2021-07-27,Los Angeles,037,10098052.0,11493022,23086,6272078,16577,4763813,5580,453157,920,679581,13282,6288634,14184,5609053,9514,0.0672982274204965,0.6227571416744536,0.5554589142539571
2021-07-27,Madera,039,155013.0,125032,292,63703,219,56104,58,5144,15,7610,184,68516,198,60906,107,0.0490926567449181,0.4420016385722488,0.3929089818273306
2021-07-27,Marin,041,260295.0,386863,323,244123,244,130714,53,12007,26,12477,167,205163,192,192686,150,0.0479340747997464,0.7881941643135673,0.7402600895138208
2021-07-27,Mariposa,043,17540.0,13555,25,2751,15,10243,9,539,1,2380,20,8173,21,5793,3,0.1356898517673888,0.4659635119726339,0.3302736602052452
2021-07-27,Mendocino,045,87422.0,96022,264,52081,157,40568,76,3362,31,5916,152,52439,184,46523,107,0.0676717531056255,0.5998375694905173,0.5321658163848917
2021-07-27,Merced,047,269075.0,216013,593,125250,462,80607,117,9339,13,22543,371,121134,384,98591,211,0.0837796153488804,0.4501867509058813,0.3664071355570008
2021-07-27,Modoc,049,8938.0,5791,13,820,5,4586,6,375,2,234,3,3191,5,2957,10,0.0261803535466547,0.3570149921682703,0.3308346386216155
2021-07-27,Mono,051,14174.0,15887,13,8758,2,6741,10,330,0,593,8,8358,8,7765,2,0.0418371666431494,0.589671229010865,0.5478340623677156
2021-07-27,Monterey,053,433212.0,485008,930,228640,625,234431,268,21299,37,27644,479,265872,516,238228,439,0.0638117134336075,0.6137226115620066,0.549910898128399
2021-07-27,Napa,055,140530.0,183218,388,95652,322,82256,53,5298,13,10504,240,99263,253,88759,139,0.074745605920444,0.706347399131858,0.631601793211414
2021-07-27,Nevada,057,99092.0,105630,158,56260,104,46463,37,2862,17,5969,74,57003,91,51034,79,0.0602369515197997,0.5752532999636701,0.5150163484438703
2021-07-27,Orange,059,3164182.0,3738263,6401,2116661,4631,1503188,1516,117253,253,177639,3652,2008891,3899,1831252,2679,0.0561405759845672,0.6348847822280766,0.5787442062435094
2021-07-27,Placer,061,380077.0,424942,820,242769,597,171237,181,10922,42,18729,455,226855,496,208126,362,0.0492768570579119,0.5968658982258858,0.5475890411679739
2021-07-27,Plumas,063,18699.0,16998,22,2080,14,13821,7,1055,1,720,13,9309,14,8589,9,0.0385047328734156,0.4978341087758703,0.4593293759024546
2021-07-27,Riverside,065,2383286.0,2224051,5941,1264877,4505,892070,1247,66079,183,146745,3534,1214507,3713,1067762,2338,0.0615725515108132,0.5095934772410865,0.4480209257302732
2021-07-27,Sacramento,067,1510023.0,1612782,3451,901131,2416,665934,900,45518,135,83460,2032,868366,2164,784906,1389,0.0552706813075032,0.5750680618772032,0.5197973805696999
2021-07-27,San Benito,069,59416.0,67844,124,37429,91,27260,29,3050,4,4196,84,37265,88,33069,39,0.0706207082267402,0.6271879628382927,0.5565672546115524
2021-07-27,San Bernardino,071,2135413.0,1844088,5713,1080203,4245,705514,1277,58150,191,119658,3349,1008177,3538,888519,2313,0.0560350620699602,0.4721227228643826,0.4160876607944224
2021-07-27,San Diego,073,3302833.0,4060437,7782,2184301,5625,1721197,1748,153896,405,256535,4306,2245007,4875,1988472,3411,0.0776711992401674,0.679721620802505,0.6020504215623376
2021-07-27,San Francisco,075,870044.0,1259829,1172,805736,943,401669,155,52093,73,38890,601,673455,671,634565,525,0.0446988887918312,0.7740470596889353,0.729348170897104
2021-07-27,San Joaquin,077,732212.0,717319,2028,404434,1435,288814,519,24025,74,56151,1305,392624,1379,336473,710,0.0766868065532933,0.5362162870862537,0.4595294805329604
2021-07-27,San Luis Obispo,079,281455.0,301625,405,153708,225,136450,147,11339,33,16145,200,163980,233,147835,199,0.0573626334582793,0.5826153381535236,0.5252527046952443
2021-07-27,San Mateo,081,765935.0,1072272,1209,659590,1007,373892,136,38326,66,40555,610,573653,674,533098,568,0.0529483572365801,0.748957809735813,0.696009452499233
2021-07-27,Santa Barbara,083,443738.0,497428,743,288011,452,187262,221,21817,70,30047,434,273769,503,243722,300,0.0677133804181746,0.6169609093654363,0.5492475289472617
2021-07-27,Santa Clara,085,1922200.0,2731531,3380,1755503,2565,872141,655,100216,160,83420,1668,1450753,1823,1367333,1637,0.0433981895744459,0.7547357194880866,0.7113375299136406
2021-07-27,Santa Cruz,087,273765.0,344033,616,165647,497,169110,99,9233,20,14006,350,183031,370,169025,262,0.0511606669954157,0.6685697587346812,0.6174090917392654
2021-07-27,Shasta,089,179085.0,125073,274,55650,155,63025,95,6352,24,10245,159,70638,180,60393,105,0.0572074713125052,0.3944383951754753,0.3372309238629701
2021-07-27,Sierra,091,2930.0,2716,1,214,0,2462,1,39,0,56,0,1397,0,1341,0,0.0191126279863481,0.4767918088737201,0.457679180887372
2021-07-27,Siskiyou,093,43540.0,34051,63,13835,27,19184,34,997,2,2293,39,18608,41,16315,24,0.0526642168121267,0.4273771244832338,0.374712907671107
2021-07-27,Solano,095,438530.0,478471,749,259414,467,206060,253,12956,28,37918,483,264033,510,226115,257,0.0864661482680774,0.6020865163158735,0.5156203680477961
2021-07-27,Sonoma,097,501317.0,638815,1147,350403,952,268028,142,20329,53,28509,663,342631,714,314122,472,0.0568682091371327,0.6834617617196305,0.6265935525824977
2021-07-27,Stanislaus,099,539301.0,478507,1080,269329,840,192270,213,16610,27,39104,648,262827,673,223723,416,0.0725086732640955,0.4873475109447229,0.4148388376806273
2021-07-27,Sutter,101,95872.0,84856,240,34344,169,46547,56,3959,15,5507,138,46899,153,41392,99,0.0574411715620827,0.4891834946595461,0.4317423230974633
2021-07-27,Tehama,103,63373.0,40427,99,14689,44,24199,50,1531,5,2096,52,21972,57,19876,45,0.0330740220598677,0.3467091663642245,0.3136351443043567
2021-07-27,Trinity,105,12862.0,9489,39,1717,25,7161,5,606,9,621,18,5348,27,4727,20,0.0482817602239154,0.4157984761312393,0.3675167159073239
2021-07-27,Tulare,107,460477.0,358048,887,207874,592,139377,260,10726,35,25261,534,196408,569,171147,346,0.0548583316864903,0.4265316183001539,0.3716732866136636
2021-07-27,Tuolumne,109,53932.0,48179,83,12903,24,34307,53,964,6,2292,50,25267,56,22975,31,0.0424979603945709,0.4684973670548097,0.4259994066602388
2021-07-27,Ventura,111,848112.0,983987,1714,518763,1221,430242,407,34606,86,46676,974,531026,1058,484350,727,0.0550351840322976,0.6261272096138246,0.5710920255815269
2021-07-27,Yolo,113,214977.0,251489,326,122648,215,121270,94,7536,15,12961,188,135713,203,122752,135,0.0602901705763872,0.6312907892472218,0.5710006186708345
2021-07-27,Yuba,115,75493.0,51701,187,19014,100,29446,79,3225,8,3392,120,29063,128,25671,65,0.0449313181354562,0.3849760904984568,0.3400447723630005
2021-07-26,Alameda,001,1643700.0,2178938,2507,1375140,1889,694965,481,108118,137,78522,1459,1178897,1595,1100375,981,0.0477714911480197,0.717221512441443,0.6694500212934233
2021-07-26,Alpine,003,1148.0,1472,0,40,0,1426,0,6,0,87,0,777,0,690,0,0.0757839721254355,0.676829268292683,0.6010452961672473
2021-07-26,Amador,005,37829.0,36009,42,9526,18,25264,23,1218,1,2736,36,19527,37,16791,7,0.0723254645906579,0.5161912818208253,0.4438658172301673
2021-07-26,Butte,007,227075.0,181595,249,86315,153,88017,89,7242,7,9688,162,98955,169,89267,84,0.0426643179566222,0.4357811295827369,0.3931168116261147
2021-07-26,Calaveras,009,45235.0,41267,59,17119,31,23019,28,1127,0,2203,42,21877,42,19674,17,0.0487012269260528,0.483629932574334,0.4349287056482812
2021-07-26,Colusa,011,21464.0,19255,26,4456,14,13857,10,938,2,1253,18,10689,20,9436,8,0.0583768169959001,0.4979966455460305,0.4396198285501304
2021-07-26,Contra Costa,013,1133247.0,1513026,2131,1007796,1788,455952,247,48943,94,47301,1394,802923,1489,755622,707,0.041739356027415,0.7085154427940246,0.6667760867666096
2021-07-26,Del Norte,015,27424.0,19166,17,6791,12,11357,4,981,1,1146,14,10568,15,9422,3,0.0417882147024504,0.3853558926487748,0.3435676779463243
2021-07-26,El Dorado,017,186661.0,192866,323,91184,219,94430,92,7229,12,9601,224,104549,236,94948,98,0.0514354900059466,0.5601009316354246,0.508665441629478
2021-07-26,Fresno,019,978130.0,896267,1915,470018,1436,392443,426,33354,52,59273,1234,492108,1284,432835,663,0.0605982844816128,0.5031110384100272,0.4425127539284144
2021-07-26,Glenn,021,27897.0,22475,36,8846,32,12414,3,1195,1,1010,24,12295,25,11285,12,0.0362046098146754,0.4407283937340933,0.4045237839194178
2021-07-26,Humboldt,023,135768.0,142049,184,70637,120,64381,51,6908,13,6793,103,77534,116,70741,79,0.0500338813269695,0.5710771315773967,0.5210432502504272
2021-07-26,Imperial,025,180216.0,227817,496,111032,304,101825,164,14924,28,23856,269,132699,298,108843,222,0.1323744839525902,0.7363330669862831,0.6039585830336929
2021-07-26,Inyo,027,18085.0,18153,12,6637,10,10808,2,555,0,725,8,9622,8,8897,4,0.0400884711086535,0.5320431296654686,0.491954658556815
2021-07-26,Kern,029,883053.0,671001,1513,342793,937,297322,510,30684,66,47201,1008,372932,1074,325731,495,0.0534520578040049,0.4223211970289439,0.3688691392249389
2021-07-26,Kings,031,150075.0,93930,190,42628,116,46489,72,4778,2,7197,140,52826,142,45629,49,0.0479560219890055,0.3519973346660003,0.3040413126769948
2021-07-26,Lake,033,64148.0,54115,108,16306,39,35268,53,2538,16,3273,53,29873,69,26600,54,0.0510226351562012,0.4656887198353807,0.4146660846791794
2021-07-26,Lassen,035,31185.0,12108,23,1620,0,9449,22,1025,1,630,14,6851,15,6221,9,0.0202020202020202,0.2196889530222863,0.1994869328202661
2021-07-26,Los Angeles,037,10098052.0,11469936,19763,6255501,13790,4758233,5028,452237,939,674911,12188,6274450,13104,5599539,7310,0.0668357619865692,0.6213525143265256,0.5545167523399562
2021-07-26,Madera,039,155013.0,124740,232,63484,155,56046,56,5129,21,7519,136,68318,157,60799,96,0.0485056092069697,0.4407243263468225,0.3922187171398528
2021-07-26,Marin,041,260295.0,386540,269,243879,184,130661,55,11981,30,12435,161,204971,190,192536,97,0.0477727194145104,0.7874565396953457,0.7396838202808352
2021-07-26,Mariposa,043,17540.0,13530,10,2736,5,10234,4,538,1,2362,7,8152,8,5790,3,0.1346636259977195,0.4647662485746864,0.3301026225769669
2021-07-26,Mendocino,045,87422.0,95758,96,51924,50,40492,39,3331,7,5839,62,52255,69,46416,33,0.0667909679485713,0.5977328361282057,0.5309418681796344
2021-07-26,Merced,047,269075.0,215420,483,124788,321,80490,144,9326,18,22370,311,120750,329,98380,168,0.0831366719316175,0.448759639505714,0.3656229675740964
2021-07-26,Modoc,049,8938.0,5778,7,815,3,4580,3,373,1,239,4,3186,5,2947,3,0.0267397628104721,0.3564555829044529,0.3297158200939807
2021-07-26,Mono,051,14174.0,15874,6,8756,5,6731,0,330,1,587,5,8350,6,7763,1,0.0414138563567094,0.5891068152956117,0.5476929589389022
2021-07-26,Monterey,053,433212.0,484078,651,228015,428,234163,203,21262,19,27567,411,265356,430,237789,231,0.0636339713581341,0.6125315088224703,0.5488975374643361
2021-07-26,Napa,055,140530.0,182830,217,95330,149,82203,58,5285,10,10390,129,99010,139,88620,80,0.0739343912331886,0.7045470717996157,0.630612680566427
2021-07-26,Nevada,057,99092.0,105472,129,56156,73,46426,46,2845,9,5957,72,56912,80,50955,50,0.060115851935575,0.5743349614499657,0.5142191095143906
2021-07-26,Orange,059,3164182.0,3731862,6258,2112030,4623,1501672,1346,117000,288,176419,3729,2004992,4013,1828573,2469,0.0557550102996603,0.6336525522236078,0.5778975419239475
2021-07-26,Placer,061,380077.0,424122,616,242172,439,171056,149,10880,28,18595,393,226359,421,207764,220,0.0489242969187822,0.595560899501943,0.5466366025831608
2021-07-26,Plumas,063,18699.0,16976,8,2066,6,13814,0,1054,2,715,6,9295,8,8580,2,0.038237338895128,0.4970854056366651,0.458848066741537
2021-07-26,Riverside,065,2383286.0,2218110,5015,1260372,3745,890823,1128,65896,137,145370,3295,1210794,3432,1065424,1660,0.0609956169758895,0.5080355442024164,0.4470399272265267
2021-07-26,Sacramento,067,1510023.0,1609331,2890,898715,1989,665034,786,45383,115,82685,1818,866202,1935,783517,1044,0.0547574440919111,0.5736349711229564,0.5188775270310452
2021-07-26,San Benito,069,59416.0,67720,101,37338,78,27231,19,3046,4,4147,64,37177,68,33030,37,0.0697960145415376,0.6257068803016023,0.5559108657600647
2021-07-26,San Bernardino,071,2135413.0,1838375,4225,1075958,3042,704237,1054,57959,128,118433,2757,1004639,2883,886206,1437,0.0554614025483595,0.4704659005073023,0.4150044979589428
2021-07-26,San Diego,073,3302833.0,4052655,6511,2178676,4563,1719449,1520,153491,428,255071,3846,2240132,4419,1985061,2608,0.0772279434049496,0.6782456152036751,0.6010176717987256
2021-07-26,San Francisco,075,870044.0,1258657,1239,804793,956,401514,189,52020,92,38744,662,672784,752,634040,522,0.0445310811866986,0.7732758343256203,0.7287447531389217
2021-07-26,San Joaquin,077,732212.0,715291,1503,402999,1018,288295,435,23951,50,55482,916,391245,965,335763,574,0.0757731367418179,0.5343329527513889,0.458559816009571
2021-07-26,San Luis Obispo,079,281455.0,301220,395,153483,233,136303,128,11306,34,16111,230,163747,263,147636,158,0.0572418326197793,0.5817874971132152,0.5245456644934359
2021-07-26,San Mateo,081,765935.0,1071063,988,658583,762,373756,162,38260,63,40449,572,572979,634,532530,394,0.0528099642920091,0.7480778395033522,0.695267875211343
2021-07-26,Santa Barbara,083,443738.0,496685,691,287559,447,187041,220,21747,24,29844,420,273266,443,243422,265,0.0672559032582289,0.6158273575848812,0.5485714543266522
2021-07-26,Santa Clara,085,1922200.0,2728151,2709,1752938,2175,871486,405,100056,126,83234,1500,1448930,1618,1365696,1145,0.0433014254500052,0.7537873270211216,0.7104859015711165
2021-07-26,Santa Cruz,087,273765.0,343417,362,165150,270,169011,82,9213,10,13898,198,182661,208,168763,162,0.0507661680638503,0.6672182346172812,0.6164520665534309
2021-07-26,Shasta,089,179085.0,124799,246,55495,122,62930,83,6328,41,10170,141,70458,182,60288,104,0.0567886757684898,0.3934332858698383,0.3366446101013485
2021-07-26,Sierra,091,2930.0,2715,1,214,1,2461,0,39,0,56,1,1397,1,1341,0,0.0191126279863481,0.4767918088737201,0.457679180887372
2021-07-26,Siskiyou,093,43540.0,33988,25,13808,16,19150,7,995,2,2276,22,18567,24,16291,3,0.0522737712448323,0.4264354616444649,0.3741616903996325
2021-07-26,Solano,095,438530.0,477722,791,258947,521,205807,236,12928,34,37665,566,263523,600,225858,216,0.0858892208058741,0.6009235400086653,0.5150343192027912
2021-07-26,Sonoma,097,501317.0,637668,582,349451,432,267886,111,20276,39,28267,380,341917,419,313650,195,0.0563854806439837,0.6820375131902568,0.6256520325462731
2021-07-26,Stanislaus,099,539301.0,477427,1077,268489,811,192057,244,16583,22,38847,722,262154,746,223307,346,0.0720321304800102,0.4860995992961259,0.4140674688161156
2021-07-26,Sutter,101,95872.0,84616,161,34175,90,46491,59,3944,12,5453,95,46746,107,41293,65,0.0568779205607476,0.4875876168224299,0.4307096962616822
2021-07-26,Tehama,103,63373.0,40328,106,14645,51,24149,45,1526,10,2084,58,21915,68,19831,48,0.0328846669717387,0.3458097296956117,0.3129250627238729
2021-07-26,Trinity,105,12862.0,9450,12,1692,11,7156,1,597,0,614,11,5321,11,4707,1,0.0477375213808116,0.4136992691649821,0.3659617477841704
2021-07-26,Tulare,107,460477.0,357161,674,207282,445,139117,219,10691,10,25038,429,195839,439,170801,241,0.0543740512555458,0.4252959431198518,0.3709218918643059
2021-07-26,Tuolumne,109,53932.0,48096,91,12879,44,34254,39,958,8,2267,54,25211,62,22944,36,0.0420344137061484,0.4674590224727434,0.425424608766595
2021-07-26,Ventura,111,848112.0,982273,1620,517542,1260,429835,305,34520,55,46345,959,529968,1013,483623,647,0.0546449053898541,0.6248797328654706,0.5702348274756164
2021-07-26,Yolo,113,214977.0,251163,266,122433,173,121176,77,7521,16,12893,171,135510,187,122617,95,0.0599738576684947,0.6303465021839546,0.5703726445154598
2021-07-26,Yuba,115,75493.0,51514,150,18914,86,29367,52,3217,12,3329,91,28935,103,25606,59,0.0440968036771621,0.383280569059383,0.3391837653822209
2021-07-25,Alameda,001,1643700.0,2176431,736,1373251,613,694484,116,107981,7,77908,519,1177302,526,1099394,187,0.0473979436636855,0.7162511407191093,0.6688531970554238
2021-07-25,Alpine,003,1148.0,1472,0,40,0,1426,0,6,0,87,0,777,0,690,0,0.0757839721254355,0.676829268292683,0.6010452961672473
2021-07-25,Amador,005,37829.0,35967,15,9508,3,25241,7,1217,5,2706,6,19490,11,16784,9,0.0715324222157604,0.5152131962251183,0.4436807740093579
2021-07-25,Butte,007,227075.0,181346,77,86162,45,87928,25,7235,7,9603,54,98786,61,89183,21,0.0422899922932951,0.435036882087416,0.3927468897941208
2021-07-25,Calaveras,009,45235.0,41208,30,17088,19,22991,7,1127,4,2178,21,21835,25,19657,9,0.0481485575328838,0.4827014479938101,0.4345528904609262
2021-07-25,Colusa,011,21464.0,19229,15,4442,11,13847,4,936,0,1241,13,10669,13,9428,2,0.0578177413343272,0.4970648527767424,0.4392471114424152
2021-07-25,Contra Costa,013,1133247.0,1510895,557,1006008,465,455705,69,48849,23,46519,418,801434,440,754915,132,0.041049303461646,0.7072015191745489,0.6661522157129028
2021-07-25,Del Norte,015,27424.0,19149,6,6779,0,11353,6,980,0,1134,3,10553,3,9419,3,0.0413506417736289,0.3848089264877479,0.343458284714119
2021-07-25,El Dorado,017,186661.0,192543,92,90965,57,94338,27,7217,8,9463,58,104313,66,94850,32,0.0506961818483775,0.5588366075398717,0.5081404256914942
2021-07-25,Fresno,019,978130.0,894352,552,468582,397,392017,153,33302,2,58652,427,490824,429,432172,121,0.0599633995481173,0.5017983294654085,0.4418349299172912
2021-07-25,Glenn,021,27897.0,22439,7,8814,5,12411,2,1194,0,997,6,12270,6,11273,1,0.0357386098863677,0.4398322400258092,0.4040936301394415
2021-07-25,Humboldt,023,135768.0,141865,61,70517,36,64330,15,6895,10,6756,35,77418,45,70662,26,0.0497613576100406,0.5702227328972954,0.5204613752872548
2021-07-25,Imperial,025,180216.0,227321,49,110728,14,101661,34,14896,1,23780,32,132401,33,108621,16,0.1319527677897634,0.7346794957162516,0.6027267279264882
2021-07-25,Inyo,027,18085.0,18141,1,6627,0,10806,1,555,0,721,1,9614,1,8893,0,0.0398672933370196,0.5316007741222007,0.4917334807851811
2021-07-25,Kern,029,883053.0,669488,574,341856,437,296812,131,30618,6,46622,403,371858,409,325236,166,0.0527963780203453,0.4211049619898239,0.3683085839694786
2021-07-25,Kings,031,150075.0,93740,96,42512,77,46417,19,4776,0,7104,77,52684,77,45580,19,0.0473363318340829,0.3510511410961186,0.3037148092620356
2021-07-25,Lake,033,64148.0,54007,40,16267,22,35215,18,2522,0,3258,27,29804,27,26546,12,0.0507888008979235,0.4646130822473031,0.4138242813493795
2021-07-25,Lassen,035,31185.0,12085,2,1620,0,9427,2,1024,0,624,1,6836,1,6212,1,0.02000962000962,0.2192079525412858,0.1991983325316658
2021-07-25,Los Angeles,037,10098052.0,11450173,7131,6241711,5082,4753205,1908,451298,140,669117,5346,6261346,5484,5592229,1677,0.0662619879556968,0.6200548382995057,0.5537928503438089
2021-07-25,Madera,039,155013.0,124508,95,63329,75,55990,18,5108,2,7458,72,68161,74,60703,23,0.0481120938243889,0.4397115080670653,0.3915994142426764
2021-07-25,Marin,041,260295.0,386271,68,243695,49,130606,12,11951,7,12342,45,204781,51,192439,22,0.0474154324900593,0.7867265986668972,0.7393111661768378
2021-07-25,Mariposa,043,17540.0,13520,0,2731,0,10230,0,537,0,2357,0,8144,0,5787,0,0.1343785632839224,0.4643101482326112,0.3299315849486887
2021-07-25,Mendocino,045,87422.0,95662,47,51874,33,40453,13,3324,1,5803,40,52186,41,46383,7,0.0663791722907277,0.5969435611173389,0.5305643888266112
2021-07-25,Merced,047,269075.0,214937,190,124467,133,80346,46,9308,11,22209,136,120421,147,98212,52,0.0825383257456099,0.4475369320821332,0.3649986063365232
2021-07-25,Modoc,049,8938.0,5771,0,812,0,4577,0,372,0,237,0,3181,0,2944,0,0.0265159991049451,0.3558961736406354,0.3293801745356903
2021-07-25,Mono,051,14174.0,15868,0,8751,0,6731,0,329,0,582,0,8344,0,7762,0,0.0410610977846761,0.5886835050091718,0.5476224072244955
2021-07-25,Monterey,053,433212.0,483427,238,227587,158,233960,75,21243,5,27368,174,264926,179,237558,63,0.0631746119682741,0.6115389232061901,0.5483643112379158
2021-07-25,Napa,055,140530.0,182613,52,95181,45,82145,7,5275,0,10331,42,98871,42,88540,10,0.0735145520529424,0.7035579591546289,0.6300434071016865
2021-07-25,Nevada,057,99092.0,105343,18,56083,10,46380,7,2836,1,5927,13,56832,14,50905,5,0.0598131029750131,0.5735276308884673,0.5137145279134542
2021-07-25,Orange,059,3164182.0,3725604,2469,2107407,1836,1500326,597,116712,36,174875,1811,2000979,1847,1826104,631,0.0552670484820405,0.6323842939502216,0.577117245468181
2021-07-25,Placer,061,380077.0,423506,231,241733,157,170907,68,10852,6,18394,170,225938,176,207544,60,0.0483954567100876,0.5944532292140803,0.5460577725039926
2021-07-25,Plumas,063,18699.0,16968,1,2060,1,13814,0,1052,0,709,0,9287,0,8578,1,0.0379164661211829,0.4966575752714048,0.4587411091502219
2021-07-25,Riverside,065,2383286.0,2213095,1676,1256627,1309,889695,356,65759,11,143598,1292,1207362,1304,1063764,370,0.0602521057061552,0.5065955156032469,0.4463434098970916
2021-07-25,Sacramento,067,1510023.0,1606441,929,896726,676,664248,237,45268,16,81794,676,864267,694,782473,245,0.0541673868543724,0.5723535336878974,0.518186146833525
2021-07-25,San Benito,069,59416.0,67619,64,37260,56,27212,8,3042,0,4116,38,37109,38,32993,25,0.0692742695570216,0.6245624074323415,0.5552881378753198
2021-07-25,San Bernardino,071,2135413.0,1834150,1622,1072916,1233,703183,372,57831,17,116987,1190,1001756,1207,884769,426,0.0547842501661271,0.4691158103842207,0.4143315602180936
2021-07-25,San Diego,073,3302833.0,4046144,2493,2174113,1788,1717929,531,153063,174,253260,1671,2235713,1908,1982453,802,0.076679626248133,0.676907672897782,0.6002280466496489
2021-07-25,San Francisco,075,870044.0,1257418,366,803837,318,401325,42,51928,6,38514,233,672032,238,633518,105,0.0442667267402568,0.7724115102224715,0.7281447834822147
2021-07-25,San Joaquin,077,732212.0,713788,553,401981,433,287860,97,23901,23,55091,394,390280,417,335189,154,0.0752391383916133,0.5330150284343879,0.4577758900427744
2021-07-25,San Luis Obispo,079,281455.0,300825,100,153250,52,136175,46,11272,2,16006,54,163484,56,147478,44,0.0568687712067648,0.5808530670977599,0.523984295890995
2021-07-25,San Mateo,081,765935.0,1070075,423,657821,326,373594,63,38197,34,40209,279,572345,313,532136,128,0.0524966217759992,0.7472500930235595,0.6947534712475602
2021-07-25,Santa Barbara,083,443738.0,495994,288,287112,204,186821,77,21723,6,29666,200,272823,206,243157,83,0.0668547656500006,0.6148290207284479,0.5479742550784472
2021-07-25,Santa Clara,085,1922200.0,2725442,1110,1750763,887,871081,189,99930,33,82761,708,1447312,741,1364551,378,0.0430553532410779,0.7529455831859327,0.7098902299448548
2021-07-25,Santa Cruz,087,273765.0,343055,117,164880,98,168929,17,9203,1,13852,82,182453,83,168601,33,0.0505981407411466,0.6664584588972293,0.6158603181560828
2021-07-25,Shasta,089,179085.0,124553,68,55373,48,62847,20,6287,0,10092,50,70276,50,60184,18,0.0563531284027137,0.3924170086830276,0.3360638802803138
2021-07-25,Sierra,091,2930.0,2714,0,213,0,2461,0,39,0,55,0,1396,0,1341,0,0.0187713310580204,0.4764505119453925,0.457679180887372
2021-07-25,Siskiyou,093,43540.0,33963,2,13792,0,19143,1,993,1,2255,1,18543,2,16288,1,0.0517914561322921,0.4258842443729903,0.3740927882406982
2021-07-25,Solano,095,438530.0,476931,228,258426,175,205571,44,12894,9,37281,181,262923,190,225642,46,0.0850135680569174,0.5995553325884204,0.514541764531503
2021-07-25,Sonoma,097,501317.0,637086,210,349019,163,267775,38,20237,9,28043,144,341498,151,313455,60,0.0559386575759449,0.6812017146835236,0.6252630571075787
2021-07-25,Stanislaus,099,539301.0,476350,479,267678,379,191813,91,16561,9,38447,378,261408,388,222961,99,0.071290429648749,0.4847163272458237,0.4134258975970747
2021-07-25,Sutter,101,95872.0,84455,97,34085,78,46432,15,3932,4,5411,70,46639,74,41228,26,0.0564398364485981,0.4864715453938584,0.4300317089452603
2021-07-25,Tehama,103,63373.0,40222,20,14594,5,24104,15,1516,0,2064,17,21847,17,19783,3,0.0325690751581903,0.3447367175295472,0.3121676423713569
2021-07-25,Trinity,105,12862.0,9438,3,1681,1,7155,1,597,1,604,1,5310,2,4706,2,0.0469600373192349,0.4128440366972477,0.3658839993780127
2021-07-25,Tulare,107,460477.0,356487,262,206837,196,138898,65,10681,1,24840,195,195400,196,170560,66,0.0539440623527342,0.4243425838858401,0.3703985215331059
2021-07-25,Tuolumne,109,53932.0,48005,21,12835,12,34215,8,950,1,2241,17,25149,18,22908,4,0.0415523251501891,0.4663094266854558,0.4247571015352666
2021-07-25,Ventura,111,848112.0,980653,534,516282,421,429530,107,34465,5,45979,389,528955,394,482976,140,0.0542133586130133,0.623685315147056,0.5694719565340427
2021-07-25,Yolo,113,214977.0,250897,102,122260,67,121099,34,7505,1,12801,64,135323,65,122522,38,0.0595459049107578,0.6294766416872503,0.5699307367764924
2021-07-25,Yuba,115,75493.0,51364,56,18828,33,29315,18,3205,5,3285,33,28832,38,25547,23,0.0435139681824804,0.3819162041513783,0.3384022359688978
2021-07-24,Alameda,001,1643700.0,2175695,2242,1372638,1706,694368,444,107974,91,77569,1166,1176776,1256,1099207,1012,0.0471917016487193,0.715931130984973,0.6687394293362535
2021-07-24,Alpine,003,1148.0,1472,1,40,0,1426,1,6,0,87,1,777,1,690,0,0.0757839721254355,0.676829268292683,0.6010452961672473
2021-07-24,Amador,005,37829.0,35952,10,9505,0,25234,8,1212,2,2704,4,19479,6,16775,6,0.0714795527241005,0.5149224140209891,0.4434428612968886
2021-07-24,Butte,007,227075.0,181269,145,86117,110,87903,33,7228,2,9563,86,98725,88,89162,59,0.0421138390399647,0.4347682483760872,0.3926544093361224
2021-07-24,Calaveras,009,45235.0,41178,48,17069,23,22984,25,1123,0,2162,30,21810,30,19648,17,0.0477948491212556,0.4821487786006411,0.4343539294793854
2021-07-24,Colusa,011,21464.0,19214,21,4431,14,13843,7,936,0,1230,18,10656,18,9426,2,0.0573052553112187,0.4964591874767052,0.4391539321654863
2021-07-24,Contra Costa,013,1133247.0,1510338,1230,1005543,996,455636,169,48826,64,46211,614,800994,677,754783,595,0.0407775180521104,0.7068132543037837,0.6660357362516733
2021-07-24,Del Norte,015,27424.0,19143,13,6779,5,11347,8,980,0,1134,11,10550,11,9416,2,0.0413506417736289,0.3846995332555425,0.3433488914819136
2021-07-24,El Dorado,017,186661.0,192451,144,90908,97,94311,45,7209,2,9429,71,104247,73,94818,72,0.05051403346173,0.5584830253775561,0.507968991915826
2021-07-24,Fresno,019,978130.0,893800,1315,468185,976,391864,309,33300,30,58344,791,490395,820,432051,509,0.0596485129788473,0.501359737458211,0.4417112244793637
2021-07-24,Glenn,021,27897.0,22432,37,8809,30,12409,6,1194,1,992,10,12264,11,11272,27,0.0355593791447109,0.439617163135821,0.4040577839911101
2021-07-24,Humboldt,023,135768.0,141804,169,70481,111,64315,25,6885,33,6737,79,77373,112,70636,88,0.0496214129986447,0.569891285133463,0.5202698721348182
2021-07-24,Imperial,025,180216.0,227272,219,110714,111,101627,103,14895,4,23763,132,132368,136,108605,85,0.1318584365428153,0.7344963821192347,0.6026379455764194
2021-07-24,Inyo,027,18085.0,18140,15,6627,9,10805,6,555,0,720,8,9613,8,8893,6,0.0398119988941111,0.5315454796792922,0.4917334807851811
2021-07-24,Kern,029,883053.0,668914,1027,341419,640,296681,364,30612,23,46379,603,371449,627,325070,419,0.0525211963494829,0.420641796132282,0.368120599782799
2021-07-24,Kings,031,150075.0,93644,108,42435,80,46398,22,4776,6,7046,61,52607,67,45561,46,0.0469498584041312,0.3505380643011827,0.3035882058970515
2021-07-24,Lake,033,64148.0,53967,92,16245,48,35197,40,2522,4,3243,65,29777,69,26534,26,0.0505549666396458,0.4641921805824032,0.4136372139427574
2021-07-24,Lassen,035,31185.0,12083,7,1620,0,9425,7,1024,0,624,3,6835,3,6211,4,0.02000962000962,0.2191758858425525,0.1991662658329325
2021-07-24,Los Angeles,037,10098052.0,11443042,16658,6236629,11661,4751297,4266,451158,727,665310,9392,6255862,10117,5590552,7098,0.0658849845494952,0.6195117632588939,0.5536267787093986
2021-07-24,Madera,039,155013.0,124413,207,63254,160,55972,43,5106,4,7407,117,68087,121,60680,90,0.0477830891602639,0.4392341287504919,0.3914510395902279
2021-07-24,Marin,041,260295.0,386203,240,243646,208,130594,18,11944,14,12313,104,204730,118,192417,131,0.0473040204383488,0.786530667127682,0.7392266466893332
2021-07-24,Mariposa,043,17540.0,13520,10,2731,5,10230,5,537,0,2357,9,8144,9,5787,1,0.1343785632839224,0.4643101482326112,0.3299315849486887
2021-07-24,Mendocino,045,87422.0,95615,77,51841,44,40440,30,3323,3,5769,50,52145,53,46376,27,0.065990254169431,0.5964745716181281,0.5304843174486972
2021-07-24,Merced,047,269075.0,214747,341,124334,238,80300,93,9297,10,22114,192,120274,202,98160,143,0.082185264331506,0.4469906159992567,0.3648053516677506
2021-07-24,Modoc,049,8938.0,5771,1,812,0,4577,1,372,0,237,1,3181,1,2944,0,0.0265159991049451,0.3558961736406354,0.3293801745356903
2021-07-24,Mono,051,14174.0,15868,5,8751,3,6731,2,329,0,582,3,8344,3,7762,1,0.0410610977846761,0.5886835050091718,0.5476224072244955
2021-07-24,Monterey,053,433212.0,483189,591,227429,442,233885,144,21238,5,27252,323,264747,328,237495,265,0.0629068446857427,0.6111257305891804,0.5482188859034376
2021-07-24,Napa,055,140530.0,182561,105,95136,94,82138,8,5275,3,10299,58,98829,61,88530,45,0.0732868426670461,0.7032590905856401,0.6299722479185939
2021-07-24,Nevada,057,99092.0,105325,62,56073,37,46373,21,2835,4,5918,38,56818,42,50900,24,0.0597222782868445,0.573386348040205,0.5136640697533605
2021-07-24,Orange,059,3164182.0,3723135,4855,2105571,3423,1499729,1288,116676,143,173659,2705,1999132,2848,1825473,2111,0.0548827469469202,0.6318005727862683,0.576917825839348
2021-07-24,Placer,061,380077.0,423275,400,241576,285,170839,97,10846,18,18278,234,225762,252,207484,165,0.0480902553956172,0.5939901651507458,0.5458999097551286
2021-07-24,Plumas,063,18699.0,16967,3,2059,0,13814,3,1052,0,710,2,9287,2,8577,1,0.0379699449168404,0.4966575752714048,0.4586876303545644
2021-07-24,Riverside,065,2383286.0,2211419,3924,1255318,3023,889339,823,65748,77,142664,2293,1206058,2371,1063394,1598,0.0598602098111598,0.506048371869763,0.4461881620586031
2021-07-24,Sacramento,067,1510023.0,1605512,2366,896050,1618,664011,673,45252,73,81345,1324,863573,1396,782228,1024,0.0538700403901132,0.5718939380393544,0.5180238976492411
2021-07-24,San Benito,069,59416.0,67555,105,37204,81,27204,19,3042,5,4103,55,37071,60,32968,50,0.0690554732731924,0.6239228490642251,0.5548673757910327
2021-07-24,San Bernardino,071,2135413.0,1832528,3590,1071683,2716,702811,791,57814,82,116206,2110,1000549,2192,884343,1460,0.0544185129527637,0.4685505801453864,0.4141320671926227
2021-07-24,San Diego,073,3302833.0,4043651,4887,2172325,3523,1717398,1154,152889,208,252154,2718,2233805,3034,1981651,2119,0.0763447622086856,0.6763299870141785,0.5999852248054928
2021-07-24,San Francisco,075,870044.0,1257052,819,803519,693,401283,82,51922,44,38381,349,671794,391,633413,430,0.0441138609081839,0.7721379608387622,0.7280240999305783
2021-07-24,San Joaquin,077,732212.0,713235,1039,401548,756,287763,266,23878,17,54828,595,389863,611,335035,434,0.074879952800555,0.5324455212424817,0.4575655684419266
2021-07-24,San Luis Obispo,079,281455.0,300725,325,153198,217,136129,92,11270,16,15994,168,163428,184,147434,152,0.056826135616706,0.5806541010108188,0.5238279653941127
2021-07-24,San Mateo,081,765935.0,1069652,974,657495,813,373531,117,38163,41,40024,455,572032,495,532008,488,0.0522550869199083,0.7468414421589299,0.6945863552390216
2021-07-24,Santa Barbara,083,443738.0,495706,513,286908,380,186744,113,21717,19,29543,297,272617,315,243074,209,0.0665775750555508,0.614364782822296,0.5477872077667453
2021-07-24,Santa Clara,085,1922200.0,2724332,2364,1749876,1816,870892,443,99897,104,82398,1094,1446571,1198,1364173,1226,0.04286650712725,0.7525600873998544,0.7096935802726043
2021-07-24,Santa Cruz,087,273765.0,342938,252,164782,165,168912,82,9202,5,13802,154,182370,158,168568,95,0.0504155023469033,0.6661552791627856,0.6157397768158822
2021-07-24,Shasta,089,179085.0,124485,143,55325,85,62827,53,6287,5,10060,76,70226,81,60166,66,0.0561744423039338,0.392137811653684,0.3359633693497501
2021-07-24,Sierra,091,2930.0,2714,0,213,0,2461,0,39,0,55,0,1396,0,1341,0,0.0187713310580204,0.4764505119453925,0.457679180887372
2021-07-24,Siskiyou,093,43540.0,33961,20,13792,12,19142,7,992,1,2254,14,18541,15,16287,6,0.0517684887459807,0.4258383096003675,0.3740698208543868
2021-07-24,Solano,095,438530.0,476703,419,258251,330,205527,80,12885,9,37137,261,262733,269,225596,155,0.0846851982760586,0.5991220669053429,0.5144368686292842
2021-07-24,Sonoma,097,501317.0,636876,700,348856,566,267737,95,20228,39,27952,417,341347,455,313395,274,0.0557571357045542,0.6809005080617653,0.6251433723572111
2021-07-24,Stanislaus,099,539301.0,475871,751,267299,555,191722,169,16552,27,38158,452,261020,479,222862,296,0.0707545507981628,0.4839968774395004,0.4132423266413376
2021-07-24,Sutter,101,95872.0,84358,141,34007,106,46417,30,3928,4,5363,84,46565,88,41202,53,0.0559391688918558,0.4856996829105474,0.4297605140186916
2021-07-24,Tehama,103,63373.0,40202,24,14589,9,24089,15,1516,0,2050,18,21830,18,19780,5,0.0323481608887065,0.3444684644880312,0.3121203035993246
2021-07-24,Trinity,105,12862.0,9435,16,1680,11,7154,0,596,5,604,9,5308,14,4704,7,0.0469600373192349,0.4126885398849323,0.3657285025656974
2021-07-24,Tulare,107,460477.0,356225,565,206641,409,138833,137,10680,19,24710,346,195204,365,170494,217,0.0536617464064437,0.4239169383052791,0.3702551918988353
2021-07-24,Tuolumne,109,53932.0,47984,32,12823,6,34207,26,949,0,2227,22,25131,22,22904,10,0.0412927390046725,0.4659756730697916,0.424682934065119
2021-07-24,Ventura,111,848112.0,980119,1073,515861,806,429423,239,34460,28,45725,607,528561,635,482836,457,0.053913869866244,0.6232207538626974,0.5693068839964534
2021-07-24,Yolo,113,214977.0,250795,154,122193,98,121065,53,7504,3,12774,81,135258,84,122484,71,0.0594203100796829,0.6291742837605884,0.5697539736809054
2021-07-24,Yuba,115,75493.0,51308,122,18795,81,29297,32,3200,9,3270,75,28794,84,25524,48,0.043315274263839,0.3814128462241532,0.3380975719603142
2021-07-23,Alameda,001,1643700.0,2173453,3421,1370932,2690,693924,579,107883,149,77325,1633,1175520,1777,1098195,1714,0.0470432560686256,0.7151670012776054,0.6681237452089798
2021-07-23,Alpine,003,1148.0,1471,0,40,0,1425,0,6,0,86,0,776,0,690,0,0.0749128919860627,0.6759581881533101,0.6010452961672473
2021-07-23,Amador,005,37829.0,35942,45,9505,23,25226,17,1210,5,2704,24,19473,29,16769,20,0.0714795527241005,0.5147638055460096,0.4432842528219091
2021-07-23,Butte,007,227075.0,181124,359,86007,217,87870,115,7226,27,9534,201,98637,228,89103,155,0.0419861279313002,0.4343807112187603,0.3923945832874601
2021-07-23,Calaveras,009,45235.0,41130,81,17046,50,22959,26,1123,5,2149,49,21780,54,19631,32,0.0475074610368077,0.4814855753288383,0.4339781142920305
2021-07-23,Colusa,011,21464.0,19193,69,4417,42,13836,27,936,0,1214,35,10638,35,9424,34,0.0565598210957883,0.4956205739843459,0.4390607528885575
2021-07-23,Contra Costa,013,1133247.0,1509108,2329,1004547,1920,455467,301,48762,107,46129,1273,800317,1376,754188,1034,0.0407051595989223,0.7062158558549019,0.6655106962559795
2021-07-23,Del Norte,015,27424.0,19130,30,6774,15,11339,11,980,4,1125,17,10539,21,9414,12,0.0410224620770128,0.3842984247374562,0.3432759626604434
2021-07-23,El Dorado,017,186661.0,192307,315,90811,208,94266,89,7207,18,9428,178,104174,195,94746,133,0.0505086761562404,0.558091942076813,0.5075832659205726
2021-07-23,Fresno,019,978130.0,892485,2338,467209,1705,391555,551,33270,81,58033,1349,489575,1430,431542,972,0.059330559332604,0.5005214030854794,0.4411908437528754
2021-07-23,Glenn,021,27897.0,22395,63,8779,45,12403,14,1193,4,1008,42,12253,46,11245,21,0.0361329175180126,0.439222855504176,0.4030899379861634
2021-07-23,Humboldt,023,135768.0,141635,291,70370,174,64290,87,6852,29,6713,153,77261,181,70548,135,0.0494446408579341,0.5690663484768134,0.5196217076188793
2021-07-23,Imperial,025,180216.0,227053,855,110603,598,101524,239,14891,18,23712,407,132232,424,108520,442,0.1315754428019709,0.7337417321436498,0.6021662893416789
2021-07-23,Inyo,027,18085.0,18125,34,6618,17,10799,16,555,1,718,15,9605,16,8887,19,0.0397014100082941,0.5311031241360243,0.4914017141277301
2021-07-23,Kern,029,883053.0,667887,1865,340779,1140,296317,658,30589,67,46171,1062,370822,1127,324651,790,0.0522856498987037,0.4199317594753656,0.3676461095766619
2021-07-23,Kings,031,150075.0,93536,246,42355,144,46376,99,4770,3,7025,161,52540,164,45515,83,0.0468099283691487,0.3500916208562386,0.3032816924870898
2021-07-23,Lake,033,64148.0,53875,185,16197,89,35157,80,2518,16,3200,104,29708,120,26508,81,0.0498846417659163,0.4631165429943256,0.4132319012284093
2021-07-23,Lassen,035,31185.0,12076,21,1620,4,9418,16,1024,1,625,11,6832,12,6207,10,0.0200416867083533,0.2190796857463524,0.199037999037999
2021-07-23,Los Angeles,037,10098052.0,11426384,25729,6224968,18278,4747031,6200,450431,1243,662291,13869,6245745,15090,5583454,11594,0.0655860159959564,0.618509886857386,0.5529238708614295
2021-07-23,Madera,039,155013.0,124206,241,63094,181,55929,45,5102,14,7376,142,67966,156,60590,97,0.0475831059330507,0.4384535490571759,0.390870443124125
2021-07-23,Marin,041,260295.0,385963,308,243438,237,130576,53,11930,18,12326,152,204612,169,192286,147,0.0473539637718742,0.7860773353310667,0.7387233715591924
2021-07-23,Mariposa,043,17540.0,13510,10,2726,8,10225,2,537,0,2349,5,8135,5,5786,5,0.1339224629418472,0.4637970353477765,0.3298745724059293
2021-07-23,Mendocino,045,87422.0,95538,299,51797,202,40410,75,3320,22,5743,181,52092,203,46349,117,0.0656928461943218,0.5958683168996363,0.5301754707053145
2021-07-23,Merced,047,269075.0,214406,636,124096,462,80207,142,9287,27,22055,358,120072,383,98017,271,0.0819659946111679,0.4462398959397937,0.3642739013286258
2021-07-23,Modoc,049,8938.0,5770,7,812,2,4576,5,372,0,236,5,3180,5,2944,2,0.0264041172521816,0.355784291787872,0.3293801745356903
2021-07-23,Mono,051,14174.0,15863,27,8748,17,6729,8,329,2,580,19,8341,21,7761,8,0.0409199943558628,0.5884718498659517,0.5475518555100889
2021-07-23,Monterey,053,433212.0,482598,1191,226987,715,233741,405,21233,70,27189,604,264419,674,237230,580,0.0627614193512645,0.6103685955144363,0.5476071761631719
2021-07-23,Napa,055,140530.0,182456,215,95042,155,82130,49,5272,11,10283,137,98768,148,88485,76,0.073172987974098,0.7028250195687753,0.6296520315946773
2021-07-23,Nevada,057,99092.0,105263,204,56036,135,46352,52,2831,17,5900,104,56776,121,50876,97,0.0595406289105074,0.5729624994954184,0.513421870584911
2021-07-23,Orange,059,3164182.0,3718280,7643,2102148,5579,1498441,1757,116533,305,172922,4065,1996284,4363,1823362,3501,0.0546498273487429,0.6309004981382234,0.5762506707894806
2021-07-23,Placer,061,380077.0,422875,855,241291,609,170742,205,10828,41,18191,467,225510,508,207319,381,0.0478613544097643,0.5933271416055168,0.5454657871957524
2021-07-23,Plumas,063,18699.0,16964,13,2059,8,13811,5,1052,0,709,7,9285,7,8576,6,0.0379164661211829,0.4965506176800898,0.4586341515589069
2021-07-23,Riverside,065,2383286.0,2207495,6869,1252295,5192,888516,1508,65671,167,141891,4021,1203687,4187,1061796,2809,0.0595358677053446,0.5050535269371783,0.4455176592318337
2021-07-23,Sacramento,067,1510023.0,1603146,3774,894432,2656,663338,986,45179,132,80973,2081,862177,2210,781204,1645,0.053623686526629,0.5709694488097201,0.517345762283091
2021-07-23,San Benito,069,59416.0,67450,142,37123,96,27185,40,3037,6,4093,77,37011,83,32918,63,0.0688871684394775,0.6229130200619362,0.5540258516224585
2021-07-23,San Bernardino,071,2135413.0,1828938,5743,1068967,4235,702020,1350,57732,158,115474,3291,998357,3448,882883,2420,0.0540757221202643,0.4675240808218363,0.413448358701572
2021-07-23,San Diego,073,3302833.0,4038764,7907,2168802,5730,1716244,1814,152681,360,251239,4128,2230771,4694,1979532,3694,0.0760677273116745,0.6754113816835425,0.599343654371868
2021-07-23,San Francisco,075,870044.0,1256233,1235,802826,972,401201,190,51878,72,38420,572,671403,643,632983,618,0.0441586862273632,0.7716885582798111,0.7275298720524479
2021-07-23,San Joaquin,077,732212.0,712196,1818,400792,1298,287497,484,23861,36,54651,1026,389252,1062,334601,786,0.074638219532048,0.5316110634624944,0.4569728439304463
2021-07-23,San Luis Obispo,079,281455.0,300400,473,152981,283,136037,174,11254,16,15962,256,163244,272,147282,212,0.0567124407098825,0.5800003552965838,0.5232879145867012
2021-07-23,San Mateo,081,765935.0,1068678,1074,656682,859,373414,167,38122,48,40017,551,571537,599,531520,490,0.0522459477631913,0.7461951732196597,0.6939492254564682
2021-07-23,Santa Barbara,083,443738.0,495193,983,286528,597,186631,263,21698,122,29437,499,272302,621,242865,477,0.0663386953562688,0.6136549044706561,0.5473162091143873
2021-07-23,Santa Clara,085,1922200.0,2721968,3430,1748060,2669,870449,662,99793,98,82426,1710,1445373,1805,1362947,1637,0.0428810737696389,0.7519368432004995,0.7090557694308605
2021-07-23,Santa Cruz,087,273765.0,342686,517,164617,321,168830,166,9197,30,13739,291,182212,320,168473,223,0.0501853779701568,0.6655781418369769,0.6153927638668201
2021-07-23,Shasta,089,179085.0,124342,286,55240,176,62774,89,6282,21,10045,139,70145,160,60100,144,0.0560906831951308,0.3916855124661473,0.3355948292710166
2021-07-23,Sierra,091,2930.0,2714,3,213,0,2461,3,39,0,55,0,1396,0,1341,3,0.0187713310580204,0.4764505119453925,0.457679180887372
2021-07-23,Siskiyou,093,43540.0,33941,67,13780,44,19135,23,991,0,2245,33,18526,33,16281,33,0.0515617822691777,0.4254937988056959,0.3739320165365181
2021-07-23,Solano,095,438530.0,476284,959,257921,712,205447,224,12876,23,37023,539,262464,562,225441,416,0.0844252388662121,0.5985086539119331,0.514083415045721
2021-07-23,Sonoma,097,501317.0,636176,943,348290,683,267642,194,20189,66,27771,481,340892,547,313121,448,0.0553960867076121,0.6799928987048115,0.6245968119971994
2021-07-23,Stanislaus,099,539301.0,475120,1147,266744,746,191553,376,16525,24,37975,692,260541,714,222566,442,0.0704152226678608,0.4831086906940651,0.4126934680262042
2021-07-23,Sutter,101,95872.0,84217,244,33901,151,46387,80,3924,13,5328,129,46477,142,41149,112,0.0555740987983978,0.4847817923898531,0.4292076935914553
2021-07-23,Tehama,103,63373.0,40178,102,14580,44,24074,53,1516,5,2037,66,21812,71,19775,35,0.0321430262099001,0.3441844318558376,0.3120414056459375
2021-07-23,Trinity,105,12862.0,9419,22,1669,17,7154,2,591,3,597,15,5294,18,4697,7,0.0464157984761312,0.4116000621987249,0.3651842637225936
2021-07-23,Tulare,107,460477.0,355660,1130,206232,794,138696,301,10661,34,24562,627,194839,660,170277,494,0.0533403405598976,0.4231242819945404,0.3697839414346427
2021-07-23,Tuolumne,109,53932.0,47952,104,12817,60,34181,38,949,6,2215,59,25109,65,22894,43,0.0410702365942297,0.4655677519839798,0.42449751538975
2021-07-23,Ventura,111,848112.0,979046,1954,515055,1315,429184,541,34432,97,45547,965,527926,1060,482379,974,0.0537039919255947,0.6224720319957742,0.5687680400701794
2021-07-23,Yolo,113,214977.0,250641,375,122095,258,121012,107,7501,9,12761,217,135174,226,122413,152,0.0593598384943505,0.6287835442861329,0.5694237057917824
2021-07-23,Yuba,115,75493.0,51186,145,18714,71,29265,69,3191,5,3234,83,28710,88,25476,62,0.0428384088590995,0.380300160279761,0.3374617514206615
2021-07-22,Alameda,001,1643700.0,2170032,2566,1368242,2012,693345,423,107734,130,77262,1293,1173743,1421,1096481,1207,0.0470049279065522,0.7140859037537264,0.6670809758471741
2021-07-22,Alpine,003,1148.0,1471,0,40,0,1425,0,6,0,86,0,776,0,690,0,0.0749128919860627,0.6759581881533101,0.6010452961672473
2021-07-22,Amador,005,37829.0,35897,49,9482,20,25209,21,1205,8,2695,27,19444,35,16749,22,0.0712416400116312,0.513997197916942,0.4427555579053107
2021-07-22,Butte,007,227075.0,180765,300,85790,191,87755,92,7199,17,9461,169,98409,186,88948,126,0.0416646482439722,0.4333766376747771,0.3917119894308048
2021-07-22,Calaveras,009,45235.0,41049,63,16996,23,22933,30,1118,10,2127,29,21726,38,19599,31,0.047021111970819,0.4802918094395932,0.4332706974687741
2021-07-22,Colusa,011,21464.0,19124,36,4375,20,13809,12,936,4,1213,17,10603,21,9390,19,0.0565132314573238,0.4939899366380917,0.4374767051807678
2021-07-22,Contra Costa,013,1133247.0,1506779,2022,1002627,1698,455166,245,48655,79,45787,1132,798941,1210,753154,869,0.0404033719039185,0.7050016457135999,0.6645982738096814
2021-07-22,Del Norte,015,27424.0,19100,37,6759,26,11328,7,976,4,1116,14,10518,18,9402,23,0.0406942823803967,0.3835326721120187,0.3428383897316219
2021-07-22,El Dorado,017,186661.0,191992,274,90603,179,94177,82,7189,13,9366,164,103979,177,94613,109,0.0501765232158833,0.557047267506335,0.5068707442904516
2021-07-22,Fresno,019,978130.0,890147,1884,465504,1350,391004,470,33189,64,57575,1094,488145,1155,430570,756,0.0588623189146636,0.4990594297281547,0.440197110813491
2021-07-22,Glenn,021,27897.0,22332,39,8734,32,12389,4,1189,3,983,19,12207,22,11224,20,0.0352367638097286,0.4375739326809334,0.4023371688712048
2021-07-22,Humboldt,023,135768.0,141344,211,70196,117,64203,72,6823,21,6667,97,77080,118,70413,111,0.0491058275882387,0.5677331919156208,0.518627364327382
2021-07-22,Imperial,025,180216.0,226198,783,110005,542,101285,219,14873,22,23730,342,131808,364,108078,429,0.1316753229457983,0.7313889998668265,0.5997136769210281
2021-07-22,Inyo,027,18085.0,18091,17,6601,13,10783,4,554,0,721,9,9589,9,8868,8,0.0398672933370196,0.5302184130494886,0.4903511197124689
2021-07-22,Kern,029,883053.0,666022,1607,339639,1062,295659,486,30522,58,45834,929,369695,985,323861,672,0.0519040193510468,0.4186555053886913,0.3667514860376444
2021-07-22,Kings,031,150075.0,93290,296,42211,194,46277,85,4767,17,6944,171,52376,187,45432,124,0.0462701982342162,0.3489988339163751,0.3027286356821589
2021-07-22,Lake,033,64148.0,53690,152,16108,71,35077,65,2502,15,3161,94,29588,109,26427,56,0.0492766726943942,0.4612458689281037,0.4119691962337095
2021-07-22,Lassen,035,31185.0,12055,34,1616,18,9402,16,1023,0,623,15,6820,15,6197,19,0.0199775533108866,0.218694885361552,0.1987173320506653
2021-07-22,Los Angeles,037,10098052.0,11400655,21561,6206690,15361,4740831,5062,449188,1127,658795,11323,6230655,12422,5571860,9967,0.0652398106090164,0.617015539234696,0.5517757286256795
2021-07-22,Madera,039,155013.0,123965,190,62913,113,55884,71,5088,6,7317,102,67810,108,60493,86,0.0472024926941611,0.4374471818492642,0.3902446891551031
2021-07-22,Marin,041,260295.0,385655,316,243201,225,130523,53,11912,38,12304,155,204443,193,192139,153,0.0472694442843696,0.7854280719952361,0.7381586277108665
2021-07-22,Mariposa,043,17540.0,13500,26,2718,16,10223,9,537,1,2349,15,8130,16,5781,11,0.1339224629418472,0.4635119726339795,0.3295895096921322
2021-07-22,Mendocino,045,87422.0,95239,144,51595,77,40335,50,3298,17,5657,77,51889,94,46232,66,0.0647091121228066,0.5935462469401295,0.5288371348173229
2021-07-22,Merced,047,269075.0,213770,546,123634,398,80065,130,9260,17,21943,297,119689,314,97746,243,0.0815497537861191,0.4448165009755644,0.3632667471894453
2021-07-22,Modoc,049,8938.0,5763,24,810,10,4571,12,372,2,233,4,3175,6,2942,20,0.0260684716938912,0.3552248825240546,0.3291564108301633
2021-07-22,Mono,051,14174.0,15836,16,8731,5,6721,10,327,1,567,11,8320,12,7753,5,0.0400028220685762,0.5869902638634119,0.5469874417948356
2021-07-22,Monterey,053,433212.0,481407,950,226272,639,233336,300,21163,11,27095,540,263745,551,236650,405,0.0625444355188683,0.6088127752693832,0.5462683397505148
2021-07-22,Napa,055,140530.0,182241,174,94887,139,82081,22,5261,13,10211,94,98620,106,88409,77,0.0726606418558315,0.7017718636590052,0.6291112218031737
2021-07-22,Nevada,057,99092.0,105059,197,55901,137,46300,46,2814,14,5876,107,56655,121,50779,86,0.0592984297420578,0.571741412021152,0.5124429822790941
2021-07-22,Orange,059,3164182.0,3710637,6265,2096569,4641,1496684,1387,116228,232,172060,3354,1991921,3581,1819861,2836,0.0543774030697349,0.6295216267585113,0.5751442236887765
2021-07-22,Placer,061,380077.0,422020,703,240682,460,170537,204,10787,39,18064,396,225002,433,206938,302,0.0475272115913354,0.5919905703318011,0.5444633587404657
2021-07-22,Plumas,063,18699.0,16951,36,2051,26,13806,7,1052,3,708,12,9278,15,8570,24,0.0378629873255254,0.4961762661104872,0.4583132787849617
2021-07-22,Riverside,065,2383286.0,2200626,5143,1247103,3686,887008,1312,65504,136,140513,2805,1199500,2939,1058987,2274,0.0589576744041629,0.5032967088297418,0.4443390344255788
2021-07-22,Sacramento,067,1510023.0,1599372,3022,891776,2065,662352,816,45047,139,80408,1547,859967,1689,779559,1455,0.0532495200404232,0.569505894943322,0.5162563749028989
2021-07-22,San Benito,069,59416.0,67308,100,37027,76,27145,19,3031,5,4073,49,36928,54,32855,51,0.0685505587720479,0.6215160899421032,0.5529655311700552
2021-07-22,San Bernardino,071,2135413.0,1823195,4960,1064732,3704,700670,1126,57574,129,114446,2778,994909,2908,880463,2144,0.0535943164156067,0.4659094048785879,0.4123150884629811
2021-07-22,San Diego,073,3302833.0,4030857,6932,2163072,4981,1714430,1603,152321,348,250239,3496,2226077,4029,1975838,3361,0.0757649569324274,0.6739901775233564,0.5982252205909291
2021-07-22,San Francisco,075,870044.0,1254998,1115,801854,887,401011,162,51806,65,38395,525,670760,586,632365,543,0.0441299520484021,0.7709495151969326,0.7268195631485305
2021-07-22,San Joaquin,077,732212.0,710378,1764,399494,1296,287013,425,23825,43,54375,1002,388190,1046,333815,754,0.0742612795201389,0.5301606638514529,0.4558993843313139
2021-07-22,San Luis Obispo,079,281455.0,299927,364,152698,163,135863,181,11238,20,15902,180,162972,200,147070,180,0.0564992627595885,0.5790339485885844,0.5225346858289958
2021-07-22,San Mateo,081,765935.0,1067604,1171,655823,914,373247,180,38074,74,39908,529,570938,602,531030,616,0.0521036380371702,0.7454131225234517,0.6933094844862815
2021-07-22,Santa Barbara,083,443738.0,494210,989,285931,782,186368,165,21576,42,29293,482,271681,523,242388,498,0.0660141795383762,0.6122554300059946,0.5462412504676183
2021-07-22,Santa Clara,085,1922200.0,2718538,2799,1745391,2149,869787,532,99695,117,82258,1329,1443568,1446,1361310,1427,0.0427936739153053,0.7509978150036417,0.7082041410883363
2021-07-22,Santa Cruz,087,273765.0,342169,443,164296,302,168664,93,9167,47,13642,218,181892,265,168250,223,0.049831059485325,0.6644092561138203,0.6145781966284952
2021-07-22,Shasta,089,179085.0,124056,225,55064,134,62685,78,6261,13,10029,129,69985,142,59956,94,0.0560013401457408,0.3907920819722478,0.334790741826507
2021-07-22,Sierra,091,2930.0,2711,10,213,5,2458,5,39,0,58,9,1396,9,1338,1,0.0197952218430034,0.4764505119453925,0.4566552901023891
2021-07-22,Siskiyou,093,43540.0,33874,75,13736,47,19112,25,991,3,2245,45,18493,48,16248,29,0.0515617822691777,0.4247358750574184,0.3731740927882407
2021-07-22,Solano,095,438530.0,475325,767,257209,599,205223,120,12853,48,36877,386,261902,434,225025,379,0.0840923083939525,0.5972270996283037,0.5131347912343511
2021-07-22,Sonoma,097,501317.0,635233,1033,347607,818,267448,160,20123,55,27672,506,340345,561,312673,522,0.0551986068695057,0.6789017727306276,0.6237031658611218
2021-07-22,Stanislaus,099,539301.0,473973,1217,265998,858,191177,314,16501,45,37703,655,259827,698,222124,549,0.0699108661026031,0.4817847547102638,0.4118738886076606
2021-07-22,Sutter,101,95872.0,83973,196,33750,126,46307,65,3911,5,5298,110,46335,115,41037,84,0.0552611815754339,0.4833006508678237,0.4280394692923898
2021-07-22,Tehama,103,63373.0,40076,96,14536,52,24021,36,1511,8,2001,55,21741,63,19740,40,0.031574960945513,0.343064080917741,0.3114891199722279
2021-07-22,Trinity,105,12862.0,9397,21,1652,12,7152,7,588,2,586,9,5276,11,4690,12,0.0455605660083968,0.4102005908878868,0.36464002487949
2021-07-22,Tulare,107,460477.0,354530,899,205438,671,138395,210,10627,16,24396,503,194179,518,169783,388,0.0529798448130959,0.4216909856518349,0.3687111408387389
2021-07-22,Tuolumne,109,53932.0,47848,55,12757,13,34143,33,943,9,2193,32,25044,41,22851,23,0.040662315508418,0.4643625305940814,0.4237002150856634
2021-07-22,Ventura,111,848112.0,977092,1608,513740,1169,428643,370,34335,69,45461,857,526866,924,481405,736,0.0536025902239326,0.6212221970683117,0.5676196068443791
2021-07-22,Yolo,113,214977.0,250266,309,121837,210,120905,89,7492,10,12687,166,134948,176,122261,141,0.0590156156239969,0.6277322690334315,0.5687166534094344
2021-07-22,Yuba,115,75493.0,51041,154,18643,90,29196,48,3186,16,3208,78,28622,94,25414,70,0.0424940060667876,0.3791344892903978,0.3366404832236101
2021-07-21,Alameda,001,1643700.0,2167466,2481,1366230,1949,692922,419,107604,111,77048,1224,1172322,1331,1095274,1193,0.0468747338322078,0.7132213907647381,0.6663466569325303
2021-07-21,Alpine,003,1148.0,1471,0,40,0,1425,0,6,0,86,0,776,0,690,0,0.0749128919860627,0.6759581881533101,0.6010452961672473
2021-07-21,Amador,005,37829.0,35848,46,9462,19,25188,21,1197,6,2682,27,19409,33,16727,18,0.0708979883158423,0.5130719818128948,0.4421739934970525
2021-07-21,Butte,007,227075.0,180465,409,85599,306,87663,85,7182,18,9401,235,98223,252,88822,169,0.0414004183639766,0.4325575250467907,0.391157106682814
2021-07-21,Calaveras,009,45235.0,40986,65,16973,32,22903,30,1108,3,2120,35,21688,40,19568,29,0.0468663645407317,0.4794517519619763,0.4325853874212446
2021-07-21,Colusa,011,21464.0,19088,57,4355,38,13797,18,932,1,1211,31,10582,32,9371,26,0.056420052180395,0.4930115542303391,0.436591502049944
2021-07-21,Contra Costa,013,1133247.0,1504757,1974,1000929,1624,454921,267,48576,83,45446,1025,797731,1108,752285,925,0.0401024666290755,0.7039339173189958,0.6638314506899202
2021-07-21,Del Norte,015,27424.0,19063,35,6733,18,11321,11,972,6,1121,17,10500,23,9379,17,0.0408766044340723,0.3828763127187864,0.3419997082847141
2021-07-21,El Dorado,017,186661.0,191718,269,90424,176,94095,81,7176,12,9298,128,103802,140,94504,140,0.0498122264425884,0.5560990244346703,0.5062867979920819
2021-07-21,Fresno,019,978130.0,888263,1958,464154,1443,390534,459,33125,55,57176,1075,486990,1129,429814,860,0.0584543976772003,0.4978786050933925,0.4394242074161921
2021-07-21,Glenn,021,27897.0,22293,89,8702,74,12385,11,1186,4,981,57,12185,61,11204,32,0.0351650715130659,0.4367853174176435,0.4016202459045775
2021-07-21,Humboldt,023,135768.0,141133,240,70079,170,64131,49,6802,21,6660,124,76962,145,70302,113,0.0490542690471981,0.5668640622237935,0.5178097931765954
2021-07-21,Imperial,025,180216.0,225415,744,109463,445,101066,282,14851,17,23795,357,131444,375,107649,375,0.1320360012429529,0.7293692014027612,0.5973332001598082
2021-07-21,Inyo,027,18085.0,18074,11,6588,4,10779,5,554,1,720,6,9580,7,8860,4,0.0398119988941111,0.5297207630633122,0.489908764169201
2021-07-21,Kern,029,883053.0,664415,1663,338577,1092,295173,509,30464,61,45521,863,368710,923,323189,784,0.0515495672400184,0.4175400570520682,0.3659904898120498
2021-07-21,Kings,031,150075.0,92994,298,42017,197,46192,85,4750,16,6881,191,52189,207,45308,105,0.0458504081292687,0.3477527902715309,0.3019023821422622
2021-07-21,Lake,033,64148.0,53538,179,16037,116,35012,54,2487,9,3108,109,29479,118,26371,69,0.0484504583151462,0.4595466733179522,0.411096215002806
2021-07-21,Lassen,035,31185.0,12021,13,1598,8,9386,5,1023,0,627,4,6805,4,6178,9,0.0201058201058201,0.2182138848805515,0.1981080647747314
2021-07-21,Los Angeles,037,10098052.0,11379094,21655,6191329,15241,4735769,5110,448061,1284,656340,10745,6218233,12006,5561893,10654,0.0649966944119519,0.6157854009862497,0.5507887065742977
2021-07-21,Madera,039,155013.0,123775,279,62800,182,55813,77,5082,20,7295,143,67702,163,60407,134,0.0470605691135582,0.4367504660899408,0.3896898969763826
2021-07-21,Marin,041,260295.0,385339,243,242976,193,130470,38,11874,12,12264,130,204250,141,191986,111,0.0471157724889068,0.784686605582128,0.7375708330932211
2021-07-21,Mariposa,043,17540.0,13474,21,2702,12,10214,7,536,2,2344,14,8114,16,5770,5,0.1336374002280501,0.462599771949829,0.3289623717217788
2021-07-21,Mendocino,045,87422.0,95095,124,51518,79,40285,43,3281,2,5629,62,51795,64,46166,60,0.0643888266111505,0.5924710027224268,0.5280821761112764
2021-07-21,Merced,047,269075.0,213224,614,123236,404,79935,193,9243,17,21872,316,119375,333,97503,292,0.0812858868345256,0.4436495400910527,0.362363653256527
2021-07-21,Modoc,049,8938.0,5739,2,800,0,4559,2,370,0,247,0,3169,0,2922,2,0.0276348176325799,0.3545535914074737,0.3269187737748937
2021-07-21,Mono,051,14174.0,15820,4,8726,2,6711,2,326,0,560,3,8308,3,7748,1,0.0395089600677296,0.5861436432905319,0.5466346832228023
2021-07-21,Monterey,053,433212.0,480457,950,225633,692,233036,236,21152,20,26949,514,263194,534,236245,427,0.0622074180770615,0.6075408806773589,0.5453334626002974
2021-07-21,Napa,055,140530.0,182067,152,94748,112,82059,31,5248,9,10182,79,98514,88,88332,73,0.072454280224863,0.7010175763182238,0.6285632960933608
2021-07-21,Nevada,057,99092.0,104862,135,55764,94,46254,36,2800,3,5841,80,56534,83,50693,48,0.0589452226214023,0.5705203245468857,0.5115751019254834
2021-07-21,Orange,059,3164182.0,3704372,5965,2091928,4423,1495297,1330,115996,210,171315,3228,1988340,3435,1817025,2668,0.0541419551719844,0.6283898966620757,0.5742479414900913
2021-07-21,Placer,061,380077.0,421317,643,240222,454,170333,152,10748,37,17933,314,224569,349,206636,321,0.0471825445896489,0.5908513274941657,0.5436687829045167
2021-07-21,Plumas,063,18699.0,16915,20,2025,14,13799,1,1049,5,717,13,9263,18,8546,7,0.0383442964864431,0.4953740841756243,0.4570297876891812
2021-07-21,Riverside,065,2383286.0,2195483,5140,1243417,3745,885696,1184,65368,207,139848,2616,1196561,2819,1056713,2484,0.0586786478836362,0.5020635374856396,0.4433848896020033
2021-07-21,Sacramento,067,1510023.0,1596350,3245,889711,2236,661536,843,44908,166,80174,1571,858278,1734,778104,1659,0.0530945555133928,0.5683873689341156,0.5152928134207228
2021-07-21,San Benito,069,59416.0,67208,167,36951,132,27126,34,3026,1,4070,90,36874,91,32804,77,0.0685000673219334,0.6206072438400431,0.5521071765181096
2021-07-21,San Bernardino,071,2135413.0,1818235,4782,1061028,3554,699544,1080,57445,146,113682,2509,992001,2652,878319,2239,0.0532365401915226,0.4645476074183308,0.4113110672268081
2021-07-21,San Diego,073,3302833.0,4023925,7162,2158091,5244,1712827,1519,151973,398,249571,3271,2222048,3873,1972477,3818,0.0755627063190903,0.6727703156653697,0.5972076093462794
2021-07-21,San Francisco,075,870044.0,1253883,1171,800967,961,400849,145,51741,61,38352,575,670174,632,631822,547,0.0440805292605891,0.7702759860420852,0.7261954567814961
2021-07-21,San Joaquin,077,732212.0,708614,1585,398198,1161,286588,397,23782,27,54083,866,387144,892,333061,706,0.0738624879133365,0.5287321158353046,0.4548696279219679
2021-07-21,San Luis Obispo,079,281455.0,299563,396,152535,210,135682,151,11218,35,15882,212,162772,247,146890,177,0.0564282034428239,0.5783233554209376,0.5218951519781138
2021-07-21,San Mateo,081,765935.0,1066433,1169,654909,936,373067,167,38000,64,39922,587,570336,651,530414,549,0.0521219163506041,0.7446271550457937,0.6925052386951895
2021-07-21,Santa Barbara,083,443738.0,493221,746,285149,581,186203,149,21534,16,29268,412,271158,426,241890,323,0.0659578399866588,0.6110768065840654,0.5451189665974066
2021-07-21,Santa Clara,085,1922200.0,2715739,3063,1743242,2423,869255,519,99578,116,82239,1408,1442122,1525,1359883,1602,0.04278378940797,0.7502455519716991,0.7074617625637291
2021-07-21,Santa Cruz,087,273765.0,341726,372,163994,264,168571,95,9120,13,13600,199,181627,212,168027,168,0.0496776432341606,0.6634412726243311,0.6137636293901704
2021-07-21,Shasta,089,179085.0,123831,189,54930,113,62607,63,6248,13,9981,110,69843,123,59862,78,0.0557333109975709,0.3899991624089119,0.3342658514113409
2021-07-21,Sierra,091,2930.0,2701,1,208,1,2453,0,39,0,50,0,1387,0,1337,1,0.0170648464163822,0.4733788395904437,0.4563139931740614
2021-07-21,Siskiyou,093,43540.0,33799,33,13689,18,19087,15,988,0,2226,23,18445,23,16219,10,0.0511254019292604,0.4236334405144694,0.372508038585209
2021-07-21,Solano,095,438530.0,474558,834,256610,604,205103,203,12805,27,36822,424,261468,451,224646,406,0.08396688938043,0.5962374295943265,0.5122705402138964
2021-07-21,Sonoma,097,501317.0,634200,826,346789,679,267288,113,20068,34,27633,411,339784,444,312151,402,0.0551208117817668,0.6777827203146911,0.6226619085329242
2021-07-21,Stanislaus,099,539301.0,472756,1206,265140,853,190863,316,16456,36,37554,647,259129,682,221575,549,0.0696345825429583,0.480490486759713,0.4108559042167546
2021-07-21,Sutter,101,95872.0,83777,214,33624,117,46242,80,3906,17,5267,103,46220,119,40953,108,0.0549378337783711,0.4821011348464619,0.4271633010680908
2021-07-21,Tehama,103,63373.0,39980,115,14484,84,23985,30,1503,1,1978,66,21678,67,19700,49,0.0312120303599324,0.3420699667050637,0.3108579363451312
2021-07-21,Trinity,105,12862.0,9376,14,1640,9,7145,4,586,1,587,6,5265,7,4678,7,0.0456383144145545,0.4093453584201524,0.3637070440055979
2021-07-21,Tulare,107,460477.0,353631,822,204767,581,138185,219,10611,22,24266,424,193661,446,169395,395,0.0526975288668055,0.4205660651889236,0.3678685363221181
2021-07-21,Tuolumne,109,53932.0,47793,67,12744,14,34110,49,934,4,2175,40,25003,44,22828,27,0.0403285618927538,0.4636023140250686,0.4232737521323148
2021-07-21,Ventura,111,848112.0,975484,1602,512571,1184,428273,342,34266,75,45273,778,525942,852,480669,801,0.0533809213877412,0.6201327183202219,0.5667517969324806
2021-07-21,Yolo,113,214977.0,249957,364,121627,200,120816,129,7482,35,12652,163,134772,197,122120,197,0.0588528075096405,0.6269135768012392,0.5680607692915987
2021-07-21,Yuba,115,75493.0,50887,163,18553,77,29148,57,3170,29,3184,77,28528,105,25344,86,0.0421760957969613,0.3778893407335779,0.3357132449366166
2021-07-20,Alameda,001,1643700.0,2164985,2661,1364281,2118,692503,424,107493,117,76910,1308,1170991,1421,1094081,1308,0.0467907769057613,0.7124116322929975,0.6656208553872361
2021-07-20,Alpine,003,1148.0,1471,1,40,0,1425,1,6,0,86,1,776,1,690,0,0.0749128919860627,0.6759581881533101,0.6010452961672473
2021-07-20,Amador,005,37829.0,35802,68,9443,35,25167,19,1191,14,2667,31,19376,45,16709,37,0.0705014671283935,0.5121996352005076,0.441698168072114
2021-07-20,Butte,007,227075.0,180056,460,85293,343,87578,94,7164,23,9318,205,97971,228,88653,256,0.041034900363316,0.4314477595508092,0.3904128591874931
2021-07-20,Calaveras,009,45235.0,40921,56,16941,33,22873,20,1105,3,2109,29,21648,32,19539,27,0.0466231900077373,0.4785674809329059,0.4319442909251685
2021-07-20,Colusa,011,21464.0,19031,37,4317,15,13779,21,931,1,1205,21,10550,22,9345,16,0.0561405143496086,0.4915206857994782,0.4353801714498695
2021-07-20,Contra Costa,013,1133247.0,1502783,2080,999305,1759,454654,233,48493,87,45263,1029,796623,1117,751360,1034,0.0399409837396437,0.7029561957807963,0.6630152120411525
2021-07-20,Del Norte,015,27424.0,19028,36,6715,25,11310,6,966,5,1115,14,10477,20,9362,22,0.0406578179696616,0.3820376312718786,0.341379813302217
2021-07-20,El Dorado,017,186661.0,191449,308,90248,193,94014,100,7164,15,9298,170,103662,185,94364,133,0.0498122264425884,0.555349001666122,0.5055367752235336
2021-07-20,Fresno,019,978130.0,886305,1807,462711,1260,390075,494,33070,53,56907,946,485861,999,428954,848,0.0581793831085847,0.4967243617923997,0.438544978683815
2021-07-20,Glenn,021,27897.0,22204,38,8628,32,12374,4,1182,2,952,23,12124,25,11172,15,0.0341255332114564,0.4345987023694304,0.400473169157974
2021-07-20,Humboldt,023,135768.0,140893,276,69909,154,64082,78,6781,44,6628,115,76817,159,70189,158,0.048818572859584,0.5657960638736669,0.5169774910140829
2021-07-20,Imperial,025,180216.0,224671,884,109018,636,100784,213,14834,35,23795,398,131069,433,107274,474,0.1320360012429529,0.7272883650730235,0.5952523638300706
2021-07-20,Inyo,027,18085.0,18063,23,6584,17,10774,6,553,0,717,15,9573,15,8856,8,0.0396461155653856,0.5293337019629527,0.489687586397567
2021-07-20,Kern,029,883053.0,662752,1653,337485,935,294664,659,30403,59,45382,958,367787,1017,322405,681,0.0513921587945457,0.4164948196767351,0.3651026608821894
2021-07-20,Kings,031,150075.0,92696,220,41820,152,46107,65,4734,3,6779,132,51982,135,45203,88,0.0451707479593536,0.3463734799267033,0.3012027319673496
2021-07-20,Lake,033,64148.0,53359,117,15921,49,34958,59,2478,9,3059,58,29361,67,26302,59,0.0476865997381056,0.457707177152834,0.4100205774147284
2021-07-20,Lassen,035,31185.0,12008,17,1590,0,9381,13,1023,4,632,5,6801,9,6169,12,0.0202661535994869,0.218085618085618,0.1978194644861311
2021-07-20,Los Angeles,037,10098052.0,11357439,21379,6176088,14751,4730659,5801,446777,814,654988,10890,6206227,11685,5551239,10286,0.0648628072028149,0.6145964588021531,0.5497336515993382
2021-07-20,Madera,039,155013.0,123496,265,62618,184,55736,63,5062,18,7266,132,67539,149,60273,130,0.0468734880300361,0.4356989413791101,0.3888254533490739
2021-07-20,Marin,041,260295.0,385096,378,242783,288,130432,55,11862,35,12234,168,204109,202,191875,200,0.0470005186423096,0.7841449125031215,0.7371443938608118
2021-07-20,Mariposa,043,17540.0,13453,16,2690,6,10207,8,534,2,2333,7,8098,9,5765,8,0.1330102622576967,0.4616875712656784,0.3286773090079817
2021-07-20,Mendocino,045,87422.0,94971,200,51439,131,40242,62,3279,7,5625,122,51731,130,46106,76,0.0643430715380567,0.5917389215529272,0.5273958500148704
2021-07-20,Merced,047,269075.0,212610,545,122832,425,79742,112,9226,8,21831,263,119042,271,97211,278,0.0811335129610703,0.4424119669237201,0.3612784539626498
2021-07-20,Modoc,049,8938.0,5737,22,800,12,4557,9,370,1,249,13,3169,14,2920,9,0.0278585813381069,0.3545535914074737,0.3266950100693667
2021-07-20,Mono,051,14174.0,15816,13,8724,4,6709,8,326,1,558,4,8305,5,7747,9,0.0393678566389163,0.585931988147312,0.5465641315083957
2021-07-20,Monterey,053,433212.0,479507,799,224941,522,232800,241,21132,36,26842,395,262660,431,235818,401,0.0619604258423127,0.6063082278422574,0.5443478019999446
2021-07-20,Napa,055,140530.0,181915,378,94636,308,82028,52,5239,18,10167,233,98426,251,88259,141,0.0723475414502241,0.7003913755070091,0.628043834056785
2021-07-20,Nevada,057,99092.0,104727,149,55670,95,46218,44,2797,10,5806,81,56451,91,50645,66,0.0585920155007467,0.5696827190893311,0.5110907035885843
2021-07-20,Orange,059,3164182.0,3698407,6342,2087505,4577,1493967,1528,115786,234,170548,3220,1984905,3453,1814357,3066,0.0538995544504077,0.6273043080328502,0.5734047535824425
2021-07-20,Placer,061,380077.0,420674,765,239768,552,170181,181,10711,32,17905,394,224220,425,206315,367,0.0471088753068457,0.5899330925049397,0.542824217198094
2021-07-20,Plumas,063,18699.0,16895,40,2011,22,13798,12,1044,6,706,12,9245,18,8539,28,0.0377560297342103,0.494411465853789,0.4566554361195786
2021-07-20,Riverside,065,2383286.0,2190343,5494,1239672,3952,884512,1299,65161,240,139513,2808,1193742,3045,1054229,2652,0.0585380856514912,0.500880716791858,0.4423426311403667
2021-07-20,Sacramento,067,1510023.0,1593105,3049,887475,2034,660693,873,44742,142,80099,1593,856544,1734,776445,1430,0.0530448873957549,0.5672390420543263,0.5141941546585714
2021-07-20,San Benito,069,59416.0,67041,89,36819,44,27092,40,3025,5,4056,43,36783,48,32727,45,0.0682644405547327,0.6190756698532381,0.5508112292985055
2021-07-20,San Bernardino,071,2135413.0,1813453,5092,1057474,3705,698464,1195,57299,189,113269,2706,989349,2891,876080,2352,0.0530431349813829,0.463305693090751,0.410262558109368
2021-07-20,San Diego,073,3302833.0,4016763,7668,2152847,5534,1711308,1699,151575,435,249516,3625,2218175,4266,1968659,3976,0.0755460539482317,0.6715976859865455,0.5960516320383138
2021-07-20,San Francisco,075,870044.0,1252712,963,800006,769,400704,117,51680,76,38267,465,669542,539,631275,473,0.0439828330521215,0.7695495859979495,0.7255667529458281
2021-07-20,San Joaquin,077,732212.0,707029,1493,397037,1004,286191,445,23755,44,53897,787,386252,830,332355,699,0.0736084631227021,0.527513889420004,0.4539054262973018
2021-07-20,San Luis Obispo,079,281455.0,299167,517,152325,305,135531,193,11183,19,15812,261,162525,279,146713,253,0.0561794958341475,0.577445772858894,0.5212662770247464
2021-07-20,San Mateo,081,765935.0,1065264,1085,653973,847,372900,171,37936,64,39820,493,569685,554,529865,553,0.0519887457812999,0.743777213471117,0.691788467689817
2021-07-20,Santa Barbara,083,443738.0,492475,688,284568,456,186054,185,21518,46,29165,357,270732,402,241567,326,0.0657257210335828,0.6101167806228,0.5443910595892171
2021-07-20,Santa Clara,085,1922200.0,2712676,3229,1740819,2531,868736,551,99462,147,82316,1455,1440597,1602,1358281,1741,0.0428238476745395,0.7494521901987307,0.706628342524191
2021-07-20,Santa Cruz,087,273765.0,341354,627,163730,492,168476,120,9107,15,13556,304,181415,319,167859,322,0.0495169214472266,0.6626668858327398,0.6131499643855132
2021-07-20,Shasta,089,179085.0,123642,239,54817,146,62544,80,6235,13,9936,138,69720,151,59784,98,0.0554820336711617,0.3893123377167267,0.3338303040455649
2021-07-20,Sierra,091,2930.0,2700,0,207,0,2453,0,39,0,51,0,1387,0,1336,0,0.0174061433447099,0.4733788395904437,0.4559726962457338
2021-07-20,Siskiyou,093,43540.0,33766,83,13671,56,19072,21,988,6,2213,32,18422,38,16209,50,0.0508268259072117,0.4231051906293064,0.3722783647220946
2021-07-20,Solano,095,438530.0,473724,819,256006,647,204900,138,12778,34,36777,407,261017,442,224240,409,0.0838642738239117,0.5952089936834424,0.5113447198595307
2021-07-20,Sonoma,097,501317.0,633374,1079,346110,888,267175,132,20034,59,27591,560,339340,616,311749,509,0.0550370324565095,0.6768970531619714,0.6218600207054619
2021-07-20,Stanislaus,099,539301.0,471550,1121,264287,843,190547,228,16420,49,37421,560,258447,606,221026,543,0.069387967016564,0.4792258868424127,0.4098379198258486
2021-07-20,Sutter,101,95872.0,83563,205,33507,128,46162,69,3889,8,5256,96,46101,104,40845,108,0.0548230974632843,0.4808598965287049,0.4260367990654206
2021-07-20,Tehama,103,63373.0,39865,79,14400,40,23955,37,1502,2,1960,41,21611,43,19651,37,0.0309279977277389,0.3410127341296767,0.3100847364019377
2021-07-20,Trinity,105,12862.0,9362,36,1631,8,7141,24,585,4,587,22,5258,26,4671,14,0.0456383144145545,0.4088011195770487,0.3631628051624941
2021-07-20,Tulare,107,460477.0,352809,851,204186,605,137966,213,10589,33,24215,447,193215,478,169000,401,0.0525867741494146,0.4195975043270348,0.3670107301776201
2021-07-20,Tuolumne,109,53932.0,47726,56,12730,20,34061,36,930,0,2158,36,24959,36,22801,18,0.0400133501446265,0.462786471853445,0.4227731217088185
2021-07-20,Ventura,111,848112.0,973882,1526,511387,1061,427931,404,34191,61,45222,777,525090,838,479868,737,0.0533207878204765,0.6191281340200351,0.5658073461995585
2021-07-20,Yolo,113,214977.0,249593,365,121427,237,120687,116,7447,12,12652,202,134575,214,121923,160,0.0588528075096405,0.6259971997004331,0.5671443921907925
2021-07-20,Yuba,115,75493.0,50724,176,18476,100,29091,71,3141,5,3165,89,28423,94,25258,87,0.0419244168333487,0.3764984833030877,0.3345740664697389
2021-07-19,Alameda,001,1643700.0,2162324,2581,1362163,2052,692079,424,107376,105,76797,1266,1169570,1371,1092773,1287,0.0467220295674393,0.7115471193040093,0.66482508973657
2021-07-19,Alpine,003,1148.0,1470,0,40,0,1424,0,6,0,85,0,775,0,690,0,0.0740418118466899,0.6750871080139372,0.6010452961672473
2021-07-19,Amador,005,37829.0,35734,50,9408,27,25148,18,1177,5,2659,29,19331,34,16672,21,0.0702899891617542,0.5110100716381611,0.440720082476407
2021-07-19,Butte,007,227075.0,179596,277,84950,203,87484,61,7141,13,9346,112,97743,125,88397,164,0.0411582076406473,0.4304436860068259,0.3892854783661785
2021-07-19,Calaveras,009,45235.0,40865,47,16908,18,22853,25,1102,4,2104,23,21616,27,19512,23,0.0465126561291035,0.4778600641096496,0.431347407980546
2021-07-19,Colusa,011,21464.0,18994,6,4302,0,13758,6,930,0,1199,2,10528,2,9329,4,0.0558609765188222,0.4904957137532613,0.4346347372344391
2021-07-19,Contra Costa,013,1133247.0,1500703,1920,997546,1613,454421,208,48406,88,45180,975,795506,1063,750326,925,0.0398677428662948,0.7019705324611493,0.6621027895948545
2021-07-19,Del Norte,015,27424.0,18992,30,6690,17,11304,11,961,2,1117,16,10457,18,9340,14,0.0407307467911318,0.3813083430571762,0.3405775962660443
2021-07-19,El Dorado,017,186661.0,191141,310,90055,214,93914,87,7149,9,9246,152,103477,161,94231,156,0.0495336465571276,0.5543579001505403,0.5048242535934127
2021-07-19,Fresno,019,978130.0,884498,1848,461451,1394,389581,379,33017,74,56756,949,484862,1023,428106,883,0.0580250069009231,0.4957030251602548,0.4376780182593315
2021-07-19,Glenn,021,27897.0,22166,40,8596,34,12370,4,1180,2,942,19,12099,21,11157,21,0.0337670717281428,0.4337025486611464,0.3999354769330036
2021-07-19,Humboldt,023,135768.0,140617,160,69755,103,64004,44,6737,13,6627,79,76658,92,70031,80,0.048811207353721,0.5646249484414589,0.5158137410877379
2021-07-19,Imperial,025,180216.0,223787,597,108382,396,100571,185,14799,16,23836,261,130636,276,106800,329,0.1322635060150042,0.7248856927242864,0.5926221867092822
2021-07-19,Inyo,027,18085.0,18040,25,6567,5,10768,19,553,1,710,15,9558,16,8848,10,0.0392590544650262,0.5285042853193254,0.4892452308542991
2021-07-19,Kern,029,883053.0,661099,1401,336550,884,294005,455,30344,58,45046,734,366770,792,321724,659,0.0510116606817484,0.4153431334246076,0.3643314727428591
2021-07-19,Kings,031,150075.0,92476,182,41668,125,46042,38,4731,19,6732,77,51847,96,45115,104,0.0448575712143928,0.3454739297018158,0.3006163584874229
2021-07-19,Lake,033,64148.0,53242,87,15872,34,34899,39,2469,14,3051,41,29294,55,26243,46,0.0475618881336908,0.4566627174658602,0.4091008293321693
2021-07-19,Lassen,035,31185.0,11991,3,1590,2,9368,1,1019,0,635,1,6792,1,6157,2,0.020362353695687,0.2177970177970178,0.1974346641013307
2021-07-19,Los Angeles,037,10098052.0,11336060,19841,6161337,14535,4724858,4398,445963,888,653589,9641,6194542,10505,5540953,10006,0.0647242656306384,0.6134393049273266,0.5487150392966881
2021-07-19,Madera,039,155013.0,123231,178,62434,139,55673,36,5044,3,7247,100,67390,103,60143,78,0.04675091766497,0.4347377316741176,0.3879868140091476
2021-07-19,Marin,041,260295.0,384718,319,242495,262,130377,39,11827,17,12232,148,203907,164,191675,164,0.0469928350525365,0.7833688699360342,0.7363760348834976
2021-07-19,Mariposa,043,17540.0,13437,10,2684,2,10199,7,532,1,2332,5,8089,6,5757,5,0.1329532497149373,0.4611744583808438,0.3282212086659065
2021-07-19,Mendocino,045,87422.0,94771,71,51308,44,40180,25,3272,2,5571,50,51601,52,46030,21,0.0637253780512914,0.590251881677381,0.5265265036260895
2021-07-19,Merced,047,269075.0,212065,400,122407,294,79630,93,9218,12,21838,205,118771,217,96933,190,0.0811595280126358,0.4414048127845396,0.3602452847719037
2021-07-19,Modoc,049,8938.0,5715,4,788,2,4548,2,369,0,244,4,3155,4,2911,0,0.0272991720742895,0.3529872454687849,0.3256880733944954
2021-07-19,Mono,051,14174.0,15803,62,8720,40,6701,18,325,4,562,45,8300,49,7738,16,0.0396500634965429,0.5855792295752786,0.5459291660787358
2021-07-19,Monterey,053,433212.0,478708,619,224419,419,232559,173,21096,27,26812,316,262229,342,235417,297,0.0618911756830374,0.6053133338873347,0.5434221582042972
2021-07-19,Napa,055,140530.0,181537,183,94328,126,81976,45,5221,12,10057,81,98175,94,88118,101,0.0715647904362058,0.6986052800113854,0.6270404895751797
2021-07-19,Nevada,057,99092.0,104578,112,55575,73,46174,31,2787,8,5781,60,56360,68,50579,51,0.0583397247002785,0.5687643805756267,0.5104246558753481
2021-07-19,Orange,059,3164182.0,3692065,6247,2082928,4768,1492439,1209,115552,267,170161,2921,1981452,3186,1811291,3264,0.0537772479585561,0.6262130307295851,0.572435782771029
2021-07-19,Placer,061,380077.0,419909,546,239216,396,170000,123,10679,27,17847,300,223795,327,205948,245,0.0469562746496104,0.5888148980338195,0.541858623384209
2021-07-19,Plumas,063,18699.0,16855,8,1989,4,13786,3,1038,1,716,3,9227,4,8511,5,0.0382908176907856,0.4934488475319535,0.455158029841168
2021-07-19,Riverside,065,2383286.0,2184849,4458,1235720,3465,883213,842,64921,146,139120,2323,1190697,2467,1051577,2108,0.0583731872716912,0.4996030690399725,0.4412298817682812
2021-07-19,Sacramento,067,1510023.0,1590056,2651,885441,1910,659820,628,44600,112,79795,1353,854810,1465,775015,1290,0.0528435659589291,0.5660907151745371,0.513247149215608
2021-07-19,San Benito,069,59416.0,66952,131,36775,104,27052,20,3020,7,4053,72,36735,78,32682,59,0.0682139491046182,0.618267806651407,0.5500538575467887
2021-07-19,San Bernardino,071,2135413.0,1808361,3891,1053769,2987,697269,752,57110,152,112730,2011,986458,2159,873728,1856,0.0527907247918786,0.4619518566197733,0.4091611318278946
2021-07-19,San Diego,073,3302833.0,4009095,6248,2147313,4570,1709609,1314,151140,361,249226,2886,2213909,3407,1964683,3322,0.07545825053825,0.6703060675486772,0.5948478170104271
2021-07-19,San Francisco,075,870044.0,1251749,1246,799237,1028,400587,145,51604,72,38201,587,669003,654,630802,638,0.0439069748196642,0.768930077099549,0.7250231022798846
2021-07-19,San Joaquin,077,732212.0,705536,1368,396033,959,285746,368,23711,40,53766,716,385422,754,331656,639,0.0734295531895134,0.526380337934915,0.4529507847454016
2021-07-19,San Luis Obispo,079,281455.0,298650,381,152020,258,135338,97,11164,26,15786,181,162246,205,146460,196,0.0560871187223534,0.5764544953900268,0.5203673766676733
2021-07-19,San Mateo,081,765935.0,1064179,1123,653126,930,372729,135,37872,58,39819,517,569131,575,529312,595,0.0519874401874832,0.7430539144966609,0.6910664743091777
2021-07-19,Santa Barbara,083,443738.0,491787,697,284112,361,185869,213,21472,122,29089,292,270330,414,241241,401,0.0655544487963618,0.6092108406311832,0.5436563918348214
2021-07-19,Santa Clara,085,1922200.0,2709447,2999,1738288,2346,868185,512,99315,141,82455,1295,1438995,1436,1356540,1672,0.042896160649256,0.7486187701591925,0.7057226095099365
2021-07-19,Santa Cruz,087,273765.0,340727,369,163238,269,168356,83,9092,17,13559,170,181096,187,167537,195,0.0495278797508812,0.6615016528774679,0.6119737731265866
2021-07-19,Shasta,089,179085.0,123403,204,54671,90,62464,69,6222,45,9883,80,69569,124,59686,117,0.0551860848200575,0.388469162688109,0.3332830778680515
2021-07-19,Sierra,091,2930.0,2700,0,207,0,2453,0,39,0,51,0,1387,0,1336,0,0.0174061433447099,0.4733788395904437,0.4559726962457338
2021-07-19,Siskiyou,093,43540.0,33683,13,13615,3,19051,10,982,0,2225,8,18384,8,16159,5,0.051102434542949,0.4222324299494717,0.3711299954065227
2021-07-19,Solano,095,438530.0,472905,940,255359,787,204762,120,12744,33,36744,492,260575,524,223831,443,0.0837890224157982,0.594201080883862,0.5104120584680638
2021-07-19,Sonoma,097,501317.0,632295,717,345222,533,267043,119,19975,65,27484,344,338724,406,311240,364,0.0548235946516874,0.6756682897248647,0.6208446950731773
2021-07-19,Stanislaus,099,539301.0,470429,890,263444,684,190319,191,16371,15,37358,452,257841,467,220483,430,0.0692711491356403,0.4781022100830519,0.4088310609474115
2021-07-19,Sutter,101,95872.0,83358,93,33379,42,46093,43,3881,8,5260,55,45997,63,40737,38,0.0548648197596795,0.4797751168224299,0.4249102970627503
2021-07-19,Tehama,103,63373.0,39786,67,14360,32,23918,30,1500,5,1954,40,21568,45,19614,26,0.0308333201836744,0.3403342117305477,0.3095008915468732
2021-07-19,Trinity,105,12862.0,9326,11,1623,10,7117,1,581,0,575,10,5232,10,4657,1,0.0447053335406624,0.4067796610169492,0.3620743274762867
2021-07-19,Tulare,107,460477.0,351958,692,203581,546,137753,138,10556,8,24138,378,192737,386,168599,311,0.0524195562427656,0.4185594503091359,0.3661398940663703
2021-07-19,Tuolumne,109,53932.0,47670,69,12710,26,34025,42,930,1,2140,40,24923,41,22783,23,0.0396795965289624,0.4621189646221167,0.4224393680931543
2021-07-19,Ventura,111,848112.0,972356,1417,510326,1097,427527,263,34130,57,45121,664,524252,721,479131,747,0.0532016997755013,0.6181400569736073,0.5649383571981059
2021-07-19,Yolo,113,214977.0,249228,244,121190,167,120571,69,7435,8,12598,126,134361,134,121763,117,0.0586016178474906,0.6250017443726538,0.5664001265251631
2021-07-19,Yuba,115,75493.0,50548,74,18376,31,29020,33,3136,10,3158,33,28329,43,25171,40,0.0418316930046494,0.3752533347462679,0.3334216417416184
2021-07-18,Alameda,001,1643700.0,2159743,1061,1360111,831,691655,128,107271,102,76713,465,1168199,570,1091486,582,0.0466709253513414,0.7107130254912697,0.6640421001399283
2021-07-18,Alpine,003,1148.0,1470,0,40,0,1424,0,6,0,85,0,775,0,690,0,0.0740418118466899,0.6750871080139372,0.6010452961672473
2021-07-18,Amador,005,37829.0,35684,11,9381,9,25130,1,1172,1,2646,3,19297,4,16651,8,0.0699463374659652,0.510111290279944,0.4401649528139787
2021-07-18,Butte,007,227075.0,179319,60,84747,38,87423,18,7128,4,9385,32,97618,36,88233,28,0.0413299570626445,0.4298932070901684,0.3885632500275239
2021-07-18,Calaveras,009,45235.0,40818,33,16890,22,22828,8,1098,3,2100,23,21589,26,19489,10,0.0464242290261965,0.4772631811650271,0.4308389521388305
2021-07-18,Colusa,011,21464.0,18988,8,4302,5,13752,3,930,0,1201,2,10526,2,9325,6,0.055954155795751,0.4904025344763325,0.4344483786805814
2021-07-18,Contra Costa,013,1133247.0,1498783,587,995933,475,454213,72,48318,40,45042,297,794443,336,749401,287,0.0397459688841002,0.7010325198301871,0.6612865509460868
2021-07-18,Del Norte,015,27424.0,18962,6,6673,1,11293,4,959,1,1113,4,10439,5,9326,2,0.0405848891481913,0.380651983663944,0.3400670945157526
2021-07-18,El Dorado,017,186661.0,190831,98,89841,71,93827,24,7140,3,9241,48,103316,51,94075,49,0.0495068600296794,0.5534953739667097,0.5039885139370303
2021-07-18,Fresno,019,978130.0,882650,642,460057,511,389202,124,32943,7,56616,328,483839,334,427223,307,0.0578818766421641,0.4946571519123225,0.4367752752701583
2021-07-18,Glenn,021,27897.0,22126,11,8562,10,12366,0,1178,1,942,8,12078,9,11136,3,0.0337670717281428,0.4329497795461877,0.3991827078180449
2021-07-18,Humboldt,023,135768.0,140457,49,69652,27,63960,14,6724,8,6615,22,76566,30,69951,27,0.0487228212833657,0.5639473219020682,0.5152245006187025
2021-07-18,Imperial,025,180216.0,223190,58,107986,31,100386,26,14783,1,23889,30,130360,31,106471,27,0.1325575975496071,0.7233541971855995,0.5907965996359924
2021-07-18,Inyo,027,18085.0,18015,0,6562,0,10749,0,552,0,704,0,9542,0,8838,0,0.0389272878075753,0.5276195742327896,0.4886922864252143
2021-07-18,Kern,029,883053.0,659698,531,335666,401,293550,128,30286,2,44913,293,365978,295,321065,230,0.0508610468454328,0.4144462450158711,0.3635851981704382
2021-07-18,Kings,031,150075.0,92294,96,41543,89,46004,5,4712,2,6740,50,51751,52,45011,45,0.0449108778943861,0.3448342495418957,0.2999233716475096
2021-07-18,Lake,033,64148.0,53155,20,15838,9,34860,11,2455,0,3042,9,29239,9,26197,11,0.0474215875787242,0.4558053251855085,0.4083837376067843
2021-07-18,Lassen,035,31185.0,11988,9,1588,0,9367,8,1019,1,636,5,6791,6,6155,4,0.0203944203944203,0.2177649510982844,0.197370530703864
2021-07-18,Los Angeles,037,10098052.0,11316219,7596,6146802,5616,4720460,1694,445075,284,653090,3882,6184037,4167,5530947,3649,0.0646748501592188,0.6123990052734923,0.5477241551142735
2021-07-18,Madera,039,155013.0,123053,101,62295,86,55637,11,5041,3,7222,55,67287,58,60065,45,0.0465896408688303,0.4340732712740222,0.3874836304051918
2021-07-18,Marin,041,260295.0,384399,129,242233,94,130338,12,11810,23,12232,58,203743,81,191511,69,0.0469928350525365,0.7827388155746364,0.7357459805220999
2021-07-18,Mariposa,043,17540.0,13427,6,2682,6,10192,0,531,0,2331,3,8083,3,5752,3,0.1328962371721778,0.4608323831242873,0.3279361459521094
2021-07-18,Mendocino,045,87422.0,94700,14,51264,8,40155,6,3270,0,5540,6,51549,6,46009,8,0.063370776234815,0.5896570657271625,0.5262862894923475
2021-07-18,Merced,047,269075.0,211665,147,122113,99,79537,35,9206,13,21811,68,118554,80,96743,73,0.0810591842423116,0.4405983461860076,0.359539161943696
2021-07-18,Modoc,049,8938.0,5711,0,786,0,4546,0,369,0,240,0,3151,0,2911,0,0.0268516446632356,0.352539718057731,0.3256880733944954
2021-07-18,Mono,051,14174.0,15741,0,8680,0,6683,0,321,0,529,0,8251,0,7722,0,0.0373218569211231,0.5821221955693523,0.5448003386482292
2021-07-18,Monterey,053,433212.0,478089,219,224000,158,232386,59,21069,2,26767,115,261887,117,235120,105,0.0617873004441243,0.6045238820715955,0.5427365816274711
2021-07-18,Napa,055,140530.0,181354,50,94202,41,81931,5,5209,4,10064,17,98081,21,88017,32,0.0716146018643706,0.6979363836903152,0.6263217818259447
2021-07-18,Nevada,057,99092.0,104466,32,55502,15,46143,15,2779,2,5764,19,56292,21,50528,13,0.0581681669559601,0.568078149598353,0.509909982642393
2021-07-18,Orange,059,3164182.0,3685818,2614,2078160,2008,1491230,543,115285,63,170239,1187,1978266,1250,1808027,1413,0.0538018988793944,0.6252061354245741,0.5714042365451798
2021-07-18,Placer,061,380077.0,419363,196,238820,146,169877,46,10652,4,17765,92,223468,96,205703,100,0.0467405288928296,0.5879545460525104,0.5412140171596808
2021-07-18,Plumas,063,18699.0,16847,0,1985,0,13783,0,1037,0,717,0,9223,0,8506,0,0.0383442964864431,0.4932349323493235,0.4548906358628803
2021-07-18,Riverside,065,2383286.0,2180391,1537,1232255,1179,882371,299,64775,58,138761,800,1188230,858,1049469,722,0.0582225549094821,0.4985679435871313,0.4403453886776493
2021-07-18,Sacramento,067,1510023.0,1587405,957,883531,704,659192,224,44488,29,79620,468,853345,496,773725,486,0.0527276736844405,0.5651205312766759,0.5123928575922353
2021-07-18,San Benito,069,59416.0,66821,27,36671,19,27032,6,3013,2,4034,12,36657,14,32623,15,0.0678941699205601,0.6169550289484313,0.5490608590278713
2021-07-18,San Bernardino,071,2135413.0,1804470,1451,1050782,1151,696517,274,56958,25,112427,782,984299,806,871872,657,0.0526488318653113,0.4609408109812949,0.4082919791159836
2021-07-18,San Diego,073,3302833.0,4002847,2456,2142743,1807,1708295,481,150779,168,249141,1102,2210502,1340,1961361,1334,0.075432515056014,0.6692745288665821,0.5938420138105681
2021-07-18,San Francisco,075,870044.0,1250503,425,798209,359,400442,51,51532,15,38185,195,668349,210,630164,222,0.0438885849451292,0.7681783909779275,0.7242898060327984
2021-07-18,San Joaquin,077,732212.0,704168,551,395074,426,285378,101,23671,24,53651,285,384668,309,331017,260,0.0732724948512179,0.5253505815255691,0.4520780866743511
2021-07-18,San Luis Obispo,079,281455.0,298269,129,151762,86,135241,32,11138,11,15777,62,162041,73,146264,66,0.0560551420298093,0.575726137393189,0.5196709953633796
2021-07-18,San Mateo,081,765935.0,1063056,551,652196,458,372594,74,37814,19,39839,256,568556,275,528717,279,0.0520135520638174,0.742303198052054,0.6902896459882366
2021-07-18,Santa Barbara,083,443738.0,491090,376,283751,287,185656,61,21350,28,29076,206,269916,234,240840,168,0.0655251522294687,0.6082778576547422,0.5427527054252734
2021-07-18,Santa Clara,085,1922200.0,2706448,1243,1735942,969,867673,222,99174,51,82691,517,1437559,567,1354868,704,0.0430189366351056,0.7478717094995317,0.7048527728644262
2021-07-18,Santa Cruz,087,273765.0,340358,149,162969,110,168273,31,9075,8,13567,88,180909,96,167342,60,0.0495571018939601,0.6608185852829982,0.6112614833890381
2021-07-18,Shasta,089,179085.0,123199,62,54581,32,62395,26,6177,4,9876,36,69445,40,59569,26,0.0551469972359494,0.3877767540553368,0.3326297568193874
2021-07-18,Sierra,091,2930.0,2700,3,207,3,2453,0,39,0,51,2,1387,2,1336,1,0.0174061433447099,0.4733788395904437,0.4559726962457338
2021-07-18,Siskiyou,093,43540.0,33670,3,13612,0,19041,3,982,0,2222,3,18376,3,16154,0,0.0510335323840147,0.4220486908589802,0.3710151584749655
2021-07-18,Solano,095,438530.0,471965,258,254572,211,204642,42,12711,5,36663,157,260051,162,223388,100,0.0836043144140651,0.5930061797368481,0.509401865322783
2021-07-18,Sonoma,097,501317.0,631578,203,344689,162,266924,24,19910,17,27442,102,338318,117,310876,98,0.0547398153264301,0.6748584229140444,0.6201186075876143
2021-07-18,Stanislaus,099,539301.0,469539,479,262760,381,190128,93,16356,5,37321,252,257374,259,220053,222,0.0692025418087487,0.4772362743625545,0.4080337325538057
2021-07-18,Sutter,101,95872.0,83265,50,33337,30,46050,17,3873,3,5235,29,45934,32,40699,20,0.0546040554072096,0.4791179906542056,0.424513935246996
2021-07-18,Tehama,103,63373.0,39719,13,14328,8,23888,5,1495,0,1935,4,21523,4,19588,9,0.0305335079608034,0.3396241301500639,0.3090906221892604
2021-07-18,Trinity,105,12862.0,9315,2,1613,2,7116,0,581,0,566,2,5222,2,4656,0,0.0440055978852433,0.4060021769553724,0.361996579070129
2021-07-18,Tulare,107,460477.0,351266,173,203035,132,137615,39,10548,2,24063,95,192351,97,168288,77,0.0522566816583673,0.4177211891147658,0.3654645074563984
2021-07-18,Tuolumne,109,53932.0,47601,10,12684,6,33983,4,929,0,2122,4,24882,4,22760,6,0.0393458429132982,0.4613587480531039,0.4220129051398056
2021-07-18,Ventura,111,848112.0,970939,600,509229,476,427264,109,34073,15,45147,306,523531,321,478384,290,0.0532323561039108,0.617289933405022,0.5640575773011112
2021-07-18,Yolo,113,214977.0,248984,111,121023,76,120502,34,7427,1,12581,53,134227,54,121646,58,0.0585225396205175,0.6243784218776892,0.5658558822571716
2021-07-18,Yuba,115,75493.0,50474,51,18345,27,28987,19,3126,5,3155,26,28286,31,25131,25,0.0417919542209211,0.374683745512829,0.3328917912919079
2021-07-17,Alameda,001,1643700.0,2158682,2128,1359280,1658,691527,396,107169,74,76725,939,1167629,1013,1090904,1163,0.0466782259536411,0.7103662468820344,0.6636880209283933
2021-07-17,Alpine,003,1148.0,1470,0,40,0,1424,0,6,0,85,0,775,0,690,0,0.0740418118466899,0.6750871080139372,0.6010452961672473
2021-07-17,Amador,005,37829.0,35673,20,9372,7,25129,8,1171,5,2650,11,19293,16,16643,10,0.0700520764492849,0.5100055512966243,0.4399534748473393
2021-07-17,Butte,007,227075.0,179259,134,84709,92,87405,41,7124,1,9377,76,97582,77,88205,57,0.0412947264119784,0.429734669162171,0.3884399427501926
2021-07-17,Calaveras,009,45235.0,40785,35,16868,13,22820,16,1095,6,2084,14,21563,20,19479,20,0.0460705206145683,0.4766884049961313,0.4306178843815629
2021-07-17,Colusa,011,21464.0,18980,20,4297,14,13749,6,930,0,1205,10,10524,10,9319,10,0.0561405143496086,0.4903093551994036,0.434168840849795
2021-07-17,Contra Costa,013,1133247.0,1498196,1068,995458,850,454141,165,48278,52,44993,510,794107,562,749114,547,0.0397027302962196,0.7007360266561482,0.6610332963599286
2021-07-17,Del Norte,015,27424.0,18956,9,6672,2,11289,7,958,0,1110,5,10434,5,9324,4,0.0404754959159859,0.3804696616102683,0.3399941656942823
2021-07-17,El Dorado,017,186661.0,190733,121,89770,81,93803,32,7137,8,9239,49,103265,57,94026,70,0.0494961454187002,0.5532221513867386,0.5037260059680383
2021-07-17,Fresno,019,978130.0,882008,1370,459546,1032,389078,284,32936,53,56589,643,483505,696,426916,714,0.0578542729494034,0.494315684009283,0.4364614110598795
2021-07-17,Glenn,021,27897.0,22115,27,8552,14,12366,13,1177,0,936,10,12069,10,11133,17,0.0335519948381546,0.4326271642112055,0.3990751693730509
2021-07-17,Humboldt,023,135768.0,140408,98,69625,70,63946,26,6716,1,6612,46,76536,48,69924,50,0.0487007247657769,0.56372635672618,0.5150256319604031
2021-07-17,Imperial,025,180216.0,223132,213,107955,97,100360,113,14782,3,23885,112,130329,115,106444,101,0.1325354019620899,0.7231821813823411,0.5906467794202512
2021-07-17,Inyo,027,18085.0,18015,14,6562,9,10749,5,552,0,704,4,9542,4,8838,10,0.0389272878075753,0.5276195742327896,0.4886922864252143
2021-07-17,Kern,029,883053.0,659167,1184,335265,848,293422,311,30284,25,44848,589,365683,614,320835,582,0.0507874385795643,0.4141121767323139,0.3633247381527496
2021-07-17,Kings,031,150075.0,92198,88,41454,66,45999,18,4710,4,6733,45,51699,49,44966,42,0.0448642345493919,0.344487756121939,0.299623521572547
2021-07-17,Lake,033,64148.0,53135,75,15829,27,34849,41,2455,7,3044,39,29230,45,26186,35,0.0474527654798279,0.4556650246305418,0.4082122591507139
2021-07-17,Lassen,035,31185.0,11979,8,1588,1,9359,7,1018,0,634,3,6785,3,6151,5,0.0203302869969536,0.2175725509058842,0.1972422639089305
2021-07-17,Los Angeles,037,10098052.0,11308623,17339,6141186,12260,4718766,4199,444791,864,652572,8399,6179870,9255,5527298,8808,0.0646235531367832,0.6119863514269881,0.5473627982902048
2021-07-17,Madera,039,155013.0,122952,136,62209,106,55626,21,5038,9,7209,60,67229,70,60020,76,0.0465057769348377,0.4336991091069781,0.3871933321721404
2021-07-17,Marin,041,260295.0,384270,215,242139,175,130326,23,11787,17,12220,89,203662,106,191442,126,0.0469467335138976,0.7824276301888242,0.7354808966749266
2021-07-17,Mariposa,043,17540.0,13421,12,2676,10,10192,2,531,0,2331,8,8080,8,5749,3,0.1328962371721778,0.4606613454960091,0.3277651083238312
2021-07-17,Mendocino,045,87422.0,94686,47,51256,29,40149,16,3270,2,5542,22,51543,24,46001,25,0.0633936537713619,0.589588433117522,0.52619477934616
2021-07-17,Merced,047,269075.0,211518,273,122014,200,79502,64,9193,9,21804,154,118474,163,96670,117,0.081033169190746,0.4403010313109727,0.3592678621202267
2021-07-17,Modoc,049,8938.0,5711,0,786,0,4546,0,369,0,240,0,3151,0,2911,0,0.0268516446632356,0.352539718057731,0.3256880733944954
2021-07-17,Mono,051,14174.0,15741,5,8680,0,6683,5,321,0,529,5,8251,5,7722,0,0.0373218569211231,0.5821221955693523,0.5448003386482292
2021-07-17,Monterey,053,433212.0,477870,701,223842,502,232327,190,21067,9,26755,342,261770,351,235015,354,0.0617596003804142,0.6042538064504215,0.5424942060700073
2021-07-17,Napa,055,140530.0,181304,89,94161,68,81926,13,5205,8,10075,35,98060,43,87985,53,0.0716928769657724,0.6977869494058209,0.6260940724400484
2021-07-17,Nevada,057,99092.0,104434,54,55487,39,46128,11,2777,4,5756,25,56271,33,50515,29,0.0580874338998102,0.5678662253259598,0.5097787914261495
2021-07-17,Orange,059,3164182.0,3683204,4728,2076152,3566,1490687,1051,115222,111,170402,2304,1977016,2413,1806614,2386,0.0538534129831975,0.624811088616268,0.5709576756330704
2021-07-17,Placer,061,380077.0,419167,356,238674,258,169831,80,10648,18,17769,141,223372,159,205603,216,0.0467510530760872,0.587701965654328,0.5409509125782407
2021-07-17,Plumas,063,18699.0,16847,8,1985,4,13783,4,1037,0,717,3,9223,3,8506,5,0.0383442964864431,0.4932349323493235,0.4548906358628803
2021-07-17,Riverside,065,2383286.0,2178854,3691,1231076,2836,882072,778,64717,76,138625,2009,1187372,2086,1048747,1655,0.0581654908391187,0.498207936437339,0.4400424455982202
2021-07-17,Sacramento,067,1510023.0,1586448,2249,882827,1528,658968,656,44459,65,79610,1041,852849,1103,773239,1194,0.0527210512687555,0.564792059458697,0.5120710081899414
2021-07-17,San Benito,069,59416.0,66794,86,36652,71,27026,14,3011,1,4035,40,36643,41,32608,46,0.0679110004039316,0.6167194021812307,0.5488084017772991
2021-07-17,San Bernardino,071,2135413.0,1803019,3577,1049631,2745,696243,780,56933,51,112278,1856,983493,1905,871215,1695,0.0525790561357451,0.460563366430756,0.4079843102950108
2021-07-17,San Diego,073,3302833.0,4000391,4554,2140936,3364,1707814,964,150611,226,249135,2047,2209162,2388,1960027,2464,0.0754306984337385,0.6688688165583909,0.5934381181246524
2021-07-17,San Francisco,075,870044.0,1250078,836,797850,754,400391,50,51517,30,38197,354,668139,383,629942,458,0.0439023773510305,0.7679370238746546,0.7240346465236241
2021-07-17,San Joaquin,077,732212.0,703617,1030,394648,780,285277,235,23647,15,53602,537,384359,553,330757,480,0.0732055743418572,0.5249285725991926,0.4517229982573353
2021-07-17,San Luis Obispo,079,281455.0,298140,179,151676,95,135209,79,11127,5,15770,85,161968,90,146198,92,0.0560302712689417,0.5754667708869979,0.5194364996180562
2021-07-17,San Mateo,081,765935.0,1062505,915,651738,788,372520,90,37795,37,39843,424,568281,461,528438,480,0.0520187744390842,0.7419441597524594,0.6899253853133751
2021-07-17,Santa Barbara,083,443738.0,490714,433,283464,309,185595,121,21322,3,29010,234,269682,237,240672,196,0.0653764158129346,0.6077505194506668,0.5423741036377322
2021-07-17,Santa Clara,085,1922200.0,2705205,2629,1734973,2093,867451,418,99123,117,82828,1051,1436992,1166,1354164,1536,0.0430902091353657,0.747576734991156,0.7044865258557902
2021-07-17,Santa Cruz,087,273765.0,340209,225,162859,171,168242,46,9067,8,13531,115,180813,123,167282,107,0.049425602250105,0.6604679195660512,0.6110423173159462
2021-07-17,Shasta,089,179085.0,123137,116,54549,65,62369,45,6173,6,9862,61,69405,67,59543,54,0.0550688220677332,0.387553396431862,0.3324845743641287
2021-07-17,Sierra,091,2930.0,2697,0,204,0,2453,0,39,0,50,0,1385,0,1335,0,0.0170648464163822,0.4726962457337884,0.4556313993174061
2021-07-17,Siskiyou,093,43540.0,33667,6,13612,3,19038,3,982,0,2219,4,18373,4,16154,2,0.0509646302250803,0.4219797887000459,0.3710151584749655
2021-07-17,Solano,095,438530.0,471707,378,254361,290,204600,79,12706,9,36601,158,259889,167,223288,217,0.0834629329806398,0.592636763733382,0.5091738307527421
2021-07-17,Sonoma,097,501317.0,631375,815,344527,671,266900,106,19893,38,27423,359,338201,397,310778,453,0.0547019151554804,0.6746250376508277,0.6199231224953472
2021-07-17,Stanislaus,099,539301.0,469060,710,262379,535,190035,147,16351,28,37284,368,257115,396,219831,339,0.069133934481857,0.4767560230743128,0.4076220885924558
2021-07-17,Sutter,101,95872.0,83215,133,33307,99,46033,33,3870,1,5223,61,45902,62,40679,71,0.054478888518024,0.4787842122830441,0.42430532376502
2021-07-17,Tehama,103,63373.0,39706,44,14320,23,23883,19,1495,2,1940,22,21519,24,19579,21,0.0306124059141905,0.3395610117873542,0.3089486058731636
2021-07-17,Trinity,105,12862.0,9313,22,1611,7,7116,7,581,8,564,6,5220,14,4656,16,0.043850101072928,0.4058466801430571,0.361996579070129
2021-07-17,Tulare,107,460477.0,351093,732,202903,601,137576,119,10546,12,24043,322,192254,333,168211,403,0.052213248435861,0.4175105379856105,0.3652972895497495
2021-07-17,Tuolumne,109,53932.0,47591,33,12678,4,33979,29,929,0,2124,22,24878,22,22754,11,0.039382926648372,0.4612845805829563,0.4219016539345843
2021-07-17,Ventura,111,848112.0,970339,1015,508753,739,427155,222,34058,54,45116,486,523210,540,478094,522,0.0531958043277303,0.6169114456581206,0.5637156413303903
2021-07-17,Yolo,113,214977.0,248873,223,120947,141,120468,80,7426,1,12585,101,134173,102,121588,118,0.0585411462621582,0.6241272322155393,0.5655860859533811
2021-07-17,Yuba,115,75493.0,50423,68,18318,41,28968,25,3121,2,3149,35,28255,37,25106,32,0.0417124766534645,0.3742731114143033,0.3325606347608387
2021-07-16,Alameda,001,1643700.0,2156554,3379,1357622,2686,691131,575,107095,116,76875,1478,1166616,1590,1089741,1860,0.0467694834823873,0.7097499543712357,0.6629804708888484
2021-07-16,Alpine,003,1148.0,1470,1,40,0,1424,1,6,0,85,1,775,1,690,0,0.0740418118466899,0.6750871080139372,0.6010452961672473
2021-07-16,Amador,005,37829.0,35653,54,9365,26,25121,23,1166,5,2644,19,19277,24,16633,35,0.0698934679743054,0.5095825953633456,0.4396891273890401
2021-07-16,Butte,007,227075.0,179125,316,84617,198,87364,89,7123,29,9357,134,97505,162,88148,179,0.0412066497853132,0.4293955741495101,0.3881889243641968
2021-07-16,Calaveras,009,45235.0,40750,50,16855,34,22804,14,1089,2,2084,30,21543,32,19459,20,0.0460705206145683,0.4762462694815961,0.4301757488670277
2021-07-16,Colusa,011,21464.0,18960,61,4283,36,13743,25,930,0,1205,36,10514,36,9309,25,0.0561405143496086,0.4898434588147596,0.4337029444651509
2021-07-16,Contra Costa,013,1133247.0,1497128,2202,994608,1865,453976,242,48226,95,44978,1011,793545,1099,748567,1177,0.0396894939938071,0.7002401065257619,0.6605506125319547
2021-07-16,Del Norte,015,27424.0,18947,22,6670,11,11282,7,958,4,1109,6,10429,9,9320,15,0.0404390315052508,0.3802873395565928,0.3398483080513418
2021-07-16,El Dorado,017,186661.0,190612,299,89689,201,93771,70,7129,28,9252,161,103208,189,93956,138,0.0495657903900654,0.5529167849738296,0.5033509945837642
2021-07-16,Fresno,019,978130.0,880638,2181,458514,1551,388794,554,32883,75,56607,1036,482809,1111,426202,1127,0.0578726754112439,0.4936041221514523,0.4357314467402083
2021-07-16,Glenn,021,27897.0,22088,53,8538,42,12353,7,1177,4,943,27,12059,31,11116,26,0.0338029178764741,0.4322687027278918,0.3984657848514177
2021-07-16,Humboldt,023,135768.0,140310,257,69555,166,63920,71,6715,20,6614,114,76488,134,69874,141,0.0487154557775027,0.5633728124447587,0.5146573566672559
2021-07-16,Imperial,025,180216.0,222919,850,107858,610,100247,218,14779,22,23871,393,130214,415,106343,443,0.1324577174057797,0.7225440582412217,0.5900863408354419
2021-07-16,Inyo,027,18085.0,18001,26,6553,15,10744,10,552,1,710,16,9538,17,8828,10,0.0392590544650262,0.5273983964611556,0.4881393419961294
2021-07-16,Kern,029,883053.0,657983,1747,334417,1123,293111,559,30259,64,44816,921,365069,984,320253,814,0.0507512006640598,0.4134168617285712,0.3626656610645114
2021-07-16,Kings,031,150075.0,92110,206,41388,143,45981,57,4706,6,6726,81,51650,87,44924,123,0.0448175912043978,0.3441612527069798,0.299343661502582
2021-07-16,Lake,033,64148.0,53060,155,15802,68,34808,78,2448,9,3034,81,29185,90,26151,74,0.0472968759743094,0.4549635218557086,0.4076666458813993
2021-07-16,Lassen,035,31185.0,11971,24,1587,3,9352,17,1018,4,636,9,6782,13,6146,15,0.0203944203944203,0.2174763508096841,0.1970819304152637
2021-07-16,Los Angeles,037,10098052.0,11291284,24734,6128926,17745,4714567,5914,443927,1053,652125,12076,6170615,13118,5518490,12452,0.0645792871734073,0.6110698380242051,0.5464905508507978
2021-07-16,Madera,039,155013.0,122816,195,62103,147,55605,45,5029,3,7215,104,67159,107,59944,89,0.0465444833659112,0.433247534077787,0.3867030507118758
2021-07-16,Marin,041,260295.0,384055,340,241964,255,130303,60,11770,25,12240,133,203556,157,191316,198,0.0470235694116291,0.7820203999308477,0.7349968305192186
2021-07-16,Mariposa,043,17540.0,13409,16,2666,11,10190,5,531,0,2326,12,8072,12,5746,4,0.1326111744583808,0.4602052451539338,0.327594070695553
2021-07-16,Mendocino,045,87422.0,94639,252,51227,169,40133,69,3268,14,5543,128,51519,142,45976,123,0.0634050925396353,0.5893139026789596,0.5259088101393242
2021-07-16,Merced,047,269075.0,211245,537,121814,356,79438,161,9184,19,21758,276,118311,295,96553,257,0.080862213137601,0.4396952522530893,0.3588330391154882
2021-07-16,Modoc,049,8938.0,5711,4,786,0,4546,4,369,0,240,1,3151,1,2911,3,0.0268516446632356,0.352539718057731,0.3256880733944954
2021-07-16,Mono,051,14174.0,15736,6,8680,1,6678,5,321,0,524,2,8246,2,7722,4,0.0369690983490898,0.5817694369973191,0.5448003386482292
2021-07-16,Monterey,053,433212.0,477169,958,223340,613,232137,314,21058,31,26758,443,261419,475,234661,510,0.0617665253963417,0.6034435795868998,0.541677054190558
2021-07-16,Napa,055,140530.0,181215,205,94093,158,81913,40,5197,7,10085,85,98017,92,87932,119,0.071764036148865,0.6974809649185227,0.6257169287696577
2021-07-16,Nevada,057,99092.0,104380,128,55448,80,46117,44,2773,4,5752,58,56238,62,50486,69,0.0580470673717353,0.5675332014693416,0.5094861340976062
2021-07-16,Orange,059,3164182.0,3678476,6996,2072586,5156,1489636,1565,115111,275,170375,3286,1974603,3562,1804228,3655,0.0538448799721381,0.6240484902575136,0.5702036102853755
2021-07-16,Placer,061,380077.0,418811,771,238416,559,169751,177,10630,35,17826,355,223213,390,205387,413,0.046901022687508,0.5872836293698382,0.5403826066823302
2021-07-16,Plumas,063,18699.0,16839,31,1981,13,13779,16,1037,2,719,12,9220,14,8501,19,0.0384512540777581,0.4930744959623509,0.4546232418845927
2021-07-16,Riverside,065,2383286.0,2175163,6022,1228240,4556,881294,1288,64641,175,138194,3030,1185286,3202,1047092,2944,0.0579846480867172,0.4973326742992658,0.4393480262125485
2021-07-16,Sacramento,067,1510023.0,1584199,3495,881299,2306,658312,1003,44394,184,79701,1635,851746,1817,772045,1842,0.0527813152514895,0.564061607008635,0.5112802917571454
2021-07-16,San Benito,069,59416.0,66708,104,36581,78,27012,18,3010,8,4040,54,36602,62,32562,50,0.067995152820789,0.6160293523629998,0.5480341995422109
2021-07-16,San Bernardino,071,2135413.0,1799442,5203,1046886,3805,695463,1242,56882,155,112068,2659,981588,2812,869520,2510,0.0524807145034707,0.4596712673379809,0.4071905528345102
2021-07-16,San Diego,073,3302833.0,3995837,7552,2137572,5345,1706850,1817,150385,387,249211,3285,2206774,3878,1957563,4205,0.0754537089825613,0.6681458008927488,0.5926920919101875
2021-07-16,San Francisco,075,870044.0,1249242,1215,797096,965,400341,203,51487,47,38272,558,667756,604,629484,637,0.0439885798879137,0.7674968162529711,0.7235082363650573
2021-07-16,San Joaquin,077,732212.0,702587,1705,393868,1191,285042,457,23632,56,53529,864,383806,918,330277,829,0.0731058764401566,0.5241733268506935,0.4510674504105368
2021-07-16,San Luis Obispo,079,281455.0,297961,403,151581,191,135130,188,11122,24,15772,219,161878,243,146106,177,0.0560373772006182,0.5751470039615569,0.5191096267609387
2021-07-16,San Mateo,081,765935.0,1061590,1111,650950,896,372430,160,37758,55,39862,471,567820,525,527958,626,0.0520435807216017,0.7413422810029572,0.6892987002813554
2021-07-16,Santa Barbara,083,443738.0,490281,789,283155,561,185474,194,21319,34,28969,366,269445,397,240476,414,0.065284018948118,0.6072164205003854,0.5419324015522673
2021-07-16,Santa Clara,085,1922200.0,2702576,3384,1732880,2687,867033,576,99006,119,83198,1453,1435826,1573,1352628,1895,0.0432826969097908,0.7469701383831027,0.7036874414733119
2021-07-16,Santa Cruz,087,273765.0,339984,426,162688,303,168196,113,9059,10,13515,206,180690,216,167175,217,0.0493671579639471,0.6600186291162128,0.6106514711522656
2021-07-16,Shasta,089,179085.0,123021,246,54484,152,62324,77,6167,17,9849,110,69338,126,59489,124,0.0549962308401038,0.3871792724125415,0.3321830415724376
2021-07-16,Sierra,091,2930.0,2697,1,204,1,2453,0,39,0,50,1,1385,1,1335,0,0.0170648464163822,0.4726962457337884,0.4556313993174061
2021-07-16,Siskiyou,093,43540.0,33661,78,13609,60,19035,14,982,4,2217,23,18369,27,16152,54,0.0509186954524575,0.4218879191548002,0.3709692237023427
2021-07-16,Solano,095,438530.0,471329,975,254071,787,204521,147,12697,41,36651,465,259722,505,223071,509,0.0835769502656602,0.5922559460014138,0.5086789957357536
2021-07-16,Sonoma,097,501317.0,630560,898,343856,701,266794,152,19855,45,27479,412,337804,457,310325,480,0.0548136209224901,0.6738331235525625,0.6190195026300724
2021-07-16,Stanislaus,099,539301.0,468350,1009,261844,653,189888,333,16323,22,37227,513,256719,535,219492,484,0.0690282421134023,0.4760217392513642,0.4069934971379619
2021-07-16,Sutter,101,95872.0,83082,181,33208,107,46000,60,3869,14,5232,90,45840,104,40608,90,0.0545727636849132,0.4781375166889186,0.4235647530040053
2021-07-16,Tehama,103,63373.0,39662,79,14297,36,23864,37,1493,6,1937,44,21495,50,19558,35,0.0305650671421583,0.3391823016110962,0.3086172344689378
2021-07-16,Trinity,105,12862.0,9291,12,1604,7,7109,3,573,2,566,4,5206,6,4640,8,0.0440055978852433,0.4047582024568496,0.3607526045716063
2021-07-16,Tulare,107,460477.0,350361,956,202302,707,137457,223,10534,25,24113,502,191921,527,167808,448,0.0523652647146328,0.4167873748308819,0.364422110116249
2021-07-16,Tuolumne,109,53932.0,47558,145,12674,96,33950,37,929,12,2113,72,24856,83,22743,70,0.0391789661054661,0.4608766594971445,0.4216976933916784
2021-07-16,Ventura,111,848112.0,969324,1822,508014,1269,426933,472,34004,79,45098,844,522670,921,477572,963,0.0531745807157545,0.6162747372988473,0.5631001565830928
2021-07-16,Yolo,113,214977.0,248650,350,120806,242,120388,96,7425,11,12601,177,134071,187,121470,171,0.0586155728287212,0.6236527628537006,0.5650371900249794
2021-07-16,Yuba,115,75493.0,50355,159,18277,93,28943,51,3119,15,3144,78,28218,93,25074,79,0.0416462453472507,0.373782999748321,0.3321367544010703
2021-07-15,Alameda,001,1643700.0,2153175,2565,1354936,2052,690556,419,106979,93,77145,1127,1165026,1219,1087881,1421,0.0469337470341303,0.7087826245665267,0.6618488775323964
2021-07-15,Alpine,003,1148.0,1469,0,40,0,1423,0,6,0,84,0,774,0,690,0,0.073170731707317,0.6742160278745645,0.6010452961672473
2021-07-15,Amador,005,37829.0,35599,41,9339,24,25098,15,1161,2,2655,25,19253,27,16598,16,0.0701842501784345,0.5089481614634276,0.438763911284993
2021-07-15,Butte,007,227075.0,178809,410,84419,287,87275,66,7094,57,9374,208,97343,260,87969,196,0.0412815149179786,0.4286821534735219,0.3874006385555433
2021-07-15,Calaveras,009,45235.0,40700,44,16821,28,22790,15,1087,1,2072,30,21511,31,19439,13,0.0458052393058472,0.4755388526583398,0.4297336133524925
2021-07-15,Colusa,011,21464.0,18899,62,4247,33,13718,21,930,8,1194,24,10478,32,9284,36,0.0556280283265001,0.488166231830041,0.4325382035035408
2021-07-15,Contra Costa,013,1133247.0,1494926,1786,992743,1542,453734,167,48131,77,45056,836,792446,912,747390,939,0.0397583227663519,0.6992703267690098,0.6595120040026579
2021-07-15,Del Norte,015,27424.0,18925,29,6659,20,11275,7,954,2,1115,20,10420,22,9305,9,0.0406578179696616,0.3799591598599766,0.3393013418903151
2021-07-15,El Dorado,017,186661.0,190313,334,89488,239,93701,81,7101,13,9201,172,103019,185,93818,158,0.0492925678100942,0.5519042542362893,0.502611686426195
2021-07-15,Fresno,019,978130.0,878457,1629,456963,1151,388240,439,32808,37,56623,819,481698,856,425075,797,0.057889033155102,0.4924682813123,0.4345792481571979
2021-07-15,Glenn,021,27897.0,22035,54,8496,28,12346,16,1173,10,938,15,12028,25,11090,39,0.0336236871348173,0.4311574721296197,0.3975337849948023
2021-07-15,Humboldt,023,135768.0,140053,165,69389,92,63849,60,6695,13,6621,54,76354,66,69733,109,0.0487670143185434,0.5623858346591244,0.513618820340581
2021-07-15,Imperial,025,180216.0,222069,750,107248,539,100029,193,14757,17,23899,329,129799,345,105900,411,0.1326130865184001,0.720241266036312,0.5876281795179118
2021-07-15,Inyo,027,18085.0,17975,16,6538,8,10734,8,551,0,703,10,9521,10,8818,6,0.0388719933646668,0.5264583909317113,0.4875863975670445
2021-07-15,Kern,029,883053.0,656236,1458,333294,913,292552,501,30195,44,44646,758,364085,802,319439,688,0.0505586867379421,0.4123025458268077,0.3617438590888656
2021-07-15,Kings,031,150075.0,91904,143,41245,82,45924,58,4700,3,6762,81,51563,84,44801,62,0.0450574712643678,0.3435815425620523,0.2985240712976845
2021-07-15,Lake,033,64148.0,52905,114,15734,63,34730,42,2439,9,3018,52,29095,60,26077,59,0.0470474527654798,0.4535605163060422,0.4065130635405624
2021-07-15,Lassen,035,31185.0,11947,17,1584,3,9335,13,1014,1,638,8,6769,9,6131,9,0.0204585537918871,0.2170594837261504,0.1966009299342632
2021-07-15,Los Angeles,037,10098052.0,11266550,19273,6111181,13614,4708653,4783,442874,867,651459,9053,6157497,9916,5506038,10067,0.0645133338588472,0.6097707755911734,0.5452574417323262
2021-07-15,Madera,039,155013.0,122621,196,61956,93,55560,91,5026,12,7197,117,67052,128,59855,78,0.0464283640726906,0.4325572693903092,0.3861289053176185
2021-07-15,Marin,041,260295.0,383715,307,241709,232,130243,40,11745,35,12281,137,203399,171,191118,166,0.0471810830019785,0.781417238133656,0.7342361551316775
2021-07-15,Mariposa,043,17540.0,13393,30,2655,18,10185,10,531,2,2318,13,8060,15,5742,17,0.1321550741163056,0.4595210946408209,0.3273660205245154
2021-07-15,Mendocino,045,87422.0,94387,99,51058,73,40064,25,3254,1,5524,56,51377,57,45853,42,0.0631877559424401,0.5876895975841322,0.524501841641692
2021-07-15,Merced,047,269075.0,210708,476,121458,375,79277,92,9165,8,21720,246,118016,256,96296,226,0.0807209885719594,0.4385989036513983,0.3578779150794388
2021-07-15,Modoc,049,8938.0,5707,45,786,19,4542,23,369,3,242,12,3150,15,2908,33,0.0270754083687625,0.3524278362049675,0.325352427836205
2021-07-15,Mono,051,14174.0,15730,13,8679,6,6673,7,321,0,526,7,8244,7,7718,6,0.0371102017779032,0.5816283335685057,0.5445181317906025
2021-07-15,Monterey,053,433212.0,476211,892,222727,603,231823,279,21027,10,26793,405,260944,414,234151,481,0.0618473172488296,0.6023471187317064,0.5404998014828768
2021-07-15,Napa,055,140530.0,181010,202,93935,153,81873,43,5190,6,10112,95,97925,101,87813,105,0.0719561659432149,0.696826300434071,0.624870134490856
2021-07-15,Nevada,057,99092.0,104252,133,55368,98,46073,27,2769,7,5759,60,56176,66,50417,71,0.0581177087958664,0.5669075202841803,0.5087898114883139
2021-07-15,Orange,059,3164182.0,3671480,5543,2067430,4230,1488071,1099,114836,211,170468,2470,1971041,2675,1800573,3031,0.0538742714546761,0.6229227648725643,0.5690484934178881
2021-07-15,Placer,061,380077.0,418040,486,237857,354,169574,111,10595,21,17849,214,222823,235,204974,271,0.0469615367412392,0.5862575215022219,0.5392959847609826
2021-07-15,Plumas,063,18699.0,16808,40,1968,28,13763,11,1035,1,724,23,9206,24,8482,17,0.0387186480560457,0.4923257928231456,0.4536071447670998
2021-07-15,Riverside,065,2383286.0,2169141,4741,1223684,3447,880006,1100,64466,193,137936,2276,1182084,2470,1044148,2431,0.0578763941885279,0.4959891511132109,0.438112756924683
2021-07-15,Sacramento,067,1510023.0,1580704,2636,878993,1788,657309,730,44210,117,79726,1208,849929,1327,770203,1411,0.0527978712907021,0.5628583140786597,0.5100604427879575
2021-07-15,San Benito,069,59416.0,66604,158,36503,131,26994,22,3002,5,4028,74,36540,79,32512,83,0.0677931870203312,0.6149858623939679,0.5471926753736367
2021-07-15,San Bernardino,071,2135413.0,1794239,4195,1043081,3101,694221,967,56727,127,111766,2031,978776,2158,867010,2129,0.0523392898703904,0.4583544260524779,0.4060151361820875
2021-07-15,San Diego,073,3302833.0,3988285,6859,2132227,5140,1705033,1387,149998,330,249538,2912,2202896,3451,1953358,3853,0.0755527148965751,0.6669716573620283,0.5914189424654531
2021-07-15,San Francisco,075,870044.0,1248027,1024,796131,807,400138,165,51440,51,38305,475,667152,523,628847,527,0.0440265090041423,0.7668025984892718,0.7227760894851295
2021-07-15,San Joaquin,077,732212.0,700882,1594,392677,1184,284585,375,23576,34,53440,764,382888,799,329448,817,0.0729843269435628,0.5229195915936914,0.4499352646501287
2021-07-15,San Luis Obispo,079,281455.0,297558,356,151390,202,134942,146,11098,8,15706,159,161635,167,145929,195,0.0558028814552948,0.5742836332628661,0.5184807518075714
2021-07-15,San Mateo,081,765935.0,1060479,1036,650054,825,372270,146,37703,64,39963,419,567295,482,527332,609,0.0521754456970891,0.7406568442491857,0.6884813985520964
2021-07-15,Santa Barbara,083,443738.0,489492,926,282594,776,185280,137,21285,13,28986,375,269048,388,240062,548,0.0653223298432859,0.6063217484191121,0.5409994185758262
2021-07-15,Santa Clara,085,1922200.0,2699192,2791,1730193,2235,866457,432,98887,121,83520,1177,1434253,1296,1350733,1583,0.0434502132972635,0.7461518052231818,0.7027015919259182
2021-07-15,Santa Cruz,087,273765.0,339558,382,162385,286,168083,72,9049,24,13516,161,180474,185,166958,215,0.049370810731832,0.659229631253082,0.60985882052125
2021-07-15,Shasta,089,179085.0,122775,186,54332,106,62247,74,6150,6,9847,79,69212,85,59365,101,0.0549850629589301,0.3864756958985956,0.3314906329396655
2021-07-15,Sierra,091,2930.0,2696,4,203,1,2453,2,39,1,49,3,1384,4,1335,1,0.0167235494880546,0.4723549488054607,0.4556313993174061
2021-07-15,Siskiyou,093,43540.0,33583,77,13549,49,19021,23,978,5,2244,41,18342,46,16098,36,0.0515388148828663,0.4212677997243914,0.369728984841525
2021-07-15,Solano,095,438530.0,470354,650,253284,459,204374,145,12656,46,36655,274,259217,320,222562,372,0.0835860716484619,0.5911043714227077,0.5075182997742458
2021-07-15,Sonoma,097,501317.0,629662,974,343155,792,266642,120,19810,62,27502,442,337347,503,309845,527,0.0548595000767977,0.6729215247039299,0.6180620246271321
2021-07-15,Stanislaus,099,539301.0,467341,983,261191,665,189555,293,16301,25,37176,470,256184,496,219008,502,0.0689336752574165,0.4750297143895524,0.4060960391321359
2021-07-15,Sutter,101,95872.0,82901,181,33101,111,45940,62,3855,8,5218,75,45736,84,40518,104,0.05442673564753,0.4770527369826435,0.4226260013351134
2021-07-15,Tehama,103,63373.0,39583,46,14261,22,23827,20,1487,4,1922,20,21445,24,19523,26,0.030328373281997,0.3383933220772253,0.3080649487952283
2021-07-15,Trinity,105,12862.0,9279,17,1597,13,7106,2,571,2,568,7,5200,9,4632,10,0.0441610946975587,0.4042917120199036,0.3601306173223449
2021-07-15,Tulare,107,460477.0,349405,921,201595,678,137234,223,10509,19,24034,426,191394,445,167360,488,0.0521937034857332,0.4156429094178428,0.3634492059321095
2021-07-15,Tuolumne,109,53932.0,47413,30,12578,10,33913,15,917,5,2100,13,24773,18,22673,15,0.0389379218274864,0.4593376844915819,0.4203997626640955
2021-07-15,Ventura,111,848112.0,967502,1563,506745,1169,426461,321,33925,72,45140,745,521749,816,476609,805,0.0532241024770313,0.6151887958194201,0.5619646933423887
2021-07-15,Yolo,113,214977.0,248300,339,120564,252,120292,72,7414,15,12585,145,133884,160,121299,195,0.0585411462621582,0.6227829023569963,0.5642417560948381
2021-07-15,Yuba,115,75493.0,50196,112,18184,60,28892,44,3104,8,3130,44,28125,52,24995,66,0.041460797689852,0.3725510974527439,0.3310902997628919
2021-07-14,Alameda,001,1643700.0,2150610,2264,1352884,1696,690137,434,106886,133,77347,986,1163807,1114,1086460,1257,0.047056640506175,0.7080410050495832,0.6609843645434081
2021-07-14,Alpine,003,1148.0,1469,0,40,0,1423,0,6,0,84,0,774,0,690,0,0.073170731707317,0.6742160278745645,0.6010452961672473
2021-07-14,Amador,005,37829.0,35558,32,9315,15,25083,16,1159,1,2644,10,19226,11,16582,22,0.0698934679743054,0.5082344233260198,0.4383409553517143
2021-07-14,Butte,007,227075.0,178399,360,84132,272,87209,73,7037,15,9310,149,97083,164,87773,207,0.04099966971265,0.4275371573268743,0.3865374876142243
2021-07-14,Calaveras,009,45235.0,40656,41,16793,28,22775,13,1086,0,2054,20,21480,20,19426,20,0.0454073173427655,0.4748535426108102,0.4294462252680446
2021-07-14,Colusa,011,21464.0,18837,44,4214,21,13697,21,922,2,1198,18,10446,20,9248,26,0.0558143868803578,0.48667536339918,0.4308609765188222
2021-07-14,Contra Costa,013,1133247.0,1493140,1872,991201,1569,453567,223,48054,80,45083,799,791534,878,746451,1060,0.0397821481106943,0.6984655595823329,0.6586834114716386
2021-07-14,Del Norte,015,27424.0,18896,54,6639,26,11268,21,952,7,1102,15,10398,22,9296,39,0.040183780630105,0.3791569428238039,0.3389731621936989
2021-07-14,El Dorado,017,186661.0,189979,199,89249,118,93620,67,7088,14,9174,86,102834,99,93660,112,0.0491479205618742,0.5509131527207076,0.5017652321588334
2021-07-14,Fresno,019,978130.0,876828,1964,455812,1414,387801,483,32771,65,56564,847,480842,912,424278,1101,0.057828713974625,0.4915931420158874,0.4337644280412624
2021-07-14,Glenn,021,27897.0,21981,58,8468,44,12330,12,1163,2,952,26,12003,28,11051,31,0.0341255332114564,0.4302613184213356,0.3961357852098792
2021-07-14,Humboldt,023,135768.0,139888,253,69297,165,63789,75,6682,13,6664,100,76288,112,69624,151,0.0490837310706499,0.5618997112721702,0.5128159802015202
2021-07-14,Imperial,025,180216.0,221319,912,106709,667,99836,217,14740,28,23965,333,129454,360,105489,569,0.1329793137124339,0.7183268966129533,0.5853475829005194
2021-07-14,Inyo,027,18085.0,17959,19,6530,17,10726,2,551,0,699,14,9511,14,8812,2,0.0386508155930329,0.5259054465026265,0.4872546309095936
2021-07-14,Kern,029,883053.0,654778,1262,332381,786,292051,404,30151,72,44532,565,363283,631,318751,689,0.0504295891639573,0.411394333069476,0.3609647439055187
2021-07-14,Kings,031,150075.0,91761,176,41163,99,45866,70,4697,7,6740,92,51479,99,44739,84,0.0449108778943861,0.3430218224221222,0.2981109445277361
2021-07-14,Lake,033,64148.0,52791,141,15671,85,34688,31,2430,25,3017,52,29035,77,26018,87,0.0470318638149279,0.4526251792729313,0.4055933154580033
2021-07-14,Lassen,035,31185.0,11930,15,1581,3,9322,9,1013,3,638,9,6760,12,6122,6,0.0204585537918871,0.2167708834375501,0.1963123296456629
2021-07-14,Los Angeles,037,10098052.0,11247277,19490,6097567,13497,4703870,4912,442007,1057,651610,8765,6147581,9798,5495971,10547,0.0645282872379742,0.6087888040188345,0.5442605167808603
2021-07-14,Madera,039,155013.0,122425,189,61863,146,55469,38,5014,5,7147,73,66924,78,59777,116,0.0461058104804113,0.431731532194074,0.3856257217136627
2021-07-14,Marin,041,260295.0,383408,175,241477,131,130203,32,11710,12,12276,71,203228,82,190952,100,0.0471618740275456,0.7807602912080523,0.7335984171805068
2021-07-14,Mariposa,043,17540.0,13363,19,2637,8,10175,10,529,1,2320,9,8045,10,5725,9,0.1322690992018244,0.4586659064994299,0.3263968072976054
2021-07-14,Mendocino,045,87422.0,94288,84,50985,52,40039,21,3253,11,5509,38,51320,49,45811,45,0.0630161744183386,0.5870375877925464,0.5240214133742078
2021-07-14,Merced,047,269075.0,210232,481,121083,308,79185,159,9157,13,21690,233,117760,247,96070,242,0.0806094954938214,0.4376474960512868,0.3570380005574654
2021-07-14,Modoc,049,8938.0,5662,4,767,0,4519,4,366,0,260,1,3135,1,2875,3,0.0290892817185052,0.3507496084135153,0.32166032669501
2021-07-14,Mono,051,14174.0,15717,13,8673,10,6666,3,321,0,525,7,8237,7,7712,6,0.0370396500634965,0.5811344715676591,0.5440948215041626
2021-07-14,Monterey,053,433212.0,475319,870,222124,603,231544,244,21017,22,26860,445,260530,467,233670,415,0.0620019759378779,0.6013914665337063,0.5393894905958284
2021-07-14,Napa,055,140530.0,180808,174,93782,125,81830,34,5184,15,10116,73,97824,88,87708,101,0.071984629616452,0.696107592684836,0.624122963068384
2021-07-14,Nevada,057,99092.0,104119,154,55270,101,46046,35,2762,17,5764,64,56110,81,50346,85,0.0581681669559601,0.5662414725709441,0.5080733056149841
2021-07-14,Orange,059,3164182.0,3665937,5353,2063200,3954,1486972,1194,114625,203,170824,2325,1968366,2523,1797542,2975,0.0539867807856817,0.6220773647027888,0.5680905839171072
2021-07-14,Placer,061,380077.0,417554,595,237503,448,169463,121,10574,26,17885,229,222588,254,204703,363,0.0470562543905577,0.5856392257358377,0.53858297134528
2021-07-14,Plumas,063,18699.0,16768,33,1940,18,13752,12,1034,3,717,15,9182,18,8465,17,0.0383442964864431,0.4910423017273651,0.4526980052409219
2021-07-14,Riverside,065,2383286.0,2164400,4791,1220237,3530,878906,1125,64273,129,137897,2272,1179614,2400,1041717,2479,0.0578600302271737,0.4949527668941117,0.437092736666938
2021-07-14,Sacramento,067,1510023.0,1578068,2892,877205,1949,656579,794,44093,148,79810,1268,848602,1414,768792,1616,0.0528534995824566,0.5619795195172523,0.5091260199347957
2021-07-14,San Benito,069,59416.0,66446,132,36372,93,26972,32,2997,7,4032,51,36461,58,32429,80,0.0678605089538171,0.6136562542076208,0.5457957452538037
2021-07-14,San Bernardino,071,2135413.0,1790044,4180,1039980,3026,693254,996,56600,155,111737,1972,976618,2124,864881,2184,0.0523257093592668,0.4573438487074865,0.4050181393482198
2021-07-14,San Diego,073,3302833.0,3981426,6970,2127087,5168,1703646,1394,149668,405,249940,2866,2199445,3498,1949505,4039,0.0756744285890325,0.6659267967832464,0.5902523681942139
2021-07-14,San Francisco,075,870044.0,1247003,1086,795324,830,399973,166,51389,90,38309,436,666629,522,628320,633,0.044031106472776,0.7662014794654064,0.7221703729926302
2021-07-14,San Joaquin,077,732212.0,699288,1332,391493,987,284210,297,23542,48,53458,643,382089,691,328631,682,0.0730089099878177,0.5218283775737081,0.4488194675858904
2021-07-14,San Luis Obispo,079,281455.0,297202,444,151188,273,134796,124,11090,47,15734,189,161468,236,145734,253,0.0559023644987653,0.5736902879678812,0.5177879234691158
2021-07-14,San Mateo,081,765935.0,1059443,1126,649229,953,372124,117,37639,54,40090,454,566813,508,526723,661,0.052341256111811,0.7400275480295325,0.6876862919177215
2021-07-14,Santa Barbara,083,443738.0,488566,552,281818,367,185143,167,21272,16,29146,222,268660,238,239514,323,0.0656829029742776,0.6054473585764573,0.5397644556021797
2021-07-14,Santa Clara,085,1922200.0,2696401,2834,1727958,2266,866025,432,98766,131,83807,1126,1432957,1257,1349150,1680,0.04359952138175,0.7454775777754656,0.7018780563937156
2021-07-14,Santa Cruz,087,273765.0,339176,381,162099,264,168011,93,9025,24,13546,158,180289,181,166743,217,0.0494803937683779,0.6585538691943821,0.6090734754260041
2021-07-14,Shasta,089,179085.0,122589,165,54226,101,62173,59,6144,5,9863,73,69127,77,59264,82,0.05507440600832,0.3860010609487115,0.3309266549403914
2021-07-14,Sierra,091,2930.0,2692,4,202,1,2451,2,38,1,46,0,1380,1,1334,4,0.0156996587030716,0.4709897610921502,0.4552901023890785
2021-07-14,Siskiyou,093,43540.0,33506,42,13500,12,18998,28,973,2,2234,16,18296,18,16062,24,0.0513091410197519,0.4202112999540652,0.3689021589343133
2021-07-14,Solano,095,438530.0,469704,769,252825,606,204229,121,12610,42,36707,373,258897,413,222190,390,0.0837046496248831,0.590374660798577,0.5066700111736939
2021-07-14,Sonoma,097,501317.0,628688,738,342363,584,266522,116,19748,38,27526,327,336844,365,309318,409,0.0549073739769447,0.671918167546682,0.6170107935697373
2021-07-14,Stanislaus,099,539301.0,466358,922,260526,618,189262,282,16276,22,37182,440,255688,459,218506,473,0.0689448007698854,0.4741100053587885,0.405165204588903
2021-07-14,Sutter,101,95872.0,82720,193,32990,98,45878,88,3847,7,5238,92,45652,99,40414,100,0.054635347129506,0.4761765687583444,0.4215412216288384
2021-07-14,Tehama,103,63373.0,39537,110,14239,88,23807,22,1483,0,1924,37,21421,37,19497,72,0.0303599324633519,0.3380146119009672,0.3076546794376154
2021-07-14,Trinity,105,12862.0,9262,14,1584,7,7104,1,569,6,569,5,5191,11,4622,9,0.0442388431037163,0.4035919763644845,0.3593531332607682
2021-07-14,Tulare,107,460477.0,348484,729,200917,504,137011,200,10490,25,24077,344,190949,369,166872,382,0.0522870849141216,0.4146765202170792,0.3623894353029576
2021-07-14,Tuolumne,109,53932.0,47383,51,12568,15,33898,34,912,2,2097,23,24755,25,22658,26,0.0388822962248757,0.4590039308759178,0.4201216346510421
2021-07-14,Ventura,111,848112.0,965939,1235,505576,831,426140,336,33853,68,45129,514,520933,581,475804,711,0.053211132491935,0.6142266587431848,0.5610155262512498
2021-07-14,Yolo,113,214977.0,247961,252,120312,161,120220,83,7399,8,12620,109,133724,118,121104,141,0.0587039543765147,0.6220386366913669,0.5633346823148523
2021-07-14,Yuba,115,75493.0,50084,101,18124,63,28848,31,3096,7,3144,51,28073,58,24929,50,0.0416462453472507,0.3718622918681202,0.3302160465208695
2021-07-13,Alameda,001,1643700.0,2148346,2800,1351188,2183,689703,464,106753,149,77490,1161,1162693,1308,1085203,1600,0.0471436393502463,0.7073632658027621,0.6602196264525156
2021-07-13,Alpine,003,1148.0,1469,0,40,0,1423,0,6,0,84,0,774,0,690,0,0.073170731707317,0.6742160278745645,0.6010452961672473
2021-07-13,Amador,005,37829.0,35526,35,9300,17,25067,13,1158,5,2655,16,19215,21,16560,19,0.0701842501784345,0.5079436411218906,0.437759390943456
2021-07-13,Butte,007,227075.0,178039,329,83860,247,87136,73,7022,9,9353,155,96919,164,87566,173,0.0411890344599801,0.4268149289882197,0.3856258945282396
2021-07-13,Calaveras,009,45235.0,40615,38,16765,17,22762,20,1086,1,2054,18,21460,19,19406,19,0.0454073173427655,0.474411407096275,0.4290040897535094
2021-07-13,Colusa,011,21464.0,18793,46,4193,26,13676,20,920,0,1204,24,10426,24,9222,22,0.0560939247111442,0.4857435706298919,0.4296496459187476
2021-07-13,Contra Costa,013,1133247.0,1491268,2132,989632,1821,453344,232,47974,79,45265,859,790656,940,745391,1262,0.0399427485799653,0.6976907946811243,0.6577480461011589
2021-07-13,Del Norte,015,27424.0,18842,25,6613,13,11247,8,945,4,1119,10,10376,14,9257,15,0.0408036756126021,0.3783547257876313,0.3375510501750292
2021-07-13,El Dorado,017,186661.0,189780,317,89131,209,93553,83,7074,25,9187,138,102735,164,93548,177,0.0492175655332394,0.5503827794772341,0.5011652139439947
2021-07-13,Fresno,019,978130.0,874864,1668,454398,1188,387318,443,32706,36,56753,689,479930,726,423177,972,0.0580219398239497,0.4906607506159713,0.4326388107920215
2021-07-13,Glenn,021,27897.0,21923,38,8424,25,12318,11,1161,2,955,15,11975,17,11020,23,0.0342330716564505,0.4292576262680575,0.3950245546116069
2021-07-13,Humboldt,023,135768.0,139635,201,69132,136,63714,45,6669,20,6703,61,76176,81,69473,138,0.0493709857993047,0.5610747746155206,0.5117037888162159
2021-07-13,Imperial,025,180216.0,220407,768,106042,566,99619,182,14712,20,24174,352,129094,372,104920,406,0.1341390331602077,0.7163292937364052,0.5821902605761975
2021-07-13,Inyo,027,18085.0,17940,21,6513,19,10724,2,551,0,687,7,9497,7,8810,14,0.037987282278131,0.5251313243019077,0.4871440420237766
2021-07-13,Kern,029,883053.0,653516,1334,331595,751,291647,532,30079,51,44590,621,362652,672,318062,706,0.0504952703858092,0.4106797666731215,0.3601844962873123
2021-07-13,Kings,031,150075.0,91585,145,41064,109,45796,35,4690,1,6725,77,51380,78,44655,68,0.0448109278693986,0.3423621522572047,0.2975512243878061
2021-07-13,Lake,033,64148.0,52650,128,15586,54,34657,72,2405,2,3027,55,28958,57,25931,73,0.0471877533204464,0.451424830080439,0.4042370767599925
2021-07-13,Lassen,035,31185.0,11915,24,1578,0,9313,21,1010,3,632,12,6748,15,6116,12,0.0202661535994869,0.2163860830527497,0.1961199294532628
2021-07-13,Los Angeles,037,10098052.0,11227787,19439,6084070,13138,4698958,5182,440950,1107,652359,8893,6137783,9985,5485424,10361,0.064602459959604,0.6078185178685949,0.5432160579089907
2021-07-13,Madera,039,155013.0,122236,242,61717,194,55431,34,5009,14,7185,140,66846,154,59661,101,0.0463509512105436,0.4312283485901182,0.3848773973795746
2021-07-13,Marin,041,260295.0,383233,322,241346,249,130171,45,11698,28,12294,139,203146,168,190852,178,0.0472310263355039,0.7804452640273536,0.7332142376918497
2021-07-13,Mariposa,043,17540.0,13344,13,2629,7,10165,6,528,0,2319,11,8035,11,5716,2,0.132212086659065,0.4580957810718358,0.3258836944127708
2021-07-13,Mendocino,045,87422.0,94204,244,50933,144,40018,75,3242,25,5505,135,51271,161,45766,107,0.0629704193452449,0.5864770881471483,0.5235066688019034
2021-07-13,Merced,047,269075.0,209751,455,120775,336,79026,101,9144,17,21685,203,117513,222,95828,247,0.0805909133141317,0.4367295363746167,0.356138623060485
2021-07-13,Modoc,049,8938.0,5658,7,767,2,4515,5,366,0,262,3,3134,3,2872,4,0.0293130454240322,0.3506377265607519,0.3213246811367196
2021-07-13,Mono,051,14174.0,15704,3,8663,3,6663,0,321,0,524,3,8230,3,7706,0,0.0369690983490898,0.5806406095668125,0.5436715112177226
2021-07-13,Monterey,053,433212.0,474449,827,221521,615,231300,192,20995,19,26808,272,260063,290,233255,549,0.0618819423284673,0.6003134723876532,0.5384315300591858
2021-07-13,Napa,055,140530.0,180634,304,93657,257,81796,30,5169,17,10129,188,97736,204,87607,114,0.0720771365544723,0.6954813918736213,0.6234042553191489
2021-07-13,Nevada,057,99092.0,103965,159,55169,118,46011,32,2745,9,5768,66,56029,75,50261,91,0.058208533484035,0.565424050377427,0.507215516893392
2021-07-13,Orange,059,3164182.0,3660584,5687,2059246,4140,1485778,1326,114422,220,171276,2512,1965843,2733,1794567,3123,0.0541296297115652,0.6212800022249036,0.5671503725133383
2021-07-13,Placer,061,380077.0,416959,508,237055,387,169342,105,10548,16,17994,243,222334,259,204340,264,0.0473430383843273,0.58497094009898,0.5376279017146526
2021-07-13,Plumas,063,18699.0,16735,24,1922,15,13740,7,1031,2,716,11,9164,13,8448,13,0.0382908176907856,0.4900796834055297,0.4517888657147441
2021-07-13,Riverside,065,2383286.0,2159609,4961,1216707,3684,877781,1132,64144,141,137976,2421,1177214,2560,1039238,2502,0.0578931777386348,0.4939457538876995,0.4360525761490648
2021-07-13,Sacramento,067,1510023.0,1575176,2952,875256,1997,655785,815,43945,140,80012,1351,847188,1489,767176,1592,0.0529872723792948,0.561043109939385,0.5080558375600901
2021-07-13,San Benito,069,59416.0,66314,141,36279,76,26940,62,2990,3,4054,56,36403,59,32349,84,0.0682307795879897,0.6126800861720748,0.5444493065840851
2021-07-13,San Bernardino,071,2135413.0,1785864,4735,1036954,3458,692258,1121,56445,156,111797,2199,974494,2353,862697,2501,0.052353806968488,0.4563491933410539,0.4039953863725659
2021-07-13,San Diego,073,3302833.0,3974456,7339,2121919,5407,1702252,1560,149263,369,250481,3052,2195947,3621,1945466,4232,0.0758382273642052,0.6648677059966398,0.5890294786324346
2021-07-13,San Francisco,075,870044.0,1245917,1001,794494,789,399807,134,51299,77,38420,411,666107,483,627687,572,0.0441586862273632,0.7656015098086993,0.7214428235813362
2021-07-13,San Joaquin,077,732212.0,697956,1362,390506,889,283913,425,23494,48,53449,678,381398,726,327949,670,0.0729966184656902,0.5208846618192545,0.4478880433535642
2021-07-13,San Luis Obispo,079,281455.0,296758,407,150915,274,134672,125,11043,8,15751,156,161232,164,145481,244,0.0559627649180153,0.5728517880300581,0.5168890231120428
2021-07-13,San Mateo,081,765935.0,1058317,1085,648276,869,372007,154,37585,62,40243,448,566305,510,526062,627,0.0525410119657673,0.739364306370645,0.6868232944048777
2021-07-13,Santa Barbara,083,443738.0,488014,455,281451,311,184976,132,21256,10,29231,214,268422,224,239191,233,0.0658744574501169,0.6049110060441071,0.5390365485939902
2021-07-13,Santa Clara,085,1922200.0,2693567,3059,1725692,2372,865593,537,98635,147,84230,1190,1431700,1335,1347470,1831,0.0438195817292685,0.7448236395796484,0.7010040578503798
2021-07-13,Santa Cruz,087,273765.0,338795,532,161835,410,167918,106,9001,16,13582,203,180108,218,166526,321,0.0496118934122331,0.6578927182072215,0.6082808247949884
2021-07-13,Shasta,089,179085.0,122424,230,54125,135,62114,84,6139,11,9868,112,69050,123,59182,116,0.0551023257112544,0.3855710975235223,0.3304687718122679
2021-07-13,Sierra,091,2930.0,2688,1,201,1,2449,0,37,0,49,0,1379,0,1330,1,0.0167235494880546,0.4706484641638225,0.4539249146757679
2021-07-13,Siskiyou,093,43540.0,33464,58,13488,26,18970,30,971,2,2240,25,18278,27,16038,33,0.0514469453376205,0.4197978870004593,0.3683509416628387
2021-07-13,Solano,095,438530.0,468935,782,252219,549,204108,191,12568,42,36684,347,258484,389,221800,431,0.0836522016737737,0.5894328780243084,0.5057806763505347
2021-07-13,Sonoma,097,501317.0,627950,1057,341779,857,266406,141,19710,59,27570,407,336479,465,308909,644,0.0549951427938809,0.6711900853152796,0.6161949425213986
2021-07-13,Stanislaus,099,539301.0,465436,944,259908,713,188980,190,16254,41,37196,469,255229,508,218033,461,0.0689707602989796,0.4732589036549163,0.4042881433559366
2021-07-13,Sutter,101,95872.0,82527,160,32892,89,45790,67,3840,4,5239,78,45553,82,40314,79,0.0546457777036048,0.4751439419225634,0.4204981642189586
2021-07-13,Tehama,103,63373.0,39427,54,14151,21,23785,25,1483,8,1959,23,21384,31,19425,31,0.0309122181370615,0.3374307670459028,0.3065185489088413
2021-07-13,Trinity,105,12862.0,9248,18,1577,12,7103,6,563,0,567,8,5180,8,4613,10,0.044083346291401,0.4027367438967501,0.3586533976053491
2021-07-13,Tulare,107,460477.0,347755,654,200413,448,136811,184,10465,22,24090,296,190580,318,166490,354,0.0523153165087507,0.4138751772618393,0.3615598607530886
2021-07-13,Tuolumne,109,53932.0,47332,37,12553,12,33864,24,910,1,2098,20,24730,21,22632,14,0.0389008380924126,0.4585403841874954,0.4196395460950827
2021-07-13,Ventura,111,848112.0,964704,1442,504745,934,425804,452,33785,56,45259,667,520352,723,475093,769,0.0533644141339823,0.6135416077121889,0.5601771935782066
2021-07-13,Yolo,113,214977.0,247709,350,120151,216,120137,102,7391,32,12643,142,133606,164,120963,195,0.0588109425659489,0.6214897407629654,0.5626787981970164
2021-07-13,Yuba,115,75493.0,49983,130,18061,72,28817,49,3089,9,3136,56,28015,65,24879,74,0.0415402752573086,0.3710940087160399,0.3295537334587313
2021-07-12,Alameda,001,1643700.0,2145546,2674,1349005,2061,689239,475,106604,137,77782,1047,1161385,1180,1083603,1603,0.0473212873395388,0.7065675001520959,0.659246212812557
2021-07-12,Alpine,003,1148.0,1469,0,40,0,1423,0,6,0,84,0,774,0,690,0,0.073170731707317,0.6742160278745645,0.6010452961672473
2021-07-12,Amador,005,37829.0,35491,37,9283,18,25054,14,1153,5,2653,26,19194,31,16541,11,0.0701313806867747,0.5073885114594623,0.4372571307726876
2021-07-12,Butte,007,227075.0,177710,203,83613,124,87063,66,7013,13,9362,95,96755,107,87393,105,0.0412286689419795,0.4260927006495651,0.3848640317075856
2021-07-12,Calaveras,009,45235.0,40577,39,16748,19,22742,20,1085,0,2054,23,21441,23,19387,17,0.0454073173427655,0.4739913783574666,0.428584061014701
2021-07-12,Colusa,011,21464.0,18747,24,4167,11,13656,12,920,1,1202,6,10402,7,9200,18,0.0560007454342154,0.4846254193067462,0.4286246738725307
2021-07-12,Contra Costa,013,1133247.0,1489136,2170,987811,1892,453112,205,47895,71,45587,903,789716,973,744129,1254,0.0402268878717525,0.6968613197299441,0.6566344318581916
2021-07-12,Del Norte,015,27424.0,18817,19,6600,13,11239,5,941,1,1120,8,10362,9,9242,11,0.0408401400233372,0.3778442240373396,0.3370040840140023
2021-07-12,El Dorado,017,186661.0,189463,259,88922,183,93470,67,7049,9,9200,120,102571,129,93371,139,0.0492872105046046,0.5495041813769347,0.5002169708723301
2021-07-12,Fresno,019,978130.0,873196,1724,453210,1311,386875,346,32670,67,56999,742,479204,809,422205,968,0.0582734401357692,0.4899185179884064,0.4316450778526371
2021-07-12,Glenn,021,27897.0,21885,31,8399,25,12307,4,1159,2,961,13,11958,15,10997,17,0.0344481485464386,0.4286482417464243,0.3942000931999856
2021-07-12,Humboldt,023,135768.0,139434,122,68996,71,63669,45,6649,6,6760,60,76095,66,69335,62,0.0497908196334924,0.5604781686406223,0.5106873490071299
2021-07-12,Imperial,025,180216.0,219639,722,105476,534,99437,172,14692,16,24208,273,128722,288,104514,440,0.1343276956541039,0.7142651040973055,0.5799374084432015
2021-07-12,Inyo,027,18085.0,17919,19,6494,6,10722,13,551,0,694,11,9490,11,8796,8,0.0383743433784904,0.5247442632015482,0.4863699198230578
2021-07-12,Kern,029,883053.0,652182,1400,330844,957,291115,356,30028,86,44624,575,361980,661,317356,814,0.0505337731710327,0.4099187704475269,0.3593849972764941
2021-07-12,Kings,031,150075.0,91440,220,40955,149,45761,60,4689,10,6715,88,51302,98,44587,129,0.0447442945194069,0.3418424121272697,0.2970981176078627
2021-07-12,Lake,033,64148.0,52522,91,15532,45,34585,37,2403,9,3043,43,28901,52,25858,47,0.047437176529276,0.4505362598989836,0.4030990833697075
2021-07-12,Lassen,035,31185.0,11891,8,1578,1,9292,6,1007,1,629,2,6733,3,6104,6,0.0201699535032868,0.2159050825717492,0.1957351290684624
2021-07-12,Los Angeles,037,10098052.0,11208348,18983,6070932,13605,4693776,4221,439843,1143,652735,7905,6127798,9026,5475063,10912,0.0646396948639203,0.606829713295198,0.5421900184312777
2021-07-12,Madera,039,155013.0,121994,134,61523,96,55397,31,4995,7,7132,66,66692,73,59560,67,0.0460090444027275,0.4302348835258978,0.3842258391231703
2021-07-12,Marin,041,260295.0,382911,414,241097,314,130126,44,11670,56,12304,139,202978,195,190674,273,0.0472694442843696,0.7797998424864097,0.73253039820204
2021-07-12,Mariposa,043,17540.0,13331,14,2622,9,10159,4,528,1,2310,6,8024,7,5714,8,0.1316989737742303,0.4574686431014823,0.325769669327252
2021-07-12,Mendocino,045,87422.0,93960,86,50789,33,39943,51,3217,2,5451,40,51110,42,45659,46,0.0623527258584795,0.5846354464551257,0.5222827205966462
2021-07-12,Merced,047,269075.0,209296,397,120439,268,78925,115,9127,13,21710,173,117291,187,95581,222,0.0806838242125801,0.435904487596395,0.3552206633838149
2021-07-12,Modoc,049,8938.0,5651,0,765,0,4510,0,366,0,263,0,3131,0,2868,0,0.0294249272767957,0.3503020810024614,0.3208771537256657
2021-07-12,Mono,051,14174.0,15701,16,8660,9,6663,7,321,0,521,10,8227,10,7706,6,0.0367574432058699,0.5804289544235925,0.5436715112177226
2021-07-12,Monterey,053,433212.0,473622,633,220906,443,231108,171,20976,18,27067,269,259773,287,232706,357,0.062479802036878,0.5996440541813246,0.5371642521444466
2021-07-12,Napa,055,140530.0,180330,161,93400,120,81766,31,5152,10,10039,70,97532,80,87493,90,0.0714367039066391,0.6940297445385327,0.6225930406318936
2021-07-12,Nevada,057,99092.0,103806,92,55051,47,45979,38,2736,6,5784,52,55954,58,50170,37,0.0583699995963347,0.5646671779760223,0.5062971783796876
2021-07-12,Orange,059,3164182.0,3654897,6187,2055106,4689,1484452,1187,114202,309,171666,2305,1963110,2611,1791444,3844,0.0542528843157568,0.6204162718832229,0.5661633875674661
2021-07-12,Placer,061,380077.0,416451,510,236668,385,169237,89,10532,36,17999,245,222075,281,204076,263,0.0473561936133993,0.5842894992330502,0.5369333056196508
2021-07-12,Plumas,063,18699.0,16711,9,1907,5,13733,3,1029,1,716,4,9151,5,8435,5,0.0382908176907856,0.4893844590619819,0.4510936413711963
2021-07-12,Riverside,065,2383286.0,2154648,4016,1213023,3124,876649,728,64003,161,137918,1826,1174654,1983,1036736,2156,0.0578688415909798,0.4928716066808599,0.4350027650898801
2021-07-12,Sacramento,067,1510023.0,1572224,2675,873259,1941,654970,609,43805,123,80115,1238,845699,1361,765584,1422,0.0530554832608509,0.5600570322438797,0.5070015489830287
2021-07-12,San Benito,069,59416.0,66173,90,36203,58,26878,28,2987,4,4079,37,36344,40,32265,53,0.0686515416722768,0.6116870876531574,0.5430355459808806
2021-07-12,San Bernardino,071,2135413.0,1781129,3634,1033496,2721,691137,736,56289,176,111945,1660,972141,1834,860196,1958,0.0524231144045671,0.4552472987660935,0.4028241843615263
2021-07-12,San Diego,073,3302833.0,3967117,6533,2116512,4712,1700692,1369,148894,450,251092,2527,2192326,3125,1941234,3954,0.0760232200659252,0.663771374453386,0.5877481543874608
2021-07-12,San Francisco,075,870044.0,1244916,1324,793705,1055,399673,179,51222,87,38509,514,665624,600,627115,789,0.0442609799044646,0.7650463654711716,0.720785385566707
2021-07-12,San Joaquin,077,732212.0,696594,1395,389617,933,283488,418,23446,44,53393,621,380672,666,327279,747,0.0729201378835637,0.5198931457009719,0.446973007817408
2021-07-12,San Luis Obispo,079,281455.0,296351,283,150641,222,134547,54,11035,7,15831,120,161068,127,145237,161,0.0562470021850739,0.5722691016325878,0.5160220994475138
2021-07-12,San Mateo,081,765935.0,1057232,1097,647407,949,371853,110,37523,38,40360,401,565795,437,525435,686,0.0526937664423221,0.7386984535241241,0.686004687081802
2021-07-12,Santa Barbara,083,443738.0,487559,529,281140,327,184844,177,21246,25,29240,213,268198,238,238958,316,0.0658947396887352,0.6044062036607187,0.5385114639719835
2021-07-12,Santa Clara,085,1922200.0,2690508,3401,1723320,2667,865056,558,98488,175,84726,1250,1430365,1425,1345639,2112,0.0440776193944438,0.7441291228800333,0.7000515034855894
2021-07-12,Santa Cruz,087,273765.0,338263,369,161425,271,167812,84,8985,14,13685,147,179890,160,166205,217,0.0499881285043741,0.657096414808321,0.6071082863039469
2021-07-12,Shasta,089,179085.0,122194,155,53990,78,62030,59,6128,18,9861,69,68927,87,59066,85,0.0550632381271463,0.3848842728313371,0.3298210347041908
2021-07-12,Sierra,091,2930.0,2687,2,200,1,2449,1,37,0,50,1,1379,1,1329,1,0.0170648464163822,0.4706484641638225,0.4535836177474402
2021-07-12,Siskiyou,093,43540.0,33406,25,13462,11,18940,13,969,1,2246,4,18251,5,16005,21,0.0515847496554892,0.4191777675700505,0.3675930179145613
2021-07-12,Solano,095,438530.0,468153,814,251670,643,203917,127,12526,44,36726,330,258095,374,221369,481,0.0837479761931908,0.5885458235468497,0.5047978473536588
2021-07-12,Sonoma,097,501317.0,626893,585,340922,429,266265,110,19651,46,27749,238,336014,283,308265,342,0.055352202299144,0.6702625284999312,0.6149103262007871
2021-07-12,Stanislaus,099,539301.0,464492,1025,259195,762,188790,224,16213,38,37149,486,254721,525,217572,525,0.0688836104513064,0.4723169435992145,0.4034333331479081
2021-07-12,Sutter,101,95872.0,82367,142,32803,86,45723,45,3836,11,5236,63,45471,74,40235,77,0.0546144859813084,0.4742886348464619,0.4196741488651535
2021-07-12,Tehama,103,63373.0,39373,53,14130,22,23760,22,1475,9,1959,25,21353,34,19394,28,0.0309122181370615,0.3369415997349029,0.3060293815978414
2021-07-12,Trinity,105,12862.0,9230,34,1565,11,7097,22,563,1,569,9,5172,10,4603,25,0.0442388431037163,0.4021147566474887,0.3578759135437723
2021-07-12,Tulare,107,460477.0,347101,549,199965,415,136627,114,10443,19,24126,272,190262,291,166136,273,0.0523934963092619,0.4131845890239903,0.3607910927147284
2021-07-12,Tuolumne,109,53932.0,47295,52,12541,12,33840,40,909,0,2091,14,24709,14,22618,38,0.0387710450196543,0.4581510049692205,0.4193799599495661
2021-07-12,Ventura,111,848112.0,963262,1429,503811,1094,425352,270,33729,65,45305,597,519629,661,474324,825,0.0534186522534759,0.6126891259644952,0.5592704737110193
2021-07-12,Yolo,113,214977.0,247359,215,119935,153,120035,52,7359,10,12674,100,133442,110,120768,114,0.0589551440386646,0.6207268684556952,0.5617717244170306
2021-07-12,Yuba,115,75493.0,49853,104,17989,63,28768,26,3080,15,3145,41,27950,56,24805,63,0.0416594916084935,0.3702330017352602,0.3285735101267667
2021-07-11,Alameda,001,1643700.0,2142872,1047,1346944,828,688764,155,106467,64,78205,409,1160205,472,1082000,621,0.0475786335706029,0.7058496075926264,0.6582709740220235
2021-07-11,Alpine,003,1148.0,1469,0,40,0,1423,0,6,0,84,0,774,0,690,0,0.073170731707317,0.6742160278745645,0.6010452961672473
2021-07-11,Amador,005,37829.0,35454,4,9265,2,25040,2,1148,0,2633,0,19163,0,16530,4,0.0696026857701763,0.5065690343387348,0.4369663485685585
2021-07-11,Butte,007,227075.0,177507,52,83489,36,86997,10,7000,6,9360,28,96648,34,87288,22,0.041219861279313,0.4256214906969063,0.3844016294175933
2021-07-11,Calaveras,009,45235.0,40538,21,16729,12,22722,8,1085,1,2048,14,21418,15,19370,7,0.045274676688405,0.4734829225157511,0.428208245827346
2021-07-11,Colusa,011,21464.0,18723,4,4156,4,13644,0,919,0,1213,1,10395,1,9182,3,0.0565132314573238,0.4842992918374953,0.4277860603801715
2021-07-11,Contra Costa,013,1133247.0,1486966,706,985919,478,452907,145,47824,82,45868,286,788743,368,742875,415,0.0404748479369457,0.6960027249134566,0.6555278769765108
2021-07-11,Del Norte,015,27424.0,18798,5,6587,4,11234,1,940,0,1122,2,10353,2,9231,3,0.0409130688448074,0.3775160443407234,0.336602975495916
2021-07-11,El Dorado,017,186661.0,189204,90,88739,68,93403,14,7040,8,9210,28,102442,36,93232,62,0.0493407835595009,0.5488130889687722,0.4994723054092713
2021-07-11,Fresno,019,978130.0,871472,486,451899,360,386529,116,32603,10,57158,253,478395,263,421237,228,0.0584359952153599,0.4890914295645773,0.4306554343492174
2021-07-11,Glenn,021,27897.0,21854,9,8374,8,12303,1,1157,0,963,2,11943,2,10980,7,0.0345198408431014,0.4281105495214539,0.3935907086783525
2021-07-11,Humboldt,023,135768.0,139312,82,68925,55,63624,15,6643,12,6756,37,76029,49,69273,43,0.0497613576100406,0.559992045253668,0.5102306876436273
2021-07-11,Imperial,025,180216.0,218917,99,104942,44,99265,55,14676,0,24360,48,128434,48,104074,49,0.1351711279797576,0.7126670217960669,0.5774958938163093
2021-07-11,Inyo,027,18085.0,17900,2,6488,2,10709,0,551,0,691,1,9479,1,8788,1,0.038208460049765,0.5241360243295549,0.4859275642797899
2021-07-11,Kern,029,883053.0,650782,554,329887,470,290759,78,29942,6,44777,237,361319,243,316542,314,0.0507070357045386,0.409170231005387,0.3584631953008483
2021-07-11,Kings,031,150075.0,91220,88,40806,76,45701,8,4679,4,6746,45,51204,49,44458,43,0.0449508579043811,0.3411894052973513,0.2962385473929702
2021-07-11,Lake,033,64148.0,52431,16,15487,3,34548,12,2394,1,3038,6,28849,7,25811,10,0.0473592317765168,0.4497256344702874,0.4023664026937706
2021-07-11,Lassen,035,31185.0,11883,1,1577,1,9286,0,1006,0,632,0,6730,0,6098,1,0.0202661535994869,0.2158088824755491,0.1955427288760622
2021-07-11,Los Angeles,037,10098052.0,11189365,6742,6057327,4827,4689555,1609,438700,303,654621,3278,6118772,3578,5464151,3414,0.0648264635595063,0.6059358775336074,0.5411094139741012
2021-07-11,Madera,039,155013.0,121860,74,61427,58,55366,12,4988,4,7126,34,66619,38,59493,40,0.0459703379716539,0.4297639552811699,0.383793617309516
2021-07-11,Marin,041,260295.0,382497,105,240783,82,130082,9,11614,14,12382,34,202783,47,190401,71,0.0475691042855222,0.7790506924835283,0.7314815881980061
2021-07-11,Mariposa,043,17540.0,13317,0,2613,0,10155,0,527,0,2311,0,8017,0,5706,0,0.1317559863169897,0.4570695553021665,0.3253135689851767
2021-07-11,Mendocino,045,87422.0,93874,20,50756,10,39892,5,3215,5,5455,7,51068,12,45613,13,0.0623984809315732,0.5841550181876416,0.5217565372560683
2021-07-11,Merced,047,269075.0,208899,223,120171,186,78810,33,9114,4,21745,86,117104,90,95359,134,0.0808138994704078,0.4352095140760011,0.3543956146055932
2021-07-11,Modoc,049,8938.0,5651,1,765,0,4510,1,366,0,263,1,3131,1,2868,0,0.0294249272767957,0.3503020810024614,0.3208771537256657
2021-07-11,Mono,051,14174.0,15685,0,8651,0,6656,0,321,0,517,0,8217,0,7700,0,0.0364752363482432,0.5797234372795259,0.5432482009312827
2021-07-11,Monterey,053,433212.0,472989,209,220463,142,230937,59,20958,8,27137,106,259486,114,232349,99,0.0626413857418538,0.5989815609909236,0.5363401752490697
2021-07-11,Napa,055,140530.0,180169,62,93280,57,81735,5,5142,0,10049,22,97452,22,87403,36,0.0715078630897317,0.693460471073792,0.6219526079840604
2021-07-11,Nevada,057,99092.0,103714,17,55004,10,45941,7,2730,0,5763,9,55896,9,50133,8,0.0581580753239413,0.564081863318936,0.5059237879949946
2021-07-11,Orange,059,3164182.0,3648710,2371,2050417,1870,1483265,461,113893,40,172899,1147,1960499,1188,1787600,1204,0.05464255848747,0.6195910981100329,0.5649485396225628
2021-07-11,Placer,061,380077.0,415941,238,236283,186,169148,38,10496,14,17981,108,221794,122,203813,130,0.0473088347887401,0.5835501753592035,0.5362413405704634
2021-07-11,Plumas,063,18699.0,16702,3,1902,1,13730,2,1028,0,716,2,9146,2,8430,1,0.0382908176907856,0.4891170650836943,0.4508262473929087
2021-07-11,Riverside,065,2383286.0,2150632,1192,1209899,926,875921,232,63842,34,138091,612,1172671,645,1034580,574,0.057941430445192,0.4920395621843119,0.4340981317391199
2021-07-11,Sacramento,067,1510023.0,1569549,838,871318,584,654361,227,43682,27,80176,378,844338,405,764162,457,0.0530958799965298,0.5591557214691432,0.5060598414726133
2021-07-11,San Benito,069,59416.0,66083,43,36145,36,26850,7,2983,0,4092,9,36304,9,32212,34,0.0688703379561061,0.6110138683182981,0.542143530362192
2021-07-11,San Bernardino,071,2135413.0,1777495,1294,1030775,967,690401,286,56113,41,112069,638,970307,679,858238,649,0.0524811827969577,0.4543884485108969,0.4019072657139392
2021-07-11,San Diego,073,3302833.0,3960584,2170,2111800,1601,1699323,382,148444,186,251921,944,2189201,1194,1937280,1210,0.0762742167103211,0.6628252170182386,0.5865510003079175
2021-07-11,San Francisco,075,870044.0,1243592,508,792650,432,399494,55,51135,21,38698,194,665024,214,626326,305,0.0444782102974102,0.7643567451761061,0.7198785348786958
2021-07-11,San Joaquin,077,732212.0,695199,602,388684,469,283070,109,23402,24,53474,311,380006,335,326532,287,0.073030761582711,0.5189835730635389,0.4459528114808279
2021-07-11,San Luis Obispo,079,281455.0,296068,74,150419,46,134493,21,11028,7,15865,36,160941,43,145076,36,0.0563678030235739,0.5718178749711321,0.5154500719475582
2021-07-11,San Mateo,081,765935.0,1056135,496,646458,396,371743,66,37485,34,40609,217,565358,251,524749,268,0.0530188593026823,0.7381279090262228,0.6851090497235405
2021-07-11,Santa Barbara,083,443738.0,487030,242,280813,182,184667,47,21221,13,29318,99,267960,112,238642,142,0.0660705190900937,0.6038698511283686,0.5377993320382748
2021-07-11,Santa Clara,085,1922200.0,2687107,1315,1720653,1010,864498,273,98313,31,85413,543,1428940,573,1343527,762,0.0444350223702008,0.7433877848298824,0.6989527624596816
2021-07-11,Santa Cruz,087,273765.0,337894,120,161154,96,167728,21,8971,3,13742,60,179730,63,165988,59,0.0501963362738114,0.6565119719467426,0.6063156356729311
2021-07-11,Shasta,089,179085.0,122039,44,53912,22,61971,20,6110,2,9859,16,68840,18,58981,28,0.0550520702459725,0.3843984700002792,0.3293463997543066
2021-07-11,Sierra,091,2930.0,2685,0,199,0,2448,0,37,0,50,0,1378,0,1328,0,0.0170648464163822,0.4703071672354948,0.4532423208191126
2021-07-11,Siskiyou,093,43540.0,33381,2,13451,0,18927,2,968,0,2262,2,18246,2,15984,0,0.0519522278364722,0.4190629306384933,0.3671107028020211
2021-07-11,Solano,095,438530.0,467339,252,251027,184,203790,62,12482,6,36833,107,257721,112,220888,130,0.0839919731831345,0.5876929742548971,0.5037010010717625
2021-07-11,Sonoma,097,501317.0,626308,236,340493,163,266155,70,19605,3,27808,97,335731,100,307923,138,0.0554698923036721,0.6696980154273643,0.6142281231236922
2021-07-11,Stanislaus,099,539301.0,463467,370,258433,286,188566,80,16175,4,37149,185,254196,189,217047,177,0.0688836104513064,0.4713434612581842,0.4024598508068778
2021-07-11,Sutter,101,95872.0,82225,64,32717,46,45678,17,3825,1,5239,35,45397,36,40158,29,0.0546457777036048,0.4735167723631509,0.4188709946595461
2021-07-11,Tehama,103,63373.0,39320,18,14108,9,23738,9,1466,0,1953,12,21319,12,19366,6,0.030817540592997,0.3364050936518706,0.3055875530588736
2021-07-11,Trinity,105,12862.0,9196,7,1554,4,7075,0,562,3,584,4,5162,7,4578,3,0.0454050691960814,0.401337272585912,0.3559322033898305
2021-07-11,Tulare,107,460477.0,346552,222,199550,164,136513,56,10424,2,24108,115,189971,117,165863,107,0.0523544064090063,0.4125526356365247,0.3601982292275184
2021-07-11,Tuolumne,109,53932.0,47243,4,12529,1,33800,3,909,0,2115,3,24695,3,22580,1,0.0392160498405399,0.4578914188237039,0.418675368983164
2021-07-11,Ventura,111,848112.0,961833,476,502717,388,425082,71,33664,17,45469,186,518968,203,473499,285,0.0536120229403663,0.6119097477691625,0.5582977248287962
2021-07-11,Yolo,113,214977.0,247144,82,119782,58,119983,23,7349,0,12678,38,133332,38,120654,42,0.0589737506803053,0.6202151858105751,0.5612414351302697
2021-07-11,Yuba,115,75493.0,49749,36,17926,17,28742,18,3065,1,3152,15,27894,16,24742,21,0.0417522154371928,0.3694912111056654,0.3277389956684726
2021-07-10,Alameda,001,1643700.0,2141825,2282,1346116,1683,688609,477,106403,121,78354,898,1159733,1019,1081379,1349,0.047669282715824,0.7055624505688386,0.6578931678530145
2021-07-10,Alpine,003,1148.0,1469,0,40,0,1423,0,6,0,84,0,774,0,690,0,0.073170731707317,0.6742160278745645,0.6010452961672473
2021-07-10,Amador,005,37829.0,35450,16,9263,7,25038,7,1148,2,2637,6,19163,8,16526,10,0.0697084247534959,0.5065690343387348,0.4368606095852388
2021-07-10,Butte,007,227075.0,177455,155,83453,109,86987,44,6994,2,9348,51,96614,52,87266,103,0.0411670153033138,0.4254717604315755,0.3843047451282615
2021-07-10,Calaveras,009,45235.0,40517,46,16717,27,22714,17,1084,2,2040,24,21403,26,19363,22,0.0450978224825909,0.4731513208798497,0.4280534983972587
2021-07-10,Colusa,011,21464.0,18719,15,4152,7,13644,8,919,0,1215,9,10394,9,9179,6,0.0566064107342527,0.4842527021990309,0.4276462914647782
2021-07-10,Contra Costa,013,1133247.0,1486260,1018,985441,845,452762,122,47742,51,45915,403,788375,453,742460,607,0.0405163216845047,0.6956779942942712,0.6551616726097664
2021-07-10,Del Norte,015,27424.0,18793,10,6583,6,11233,4,940,0,1123,6,10351,6,9228,4,0.0409495332555425,0.3774431155192532,0.3364935822637106
2021-07-10,El Dorado,017,186661.0,189114,145,88671,107,93389,30,7032,8,9236,51,102406,59,93170,93,0.0494800735022313,0.5486202259711456,0.4991401524689142
2021-07-10,Fresno,019,978130.0,870986,1213,451539,853,386413,275,32593,85,57123,481,478132,566,421009,721,0.0584002126506701,0.4888225491499085,0.4304223364992383
2021-07-10,Glenn,021,27897.0,21845,14,8366,10,12302,4,1157,0,968,5,11941,5,10973,9,0.0346990715847582,0.4280388572247912,0.3933397856400329
2021-07-10,Humboldt,023,135768.0,139230,133,68870,92,63609,30,6631,11,6750,60,75980,71,69230,73,0.049717164574863,0.5596311354663839,0.5099139708915208
2021-07-10,Imperial,025,180216.0,218818,277,104898,144,99210,126,14676,7,24361,135,128386,142,104025,139,0.1351766768766369,0.7124006747458606,0.5772239978692236
2021-07-10,Inyo,027,18085.0,17898,10,6486,8,10709,2,551,0,691,5,9478,5,8787,5,0.038208460049765,0.5240807298866464,0.4858722698368814
2021-07-10,Kern,029,883053.0,650228,935,329417,646,290681,260,29936,28,44848,457,361076,486,316228,471,0.0507874385795643,0.4088950493345246,0.3581076107549603
2021-07-10,Kings,031,150075.0,91132,103,40730,63,45693,35,4675,5,6740,57,51155,62,44415,46,0.0449108778943861,0.3408629018823921,0.295952023988006
2021-07-10,Lake,033,64148.0,52415,43,15484,16,34536,27,2393,0,3041,26,28842,26,25801,17,0.0474059986281723,0.4496165118164245,0.4022105131882522
2021-07-10,Lassen,035,31185.0,11882,3,1576,1,9286,1,1006,1,633,1,6730,2,6097,2,0.0202982202982202,0.2158088824755491,0.1955106621773288
2021-07-10,Los Angeles,037,10098052.0,11182623,17248,6052500,12698,4687946,3766,438397,780,654457,7347,6115194,8120,5460737,9748,0.0648102228033684,0.6055815517685985,0.5407713289652302
2021-07-10,Madera,039,155013.0,121786,161,61369,121,55354,37,4984,3,7128,82,66581,86,59453,79,0.0459832401153451,0.4295188145510376,0.3835355744356925
2021-07-10,Marin,041,260295.0,382392,308,240701,246,130073,25,11600,37,12406,120,202736,157,190330,187,0.0476613073627999,0.7788701281238595,0.7312088207610595
2021-07-10,Mariposa,043,17540.0,13317,3,2613,1,10155,1,527,1,2311,2,8017,3,5706,1,0.1317559863169897,0.4570695553021665,0.3253135689851767
2021-07-10,Mendocino,045,87422.0,93854,23,50746,11,39887,12,3210,0,5456,13,51056,13,45600,10,0.0624099196998467,0.5840177529683603,0.5216078332685137
2021-07-10,Merced,047,269075.0,208676,288,119985,230,78777,46,9110,12,21789,140,117014,152,95225,146,0.080977422651677,0.4348750348415869,0.3538976121899099
2021-07-10,Modoc,049,8938.0,5650,1,765,0,4509,1,366,0,262,1,3130,1,2868,0,0.0293130454240322,0.3501901991496979,0.3208771537256657
2021-07-10,Mono,051,14174.0,15685,3,8651,3,6656,0,321,0,517,2,8217,2,7700,1,0.0364752363482432,0.5797234372795259,0.5432482009312827
2021-07-10,Monterey,053,433212.0,472780,864,220321,525,230878,197,20950,142,27122,373,259372,509,232250,481,0.0626067606622162,0.5987184103856772,0.536111649723461
2021-07-10,Napa,055,140530.0,180107,84,93223,52,81730,28,5142,4,10063,43,97430,47,87367,41,0.0716074859460613,0.6933039208709884,0.6216964349249271
2021-07-10,Nevada,057,99092.0,103697,42,54994,31,45934,7,2730,4,5762,21,55887,24,50125,21,0.0581479836919226,0.5639910386307674,0.5058430549388447
2021-07-10,Orange,059,3164182.0,3646339,4832,2048547,3631,1482804,1027,113853,174,172915,2014,1959311,2186,1786396,2775,0.0546476150866163,0.6192156456234186,0.5645680305368023
2021-07-10,Placer,061,380077.0,415703,368,236097,270,169110,92,10482,6,17989,128,221672,134,203683,239,0.0473298831552553,0.5832291877698467,0.5358993046145912
2021-07-10,Plumas,063,18699.0,16699,9,1901,1,13728,7,1028,1,715,2,9144,3,8429,7,0.038237338895128,0.4890101074923793,0.4507727685972512
2021-07-10,Riverside,065,2383286.0,2149440,3163,1208973,2384,875689,691,63808,85,138020,1550,1172026,1635,1034006,1579,0.0579116396437523,0.4917689274388386,0.4338572877950862
2021-07-10,Sacramento,067,1510023.0,1568711,2065,870734,1449,654134,548,43655,68,80228,887,843933,954,763705,1166,0.0531303165580921,0.5588875136338983,0.5057571970758061
2021-07-10,San Benito,069,59416.0,66040,159,36109,104,26843,9,2983,46,4117,46,36295,92,32178,113,0.0692911000403931,0.6108623939679547,0.5415712939275616
2021-07-10,San Bernardino,071,2135413.0,1776201,3041,1029808,2284,690115,644,56072,112,112039,1504,969628,1615,857589,1521,0.0524671339923471,0.4540704772332097,0.4016033432408625
2021-07-10,San Diego,073,3302833.0,3958414,4769,2110199,3602,1698941,865,148258,301,251937,1991,2188007,2421,1936070,2750,0.076279061036389,0.6624637091854175,0.5861846481490284
2021-07-10,San Francisco,075,870044.0,1243084,684,792218,588,399439,49,51114,47,38789,288,664810,330,626021,382,0.0445828027088285,0.7641107806041993,0.7195279778953708
2021-07-10,San Joaquin,077,732212.0,694597,1100,388215,862,282961,202,23378,36,53426,477,379671,514,326245,603,0.0729652067980311,0.5185260552954609,0.4455608484974297
2021-07-10,San Luis Obispo,079,281455.0,295994,209,150373,134,134472,66,11021,9,15858,88,160898,97,145040,121,0.0563429322627062,0.5716650974400881,0.5153221651773818
2021-07-10,San Mateo,081,765935.0,1055639,842,646062,683,371677,112,37451,47,40626,324,565107,370,524481,505,0.0530410543975663,0.7378002049782292,0.6847591505806628
2021-07-10,Santa Barbara,083,443738.0,486788,441,280631,324,184620,89,21208,28,29348,171,267848,199,238500,268,0.0661381265521546,0.6036174499366743,0.5374793233845196
2021-07-10,Santa Clara,085,1922200.0,2685792,2628,1719643,1993,864225,478,98282,155,85602,978,1428367,1133,1342765,1620,0.044533347206326,0.7430896888981375,0.6985563416918115
2021-07-10,Santa Cruz,087,273765.0,337774,208,161058,154,167707,47,8968,7,13738,96,179667,103,165929,109,0.050181725202272,0.6562818475699962,0.6061001223677241
2021-07-10,Shasta,089,179085.0,121995,95,53890,62,61951,29,6108,4,9869,39,68822,43,58953,55,0.0551079096518413,0.3842979590697155,0.3291900494178742
2021-07-10,Sierra,091,2930.0,2685,0,199,0,2448,0,37,0,50,0,1378,0,1328,0,0.0170648464163822,0.4703071672354948,0.4532423208191126
2021-07-10,Siskiyou,093,43540.0,33379,16,13451,6,18925,10,968,0,2260,7,18244,7,15984,9,0.0519062930638493,0.4190169958658705,0.3671107028020211
2021-07-10,Solano,095,438530.0,467087,302,250843,200,203728,93,12476,9,36851,133,257609,142,220758,164,0.0840330194057419,0.5874375755364514,0.5034045561307094
2021-07-10,Sonoma,097,501317.0,626072,624,340330,498,266085,85,19602,41,27846,270,335631,310,307785,348,0.0555456926455715,0.6694985408434184,0.6139528481978469
2021-07-10,Stanislaus,099,539301.0,463097,621,258147,490,188486,119,16171,12,37137,290,254007,302,216870,323,0.0688613594263685,0.4709930076154133,0.4021316481890447
2021-07-10,Sutter,101,95872.0,82161,160,32671,118,45661,36,3824,6,5232,78,45361,84,40129,79,0.0545727636849132,0.4731412716955941,0.4185685080106809
2021-07-10,Tehama,103,63373.0,39302,29,14099,17,23729,12,1466,0,1947,13,21307,13,19360,16,0.0307228630489325,0.3362157385637416,0.3054928755148091
2021-07-10,Trinity,105,12862.0,9189,9,1550,6,7075,3,559,0,580,7,5155,7,4575,2,0.0450940755714507,0.4007930337428083,0.3556989581713575
2021-07-10,Tulare,107,460477.0,346330,513,199386,397,136457,100,10422,16,24098,256,189854,272,165756,254,0.0523326897977532,0.4122985512848633,0.3599658614871101
2021-07-10,Tuolumne,109,53932.0,47239,17,12528,5,33797,12,909,0,2113,6,24692,6,22579,10,0.0391789661054661,0.4578357932210932,0.4186568271156271
2021-07-10,Ventura,111,848112.0,961357,979,502329,749,425011,178,33647,51,45551,471,518765,522,473214,503,0.0537087082838115,0.6116703925896579,0.5579616843058464
2021-07-10,Yolo,113,214977.0,247062,203,119724,142,119960,46,7349,14,12682,83,133294,97,120612,117,0.058992357321946,0.6200384227149881,0.561046065393042
2021-07-10,Yuba,115,75493.0,49713,90,17909,59,28724,30,3064,1,3157,60,27878,61,24721,30,0.0418184467434066,0.3692792709257812,0.3274608241823745
2021-07-09,Alameda,001,1643700.0,2139543,3660,1344433,2853,688132,652,106282,154,78684,1436,1158714,1587,1080030,2174,0.0478700492790655,0.7049425077568899,0.6570724584778245
2021-07-09,Alpine,003,1148.0,1469,0,40,0,1423,0,6,0,84,0,774,0,690,0,0.073170731707317,0.6742160278745645,0.6010452961672473
2021-07-09,Amador,005,37829.0,35434,63,9256,44,25031,18,1146,1,2639,21,19155,22,16516,40,0.0697612942451558,0.5063575563720955,0.4365962621269396
2021-07-09,Butte,007,227075.0,177300,273,83344,161,86943,88,6992,24,9399,102,96562,124,87163,168,0.0413916107013101,0.4252427612022459,0.3838511505009358
2021-07-09,Calaveras,009,45235.0,40471,45,16690,20,22697,19,1082,6,2036,21,21377,26,19341,24,0.0450093953796838,0.4725765447109539,0.42756714933127
2021-07-09,Colusa,011,21464.0,18704,38,4145,21,13636,15,919,2,1212,10,10385,11,9173,28,0.0564666418188594,0.4838333954528513,0.4273667536339918
2021-07-09,Contra Costa,013,1133247.0,1485242,2422,984596,1940,452640,354,47691,126,46069,940,787922,1065,741853,1453,0.0406522143892725,0.6952782579614153,0.6546260435721427
2021-07-09,Del Norte,015,27424.0,18783,22,6577,11,11229,10,940,1,1121,9,10345,10,9224,13,0.0408766044340723,0.3772243290548425,0.3363477246207701
2021-07-09,El Dorado,017,186661.0,188969,293,88564,187,93359,84,7024,22,9270,113,102347,135,93077,178,0.0496622218888787,0.5483041449472573,0.4986419230583785
2021-07-09,Fresno,019,978130.0,869773,2170,450686,1578,386138,503,32508,88,57278,952,477566,1039,420288,1206,0.0585586782942962,0.4882438939609254,0.4296852156666292
2021-07-09,Glenn,021,27897.0,21831,74,8356,46,12298,19,1157,9,972,30,11936,39,10964,44,0.0348424561780836,0.4278596264831344,0.3930171703050507
2021-07-09,Humboldt,023,135768.0,139097,233,68778,142,63579,69,6620,22,6752,83,75909,102,69157,148,0.0497318955865888,0.5591081845501149,0.509376288963526
2021-07-09,Imperial,025,180216.0,218541,1077,104754,792,99084,255,14669,29,24358,473,128244,501,103886,594,0.135160030185999,0.7116127313889998,0.5764527012030009
2021-07-09,Inyo,027,18085.0,17888,8,6478,6,10707,1,551,1,691,5,9473,6,8782,3,0.038208460049765,0.5238042576721039,0.4855957976223389
2021-07-09,Kern,029,883053.0,649293,1715,328771,1078,290421,560,29908,77,44833,775,360590,851,315757,931,0.0507704520566715,0.4083446859928,0.3575742339361284
2021-07-09,Kings,031,150075.0,91029,230,40667,140,45658,87,4670,3,6724,118,51093,121,44369,110,0.0448042645343994,0.3404497751124438,0.2956455105780443
2021-07-09,Lake,033,64148.0,52372,163,15468,90,34509,65,2393,8,3032,68,28816,76,25784,94,0.0472656980732057,0.4492111991020764,0.4019455010288707
2021-07-09,Lassen,035,31185.0,11879,24,1575,3,9285,19,1005,2,633,15,6728,17,6095,9,0.0202982202982202,0.2157447490780824,0.1954465287798621
2021-07-09,Los Angeles,037,10098052.0,11165375,24262,6039802,17101,4684180,5672,437617,1470,656085,10391,6107074,11829,5450989,13670,0.0649714420167374,0.6047774362817699,0.5398059942650325
2021-07-09,Madera,039,155013.0,121625,324,61248,226,55317,79,4981,19,7121,163,66495,181,59374,158,0.045938082612426,0.4289640223723172,0.3830259397598911
2021-07-09,Marin,041,260295.0,382084,352,240455,288,130048,30,11563,34,12436,141,202579,174,190143,208,0.047776561209397,0.7782669663266678,0.7304904051172708
2021-07-09,Mariposa,043,17540.0,13314,10,2612,5,10154,2,526,3,2309,3,8014,6,5705,7,0.1316419612314709,0.4568985176738883,0.3252565564424173
2021-07-09,Mendocino,045,87422.0,93831,219,50735,147,39875,47,3210,25,5453,83,51043,108,45590,134,0.0623756033950264,0.5838690489808057,0.5214934455857794
2021-07-09,Merced,047,269075.0,208388,659,119755,483,78731,148,9098,27,21783,281,116862,307,95079,367,0.0809551240360494,0.4343101365790207,0.3533550125429713
2021-07-09,Modoc,049,8938.0,5649,1,765,0,4508,0,366,1,261,0,3129,1,2868,1,0.0292011635712687,0.3500783172969344,0.3208771537256657
2021-07-09,Mono,051,14174.0,15682,7,8648,1,6656,6,321,0,516,3,8215,3,7699,4,0.0364046846338366,0.5795823338507126,0.543177649216876
2021-07-09,Monterey,053,433212.0,471916,1058,219796,656,230681,361,20808,40,27094,446,258863,485,231769,602,0.0625421271802258,0.5975434660166385,0.5350013388364127
2021-07-09,Napa,055,140530.0,180023,205,93171,127,81702,62,5138,16,10057,87,97383,103,87326,116,0.0715647904362058,0.6929694727104533,0.6214046822742475
2021-07-09,Nevada,057,99092.0,103655,143,54963,78,45927,45,2726,18,5759,53,55863,71,50104,88,0.0581177087958664,0.5637488394623178,0.5056311306664514
2021-07-09,Orange,059,3164182.0,3641507,7075,2044916,5175,1481777,1535,113679,363,173504,2859,1957125,3219,1783621,4153,0.0548337611426902,0.6185247877650527,0.5636910266223625
2021-07-09,Placer,061,380077.0,415335,706,235827,495,169018,141,10476,70,18094,305,221538,374,203444,396,0.0476061429657674,0.5828766276307169,0.5352704846649494
2021-07-09,Plumas,063,18699.0,16690,15,1900,10,13721,2,1027,3,719,7,9141,10,8422,8,0.0384512540777581,0.4888496711054067,0.4503984170276485
2021-07-09,Riverside,065,2383286.0,2146277,5709,1206589,4261,874998,1190,63723,255,137964,2488,1170391,2737,1032427,3182,0.0578881426736027,0.4910828998282203,0.4331947571546176
2021-07-09,Sacramento,067,1510023.0,1566646,3519,869285,2318,653586,1003,43587,198,80440,1449,842979,1646,762539,2048,0.0532707117706154,0.5582557351775437,0.5049850234069282
2021-07-09,San Benito,069,59416.0,65881,86,36005,58,26834,25,2937,3,4138,43,36203,46,32065,43,0.0696445401911942,0.6093139894977784,0.5396694493065841
2021-07-09,San Bernardino,071,2135413.0,1773160,4954,1027524,3581,689471,1178,55960,195,111945,2257,968013,2449,856068,2667,0.0524231144045671,0.4533141832516708,0.4008910688471035
2021-07-09,San Diego,073,3302833.0,3953645,7525,2106597,5056,1698076,1902,147957,566,252266,2985,2185586,3768,1933320,4474,0.0763786724911613,0.6617307020972601,0.5853520296060988
2021-07-09,San Francisco,075,870044.0,1242400,1348,791630,1027,399390,216,51067,104,38841,513,664480,614,625639,805,0.0446425698010675,0.7637314894419133,0.7190889196408458
2021-07-09,San Joaquin,077,732212.0,693497,1783,387353,1299,282759,424,23342,60,53515,813,379157,873,325642,939,0.073086756294625,0.5178240728095141,0.4447373165148891
2021-07-09,San Luis Obispo,079,281455.0,295785,442,150239,213,134406,203,11012,26,15882,165,160801,190,144919,273,0.0564282034428239,0.5713204597537794,0.5148922563109556
2021-07-09,San Mateo,081,765935.0,1054797,1185,645379,946,371565,167,37404,72,40761,541,564737,610,523976,621,0.0532173095628219,0.7373171352660474,0.6840998257032255
2021-07-09,Santa Barbara,083,443738.0,486347,759,280307,525,184531,167,21180,67,29417,298,267649,365,238232,452,0.0662936237148948,0.6031689871050034,0.5368753633901086
2021-07-09,Santa Clara,085,1922200.0,2683164,3462,1717650,2712,863747,622,98127,123,86089,1399,1427234,1516,1341145,2010,0.0447867027364478,0.7425002601186141,0.6977135573821662
2021-07-09,Santa Cruz,087,273765.0,337566,460,160904,329,167660,114,8961,17,13744,183,179564,201,165820,271,0.0502036418095812,0.6559056124778551,0.6057019706682739
2021-07-09,Shasta,089,179085.0,121900,250,53828,162,61922,79,6104,8,9881,97,68779,105,58898,152,0.0551749169388837,0.38405784962448,0.3288829326855962
2021-07-09,Sierra,091,2930.0,2685,2,199,2,2448,0,37,0,50,2,1378,2,1328,0,0.0170648464163822,0.4703071672354948,0.4532423208191126
2021-07-09,Siskiyou,093,43540.0,33363,74,13445,47,18915,23,968,4,2262,52,18237,56,15975,22,0.0519522278364722,0.4188562241616904,0.3669039963252182
2021-07-09,Solano,095,438530.0,466785,834,250643,575,203635,231,12467,28,36873,353,257467,381,220594,475,0.0840831870111508,0.5871137664469933,0.5030305794358425
2021-07-09,Sonoma,097,501317.0,625448,883,339832,658,266000,163,19561,62,27884,411,335321,473,307437,467,0.055621492987471,0.6688801696331862,0.6132586766457152
2021-07-09,Stanislaus,099,539301.0,462476,1073,257657,682,188367,343,16159,48,37158,484,253705,530,216547,574,0.0689002987200097,0.4704330234878111,0.4015327247678013
2021-07-09,Sutter,101,95872.0,82001,209,32553,139,45625,63,3818,7,5227,104,45277,111,40050,103,0.0545206108144192,0.4722651034712951,0.4177444926568758
2021-07-09,Tehama,103,63373.0,39273,102,14082,60,23717,37,1466,5,1950,49,21294,54,19344,53,0.0307702018209647,0.3360106038849352,0.3052404020639704
2021-07-09,Trinity,105,12862.0,9180,27,1544,8,7072,16,559,3,575,10,5148,13,4573,17,0.0447053335406624,0.4002487948997045,0.3555434613590421
2021-07-09,Tulare,107,460477.0,345817,951,198989,739,136357,186,10406,26,24080,491,189582,516,165502,457,0.0522935998974975,0.4117078594587786,0.359414259561281
2021-07-09,Tuolumne,109,53932.0,47222,61,12523,18,33785,41,909,2,2117,29,24686,31,22569,29,0.0392531335756137,0.4577245420158718,0.4184714084402581
2021-07-09,Ventura,111,848112.0,960378,1691,501580,1222,424833,357,33596,110,45532,703,518243,810,472711,974,0.0536863055822815,0.6110549078423605,0.5573686022600789
2021-07-09,Yolo,113,214977.0,246859,382,119582,262,119914,102,7335,18,12702,154,133197,172,120495,226,0.0590853905301497,0.6195872116552004,0.5605018211250505
2021-07-09,Yuba,115,75493.0,49623,167,17850,98,28694,55,3063,14,3126,82,27817,96,24691,85,0.0414078126448809,0.3684712489899726,0.3270634363450916
2021-07-08,Alameda,001,1643700.0,2135883,2915,1341580,2309,687480,452,106128,153,79271,1056,1157127,1205,1077856,1825,0.0482271704082253,0.703977003102756,0.6557498326945306
2021-07-08,Alpine,003,1148.0,1469,0,40,0,1423,0,6,0,84,0,774,0,690,0,0.073170731707317,0.6742160278745645,0.6010452961672473
2021-07-08,Amador,005,37829.0,35371,29,9212,11,25013,17,1145,1,2657,8,19133,9,16476,21,0.0702371196700943,0.5057759919638373,0.4355388722937429
2021-07-08,Butte,007,227075.0,177027,307,83183,198,86855,97,6968,12,9443,112,96438,123,86995,193,0.0415853792799735,0.4246966861169217,0.3831113068369481
2021-07-08,Calaveras,009,45235.0,40426,58,16670,20,22678,33,1076,5,2034,25,21351,30,19317,32,0.0449651818282303,0.4720017685420581,0.4270365867138277
2021-07-08,Colusa,011,21464.0,18666,28,4124,12,13621,14,917,2,1229,18,10374,20,9145,10,0.0572586656727543,0.4833209094297428,0.4260622437569884
2021-07-08,Contra Costa,013,1133247.0,1482820,1933,982656,1622,452286,214,47565,96,46457,811,786857,907,740400,1105,0.0409945934116745,0.6943384804901315,0.6533438870784568
2021-07-08,Del Norte,015,27424.0,18761,31,6566,14,11219,13,939,4,1124,13,10335,17,9211,16,0.0409859976662777,0.3768596849474912,0.3358736872812135
2021-07-08,El Dorado,017,186661.0,188676,310,88377,179,93275,118,7002,13,9313,156,102212,168,92899,153,0.0498925860249329,0.5475809087061572,0.4976883226812242
2021-07-08,Fresno,019,978130.0,867603,1836,449108,1213,385635,500,32420,121,57445,785,476527,905,419082,1039,0.0587294122458159,0.487181662969135,0.428452250723319
2021-07-08,Glenn,021,27897.0,21757,33,8310,16,12279,10,1148,7,977,11,11897,18,10920,22,0.0350216869197404,0.4264616266982113,0.3914399397784708
2021-07-08,Humboldt,023,135768.0,138864,195,68636,129,63510,49,6598,17,6798,74,75807,91,69009,121,0.0500707088562842,0.5583569029520947,0.5082861940958106
2021-07-08,Imperial,025,180216.0,217464,769,103962,556,98829,183,14640,30,24451,321,127743,351,103292,441,0.1356760775957739,0.7088327340524704,0.5731566564566964
2021-07-08,Inyo,027,18085.0,17880,8,6472,6,10706,2,550,0,688,7,9467,7,8779,1,0.0380425767210395,0.523472491014653,0.4854299142936135
2021-07-08,Kern,029,883053.0,647578,1521,327693,1001,289861,449,29831,70,44913,586,359739,656,314826,932,0.0508610468454328,0.407380983927352,0.3565199370819192
2021-07-08,Kings,031,150075.0,90799,214,40527,134,45571,72,4667,8,6713,88,50972,96,44259,125,0.0447309678494086,0.3396435115775446,0.2949125437281359
2021-07-08,Lake,033,64148.0,52209,88,15378,29,34444,49,2385,10,3050,37,28740,47,25690,49,0.0475462991831389,0.4480264388601359,0.4004801396769969
2021-07-08,Lassen,035,31185.0,11855,31,1572,24,9266,7,1003,0,625,23,6711,23,6086,8,0.0200416867083533,0.2151996151996152,0.1951579284912618
2021-07-08,Los Angeles,037,10098052.0,11141113,19779,6022701,13971,4678508,4687,436147,1114,657926,8293,6095245,9392,5437319,11339,0.0651537544072856,0.6036060222308224,0.5384522678235366
2021-07-08,Madera,039,155013.0,121301,258,61022,136,55238,105,4962,17,7098,134,66314,151,59216,122,0.0457897079599775,0.4277963783682659,0.3820066704082883
2021-07-08,Marin,041,260295.0,381732,295,240167,233,130018,38,11529,24,12470,107,202405,131,189935,186,0.0479071822355404,0.7775984940164045,0.729691311780864
2021-07-08,Mariposa,043,17540.0,13304,33,2607,19,10152,10,523,4,2310,14,8008,18,5698,19,0.1316989737742303,0.4565564424173318,0.3248574686431015
2021-07-08,Mendocino,045,87422.0,93612,120,50588,53,39828,56,3185,11,5479,50,50935,61,45456,70,0.0626730113701356,0.5826336620072751,0.5199606506371394
2021-07-08,Merced,047,269075.0,207729,528,119272,403,78583,117,9071,8,21843,246,116555,254,94712,275,0.0811781101923255,0.4331691907460745,0.3519910805537489
2021-07-08,Modoc,049,8938.0,5648,73,765,36,4508,31,365,6,261,20,3128,26,2867,53,0.0292011635712687,0.3499664354441709,0.3207652718729022
2021-07-08,Mono,051,14174.0,15675,11,8647,9,6650,1,321,1,517,5,8212,6,7695,6,0.0364752363482432,0.5793706787074926,0.5428954423592494
2021-07-08,Monterey,053,433212.0,470858,883,219140,481,230320,366,20768,36,27211,322,258378,356,231167,555,0.0628122028013997,0.5964239217750201,0.5336117189736203
2021-07-08,Napa,055,140530.0,179818,180,93044,132,81640,31,5122,17,10070,71,97280,86,87210,104,0.0716572973742261,0.6922365331245998,0.6205792357503735
2021-07-08,Nevada,057,99092.0,103512,153,54885,93,45882,44,2708,16,5776,72,55792,87,50016,79,0.0582892665401848,0.563032333588988,0.5047430670488031
2021-07-08,Orange,059,3164182.0,3634432,6040,2039741,4546,1480242,1215,113316,277,174438,2362,1953906,2636,1779468,3614,0.0551289401178566,0.6175074632243025,0.5623785231064459
2021-07-08,Placer,061,380077.0,414629,555,235332,377,168877,134,10406,44,18116,236,221164,280,203048,312,0.0476640259736842,0.581892616496131,0.5342285905224468
2021-07-08,Plumas,063,18699.0,16675,30,1890,9,13719,11,1024,10,717,12,9131,22,8414,18,0.0383442964864431,0.4883148831488315,0.4499705866623883
2021-07-08,Riverside,065,2383286.0,2140568,4558,1202328,3288,873808,1047,63468,218,138409,2043,1167654,2255,1029245,2396,0.0580748596685416,0.4899344854121578,0.4318596257436162
2021-07-08,Sacramento,067,1510023.0,1563127,2804,866967,1802,652583,826,43389,174,80842,1150,841333,1320,760491,1636,0.0535369328811547,0.5571656855557829,0.5036287526746281
2021-07-08,San Benito,069,59416.0,65795,106,35947,87,26809,15,2934,4,4135,47,36157,51,32022,57,0.0695940487410798,0.6085397872626902,0.5389457385216103
2021-07-08,San Bernardino,071,2135413.0,1768206,4231,1023943,3077,688293,993,55765,160,112163,1884,965564,2043,853401,2324,0.0525252023847377,0.4521673325019563,0.3996421301172185
2021-07-08,San Diego,073,3302833.0,3946120,6988,2101541,4948,1696174,1531,147391,505,252972,2762,2181818,3474,1928846,4145,0.0765924283789098,0.6605898633082569,0.583997434929347
2021-07-08,San Francisco,075,870044.0,1241052,1165,790603,896,399174,153,50963,116,39032,419,663866,532,624834,727,0.04486209892833,0.7630257780066295,0.7181636790782995
2021-07-08,San Joaquin,077,732212.0,691714,1561,386054,1109,282335,396,23282,56,53581,711,378284,767,324703,811,0.0731768941235598,0.5166317951631495,0.4434549010395896
2021-07-08,San Luis Obispo,079,281455.0,295343,407,150026,245,134203,150,10986,12,15965,187,160611,199,144646,218,0.0567230996073972,0.5706453962445152,0.5139222966371179
2021-07-08,San Mateo,081,765935.0,1053612,1194,644433,968,371398,164,37332,61,40772,381,564127,444,523355,798,0.0532316710948056,0.7365207230378557,0.68328905194305
2021-07-08,Santa Barbara,083,443738.0,485588,1013,279782,863,184364,115,21113,34,29504,432,267284,465,237780,571,0.0664896853548715,0.6023464296499286,0.535856744295057
2021-07-08,Santa Clara,085,1922200.0,2679702,3132,1714938,2418,863125,560,98004,152,86583,1196,1425718,1341,1339135,1904,0.0450436999271667,0.7417115804806992,0.6966678805535325
2021-07-08,Santa Cruz,087,273765.0,337106,399,160575,285,167546,76,8944,38,13814,138,179363,176,165549,258,0.0504593355615217,0.6551714061329973,0.6047120705714756
2021-07-08,Shasta,089,179085.0,121650,213,53666,116,61843,78,6096,19,9928,84,68674,101,58746,128,0.0554373621464667,0.3834715358628584,0.3280341737163916
2021-07-08,Sierra,091,2930.0,2683,2,197,1,2448,1,37,0,48,1,1376,1,1328,1,0.0163822525597269,0.4696245733788396,0.4532423208191126
2021-07-08,Siskiyou,093,43540.0,33289,108,13398,72,18892,32,964,4,2228,43,18181,48,15953,65,0.0511713367018833,0.4175700505282498,0.3663987138263666
2021-07-08,Solano,095,438530.0,465951,650,250068,468,203404,157,12439,24,36967,281,257086,306,220119,364,0.0842975395069892,0.5862449547351378,0.5019474152281486
2021-07-08,Sonoma,097,501317.0,624565,909,339174,695,265837,127,19499,87,27878,359,334848,446,306970,545,0.0556095245124342,0.6679366548511222,0.6123271303386879
2021-07-08,Stanislaus,099,539301.0,461403,997,256975,642,188024,306,16111,49,37202,445,253175,494,215973,542,0.0689818858114485,0.46945026988639,0.4004683840749414
2021-07-08,Sutter,101,95872.0,81792,224,32414,138,45562,80,3811,6,5219,79,45166,85,39947,143,0.0544371662216288,0.4711073097463284,0.4166701435246996
2021-07-08,Tehama,103,63373.0,39171,133,14022,92,23680,34,1461,7,1949,35,21240,42,19291,98,0.0307544222302873,0.3351585059883546,0.3044040837580673
2021-07-08,Trinity,105,12862.0,9153,13,1536,7,7056,1,556,5,579,2,5135,7,4556,11,0.0450163271652931,0.3992380656196548,0.3542217384543616
2021-07-08,Tulare,107,460477.0,344866,728,198250,540,136171,156,10380,32,24021,345,189066,377,165045,382,0.0521654718911042,0.410587282318118,0.3584218104270137
2021-07-08,Tuolumne,109,53932.0,47161,37,12505,14,33744,22,907,1,2115,23,24655,24,22540,12,0.0392160498405399,0.457149744122228,0.417933694281688
2021-07-08,Ventura,111,848112.0,958687,1809,500358,1386,424476,344,33486,79,45696,733,517433,812,471737,1069,0.053879676269172,0.6100998453034505,0.5562201690342785
2021-07-08,Yolo,113,214977.0,246477,357,119320,209,119812,88,7317,60,12756,126,133025,185,120269,226,0.0593365801922996,0.6187871260646488,0.5594505458723491
2021-07-08,Yuba,115,75493.0,49456,149,17752,87,28639,43,3049,19,3115,57,27721,76,24606,91,0.0412621037712105,0.3671996079106672,0.3259375041394566
2021-07-07,Alameda,001,1643700.0,2132968,2871,1339271,2091,687028,595,105975,183,79891,994,1155922,1174,1076031,1833,0.0486043681937093,0.7032439009551621,0.6546395327614528
2021-07-07,Alpine,003,1148.0,1469,2,40,0,1423,2,6,0,84,2,774,2,690,0,0.073170731707317,0.6742160278745645,0.6010452961672473
2021-07-07,Amador,005,37829.0,35342,37,9201,13,24996,19,1144,5,2669,14,19124,19,16455,23,0.0705543366200533,0.505538079251368,0.4349837426313146
2021-07-07,Butte,007,227075.0,176720,326,82985,240,86758,78,6956,8,9513,125,96315,133,86802,198,0.0418936474733017,0.4241550148629307,0.3822613673896289
2021-07-07,Calaveras,009,45235.0,40368,58,16650,29,22645,25,1071,4,2036,26,21321,30,19285,30,0.0450093953796838,0.4713385652702553,0.4263291698905714
2021-07-07,Colusa,011,21464.0,18638,55,4112,29,13607,25,915,1,1219,32,10354,33,9135,23,0.0567927692881103,0.4823891166604547,0.4255963473723443
2021-07-07,Contra Costa,013,1133247.0,1480887,2110,981034,1757,452072,240,47469,111,46655,805,785950,913,739295,1288,0.0411693126035189,0.6935381254042587,0.6523688128007398
2021-07-07,Del Norte,015,27424.0,18730,52,6552,24,11206,22,935,6,1123,20,10318,26,9195,32,0.0409495332555425,0.3762397899649942,0.3352902567094515
2021-07-07,El Dorado,017,186661.0,188366,273,88198,177,93157,82,6989,14,9298,127,102044,141,92746,146,0.0498122264425884,0.5466808813838991,0.4968686549413107
2021-07-07,Fresno,019,978130.0,865767,1861,447895,1406,385135,378,32299,76,57579,805,475622,879,418043,1044,0.0588664083506282,0.4862564280821567,0.4273900197315285
2021-07-07,Glenn,021,27897.0,21724,74,8294,67,12269,5,1141,2,981,35,11879,37,10898,39,0.0351650715130659,0.4258163960282468,0.3906513245151808
2021-07-07,Humboldt,023,135768.0,138669,271,68507,164,63461,70,6581,37,6828,83,75716,121,68888,184,0.0502916740321725,0.557686641918567,0.5073949678863945
2021-07-07,Imperial,025,180216.0,216695,1010,103406,579,98646,211,14610,220,24541,319,127392,538,102851,682,0.136175478314911,0.706885071247836,0.5707095929329249
2021-07-07,Inyo,027,18085.0,17872,17,6466,7,10704,8,550,2,682,4,9460,6,8778,13,0.0377108100635886,0.5230854299142936,0.485374619850705
2021-07-07,Kern,029,883053.0,646057,1565,326692,1065,289412,432,29761,67,45189,671,359083,737,313894,888,0.0511735988666591,0.4066381066595096,0.3554645077928505
2021-07-07,Kings,031,150075.0,90585,248,40393,146,45499,91,4659,11,6742,125,50876,136,44134,123,0.0449242045643844,0.3390038314176245,0.2940796268532401
2021-07-07,Lake,033,64148.0,52121,100,15349,58,34395,39,2375,3,3052,61,28693,64,25641,39,0.0475774770842426,0.447293758184199,0.3997162810999563
2021-07-07,Lassen,035,31185.0,11824,16,1548,2,9259,13,1003,1,610,6,6688,7,6078,10,0.0195606862273528,0.2144620811287478,0.1949013949013949
2021-07-07,Los Angeles,037,10098052.0,11121334,21166,6008730,14963,4673821,5025,435033,1164,659873,8808,6085853,9954,5425980,12130,0.065346563871923,0.6026759418549241,0.5373293779830011
2021-07-07,Madera,039,155013.0,121043,258,60886,191,55133,48,4945,18,7069,113,66163,131,59094,143,0.0456026268764555,0.4268222665195822,0.3812196396431267
2021-07-07,Marin,041,260295.0,381437,237,239934,192,129980,29,11505,16,12525,100,202274,114,189749,135,0.0481184809543018,0.7770952188862637,0.7289767379319618
2021-07-07,Mariposa,043,17540.0,13271,16,2588,14,10142,1,519,1,2311,10,7990,11,5679,6,0.1317559863169897,0.4555302166476624,0.3237742303306727
2021-07-07,Mendocino,045,87422.0,93492,94,50535,58,39772,26,3174,10,5488,41,50874,51,45386,51,0.0627759602845965,0.5819358971425956,0.5191599368579991
2021-07-07,Merced,047,269075.0,207201,496,118869,306,78466,172,9063,18,21864,222,116301,239,94437,267,0.0812561553470222,0.4322252160178389,0.3509690606708167
2021-07-07,Modoc,049,8938.0,5575,6,729,1,4477,4,359,1,288,3,3102,4,2814,3,0.0322219735958827,0.3470575072723204,0.3148355336764377
2021-07-07,Mono,051,14174.0,15664,8,8638,5,6649,3,320,0,517,3,8206,3,7689,5,0.0364752363482432,0.5789473684210527,0.5424721320728094
2021-07-07,Monterey,053,433212.0,469975,884,218659,600,229954,260,20732,24,27410,429,258022,453,230612,446,0.0632715621912597,0.5956021532182857,0.5323305910270261
2021-07-07,Napa,055,140530.0,179638,168,92912,118,81609,38,5105,12,10088,72,97194,84,87106,96,0.0717853839037927,0.6916245641500035,0.6198391802462108
2021-07-07,Nevada,057,99092.0,103359,141,54792,91,45838,34,2692,13,5768,46,55705,59,49937,89,0.058208533484035,0.5621543616033585,0.5039458281193234
2021-07-07,Orange,059,3164182.0,3628392,5865,2035195,4343,1479027,1270,113039,252,175416,2401,1951270,2649,1775854,3408,0.0554380247406754,0.6166743885149464,0.5612363637742709
2021-07-07,Placer,061,380077.0,414074,585,234955,443,168743,110,10362,32,18148,238,220884,270,202736,345,0.0477482194397451,0.5811559236680989,0.5334077042283537
2021-07-07,Plumas,063,18699.0,16645,25,1881,15,13708,9,1014,1,713,11,9109,12,8396,13,0.038130381303813,0.487138349644366,0.4490079683405529
2021-07-07,Riverside,065,2383286.0,2136010,4706,1199040,3426,872761,1073,63250,199,138550,2070,1165399,2270,1026849,2578,0.0581340216826683,0.4889883127748831,0.4308542910922147
2021-07-07,Sacramento,067,1510023.0,1560323,3295,865165,2292,651757,851,43215,152,81158,1383,840013,1529,758855,1895,0.0537462012168026,0.5562915266853551,0.5025453254685525
2021-07-07,San Benito,069,59416.0,65689,149,35860,110,26794,37,2930,2,4141,51,36106,53,31965,96,0.0696950316413087,0.6076814326107446,0.5379864009694358
2021-07-07,San Bernardino,071,2135413.0,1763975,4424,1020866,3257,687300,1024,55605,142,112444,2021,963521,2161,851077,2375,0.0526567928545906,0.4512106089079724,0.3985538160533817
2021-07-07,San Diego,073,3302833.0,3939132,7651,2096593,5640,1694643,1488,146886,521,253643,2991,2178344,3789,1924701,4592,0.0767955873033847,0.6595380390107523,0.5827424517073676
2021-07-07,San Francisco,075,870044.0,1239887,1157,789707,914,399021,142,50847,101,39227,406,663334,502,624107,742,0.0450862255242263,0.7624143146783381,0.7173280891541117
2021-07-07,San Joaquin,077,732212.0,690153,1588,384945,1189,281939,330,23226,69,53625,719,377517,787,323892,808,0.0732369860095163,0.5155842843329528,0.4423472983234364
2021-07-07,San Luis Obispo,079,281455.0,294936,412,149781,224,134053,132,10974,56,15984,163,160412,216,144428,246,0.0567906059583237,0.5699383560427066,0.513147750084383
2021-07-07,San Mateo,081,765935.0,1052418,1176,643465,957,371234,138,37271,78,41126,419,563683,495,522557,729,0.0536938513059202,0.7359410393832375,0.6822471880773172
2021-07-07,Santa Barbara,083,443738.0,484575,612,278919,435,184249,131,21079,46,29610,272,266819,320,237209,338,0.0667285650541535,0.601298513987984,0.5345699489338304
2021-07-07,Santa Clara,085,1922200.0,2676570,3802,1712520,2964,862565,659,97852,176,87146,1306,1424377,1479,1337231,2451,0.0453365934866299,0.7410139423577151,0.6956773488710852
2021-07-07,Santa Cruz,087,273765.0,336707,396,160290,278,167470,99,8906,19,13896,152,179187,171,165291,239,0.0507588625280806,0.6545285189852611,0.6037696564571804
2021-07-07,Shasta,089,179085.0,121437,197,53550,102,61765,55,6077,40,9955,67,68573,107,58618,129,0.0555881285423123,0.3829075578635843,0.327319429321272
2021-07-07,Sierra,091,2930.0,2681,6,196,6,2447,0,37,0,48,0,1375,0,1327,6,0.0163822525597269,0.4692832764505119,0.4529010238907849
2021-07-07,Siskiyou,093,43540.0,33181,36,13326,10,18860,24,960,2,2245,12,18133,14,15888,24,0.0515617822691777,0.4164676159853008,0.3649058337161231
2021-07-07,Solano,095,438530.0,465301,765,249600,552,203247,149,12415,64,37025,307,256780,371,219755,450,0.0844297995576129,0.5855471689508129,0.5011173693932001
2021-07-07,Sonoma,097,501317.0,623656,797,338479,608,265710,134,19412,55,27977,313,334402,368,306425,478,0.0558070043505406,0.6670469982067235,0.6112399938561828
2021-07-07,Stanislaus,099,539301.0,460406,1138,256333,765,187718,304,16062,67,37250,449,252681,510,215431,682,0.0690708899111998,0.4685342693597824,0.3994633794485825
2021-07-07,Sutter,101,95872.0,81568,195,32276,110,45482,76,3805,9,5277,62,45081,71,39804,131,0.0550421395193591,0.4702207109479305,0.4151785714285714
2021-07-07,Tehama,103,63373.0,39038,103,13930,78,23646,21,1454,4,2005,41,21198,45,19193,62,0.0316380793082227,0.3344957631799031,0.3028576838716804
2021-07-07,Trinity,105,12862.0,9140,13,1529,9,7055,1,551,3,583,6,5128,9,4545,7,0.0453273207899238,0.3986938267765511,0.3533665059866273
2021-07-07,Tulare,107,460477.0,344138,728,197710,502,136015,189,10348,37,24026,326,188689,362,164663,394,0.0521763301967307,0.4097685660738756,0.3575922358771448
2021-07-07,Tuolumne,109,53932.0,47124,84,12491,37,33722,39,906,8,2103,37,24631,44,22528,42,0.0389935474300971,0.4567047393013424,0.4177111918712453
2021-07-07,Ventura,111,848112.0,956878,1576,498972,1088,424132,379,33407,108,45953,591,516621,699,470668,975,0.0541827022846039,0.6091424245854321,0.5549597223008282
2021-07-07,Yolo,113,214977.0,246120,376,119111,199,119724,112,7257,65,12797,139,132840,203,120043,236,0.0595272982691171,0.6179265688887648,0.5583992706196477
2021-07-07,Yuba,115,75493.0,49307,147,17665,96,28596,39,3030,12,3130,56,27645,68,24515,89,0.041460797689852,0.3661928920562171,0.3247320943663651
2021-07-06,Alameda,001,1643700.0,2130097,3706,1337180,2957,686433,637,105792,111,80550,1246,1154748,1356,1074198,2423,0.0490052929366672,0.7025296586968425,0.6535243657601753
2021-07-06,Alpine,003,1148.0,1467,1,40,0,1421,1,6,0,82,1,772,1,690,0,0.0714285714285714,0.6724738675958188,0.6010452961672473
2021-07-06,Amador,005,37829.0,35305,30,9188,13,24977,13,1139,4,2673,10,19105,14,16432,20,0.070660075603373,0.5050358190805996,0.4343757434772264
2021-07-06,Butte,007,227075.0,176394,344,82745,253,86680,75,6948,16,9578,123,96182,139,86604,219,0.0421798965099636,0.4235693052956071,0.3813894087856435
2021-07-06,Calaveras,009,45235.0,40310,79,16621,27,22620,37,1067,15,2036,35,21291,50,19255,44,0.0450093953796838,0.4706753619984525,0.4256659666187686
2021-07-06,Colusa,011,21464.0,18583,43,4083,18,13582,24,914,1,1209,21,10321,22,9112,22,0.0563268729034662,0.4808516585911293,0.424524785687663
2021-07-06,Contra Costa,013,1133247.0,1478777,2743,979277,2330,451832,280,47358,131,47030,910,785037,1039,738007,1812,0.0415002201638301,0.692732475797421,0.6512322556335909
2021-07-06,Del Norte,015,27424.0,18678,35,6528,18,11184,15,929,2,1129,17,10292,19,9163,17,0.0411683197199533,0.3752917152858809,0.3341233955659276
2021-07-06,El Dorado,017,186661.0,188093,299,88021,189,93075,76,6975,34,9303,116,101903,149,92600,181,0.0498390129700365,0.5459255013098612,0.4960864883398246
2021-07-06,Fresno,019,978130.0,863906,2123,446489,1487,384757,542,32223,93,57744,837,474743,929,416999,1263,0.0590350975841657,0.485357774528948,0.4263226769447824
2021-07-06,Glenn,021,27897.0,21650,48,8227,36,12264,10,1139,2,983,24,11842,26,10859,24,0.0352367638097286,0.4244900885399864,0.3892533247302577
2021-07-06,Humboldt,023,135768.0,138398,259,68343,165,63391,71,6544,23,6891,69,75595,93,68704,188,0.0507557009015379,0.5567954157091509,0.506039714807613
2021-07-06,Imperial,025,180216.0,215685,1016,102827,711,98435,276,14390,29,24685,393,126854,421,102169,609,0.1369745194655302,0.7038997647267723,0.5669252452612421
2021-07-06,Inyo,027,18085.0,17855,23,6459,14,10696,9,548,0,689,15,9454,15,8765,8,0.038097871163948,0.5227536632568427,0.4846557920928946
2021-07-06,Kern,029,883053.0,644492,1614,325627,959,288980,568,29694,87,45340,682,358346,769,313006,921,0.051344596530446,0.4058035021680465,0.3544589056376004
2021-07-06,Kings,031,150075.0,90337,227,40247,167,45408,48,4648,12,6729,84,50740,96,44011,142,0.0448375812093953,0.3380976178577378,0.2932600366483425
2021-07-06,Lake,033,64148.0,52021,164,15291,55,34356,102,2372,7,3027,66,28629,73,25602,95,0.0471877533204464,0.4462960653488807,0.3991083120284342
2021-07-06,Lassen,035,31185.0,11808,26,1546,0,9246,26,1002,0,613,13,6681,13,6068,13,0.0196568863235529,0.2142376142376142,0.1945807279140612
2021-07-06,Los Angeles,037,10098052.0,11100168,24953,5993767,17883,4668796,5814,433869,1242,662049,9435,6075899,10673,5413850,15303,0.0655620509777529,0.6016902071805532,0.5361281562028003
2021-07-06,Madera,039,155013.0,120785,364,60695,263,55085,73,4927,28,7081,148,66032,175,58951,214,0.0456800397386025,0.4259771761078103,0.3802971363692077
2021-07-06,Marin,041,260295.0,381200,475,239742,371,129951,62,11489,42,12546,167,202160,207,189614,300,0.0481991586469198,0.7766572542691945,0.7284580956222747
2021-07-06,Mariposa,043,17540.0,13255,18,2574,5,10141,7,518,6,2306,7,7979,13,5673,11,0.1314709236031927,0.454903078677309,0.3234321550741163
2021-07-06,Mendocino,045,87422.0,93398,212,50477,158,39746,40,3164,14,5488,85,50823,99,45335,127,0.0627759602845965,0.5813525199606506,0.5185765596760541
2021-07-06,Merced,047,269075.0,206705,511,118563,347,78294,137,9045,27,21892,217,116062,244,94170,280,0.0813602155532844,0.4313369878286723,0.3499767722753879
2021-07-06,Modoc,049,8938.0,5569,10,728,4,4473,6,358,0,287,6,3098,6,2811,4,0.0321100917431192,0.3466099798612665,0.3144998881181472
2021-07-06,Mono,051,14174.0,15656,11,8633,1,6646,6,320,4,519,4,8203,8,7684,7,0.0366163397770565,0.5787357132778327,0.5421193735007761
2021-07-06,Monterey,053,433212.0,469091,928,218059,656,229694,246,20708,26,27403,386,257569,409,230166,530,0.0632554038207621,0.5945564758132277,0.5313010719924656
2021-07-06,Napa,055,140530.0,179470,341,92794,295,81571,34,5093,12,10100,124,97110,136,87010,214,0.0718707749235038,0.6910268270120259,0.619156052088522
2021-07-06,Nevada,057,99092.0,103218,155,54701,94,45804,44,2679,17,5798,58,55646,75,49848,91,0.0585112824445969,0.5615589553142534,0.5030476728696565
2021-07-06,Orange,059,3164182.0,3622527,6999,2030852,5182,1477757,1477,112787,336,176175,2682,1948621,3015,1772446,4241,0.055677897162679,0.6158372053187838,0.5601593081561048
2021-07-06,Placer,061,380077.0,413489,857,234512,648,168633,164,10330,45,18223,303,220614,348,202391,552,0.0479455478758251,0.5804455412982106,0.5324999934223854
2021-07-06,Plumas,063,18699.0,16620,34,1866,19,13699,12,1013,3,714,10,9097,12,8383,23,0.0381838600994705,0.4864966040964757,0.4483127439970052
2021-07-06,Riverside,065,2383286.0,2131304,5705,1195614,4200,871688,1268,63051,231,138858,2294,1163129,2524,1024271,3357,0.0582632550184912,0.4880358463063182,0.4297725912878269
2021-07-06,Sacramento,067,1510023.0,1557028,3566,862873,2496,650906,886,43063,184,81524,1314,838484,1491,756960,2229,0.0539885816308758,0.5552789593271096,0.5012903776962337
2021-07-06,San Benito,069,59416.0,65540,128,35750,66,26757,53,2928,9,4184,47,36053,56,31869,81,0.0704187424262824,0.606789416992056,0.5363706745657735
2021-07-06,San Bernardino,071,2135413.0,1759551,5350,1017609,3942,686276,1238,55463,170,112658,2313,961360,2484,848702,3013,0.0527570076608131,0.45019862668252,0.3974416190217068
2021-07-06,San Diego,073,3302833.0,3931481,8417,2090953,6203,1693155,1784,146365,428,254446,3010,2174555,3687,1920109,5334,0.0770387119179201,0.6583908420437848,0.5813521301258646
2021-07-06,San Francisco,075,870044.0,1238730,1714,788793,1412,398879,203,50746,95,39467,549,662832,639,623365,1133,0.0453620736422525,0.7618373323647999,0.7164752587225474
2021-07-06,San Joaquin,077,732212.0,688565,1591,383756,1050,281609,482,23157,59,53646,660,376730,719,323084,868,0.0732656662278138,0.5145094590091395,0.4412437927813256
2021-07-06,San Luis Obispo,079,281455.0,294524,486,149557,305,133921,148,10918,33,16014,197,160196,230,144182,286,0.0568971949334707,0.5691709154216482,0.5122737204881775
2021-07-06,San Mateo,081,765935.0,1051242,1396,642508,1153,371096,157,37193,84,41360,560,563188,640,521828,818,0.0539993602590298,0.7352947704439672,0.6812954101849373
2021-07-06,Santa Barbara,083,443738.0,483963,591,278484,417,184118,132,21033,41,29628,206,266499,246,236871,376,0.0667691295313901,0.6005773677260005,0.5338082381946103
2021-07-06,Santa Clara,085,1922200.0,2672768,4339,1709556,3358,861906,805,97676,168,88118,1448,1422898,1611,1334780,2836,0.045842264072417,0.7402445114972428,0.6944022474248257
2021-07-06,Santa Cruz,087,273765.0,336311,672,160012,555,167371,95,8887,22,13964,205,179016,227,165052,463,0.0510072507442514,0.6539038956769492,0.6028966449326978
2021-07-06,Shasta,089,179085.0,121240,287,53448,168,61710,100,6037,19,9977,94,68466,113,58489,189,0.0557109752352234,0.382310076220789,0.3265991009855655
2021-07-06,Sierra,091,2930.0,2675,0,190,0,2447,0,37,0,54,0,1375,0,1321,0,0.0184300341296928,0.4692832764505119,0.4508532423208191
2021-07-06,Siskiyou,093,43540.0,33145,62,13316,15,18836,42,958,5,2255,17,18119,22,15864,45,0.0517914561322921,0.4161460725769407,0.3643546164446486
2021-07-06,Solano,095,438530.0,464536,1054,249048,832,203098,198,12351,23,37104,383,256409,407,219305,664,0.0846099468679451,0.5847011606959615,0.5000912138280164
2021-07-06,Sonoma,097,501317.0,622859,1155,337871,923,265576,158,19357,74,28087,422,334034,495,305947,720,0.0560264263928811,0.6663129317378026,0.6102865053449215
2021-07-06,Stanislaus,099,539301.0,459268,1054,255568,759,187414,246,15995,49,37422,472,252171,520,214749,573,0.0693898212686421,0.4675886007999243,0.3981987795312821
2021-07-06,Sutter,101,95872.0,81373,231,32166,138,45406,72,3796,21,5337,77,45010,98,39673,151,0.055667973965287,0.4694801401869158,0.4138121662216288
2021-07-06,Tehama,103,63373.0,38935,95,13852,53,23625,35,1450,7,2022,35,21153,42,19131,59,0.0319063323497388,0.3337856815994193,0.3018793492496804
2021-07-06,Trinity,105,12862.0,9127,11,1520,10,7054,1,548,0,581,6,5119,6,4538,5,0.0451718239776084,0.397994091121132,0.3528222671435235
2021-07-06,Tulare,107,460477.0,343410,808,197208,582,135826,196,10311,28,24058,338,188327,364,164269,464,0.0522458233527407,0.4089824247465128,0.3567366013937721
2021-07-06,Tuolumne,109,53932.0,47040,77,12454,27,33683,47,898,3,2101,36,24587,37,22486,36,0.0389564636950233,0.4558888971297189,0.4169324334346955
2021-07-06,Ventura,111,848112.0,955302,1548,497884,1092,423753,383,33299,73,46229,661,515922,734,469693,875,0.0545081310015658,0.6083182409870395,0.5538101099854736
2021-07-06,Yolo,113,214977.0,245744,377,118912,255,119612,104,7192,18,12830,142,132637,161,119807,233,0.0596808030626532,0.6169822818254976,0.5573014787628444
2021-07-06,Yuba,115,75493.0,49160,174,17569,95,28557,65,3018,14,3151,63,27577,77,24426,109,0.04173896917595,0.3652921462917091,0.3235531771157591
2021-07-05,Alameda,001,1643700.0,2126391,1676,1334223,1393,685796,225,105681,57,81617,741,1153392,796,1071775,898,0.0496544381578146,0.7017046906369776,0.6520502524791628
2021-07-05,Alpine,003,1148.0,1466,0,40,0,1420,0,6,0,81,0,771,0,690,0,0.0705574912891986,0.671602787456446,0.6010452961672473
2021-07-05,Amador,005,37829.0,35275,30,9175,5,24964,21,1135,4,2679,13,19091,17,16412,15,0.0708186840783525,0.5046657326389806,0.4338470485606281
2021-07-05,Butte,007,227075.0,176050,153,82492,99,86605,44,6932,10,9658,68,96043,78,86385,82,0.0425322030166244,0.422957172740284,0.3804249697236596
2021-07-05,Calaveras,009,45235.0,40231,24,16594,14,22583,7,1052,3,2030,3,21241,7,19211,21,0.0448767547253233,0.4695700232121145,0.4246932684867912
2021-07-05,Colusa,011,21464.0,18540,9,4065,6,13558,3,913,0,1209,4,10299,4,9090,5,0.0563268729034662,0.4798266865449124,0.4234998136414461
2021-07-05,Contra Costa,013,1133247.0,1476034,866,976947,712,451552,112,47227,41,47803,417,783998,459,736195,438,0.0421823309481516,0.6918156412503188,0.6496333103021671
2021-07-05,Del Norte,015,27424.0,18643,12,6510,7,11169,5,927,0,1127,3,10273,3,9146,9,0.041095390898483,0.3745988914819136,0.3335035005834306
2021-07-05,El Dorado,017,186661.0,187794,158,87832,100,92999,51,6941,7,9335,85,101754,91,92419,73,0.0500104467457047,0.5451272627919062,0.4951168160462014
2021-07-05,Fresno,019,978130.0,861783,1031,445002,745,384215,245,32130,41,58078,459,473814,499,415736,566,0.0593765654872051,0.4844080030261826,0.4250314375389774
2021-07-05,Glenn,021,27897.0,21602,21,8191,18,12254,1,1137,2,981,7,11816,9,10835,14,0.0351650715130659,0.4235580886833709,0.388393017170305
2021-07-05,Humboldt,023,135768.0,138139,148,68178,100,63320,36,6521,12,6986,66,75502,78,68516,80,0.0514554239585174,0.5561104236638973,0.5046549997053797
2021-07-05,Imperial,025,180216.0,214669,207,102116,92,98159,108,14361,7,24873,82,126433,88,101560,124,0.1380177120788387,0.7015636791405868,0.5635459670617481
2021-07-05,Inyo,027,18085.0,17832,4,6445,2,10687,2,548,0,682,0,9439,0,8757,4,0.0377108100635886,0.5219242466132153,0.4842134365496268
2021-07-05,Kern,029,883053.0,642878,679,324668,414,288412,240,29607,25,45492,303,357577,328,312085,371,0.0515167266290924,0.4049326597610789,0.3534159331319864
2021-07-05,Kings,031,150075.0,90110,96,40080,57,45360,27,4636,12,6775,48,50644,60,43869,48,0.0451440946193569,0.3374579376978177,0.2923138430784607
2021-07-05,Lake,033,64148.0,51857,55,15236,25,34254,30,2365,0,3049,38,28556,38,25507,15,0.0475307102325871,0.4451580719585957,0.3976273617260086
2021-07-05,Lassen,035,31185.0,11782,9,1546,0,9220,6,1002,3,613,2,6668,5,6055,7,0.0196568863235529,0.2138207471540804,0.1941638608305275
2021-07-05,Los Angeles,037,10098052.0,11075215,11515,5975884,8353,4662982,2873,432627,285,666679,5348,6065226,5635,5398547,6036,0.0660205552516465,0.6006332706545777,0.5346127154029312
2021-07-05,Madera,039,155013.0,120421,119,60432,101,55012,9,4899,9,7120,56,65857,65,58737,61,0.0459316315405804,0.4248482385348325,0.3789166069942521
2021-07-05,Marin,041,260295.0,380725,125,239371,97,129889,12,11447,16,12639,43,201953,58,189314,77,0.0485564455713709,0.7758620027276744,0.7273055571563034
2021-07-05,Mariposa,043,17540.0,13237,4,2569,1,10134,2,512,1,2304,1,7966,2,5662,3,0.1313568985176738,0.4541619156214367,0.3228050171037628
2021-07-05,Mendocino,045,87422.0,93186,40,50319,19,39706,15,3150,6,5516,17,50724,23,45208,23,0.0630962457962526,0.5802200819015808,0.5171238361053282
2021-07-05,Merced,047,269075.0,206194,306,118216,206,78157,95,9018,5,21928,154,115818,159,93890,149,0.08149400724705,0.430430177459816,0.3489361702127659
2021-07-05,Modoc,049,8938.0,5559,0,724,0,4467,0,358,0,285,0,3092,0,2807,0,0.0318863280375923,0.3459386887446856,0.3140523607070933
2021-07-05,Mono,051,14174.0,15645,6,8632,1,6640,4,316,1,518,3,8195,4,7677,3,0.0365457880626499,0.5781712995625794,0.5416255114999294
2021-07-05,Monterey,053,433212.0,468163,408,217403,248,229448,153,20682,7,27524,185,257160,192,229636,221,0.0635347127965061,0.5936123653084402,0.5300776525119341
2021-07-05,Napa,055,140530.0,179129,93,92499,72,81537,16,5081,5,10178,50,96974,55,86796,42,0.0724258165516259,0.6900590621219669,0.6176332455703408
2021-07-05,Nevada,057,99092.0,103063,45,54607,28,45760,11,2662,6,5814,17,55571,23,49757,28,0.0586727485568966,0.5608020829128487,0.5021293343559521
2021-07-05,Orange,059,3164182.0,3615528,3959,2025670,3017,1476280,804,112451,138,177401,1882,1945606,2019,1768205,2048,0.0560653590722657,0.6148843524171492,0.5588189933448835
2021-07-05,Placer,061,380077.0,412632,398,233864,267,168469,97,10285,34,18427,165,220266,199,201839,231,0.0484822812219629,0.5795299373547992,0.5310476561328362
2021-07-05,Plumas,063,18699.0,16586,0,1847,0,13687,0,1010,0,725,0,9085,0,8360,0,0.0387721268517033,0.4858548585485855,0.4470827316968822
2021-07-05,Riverside,065,2383286.0,2125599,2656,1191414,2074,870420,518,62820,63,139691,1281,1160605,1344,1020914,1358,0.0586127724494668,0.4869768042945748,0.4283640318451079
2021-07-05,Sacramento,067,1510023.0,1553462,1464,860377,985,650020,443,42879,35,82262,712,836993,747,754731,744,0.0544773159084331,0.5542915571484672,0.4998142412400341
2021-07-05,San Benito,069,59416.0,65412,97,35684,81,26704,14,2919,2,4209,46,35997,48,31788,51,0.0708395045105695,0.605846909923253,0.5350074054126834
2021-07-05,San Bernardino,071,2135413.0,1754201,2363,1013667,1827,685038,483,55293,53,113187,1157,958876,1211,845689,1188,0.0530047349154472,0.4490353856607598,0.3960306507453125
2021-07-05,San Diego,073,3302833.0,3923064,3958,2084750,2826,1691371,836,145937,294,256093,1762,2170868,2182,1914775,2152,0.0775373747325402,0.6572745276555007,0.5797371529229604
2021-07-05,San Francisco,075,870044.0,1237016,981,787381,861,398676,75,50651,45,39961,393,662193,436,622232,561,0.0459298610185232,0.7611028867505552,0.7151730257320319
2021-07-05,San Joaquin,077,732212.0,686974,874,382706,638,281127,194,23098,42,53795,403,376011,445,322216,458,0.0734691592052575,0.5135275029636226,0.440058343758365
2021-07-05,San Luis Obispo,079,281455.0,294038,172,149252,97,133773,64,10885,11,16070,84,159966,93,143896,85,0.0570961610204117,0.5683537332788545,0.5112575722584427
2021-07-05,San Mateo,081,765935.0,1049846,838,641355,701,370939,108,37109,28,41538,360,562548,386,521010,459,0.0542317559584037,0.7344591904012743,0.6802274344428705
2021-07-05,Santa Barbara,083,443738.0,483372,503,278067,325,183986,156,20992,21,29758,225,266253,246,236495,277,0.0670620952003209,0.6000229865371007,0.5329608913367798
2021-07-05,Santa Clara,085,1922200.0,2668429,2451,1706198,2003,861101,313,97508,129,89343,973,1421287,1100,1331944,1427,0.0464795546769326,0.7394064093226511,0.6929268546457185
2021-07-05,Santa Cruz,087,273765.0,335639,201,159457,159,167276,39,8865,3,14200,112,178789,115,164589,89,0.0518693039650795,0.6530747173670849,0.6012054134020054
2021-07-05,Shasta,089,179085.0,120953,111,53280,63,61610,38,6018,10,10053,49,68353,59,58300,61,0.0561353547198257,0.3816790909344724,0.3255437362146466
2021-07-05,Sierra,091,2930.0,2675,0,190,0,2447,0,37,0,54,0,1375,0,1321,0,0.0184300341296928,0.4692832764505119,0.4508532423208191
2021-07-05,Siskiyou,093,43540.0,33083,16,13301,6,18794,10,953,0,2278,4,18097,4,15819,11,0.0523197060174552,0.4156407900780891,0.3633210840606339
2021-07-05,Solano,095,438530.0,463482,362,248216,249,202900,97,12328,16,37361,180,256002,196,218641,175,0.08519599571295,0.5837730599958953,0.4985770642829453
2021-07-05,Sonoma,097,501317.0,621704,342,336948,257,265418,61,19283,24,28312,155,333539,179,305227,183,0.0564752442067593,0.6653255325472704,0.6088502883405111
2021-07-05,Stanislaus,099,539301.0,458214,665,254809,501,187168,157,15946,5,37475,304,251651,309,214176,353,0.0694880966287843,0.4666243897192847,0.3971362930905004
2021-07-05,Sutter,101,95872.0,81142,88,32028,59,45334,18,3775,11,5390,38,44912,48,39522,50,0.0562207943925233,0.4684579439252336,0.4122371495327103
2021-07-05,Tehama,103,63373.0,38840,35,13799,16,23590,17,1443,2,2039,17,21111,19,19072,18,0.0321745853912549,0.3331229387909677,0.3009483533997128
2021-07-05,Trinity,105,12862.0,9116,13,1510,11,7053,2,548,0,580,6,5113,6,4533,7,0.0450940755714507,0.3975276006841859,0.3524335251127352
2021-07-05,Tulare,107,460477.0,342602,417,196626,301,135630,104,10283,12,24158,210,187963,222,163805,204,0.0524629894652718,0.4081919400968995,0.3557289506316276
2021-07-05,Tuolumne,109,53932.0,46963,23,12427,6,33636,17,895,0,2100,12,24550,12,22450,11,0.0389379218274864,0.4552028480308536,0.4162649262033672
2021-07-05,Ventura,111,848112.0,953754,961,496792,700,423370,193,33226,67,46370,407,515188,471,468818,547,0.0546743826287094,0.6074527892542494,0.55277840662554
2021-07-05,Yolo,113,214977.0,245367,151,118657,90,119508,56,7174,5,12902,75,132476,80,119574,74,0.0600157226121864,0.6162333644994581,0.5562176418872716
2021-07-05,Yuba,115,75493.0,48986,67,17474,47,28492,16,3004,4,3183,37,27500,41,24317,30,0.0421628495357185,0.3642721841760163,0.3221093346402978
2021-07-04,Alameda,001,1643700.0,2124715,105,1332830,69,685571,30,105624,6,81719,41,1152596,47,1070877,61,0.049716493277362,0.7012204173510981,0.651503924073736
2021-07-04,Alpine,003,1148.0,1466,0,40,0,1420,0,6,0,81,0,771,0,690,0,0.0705574912891986,0.671602787456446,0.6010452961672473
2021-07-04,Amador,005,37829.0,35245,6,9170,0,24943,6,1131,0,2677,5,19074,5,16397,0,0.0707658145866927,0.5042163419598721,0.4334505273731793
2021-07-04,Butte,007,227075.0,175897,3,82393,2,86561,1,6922,0,9662,0,95965,0,86303,3,0.0425498183419575,0.4226136738962898,0.3800638555543322
2021-07-04,Calaveras,009,45235.0,40207,4,16580,1,22576,3,1049,0,2044,3,21234,3,19190,1,0.0451862495854979,0.4694152757820272,0.4242290261965292
2021-07-04,Colusa,011,21464.0,18531,3,4059,2,13555,1,913,0,1210,1,10295,1,9085,2,0.0563734625419306,0.4796403279910547,0.4232668654491241
2021-07-04,Contra Costa,013,1133247.0,1475168,57,976235,23,451440,19,47186,15,47782,21,783539,36,735757,36,0.0421638001247742,0.6914106103964979,0.6492468102717236
2021-07-04,Del Norte,015,27424.0,18631,12,6503,10,11164,2,927,0,1133,7,10270,7,9137,5,0.0413141773628938,0.3744894982497083,0.3331753208868144
2021-07-04,El Dorado,017,186661.0,187636,4,87732,0,92948,1,6934,3,9317,0,101663,3,92346,4,0.0499140152468914,0.5446397479923498,0.4947257327454583
2021-07-04,Fresno,019,978130.0,860752,89,444257,29,383970,53,32089,7,58145,33,473315,40,415170,56,0.0594450635396113,0.4838978458896056,0.4244527823499944
2021-07-04,Glenn,021,27897.0,21581,3,8173,2,12253,0,1135,1,986,0,11807,1,10821,3,0.0353443022547227,0.4232354733483887,0.387891171093666
2021-07-04,Humboldt,023,135768.0,137991,10,68078,5,63284,5,6509,0,6988,6,75424,6,68436,4,0.0514701549702433,0.5555359142065877,0.5040657592363443
2021-07-04,Imperial,025,180216.0,214462,43,102024,17,98051,24,14354,2,24909,20,126345,22,101436,23,0.1382174723664935,0.7010753762152084,0.5628579038487149
2021-07-04,Inyo,027,18085.0,17828,0,6443,0,10685,0,548,0,686,0,9439,0,8753,0,0.0379319878352225,0.5219242466132153,0.4839922587779928
2021-07-04,Kern,029,883053.0,642199,138,324254,100,288172,37,29582,0,45535,64,357249,64,311714,71,0.0515654213280516,0.4045612211271577,0.352995799799106
2021-07-04,Kings,031,150075.0,90014,5,40023,0,45333,5,4624,0,6763,3,50584,3,43821,1,0.0450641345993669,0.3370581375978677,0.2919940029985007
2021-07-04,Lake,033,64148.0,51802,14,15211,5,34224,9,2365,0,3026,9,28518,9,25492,5,0.0471721643698946,0.4445656918376255,0.3973935274677309
2021-07-04,Lassen,035,31185.0,11773,1,1546,0,9214,1,999,0,615,1,6663,1,6048,0,0.0197210197210197,0.2136604136604136,0.1939393939393939
2021-07-04,Los Angeles,037,10098052.0,11063700,800,5967531,422,4660109,327,432342,51,667080,373,6059591,421,5392511,408,0.0660602658809837,0.600075242234839,0.5340149763538552
2021-07-04,Madera,039,155013.0,120302,10,60331,0,55003,6,4890,4,7116,6,65792,10,58676,4,0.0459058272531981,0.4244289188648694,0.3785230916116713
2021-07-04,Marin,041,260295.0,380600,1,239274,1,129877,0,11431,0,12658,0,201895,0,189237,0,0.0486294396742157,0.7756391786242532,0.7270097389500375
2021-07-04,Mariposa,043,17540.0,13233,1,2568,0,10132,1,511,0,2305,0,7964,0,5659,1,0.1314139110604333,0.4540478905359179,0.3226339794754846
2021-07-04,Mendocino,045,87422.0,93146,1,50300,0,39691,1,3144,0,5516,1,50701,1,45185,0,0.0630962457962526,0.5799569902312919,0.5168607444350393
2021-07-04,Merced,047,269075.0,205888,19,118010,6,78062,12,9013,1,21918,9,115659,10,93741,10,0.0814568428876707,0.4298392641456843,0.3483824212580135
2021-07-04,Modoc,049,8938.0,5559,0,724,0,4467,0,358,0,285,0,3092,0,2807,0,0.0318863280375923,0.3459386887446856,0.3140523607070933
2021-07-04,Mono,051,14174.0,15639,0,8631,0,6636,0,315,0,517,0,8191,0,7674,0,0.0364752363482432,0.5778890927049527,0.5414138563567095
2021-07-04,Monterey,053,433212.0,467755,35,217155,24,229295,10,20675,1,27553,24,256968,25,229415,11,0.0636016546171389,0.5931691642890778,0.5295675096719389
2021-07-04,Napa,055,140530.0,179036,7,92427,0,81521,6,5076,1,10165,0,96919,1,86754,7,0.0723333096136056,0.6896676866149577,0.6173343770013521
2021-07-04,Nevada,057,99092.0,103018,0,54579,0,45749,0,2656,0,5819,0,55548,0,49729,0,0.0587232067169902,0.5605699753764178,0.5018467686594276
2021-07-04,Orange,059,3164182.0,3611569,356,2022653,231,1475476,111,112313,14,177430,156,1943587,170,1766157,195,0.0560745241582184,0.614246272812373,0.5581717486541545
2021-07-04,Placer,061,380077.0,412234,17,233597,3,168372,14,10251,0,18459,7,220067,7,201608,10,0.0485664746880237,0.5790063592377334,0.5304398845497097
2021-07-04,Plumas,063,18699.0,16586,1,1847,1,13687,0,1010,0,725,1,9085,1,8360,0,0.0387721268517033,0.4858548585485855,0.4470827316968822
2021-07-04,Riverside,065,2383286.0,2122943,252,1189340,144,869902,98,62757,9,139705,101,1159261,110,1019556,146,0.0586186466920042,0.486412877010984,0.4277942303189798
2021-07-04,Sacramento,067,1510023.0,1551998,166,859392,65,649577,91,42844,10,82259,70,836246,80,753987,95,0.0544753291837276,0.5537968626967934,0.4993215335130657
2021-07-04,San Benito,069,59416.0,65315,14,35603,13,26690,1,2917,0,4212,6,35949,6,31737,8,0.0708899959606839,0.6050390467214218,0.5341490507607378
2021-07-04,San Bernardino,071,2135413.0,1751838,219,1011840,149,684555,64,55240,6,113164,119,957665,125,844501,100,0.0529939641652457,0.4484682822479773,0.3954743180827315
2021-07-04,San Diego,073,3302833.0,3919106,449,2081924,297,1690535,66,145643,85,256063,157,2168686,259,1912623,281,0.0775282916211628,0.6566138826879833,0.5790855910668206
2021-07-04,San Francisco,075,870044.0,1236035,18,786520,13,398601,2,50606,2,40086,6,661757,7,621671,10,0.0460735319133285,0.7606017626694742,0.7145282307561457
2021-07-04,San Joaquin,077,732212.0,686100,162,382068,108,280933,41,23056,13,53808,66,375566,79,321758,92,0.0734869136261082,0.5129197554806532,0.4394328418545448
2021-07-04,San Luis Obispo,079,281455.0,293866,29,149155,17,133709,11,10874,1,16062,12,159873,13,143811,17,0.0570677372937059,0.5680233074558988,0.5109555701621928
2021-07-04,San Mateo,081,765935.0,1049008,54,640654,46,370831,1,37081,7,41611,26,562162,33,520551,27,0.0543270643070234,0.7339552311880251,0.6796281668810017
2021-07-04,Santa Barbara,083,443738.0,482869,26,277742,16,183830,10,20971,0,29789,9,266007,9,236218,17,0.0671319562444505,0.599468605348201,0.5323366491037504
2021-07-04,Santa Clara,085,1922200.0,2665978,151,1704195,110,860788,25,97379,14,89670,76,1420187,90,1330517,69,0.0466496722505462,0.7388341483716575,0.6921844761211112
2021-07-04,Santa Cruz,087,273765.0,335438,10,159298,8,167237,1,8862,1,14174,8,178674,9,164500,2,0.051774332000073,0.6526546490603254,0.6008803170602524
2021-07-04,Shasta,089,179085.0,120842,4,53217,0,61572,3,6008,1,10055,0,68294,1,58239,4,0.0561465226009995,0.381349638439847,0.3252031158388475
2021-07-04,Sierra,091,2930.0,2675,0,190,0,2447,0,37,0,54,0,1375,0,1321,0,0.0184300341296928,0.4692832764505119,0.4508532423208191
2021-07-04,Siskiyou,093,43540.0,33067,0,13295,0,18784,0,953,0,2285,0,18093,0,15808,0,0.0524804777216352,0.4155489205328433,0.3630684428112081
2021-07-04,Solano,095,438530.0,463120,37,247967,5,202803,18,12312,13,37340,15,255806,28,218466,21,0.0851481084532415,0.5833261122386154,0.4981780037853738
2021-07-04,Sonoma,097,501317.0,621362,23,336691,13,265357,8,19259,2,28316,14,333360,16,305044,9,0.0564832231901172,0.6649684730420073,0.6084852498518901
2021-07-04,Stanislaus,099,539301.0,457549,84,254308,50,187011,27,15941,7,37519,31,251342,38,213823,52,0.069569683720223,0.4660514258271355,0.3964817421069124
2021-07-04,Sutter,101,95872.0,81054,8,31969,4,45316,4,3764,0,5392,3,44864,3,39472,5,0.0562416555407209,0.4679572763684913,0.4117156208277703
2021-07-04,Tehama,103,63373.0,38805,7,13783,7,23573,0,1441,0,2038,3,21092,3,19054,4,0.0321588058005775,0.3328231265680968,0.3006643207675193
2021-07-04,Trinity,105,12862.0,9103,2,1499,1,7051,1,548,0,581,1,5107,1,4526,1,0.0451718239776084,0.3970611102472399,0.3518892862696314
2021-07-04,Tulare,107,460477.0,342185,33,196325,20,135526,10,10271,3,24140,17,187741,20,163601,16,0.0524238995650162,0.4077098313270804,0.3552859317620641
2021-07-04,Tuolumne,109,53932.0,46940,4,12421,1,33619,3,895,0,2099,2,24538,2,22439,2,0.0389193799599495,0.4549803456204109,0.4160609656604613
2021-07-04,Ventura,111,848112.0,952793,63,496092,47,423177,12,33159,4,46446,26,514717,30,468271,35,0.0547639934348293,0.6068974380742166,0.5521334446393873
2021-07-04,Yolo,113,214977.0,245216,73,118567,42,119452,26,7169,5,12896,22,132396,27,119500,51,0.0599878126497253,0.6158612316666434,0.5558734190169181
2021-07-04,Yuba,115,75493.0,48919,5,17427,2,28476,3,3000,0,3172,3,27459,3,24287,2,0.0420171406620481,0.363729087465063,0.3217119468030148
2021-07-03,Alameda,001,1643700.0,2124610,2080,1332761,1520,685541,468,105618,91,81733,813,1152549,903,1070816,1229,0.0497250106467116,0.7011918233254244,0.6514668126787126
2021-07-03,Alpine,003,1148.0,1466,0,40,0,1420,0,6,0,81,0,771,0,690,0,0.0705574912891986,0.671602787456446,0.6010452961672473
2021-07-03,Amador,005,37829.0,35239,16,9170,1,24937,11,1131,4,2672,9,19069,13,16397,7,0.0706336408575431,0.5040841682307224,0.4334505273731793
2021-07-03,Butte,007,227075.0,175894,126,82391,87,86560,36,6922,3,9665,53,95965,56,86300,71,0.0425630298359572,0.4226136738962898,0.3800506440603325
2021-07-03,Calaveras,009,45235.0,40203,26,16579,17,22573,9,1049,0,2042,14,21231,15,19189,12,0.0451420360340444,0.4693489554548469,0.4242069194208024
2021-07-03,Colusa,011,21464.0,18528,21,4057,8,13554,13,913,0,1211,11,10294,11,9083,10,0.056420052180395,0.4795937383525904,0.4231736861721953
2021-07-03,Contra Costa,013,1133247.0,1475111,1120,976212,918,451421,141,47171,59,47782,445,783503,502,735721,661,0.0421638001247742,0.691378843270708,0.6492150431459338
2021-07-03,Del Norte,015,27424.0,18619,4,6493,3,11162,1,927,0,1131,3,10263,3,9132,1,0.0412412485414235,0.3742342473745624,0.3329929988331389
2021-07-03,El Dorado,017,186661.0,187632,107,87732,81,92947,21,6931,5,9318,49,101660,54,92342,57,0.049919372552381,0.5446236760758809,0.4947043035234998
2021-07-03,Fresno,019,978130.0,860663,1117,444228,828,383917,259,32082,30,58161,545,473275,575,415114,557,0.0594614212834694,0.4838569515299602,0.4243955302464907
2021-07-03,Glenn,021,27897.0,21578,36,8171,28,12253,7,1134,1,988,24,11806,25,10818,12,0.0354159945513854,0.4231996272000573,0.3877836326486719
2021-07-03,Humboldt,023,135768.0,137981,95,68073,63,63279,21,6509,11,6986,43,75418,54,68432,51,0.0514554239585174,0.5554917211714101,0.5040362972128926
2021-07-03,Imperial,025,180216.0,214419,274,102007,150,98027,116,14352,8,24910,107,126323,115,101413,165,0.1382230212633728,0.7009533004838638,0.562730279220491
2021-07-03,Inyo,027,18085.0,17828,6,6443,6,10685,0,548,0,686,5,9439,5,8753,1,0.0379319878352225,0.5219242466132153,0.4839922587779928
2021-07-03,Kern,029,883053.0,642061,1042,324154,727,288135,273,29582,42,45542,515,357185,557,311643,523,0.0515733483720682,0.4044887452961487,0.3529153969240804
2021-07-03,Kings,031,150075.0,90009,108,40023,86,45328,21,4624,1,6761,56,50581,57,43820,52,0.0450508079293686,0.3370381475928702,0.2919873396635016
2021-07-03,Lake,033,64148.0,51788,74,15206,44,34215,30,2365,0,3022,34,28509,34,25487,38,0.0471098085676872,0.4444253912826588,0.3973155827149716
2021-07-03,Lassen,035,31185.0,11772,6,1546,1,9213,5,999,0,614,4,6662,4,6048,2,0.0196889530222863,0.2136283469616803,0.1939393939393939
2021-07-03,Los Angeles,037,10098052.0,11062900,14152,5967109,9956,4659782,3656,432291,530,667067,6447,6059170,6969,5392103,7559,0.0660589785039728,0.600033551025485,0.533974572521512
2021-07-03,Madera,039,155013.0,120292,171,60331,118,54997,45,4886,8,7110,80,65782,88,58672,89,0.0458671208221245,0.4243644081464135,0.3784972873242889
2021-07-03,Marin,041,260295.0,380599,282,239273,227,129877,25,11431,30,12658,113,201895,143,189237,164,0.0486294396742157,0.7756391786242532,0.7270097389500375
2021-07-03,Mariposa,043,17540.0,13232,6,2568,3,10131,3,511,0,2306,1,7964,1,5658,5,0.1314709236031927,0.4540478905359179,0.3225769669327252
2021-07-03,Mendocino,045,87422.0,93145,39,50300,28,39690,9,3144,2,5515,18,50700,20,45185,21,0.0630848070279792,0.5799455514630185,0.5168607444350393
2021-07-03,Merced,047,269075.0,205869,308,118004,212,78050,76,9012,20,21918,152,115649,172,93731,149,0.0814568428876707,0.4298020997863049,0.3483452568986342
2021-07-03,Modoc,049,8938.0,5559,3,724,0,4467,3,358,0,285,3,3092,3,2807,0,0.0318863280375923,0.3459386887446856,0.3140523607070933
2021-07-03,Mono,051,14174.0,15639,0,8631,0,6636,0,315,0,517,0,8191,0,7674,0,0.0364752363482432,0.5778890927049527,0.5414138563567095
2021-07-03,Monterey,053,433212.0,467720,606,217131,464,229285,137,20674,5,27539,280,256943,284,229404,322,0.0635693378761437,0.593111455823015,0.5295421179468712
2021-07-03,Napa,055,140530.0,179029,78,92427,63,81515,8,5075,7,10171,44,96918,51,86747,33,0.0723760051234611,0.6896605706966484,0.6172845655731872
2021-07-03,Nevada,057,99092.0,103018,33,54579,15,45749,11,2656,7,5819,16,55548,23,49729,17,0.0587232067169902,0.5605699753764178,0.5018467686594276
2021-07-03,Orange,059,3164182.0,3611213,4200,2022422,3086,1475365,971,112299,143,177455,1911,1943417,2056,1765962,2241,0.0560824250943845,0.6141925464464434,0.5581101213520587
2021-07-03,Placer,061,380077.0,412217,309,233594,212,168358,84,10251,13,18462,146,220060,158,201598,160,0.0485743678254669,0.5789879419170326,0.5304135740915656
2021-07-03,Plumas,063,18699.0,16585,1,1846,0,13687,1,1010,0,724,1,9084,1,8360,0,0.0387186480560457,0.485801379752928,0.4470827316968822
2021-07-03,Riverside,065,2383286.0,2122691,2952,1189196,2214,869804,655,62748,82,139741,1445,1159151,1527,1019410,1468,0.0586337518871004,0.4863667222481901,0.4277329703610897
2021-07-03,Sacramento,067,1510023.0,1551832,1904,859327,1282,649486,586,42834,34,82274,809,836166,842,753892,1073,0.0544852628072552,0.5537438833713129,0.4992586205640576
2021-07-03,San Benito,069,59416.0,65301,102,35590,95,26689,6,2917,1,4214,56,35943,57,31729,46,0.0709236569274269,0.604938063821193,0.534014406893766
2021-07-03,San Bernardino,071,2135413.0,1751619,2611,1011691,1964,684491,591,55234,55,113139,1257,957540,1312,844401,1336,0.0529822568280702,0.4484097455620996,0.3954274887340294
2021-07-03,San Diego,073,3302833.0,3918657,4146,2081627,3114,1690469,858,145558,173,256085,1812,2168427,2119,1912342,2305,0.0775349525695062,0.6565354651597584,0.5790005125902521
2021-07-03,San Francisco,075,870044.0,1236017,906,786507,760,398599,72,50604,72,40089,337,661750,408,621661,544,0.0460769800148038,0.7605937170993651,0.7145167370845612
2021-07-03,San Joaquin,077,732212.0,685938,904,381960,653,280892,225,23043,26,53821,482,375487,509,321666,398,0.073504668046959,0.5128118632308676,0.4393071951839085
2021-07-03,San Luis Obispo,079,281455.0,293837,427,149138,173,133698,241,10873,13,16066,121,159860,134,143794,304,0.0570819491570588,0.5679771189000018,0.5108951697429429
2021-07-03,San Mateo,081,765935.0,1048954,1090,640608,931,370830,117,37074,41,41605,423,562129,462,520524,647,0.0543192307441232,0.7339121465920737,0.6795929158479506
2021-07-03,Santa Barbara,083,443738.0,482843,357,277726,223,183820,121,20971,12,29797,153,265998,165,236201,198,0.0671499849010001,0.5994483231095827,0.5322983382085825
2021-07-03,Santa Clara,085,1922200.0,2665827,2492,1704085,1944,860763,430,97365,115,89649,1019,1420097,1132,1330448,1433,0.0466387472687545,0.7387873270211216,0.6921485797523671
2021-07-03,Santa Cruz,087,273765.0,335428,215,159290,149,167236,63,8861,3,14167,89,178665,92,164498,123,0.051748762624879,0.6526217741493617,0.6008730115244827
2021-07-03,Shasta,089,179085.0,120838,119,53217,80,61569,31,6007,8,10058,53,68293,61,58235,66,0.0561632744227601,0.3813440544992601,0.3251807800765
2021-07-03,Sierra,091,2930.0,2675,1,190,1,2447,0,37,0,54,0,1375,0,1321,1,0.0184300341296928,0.4692832764505119,0.4508532423208191
2021-07-03,Siskiyou,093,43540.0,33067,17,13295,6,18784,11,953,0,2285,8,18093,8,15808,9,0.0524804777216352,0.4155489205328433,0.3630684428112081
2021-07-03,Solano,095,438530.0,463083,323,247962,216,202785,90,12299,17,37333,162,255778,178,218445,156,0.0851321460333386,0.5832622625590039,0.4981301165256653
2021-07-03,Sonoma,097,501317.0,621339,575,336678,477,265349,74,19257,24,28309,232,333344,256,305035,340,0.056469259969241,0.664936557108576,0.608467297139335
2021-07-03,Stanislaus,099,539301.0,457465,556,254258,402,186984,133,15934,21,37533,266,251304,287,213771,284,0.0695956432493171,0.4659809642481657,0.3963853209988485
2021-07-03,Sutter,101,95872.0,81046,121,31965,93,45312,25,3764,3,5394,44,44861,47,39467,69,0.0562625166889185,0.4679259846461949,0.4116634679572764
2021-07-03,Tehama,103,63373.0,38798,39,13776,19,23573,18,1441,2,2039,14,21089,16,19050,25,0.0321745853912549,0.3327757877960646,0.3006012024048096
2021-07-03,Trinity,105,12862.0,9101,4,1498,1,7050,0,548,3,581,0,5106,3,4525,4,0.0451718239776084,0.3969833618410822,0.3518115378634738
2021-07-03,Tulare,107,460477.0,342152,474,196305,343,135516,121,10268,10,24136,232,187721,241,163585,237,0.052415212920515,0.4076663981045741,0.3552511851840591
2021-07-03,Tuolumne,109,53932.0,46936,23,12420,9,33616,14,895,0,2099,7,24536,7,22437,16,0.0389193799599495,0.454943261885337,0.4160238819253875
2021-07-03,Ventura,111,848112.0,952730,902,496045,672,423165,194,33155,36,46451,446,514687,481,468236,448,0.0547698888826004,0.6068620653875904,0.5520921765049899
2021-07-03,Yolo,113,214977.0,245143,219,118525,139,119426,76,7164,4,12920,97,132369,101,119449,119,0.0600994524995697,0.6157356368355684,0.5556361843359987
2021-07-03,Yuba,115,75493.0,48914,66,17425,43,28473,23,3000,0,3171,37,27456,37,24285,29,0.0420038944008053,0.3636893486813347,0.3216854542805293
2021-07-02,Alameda,001,1643700.0,2122530,4106,1331241,3090,685073,842,105527,171,82059,1493,1151646,1658,1069587,2562,0.0499233436758532,0.7006424530023727,0.6507191093265194
2021-07-02,Alpine,003,1148.0,1466,0,40,0,1420,0,6,0,81,0,771,0,690,0,0.0705574912891986,0.671602787456446,0.6010452961672473
2021-07-02,Amador,005,37829.0,35223,35,9169,16,24926,9,1127,10,2666,17,19056,27,16390,18,0.0704750323825636,0.5037405165349336,0.4332654841523699
2021-07-02,Butte,007,227075.0,175768,305,82304,207,86524,71,6919,27,9680,140,95909,167,86229,165,0.0426290873059561,0.4223670593416272,0.379737972035671
2021-07-02,Calaveras,009,45235.0,40177,47,16562,32,22564,13,1049,2,2039,27,21216,29,19177,20,0.0450757157068641,0.4690173538189455,0.4239416381120813
2021-07-02,Colusa,011,21464.0,18507,50,4049,27,13541,22,913,1,1210,25,10283,26,9073,25,0.0563734625419306,0.4790812523294819,0.4227077897875512
2021-07-02,Contra Costa,013,1133247.0,1473991,2274,975294,1858,451280,311,47112,104,47941,943,783001,1046,735060,1313,0.0423041049303461,0.6909358683499713,0.6486317634196253
2021-07-02,Del Norte,015,27424.0,18615,20,6490,9,11161,11,927,0,1129,6,10260,6,9131,14,0.0411683197199533,0.3741248541423571,0.3329565344224037
2021-07-02,El Dorado,017,186661.0,187525,263,87651,166,92926,71,6926,26,9321,113,101606,139,92285,149,0.0499354444688499,0.5443343815794408,0.4943989371105908
2021-07-02,Fresno,019,978130.0,859546,1775,443400,1271,383658,437,32052,67,58143,845,472700,912,414557,919,0.059443018821629,0.4832690951100569,0.4238260762884279
2021-07-02,Glenn,021,27897.0,21542,61,8143,37,12246,19,1133,5,975,20,11781,25,10806,41,0.0349499946230777,0.4223034734917733,0.3873534788686955
2021-07-02,Humboldt,023,135768.0,137886,274,68010,145,63258,85,6498,44,6983,110,75364,154,68381,164,0.0514333274409286,0.5550939838548111,0.5036606564138825
2021-07-02,Imperial,025,180216.0,214145,1024,101857,685,97911,310,14344,29,24960,445,126208,471,101248,565,0.1385004661073378,0.7003151773427443,0.5618147112354064
2021-07-02,Inyo,027,18085.0,17822,21,6437,9,10685,12,548,0,682,13,9434,13,8752,8,0.0377108100635886,0.5216477743986729,0.4839369643350843
2021-07-02,Kern,029,883053.0,641019,1818,323427,1221,287862,523,29540,74,45508,817,356628,889,311120,986,0.0515348455868447,0.4038579790793984,0.3523231334925537
2021-07-02,Kings,031,150075.0,89901,195,39937,127,45307,59,4623,9,6756,99,50524,108,43768,95,0.0450174912543728,0.3366583374979177,0.2916408462435449
2021-07-02,Lake,033,64148.0,51714,116,15162,38,34185,65,2365,13,3026,59,28475,71,25449,55,0.0471721643698946,0.443895366963896,0.3967232025940013
2021-07-02,Lassen,035,31185.0,11766,25,1545,4,9208,17,999,4,612,9,6658,13,6046,15,0.0196248196248196,0.2135000801667468,0.1938752605419272
2021-07-02,Los Angeles,037,10098052.0,11048748,24615,5957153,17359,4656126,6086,431761,1163,667657,11074,6052201,12219,5384544,13294,0.066117405614469,0.5993434179186243,0.5332260123041553
2021-07-02,Madera,039,155013.0,120121,240,60213,181,54952,41,4878,18,7111,99,65694,117,58583,140,0.0458735718939701,0.4237967138240018,0.3779231419300317
2021-07-02,Marin,041,260295.0,380317,380,239046,296,129852,45,11401,39,12679,147,201752,185,189073,229,0.0487101173668337,0.7750898019554736,0.7263796845886398
2021-07-02,Mariposa,043,17540.0,13226,8,2565,7,10128,1,511,0,2310,5,7963,5,5653,2,0.1316989737742303,0.4539908779931585,0.3222919042189281
2021-07-02,Mendocino,045,87422.0,93106,104,50272,63,39681,31,3142,10,5516,45,50680,55,45164,56,0.0630962457962526,0.5797167760975498,0.5166205303012972
2021-07-02,Merced,047,269075.0,205561,540,117792,388,77974,129,8992,20,21895,297,115477,315,93582,233,0.0813713648610982,0.42916287280498,0.3477915079438818
2021-07-02,Modoc,049,8938.0,5556,2,724,2,4464,0,358,0,282,0,3089,0,2807,2,0.0315506824793018,0.3456030431863952,0.3140523607070933
2021-07-02,Mono,051,14174.0,15639,45,8631,40,6636,2,315,3,517,15,8191,17,7674,29,0.0364752363482432,0.5778890927049527,0.5414138563567095
2021-07-02,Monterey,053,433212.0,467114,1047,216667,627,229148,378,20669,41,27577,531,256659,571,229082,506,0.0636570547445592,0.5924558876485416,0.5287988329039823
2021-07-02,Napa,055,140530.0,178951,174,92364,131,81507,37,5068,6,10153,68,96867,74,86714,105,0.0722479185938945,0.6892976588628763,0.6170497402689817
2021-07-02,Nevada,057,99092.0,102985,146,54564,96,45738,35,2649,14,5813,71,55525,85,49712,70,0.0586626569248778,0.5603378678399871,0.5016752109151091
2021-07-02,Orange,059,3164182.0,3607013,7405,2019336,5515,1474394,1553,112156,337,177640,3202,1941361,3535,1763721,4160,0.0561408920220139,0.6135427734561413,0.5574018814341274
2021-07-02,Placer,061,380077.0,411908,709,233382,523,168274,159,10238,27,18464,310,219902,337,201438,395,0.0485796299170957,0.5785722366783573,0.5299926067612616
2021-07-02,Plumas,063,18699.0,16584,18,1846,13,13686,4,1010,1,723,4,9083,4,8360,13,0.0386651692603882,0.4857479009572704,0.4470827316968822
2021-07-02,Riverside,065,2383286.0,2119739,6088,1186982,4534,869149,1349,62666,202,139682,2823,1157624,3025,1017942,3210,0.0586089961506927,0.4857260102228604,0.4271170140721675
2021-07-02,Sacramento,067,1510023.0,1549928,3519,858045,2347,648900,1014,42800,156,82505,1486,835324,1637,752819,2006,0.0546382406095801,0.5531862759706309,0.4985480353610508
2021-07-02,San Benito,069,59416.0,65199,134,35495,76,26683,45,2916,13,4203,51,35886,64,31683,83,0.0707385216103406,0.6039787262690185,0.5332402046586778
2021-07-02,San Bernardino,071,2135413.0,1749008,5347,1009727,3802,683900,1366,55179,179,113163,2484,956228,2662,843065,2825,0.0529934958717587,0.4477953445071281,0.3948018486353694
2021-07-02,San Diego,073,3302833.0,3914511,7591,2078513,5209,1689611,1958,145385,423,256271,3120,2166308,3745,1910037,4389,0.0775912678600462,0.6558938947261336,0.5783026268660874
2021-07-02,San Francisco,075,870044.0,1235111,1587,785747,1258,398527,250,50532,77,40225,614,661342,690,621117,936,0.046233293948352,0.7601247752987206,0.7138914813503685
2021-07-02,San Joaquin,077,732212.0,685034,1800,381307,1218,280667,529,23017,53,53710,816,374978,870,321268,961,0.0733530726073869,0.512116709368325,0.4387636367609381
2021-07-02,San Luis Obispo,079,281455.0,293410,441,148965,212,133457,204,10860,25,16236,175,159726,200,143490,261,0.0576859533495585,0.5675010214776784,0.5098150681281199
2021-07-02,San Mateo,081,765935.0,1047864,1506,639677,1243,370713,186,37033,76,41790,569,561667,645,519877,911,0.0545607656002141,0.7333089622487547,0.6787481966485407
2021-07-02,Santa Barbara,083,443738.0,482486,809,277503,539,183699,212,20959,58,29830,389,265833,446,236003,413,0.0672243531092671,0.5990764820682475,0.5318521289589803
2021-07-02,Santa Clara,085,1922200.0,2663335,4270,1702141,3439,860333,661,97250,168,89950,1619,1418965,1786,1329015,2572,0.0467953386744355,0.7381984184788264,0.6914030798043908
2021-07-02,Santa Cruz,087,273765.0,335213,434,159141,314,167173,102,8858,18,14198,188,178573,206,164375,242,0.0518619984293098,0.6522857195039541,0.6004237210746443
2021-07-02,Shasta,089,179085.0,120719,269,53137,173,61538,82,5999,14,10063,119,68232,133,58169,147,0.0561911941256945,0.3810034341234609,0.3248122399977664
2021-07-02,Sierra,091,2930.0,2674,1,189,1,2447,0,37,0,55,0,1375,0,1320,1,0.0187713310580204,0.4692832764505119,0.4505119453924914
2021-07-02,Siskiyou,093,43540.0,33050,60,13289,37,18773,22,953,1,2286,40,18085,41,15799,20,0.0525034451079467,0.4153651814423518,0.3628617363344051
2021-07-02,Solano,095,438530.0,462760,813,247746,630,202695,148,12282,34,37311,329,255600,363,218289,477,0.0850819784279296,0.5828563610243312,0.4977743825964016
2021-07-02,Sonoma,097,501317.0,620764,795,336201,570,265275,176,19233,49,28393,375,333088,424,304695,408,0.0566368186197555,0.6644259021736746,0.607789083553919
2021-07-02,Stanislaus,099,539301.0,456909,955,253856,581,186851,335,15913,38,37530,452,251017,488,213487,489,0.0695900804930827,0.4654487939017357,0.395858713408653
2021-07-02,Sutter,101,95872.0,80925,209,31872,138,45287,58,3761,13,5416,101,44814,114,39398,101,0.0564919893190921,0.4674357476635514,0.4109437583444593
2021-07-02,Tehama,103,63373.0,38759,96,13757,50,23555,44,1439,2,2048,42,21073,44,19025,54,0.0323166017073517,0.3325233143452258,0.3002067126378742
2021-07-02,Trinity,105,12862.0,9097,30,1497,8,7050,10,545,12,582,8,5103,20,4521,22,0.0452495723837661,0.3967501166226092,0.3515005442388431
2021-07-02,Tulare,107,460477.0,341678,749,195962,527,135395,203,10258,18,24132,393,187480,411,163348,349,0.0524065262760137,0.4071430277733741,0.3547365014973603
2021-07-02,Tuolumne,109,53932.0,46913,73,12411,30,33602,35,895,8,2108,46,24529,53,22421,26,0.0390862567677816,0.4548134688125788,0.4157272120447972
2021-07-02,Ventura,111,848112.0,951828,1819,495373,1236,422971,484,33119,99,46418,834,514206,933,467788,975,0.0547309789273114,0.6062949233120154,0.5515639443847039
2021-07-02,Yolo,113,214977.0,244924,365,118386,252,119350,103,7160,10,12938,150,132268,160,119330,215,0.060183182386953,0.6152658191341399,0.5550826367471869
2021-07-02,Yuba,115,75493.0,48848,129,17382,56,28450,58,3000,15,3163,42,27419,56,24256,86,0.0418979243108632,0.3631992370153524,0.3213013127044891
2021-07-01,Alameda,001,1643700.0,2118424,3590,1328151,2808,684231,624,105356,156,82963,1270,1149988,1425,1067025,2263,0.0504733223824298,0.6996337531179656,0.6491604307355356
2021-07-01,Alpine,003,1148.0,1466,1,40,1,1420,0,6,0,81,0,771,0,690,1,0.0705574912891986,0.671602787456446,0.6010452961672473
2021-07-01,Amador,005,37829.0,35188,30,9153,15,24917,12,1117,3,2657,11,19029,14,16372,18,0.0702371196700943,0.5030267783975257,0.4327896587274313
2021-07-01,Butte,007,227075.0,175463,367,82097,232,86453,112,6892,23,9678,145,95742,166,86064,215,0.0426202796432896,0.4216316195089728,0.3790113398656831
2021-07-01,Calaveras,009,45235.0,40130,48,16530,27,22551,16,1047,5,2030,22,21187,27,19157,23,0.0448767547253233,0.4683762573228694,0.4234995025975461
2021-07-01,Colusa,011,21464.0,18457,48,4022,23,13519,24,912,1,1209,20,10257,21,9048,28,0.0563268729034662,0.4778699217294074,0.4215430488259411
2021-07-01,Contra Costa,013,1133247.0,1471717,2201,973436,1832,450969,250,47008,119,48208,895,781955,1014,733747,1289,0.0425397111132877,0.6900128568617433,0.6474731457484555
2021-07-01,Del Norte,015,27424.0,18595,28,6481,11,11150,13,927,4,1137,11,10254,15,9117,17,0.0414600350058343,0.3739060676779463,0.332446032672112
2021-07-01,El Dorado,017,186661.0,187262,234,87485,134,92855,84,6900,16,9331,87,101467,102,92136,147,0.0499890175237462,0.5435897161163821,0.4936006985926358
2021-07-01,Fresno,019,978130.0,857771,1667,442129,1209,383221,388,31985,70,58150,723,471788,791,413638,923,0.0594501753345669,0.4823367037101407,0.4228865283755738
2021-07-01,Glenn,021,27897.0,21481,56,8106,40,12227,13,1128,3,991,16,11756,19,10765,40,0.0355235329963795,0.4214073197834893,0.3858837867871097
2021-07-01,Humboldt,023,135768.0,137612,200,67865,112,63173,68,6454,19,6993,89,75210,108,68217,109,0.051506982499558,0.553959695951918,0.5024527134523599
2021-07-01,Imperial,025,180216.0,213121,843,101172,597,97601,229,14315,17,25054,401,125737,417,100683,425,0.1390220624139921,0.6977016469125937,0.5586795844986017
2021-07-01,Inyo,027,18085.0,17801,16,6428,8,10673,7,548,0,677,9,9421,9,8744,6,0.0374343378490461,0.5209289466408626,0.4834946087918164
2021-07-01,Kern,029,883053.0,639201,1448,322206,932,287339,450,29466,65,45605,648,355739,712,310134,788,0.0516446917682177,0.4028512444892889,0.3512065527210711
2021-07-01,Kings,031,150075.0,89706,137,39810,90,45248,39,4614,7,6743,67,50416,74,43673,67,0.0449308678993836,0.3359386973180077,0.291007829418624
2021-07-01,Lake,033,64148.0,51598,122,15124,54,34120,59,2352,9,3010,41,28404,49,25394,77,0.046922741161065,0.4427885514747147,0.3958658103136497
2021-07-01,Lassen,035,31185.0,11741,28,1541,15,9191,11,995,2,614,18,6645,19,6031,9,0.0196889530222863,0.2130832130832131,0.1933942600609267
2021-07-01,Los Angeles,037,10098052.0,11024133,21067,5939794,14843,4650040,5135,430598,1072,668732,9446,6039982,10496,5371250,11332,0.066223861790373,0.5981333825573487,0.5319095207669756
2021-07-01,Madera,039,155013.0,119881,192,60032,121,54911,46,4860,25,7134,79,65577,104,58443,112,0.0460219465464186,0.4230419384180681,0.3770199918716495
2021-07-01,Marin,041,260295.0,379937,286,238750,213,129807,51,11362,22,12723,109,201567,131,188844,169,0.0488791563418429,0.774379069901458,0.7254999135596151
2021-07-01,Mariposa,043,17540.0,13218,26,2558,18,10127,6,511,2,2307,9,7958,10,5651,16,0.1315279361459521,0.4537058152793614,0.3221778791334093
2021-07-01,Mendocino,045,87422.0,93002,120,50209,68,39650,41,3132,11,5517,66,50625,77,45108,51,0.063107684564526,0.579087643842511,0.5159799592779849
2021-07-01,Merced,047,269075.0,205021,528,117404,381,77845,131,8972,16,21813,286,115162,301,93349,236,0.0810666171141875,0.4279921954845303,0.3469255783703428
2021-07-01,Modoc,049,8938.0,5554,24,722,12,4464,1,358,11,284,10,3089,21,2805,14,0.0317744461848288,0.3456030431863952,0.3138285970015663
2021-07-01,Mono,051,14174.0,15594,8,8591,1,6634,4,312,3,529,2,8174,5,7645,6,0.0373218569211231,0.5766897135600395,0.5393678566389163
2021-07-01,Monterey,053,433212.0,466067,826,216040,562,228770,242,20628,22,27512,376,256088,398,228576,439,0.0635070127327959,0.5911378262836671,0.5276308135508712
2021-07-01,Napa,055,140530.0,178777,174,92233,118,81470,45,5062,11,10184,77,96793,87,86609,95,0.0724685120614815,0.6887710809079912,0.6163025688465097
2021-07-01,Nevada,057,99092.0,102839,123,54468,81,45703,29,2635,12,5798,51,55440,63,49642,70,0.0585112824445969,0.559480079118395,0.5009687966737981
2021-07-01,Orange,059,3164182.0,3599608,6290,2013821,4777,1472841,1248,111819,260,178265,2849,1937826,3108,1759561,3343,0.056338415426167,0.6124255810822513,0.5560871656560843
2021-07-01,Placer,061,380077.0,411199,571,232859,387,168115,146,10211,38,18522,236,219565,273,201043,332,0.0487322305743309,0.5776855742389042,0.5289533436645733
2021-07-01,Plumas,063,18699.0,16566,46,1833,29,13682,11,1009,5,732,22,9079,27,8347,22,0.0391464784213059,0.4855339857746403,0.4463875073533344
2021-07-01,Riverside,065,2383286.0,2113651,4908,1182448,3410,867800,1174,62464,313,139867,2269,1154599,2584,1014732,2588,0.058686620069937,0.4844567542460284,0.4257701341760913
2021-07-01,Sacramento,067,1510023.0,1546409,2954,855698,1959,647886,823,42644,169,82874,1261,833687,1428,750813,1666,0.0548826077483588,0.5521021865229867,0.4972195787746279
2021-07-01,San Benito,069,59416.0,65065,138,35419,105,26638,22,2903,10,4222,50,35822,58,31600,84,0.0710583007943988,0.6029015753332436,0.5318432745388447
2021-07-01,San Bernardino,071,2135413.0,1743661,4406,1005925,3145,682534,1084,55000,176,113326,2145,953566,2320,840240,2214,0.0530698277101431,0.4465487472446782,0.393478919534535
2021-07-01,San Diego,073,3302833.0,3906920,7391,2073304,5073,1687653,1901,144962,416,256915,3071,2162563,3709,1905648,4201,0.0777862519842813,0.6547600196558531,0.5769737676715716
2021-07-01,San Francisco,075,870044.0,1233524,1300,784489,982,398277,189,50455,127,40471,502,660652,622,620181,758,0.0465160382693289,0.7593317119593952,0.7128156736900663
2021-07-01,San Joaquin,077,732212.0,683234,1837,380089,1291,280138,449,22964,97,53801,802,374108,895,320307,979,0.0734773535533424,0.5109285288960028,0.4374511753426603
2021-07-01,San Luis Obispo,079,281455.0,292969,492,148753,320,133253,153,10835,19,16297,213,159526,232,143229,272,0.0579026842656907,0.5667904283100318,0.508887744044341
2021-07-01,San Mateo,081,765935.0,1046358,1278,638434,1079,370527,131,36957,65,42056,511,561022,575,518966,727,0.0549080535554583,0.7324668542369783,0.67755880068152
2021-07-01,Santa Barbara,083,443738.0,481677,1087,276964,811,183487,126,20901,150,29797,419,265387,568,235590,660,0.0671499849010001,0.598071384465608,0.5309213995646079
2021-07-01,Santa Clara,085,1922200.0,2659065,3703,1698702,2920,859672,573,97082,201,90736,1381,1417179,1578,1326443,2253,0.0472042451357819,0.7372692747893039,0.690065029653522
2021-07-01,Santa Cruz,087,273765.0,334779,411,158827,293,167071,102,8840,16,14234,175,178367,191,164133,229,0.0519934980731649,0.6515332493196719,0.599539751246507
2021-07-01,Shasta,089,179085.0,120450,206,52964,135,61456,59,5985,12,10077,82,68099,94,58022,120,0.0562693692939107,0.3802607700254069,0.3239914007314962
2021-07-01,Sierra,091,2930.0,2673,5,188,2,2447,3,37,0,56,2,1375,2,1319,3,0.0191126279863481,0.4692832764505119,0.4501706484641638
2021-07-01,Siskiyou,093,43540.0,32990,35,13252,23,18751,7,952,5,2265,13,18044,18,15779,23,0.0520211299954065,0.4144235186035829,0.3624023886081763
2021-07-01,Solano,095,438530.0,461947,700,247116,523,202547,113,12248,64,37425,280,255237,344,217812,418,0.0853419378377762,0.5820285955350831,0.4966866576973069
2021-07-01,Sonoma,097,501317.0,619969,1005,335631,778,265099,152,19184,74,28377,438,332664,510,304287,557,0.0566049026863242,0.663580129937744,0.6069752272514197
2021-07-01,Stanislaus,099,539301.0,455954,1188,253275,790,186516,356,15875,42,37531,569,250529,612,212998,602,0.0695919347451608,0.4645439188875971,0.3949519841424362
2021-07-01,Sutter,101,95872.0,80716,209,31734,177,45229,25,3748,7,5403,77,44700,85,39297,132,0.0563563918558077,0.4662466622162884,0.4098902703604806
2021-07-01,Tehama,103,63373.0,38663,70,13707,37,23511,30,1437,3,2058,41,21029,44,18971,28,0.0324743976141258,0.3318290123554195,0.2993546147412936
2021-07-01,Trinity,105,12862.0,9067,31,1489,12,7040,12,533,7,584,9,5083,16,4499,22,0.0454050691960814,0.3951951484994557,0.3497900793033743
2021-07-01,Tulare,107,460477.0,340929,878,195435,636,135192,203,10240,38,24070,404,187069,440,162999,466,0.0522718832862444,0.4062504750508711,0.3539785917646267
2021-07-01,Tuolumne,109,53932.0,46840,49,12381,20,33567,22,887,7,2081,28,24476,35,22395,21,0.0385856263442854,0.4538307498331232,0.4152451234888378
2021-07-01,Ventura,111,848112.0,950009,1530,494137,1130,422487,321,33020,79,46460,643,513273,721,466813,862,0.0547805006885883,0.6051948327579376,0.5504143320693493
2021-07-01,Yolo,113,214977.0,244559,322,118134,184,119247,106,7150,32,12993,119,132108,151,119115,201,0.0604390237095131,0.6145215534685106,0.5540825297589975
2021-07-01,Yuba,115,75493.0,48719,126,17326,86,28392,33,2985,7,3193,49,27363,56,24170,74,0.0422953121481461,0.3624574463857576,0.3201621342376114
2021-06-30,Alameda,001,1643700.0,2114834,3001,1325343,2327,683607,535,105200,138,83801,1093,1148563,1229,1064762,1850,0.0509831477763582,0.6987668065948774,0.6477836588185192
2021-06-30,Alpine,003,1148.0,1465,1,39,0,1420,1,6,0,82,0,771,0,689,1,0.0714285714285714,0.671602787456446,0.6001742160278746
2021-06-30,Amador,005,37829.0,35158,47,9138,18,24905,13,1114,16,2661,20,19015,35,16354,27,0.070342858653414,0.5026566919559069,0.4323138333024928
2021-06-30,Butte,007,227075.0,175096,330,81865,217,86341,97,6869,16,9727,160,95576,176,85849,168,0.0428360673786194,0.4209005835076516,0.3780645161290322
2021-06-30,Calaveras,009,45235.0,40082,48,16503,30,22535,11,1042,7,2026,27,21160,35,19134,20,0.0447883276224162,0.4677793743782469,0.4229910467558306
2021-06-30,Colusa,011,21464.0,18409,77,3999,38,13495,38,911,1,1216,28,10236,29,9020,49,0.0566530003727171,0.4768915393216548,0.4202385389489377
2021-06-30,Contra Costa,013,1133247.0,1469516,2265,971604,1845,450719,313,46889,104,48483,927,780941,1030,732458,1312,0.0427823766575159,0.6891180828186618,0.6463357061611458
2021-06-30,Del Norte,015,27424.0,18567,35,6470,17,11137,13,923,5,1139,9,10239,14,9100,25,0.0415329638273045,0.3733591015169195,0.3318261376896149
2021-06-30,El Dorado,017,186661.0,187028,250,87351,176,92771,62,6884,12,9376,122,101365,134,91989,125,0.0502300962707796,0.5430432709564398,0.4928131746856601
2021-06-30,Fresno,019,978130.0,856104,1789,440920,1229,382833,468,31915,91,58282,773,470997,864,412715,1000,0.0595851267213969,0.481528017748152,0.4219428910267551
2021-06-30,Glenn,021,27897.0,21425,74,8066,51,12214,19,1125,4,1012,34,11737,38,10725,40,0.0362763021113381,0.4207262429651934,0.3844499408538552
2021-06-30,Humboldt,023,135768.0,137412,234,67753,148,63105,66,6435,20,6994,98,75102,118,68108,133,0.051514348005421,0.5531642213187201,0.5016498733132991
2021-06-30,Imperial,025,180216.0,212278,916,100575,596,97372,294,14298,26,25062,380,125320,407,100258,528,0.1390664535890265,0.6953877569139255,0.556321303324899
2021-06-30,Inyo,027,18085.0,17785,22,6420,16,10666,5,548,0,674,7,9412,7,8738,14,0.0372684545203207,0.5204312966546862,0.4831628421343655
2021-06-30,Kern,029,883053.0,637753,1652,321274,1099,286889,464,29401,88,45681,844,355027,930,309346,798,0.0517307568175409,0.4020449508693136,0.3503141940517726
2021-06-30,Kings,031,150075.0,89569,206,39720,124,45209,74,4607,8,6736,95,50342,103,43606,111,0.0448842245543894,0.3354456105280693,0.2905613859736798
2021-06-30,Lake,033,64148.0,51476,127,15070,64,34061,54,2343,9,3038,66,28355,75,25317,60,0.0473592317765168,0.4420246928976741,0.3946654611211573
2021-06-30,Lassen,035,31185.0,11713,28,1526,8,9180,14,993,6,604,13,6626,19,6022,15,0.0193682860349527,0.2124739458072791,0.1931056597723264
2021-06-30,Los Angeles,037,10098052.0,11003066,23411,5924951,16469,4644905,5791,429526,1138,669568,10563,6029486,11682,5359918,12510,0.066306650035076,0.597093974164522,0.530787324129446
2021-06-30,Madera,039,155013.0,119689,229,59911,149,54865,71,4835,9,7142,127,65473,136,58331,100,0.0460735551211833,0.4223710269461271,0.3762974718249437
2021-06-30,Marin,041,260295.0,379651,269,238537,226,129756,28,11340,15,12761,114,201436,129,188675,154,0.0490251445475326,0.7738757947713172,0.7248506502237846
2021-06-30,Mariposa,043,17540.0,13192,7,2540,2,10121,4,509,1,2313,3,7948,4,5635,4,0.1318700114025085,0.4531356898517674,0.3212656784492588
2021-06-30,Mendocino,045,87422.0,92882,186,50141,152,39609,27,3121,7,5491,60,50548,68,45057,125,0.0628102765894168,0.5782068586854567,0.5153965820960399
2021-06-30,Merced,047,269075.0,204493,573,117023,362,77714,186,8956,25,21748,315,114861,342,93113,248,0.0808250487782216,0.4268735482672117,0.3460484994889901
2021-06-30,Modoc,049,8938.0,5530,8,710,1,4463,7,347,0,277,5,3068,5,2791,3,0.0309912732154844,0.343253524278362,0.3122622510628776
2021-06-30,Mono,051,14174.0,15586,6,8590,1,6630,2,309,3,530,2,8169,5,7639,4,0.0373924086355298,0.5763369549880062,0.5389445463524764
2021-06-30,Monterey,053,433212.0,465241,1128,215478,771,228528,333,20606,23,27553,464,255690,487,228137,657,0.0636016546171389,0.5902191075039472,0.5266174528868083
2021-06-30,Napa,055,140530.0,178603,187,92115,127,81425,51,5051,9,10192,77,96706,86,86514,106,0.0725254394079556,0.6881519960150857,0.6156265566071302
2021-06-30,Nevada,057,99092.0,102716,184,54387,128,45674,47,2623,6,5805,55,55377,60,49572,124,0.058581923868728,0.5588443063012151,0.500262382432487
2021-06-30,Orange,059,3164182.0,3593318,6454,2009044,4659,1471593,1520,111559,274,178500,2832,1934718,3102,1756218,3518,0.0564126842261285,0.6114433366980787,0.55503065247195
2021-06-30,Placer,061,380077.0,410628,614,232472,428,167969,145,10173,41,18581,262,219292,303,200711,348,0.0488874622773806,0.5769672987315728,0.5280798364541922
2021-06-30,Plumas,063,18699.0,16520,23,1804,9,13671,9,1004,5,727,8,9052,13,8325,15,0.0388790844430183,0.4840900582918873,0.4452109738488689
2021-06-30,Riverside,065,2383286.0,2108743,5128,1179038,3781,866626,1162,62151,180,139871,2465,1152015,2644,1012144,2579,0.0586882984249477,0.4833725369091246,0.4246842384841769
2021-06-30,Sacramento,067,1510023.0,1543455,3426,853739,2341,647063,940,42475,143,83112,1591,832259,1733,749147,1809,0.0550402212416632,0.5511565055631603,0.496116284321497
2021-06-30,San Benito,069,59416.0,64927,142,35314,118,26616,17,2893,7,4248,55,35764,62,31516,87,0.0714958933620573,0.6019254072976976,0.5304295139356402
2021-06-30,San Bernardino,071,2135413.0,1739255,4819,1002780,3389,681450,1248,54824,180,113220,2405,951246,2582,838026,2368,0.0530201886005189,0.4454623063547894,0.3924421177542704
2021-06-30,San Diego,073,3302833.0,3899529,8234,2068231,6038,1685752,1661,144546,530,257407,3424,2158854,4179,1901447,4697,0.0779352150108709,0.6536370443192253,0.5757018293083543
2021-06-30,San Francisco,075,870044.0,1232224,1351,783507,1099,398088,175,50328,73,40607,514,660030,586,619423,802,0.0466723522028771,0.7586168055868439,0.7119444533839668
2021-06-30,San Joaquin,077,732212.0,681397,1835,378798,1289,279689,469,22867,77,53885,766,373213,848,319328,1011,0.0735920744265322,0.5097062053066598,0.4361141308801276
2021-06-30,San Luis Obispo,079,281455.0,292477,466,148433,264,133100,163,10816,37,16337,167,159294,203,142957,286,0.0580448028992201,0.5659661402355617,0.5079213373363415
2021-06-30,San Mateo,081,765935.0,1045080,1306,637355,1082,370396,127,36892,97,42208,586,560447,682,518239,689,0.0551065038155979,0.7317161377923714,0.6766096339767735
2021-06-30,Santa Barbara,083,443738.0,480590,677,276153,482,183361,156,20751,39,29889,335,264819,374,234930,328,0.0673573144513203,0.5967913498505875,0.5294340353992671
2021-06-30,Santa Clara,085,1922200.0,2655362,3845,1695782,3011,859099,656,96881,175,91411,1461,1415601,1635,1324190,2330,0.0475554052648007,0.7364483404432421,0.6888929351784414
2021-06-30,Santa Cruz,087,273765.0,334368,421,158534,284,166969,113,8824,23,14272,177,178176,200,163904,238,0.0521323032527898,0.6508355706536628,0.598703267400873
2021-06-30,Shasta,089,179085.0,120244,211,52829,121,61397,76,5973,14,10103,93,68005,107,57902,117,0.0564145517491693,0.3797358796102409,0.3233213278610715
2021-06-30,Sierra,091,2930.0,2668,3,186,2,2444,0,37,1,57,1,1373,2,1316,2,0.0194539249146757,0.4686006825938567,0.4491467576791809
2021-06-30,Siskiyou,093,43540.0,32955,59,13229,10,18744,47,947,2,2270,14,18026,16,15756,44,0.0521359669269637,0.414010105649977,0.3618741387230133
2021-06-30,Solano,095,438530.0,461247,871,246593,656,202434,172,12184,43,37499,401,254893,443,217394,470,0.0855106834196064,0.5812441566141427,0.4957334731945363
2021-06-30,Sonoma,097,501317.0,618964,921,334853,715,264947,164,19110,42,28424,398,332154,439,303730,509,0.0566986557407787,0.66256280955962,0.6058641538188412
2021-06-30,Stanislaus,099,539301.0,454766,1155,252485,811,186160,307,15833,36,37521,545,249917,585,212396,598,0.0695733922243793,0.4634091166157674,0.3938357243913881
2021-06-30,Sutter,101,95872.0,80507,194,31557,121,45204,62,3741,10,5450,80,44615,90,39165,110,0.0568466288384512,0.4653600634178905,0.4085134345794392
2021-06-30,Tehama,103,63373.0,38593,93,13670,68,23481,23,1434,2,2042,47,20985,49,18943,46,0.0322219241632872,0.3311347103656131,0.2989127862023259
2021-06-30,Trinity,105,12862.0,9036,14,1477,10,7028,1,526,3,590,6,5067,9,4477,8,0.0458715596330275,0.393951174000933,0.3480796143679054
2021-06-30,Tulare,107,460477.0,340051,734,194799,504,134989,195,10202,35,24096,400,186629,432,162533,329,0.0523283464755025,0.4052949441557341,0.3529665976802316
2021-06-30,Tuolumne,109,53932.0,46791,84,12361,34,33545,49,880,1,2067,21,24441,22,22374,58,0.0383260401987688,0.4531817844693317,0.4148557442705629
2021-06-30,Ventura,111,848112.0,948479,1642,493007,1154,422166,387,32941,101,46601,797,512552,894,465951,828,0.0549467523157318,0.6043447091893523,0.5493979568736205
2021-06-30,Yolo,113,214977.0,244237,366,117950,201,119141,137,7118,28,13043,132,131957,159,118914,234,0.0606716067300222,0.6138191527465728,0.5531475460165506
2021-06-30,Yuba,115,75493.0,48593,147,17240,87,28359,53,2978,7,3211,75,27307,82,24096,71,0.0425337448505159,0.3617156557561628,0.3191819109056469
2021-06-29,Alameda,001,1643700.0,2111833,3825,1323016,3070,683072,613,105062,141,84422,1331,1147334,1471,1062912,2442,0.0513609539453671,0.6980191032426842,0.646658149297317
2021-06-29,Alpine,003,1148.0,1464,0,39,0,1419,0,6,0,83,0,771,0,688,0,0.0722996515679442,0.671602787456446,0.5993031358885017
2021-06-29,Amador,005,37829.0,35111,50,9120,21,24892,20,1098,9,2653,21,18980,30,16327,29,0.0701313806867747,0.5017314758518597,0.4316000951650849
2021-06-29,Butte,007,227075.0,174766,330,81648,221,86244,97,6853,12,9719,142,95400,153,85681,185,0.0428008367279533,0.4201255091929979,0.3773246724650446
2021-06-29,Calaveras,009,45235.0,40034,73,16473,49,22524,20,1035,4,2011,29,21125,33,19114,41,0.0444567259865148,0.4670056372278103,0.4225489112412954
2021-06-29,Colusa,011,21464.0,18332,44,3961,20,13457,20,910,4,1236,19,10207,23,8971,25,0.0575847931420052,0.4755404398061871,0.4179556466641819
2021-06-29,Contra Costa,013,1133247.0,1467251,2640,969759,2201,450406,302,46785,135,48765,1013,779911,1146,731146,1608,0.04303121914287,0.688209190053007,0.645177970910137
2021-06-29,Del Norte,015,27424.0,18532,60,6453,45,11124,12,918,3,1150,20,10225,23,9075,40,0.0419340723453909,0.3728485997666277,0.3309145274212369
2021-06-29,El Dorado,017,186661.0,186778,302,87175,177,92709,101,6872,24,9367,120,101231,144,91864,180,0.0501818805213729,0.5423253920208292,0.4921435114994562
2021-06-29,Fresno,019,978130.0,854315,1872,439691,1245,382365,533,31824,89,58418,832,470133,921,411715,1024,0.0597241675441914,0.4806446995798104,0.4209205320356189
2021-06-29,Glenn,021,27897.0,21351,35,8015,18,12195,12,1121,5,1014,12,11699,17,10685,23,0.0363479944080008,0.4193640893286016,0.3830160949206008
2021-06-29,Humboldt,023,135768.0,137178,269,67605,160,63039,77,6415,32,7009,91,74984,122,67975,176,0.0516248305933651,0.5522950916268929,0.5006702610335277
2021-06-29,Imperial,025,180216.0,211362,927,99979,669,97078,204,14272,54,25183,423,124913,477,99730,495,0.1397378701114218,0.6931293558840502,0.5533914857726284
2021-06-29,Inyo,027,18085.0,17763,33,6404,29,10661,4,548,0,681,13,9405,13,8724,20,0.0376555156206801,0.5200442355543268,0.4823887199336467
2021-06-29,Kern,029,883053.0,636101,1471,320175,765,286425,611,29313,94,45549,627,354097,719,308548,828,0.0515812754160848,0.4009917864499639,0.349410511033879
2021-06-29,Kings,031,150075.0,89363,184,39596,138,45135,36,4599,10,6744,88,50239,98,43495,95,0.0449375312343828,0.3347592870231551,0.2898217557887723
2021-06-29,Lake,033,64148.0,51349,128,15006,49,34007,75,2334,4,3023,69,28280,73,25257,59,0.047125397518239,0.4408555216062854,0.3937301240880464
2021-06-29,Lassen,035,31185.0,11685,32,1518,1,9166,30,987,1,600,10,6607,11,6007,22,0.0192400192400192,0.2118646785313452,0.1926246592913259
2021-06-29,Los Angeles,037,10098052.0,10979655,23302,5908482,15983,4639114,6167,428388,1140,670396,10174,6017804,11298,5347408,12861,0.0663886460477723,0.595937117376698,0.5295484713289256
2021-06-29,Madera,039,155013.0,119460,224,59762,160,54794,47,4826,17,7106,103,65337,120,58231,120,0.0458413165347422,0.4214936811751272,0.375652364640385
2021-06-29,Marin,041,260295.0,379382,460,238311,359,129728,62,11325,39,12786,159,201307,198,188521,291,0.0491211894196968,0.7733802032309495,0.7242590138112526
2021-06-29,Mariposa,043,17540.0,13185,14,2538,6,10117,7,508,1,2313,6,7944,7,5631,8,0.1318700114025085,0.4529076396807298,0.3210376282782212
2021-06-29,Mendocino,045,87422.0,92696,180,49989,127,39582,50,3114,3,5548,58,50480,61,44932,122,0.0634622863810025,0.5774290224428633,0.5139667360618608
2021-06-29,Merced,047,269075.0,203920,492,116661,336,77528,127,8931,28,21654,236,114519,264,92865,247,0.0804757038000557,0.4256025271764378,0.345126823376382
2021-06-29,Modoc,049,8938.0,5522,11,709,2,4456,8,347,1,275,8,3063,9,2788,3,0.0307675095099574,0.3426941150145446,0.3119266055045872
2021-06-29,Mono,051,14174.0,15580,7,8589,5,6628,1,306,1,529,5,8164,6,7635,2,0.0373218569211231,0.5759841964159729,0.5386623394948498
2021-06-29,Monterey,053,433212.0,464113,949,214707,590,228195,273,20583,84,27723,359,255203,441,227480,579,0.063994072186366,0.5890949465850438,0.5251008743986778
2021-06-29,Napa,055,140530.0,178416,425,91988,351,81374,55,5042,19,10212,118,96620,137,86408,304,0.0726677577741407,0.6875400270404896,0.6148722692663489
2021-06-29,Nevada,057,99092.0,102532,138,54259,78,45627,48,2617,12,5869,52,55317,64,49448,82,0.0592277883179267,0.5582388083800912,0.4990110200621644
2021-06-29,Orange,059,3164182.0,3586864,6536,2004385,4781,1470073,1485,111285,268,178916,2674,1931616,2940,1752700,3807,0.0565441558039329,0.6104629885385859,0.553918832734653
2021-06-29,Placer,061,380077.0,410014,846,232044,599,167824,199,10132,48,18626,323,218989,371,200363,519,0.0490058593390286,0.5761700918498094,0.5271642325107807
2021-06-29,Plumas,063,18699.0,16497,24,1795,15,13662,8,999,1,729,12,9039,13,8310,12,0.0389860420343333,0.4833948339483395,0.4444087919140061
2021-06-29,Riverside,065,2383286.0,2103615,5878,1175257,4349,865464,1335,61971,185,139806,2673,1149371,2860,1009565,3160,0.058661025156024,0.4822631442470605,0.4236021190910365
2021-06-29,Sacramento,067,1510023.0,1540029,3384,851398,2240,646123,993,42332,147,83188,1356,830526,1501,747338,2004,0.0550905516008696,0.5500088409249395,0.4949182893240699
2021-06-29,San Benito,069,59416.0,64785,112,35196,59,26599,41,2886,12,4273,40,35702,52,31429,72,0.0719166554463444,0.6008819173286657,0.5289652618823213
2021-06-29,San Bernardino,071,2135413.0,1734436,5359,999391,3879,680202,1284,54644,195,113006,2414,948664,2602,835658,2909,0.0529199737942964,0.4442531725713012,0.3913331987770047
2021-06-29,San Diego,073,3302833.0,3891295,8752,2062193,6089,1684091,1978,144016,684,257925,3504,2154675,4430,1896750,5169,0.0780920500673209,0.6523717669043515,0.5742797168370305
2021-06-29,San Francisco,075,870044.0,1230873,1419,782408,1089,397913,221,50255,108,40823,508,659444,612,618621,883,0.0469206155091006,0.7579432764319965,0.7110226609228959
2021-06-29,San Joaquin,077,732212.0,679562,1774,377509,1151,279220,552,22790,70,54048,792,372365,860,318317,926,0.0738146875495075,0.5085480707773159,0.4347333832278083
2021-06-29,San Luis Obispo,079,281455.0,292011,503,148169,319,132937,156,10779,28,16420,207,159091,234,142671,285,0.0583396990637935,0.5652448881704002,0.5069051891066068
2021-06-29,San Mateo,081,765935.0,1043774,1468,636273,1182,370269,201,36795,84,42215,498,559765,580,517550,946,0.0551156429723148,0.7308257228093767,0.6757100798370619
2021-06-29,Santa Barbara,083,443738.0,479913,581,275671,386,183205,180,20712,15,29843,279,264445,293,234602,294,0.0672536496761602,0.5959485101568944,0.5286948604807341
2021-06-29,Santa Clara,085,1922200.0,2651517,4290,1692771,3342,858443,759,96706,188,92106,1650,1413966,1837,1321860,2571,0.0479169701383831,0.7355977525751742,0.6876807824367912
2021-06-29,Santa Cruz,087,273765.0,333947,722,158250,568,166856,122,8801,32,14310,272,177976,303,163666,445,0.0522711084324146,0.6501050170766899,0.5978339086442752
2021-06-29,Shasta,089,179085.0,120033,272,52708,166,61321,79,5959,27,10113,98,67898,125,57785,170,0.0564703911550381,0.3791383979674456,0.3226680068124075
2021-06-29,Sierra,091,2930.0,2665,0,184,0,2444,0,36,0,57,0,1371,0,1314,0,0.0194539249146757,0.4679180887372013,0.4484641638225256
2021-06-29,Siskiyou,093,43540.0,32896,81,13219,57,18697,23,945,1,2298,46,18010,47,15712,33,0.0527790537436839,0.413642627468994,0.3608635737253101
2021-06-29,Solano,095,438530.0,460376,879,245937,666,202262,154,12141,58,37526,379,254450,436,216924,495,0.0855722527535174,0.5802339634688619,0.4946617107153444
2021-06-29,Sonoma,097,501317.0,618043,980,334138,754,264783,175,19068,51,28494,410,331715,461,303221,564,0.0568382879495409,0.6616871161360975,0.6048488281865566
2021-06-29,Stanislaus,099,539301.0,453611,1185,251674,935,185853,202,15797,48,37534,535,249332,583,211798,641,0.0695974975013953,0.4623243791500479,0.3927268816486526
2021-06-29,Sutter,101,95872.0,80313,241,31436,158,45142,72,3731,11,5470,85,44525,96,39055,153,0.0570552403204272,0.4644213117489986,0.4073660714285714
2021-06-29,Tehama,103,63373.0,38500,69,13602,26,23458,39,1432,4,2039,36,20936,40,18897,32,0.0321745853912549,0.3303615104224196,0.2981869250311647
2021-06-29,Trinity,105,12862.0,9022,11,1467,5,7027,3,523,3,589,5,5058,8,4469,6,0.0457938112268698,0.3932514383455139,0.3474576271186441
2021-06-29,Tulare,107,460477.0,339317,755,194295,476,134794,236,10167,43,23993,355,186197,398,162204,393,0.0521046653795955,0.4043567865495996,0.3522521211700041
2021-06-29,Tuolumne,109,53932.0,46707,52,12327,20,33496,30,879,2,2103,27,24419,29,22316,23,0.0389935474300971,0.45277386338352,0.4137803159534228
2021-06-29,Ventura,111,848112.0,946837,1708,491853,1146,421779,467,32840,95,46535,703,511658,795,465123,995,0.054868932405154,0.6032906031278887,0.5484216707227347
2021-06-29,Yolo,113,214977.0,243871,445,117749,283,119004,112,7090,50,13118,166,131798,216,118680,276,0.061020481260786,0.6130795387413537,0.5520590574805677
2021-06-29,Yuba,115,75493.0,48446,163,17153,84,28306,68,2971,11,3200,59,27225,69,24025,102,0.0423880359768455,0.3606294623342561,0.3182414263574106
2021-06-28,Alameda,001,1643700.0,2108008,2991,1319946,2429,682459,362,104921,195,85393,1152,1145863,1345,1060470,1798,0.051951694348117,0.6971241710774472,0.6451724767293302
2021-06-28,Alpine,003,1148.0,1464,0,39,0,1419,0,6,0,83,0,771,0,688,0,0.0722996515679442,0.671602787456446,0.5993031358885017
2021-06-28,Amador,005,37829.0,35061,51,9099,28,24872,13,1089,10,2652,20,18950,30,16298,31,0.0701049459409447,0.5009384334769621,0.4308334875360173
2021-06-28,Butte,007,227075.0,174436,304,81427,228,86147,54,6841,21,9751,122,95247,143,85496,180,0.0429417593306176,0.4194517229990091,0.3765099636683915
2021-06-28,Calaveras,009,45235.0,39961,50,16424,29,22504,16,1031,5,2019,20,21092,25,19073,29,0.0446335801923289,0.4662761136288272,0.4216425334364982
2021-06-28,Colusa,011,21464.0,18288,9,3941,1,13437,7,906,1,1238,5,10184,6,8946,4,0.057677972418934,0.4744688781215058,0.4167909057025717
2021-06-28,Contra Costa,013,1133247.0,1464611,2443,967558,2098,450104,185,46650,156,49227,874,778765,1030,729538,1546,0.0434388972571734,0.6871979365486959,0.6437590392915225
2021-06-28,Del Norte,015,27424.0,18472,13,6408,5,11112,5,915,3,1167,6,10202,9,9035,7,0.0425539673278879,0.3720099183197199,0.3294559509918319
2021-06-28,El Dorado,017,186661.0,186476,310,86998,217,92608,66,6848,27,9403,134,101087,161,91684,175,0.0503747435189996,0.5415539400303223,0.4911791965113227
2021-06-28,Fresno,019,978130.0,852443,1694,438446,1287,381832,302,31735,99,58521,750,469212,847,410691,927,0.0598294705202784,0.479703106948974,0.4198736364286956
2021-06-28,Glenn,021,27897.0,21316,28,7997,23,12183,1,1116,3,1020,13,11682,15,10662,14,0.036563071297989,0.4187547048069684,0.3821916335089794
2021-06-28,Humboldt,023,135768.0,136909,162,67445,101,62962,32,6383,29,7063,71,74862,100,67799,91,0.052022567909964,0.5513964999116139,0.4993739320016498
2021-06-28,Imperial,025,180216.0,210435,684,99310,493,96874,167,14218,24,25201,349,124436,371,99235,324,0.1398377502552492,0.690482532072624,0.5506447818173748
2021-06-28,Inyo,027,18085.0,17730,16,6375,13,10657,3,548,0,688,9,9392,9,8704,7,0.0380425767210395,0.5193254077965165,0.4812828310754769
2021-06-28,Kern,029,883053.0,634630,1186,319410,788,285814,305,29219,91,45658,513,353378,602,307720,659,0.0517047108157721,0.4001775657859721,0.3484728549702
2021-06-28,Kings,031,150075.0,89179,206,39458,149,45099,40,4589,17,6741,91,50141,108,43400,115,0.0449175412293853,0.3341062801932367,0.2891887389638514
2021-06-28,Lake,033,64148.0,51221,67,14957,22,33932,23,2330,22,3009,28,28207,50,25198,38,0.0469071522105131,0.4397175282160005,0.3928103760054873
2021-06-28,Lassen,035,31185.0,11653,13,1517,2,9136,9,986,2,611,9,6596,11,5985,4,0.0195927529260862,0.2115119448452782,0.1919191919191919
2021-06-28,Los Angeles,037,10098052.0,10956353,20826,5892499,16000,4632947,3530,427248,1290,671959,9033,6006506,10299,5334547,11599,0.0665434283760867,0.5948182877251968,0.5282748593491101
2021-06-28,Madera,039,155013.0,119236,167,59602,101,54747,43,4809,22,7106,85,65217,107,58111,80,0.0458413165347422,0.4207195525536568,0.3748782360189145
2021-06-28,Marin,041,260295.0,378922,405,237952,345,129666,32,11286,28,12879,138,201109,166,188230,264,0.0494784763441479,0.7726195278434085,0.7231410514992604
2021-06-28,Mariposa,043,17540.0,13171,5,2532,4,10110,1,507,0,2314,3,7937,3,5623,2,0.1319270239452679,0.4525085518814139,0.3205815279361459
2021-06-28,Mendocino,045,87422.0,92516,67,49862,45,39532,12,3111,10,5609,21,50419,31,44810,43,0.0641600512456818,0.576731257578184,0.5125712063325021
2021-06-28,Merced,047,269075.0,203428,396,116325,272,77401,107,8903,17,21637,199,114255,217,92618,190,0.0804125243891108,0.4246213880888228,0.344208863699712
2021-06-28,Modoc,049,8938.0,5511,4,707,1,4448,3,346,0,269,3,3054,3,2785,1,0.0300962183933765,0.3416871783396733,0.3115909599462967
2021-06-28,Mono,051,14174.0,15573,9,8584,5,6627,1,305,3,525,2,8158,5,7633,7,0.0370396500634965,0.5755608861295329,0.5385212360660364
2021-06-28,Monterey,053,433212.0,463164,617,214117,405,227922,180,20499,32,27861,262,254762,294,226901,347,0.0643126229190327,0.5880769692436959,0.5237643463246632
2021-06-28,Napa,055,140530.0,177991,197,91637,151,81319,35,5023,11,10379,83,96483,94,86104,112,0.0738561161317868,0.6865651462321213,0.6127090301003344
2021-06-28,Nevada,057,99092.0,102394,167,54181,118,45579,27,2605,22,5887,68,55253,90,49366,97,0.0594094376942639,0.5575929439308925,0.4981835062366286
2021-06-28,Orange,059,3164182.0,3580328,6551,1999604,5256,1468588,932,111017,363,179783,2906,1928676,3269,1748893,3591,0.056818160270174,0.6095338384454497,0.5527156781752757
2021-06-28,Placer,061,380077.0,409168,497,231445,362,167625,87,10084,48,18774,214,218618,262,199844,278,0.0493952541195599,0.5751939738526667,0.5257987197331068
2021-06-28,Plumas,063,18699.0,16473,12,1780,5,13654,3,998,4,728,2,9026,6,8298,9,0.0389325632386758,0.4826996096047917,0.4437670463661158
2021-06-28,Riverside,065,2383286.0,2097737,4441,1170908,3464,864129,742,61786,234,140106,2073,1146511,2309,1006405,2334,0.0587869017818256,0.4810631204144194,0.4222762186325938
2021-06-28,Sacramento,067,1510023.0,1536645,2685,849158,1983,645130,558,42185,143,83691,1159,829025,1299,745334,1505,0.0554236591098281,0.5490148163306122,0.493591157220784
2021-06-28,San Benito,069,59416.0,64673,132,35137,109,26558,19,2874,4,4293,53,35650,57,31357,79,0.072253265113774,0.6000067321933485,0.5277534670795745
2021-06-28,San Bernardino,071,2135413.0,1729077,3664,995512,2874,678918,631,54449,159,113313,1754,946062,1912,832749,1851,0.0530637398948119,0.4430346729180725,0.3899709330232606
2021-06-28,San Diego,073,3302833.0,3882543,7163,2056104,5261,1682113,1385,143332,515,258664,3207,2150245,3898,1891581,3889,0.0783157973775846,0.6510304941242866,0.572714696746702
2021-06-28,San Francisco,075,870044.0,1229454,1544,781319,1321,397692,124,50147,98,41094,548,658832,644,617738,975,0.0472320940090386,0.7572398637310297,0.7100077697219911
2021-06-28,San Joaquin,077,732212.0,677788,1622,376358,1186,278668,366,22720,70,54114,714,371505,782,317391,827,0.0739048253784423,0.507373547551802,0.4334687221733596
2021-06-28,San Luis Obispo,079,281455.0,291508,354,147850,256,132781,81,10751,17,16471,133,158857,150,142386,217,0.0585209003215434,0.5644134941642536,0.5058925938427102
2021-06-28,San Mateo,081,765935.0,1042306,1272,635091,1083,370068,111,36711,78,42581,501,559185,578,516604,753,0.0555934903092298,0.7300684783956863,0.6744749880864565
2021-06-28,Santa Barbara,083,443738.0,479332,477,275285,311,183025,130,20697,36,29844,242,264152,276,234308,233,0.0672559032582289,0.5952882106107659,0.5280323073525368
2021-06-28,Santa Clara,085,1922200.0,2647227,4193,1689429,3532,857684,418,96518,236,92840,1587,1412129,1819,1319289,2546,0.0482988242638643,0.7346420767870149,0.6863432525231505
2021-06-28,Santa Cruz,087,273765.0,333225,465,157682,377,166734,73,8769,15,14452,193,177673,208,163221,270,0.0527898014720654,0.6489982284075758,0.5962084269355103
2021-06-28,Shasta,089,179085.0,119761,187,52542,124,61242,47,5932,16,10158,92,67773,108,57615,95,0.0567216684814473,0.3784404053940866,0.3217187369126392
2021-06-28,Sierra,091,2930.0,2665,1,184,0,2444,0,36,1,57,0,1371,1,1314,1,0.0194539249146757,0.4679180887372013,0.4484641638225256
2021-06-28,Siskiyou,093,43540.0,32815,10,13162,4,18674,6,944,0,2284,5,17963,5,15679,5,0.0524575103353238,0.4125631603123564,0.3601056499770326
2021-06-28,Solano,095,438530.0,459497,1040,245271,862,202108,135,12083,43,37585,419,254014,462,216429,617,0.0857067931498415,0.579239732743484,0.4935329395936424
2021-06-28,Sonoma,097,501317.0,617063,724,333384,584,264608,83,19017,57,28597,312,331254,368,302657,410,0.0570437467710051,0.660767538304107,0.6037237915331019
2021-06-28,Stanislaus,099,539301.0,452426,1103,250739,867,185651,189,15749,47,37592,487,248749,534,211157,608,0.0697050441219282,0.4612433501884847,0.3915383060665565
2021-06-28,Sutter,101,95872.0,80072,127,31278,78,45070,42,3720,7,5527,62,44429,69,38902,65,0.0576497830440587,0.463419976635514,0.4057701935914553
2021-06-28,Tehama,103,63373.0,38431,47,13576,18,23419,23,1428,6,2031,23,20896,29,18865,24,0.0320483486658356,0.3297303267953229,0.2976819781294873
2021-06-28,Trinity,105,12862.0,9011,11,1462,9,7024,1,520,1,587,4,5050,5,4463,7,0.0456383144145545,0.3926294510962525,0.346991136681698
2021-06-28,Tulare,107,460477.0,338562,603,193819,458,134558,115,10124,30,23988,304,185799,334,161811,299,0.0520938070739689,0.4034924654217257,0.3513986583477568
2021-06-28,Tuolumne,109,53932.0,46655,48,12307,26,33466,17,877,5,2097,33,24390,38,22293,15,0.0388822962248757,0.4522361492249499,0.4133538530000741
2021-06-28,Ventura,111,848112.0,945129,1826,490707,1452,421312,263,32745,111,46735,733,510863,844,464128,1080,0.055104750315996,0.602353226932292,0.5472484766162959
2021-06-28,Yolo,113,214977.0,243426,272,117466,138,118892,56,7040,76,13178,112,131582,187,118404,159,0.061299580885397,0.6120747800927541,0.5507751992073571
2021-06-28,Yuba,115,75493.0,48283,65,17069,38,28238,25,2960,2,3233,30,27156,32,23923,35,0.0428251625978567,0.3597154703085054,0.3168903077106487
2021-06-27,Alameda,001,1643700.0,2105017,1341,1317517,1106,682097,189,104726,46,85846,524,1144518,570,1058672,799,0.0522272920849303,0.696305895236357,0.6440786031514266
2021-06-27,Alpine,003,1148.0,1464,0,39,0,1419,0,6,0,83,0,771,0,688,0,0.0722996515679442,0.671602787456446,0.5993031358885017
2021-06-27,Amador,005,37829.0,35010,24,9071,16,24859,4,1079,4,2653,10,18920,14,16267,14,0.0701313806867747,0.5001453911020646,0.4300140104152898
2021-06-27,Butte,007,227075.0,174132,66,81199,40,86093,25,6820,1,9788,19,95104,21,85316,47,0.0431047010899482,0.4188219751183529,0.3757172740284047
2021-06-27,Calaveras,009,45235.0,39911,18,16395,15,22488,2,1026,1,2023,7,21067,8,19044,10,0.0447220072952359,0.4657234442356582,0.4210014369404222
2021-06-27,Colusa,011,21464.0,18279,8,3940,5,13430,3,905,0,1236,6,10178,6,8942,2,0.0575847931420052,0.4741893402907193,0.4166045471487141
2021-06-27,Contra Costa,013,1133247.0,1462168,725,965460,633,449919,69,46494,23,49743,280,777735,303,727992,437,0.0438942260601616,0.6862890437830411,0.6423948177228794
2021-06-27,Del Norte,015,27424.0,18459,12,6403,8,11107,4,912,0,1165,8,10193,8,9028,4,0.0424810385064177,0.3716817386231038,0.3292007001166861
2021-06-27,El Dorado,017,186661.0,186166,120,86781,83,92542,31,6821,6,9417,54,100926,60,91509,66,0.0504497457958545,0.5406914138464918,0.4902416680506372
2021-06-27,Fresno,019,978130.0,850749,924,437159,682,381530,143,31636,99,58601,471,468365,569,409764,451,0.0599112592395693,0.4788371688834817,0.4189259096439123
2021-06-27,Glenn,021,27897.0,21288,17,7974,13,12182,4,1113,0,1019,4,11667,4,10648,13,0.0365272251496576,0.418217012581998,0.3816897874323404
2021-06-27,Humboldt,023,135768.0,136747,77,67344,53,62930,22,6354,2,7054,27,74762,29,67708,50,0.0519562783571975,0.5506599493253197,0.498703670968122
2021-06-27,Imperial,025,180216.0,209751,123,98817,60,96707,58,14194,5,25154,51,124065,55,98911,71,0.1395769521019221,0.6884238913304035,0.5488469392284814
2021-06-27,Inyo,027,18085.0,17714,1,6362,1,10654,0,548,0,686,1,9383,1,8697,0,0.0379319878352225,0.5188277578103401,0.4808957699751175
2021-06-27,Kern,029,883053.0,633444,620,318622,526,285509,77,29128,17,45715,271,352776,288,307061,343,0.0517692596027645,0.3994958400005435,0.3477265803977791
2021-06-27,Kings,031,150075.0,88973,121,39309,115,45059,5,4572,1,6748,41,50033,42,43285,77,0.0449641845743794,0.3333866400133267,0.2884224554389472
2021-06-27,Lake,033,64148.0,51154,42,14935,30,33909,12,2308,0,2997,23,28157,23,25160,19,0.046720084803891,0.438938080688408,0.392217995884517
2021-06-27,Lassen,035,31185.0,11640,1,1515,0,9127,0,984,1,604,0,6585,1,5981,1,0.0193682860349527,0.2111592111592111,0.1917909251242584
2021-06-27,Los Angeles,037,10098052.0,10935527,8840,5876499,6443,4629417,1951,425958,445,673259,3692,5996207,4125,5322948,5035,0.06667216607718,0.5937983880455359,0.5271262219683559
2021-06-27,Madera,039,155013.0,119069,120,59501,95,54704,20,4787,4,7079,64,65110,68,58031,55,0.0456671375949113,0.420029287866179,0.3743621502712675
2021-06-27,Marin,041,260295.0,378517,213,237607,164,129634,23,11258,26,12977,66,200943,91,187966,145,0.0498549722430319,0.7719817898922376,0.7221268176492057
2021-06-27,Mariposa,043,17540.0,13166,2,2528,1,10109,0,507,1,2313,0,7934,1,5621,2,0.1318700114025085,0.4523375142531357,0.3204675028506271
2021-06-27,Mendocino,045,87422.0,92449,23,49817,13,39520,9,3101,1,5621,13,50388,14,44767,10,0.064297316464963,0.5763766557617076,0.5120793392967445
2021-06-27,Merced,047,269075.0,203032,237,116053,170,77294,43,8886,23,21610,132,114038,155,92428,101,0.0803121806187865,0.4238149214902908,0.3435027408715042
2021-06-27,Modoc,049,8938.0,5507,1,706,1,4445,0,346,0,267,1,3051,1,2784,0,0.0298724546878496,0.3413515327813828,0.3114790780935332
2021-06-27,Mono,051,14174.0,15564,1,8579,0,6626,1,302,0,527,1,8153,1,7626,0,0.0371807534923098,0.5752081275574996,0.5380273740651897
2021-06-27,Monterey,053,433212.0,462547,397,213712,314,227742,69,20467,14,27914,113,254468,127,226554,282,0.0644349648670858,0.5873983176827974,0.5229633528157115
2021-06-27,Napa,055,140530.0,177794,70,91486,60,81284,10,5012,0,10397,34,96389,34,85992,36,0.0739842026613534,0.685896249911051,0.6119120472496976
2021-06-27,Nevada,057,99092.0,102227,35,54063,17,45552,14,2583,4,5894,9,55163,13,49269,26,0.059480079118395,0.5566846970492068,0.4972046179308118
2021-06-27,Orange,059,3164182.0,3573777,3538,1994348,2868,1467656,557,110654,113,180105,1506,1925407,1620,1745302,1997,0.0569199243279937,0.6085007120323673,0.5515807877043735
2021-06-27,Placer,061,380077.0,408671,250,231083,182,167538,57,10036,11,18790,118,218356,128,199566,130,0.0494373508525904,0.5745046398492937,0.5250672889967033
2021-06-27,Plumas,063,18699.0,16461,0,1775,0,13651,0,994,0,731,0,9020,0,8289,0,0.0390929996256484,0.4823787368308466,0.4432857372051981
2021-06-27,Riverside,065,2383286.0,2093296,1536,1167444,1236,863387,252,61552,46,140131,709,1144202,755,1004071,812,0.0587973915006423,0.4800942899845004,0.421296898483858
2021-06-27,Sacramento,067,1510023.0,1533960,1275,847175,933,644572,304,42042,36,83897,456,827726,492,743829,809,0.0555600808729403,0.5481545645331231,0.4925944836601826
2021-06-27,San Benito,069,59416.0,64541,59,35028,52,26539,2,2870,5,4315,25,35593,30,31278,34,0.0726235357479466,0.5990473946411741,0.5264238588932274
2021-06-27,San Bernardino,071,2135413.0,1725413,1509,992638,1206,678287,251,54290,51,113252,706,944150,757,830898,792,0.0530351739921036,0.4421392957708883,0.3891041217787847
2021-06-27,San Diego,073,3302833.0,3875380,2983,2050843,2289,1680728,484,142817,210,258655,1261,2146347,1555,1887692,1697,0.0783130724441714,0.6498502951859813,0.5715372227418098
2021-06-27,San Francisco,075,870044.0,1227910,565,779998,500,397568,37,50049,27,41425,228,658188,254,616763,324,0.0476125345384831,0.7564996712809927,0.7088871367425096
2021-06-27,San Joaquin,077,732212.0,676166,623,375172,484,278302,99,22650,40,54159,276,370723,315,316564,335,0.0739662829890796,0.5063055508513927,0.4323392678623131
2021-06-27,San Luis Obispo,079,281455.0,291154,156,147594,101,132700,51,10734,4,16538,83,158707,87,142169,72,0.058758949032705,0.5638805492885186,0.5051216002558135
2021-06-27,San Mateo,081,765935.0,1041034,677,634008,552,369957,76,36633,47,42756,293,558607,340,515851,370,0.0558219692271537,0.7293138451696293,0.6734918759424755
2021-06-27,Santa Barbara,083,443738.0,478855,410,274974,269,182895,77,20661,64,29801,196,263876,260,234075,209,0.0671589992292749,0.5946662219598051,0.5275072227305302
2021-06-27,Santa Clara,085,1922200.0,2643034,2022,1685897,1567,857266,366,96282,88,93567,686,1410310,773,1316743,1304,0.0486770367287483,0.7336957652689626,0.6850187285402143
2021-06-27,Santa Cruz,087,273765.0,332760,158,157305,109,166661,18,8754,31,14514,64,177465,95,162951,94,0.053016273080927,0.648238452687524,0.5952221796065968
2021-06-27,Shasta,089,179085.0,119574,69,52418,44,61195,19,5916,5,10145,23,67665,28,57520,45,0.056649077253818,0.3778373398107044,0.3211882625568864
2021-06-27,Sierra,091,2930.0,2664,1,184,1,2444,0,35,0,57,1,1370,1,1313,0,0.0194539249146757,0.4675767918088737,0.4481228668941979
2021-06-27,Siskiyou,093,43540.0,32805,0,13158,0,18668,0,944,0,2284,0,17958,0,15674,0,0.0524575103353238,0.4124483233807993,0.3599908130454754
2021-06-27,Solano,095,438530.0,458457,482,244409,421,201973,58,12040,3,37740,168,253552,171,215812,312,0.0860602467334047,0.5781862130298954,0.4921259662964905
2021-06-27,Sonoma,097,501317.0,616339,199,332800,167,264525,21,18960,11,28639,101,330886,112,302247,94,0.0571275260962624,0.6600334718351861,0.6029059457389236
2021-06-27,Stanislaus,099,539301.0,451323,443,249872,342,185462,90,15702,11,37666,223,248215,234,210549,215,0.0698422587757115,0.460253179578751,0.3904109208030394
2021-06-27,Sutter,101,95872.0,79945,80,31200,68,45028,11,3713,1,5523,29,44360,30,38837,48,0.0576080607476635,0.4627002670226969,0.4050922062750334
2021-06-27,Tehama,103,63373.0,38384,7,13558,4,23396,3,1422,0,2026,3,20867,3,18841,4,0.0319694507124485,0.3292727186656778,0.2973032679532293
2021-06-27,Trinity,105,12862.0,9000,4,1453,4,7023,0,519,0,589,0,5045,0,4456,4,0.0457938112268698,0.3922407090654641,0.3464468978385943
2021-06-27,Tulare,107,460477.0,337959,256,193361,187,134443,62,10094,7,23953,119,185465,126,161512,134,0.052017798934583,0.4027671306058717,0.3507493316712887
2021-06-27,Tuolumne,109,53932.0,46607,9,12281,2,33449,7,872,0,2074,7,24352,7,22278,1,0.0384558332715271,0.4515315582585478,0.4130757249870207
2021-06-27,Ventura,111,848112.0,943303,591,489255,456,421049,107,32634,28,46971,263,510019,290,463048,324,0.0553830154507895,0.6013580753485389,0.5459750598977493
2021-06-27,Yolo,113,214977.0,243154,183,117328,145,118836,33,6964,5,13150,63,131395,67,118245,120,0.0611693343939119,0.6112049195960498,0.5500355852021379
2021-06-27,Yuba,115,75493.0,48218,63,17031,42,28213,19,2958,2,3236,36,27124,38,23888,27,0.042864901381585,0.3592915899487369,0.3164266885671519
2021-06-26,Alameda,001,1643700.0,2103676,3156,1316411,2313,681908,670,104680,168,86075,1087,1143948,1254,1057873,2033,0.0523666119121494,0.6959591166271217,0.6435925047149723
2021-06-26,Alpine,003,1148.0,1464,0,39,0,1419,0,6,0,83,0,771,0,688,0,0.0722996515679442,0.671602787456446,0.5993031358885017
2021-06-26,Amador,005,37829.0,34986,9,9055,3,24855,4,1075,2,2653,5,18906,6,16253,4,0.0701313806867747,0.4997753046604457,0.429643923973671
2021-06-26,Butte,007,227075.0,174066,137,81159,100,86068,34,6819,3,9814,58,95083,61,85269,79,0.043219200704613,0.4187294946603545,0.3755102939557415
2021-06-26,Calaveras,009,45235.0,39893,40,16380,18,22486,20,1025,2,2025,21,21059,23,19034,19,0.0447662208466895,0.4655465900298441,0.4207803691831546
2021-06-26,Colusa,011,21464.0,18271,20,3935,13,13427,6,905,1,1232,6,10172,7,8940,14,0.0573984345881476,0.4739098024599329,0.4165113678717853
2021-06-26,Contra Costa,013,1133247.0,1461443,1529,964827,1258,449850,174,46471,97,49877,503,777432,600,727555,1016,0.0440124703617128,0.6860216704743096,0.6420092001125968
2021-06-26,Del Norte,015,27424.0,18447,5,6395,0,11103,5,912,0,1161,2,10185,2,9024,3,0.0423351808634772,0.3713900233372229,0.3290548424737456
2021-06-26,El Dorado,017,186661.0,186046,215,86698,123,92511,74,6815,18,9423,70,100866,88,91443,145,0.0504818896287923,0.540369975517114,0.4898880858883216
2021-06-26,Fresno,019,978130.0,849825,1876,436477,1453,381387,321,31537,102,58483,723,467796,825,409313,1148,0.0597906208786153,0.4782554466175253,0.41846482573891
2021-06-26,Glenn,021,27897.0,21271,36,7961,21,12178,14,1113,1,1028,16,11663,17,10635,20,0.0368498404846399,0.4180736279886726,0.3812237875040327
2021-06-26,Humboldt,023,135768.0,136670,257,67291,193,62908,40,6352,24,7075,63,74733,87,67658,193,0.0521109539803193,0.5504463496552944,0.498335395674975
2021-06-26,Imperial,025,180216.0,209628,319,98757,209,96649,94,14189,16,25170,110,124010,126,98840,208,0.1396657344519909,0.688118702002042,0.548452967550051
2021-06-26,Inyo,027,18085.0,17713,12,6361,6,10654,4,548,2,685,4,9382,6,8697,8,0.037876693392314,0.5187724633674315,0.4808957699751175
2021-06-26,Kern,029,883053.0,632824,1368,318096,1022,285432,314,29111,32,45770,582,352488,614,306718,776,0.0518315435200378,0.399169698761003,0.3473381552409652
2021-06-26,Kings,031,150075.0,88852,124,39194,82,45054,38,4571,4,6783,52,49991,56,43208,72,0.0451974012993503,0.3331067799433616,0.2879093786440113
2021-06-26,Lake,033,64148.0,51112,50,14905,38,33897,12,2308,0,2993,6,28134,6,25141,44,0.0466577290016836,0.4385795348257155,0.3919218058240319
2021-06-26,Lassen,035,31185.0,11639,8,1515,2,9127,6,983,0,604,1,6584,1,5980,7,0.0193682860349527,0.2111271444604777,0.1917588584255251
2021-06-26,Los Angeles,037,10098052.0,10926687,20646,5870056,15003,4627466,4583,425513,1053,674169,8540,5992082,9572,5317913,11958,0.0667622824679453,0.5933898934170669,0.5266276109491217
2021-06-26,Madera,039,155013.0,118949,193,59406,145,54684,34,4783,14,7066,84,65042,98,57976,109,0.0455832736609187,0.419590614980679,0.3740073413197602
2021-06-26,Marin,041,260295.0,378304,334,237443,279,129611,22,11232,32,13031,120,200852,152,187821,212,0.0500624291669067,0.7716321865575597,0.7215697573906529
2021-06-26,Mariposa,043,17540.0,13164,5,2527,4,10109,1,506,0,2314,2,7933,2,5619,3,0.1319270239452679,0.4522805017103762,0.3203534777651083
2021-06-26,Mendocino,045,87422.0,92426,76,49804,51,39511,21,3100,4,5617,24,50374,28,44757,52,0.0642515613918693,0.5762165130058795,0.5119649516140102
2021-06-26,Merced,047,269075.0,202795,309,115883,227,77251,63,8863,19,21556,137,113883,155,92327,166,0.080111493078138,0.4232388739199108,0.3431273808417727
2021-06-26,Modoc,049,8938.0,5506,0,705,0,4445,0,346,0,266,0,3050,0,2784,0,0.0297605728350861,0.3412396509286193,0.3114790780935332
2021-06-26,Mono,051,14174.0,15563,1,8579,1,6625,0,302,0,526,0,8152,0,7626,1,0.0371102017779032,0.575137575843093,0.5380273740651897
2021-06-26,Monterey,053,433212.0,462150,639,213398,462,227673,160,20453,17,28069,350,254341,366,226272,285,0.0647927573566752,0.5871051586751983,0.5223124013185231
2021-06-26,Napa,055,140530.0,177724,99,91426,85,81274,10,5012,4,10399,50,96355,54,85956,48,0.0739984344979719,0.6856543086885363,0.6116558741905643
2021-06-26,Nevada,057,99092.0,102192,84,54046,64,45538,17,2579,3,5907,33,55150,36,49243,51,0.0596112703346385,0.5565535058329633,0.4969422354983248
2021-06-26,Orange,059,3164182.0,3570239,6160,1991480,4717,1467099,1206,110541,234,180482,2581,1923787,2814,1743305,3536,0.0570390704453789,0.6079887313688024,0.5509496609234235
2021-06-26,Placer,061,380077.0,408421,552,230901,393,167481,126,10025,33,18792,233,218228,266,199436,316,0.0494426129442192,0.5741678659850504,0.5247252530408312
2021-06-26,Plumas,063,18699.0,16461,14,1775,4,13651,9,994,1,731,4,9020,5,8289,10,0.0390929996256484,0.4823787368308466,0.4432857372051981
2021-06-26,Riverside,065,2383286.0,2091760,3953,1166208,3049,863135,774,61506,127,140188,1812,1143447,1940,1003259,2115,0.0588213080595446,0.4797775004762332,0.4209561924166886
2021-06-26,Sacramento,067,1510023.0,1532685,3050,846242,2216,644268,706,42006,128,84214,1259,827234,1387,743020,1774,0.0557700114501567,0.5478287416814182,0.4920587302312614
2021-06-26,San Benito,069,59416.0,64482,81,34976,64,26537,15,2865,2,4319,36,35563,38,31244,44,0.0726908576814326,0.5985424801400296,0.525851622458597
2021-06-26,San Bernardino,071,2135413.0,1723904,3709,991432,2837,678036,786,54239,86,113287,1719,943393,1803,830106,1969,0.0530515642641493,0.4417847976012134,0.388733233337064
2021-06-26,San Diego,073,3302833.0,3872397,6698,2048554,5240,1680244,1140,142607,315,258797,2566,2144792,3124,1885995,4065,0.0783560658380245,0.6493794872462519,0.5710234214082274
2021-06-26,San Francisco,075,870044.0,1227345,1437,779498,1277,397531,69,50022,90,41495,499,657934,588,616439,914,0.047692990239574,0.7562077320227483,0.7085147417831742
2021-06-26,San Joaquin,077,732212.0,675543,1356,374688,1042,278203,261,22610,53,54179,602,370408,655,316229,698,0.0739935974826962,0.5058753475769313,0.431881750094235
2021-06-26,San Luis Obispo,079,281455.0,290998,283,147493,153,132649,113,10730,17,16523,128,158620,144,142097,154,0.0587056545451315,0.5635714412605923,0.5048657867154608
2021-06-26,San Mateo,081,765935.0,1040357,1272,633456,1072,369881,140,36586,60,42786,501,558267,560,515481,746,0.0558611370416549,0.7288699432719487,0.6730088062302937
2021-06-26,Santa Barbara,083,443738.0,478445,528,274705,370,182818,125,20597,33,29750,207,263616,240,233866,318,0.0670440665437713,0.5940802906219436,0.5270362240781723
2021-06-26,Santa Clara,085,1922200.0,2641012,3794,1684330,3022,856900,622,96194,147,94098,1378,1409537,1523,1315439,2375,0.0489532826969097,0.7332936218915825,0.6843403391946727
2021-06-26,Santa Cruz,087,273765.0,332602,254,157196,156,166643,91,8723,7,14513,104,177370,111,162857,148,0.0530126203130422,0.6478914397384619,0.5948788194254196
2021-06-26,Shasta,089,179085.0,119505,140,52374,82,61176,48,5911,10,10162,56,67637,66,57475,83,0.0567440042437948,0.377680989474272,0.3209369852304771
2021-06-26,Sierra,091,2930.0,2663,0,183,0,2444,0,35,0,56,0,1369,0,1313,0,0.0191126279863481,0.467235494880546,0.4481228668941979
2021-06-26,Siskiyou,093,43540.0,32805,8,13158,3,18668,5,944,0,2284,4,17958,4,15674,4,0.0524575103353238,0.4124483233807993,0.3599908130454754
2021-06-26,Solano,095,438530.0,457975,623,243988,483,201915,99,12037,41,37881,261,253381,301,215500,359,0.0863817754771623,0.5777962739151256,0.4914144984379632
2021-06-26,Sonoma,097,501317.0,616140,715,332633,516,264504,117,18949,82,28621,344,330774,425,302153,366,0.0570916206711521,0.6598100603011667,0.6027184396300146
2021-06-26,Stanislaus,099,539301.0,450880,809,249530,609,185372,169,15691,31,37647,367,247981,396,210334,436,0.0698070279862266,0.4598192845924632,0.3900122566062366
2021-06-26,Sutter,101,95872.0,79865,225,31132,183,45017,37,3712,5,5541,75,44330,81,38789,147,0.0577958110814419,0.4623873497997329,0.404591538718291
2021-06-26,Tehama,103,63373.0,38377,47,13554,23,23393,24,1422,0,2027,23,20864,23,18837,24,0.0319852303031259,0.3292253798936455,0.2972401495905196
2021-06-26,Trinity,105,12862.0,8996,18,1449,18,7023,0,519,0,593,8,5045,8,4452,10,0.0461048048515005,0.3922407090654641,0.3461359042139636
2021-06-26,Tulare,107,460477.0,337703,955,193174,752,134381,177,10087,26,23961,544,185339,570,161378,409,0.0520351722235855,0.4024935013040825,0.3504583290804969
2021-06-26,Tuolumne,109,53932.0,46598,30,12279,11,33442,19,872,0,2068,15,24345,15,22277,15,0.0383445820663057,0.4514017651857895,0.4130571831194838
2021-06-26,Ventura,111,848112.0,942712,1600,488799,1299,420942,238,32606,63,47005,526,509729,589,462724,1064,0.0554231044956326,0.6010161393778181,0.5455930348821854
2021-06-26,Yolo,113,214977.0,242971,280,117183,175,118803,82,6959,23,13203,117,131328,140,118125,159,0.0614158723956516,0.6108932583485676,0.5494773859529158
2021-06-26,Yuba,115,75493.0,48155,134,16989,106,28194,27,2956,1,3225,42,27086,43,23861,90,0.0427191925079146,0.3587882320215119,0.3160690395135972
2021-06-25,Alameda,001,1643700.0,2100520,4757,1314098,3565,681238,977,104512,214,86854,1736,1142694,1948,1055840,2991,0.0528405426781042,0.6951962036868041,0.6423556610086999
2021-06-25,Alpine,003,1148.0,1464,1,39,0,1419,1,6,0,83,0,771,0,688,1,0.0722996515679442,0.671602787456446,0.5993031358885017
2021-06-25,Amador,005,37829.0,34977,53,9052,32,24851,10,1073,11,2651,27,18900,38,16249,25,0.0700785111951148,0.4996166961854661,0.4295381849903513
2021-06-25,Butte,007,227075.0,173929,431,81059,209,86034,199,6816,23,9832,165,95022,188,85190,266,0.0432984696686116,0.4184608609490256,0.3751623912804139
2021-06-25,Calaveras,009,45235.0,39853,62,16362,35,22466,19,1023,8,2021,29,21036,37,19015,32,0.0446777937437824,0.4650381341881286,0.4203603404443461
2021-06-25,Colusa,011,21464.0,18251,48,3922,17,13421,31,904,0,1239,31,10165,31,8926,17,0.0577245620573984,0.473583674990682,0.4158591129332836
2021-06-25,Contra Costa,013,1133247.0,1459914,2866,963569,2334,449676,372,46374,160,50293,1149,776832,1309,726539,1707,0.044379557148618,0.6854922183778117,0.6411126612291936
2021-06-25,Del Norte,015,27424.0,18442,30,6395,14,11098,13,912,3,1162,13,10183,16,9021,17,0.0423716452742123,0.3713170945157526,0.3289454492415402
2021-06-25,El Dorado,017,186661.0,185831,362,86575,221,92437,101,6797,40,9480,140,100778,179,91298,216,0.0507872560417012,0.5398985326340264,0.4891112765923251
2021-06-25,Fresno,019,978130.0,847949,2141,435024,1488,381066,564,31435,84,58806,1001,466971,1085,408165,1117,0.0601208428327522,0.4774120004498379,0.4172911576170857
2021-06-25,Glenn,021,27897.0,21235,69,7940,49,12164,19,1112,1,1031,32,11646,33,10615,37,0.036957378929634,0.4174642434670395,0.3805068645374054
2021-06-25,Humboldt,023,135768.0,136413,266,67098,153,62868,99,6328,14,7181,109,74646,123,67465,154,0.0528916976017912,0.5498055506452183,0.496913853043427
2021-06-25,Imperial,025,180216.0,209309,1565,98548,1140,96555,333,14173,92,25252,682,123884,771,98632,866,0.1401207439960936,0.6874195409952502,0.5472987969991566
2021-06-25,Inyo,027,18085.0,17701,30,6355,14,10650,13,546,3,687,16,9376,19,8689,14,0.037987282278131,0.5184406967099806,0.4804534144318496
2021-06-25,Kern,029,883053.0,631456,1891,317074,1187,285118,603,29079,100,45932,864,351874,962,305942,1011,0.0520149979672794,0.3984743837572603,0.3464593857899809
2021-06-25,Kings,031,150075.0,88728,329,39112,234,45016,85,4567,9,6799,165,49935,174,43136,161,0.045304014659337,0.3327336331834083,0.2874296185240713
2021-06-25,Lake,033,64148.0,51062,134,14867,58,33885,66,2308,10,3031,69,28128,79,25097,65,0.0472501091226538,0.4384860011224044,0.3912358919997505
2021-06-25,Lassen,035,31185.0,11631,22,1513,3,9121,19,983,0,610,11,6583,11,5973,10,0.0195606862273528,0.2110950777617444,0.1915343915343915
2021-06-25,Los Angeles,037,10098052.0,10906041,30337,5855053,21089,4622883,7574,424460,1656,676555,12323,5982510,13962,5305955,17772,0.0669985656639518,0.5924419878210173,0.5254434221570655
2021-06-25,Madera,039,155013.0,118756,271,59261,178,54650,69,4769,24,7077,104,64944,128,57867,164,0.0456542354512202,0.4189584099398115,0.3733041744885912
2021-06-25,Marin,041,260295.0,377970,390,237164,285,129589,59,11200,46,13091,179,200700,225,187609,208,0.050292936860101,0.7710482337348009,0.7207552968746999
2021-06-25,Mariposa,043,17540.0,13159,55,2523,26,10108,28,506,1,2315,19,7931,20,5616,35,0.1319840364880273,0.4521664766248575,0.3201824401368301
2021-06-25,Mendocino,045,87422.0,92350,197,49753,106,39490,79,3096,12,5641,76,50346,88,44705,118,0.0645260918304317,0.5758962274942234,0.5113701356637917
2021-06-25,Merced,047,269075.0,202486,610,115656,445,77188,137,8844,27,21567,325,113728,351,92161,276,0.0801523738734553,0.4226628263495308,0.3425104524760754
2021-06-25,Modoc,049,8938.0,5506,9,705,0,4445,5,346,4,266,2,3050,6,2784,7,0.0297605728350861,0.3412396509286193,0.3114790780935332
2021-06-25,Mono,051,14174.0,15562,37,8578,25,6625,11,302,1,527,10,8152,11,7625,27,0.0371807534923098,0.575137575843093,0.5379568223507831
2021-06-25,Monterey,053,433212.0,461511,1084,212936,669,227513,398,20436,16,27988,508,253975,524,225987,569,0.0646057819266317,0.5862603067320388,0.5216545248054071
2021-06-25,Napa,055,140530.0,177625,249,91341,162,81264,71,5008,16,10393,120,96301,135,85908,122,0.0739557389881164,0.6852700490998364,0.6113143101117199
2021-06-25,Nevada,057,99092.0,102108,203,53982,135,45521,46,2576,22,5922,72,55114,94,49192,130,0.0597626448149194,0.556190207080289,0.4964275622653695
2021-06-25,Orange,059,3164182.0,3564079,9125,1986763,6678,1465893,2048,110307,397,181204,3489,1920973,3880,1739769,5574,0.0572672494818566,0.6070994019939434,0.5498321525120868
2021-06-25,Placer,061,380077.0,407869,964,230508,684,167355,227,9992,53,18842,396,217962,449,199120,562,0.0495741652349392,0.5734680077984198,0.5238938425634806
2021-06-25,Plumas,063,18699.0,16447,22,1771,9,13642,11,993,2,736,8,9015,10,8279,13,0.039360393603936,0.4821113428525589,0.4427509492486229
2021-06-25,Riverside,065,2383286.0,2087807,7110,1163159,5094,862361,1720,61379,288,140363,3060,1141507,3350,1001144,4001,0.0588947360912622,0.47896349829605,0.4200687622047878
2021-06-25,Sacramento,067,1510023.0,1529635,4405,844026,3010,643562,1170,41878,223,84601,1797,825847,2018,741246,2585,0.0560262989371685,0.5469102126259004,0.4908839136887319
2021-06-25,San Benito,069,59416.0,64401,158,34912,125,26522,30,2863,3,4325,64,35525,67,31200,94,0.0727918405816615,0.5979029217719133,0.5251110811902517
2021-06-25,San Bernardino,071,2135413.0,1720195,6065,988595,4260,677250,1581,54153,224,113453,2619,941590,2841,828137,3408,0.0531293009829948,0.4409404644441145,0.3878111634611197
2021-06-25,San Diego,073,3302833.0,3865699,10643,2043314,7366,1679104,2658,142292,617,259738,3990,2141668,4865,1881930,6572,0.078640972764896,0.6484336325814838,0.5697926598165878
2021-06-25,San Francisco,075,870044.0,1225908,1886,778221,1522,397462,262,49932,102,41821,677,657346,778,615525,1185,0.0480676839332263,0.7555319041335841,0.7074642202003577
2021-06-25,San Joaquin,077,732212.0,674187,1996,373646,1308,277942,608,22557,80,54222,905,369753,983,315531,1044,0.0740523236439719,0.5049807979109875,0.4309284742670156
2021-06-25,San Luis Obispo,079,281455.0,290715,547,147340,219,132536,299,10713,29,16533,210,158476,238,141943,336,0.0587411842035138,0.5630598141798867,0.5043186299763728
2021-06-25,San Mateo,081,765935.0,1039085,1825,632384,1515,369741,231,36526,78,42972,675,557707,753,514735,1136,0.0561039774915626,0.7281388107345924,0.6720348332430297
2021-06-25,Santa Barbara,083,443738.0,477917,1007,274335,643,182693,301,20564,63,29828,470,263376,533,233548,531,0.0672198459451297,0.593539430925456,0.5263195849803263
2021-06-25,Santa Clara,085,1922200.0,2637218,5703,1681308,4645,856278,840,96047,216,94950,1937,1408014,2149,1313064,3704,0.0493965248153157,0.7325013005930704,0.6831047757777546
2021-06-25,Santa Cruz,087,273765.0,332348,558,157040,365,166552,162,8716,31,14550,256,177259,286,162709,296,0.0531477727247822,0.6474859825032419,0.5943382097784596
2021-06-25,Shasta,089,179085.0,119365,305,52292,210,61128,82,5901,13,10179,126,67571,138,57392,179,0.0568389312337716,0.3773124493955384,0.3204735181617668
2021-06-25,Sierra,091,2930.0,2663,0,183,0,2444,0,35,0,56,0,1369,0,1313,0,0.0191126279863481,0.467235494880546,0.4481228668941979
2021-06-25,Siskiyou,093,43540.0,32797,98,13155,62,18663,36,944,0,2284,65,17954,65,15670,32,0.0524575103353238,0.4123564538355535,0.3598989435002296
2021-06-25,Solano,095,438530.0,457352,1119,243505,785,201816,256,11996,78,37939,509,253080,586,215141,592,0.086514035527786,0.5771098898593027,0.4905958543315166
2021-06-25,Sonoma,097,501317.0,615425,1229,332117,940,264387,207,18867,82,28562,528,330349,608,301787,684,0.0569739306666241,0.6589622933193967,0.6019883626527726
2021-06-25,Stanislaus,099,539301.0,450071,1282,248921,852,185203,366,15660,62,37687,568,247585,629,209898,709,0.0698811980693527,0.4590850007695146,0.3892038027001618
2021-06-25,Sutter,101,95872.0,79640,228,30949,149,44980,72,3707,7,5607,88,44249,95,38642,137,0.0584842289719626,0.4615424732977303,0.4030582443257677
2021-06-25,Tehama,103,63373.0,38330,141,13531,76,23369,58,1422,7,2028,62,20841,69,18813,78,0.0320010098938033,0.3288624493080649,0.2968614394142616
2021-06-25,Trinity,105,12862.0,8978,12,1431,10,7023,1,519,1,595,5,5037,6,4442,7,0.0462603016638158,0.3916187218162028,0.3453584201523869
2021-06-25,Tulare,107,460477.0,336748,872,192422,569,134204,281,10061,22,23800,454,184769,476,160969,410,0.0516855347824104,0.401255654462655,0.3495701196802446
2021-06-25,Tuolumne,109,53932.0,46568,73,12268,32,33423,35,872,6,2068,39,24330,44,22262,31,0.0383445820663057,0.451123637172736,0.4127790551064303
2021-06-25,Ventura,111,848112.0,941112,2495,487500,1662,420704,655,32543,178,47480,891,509140,1069,461660,1590,0.0559831720338823,0.6003216556303884,0.5443384835965062
2021-06-25,Yolo,113,214977.0,242691,567,117008,400,118721,123,6936,43,13222,201,131188,244,117966,363,0.0615042539434451,0.6102420258911418,0.5487377719476967
2021-06-25,Yuba,115,75493.0,48021,169,16883,97,28167,63,2955,9,3272,83,27043,92,23771,86,0.0433417667863245,0.3582186427880731,0.3148768760017485
2021-06-24,Alameda,001,1643700.0,2095763,4495,1310533,3584,680261,672,104298,236,87897,1529,1140746,1763,1052849,2935,0.0534750866946523,0.6940110725801545,0.6405359858855022
2021-06-24,Alpine,003,1148.0,1463,0,39,0,1418,0,6,0,84,0,771,0,687,0,0.073170731707317,0.671602787456446,0.5984320557491289
2021-06-24,Amador,005,37829.0,34924,51,9020,25,24841,20,1062,6,2638,22,18862,28,16224,27,0.0697348594993259,0.4986121758439292,0.4288773163446033
2021-06-24,Butte,007,227075.0,173498,436,80850,288,85835,113,6793,35,9910,154,94834,189,84924,280,0.0436419685126059,0.4176329406583728,0.3739909721457668
2021-06-24,Calaveras,009,45235.0,39791,67,16327,35,22447,29,1015,3,2016,31,20999,34,18983,36,0.0445672598651486,0.4642201834862385,0.4196529236210898
2021-06-24,Colusa,011,21464.0,18203,61,3905,27,13390,32,904,2,1225,23,10134,25,8909,38,0.0570723071188967,0.4721393961982855,0.4150670890793887
2021-06-24,Contra Costa,013,1133247.0,1457048,2441,961235,2046,449304,262,46214,133,50691,960,775523,1091,724832,1466,0.0447307603726283,0.6843371303872854,0.639606370014657
2021-06-24,Del Norte,015,27424.0,18412,46,6381,25,11085,13,909,8,1163,14,10167,22,9004,32,0.0424081096849474,0.3707336639439906,0.3283255542590432
2021-06-24,El Dorado,017,186661.0,185469,403,86354,250,92336,139,6757,14,9517,147,100599,161,91082,255,0.0509854763448176,0.5389395749513824,0.4879540986065648
2021-06-24,Fresno,019,978130.0,845808,2107,433536,1501,380502,526,31351,77,58838,934,465886,1011,407048,1150,0.0601535583204686,0.4763027409444552,0.4161491826239866
2021-06-24,Glenn,021,27897.0,21166,45,7891,27,12145,14,1111,4,1035,16,11613,20,10578,29,0.0371007635229594,0.4162813205721045,0.379180557049145
2021-06-24,Humboldt,023,135768.0,136147,220,66945,108,62769,54,6314,58,7212,87,74523,143,67311,129,0.0531200282835425,0.5488995934240763,0.4957795651405338
2021-06-24,Imperial,025,180216.0,207744,1113,97408,745,96222,315,14081,53,25347,573,123113,625,97766,533,0.1406478891996271,0.6831413415013096,0.5424934523016824
2021-06-24,Inyo,027,18085.0,17671,9,6341,2,10637,6,543,1,682,5,9357,6,8675,4,0.0377108100635886,0.5173901022947194,0.4796792922311307
2021-06-24,Kern,029,883053.0,629565,1673,315887,1039,284515,543,28979,90,45981,726,350912,817,304931,937,0.0520704872753957,0.3973849814224061,0.3453144941470104
2021-06-24,Kings,031,150075.0,88399,149,38878,72,44931,72,4558,5,6786,58,49761,63,42975,91,0.0452173913043478,0.3315742128935532,0.2863568215892054
2021-06-24,Lake,033,64148.0,50928,147,14809,97,33819,36,2298,14,3017,52,28049,66,25032,94,0.0470318638149279,0.4372544740288084,0.3902226102138804
2021-06-24,Lassen,035,31185.0,11609,26,1510,2,9102,16,983,8,609,13,6572,21,5963,13,0.0195286195286195,0.2107423440756774,0.1912137245470578
2021-06-24,Los Angeles,037,10098052.0,10875704,25750,5833964,17711,4615309,6345,422804,1670,680365,9878,5968548,11507,5288183,15636,0.0673758661571558,0.591059344911276,0.5236834787541201
2021-06-24,Madera,039,155013.0,118485,223,59083,106,54581,95,4745,22,7113,82,64816,104,57703,140,0.0458864740376613,0.4181326727435763,0.3722461987059149
2021-06-24,Marin,041,260295.0,377580,415,236879,317,129530,48,11154,50,13074,135,200475,183,187401,277,0.0502276263470293,0.7701838298853224,0.719956203538293
2021-06-24,Mariposa,043,17540.0,13104,13,2497,5,10080,8,505,0,2330,6,7911,6,5581,7,0.1328392246294184,0.4510262257696693,0.3181870011402508
2021-06-24,Mendocino,045,87422.0,92153,217,49647,115,39411,86,3084,16,5671,80,50258,96,44587,137,0.0648692548786346,0.5748896158861614,0.5100203610075267
2021-06-24,Merced,047,269075.0,201876,570,115211,403,77051,133,8817,32,21492,260,113377,291,91885,297,0.0798736411781101,0.4213583573353154,0.3414847161572052
2021-06-24,Modoc,049,8938.0,5497,33,705,14,4440,15,342,4,267,23,3044,27,2777,10,0.0298724546878496,0.3405683598120385,0.3106959051241889
2021-06-24,Mono,051,14174.0,15525,9,8553,1,6614,5,301,3,543,2,8141,5,7598,7,0.0383095809228164,0.5743615069846197,0.5360519260618033
2021-06-24,Monterey,053,433212.0,460427,961,212267,563,227115,368,20420,29,28033,461,253451,490,225418,491,0.0647096571655448,0.5850507372833624,0.5203410801178177
2021-06-24,Napa,055,140530.0,177376,180,91179,122,81193,51,4992,7,10380,77,96166,84,85786,100,0.073863232050096,0.6843094001280865,0.6104461680779905
2021-06-24,Nevada,057,99092.0,101905,182,53847,115,45475,48,2554,19,5958,66,55020,85,49062,114,0.0601259435675937,0.5552415936705284,0.4951156501029346
2021-06-24,Orange,059,3164182.0,3554954,7512,1980085,5618,1463845,1493,109910,400,182898,3180,1917093,3575,1734195,4275,0.0578026169164732,0.605873176700961,0.5480705597844877
2021-06-24,Placer,061,380077.0,406905,852,229824,538,167128,269,9939,45,18955,328,217513,373,198558,521,0.0498714734119665,0.5722866682277539,0.5224151948157874
2021-06-24,Plumas,063,18699.0,16425,34,1762,22,13631,8,991,4,739,14,9005,17,8266,19,0.0395208299909086,0.4815765548959837,0.4420557249050751
2021-06-24,Riverside,065,2383286.0,2080697,5697,1158065,3881,860641,1550,61091,264,141014,2448,1138157,2708,997143,3204,0.0591678883692515,0.4775578759745997,0.4183899876053482
2021-06-24,Sacramento,067,1510023.0,1525230,3565,841016,2293,642392,1066,41655,206,85168,1407,823829,1612,738661,2141,0.0564017899065113,0.5455738091406555,0.4891720192341441
2021-06-24,San Benito,069,59416.0,64243,193,34787,165,26492,15,2860,13,4352,83,35458,96,31106,110,0.0732462636326915,0.5967752793860239,0.5235290157533324
2021-06-24,San Bernardino,071,2135413.0,1714130,5123,984335,3565,675669,1340,53929,218,114020,2166,938749,2379,824729,2909,0.0533948233901357,0.4396100426474879,0.3862152192573521
2021-06-24,San Diego,073,3302833.0,3855056,10057,2035948,6507,1676446,2743,141675,805,261445,3914,2136803,4995,1875358,6076,0.0791578018022709,0.6469606546864465,0.5678028528841755
2021-06-24,San Francisco,075,870044.0,1224022,1605,776699,1179,397200,250,49830,174,42228,526,656568,695,614340,1048,0.0485354763667124,0.7546376964843158,0.7061022201176033
2021-06-24,San Joaquin,077,732212.0,672191,1998,372338,1369,277334,537,22477,92,54283,863,368770,954,314487,1060,0.0741356328495026,0.5036382905497315,0.4295026577002289
2021-06-24,San Luis Obispo,079,281455.0,290168,485,147121,272,132237,186,10684,27,16631,216,158238,243,141607,266,0.0590893748556607,0.562214208310387,0.5031248334547264
2021-06-24,San Mateo,081,765935.0,1037260,1505,630869,1122,369510,278,36448,103,43355,543,556954,644,513599,943,0.0566040199233616,0.7271556985906115,0.6705516786672499
2021-06-24,Santa Barbara,083,443738.0,476910,1395,273692,1168,182392,161,20501,66,29826,589,262843,652,233017,798,0.0672153387809923,0.5923382716828399,0.5251229329018475
2021-06-24,Santa Clara,085,1922200.0,2631515,4527,1676663,3500,855438,817,95831,207,96505,1670,1405865,1875,1309360,2797,0.0502054937051295,0.7313833107897201,0.6811778170845906
2021-06-24,Santa Cruz,087,273765.0,331790,555,156675,396,166390,111,8685,48,14560,214,176973,259,162413,336,0.0531843004036308,0.6464412908881705,0.5932569904845396
2021-06-24,Shasta,089,179085.0,119060,231,52082,133,61046,80,5888,18,10220,91,67433,109,57213,137,0.0570678727978334,0.37654186559455,0.3194739927967166
2021-06-24,Sierra,091,2930.0,2663,5,183,0,2444,2,35,3,56,1,1369,4,1313,4,0.0191126279863481,0.467235494880546,0.4481228668941979
2021-06-24,Siskiyou,093,43540.0,32699,100,13093,58,18627,32,944,10,2251,47,17889,57,15638,53,0.0516995865870463,0.41086357372531,0.3591639871382636
2021-06-24,Solano,095,438530.0,456233,959,242720,718,201560,176,11918,65,37945,404,252494,468,214549,551,0.0865277176019884,0.5757736072788635,0.489245889676875
2021-06-24,Sonoma,097,501317.0,614196,974,331177,653,264180,220,18785,101,28638,430,329741,528,301103,531,0.0571255313504229,0.6577494878490057,0.6006239564985827
2021-06-24,Stanislaus,099,539301.0,448789,1013,248069,679,184837,283,15598,51,37767,498,246956,551,209189,508,0.0700295382356049,0.4579186762123564,0.3878891379767514
2021-06-24,Sutter,101,95872.0,79412,245,30800,167,44908,68,3700,10,5649,102,44154,112,38505,142,0.0589223130841121,0.4605515687583444,0.4016292556742323
2021-06-24,Tehama,103,63373.0,38189,90,13455,45,23311,37,1415,8,2037,50,20772,58,18735,40,0.0321430262099001,0.3277736575513231,0.295630631341423
2021-06-24,Trinity,105,12862.0,8966,25,1421,15,7022,4,518,6,596,16,5031,22,4435,9,0.0463380500699735,0.3911522313792567,0.3448141813092831
2021-06-24,Tulare,107,460477.0,335876,868,191853,657,133923,156,10039,55,23734,425,184293,479,160559,438,0.0515422051481398,0.4002219437670068,0.348679738618867
2021-06-24,Tuolumne,109,53932.0,46495,59,12236,23,33388,29,866,7,2055,24,24286,31,22231,34,0.038103537788326,0.4503077950011125,0.4122042572127865
2021-06-24,Ventura,111,848112.0,938617,1897,485838,1244,420049,533,32365,120,48001,741,508071,861,460070,1147,0.0565974776916256,0.5990612088969381,0.5424637312053125
2021-06-24,Yolo,113,214977.0,242124,415,116608,256,118598,112,6893,46,13341,181,130944,227,117603,232,0.0620578015322569,0.609107020751057,0.5470492192188001
2021-06-24,Yuba,115,75493.0,47852,142,16786,86,28104,48,2946,8,3266,63,26951,71,23685,79,0.0432622892188679,0.3569999867537388,0.3137376975348708
2021-06-23,Alameda,001,1643700.0,2091268,3578,1306949,2751,679589,637,104062,189,89069,1200,1138983,1388,1049914,2359,0.054188112185922,0.6929384924256251,0.6387503802397031
2021-06-23,Alpine,003,1148.0,1463,0,39,0,1418,0,6,0,84,0,771,0,687,0,0.073170731707317,0.671602787456446,0.5984320557491289
2021-06-23,Amador,005,37829.0,34873,38,8995,18,24821,12,1056,8,2637,19,18834,26,16197,18,0.0697084247534959,0.4978720029606915,0.4281635782071955
2021-06-23,Butte,007,227075.0,173062,458,80562,340,85722,94,6758,24,10001,165,94645,189,84644,292,0.0440427171639326,0.4168006165363866,0.372757899372454
2021-06-23,Calaveras,009,45235.0,39724,67,16292,42,22418,18,1012,7,2018,28,20965,35,18947,37,0.0446114734166021,0.4634685531115287,0.4188570796949264
2021-06-23,Colusa,011,21464.0,18142,50,3878,27,13358,22,902,1,1238,21,10109,22,8871,29,0.057677972418934,0.4709746552366753,0.4132966828177413
2021-06-23,Contra Costa,013,1133247.0,1454607,2630,959189,2179,449042,342,46081,109,51066,1050,774432,1159,723366,1569,0.0450616679329396,0.68337440999182,0.6383127420588803
2021-06-23,Del Norte,015,27424.0,18366,71,6356,35,11072,30,901,6,1173,34,10145,40,8972,36,0.0427727537922987,0.369931446907818,0.3271586931155192
2021-06-23,El Dorado,017,186661.0,185066,435,86104,301,92197,112,6743,22,9611,136,100438,158,90827,299,0.0514890630608429,0.5380770487675519,0.4865879857067089
2021-06-23,Fresno,019,978130.0,843701,2155,432035,1544,379976,534,31274,71,58977,1051,464875,1119,405898,1082,0.0602956662202365,0.4752691360044166,0.41497346978418
2021-06-23,Glenn,021,27897.0,21121,57,7864,38,12131,16,1107,3,1044,27,11593,30,10549,29,0.0374233788579417,0.4155643976054773,0.3781410187475356
2021-06-23,Humboldt,023,135768.0,135927,367,66837,253,62715,80,6256,34,7198,111,74380,143,67182,247,0.0530169112014613,0.5478463260856755,0.4948294148842142
2021-06-23,Imperial,025,180216.0,206631,1228,96663,824,95907,333,14028,71,25255,647,122488,717,97233,559,0.1401373906867314,0.6796732809517468,0.5395358902650154
2021-06-23,Inyo,027,18085.0,17662,15,6339,7,10631,7,542,1,680,1,9351,2,8671,14,0.0376002211777716,0.5170583356372684,0.4794581144594968
2021-06-23,Kern,029,883053.0,627892,1779,314848,1133,283972,560,28889,86,46101,779,350095,863,303994,982,0.0522063794585375,0.3964597821421817,0.3442534026836441
2021-06-23,Kings,031,150075.0,88250,209,38806,99,44859,94,4553,16,6814,92,49698,108,42884,117,0.0454039646843245,0.3311544227886057,0.2857504581042812
2021-06-23,Lake,033,64148.0,50781,159,14712,74,33783,60,2284,25,3045,86,27983,111,24938,72,0.0474683544303797,0.4362256032923863,0.3887572488620066
2021-06-23,Lassen,035,31185.0,11583,16,1508,4,9086,10,975,2,601,5,6551,7,5950,11,0.0192720859387526,0.2100689434022767,0.1907968574635241
2021-06-23,Los Angeles,037,10098052.0,10849954,25995,5816253,17825,4608964,6668,421134,1485,684494,10347,5957041,11803,5272547,15422,0.0677847569016281,0.5899198181985991,0.522135061296971
2021-06-23,Madera,039,155013.0,118262,268,58977,193,54486,65,4723,10,7149,143,64712,153,57563,125,0.0461187126241025,0.4174617612716352,0.3713430486475328
2021-06-23,Marin,041,260295.0,377165,357,236562,288,129482,34,11104,34,13168,119,200292,152,187124,236,0.050588755066367,0.7694807814210799,0.7188920263547129
2021-06-23,Mariposa,043,17540.0,13091,8,2492,3,10072,3,505,2,2331,5,7905,7,5574,3,0.1328962371721778,0.4506841505131129,0.317787913340935
2021-06-23,Mendocino,045,87422.0,91936,230,49532,161,39325,39,3068,30,5712,99,50162,129,44450,129,0.0653382443778454,0.5737914941319119,0.5084532497540665
2021-06-23,Merced,047,269075.0,201306,608,114808,378,76918,218,8785,11,21498,295,113086,306,91588,300,0.0798959397937378,0.4202768744773762,0.3403809346836384
2021-06-23,Modoc,049,8938.0,5464,7,691,1,4425,3,338,3,250,1,3017,4,2767,6,0.0279704631908704,0.3375475497874244,0.309577086596554
2021-06-23,Mono,051,14174.0,15516,12,8552,0,6609,6,298,6,545,3,8136,9,7591,9,0.0384506843516297,0.5740087484125864,0.5355580640609566
2021-06-23,Monterey,053,433212.0,459466,1158,211704,787,226747,336,20391,34,28034,478,252961,511,224927,672,0.0647119655041873,0.5839196513485314,0.5192076858443441
2021-06-23,Napa,055,140530.0,177196,356,91057,278,81142,54,4985,24,10396,113,96082,136,85686,238,0.0739770867430442,0.6837116629901089,0.6097345762470647
2021-06-23,Nevada,057,99092.0,101723,207,53732,138,45427,41,2535,28,5987,87,54935,114,48948,120,0.0604186008961369,0.5543838049489364,0.4939652040527994
2021-06-23,Orange,059,3164182.0,3547442,7649,1974467,5754,1462352,1572,109510,323,183598,3081,1913518,3402,1729920,4511,0.0580238431291246,0.6047433428292052,0.5467194997000805
2021-06-23,Placer,061,380077.0,406053,865,229286,622,166859,194,9894,49,19103,394,217140,443,198037,468,0.0502608681924978,0.5713052881389824,0.5210444199464845
2021-06-23,Plumas,063,18699.0,16391,28,1740,14,13623,10,987,4,741,14,8988,18,8247,13,0.0396277875822236,0.4806674153698059,0.4410396277875822
2021-06-23,Riverside,065,2383286.0,2075000,5767,1154184,4101,859091,1395,60827,263,141510,2653,1135449,2915,993939,3065,0.0593760043905767,0.4764216296323647,0.417045625241788
2021-06-23,Sacramento,067,1510023.0,1521665,4200,838723,2894,641326,1095,41449,210,85697,1556,822217,1763,736520,2616,0.0567521156962509,0.544506275732224,0.4877541600359729
2021-06-23,San Benito,069,59416.0,64050,157,34622,118,26477,29,2847,10,4366,64,35362,74,30996,93,0.0734818903998922,0.5951595529823617,0.5216776625824694
2021-06-23,San Bernardino,071,2135413.0,1709007,5253,980770,3722,674329,1318,53711,211,114550,2166,936370,2375,821820,3058,0.0536430189382569,0.4384959724418649,0.384852953503608
2021-06-23,San Diego,073,3302833.0,3844999,10840,2029441,7005,1673703,2320,140870,1512,262526,4278,2131808,6054,1869282,6487,0.0794850965822371,0.6454483166421069,0.5659632200598698
2021-06-23,San Francisco,075,870044.0,1222417,1523,775520,1199,396950,181,49656,141,42581,591,655873,724,613292,910,0.0489412029736427,0.7538388863091982,0.7048976833355555
2021-06-23,San Joaquin,077,732212.0,670193,2019,370969,1342,276797,601,22385,76,54389,762,367816,835,313427,1233,0.0742803996656706,0.5023353892042195,0.4280549895385489
2021-06-23,San Luis Obispo,079,281455.0,289683,518,146849,290,132051,208,10657,20,16654,246,157995,266,141341,269,0.0591710930699401,0.5613508376116964,0.5021797445417562
2021-06-23,San Mateo,081,765935.0,1035755,1914,629747,1620,369232,188,36345,105,43654,639,556310,743,512656,1240,0.0569943924745572,0.7263148961726518,0.6693205036980945
2021-06-23,Santa Barbara,083,443738.0,475515,808,272524,585,182231,190,20435,33,29972,346,262191,378,232219,456,0.0675443617630223,0.5908689361740487,0.5233245744110263
2021-06-23,Santa Clara,085,1922200.0,2626988,4651,1673163,3646,854621,791,95624,211,97427,1658,1403990,1864,1306563,2942,0.0506851524295078,0.73040786598689,0.6797227135573821
2021-06-23,Santa Cruz,087,273765.0,331235,415,156279,294,166279,104,8637,17,14637,197,176714,212,162077,213,0.0534655635307654,0.6454952240059906,0.5920296604752251
2021-06-23,Shasta,089,179085.0,118829,218,51949,126,60966,74,5870,18,10248,89,67324,107,57076,128,0.0572242231342658,0.375933216070581,0.3187089929363151
2021-06-23,Sierra,091,2930.0,2658,7,183,0,2442,7,32,0,56,3,1365,3,1309,4,0.0191126279863481,0.4658703071672355,0.4467576791808874
2021-06-23,Siskiyou,093,43540.0,32599,55,13035,8,18595,42,934,5,2247,11,17832,16,15585,43,0.0516077170418006,0.4095544327055581,0.3579467156637574
2021-06-23,Solano,095,438530.0,455274,1494,242002,1242,201384,175,11853,77,38028,490,252026,566,213998,999,0.0867169862951223,0.5747064054910724,0.4879894191959501
2021-06-23,Sonoma,097,501317.0,613222,1264,330524,973,263960,204,18684,87,28641,485,329213,572,300572,770,0.0571315155879413,0.6566962620457715,0.5995647464578301
2021-06-23,Stanislaus,099,539301.0,447776,1319,247390,895,184554,359,15547,63,37724,552,246405,612,208681,756,0.0699498053962444,0.456896983317294,0.3869471779210496
2021-06-23,Sutter,101,95872.0,79167,188,30633,108,44840,73,3690,7,5679,78,44042,84,38363,108,0.0592352303070761,0.459383344459279,0.4001481141522029
2021-06-23,Tehama,103,63373.0,38099,105,13410,62,23274,39,1407,4,2019,53,20714,56,18695,50,0.0318589935777065,0.3268584412920329,0.2949994477143263
2021-06-23,Trinity,105,12862.0,8941,16,1406,8,7018,2,512,6,583,3,5009,9,4426,13,0.0453273207899238,0.3894417664437879,0.3441144456538641
2021-06-23,Tulare,107,460477.0,335008,752,191196,506,133767,217,9984,27,23693,410,183814,437,160121,333,0.0514531670420021,0.3991817180879827,0.3477285510459806
2021-06-23,Tuolumne,109,53932.0,46436,72,12213,14,33359,39,859,19,2058,33,24255,52,22197,39,0.0381591633909367,0.4497329971074686,0.4115738337165319
2021-06-23,Ventura,111,848112.0,936720,1866,484594,1267,419516,471,32245,127,48287,754,507210,880,458923,1097,0.0569346973041296,0.5980460127907635,0.5411113154866338
2021-06-23,Yolo,113,214977.0,241709,387,116352,219,118486,149,6847,19,13346,152,130717,170,117371,230,0.0620810598343078,0.6080510938379454,0.5459700340036376
2021-06-23,Yuba,115,75493.0,47710,133,16700,77,28056,43,2938,13,3274,55,26880,67,23606,77,0.04336825930881,0.3560595022055025,0.3126912428966924
2021-06-22,Alameda,001,1643700.0,2087690,4718,1304198,3657,678952,856,103873,204,90040,1432,1137595,1632,1047555,3256,0.0547788525886719,0.692094056092961,0.637315203504289
2021-06-22,Alpine,003,1148.0,1463,0,39,0,1418,0,6,0,84,0,771,0,687,0,0.073170731707317,0.671602787456446,0.5984320557491289
2021-06-22,Amador,005,37829.0,34835,48,8977,26,24809,20,1048,2,2629,22,18808,24,16179,26,0.0694969467868566,0.4971846995691136,0.427687752782257
2021-06-22,Butte,007,227075.0,172604,430,80222,283,85628,121,6734,26,10104,157,94456,183,84352,269,0.0444963117912583,0.4159682924144005,0.3714719806231421
2021-06-22,Calaveras,009,45235.0,39657,67,16250,35,22400,30,1005,2,2020,28,20930,30,18910,37,0.0446556869680557,0.4626948159610921,0.4180391289930363
2021-06-22,Colusa,011,21464.0,18092,67,3851,29,13336,32,901,6,1245,26,10087,32,8842,40,0.0580040998881848,0.4699496831904584,0.4119455833022736
2021-06-22,Contra Costa,013,1133247.0,1451977,3125,957010,2642,448700,344,45972,139,51476,1206,773273,1343,721797,1906,0.0454234601988798,0.6823516850254181,0.6369282248265382
2021-06-22,Del Norte,015,27424.0,18295,38,6321,9,11042,19,895,10,1169,14,10105,24,8936,24,0.0426268961493582,0.3684728704784131,0.3258459743290548
2021-06-22,El Dorado,017,186661.0,184631,404,85803,255,92085,121,6721,28,9752,132,100280,159,90528,270,0.0522444431348808,0.5372305945001902,0.4849861513653093
2021-06-22,Fresno,019,978130.0,841546,2258,430491,1570,379442,576,31203,111,58940,1043,463756,1152,404816,1200,0.0602578389375645,0.4741251162933352,0.4138672773557707
2021-06-22,Glenn,021,27897.0,21064,51,7826,36,12115,13,1104,2,1043,23,11563,25,10520,27,0.0373875327096103,0.4144890131555364,0.377101480445926
2021-06-22,Humboldt,023,135768.0,135560,366,66584,234,62635,111,6222,21,7302,153,74237,174,66935,212,0.0537829238112073,0.5467930587472748,0.4930101349360674
2021-06-22,Imperial,025,180216.0,205403,1246,95839,864,95574,327,13957,55,25097,672,121771,728,96674,565,0.139260664979802,0.6756947218892884,0.5364340569094864
2021-06-22,Inyo,027,18085.0,17647,52,6332,42,10624,8,541,2,692,24,9349,26,8657,28,0.0382637544926734,0.5169477467514515,0.478683992258778
2021-06-22,Kern,029,883053.0,626113,1705,313715,915,283412,712,28803,78,46220,682,349232,760,303012,1013,0.0523411392068199,0.3954824908584196,0.3431413516515996
2021-06-22,Kings,031,150075.0,88041,207,38707,134,44765,64,4537,9,6823,83,49590,92,42767,124,0.045463934699317,0.3304347826086956,0.2849708479093786
2021-06-22,Lake,033,64148.0,50622,139,14638,52,33723,77,2259,10,3006,66,27872,76,24866,72,0.0468603853588576,0.4344952297811311,0.3876348444222735
2021-06-22,Lassen,035,31185.0,11567,31,1504,1,9076,29,973,1,605,16,6544,17,5939,15,0.019400352733686,0.2098444765111431,0.1904441237774571
2021-06-22,Los Angeles,037,10098052.0,10823959,27401,5798428,18471,4602296,7302,419649,1596,688113,10507,5945238,12090,5257125,16656,0.0681431428556715,0.5887509789016733,0.5206078360460017
2021-06-22,Madera,039,155013.0,117994,249,58784,163,54421,66,4713,20,7121,123,64559,143,57438,125,0.045938082612426,0.4164747472792604,0.3705366646668344
2021-06-22,Marin,041,260295.0,376808,492,236274,364,129448,97,11070,31,13252,145,200140,176,186888,341,0.0509114658368389,0.7688968285983211,0.7179853627614822
2021-06-22,Mariposa,043,17540.0,13083,22,2489,10,10069,9,503,3,2327,12,7898,15,5571,10,0.1326681870011402,0.450285062713797,0.3176168757126568
2021-06-22,Mendocino,045,87422.0,91706,137,49371,88,39286,35,3038,14,5712,57,50033,71,44321,78,0.0653382443778454,0.5723158930246391,0.5069776486467937
2021-06-22,Merced,047,269075.0,200698,563,114430,386,76700,155,8774,21,21492,279,112780,300,91288,277,0.0798736411781101,0.4191396450803679,0.3392660039022577
2021-06-22,Modoc,049,8938.0,5457,10,690,4,4422,6,335,0,252,7,3013,7,2761,3,0.0281942268963974,0.3371000223763705,0.3089057954799731
2021-06-22,Mono,051,14174.0,15504,12,8552,2,6603,9,292,1,545,4,8127,5,7582,8,0.0384506843516297,0.5733737829829265,0.5349230986312967
2021-06-22,Monterey,053,433212.0,458308,1610,210917,1033,226411,374,20357,203,28195,528,252450,725,224255,1067,0.0650836080256317,0.5827400903022077,0.5176564822765759
2021-06-22,Napa,055,140530.0,176840,384,90779,305,81088,64,4961,15,10498,108,95946,123,85448,275,0.0747029104105884,0.6827438981000498,0.6080409876894614
2021-06-22,Nevada,057,99092.0,101516,176,53594,103,45386,60,2507,13,5993,71,54821,84,48828,102,0.0604791506882493,0.5532333588988011,0.4927542082105518
2021-06-22,Orange,059,3164182.0,3539793,8003,1968713,5908,1460780,1724,109187,370,184707,3026,1910116,3395,1725409,4898,0.0583743286574539,0.6036681834357189,0.545293854778265
2021-06-22,Placer,061,380077.0,405188,896,228664,628,166665,214,9845,54,19128,269,216697,323,197569,623,0.0503266443378578,0.5701397348432028,0.519813090505345
2021-06-22,Plumas,063,18699.0,16363,35,1726,16,13613,17,983,2,736,14,8970,16,8234,21,0.039360393603936,0.4797047970479705,0.4403444034440344
2021-06-22,Riverside,065,2383286.0,2069233,6604,1150083,4640,857696,1692,60564,271,141660,2775,1132534,3049,990874,3786,0.0594389427034774,0.4751985284183266,0.4157595857148491
2021-06-22,Sacramento,067,1510023.0,1517465,4004,835829,2753,640231,1037,41239,213,86550,1555,820454,1764,733904,2427,0.0573170077541865,0.543338743846948,0.4860217360927615
2021-06-22,San Benito,069,59416.0,63893,228,34504,125,26448,62,2837,41,4385,79,35288,119,30903,148,0.0738016695839504,0.5939140972128719,0.5201124276289215
2021-06-22,San Bernardino,071,2135413.0,1703754,5904,977048,4029,673011,1646,53500,228,115233,2326,933995,2553,818762,3544,0.0539628633898922,0.4373837754101899,0.3834209120202977
2021-06-22,San Diego,073,3302833.0,3834159,11300,2022436,7546,1671383,2571,139358,1178,262959,4315,2125754,5794,1862795,6902,0.0796161961564511,0.6436153447661447,0.5639991486096936
2021-06-22,San Francisco,075,870044.0,1220894,1637,774321,1279,396769,237,49515,119,42767,564,655149,677,612382,1055,0.049154985265113,0.7530067444864857,0.7038517592213727
2021-06-22,San Joaquin,077,732212.0,668174,1965,369627,1318,276196,575,22309,72,54787,831,366981,899,312194,1104,0.074823958088641,0.5011950090957263,0.4263710510070854
2021-06-22,San Luis Obispo,079,281455.0,289165,639,146559,370,131843,235,10637,34,16657,281,157729,315,141072,354,0.0591817519674548,0.5604057486987263,0.5012239967312714
2021-06-22,San Mateo,081,765935.0,1033841,1618,628127,1318,369044,212,36240,88,44151,603,555567,690,511416,996,0.0576432726014609,0.725344839966838,0.667701567365377
2021-06-22,Santa Barbara,083,443738.0,474707,796,271939,513,182041,246,20402,33,30050,308,261813,339,231763,479,0.0677201411643807,0.5900170821520807,0.5222969409877
2021-06-22,Santa Clara,085,1922200.0,2622337,5245,1669517,4180,853830,831,95413,232,98505,1739,1402126,1970,1303621,3457,0.0512459681614816,0.7294381437935699,0.6781921756320882
2021-06-22,Santa Cruz,087,273765.0,330820,686,155985,478,166175,171,8620,37,14638,261,176502,298,161864,424,0.0534692162986503,0.6447208372143992,0.5912516209157489
2021-06-22,Shasta,089,179085.0,118611,373,51823,139,60892,82,5852,152,10269,94,67217,238,56948,276,0.0573414858865901,0.3753357344277856,0.3179942485411955
2021-06-22,Sierra,091,2930.0,2651,4,183,2,2435,2,32,0,57,2,1362,2,1305,2,0.0194539249146757,0.4648464163822525,0.4453924914675768
2021-06-22,Siskiyou,093,43540.0,32544,65,13027,25,18553,36,929,4,2274,30,17816,34,15542,35,0.0522278364722094,0.4091869545245751,0.3569591180523656
2021-06-22,Solano,095,438530.0,453780,1200,240760,903,201209,242,11776,55,38461,447,251460,501,212999,748,0.087704375983399,0.5734157298246414,0.4857113538412423
2021-06-22,Sonoma,097,501317.0,611958,1292,329551,1026,263756,173,18597,93,28839,596,328641,687,299802,685,0.0575264752641542,0.655555267425601,0.5980287921614468
2021-06-22,Stanislaus,099,539301.0,446457,1295,246495,948,184195,269,15484,78,37868,532,245793,608,207925,745,0.0702168176954984,0.4557621810454644,0.385545363349966
2021-06-22,Sutter,101,95872.0,78979,228,30525,129,44767,96,3683,3,5703,87,43958,90,38255,139,0.0594855640854472,0.45850717623498,0.3990216121495327
2021-06-22,Tehama,103,63373.0,37994,82,13348,27,23235,41,1403,14,2013,35,20658,49,18645,46,0.031764316033642,0.3259747842140975,0.2942104681804554
2021-06-22,Trinity,105,12862.0,8925,33,1398,9,7016,14,506,10,587,14,5000,24,4413,19,0.0456383144145545,0.3887420307883688,0.3431037163738143
2021-06-22,Tulare,107,460477.0,334256,776,190690,532,133550,220,9957,23,23589,355,183377,378,159788,412,0.0512273142849697,0.3982327021762216,0.3470053878912519
2021-06-22,Tuolumne,109,53932.0,46364,47,12199,13,33320,34,840,0,2045,20,24203,20,22158,26,0.037918119112957,0.4487688199955499,0.4108507008825929
2021-06-22,Ventura,111,848112.0,934854,2047,483327,1429,419045,515,32118,103,48504,752,506330,853,457826,1278,0.0571905597373931,0.5970084139830588,0.5398178542456656
2021-06-22,Yolo,113,214977.0,241322,550,116133,321,118337,211,6828,18,13406,231,130547,249,117141,318,0.0623601594589188,0.6072603115682143,0.5449001521092954
2021-06-22,Yuba,115,75493.0,47577,181,16623,77,28013,92,2925,12,3284,74,26813,85,23529,106,0.0435007219212377,0.3551720027022373,0.3116712807809995
2021-06-21,Alameda,001,1643700.0,2082972,2796,1300541,1901,678096,721,103669,171,91664,1413,1135963,1579,1044299,1356,0.0557668674332299,0.6911011741802032,0.6353343067469733
2021-06-21,Alpine,003,1148.0,1463,0,39,0,1418,0,6,0,84,0,771,0,687,0,0.073170731707317,0.671602787456446,0.5984320557491289
2021-06-21,Amador,005,37829.0,34787,48,8951,15,24789,23,1046,10,2631,15,18784,25,16153,33,0.0695498162785164,0.4965502656691956,0.4270004493906791
2021-06-21,Butte,007,227075.0,172174,278,79939,163,85507,93,6708,22,10190,127,94273,149,84083,149,0.0448750412859187,0.4151623912804139,0.3702873499944952
2021-06-21,Calaveras,009,45235.0,39590,41,16215,13,22370,22,1003,6,2027,23,20900,29,18873,18,0.044810434398143,0.4620316126892893,0.4172211782911462
2021-06-21,Colusa,011,21464.0,18025,19,3822,3,13304,15,895,1,1253,6,10055,7,8802,13,0.0583768169959001,0.4684588147595974,0.4100819977636973
2021-06-21,Contra Costa,013,1133247.0,1448852,1893,954368,1436,448356,290,45833,166,52039,994,771930,1158,719891,886,0.045920262749427,0.6811665947494235,0.6352463319999965
2021-06-21,Del Norte,015,27424.0,18257,25,6312,9,11023,10,885,6,1169,10,10081,16,8912,15,0.0426268961493582,0.3675977246207701,0.3249708284714119
2021-06-21,El Dorado,017,186661.0,184227,328,85548,169,91964,132,6693,27,9863,123,100121,149,90258,200,0.0528391040442299,0.5363787829273389,0.4835396788831089
2021-06-21,Fresno,019,978130.0,839288,1694,428921,1126,378866,499,31092,67,58988,965,462604,1031,403616,708,0.060306912169139,0.4729473587355464,0.4126404465664073
2021-06-21,Glenn,021,27897.0,21013,26,7790,18,12102,6,1102,2,1045,19,11538,21,10493,7,0.037459225006273,0.4135928594472524,0.3761336344409793
2021-06-21,Humboldt,023,135768.0,135194,162,66350,75,62524,57,6201,30,7340,58,74063,88,66723,104,0.0540628130339991,0.5455114607271228,0.4914486476931236
2021-06-21,Imperial,025,180216.0,204157,713,94975,429,95247,243,13902,41,24934,435,121043,475,96109,272,0.138356194788476,0.6716551249611578,0.5332989301726817
2021-06-21,Inyo,027,18085.0,17595,30,6290,8,10616,19,539,3,694,14,9323,17,8629,16,0.0383743433784904,0.5155100912358308,0.4771357478573403
2021-06-21,Kern,029,883053.0,624408,1286,312800,687,282700,519,28725,80,46473,688,348472,765,301999,586,0.0526276452262774,0.3946218403651876,0.3419941951389101
2021-06-21,Kings,031,150075.0,87834,197,38573,113,44701,53,4528,31,6855,110,49498,141,42643,87,0.0456771614192903,0.3298217557887722,0.2841445943694819
2021-06-21,Lake,033,64148.0,50483,68,14586,17,33646,43,2249,8,3002,30,27796,38,24794,38,0.0467980295566502,0.4333104695391906,0.3865124399825403
2021-06-21,Lassen,035,31185.0,11536,16,1503,0,9047,13,972,2,603,4,6527,6,5924,11,0.0193362193362193,0.2092993426326759,0.1899631232964566
2021-06-21,Los Angeles,037,10098052.0,10796558,19953,5779957,12235,4594994,6283,418053,1422,692679,10593,5933148,12004,5240469,9210,0.0685953092735113,0.5875537182815062,0.5189584090079948
2021-06-21,Madera,039,155013.0,117745,172,58621,82,54355,64,4693,24,7103,79,64416,103,57313,91,0.0458219633192054,0.4155522440053414,0.369730280686136
2021-06-21,Marin,041,260295.0,376316,361,235910,257,129351,49,11039,55,13417,145,199964,200,186547,215,0.0515453619931231,0.7682206726982846,0.7166753107051614
2021-06-21,Mariposa,043,17540.0,13061,11,2479,5,10060,6,500,0,2322,7,7883,7,5561,3,0.1323831242873432,0.4494298745724059,0.3170467502850627
2021-06-21,Mendocino,045,87422.0,91569,102,49283,36,39251,56,3024,10,5719,43,49962,53,44243,57,0.0654183157557594,0.5715037404772254,0.506085424721466
2021-06-21,Merced,047,269075.0,200135,345,114044,210,76545,121,8753,13,21469,209,112480,222,91011,133,0.0797881631515376,0.4180247142989873,0.3382365511474496
2021-06-21,Modoc,049,8938.0,5447,2,686,1,4416,1,335,0,248,2,3006,2,2758,0,0.0277466994853434,0.3363168494070261,0.3085701499216827
2021-06-21,Mono,051,14174.0,15492,14,8550,2,6594,9,291,3,548,3,8122,6,7574,10,0.0386623394948497,0.5730210244108932,0.5343586849160434
2021-06-21,Monterey,053,433212.0,456698,705,209884,390,226037,279,20154,36,28537,402,251725,437,223188,296,0.0658730598413709,0.5810665447863863,0.5151934849450154
2021-06-21,Napa,055,140530.0,176456,165,90474,75,81024,69,4946,21,10650,77,95823,98,85173,87,0.0757845299935956,0.6818686401480111,0.6060841101544154
2021-06-21,Nevada,057,99092.0,101340,110,53491,51,45326,51,2494,7,6011,50,54737,57,48726,58,0.0606608000645864,0.5523856618092278,0.4917248617446413
2021-06-21,Orange,059,3164182.0,3531790,6962,1962805,4779,1459056,1713,108817,464,186210,3717,1906721,4181,1720511,3209,0.0588493329397613,0.6025952363043592,0.5437459033645978
2021-06-21,Placer,061,380077.0,404292,497,228036,293,166451,166,9791,38,19428,232,216374,270,196946,264,0.051115958082178,0.5692899070451514,0.5181739489629733
2021-06-21,Plumas,063,18699.0,16328,11,1710,6,13596,4,981,1,741,6,8954,7,8213,5,0.0396277875822236,0.4788491363174501,0.4392213487352265
2021-06-21,Riverside,065,2383286.0,2062629,4480,1145443,2964,856004,1224,60293,290,142397,2296,1129485,2585,987088,2153,0.0597481796141965,0.4739192023114305,0.414171022697234
2021-06-21,Sacramento,067,1510023.0,1513461,2620,833076,1384,639194,1068,41026,167,87213,1260,818690,1425,731477,1344,0.0577560739141059,0.5421705497201036,0.4844144758059976
2021-06-21,San Benito,069,59416.0,63665,118,34379,87,26386,15,2796,16,4414,61,35169,76,30755,56,0.0742897536017234,0.5919112696916655,0.5176215160899421
2021-06-21,San Bernardino,071,2135413.0,1697850,3712,973019,2401,671365,1067,53272,243,116224,2020,931442,2258,815218,1668,0.05442694223553,0.4361882221378253,0.3817612799022952
2021-06-21,San Diego,073,3302833.0,3822859,9301,2014890,5267,1668812,2422,138180,1612,264067,3839,2119960,5658,1855893,5379,0.0799516657366569,0.6418610931887867,0.5619094274521297
2021-06-21,San Francisco,075,870044.0,1219257,1192,773042,875,396532,197,49396,117,43145,609,654472,723,611327,564,0.0495894460510043,0.7522286229202201,0.7026391768692158
2021-06-21,San Joaquin,077,732212.0,666209,1638,368309,979,275621,548,22237,110,54992,804,366082,910,311090,817,0.0751039316482111,0.4999672226076601,0.4248632909594489
2021-06-21,San Luis Obispo,079,281455.0,288526,364,146189,229,131608,105,10603,30,16696,158,157414,188,140718,205,0.0593203176351459,0.5592865644596827,0.4999662468245368
2021-06-21,San Mateo,081,765935.0,1032223,1287,626809,972,368832,243,36152,72,44457,598,554877,670,510420,676,0.0580427843093735,0.7244439802333096,0.6664011959239361
2021-06-21,Santa Barbara,083,443738.0,473911,549,271426,281,181795,214,20369,53,30190,286,261474,339,231284,259,0.0680356426539985,0.589253117830792,0.5212174751767935
2021-06-21,Santa Clara,085,1922200.0,2617092,3849,1665337,2886,852999,720,95181,239,99992,1858,1400156,2093,1300164,1947,0.0520195609197794,0.7284132764540631,0.6763937155342836
2021-06-21,Santa Cruz,087,273765.0,330134,349,155507,244,166004,83,8583,22,14764,179,176204,200,161440,170,0.0539294650521432,0.6436323123847095,0.5897028473325663
2021-06-21,Shasta,089,179085.0,118238,201,51684,64,60810,110,5700,27,10307,79,66979,106,56672,122,0.0575536756288913,0.3740067565681101,0.3164530809392188
2021-06-21,Sierra,091,2930.0,2647,1,181,0,2433,1,32,0,57,0,1360,0,1303,1,0.0194539249146757,0.4641638225255973,0.4447098976109215
2021-06-21,Siskiyou,093,43540.0,32479,38,13002,4,18517,32,925,2,2275,6,17782,8,15507,32,0.0522508038585209,0.4084060633899862,0.3561552595314653
2021-06-21,Solano,095,438530.0,452580,672,239857,436,200967,171,11721,65,38708,423,250959,488,212251,247,0.0882676213713999,0.572273276628737,0.484005655257337
2021-06-21,Sonoma,097,501317.0,610666,554,328525,320,263583,156,18504,78,28837,259,327954,337,299117,278,0.0575224857724753,0.6541848770338927,0.5966623912614174
2021-06-21,Stanislaus,099,539301.0,445162,1049,245547,625,183926,287,15406,137,38005,524,245185,663,207180,510,0.0704708502302054,0.4546347957819474,0.384163945551742
2021-06-21,Sutter,101,95872.0,78751,114,30396,53,44671,49,3680,12,5752,50,43868,62,38116,61,0.0599966622162883,0.4575684245660881,0.3975717623497997
2021-06-21,Tehama,103,63373.0,37912,73,13321,22,23194,42,1389,9,2010,25,20609,34,18599,48,0.0317169772616098,0.325201584270904,0.2934846070092942
2021-06-21,Trinity,105,12862.0,8892,9,1389,6,7002,1,496,2,582,5,4976,7,4394,3,0.0452495723837661,0.3868760690405847,0.3416264966568185
2021-06-21,Tulare,107,460477.0,333480,541,190158,351,133330,155,9934,35,23623,315,182999,348,159376,225,0.0513011507632303,0.3974118142708539,0.3461106635076236
2021-06-21,Tuolumne,109,53932.0,46317,41,12186,4,33286,36,840,1,2051,20,24183,21,22132,21,0.0380293703181784,0.448397982644812,0.4103686123266335
2021-06-21,Ventura,111,848112.0,932807,1744,481898,1109,418530,513,32015,122,48929,859,505477,980,456548,875,0.0576916727979323,0.5960026505933179,0.5383109777953855
2021-06-21,Yolo,113,214977.0,240772,217,115812,95,118126,102,6810,20,13475,122,130298,142,116823,94,0.0626811240272215,0.6061020481260786,0.5434209240988571
2021-06-21,Yuba,115,75493.0,47396,93,16546,42,27921,42,2913,9,3305,49,26728,58,23423,42,0.0437788934073357,0.3540460704966023,0.3102671770892665
2021-06-20,Alameda,001,1643700.0,2080176,1467,1298640,1225,677375,194,103498,45,91441,544,1134384,588,1042943,906,0.0556311979071606,0.690140536594269,0.6345093386871083
2021-06-20,Alpine,003,1148.0,1463,0,39,0,1418,0,6,0,84,0,771,0,687,0,0.073170731707317,0.671602787456446,0.5984320557491289
2021-06-20,Amador,005,37829.0,34739,8,8936,6,24766,1,1036,1,2639,3,18759,4,16120,5,0.0697612942451558,0.4958893970234476,0.4261281027782918
2021-06-20,Butte,007,227075.0,171896,95,79776,70,85414,25,6686,0,10190,24,94124,25,83934,70,0.0448750412859187,0.4145062204117582,0.3696311791258395
2021-06-20,Calaveras,009,45235.0,39549,6,16202,3,22348,2,997,1,2016,2,20871,3,18855,4,0.0445672598651486,0.4613905161932132,0.4168232563280645
2021-06-20,Colusa,011,21464.0,18006,9,3819,6,13289,3,894,0,1259,7,10048,7,8789,2,0.0586563548266865,0.4681326872903466,0.4094763324636601
2021-06-20,Contra Costa,013,1133247.0,1446959,827,952932,693,448066,104,45667,29,51767,340,770772,367,719005,482,0.0456802444656813,0.6801447522031825,0.6344645077375012
2021-06-20,Del Norte,015,27424.0,18232,15,6303,10,11013,4,879,1,1168,9,10065,10,8897,6,0.0425904317386231,0.3670142940490081,0.324423862310385
2021-06-20,El Dorado,017,186661.0,183899,128,85379,92,91832,30,6666,6,9914,54,99972,60,90058,73,0.053112326624201,0.5355805444093839,0.4824682177851828
2021-06-20,Fresno,019,978130.0,837594,514,427795,361,378367,142,31025,11,58665,201,461573,212,402908,307,0.0599766902150021,0.471893306615685,0.4119166164006829
2021-06-20,Glenn,021,27897.0,20987,15,7772,11,12096,4,1100,0,1031,4,11517,4,10486,11,0.036957378929634,0.4128400903322938,0.3758827114026598
2021-06-20,Humboldt,023,135768.0,135032,82,66275,39,62467,29,6171,14,7356,31,73975,45,66619,48,0.0541806611278062,0.5448632962111838,0.4906826350833775
2021-06-20,Imperial,025,180216.0,203444,73,94546,35,95004,34,13861,4,24731,28,120568,32,95837,44,0.137229768721978,0.66901939894349,0.5317896302215119
2021-06-20,Inyo,027,18085.0,17565,0,6282,0,10597,0,536,0,693,0,9306,0,8613,0,0.0383190489355819,0.5145700857063865,0.4762510367708045
2021-06-20,Kern,029,883053.0,623122,752,312113,624,282181,107,28645,21,46294,297,347707,318,301413,454,0.0524249393864241,0.393755527697658,0.3413305883112338
2021-06-20,Kings,031,150075.0,87637,84,38460,69,44648,9,4497,6,6801,28,49357,34,42556,56,0.0453173413293353,0.3288822255538897,0.2835648842245544
2021-06-20,Lake,033,64148.0,50415,21,14569,7,33603,12,2241,2,3002,10,27758,12,24756,11,0.0467980295566502,0.4327180894182204,0.3859200598615701
2021-06-20,Lassen,035,31185.0,11520,5,1503,2,9034,3,970,0,608,5,6521,5,5913,0,0.0194965528298861,0.2091069424402757,0.1896103896103896
2021-06-20,Los Angeles,037,10098052.0,10776605,8755,5767722,6152,4588711,2092,416631,508,689885,3139,5921144,3648,5231259,5519,0.0683186222451617,0.5863649741554113,0.5180463519102496
2021-06-20,Madera,039,155013.0,117573,60,58539,49,54291,3,4669,8,7091,27,64313,35,57222,33,0.0457445504570584,0.414887783605246,0.3691432331481876
2021-06-20,Marin,041,260295.0,375955,118,235653,92,129302,15,10984,11,13432,46,199764,57,186332,72,0.0516029889164217,0.7674523137209704,0.7158493248045487
2021-06-20,Mariposa,043,17540.0,13050,2,2474,1,10054,1,500,0,2318,1,7876,1,5558,1,0.1321550741163056,0.4490307867730901,0.3168757126567845
2021-06-20,Mendocino,045,87422.0,91467,14,49247,6,39195,4,3014,4,5723,8,49909,12,44186,6,0.0654640708288531,0.5708974857587334,0.5054334149298804
2021-06-20,Merced,047,269075.0,199790,259,113834,198,76424,51,8740,9,21380,147,112258,156,90878,109,0.0794574003530614,0.4171996655207656,0.3377422651677041
2021-06-20,Modoc,049,8938.0,5445,0,685,0,4415,0,335,0,246,0,3004,0,2758,0,0.0275229357798165,0.3360930857014992,0.3085701499216827
2021-06-20,Mono,051,14174.0,15478,1,8548,0,6585,1,288,0,552,0,8116,0,7564,1,0.0389445463524763,0.5725977141244533,0.5336531677719769
2021-06-20,Monterey,053,433212.0,455993,251,209494,171,225758,71,20118,9,28396,86,251288,95,222892,165,0.0655475840927767,0.5800578007996086,0.5145102167068317
2021-06-20,Napa,055,140530.0,176291,55,90399,42,80955,10,4925,3,10639,19,95725,22,85086,36,0.0757062548921938,0.6811712801537039,0.60546502526151
2021-06-20,Nevada,057,99092.0,101230,31,53440,22,45275,8,2487,1,6012,9,54680,10,48668,21,0.0606708916966051,0.5518104387841601,0.491139547087555
2021-06-20,Orange,059,3164182.0,3524828,3171,1958026,2448,1457343,624,108353,99,185238,1068,1902540,1167,1717302,2085,0.0585421445416224,0.6012738837399366,0.5427317391983141
2021-06-20,Placer,061,380077.0,403795,290,227743,238,166285,45,9753,7,19422,111,216104,117,196682,179,0.0511001718072916,0.5685795246752632,0.5174793528679715
2021-06-20,Plumas,063,18699.0,16317,4,1704,1,13592,1,980,1,739,1,8947,2,8208,1,0.0395208299909086,0.4784747847478475,0.4389539547569389
2021-06-20,Riverside,065,2383286.0,2058149,1555,1142479,1176,854780,337,60003,41,141965,591,1126900,634,984935,955,0.0595669172730423,0.4728345653857741,0.4132676481127317
2021-06-20,Sacramento,067,1510023.0,1510841,1328,831692,992,638126,303,40859,33,87132,612,817265,644,730133,697,0.0577024323470569,0.5412268554849827,0.4835244231379257
2021-06-20,San Benito,069,59416.0,63547,39,34292,37,26371,2,2780,0,4394,18,35093,18,30699,21,0.0739531439342938,0.5906321529554329,0.5166790090211391
2021-06-20,San Bernardino,071,2135413.0,1694138,1497,970618,1148,670298,288,53029,61,115634,597,929184,658,813550,891,0.0541506490781876,0.4351308154441319,0.3809801663659442
2021-06-20,San Diego,073,3302833.0,3813558,3139,2009623,2251,1666390,656,136568,231,263788,1100,2114302,1436,1850514,1991,0.079867192800847,0.6401480183830064,0.5602808255821593
2021-06-20,San Francisco,075,870044.0,1218065,643,772167,550,396335,60,49279,33,42986,264,653749,298,610763,371,0.0494066966728119,0.7513976304646661,0.7019909337918542
2021-06-20,San Joaquin,077,732212.0,664571,687,367330,541,275073,118,22127,28,54899,305,365172,332,310273,371,0.0749769192528939,0.4987244131481047,0.4237474938952106
2021-06-20,San Luis Obispo,079,281455.0,288162,116,145960,75,131503,33,10573,8,16713,46,157226,54,140513,68,0.0593807180543959,0.5586186068820949,0.4992378888276989
2021-06-20,San Mateo,081,765935.0,1030936,782,625837,709,368589,61,36080,11,44463,288,554207,299,509744,460,0.0580506178722737,0.7235692323761155,0.6655186145038418
2021-06-20,Santa Barbara,083,443738.0,473362,389,271145,223,181581,155,20316,10,30110,159,261135,168,231025,228,0.0678553560885026,0.5884891535095034,0.5206337974210007
2021-06-20,Santa Clara,085,1922200.0,2613243,2214,1662451,1815,852279,331,94942,66,99846,679,1398063,745,1298217,1507,0.0519436062844657,0.7273244199354906,0.6753808136510249
2021-06-20,Santa Cruz,087,273765.0,329785,163,155263,113,165921,31,8561,18,14734,68,176004,86,161270,95,0.0538198820155973,0.6429017588077366,0.5890818767921392
2021-06-20,Shasta,089,179085.0,118037,62,51620,39,60700,18,5673,5,10323,22,66873,27,56550,40,0.0576430186782812,0.3734148588659016,0.3157718401876204
2021-06-20,Sierra,091,2930.0,2646,0,181,0,2432,0,32,0,58,0,1360,0,1302,0,0.0197952218430034,0.4641638225255973,0.4443686006825939
2021-06-20,Siskiyou,093,43540.0,32441,3,12998,2,18485,0,923,1,2299,2,17774,3,15475,1,0.0528020211299954,0.4082223242994947,0.3554203031694993
2021-06-20,Solano,095,438530.0,451908,181,239421,140,200796,35,11656,6,38467,84,250471,90,212004,97,0.0877180580576015,0.5711604679269378,0.4834424098693362
2021-06-20,Sonoma,097,501317.0,610112,253,328205,208,263427,38,18426,6,28778,86,327617,92,298839,163,0.0574047957679472,0.653512647685995,0.5961078519180478
2021-06-20,Stanislaus,099,539301.0,444113,356,244922,257,183639,93,15269,6,37852,160,244522,165,206670,189,0.0701871496622479,0.4534054266541319,0.3832182769918839
2021-06-20,Sutter,101,95872.0,78637,69,30343,48,44622,19,3668,2,5751,28,43806,30,38055,41,0.0599862316421895,0.4569217289719626,0.396935497329773
2021-06-20,Tehama,103,63373.0,37839,15,13299,5,23152,9,1380,1,2024,6,20575,7,18551,9,0.0319378915310936,0.3246650781878718,0.2927271866567781
2021-06-20,Trinity,105,12862.0,8883,3,1383,3,7001,0,494,0,578,3,4969,3,4391,0,0.0449385787591354,0.3863318301974809,0.3413932514383455
2021-06-20,Tulare,107,460477.0,332939,259,189807,194,133175,56,9899,9,23500,81,182651,91,159151,176,0.051034036444817,0.3966560761992456,0.3456220397544285
2021-06-20,Tuolumne,109,53932.0,46276,12,12182,2,33250,10,839,0,2051,6,24162,6,22111,6,0.0380293703181784,0.4480086034265371,0.4099792331083586
2021-06-20,Ventura,111,848112.0,931063,700,480789,541,418017,115,31893,44,48824,261,504497,304,455673,432,0.0575678683947403,0.5948471428301922,0.5372792744354519
2021-06-20,Yolo,113,214977.0,240555,123,115717,75,118024,41,6790,7,13427,67,130156,73,116729,52,0.0624578443275327,0.6054415123478326,0.5429836680202998
2021-06-20,Yuba,115,75493.0,47303,34,16504,19,27879,12,2904,3,3289,14,26670,17,23381,20,0.0435669532274515,0.353277787344522,0.3097108341170704
2021-06-19,Alameda,001,1643700.0,2078709,3532,1297415,2673,677181,696,103453,159,91759,1075,1133796,1235,1042037,2438,0.0558246638681024,0.6897828070815842,0.6339581432134818
2021-06-19,Alpine,003,1148.0,1463,0,39,0,1418,0,6,0,84,0,771,0,687,0,0.073170731707317,0.671602787456446,0.5984320557491289
2021-06-19,Amador,005,37829.0,34731,30,8930,9,24765,13,1035,8,2640,10,18755,18,16115,20,0.0697877289909857,0.4957836580401279,0.4259959290491422
2021-06-19,Butte,007,227075.0,171801,208,79706,154,85389,49,6686,5,10235,93,94099,98,83864,115,0.0450732136959154,0.4143961246284267,0.3693229109325113
2021-06-19,Calaveras,009,45235.0,39543,67,16199,23,22346,27,996,17,2017,21,20868,38,18851,44,0.0445893666408754,0.4613241958660329,0.4167348292251575
2021-06-19,Colusa,011,21464.0,17997,28,3813,22,13286,5,894,1,1254,8,10041,9,8787,20,0.0584234066343645,0.4678065598210958,0.4093831531867313
2021-06-19,Contra Costa,013,1133247.0,1446132,2124,952239,1775,447962,240,45638,109,51882,593,770405,702,718523,1528,0.0457817227841768,0.679820904004158,0.6340391812199812
2021-06-19,Del Norte,015,27424.0,18217,11,6293,0,11009,7,878,4,1164,3,10055,7,8891,8,0.0424445740956826,0.3666496499416569,0.3242050758459743
2021-06-19,El Dorado,017,186661.0,183771,256,85287,154,91802,87,6660,15,9927,92,99912,107,89985,163,0.0531819715955662,0.535259106080006,0.4820771344844397
2021-06-19,Fresno,019,978130.0,837080,1738,427434,1284,378225,377,31014,77,58760,593,461361,668,402601,1137,0.06007381431916,0.4716765665095642,0.4116027521904041
2021-06-19,Glenn,021,27897.0,20972,43,7761,21,12092,22,1100,0,1038,24,11513,24,10475,19,0.0372083019679535,0.4126967057389683,0.3754884037710148
2021-06-19,Humboldt,023,135768.0,134950,207,66236,139,62438,47,6157,21,7359,86,73930,106,66571,120,0.054202757645395,0.5445318484473514,0.4903290908019563
2021-06-19,Imperial,025,180216.0,203371,369,94511,234,94970,118,13857,17,24743,182,120536,199,95793,184,0.1372963554845296,0.6688418342433524,0.5315454787588227
2021-06-19,Inyo,027,18085.0,17565,21,6282,7,10597,13,536,1,693,7,9306,8,8613,13,0.0383190489355819,0.5145700857063865,0.4762510367708045
2021-06-19,Kern,029,883053.0,622370,1266,311489,907,282074,321,28624,37,46430,539,347389,575,300959,718,0.0525789505273182,0.393395413412332,0.3408164628850137
2021-06-19,Kings,031,150075.0,87553,111,38391,77,44639,29,4491,5,6823,46,49323,51,42500,65,0.045463934699317,0.328655672163918,0.283191737464601
2021-06-19,Lake,033,64148.0,50394,68,14562,27,33591,41,2239,0,3001,35,27746,35,24745,33,0.0467824406060983,0.4325310220115981,0.3857485814054998
2021-06-19,Lassen,035,31185.0,11515,12,1501,1,9031,10,970,1,603,5,6516,6,5913,7,0.0193362193362193,0.2089466089466089,0.1896103896103896
2021-06-19,Los Angeles,037,10098052.0,10767850,23358,5761570,15812,4586619,6137,416123,1400,691756,8893,5917496,10277,5225740,14293,0.0685039055057351,0.5860037163603435,0.5174998108546084
2021-06-19,Madera,039,155013.0,117513,259,58490,208,54288,41,4661,10,7089,84,64278,94,57189,175,0.0457316483133672,0.4146619960906504,0.3689303477772832
2021-06-19,Marin,041,260295.0,375837,381,235561,307,129287,37,10973,37,13447,152,199707,187,186260,228,0.0516606158397203,0.7672333314124359,0.7155727155727156
2021-06-19,Mariposa,043,17540.0,13048,17,2473,5,10053,12,500,0,2318,4,7875,4,5557,13,0.1321550741163056,0.4489737742303307,0.3168187001140251
2021-06-19,Mendocino,045,87422.0,91453,77,49241,44,39191,26,3010,7,5717,18,49897,25,44180,59,0.0653954382192125,0.5707602205394523,0.5053647823202397
2021-06-19,Merced,047,269075.0,199531,382,113636,258,76373,96,8731,28,21333,204,112102,232,90769,173,0.0792827278639784,0.4166199015144476,0.3373371736504692
2021-06-19,Modoc,049,8938.0,5445,3,685,0,4415,1,335,2,246,1,3004,3,2758,2,0.0275229357798165,0.3360930857014992,0.3085701499216827
2021-06-19,Mono,051,14174.0,15477,3,8548,2,6584,1,288,0,553,3,8116,3,7563,0,0.039015098066883,0.5725977141244533,0.5335826160575702
2021-06-19,Monterey,053,433212.0,455742,1355,209323,1050,225687,269,20109,33,28466,499,251193,532,222727,846,0.0657091677977526,0.5798385086285699,0.5141293408308173
2021-06-19,Napa,055,140530.0,176236,110,90357,77,80945,23,4922,10,10653,46,95703,56,85050,63,0.0758058777485234,0.6810147299509002,0.6052088522023767
2021-06-19,Nevada,057,99092.0,101199,70,53418,33,45267,31,2486,6,6023,29,54670,35,48647,41,0.0607818996488112,0.5517095224639729,0.4909276228151616
2021-06-19,Orange,059,3164182.0,3521657,6496,1955578,4819,1456719,1424,108254,253,186156,2651,1901373,2907,1715217,3798,0.0588322669176425,0.6009050680397019,0.5420728011220594
2021-06-19,Placer,061,380077.0,403505,630,227505,454,166240,142,9746,34,19484,242,215987,275,196503,385,0.0512632966477845,0.5682716923149783,0.5170083956671937
2021-06-19,Plumas,063,18699.0,16313,11,1703,4,13591,7,979,0,738,3,8945,3,8207,8,0.039467351195251,0.4783678271565324,0.4389004759612813
2021-06-19,Riverside,065,2383286.0,2056594,4424,1141303,3382,854443,882,59962,158,142286,1841,1126266,2003,983980,2550,0.0597016052626499,0.4725685461165802,0.4128669408539302
2021-06-19,Sacramento,067,1510023.0,1509513,3471,830700,2361,637823,961,40826,148,87185,1242,816621,1390,729436,2213,0.0577375311501877,0.5408003719148649,0.4830628407646771
2021-06-19,San Benito,069,59416.0,63508,118,34255,112,26369,6,2780,0,4397,49,35075,49,30678,69,0.0740036353844082,0.5903292042547462,0.516325568870338
2021-06-19,San Bernardino,071,2135413.0,1692641,4183,969470,3123,670010,919,52968,140,115867,1783,928526,1922,812659,2379,0.0542597614606635,0.4348226783296721,0.3805629168690085
2021-06-19,San Diego,073,3302833.0,3810419,7626,2007372,5592,1665734,1535,136337,498,264343,2657,2112866,3400,1848523,4878,0.0800352303613292,0.6397132401184075,0.5596780097570783
2021-06-19,San Francisco,075,870044.0,1217422,1461,771617,1219,396275,123,49246,117,43059,444,653451,557,610392,997,0.0494906004753782,0.7510551190514503,0.701564518576072
2021-06-19,San Joaquin,077,732212.0,663884,1436,366789,908,274955,265,22099,263,54938,498,364840,761,309902,921,0.0750301825154463,0.498270992554069,0.4232408100386227
2021-06-19,San Luis Obispo,079,281455.0,288046,278,145885,159,131470,103,10565,16,16727,105,157172,121,140445,170,0.0594304595761311,0.5584267467268302,0.498996287150699
2021-06-19,San Mateo,081,765935.0,1030154,1832,625128,1605,368528,167,36069,59,44624,607,553908,664,509284,1157,0.0582608184767637,0.7231788598249199,0.6649180413481561
2021-06-19,Santa Barbara,083,443738.0,472973,559,270922,373,181426,153,20306,32,30170,255,260967,287,230797,299,0.0679905710126245,0.588110551721962,0.5201199807093375
2021-06-19,Santa Clara,085,1922200.0,2611029,4701,1660636,3768,851948,721,94876,207,100608,1335,1397318,1538,1296710,3318,0.0523400270523358,0.7269368432004994,0.6745968161481636
2021-06-19,Santa Cruz,087,273765.0,329622,343,155150,269,165890,64,8543,10,14743,120,175918,130,161175,220,0.0538527569265611,0.6425876207696382,0.588734863843077
2021-06-19,Shasta,089,179085.0,117975,122,51581,78,60682,40,5668,4,10336,53,66846,57,56510,68,0.0577156099059106,0.3732640924700561,0.3155484825641455
2021-06-19,Sierra,091,2930.0,2646,0,181,0,2432,0,32,0,58,0,1360,0,1302,0,0.0197952218430034,0.4641638225255973,0.4443686006825939
2021-06-19,Siskiyou,093,43540.0,32438,26,12996,17,18485,9,922,0,2297,12,17771,12,15474,14,0.0527560863573725,0.4081534221405604,0.3553973357831879
2021-06-19,Solano,095,438530.0,451727,431,239281,301,200761,102,11650,28,38474,163,250381,191,211907,267,0.0877340204775043,0.570955236813901,0.4832212163363966
2021-06-19,Sonoma,097,501317.0,609859,856,327997,708,263389,109,18420,39,28849,274,327525,312,298676,578,0.0575464227225488,0.6533291310687649,0.595782708346216
2021-06-19,Stanislaus,099,539301.0,443757,905,244665,669,183546,192,15263,43,37876,385,244357,429,206481,513,0.0702316517121236,0.4530994750612366,0.382867823349113
2021-06-19,Sutter,101,95872.0,78568,215,30295,144,44603,67,3666,4,5762,63,43776,67,38014,151,0.0601009679572763,0.4566088117489986,0.3965078437917222
2021-06-19,Tehama,103,63373.0,37824,42,13294,15,23143,22,1379,5,2026,18,20568,23,18542,24,0.0319694507124485,0.3245546210531299,0.2925851703406814
2021-06-19,Trinity,105,12862.0,8880,15,1380,9,7001,3,494,3,575,4,4966,7,4391,11,0.0447053335406624,0.3860985849790079,0.3413932514383455
2021-06-19,Tulare,107,460477.0,332680,861,189613,687,133119,160,9890,14,23585,385,182560,399,158975,474,0.0512186276404684,0.3964584550368422,0.3452398273963737
2021-06-19,Tuolumne,109,53932.0,46264,26,12180,9,33240,14,839,3,2051,10,24156,13,22105,15,0.0380293703181784,0.4478973522213157,0.4098679819031373
2021-06-19,Ventura,111,848112.0,930363,1440,480248,1118,417902,295,31849,27,48952,534,504193,561,455241,898,0.0577187918576791,0.5944886996057125,0.5367699077480332
2021-06-19,Yolo,113,214977.0,240432,340,115642,217,117983,104,6783,19,13406,124,130083,143,116677,213,0.0623601594589188,0.6051019411378892,0.5427417816789704
2021-06-19,Yuba,115,75493.0,47269,138,16485,69,27867,62,2901,7,3292,35,26653,42,23361,102,0.0436066920111798,0.353052600903395,0.3094459088922152
2021-06-18,Alameda,001,1643700.0,2075177,6124,1294742,4624,676485,1238,103294,260,92962,2021,1132561,2277,1039599,4062,0.0565565492486463,0.6890314534282411,0.6324749041795948
2021-06-18,Alpine,003,1148.0,1463,2,39,2,1418,0,6,0,84,0,771,0,687,2,0.073170731707317,0.671602787456446,0.5984320557491289
2021-06-18,Amador,005,37829.0,34701,159,8921,121,24752,31,1027,7,2642,51,18737,58,16095,107,0.0698405984826456,0.4953078326151894,0.4254672341325438
2021-06-18,Butte,007,227075.0,171593,420,79552,208,85340,155,6681,57,10252,159,94001,212,83749,257,0.0451480788285808,0.4139645491577672,0.3688164703291864
2021-06-18,Calaveras,009,45235.0,39476,65,16176,42,22319,18,979,5,2023,28,20830,32,18807,36,0.0447220072952359,0.460484138388416,0.41576213109318
2021-06-18,Colusa,011,21464.0,17969,71,3791,33,13281,32,893,6,1265,27,10032,33,8767,44,0.0589358926574729,0.4673872530749161,0.4084513604174432
2021-06-18,Contra Costa,013,1133247.0,1444008,3801,950464,3126,447722,481,45529,193,52708,1332,769703,1523,716995,2453,0.0465106018370222,0.6792014450512553,0.6326908432142331
2021-06-18,Del Norte,015,27424.0,18206,51,6293,25,11002,21,874,5,1165,20,10048,25,8883,31,0.0424810385064177,0.3663943990665111,0.3239133605600933
2021-06-18,El Dorado,017,186661.0,183515,419,85133,270,91715,112,6645,37,9983,120,99805,157,89822,299,0.0534819807029856,0.5346858743926155,0.4812038936896298
2021-06-18,Fresno,019,978130.0,835342,3143,426150,2249,377848,766,30937,121,59229,1230,460693,1351,401464,1884,0.0605533006860028,0.4709936307034852,0.4104403300174823
2021-06-18,Glenn,021,27897.0,20929,83,7740,45,12070,17,1100,21,1033,28,11489,49,10456,55,0.0370290712262967,0.4118363981790157,0.3748073269527189
2021-06-18,Humboldt,023,135768.0,134743,434,66097,242,62391,152,6136,40,7373,149,73824,188,66451,280,0.0543058747274762,0.5437511048258794,0.4894452300984032
2021-06-18,Imperial,025,180216.0,203002,1249,94277,869,94852,306,13840,73,24728,739,120337,811,95609,495,0.1372131220313401,0.6677376037643716,0.5305244817330315
2021-06-18,Inyo,027,18085.0,17544,13,6275,5,10584,5,535,3,698,2,9298,5,8600,11,0.0385955211501244,0.5141277301631186,0.4755322090129942
2021-06-18,Kern,029,883053.0,621104,2313,310582,1461,281753,726,28587,122,46573,965,346814,1086,300241,1329,0.052740888712229,0.3927442633681104,0.3400033746558814
2021-06-18,Kings,031,150075.0,87442,266,38314,184,44610,72,4486,10,6837,117,49272,127,42435,149,0.0455572213893053,0.3283158420789605,0.2827586206896552
2021-06-18,Lake,033,64148.0,50326,149,14535,44,33550,96,2239,9,2999,61,27711,70,24712,88,0.0467512627049946,0.4319854087422834,0.3852341460372888
2021-06-18,Lassen,035,31185.0,11503,45,1500,18,9021,19,969,8,604,10,6510,18,5906,35,0.0193682860349527,0.2087542087542087,0.189385922719256
2021-06-18,Los Angeles,037,10098052.0,10744492,36593,5745758,25120,4580482,9429,414723,2024,695772,13000,5907219,14998,5211447,23348,0.0689016059731124,0.5849859953187011,0.5160843893455886
2021-06-18,Madera,039,155013.0,117254,292,58282,186,54247,82,4651,24,7170,129,64184,152,57014,160,0.0462541851328598,0.4140555953371653,0.3678014102043054
2021-06-18,Marin,041,260295.0,375456,514,235254,394,129250,81,10936,39,13488,185,199520,224,186032,325,0.0518181294300697,0.7665149157686472,0.7146967863385774
2021-06-18,Mariposa,043,17540.0,13031,68,2468,50,10041,15,500,3,2327,31,7871,33,5544,36,0.1326681870011402,0.448745724059293,0.3160775370581528
2021-06-18,Mendocino,045,87422.0,91376,297,49197,131,39165,136,3003,30,5751,91,49872,120,44121,204,0.0657843563405092,0.5704742513326165,0.5046898949921073
2021-06-18,Merced,047,269075.0,199149,841,113378,557,76277,251,8703,32,21274,408,111870,439,90596,414,0.0790634581436402,0.4157576883768466,0.3366942302332064
2021-06-18,Modoc,049,8938.0,5442,4,685,0,4414,2,333,2,245,2,3001,4,2756,2,0.027411053927053,0.3357574401432088,0.3083463862161557
2021-06-18,Mono,051,14174.0,15474,6,8546,3,6583,2,288,1,550,3,8113,4,7563,3,0.038803442923663,0.5723860589812333,0.5335826160575702
2021-06-18,Monterey,053,433212.0,454387,1304,208273,794,225418,478,20076,32,28780,566,250661,598,221881,731,0.0664339861315014,0.5786104724707534,0.512176486339252
2021-06-18,Napa,055,140530.0,176126,289,90280,189,80922,89,4912,11,10660,94,95647,107,84987,193,0.0758556891766882,0.6806162385255817,0.6047605493488935
2021-06-18,Nevada,057,99092.0,101129,234,53385,156,45236,57,2480,19,6029,74,54635,93,48606,156,0.0608424494409235,0.5513563153433173,0.4905138659023937
2021-06-18,Orange,059,3164182.0,3515161,11560,1950759,8409,1455295,2637,108001,512,187047,3944,1898466,4452,1711419,7540,0.0591138562826032,0.5999863471823049,0.5408724908997017
2021-06-18,Placer,061,380077.0,402875,1176,227051,782,166098,300,9712,94,19594,384,215712,474,196118,786,0.0515527116873686,0.567548154716018,0.5159954430286494
2021-06-18,Plumas,063,18699.0,16302,40,1699,17,13584,15,979,8,743,14,8942,21,8199,26,0.0397347451735386,0.4782073907695598,0.4384726455960211
2021-06-18,Riverside,065,2383286.0,2052170,8559,1137921,6169,853561,2088,59804,297,142833,3451,1124263,3747,981430,5054,0.0599311203103614,0.4717281098449787,0.4117969895346173
2021-06-18,Sacramento,067,1510023.0,1506042,5395,828339,3595,636862,1555,40678,245,88008,1841,815231,2089,727223,3532,0.0582825559610681,0.5398798561346416,0.4815973001735735
2021-06-18,San Benito,069,59416.0,63390,170,34143,108,26363,55,2780,7,4417,70,35026,77,30609,99,0.0743402450518379,0.5895045105695436,0.5151642655177057
2021-06-18,San Bernardino,071,2135413.0,1688458,7163,966347,4818,669091,2095,52828,250,116324,2676,926604,2922,810280,4449,0.0544737715842321,0.4339226182476177,0.3794488466633854
2021-06-18,San Diego,073,3302833.0,3802793,14322,2001780,8779,1664199,3619,135839,1924,265821,4312,2109466,6536,1843645,9915,0.0804827249818564,0.6386838208289671,0.5582010958471106
2021-06-18,San Francisco,075,870044.0,1215961,2389,770398,1764,396152,446,49129,177,43499,753,652894,925,609395,1614,0.0499963220250929,0.7504149215441978,0.7004185995191048
2021-06-18,San Joaquin,077,732212.0,662448,2898,365881,1956,274690,867,21836,75,55098,1137,364079,1211,308981,1726,0.0752486984643791,0.4972316760719573,0.4219829776075781
2021-06-18,San Luis Obispo,079,281455.0,287768,811,145726,516,131367,246,10549,49,16776,271,157051,321,140275,537,0.0596045549022046,0.557996837860404,0.4983922829581994
2021-06-18,San Mateo,081,765935.0,1028322,2179,623523,1808,368361,289,36010,80,45117,607,553244,683,508127,1551,0.0589044762284005,0.7223119455306259,0.6634074693022254
2021-06-18,Santa Barbara,083,443738.0,472414,1124,270549,731,181273,294,20274,99,30182,365,260680,464,230498,755,0.0680176139974489,0.5874637736682456,0.5194461596707968
2021-06-18,Santa Clara,085,1922200.0,2606328,5662,1656868,4554,851227,918,94669,185,102388,1854,1395780,2039,1293392,3721,0.0532660493184892,0.7261367183435646,0.6728706690250754
2021-06-18,Santa Cruz,087,273765.0,329279,646,154881,398,165826,219,8533,29,14833,283,175788,311,160955,361,0.0541815060361989,0.6421127609446058,0.5879312549084068
2021-06-18,Shasta,089,179085.0,117853,369,51503,225,60642,124,5664,20,10347,153,66789,173,56442,214,0.0577770332523661,0.3729458078566044,0.3151687746042382
2021-06-18,Sierra,091,2930.0,2646,2,181,1,2432,0,32,1,58,0,1360,1,1302,2,0.0197952218430034,0.4641638225255973,0.4443686006825939
2021-06-18,Siskiyou,093,43540.0,32412,104,12979,68,18476,27,922,9,2299,22,17759,31,15460,82,0.0528020211299954,0.4078778135048231,0.3550757923748277
2021-06-18,Solano,095,438530.0,451296,1363,238980,1055,200659,242,11622,66,38550,494,250190,559,211640,866,0.0879073267507354,0.570519690785123,0.4826123640343876
2021-06-18,Sonoma,097,501317.0,609003,1120,327289,802,263280,212,18381,106,29115,461,327213,565,298098,648,0.0580770251158448,0.6527067703668538,0.5946297452510089
2021-06-18,Stanislaus,099,539301.0,442852,1466,243996,919,183354,459,15220,88,37960,584,243928,672,205968,870,0.0703874088866885,0.452304000919709,0.3819165920330205
2021-06-18,Sutter,101,95872.0,78353,266,30151,173,44536,78,3662,15,5846,91,43709,106,37863,172,0.0609771361815754,0.4559099632843791,0.3949328271028037
2021-06-18,Tehama,103,63373.0,37782,109,13279,45,23121,51,1374,13,2027,37,20545,50,18518,72,0.0319852303031259,0.3241916904675492,0.2922064601644233
2021-06-18,Trinity,105,12862.0,8865,19,1371,10,6998,6,491,3,579,6,4959,9,4380,13,0.0450163271652931,0.3855543461359042,0.3405380189706111
2021-06-18,Tulare,107,460477.0,331819,1005,188926,710,132959,258,9876,37,23660,375,182161,411,158501,629,0.0513815022248668,0.395591962247843,0.3442104600229762
2021-06-18,Tuolumne,109,53932.0,46238,173,12171,90,33226,69,836,14,2053,62,24143,75,22090,103,0.0380664540532522,0.447656307943336,0.4095898538900838
2021-06-18,Ventura,111,848112.0,928923,3075,479130,2160,417607,783,31822,131,49289,1001,503632,1132,454343,2061,0.0581161450374478,0.5938272303658008,0.5357110853283529
2021-06-18,Yolo,113,214977.0,240092,586,115425,420,117879,140,6764,25,13476,211,129940,235,116464,370,0.0626857756876317,0.6044367536992329,0.5417509780116012
2021-06-18,Yuba,115,75493.0,47131,232,16416,112,27805,98,2894,22,3352,74,26611,96,23259,155,0.0444014676857456,0.3524962579311989,0.3080947902454532
2021-06-17,Alameda,001,1643700.0,2069053,5808,1290118,4675,675247,887,103034,244,94747,1911,1130284,2155,1035537,3854,0.0576425138407251,0.6876461641418751,0.6300036503011498
2021-06-17,Alpine,003,1148.0,1461,0,37,0,1418,0,6,0,86,0,771,0,685,0,0.0749128919860627,0.671602787456446,0.5966898954703833
2021-06-17,Amador,005,37829.0,34542,48,8800,24,24721,20,1020,4,2691,22,18679,26,15988,25,0.0711359010283116,0.4937746173570541,0.4226387163287425
2021-06-17,Butte,007,227075.0,171173,589,79344,437,85185,124,6624,27,10297,185,93789,213,83492,402,0.0453462512385775,0.4130309369151161,0.3676846856765386
2021-06-17,Calaveras,009,45235.0,39411,62,16134,34,22301,24,974,4,2027,25,20798,29,18771,34,0.044810434398143,0.4597767215651597,0.4149662871670166
2021-06-17,Colusa,011,21464.0,17898,150,3758,10,13249,137,887,3,1276,18,9999,20,8723,130,0.0594483786805814,0.4658497950055907,0.4064014163250093
2021-06-17,Contra Costa,013,1133247.0,1440207,2870,947338,2347,447241,392,45336,131,53638,1079,768180,1210,714542,1788,0.0473312525865941,0.6778575191463114,0.6305262665597173
2021-06-17,Del Norte,015,27424.0,18155,36,6268,15,10981,15,869,3,1171,6,10023,9,8852,27,0.0426998249708284,0.365482788798133,0.3227829638273045
2021-06-17,El Dorado,017,186661.0,183096,438,84863,267,91603,138,6608,33,10125,132,99648,166,89523,303,0.0542427180825132,0.5338447774307434,0.4796020593482302
2021-06-17,Fresno,019,978130.0,832199,2386,423901,1681,377082,601,30816,96,59762,981,459342,1074,399580,1380,0.0610982180282784,0.4696124237064603,0.4085142056781818
2021-06-17,Glenn,021,27897.0,20846,68,7695,40,12053,24,1079,4,1039,11,11440,15,10401,57,0.0372441481162849,0.4100799369107789,0.372835788794494
2021-06-17,Humboldt,023,135768.0,134309,426,65855,273,62239,106,6096,47,7465,105,73636,152,66171,319,0.054983501266867,0.5423663897236463,0.4873828884567792
2021-06-17,Imperial,025,180216.0,201753,1165,93408,817,94546,283,13767,64,24412,475,119526,536,95114,677,0.1354596706174812,0.663237448395259,0.5277777777777778
2021-06-17,Inyo,027,18085.0,17531,26,6270,13,10579,9,532,4,704,7,9293,11,8589,19,0.0389272878075753,0.5138512579485762,0.4749239701410008
2021-06-17,Kern,029,883053.0,618791,2031,309121,1307,281027,603,28465,121,46816,930,345728,1052,298912,1088,0.0530160703830913,0.3915144391106762,0.3384983687275849
2021-06-17,Kings,031,150075.0,87176,214,38130,119,44538,85,4476,10,6859,83,49145,93,42286,131,0.045703814759287,0.3274695985340663,0.2817657837747793
2021-06-17,Lake,033,64148.0,50177,181,14491,86,33454,85,2230,10,3017,78,27641,88,24624,103,0.0470318638149279,0.430894182203654,0.3838623183887261
2021-06-17,Lassen,035,31185.0,11458,23,1482,9,9002,10,961,4,621,11,6492,15,5871,12,0.0199134199134199,0.2081770081770081,0.1882635882635882
2021-06-17,Los Angeles,037,10098052.0,10707899,30717,5720638,20556,4571053,8338,412699,1806,704122,11158,5892221,12948,5188099,19330,0.0697284981301344,0.5835007583640884,0.5137722602339541
2021-06-17,Madera,039,155013.0,116962,271,58096,137,54165,124,4627,9,7178,99,64032,108,56854,171,0.0463057937076245,0.413075032416636,0.3667692387090115
2021-06-17,Marin,041,260295.0,374942,559,234860,479,129169,47,10897,33,13589,193,199296,225,185707,361,0.0522061507136134,0.7656543537140552,0.7134482030004418
2021-06-17,Mariposa,043,17540.0,12963,12,2418,5,10026,6,497,0,2330,3,7838,3,5508,8,0.1328392246294184,0.4468643101482326,0.3140250855188141
2021-06-17,Mendocino,045,87422.0,91079,170,49066,90,39029,61,2973,19,5835,56,49752,75,43917,114,0.0667452128754775,0.5691015991398046,0.5023563862643271
2021-06-17,Merced,047,269075.0,198308,784,112821,596,76026,156,8671,30,21249,250,111431,278,90182,514,0.0789705472451918,0.4141261730000929,0.335155625754901
2021-06-17,Modoc,049,8938.0,5438,48,685,22,4412,25,331,1,243,26,2997,27,2754,22,0.027187290221526,0.3353099127321548,0.3081226225106288
2021-06-17,Mono,051,14174.0,15468,8,8543,1,6581,5,287,2,549,4,8109,6,7560,4,0.0387328912092563,0.5721038521236066,0.5333709609143502
2021-06-17,Monterey,053,433212.0,453083,1241,207479,722,224940,355,20044,164,28913,445,250063,607,221150,791,0.0667409951709555,0.577230085962531,0.5104890907915755
2021-06-17,Napa,055,140530.0,175837,407,90091,330,80833,67,4901,10,10746,77,95540,87,84794,329,0.0764676581512844,0.6798548352664912,0.6033871771152067
2021-06-17,Nevada,057,99092.0,100895,234,53229,140,45179,81,2461,12,6092,46,54542,58,48450,187,0.0614782222581035,0.5504177935655754,0.4889395713074718
2021-06-17,Orange,059,3164182.0,3503601,9717,1942350,7284,1452658,2039,107489,393,190135,3390,1894014,3778,1703879,6247,0.0600897799178429,0.5985793484698415,0.5384895685519986
2021-06-17,Placer,061,380077.0,401699,901,226269,625,165798,240,9618,36,19906,278,215238,315,195332,619,0.0523735979814616,0.5663010389999921,0.5139274410185305
2021-06-17,Plumas,063,18699.0,16262,52,1682,33,13569,15,971,4,748,12,8921,16,8173,38,0.0400021391518263,0.4770843360607519,0.4370821969089256
2021-06-17,Riverside,065,2383286.0,2043611,6730,1131752,4700,851473,1763,59507,264,144140,2474,1120516,2737,976376,4207,0.0604795228101033,0.4701559107887177,0.4096763879786144
2021-06-17,Sacramento,067,1510023.0,1500647,4258,824744,2784,635307,1295,40433,178,89451,1408,813142,1581,723691,2817,0.0592381705444221,0.5384964334980328,0.4792582629536106
2021-06-17,San Benito,069,59416.0,63220,259,34035,217,26308,17,2773,25,4439,82,34949,107,30510,177,0.0747105156860105,0.5882085633499394,0.5134980476639289
2021-06-17,San Bernardino,071,2135413.0,1681295,5914,961529,4146,666996,1598,52578,170,117851,2291,923682,2460,805831,3591,0.0551888557389132,0.4325542646785423,0.377365408939629
2021-06-17,San Diego,073,3302833.0,3788471,15013,1993001,8487,1660580,3465,133915,3060,269200,4086,2102930,7400,1833730,10807,0.0815057860933326,0.6367049136302078,0.5551991275368752
2021-06-17,San Francisco,075,870044.0,1213572,2041,768634,1568,395706,268,48952,205,44188,652,651969,852,607781,1373,0.0507882359972599,0.7493517569226384,0.6985635209253784
2021-06-17,San Joaquin,077,732212.0,659550,2638,363925,1888,273823,684,21761,66,55613,869,362868,935,307255,1751,0.0759520466750067,0.495577783483472,0.4196257368084653
2021-06-17,San Luis Obispo,079,281455.0,286957,617,145210,348,131121,244,10500,25,16992,203,156730,228,139738,412,0.060371995523263,0.556856335826331,0.496484340303068
2021-06-17,San Mateo,081,765935.0,1026143,2020,621715,1674,368072,257,35930,87,45985,706,552561,793,506576,1263,0.0600377316613028,0.7214202249538146,0.6613824932925118
2021-06-17,Santa Barbara,083,443738.0,471290,1911,269818,1569,180979,251,20175,90,30473,629,260216,718,229743,1274,0.0686734063794401,0.5864181115883698,0.5177447052089296
2021-06-17,Santa Clara,085,1922200.0,2600666,5562,1652314,4491,850309,807,94484,249,104070,1870,1393741,2113,1289671,3603,0.0541410883362813,0.7250759546353137,0.6709348662990323
2021-06-17,Santa Cruz,087,273765.0,328633,804,154483,614,165607,145,8504,45,14883,291,175477,335,160594,506,0.0543641444304421,0.6409767501324128,0.5866126057019707
2021-06-17,Shasta,089,179085.0,117484,287,51278,122,60518,129,5644,36,10388,94,66616,129,56228,192,0.0580059748164279,0.3719797861350755,0.3139738113186475
2021-06-17,Sierra,091,2930.0,2644,6,180,3,2432,1,31,2,59,2,1359,4,1300,4,0.020136518771331,0.4638225255972696,0.4436860068259385
2021-06-17,Siskiyou,093,43540.0,32308,187,12911,141,18449,32,913,13,2350,39,17728,52,15378,146,0.0539733578318787,0.4071658245291686,0.3531924666972899
2021-06-17,Solano,095,438530.0,449933,1276,237925,980,200417,227,11556,69,38857,428,249631,496,210774,834,0.0886073928807607,0.5692449775385948,0.4806375846578341
2021-06-17,Sonoma,097,501317.0,607883,1081,326487,820,263068,178,18275,83,29198,414,326648,497,297450,661,0.0582425890205199,0.6515797389675595,0.5933371499470395
2021-06-17,Stanislaus,099,539301.0,441386,1275,243077,840,182895,384,15132,51,38158,585,243256,638,205098,676,0.0707545507981628,0.4510579435231902,0.3803033927250274
2021-06-17,Sutter,101,95872.0,78087,291,29978,177,44458,108,3647,6,5912,122,43603,128,37691,168,0.0616655540720961,0.4548043224299065,0.3931387683578104
2021-06-17,Tehama,103,63373.0,37673,161,13234,112,23070,31,1361,18,2049,87,20495,105,18446,72,0.0323323812980291,0.3234027109336784,0.2910703296356492
2021-06-17,Trinity,105,12862.0,8846,19,1361,12,6992,1,488,6,583,6,4950,12,4367,12,0.0453273207899238,0.3848546104804851,0.3395272896905613
2021-06-17,Tulare,107,460477.0,330814,1063,188216,774,132701,257,9839,32,23878,428,181750,460,157872,634,0.0518549243501847,0.39469940952534,0.3428444851751553
2021-06-17,Tuolumne,109,53932.0,46065,47,12081,10,33157,36,822,1,2081,17,24068,18,21987,29,0.0385856263442854,0.4462656678780687,0.4076800415337833
2021-06-17,Ventura,111,848112.0,925848,2303,476970,1607,416824,587,31691,108,50218,832,502500,940,452282,1460,0.0592115192333088,0.5924925009904353,0.5332809817571265
2021-06-17,Yolo,113,214977.0,239506,528,115005,334,117739,137,6739,57,13611,182,129705,239,116094,343,0.0633137498430064,0.6033436135028398,0.5400298636598334
2021-06-17,Yuba,115,75493.0,46899,201,16304,117,27707,72,2872,12,3411,86,26515,98,23104,115,0.0451829970990687,0.3512246168518935,0.3060416197528248
2021-06-16,Alameda,001,1643700.0,2063245,5342,1285443,4253,674360,881,102790,204,96446,1575,1128129,1775,1031683,3733,0.0586761574496562,0.6863350976455558,0.6276589401958995
2021-06-16,Alpine,003,1148.0,1461,0,37,0,1418,0,6,0,86,0,771,0,685,0,0.0749128919860627,0.671602787456446,0.5966898954703833
2021-06-16,Amador,005,37829.0,34494,70,8776,29,24701,32,1016,9,2690,28,18653,37,15963,42,0.0711094662824817,0.4930873139654762,0.4219778476829945
2021-06-16,Butte,007,227075.0,170584,423,78907,259,85061,119,6597,45,10486,174,93576,219,83090,246,0.0461785753605636,0.4120929208411318,0.3659143454805681
2021-06-16,Calaveras,009,45235.0,39349,185,16100,140,22277,29,970,16,2032,38,20769,54,18737,145,0.0449209682767768,0.4591356250690837,0.4142146567923068
2021-06-16,Colusa,011,21464.0,17748,58,3748,17,13112,40,884,1,1386,16,9979,17,8593,41,0.064573238911666,0.4649180022363026,0.4003447633246366
2021-06-16,Contra Costa,013,1133247.0,1437337,3604,944991,2947,446849,466,45205,189,54216,1227,766970,1415,712754,2358,0.0478412914395537,0.6767897907517073,0.6289484993121535
2021-06-16,Del Norte,015,27424.0,18119,100,6253,38,10966,49,866,13,1189,22,10014,35,8825,78,0.0433561843640606,0.3651546091015169,0.3217984247374562
2021-06-16,El Dorado,017,186661.0,182658,526,84596,370,91465,114,6575,42,10262,133,99482,175,89220,390,0.0549766689345926,0.5329554647194646,0.477978795784872
2021-06-16,Fresno,019,978130.0,829813,2733,422220,1964,376481,649,30720,113,60068,1065,458268,1176,398200,1643,0.0614110598795661,0.4685144101499801,0.4071033502704139
2021-06-16,Glenn,021,27897.0,20778,86,7655,50,12029,35,1075,1,1081,55,11425,56,10344,30,0.0387496863462021,0.4095422446858085,0.3707925583396064
2021-06-16,Humboldt,023,135768.0,133883,502,65582,329,62133,116,6049,56,7632,144,73484,199,65852,349,0.0562135407459784,0.541246832832479,0.4850332920865005
2021-06-16,Imperial,025,180216.0,200588,1077,92591,687,94263,316,13703,74,24553,513,118990,589,94437,556,0.1362420650774626,0.660263239667954,0.5240211745904914
2021-06-16,Inyo,027,18085.0,17505,31,6257,18,10570,13,528,0,712,5,9282,5,8570,26,0.0393696433508432,0.5132430190765828,0.4738733757257395
2021-06-16,Kern,029,883053.0,616760,2135,307814,1410,280424,644,28344,79,46852,828,344676,906,297824,1289,0.0530568380380339,0.3903231176384656,0.3372662796004317
2021-06-16,Kings,031,150075.0,86962,267,38011,140,44453,118,4466,9,6897,95,49052,104,42155,169,0.0459570214892553,0.3268499083791437,0.2808928868898884
2021-06-16,Lake,033,64148.0,49996,167,14405,59,33369,92,2220,16,3032,53,27553,69,24521,114,0.0472656980732057,0.4295223545550913,0.3822566564818856
2021-06-16,Lassen,035,31185.0,11435,12,1473,0,8992,7,957,4,618,6,6477,10,5859,5,0.0198172198172198,0.2076960076960076,0.1878787878787878
2021-06-16,Los Angeles,037,10098052.0,10677182,33470,5700082,23085,4562715,8568,410893,1806,710504,11582,5879273,13373,5168769,21633,0.0703605012135013,0.5822185308611998,0.5118580296476984
2021-06-16,Madera,039,155013.0,116691,337,57959,260,54041,63,4618,14,7241,117,63924,131,56683,217,0.0467122112338965,0.4123783166573126,0.3656661054234161
2021-06-16,Marin,041,260295.0,374383,509,234381,416,129122,45,10864,48,13725,168,199071,214,185346,335,0.052728634818187,0.7647899498645767,0.7120613150463897
2021-06-16,Mariposa,043,17540.0,12951,26,2413,12,10020,13,497,1,2335,8,7835,9,5500,18,0.1331242873432155,0.4466932725199544,0.3135689851767388
2021-06-16,Mendocino,045,87422.0,90909,284,48976,180,38968,83,2954,21,5874,76,49677,97,43803,206,0.0671913248381414,0.5682436915192972,0.5010523666811558
2021-06-16,Merced,047,269075.0,197524,752,112225,513,75870,210,8641,27,21485,328,111153,356,89668,410,0.0798476261265446,0.4130930038093468,0.3332453776828022
2021-06-16,Modoc,049,8938.0,5390,45,663,26,4387,11,330,5,238,24,2970,29,2732,18,0.0266278809577086,0.3322891027075408,0.3056612217498322
2021-06-16,Mono,051,14174.0,15460,16,8542,7,6576,9,285,0,547,7,8103,7,7556,9,0.038591787780443,0.5716805418371667,0.5330887540567236
2021-06-16,Monterey,053,433212.0,451842,1695,206757,1215,224585,444,19880,36,29097,434,249456,468,220359,1248,0.0671657294811778,0.5758289244065261,0.5086631949253483
2021-06-16,Napa,055,140530.0,175430,266,89761,168,80766,82,4891,16,10988,85,95453,102,84465,180,0.0781897103821248,0.6792357503735857,0.6010460399914609
2021-06-16,Nevada,057,99092.0,100661,253,53089,140,45098,101,2449,9,6221,77,54484,86,48263,171,0.0627800427885197,0.5498324789084891,0.4870524361199693
2021-06-16,Orange,059,3164182.0,3493884,9872,1935066,7074,1450619,2310,107096,487,192604,3342,1890236,3822,1697632,6457,0.0608700763736093,0.5973853589964168,0.5365152826228075
2021-06-16,Placer,061,380077.0,400798,1062,225644,772,165558,234,9582,56,20210,339,214923,394,194713,722,0.0531734359090394,0.5654722595684558,0.5122988236594164
2021-06-16,Plumas,063,18699.0,16210,35,1649,11,13554,15,967,9,770,10,8905,19,8135,24,0.0411786726562917,0.4762286753302315,0.4350500026739398
2021-06-16,Riverside,065,2383286.0,2036881,7073,1127052,4876,849710,1869,59243,321,145610,2463,1117779,2781,972169,4550,0.0610963182765308,0.4690074963726552,0.4079111780961244
2021-06-16,Sacramento,067,1510023.0,1496389,4605,821960,3086,634012,1288,40255,231,90687,1581,811561,1807,720874,3001,0.0600567011230954,0.537449429578225,0.4773927284551295
2021-06-16,San Benito,069,59416.0,62961,223,33818,179,26291,31,2748,13,4509,74,34842,87,30333,148,0.0758886495220142,0.5864077016291908,0.5105190521071765
2021-06-16,San Bernardino,071,2135413.0,1675381,6592,957383,4704,665398,1661,52408,227,118982,2404,921222,2636,802240,4131,0.055718495672734,0.4314022627004706,0.3756837670277365
2021-06-16,San Diego,073,3302833.0,3773458,14108,1984514,9008,1657115,2767,130855,2332,272607,4471,2095530,7127,1822923,9533,0.0825373247754276,0.6344644128237789,0.5519270880483512
2021-06-16,San Francisco,075,870044.0,1211531,1923,767066,1456,395438,264,48747,197,44709,648,651117,836,606408,1250,0.0513870562868084,0.7483724961036453,0.6969854398168368
2021-06-16,San Joaquin,077,732212.0,656912,2837,362037,2069,273139,679,21695,89,56429,893,361933,978,305504,1913,0.0770664780145641,0.4943008309068958,0.4172343528923317
2021-06-16,San Luis Obispo,079,281455.0,286340,640,144862,372,130877,227,10475,39,17176,186,156502,222,139326,446,0.061025741237498,0.5560462596152138,0.4950205183777158
2021-06-16,San Mateo,081,765935.0,1024123,2507,620041,2080,367815,266,35843,158,46455,674,551768,825,505313,1780,0.0606513607551554,0.7203848890571655,0.6597335283020099
2021-06-16,Santa Barbara,083,443738.0,469379,970,268249,670,180728,249,20085,51,31029,360,259498,409,228469,606,0.0699263980096363,0.5848000396630444,0.5148736416534081
2021-06-16,Santa Clara,085,1922200.0,2595104,6585,1647823,5313,849502,940,94235,315,105560,2099,1391628,2414,1286068,4402,0.0549162418062636,0.7239766933721777,0.6690604515659141
2021-06-16,Santa Cruz,087,273765.0,327829,772,153869,565,165462,174,8459,33,15054,221,175142,253,160088,548,0.054988767738754,0.6397530728909832,0.5847643051522291
2021-06-16,Shasta,089,179085.0,117197,264,51156,154,60389,96,5608,14,10451,82,66487,96,56036,178,0.0583577630734008,0.371259457799369,0.3129016947259681
2021-06-16,Sierra,091,2930.0,2638,8,177,1,2431,6,29,0,59,3,1355,3,1296,4,0.020136518771331,0.462457337883959,0.442320819112628
2021-06-16,Siskiyou,093,43540.0,32121,101,12770,24,18417,75,900,2,2444,10,17676,12,15232,91,0.0561322921451538,0.4059715204409738,0.3498392282958199
2021-06-16,Solano,095,438530.0,448657,1230,236945,823,200190,336,11487,71,39195,407,249135,477,209940,820,0.0893781497274986,0.5681139260711924,0.4787357763436937
2021-06-16,Sonoma,097,501317.0,606802,1638,325667,1264,262890,274,18192,100,29362,516,326151,615,296789,1114,0.0585697273381912,0.6505883502853483,0.5920186229471572
2021-06-16,Stanislaus,099,539301.0,440111,2041,242237,1474,182511,492,15081,73,38196,797,242618,869,204422,1226,0.0708250123771326,0.4498749306973286,0.3790499183201959
2021-06-16,Sutter,101,95872.0,77796,228,29801,146,44350,72,3641,10,5952,110,43475,120,37523,118,0.062082777036048,0.4534692089452603,0.3913864319092123
2021-06-16,Tehama,103,63373.0,37512,102,13122,70,23039,29,1343,3,2016,51,20390,54,18374,51,0.0318116548056743,0.3217458539125495,0.2899341991068752
2021-06-16,Trinity,105,12862.0,8827,14,1349,6,6991,5,482,3,583,4,4938,7,4355,10,0.0453273207899238,0.383921629606593,0.3385943088166692
2021-06-16,Tulare,107,460477.0,329751,881,187442,596,132444,235,9807,49,24052,388,181290,437,157238,489,0.0522327933859888,0.3937004454076968,0.3414676520217079
2021-06-16,Tuolumne,109,53932.0,46018,99,12071,48,33121,47,821,4,2092,51,24050,54,21958,43,0.0387895868871912,0.4459319142624045,0.4071423273752132
2021-06-16,Ventura,111,848112.0,923545,2558,475363,1869,416237,581,31583,108,50738,844,501560,950,450822,1694,0.0598246458014979,0.591384156809478,0.53155951100798
2021-06-16,Yolo,113,214977.0,238978,494,114671,255,117602,198,6682,41,13715,173,129466,212,115751,320,0.0637975225256655,0.602231866664806,0.5384343441391405
2021-06-16,Yuba,115,75493.0,46698,154,16187,93,27635,50,2860,11,3428,67,26417,78,22989,86,0.0454081835401957,0.3499264832501026,0.3045182997099069
2021-06-15,Alameda,001,1643700.0,2057903,6175,1281190,4483,673479,1398,102586,288,98404,1822,1126354,2107,1027950,4302,0.0598673723915556,0.6852552168887267,0.625387844497171
2021-06-15,Alpine,003,1148.0,1461,1,37,0,1418,1,6,0,86,0,771,0,685,1,0.0749128919860627,0.671602787456446,0.5966898954703833
2021-06-15,Amador,005,37829.0,34424,46,8747,14,24669,20,1007,12,2695,18,18616,29,15921,27,0.0712416400116312,0.4921092283697692,0.4208675883581379
2021-06-15,Butte,007,227075.0,170161,556,78648,391,84942,137,6552,28,10513,167,93357,194,82844,386,0.0462974788065617,0.4111284817791478,0.3648310029725861
2021-06-15,Calaveras,009,45235.0,39164,93,15960,60,22248,25,954,8,2123,25,20715,33,18592,66,0.046932684867912,0.4579418591798386,0.4110091743119266
2021-06-15,Colusa,011,21464.0,17690,76,3731,37,13072,38,883,1,1410,16,9962,17,8552,60,0.0656913902348117,0.4641259783824077,0.3984345881475959
2021-06-15,Contra Costa,013,1133247.0,1433733,4364,942044,3642,446383,554,45016,166,55159,1365,765555,1530,710396,2977,0.0486734136512163,0.675541166224133,0.6268677525729166
2021-06-15,Del Norte,015,27424.0,18019,36,6215,8,10917,21,853,7,1232,3,9979,10,8747,33,0.0449241540256709,0.3638783547257876,0.3189542007001167
2021-06-15,El Dorado,017,186661.0,182132,465,84226,259,91351,169,6533,37,10477,118,99307,155,88830,344,0.0561284896148633,0.5320179362587792,0.4758894466439159
2021-06-15,Fresno,019,978130.0,827080,2469,420256,1762,375832,613,30607,86,60535,954,457092,1039,396557,1492,0.0618885015284266,0.4673121159764039,0.4054236144479772
2021-06-15,Glenn,021,27897.0,20692,51,7605,34,11994,16,1074,1,1055,23,11369,24,10314,28,0.0378176864895866,0.4075348603792522,0.3697171738896656
2021-06-15,Humboldt,023,135768.0,133381,564,65253,379,62017,155,5993,30,7782,159,73285,188,65503,398,0.0573183666254198,0.5397810971657534,0.4824627305403335
2021-06-15,Imperial,025,180216.0,199511,1176,91904,804,93947,322,13629,50,24520,525,118401,576,93881,642,0.1360589514804457,0.656994939406046,0.5209359879256004
2021-06-15,Inyo,027,18085.0,17474,52,6239,39,10557,9,528,4,733,8,9277,12,8544,44,0.0405308266519214,0.5129665468620404,0.4724357202101188
2021-06-15,Kern,029,883053.0,614625,2194,306404,1231,279780,876,28265,86,47235,836,343770,923,296535,1349,0.0534905605892285,0.3892971316557443,0.3358065710665158
2021-06-15,Kings,031,150075.0,86695,264,37871,189,44335,64,4457,10,6962,93,48948,102,41986,167,0.0463901382642012,0.3261569215392303,0.2797667832750291
2021-06-15,Lake,033,64148.0,49829,244,14346,65,33277,161,2204,18,3077,79,27484,97,24407,165,0.0479672008480389,0.4284467169670138,0.3804795161189748
2021-06-15,Lassen,035,31185.0,11423,48,1473,6,8985,37,953,5,613,14,6467,19,5854,34,0.0196568863235529,0.207375340708674,0.187718454385121
2021-06-15,Los Angeles,037,10098052.0,10643712,35066,5676997,23427,4554147,9853,409087,1767,718764,12187,5865900,13923,5147136,22546,0.0711784807604476,0.5808942160329537,0.509715735272506
2021-06-15,Madera,039,155013.0,116354,380,57699,267,53978,80,4604,32,7327,162,63793,194,56466,213,0.047267003412617,0.4115332262455407,0.3642662228329237
2021-06-15,Marin,041,260295.0,373874,579,233965,461,129077,91,10816,27,13846,183,198857,210,185011,396,0.0531934919994621,0.7639678057588505,0.7107743137593884
2021-06-15,Mariposa,043,17540.0,12925,24,2401,13,10007,10,496,1,2344,6,7826,7,5482,18,0.1336374002280501,0.4461801596351197,0.3125427594070695
2021-06-15,Mendocino,045,87422.0,90625,265,48796,170,38885,75,2933,20,5983,86,49580,106,43597,179,0.0684381505799455,0.5671341309967742,0.4986959804168287
2021-06-15,Merced,047,269075.0,196772,843,111712,605,75660,208,8614,28,21539,279,110797,307,89258,542,0.0800483136671931,0.4117699526154418,0.3317216389482486
2021-06-15,Modoc,049,8938.0,5345,8,637,2,4376,4,325,2,227,4,2941,6,2714,4,0.0253971805773103,0.3290445289773999,0.3036473484000895
2021-06-15,Mono,051,14174.0,15444,9,8535,5,6567,4,285,0,549,5,8096,5,7547,4,0.0387328912092563,0.57118667983632,0.5324537886270636
2021-06-15,Monterey,053,433212.0,450147,1252,205542,660,224141,466,19844,126,29877,426,248988,553,219111,817,0.0689662336223373,0.5747486219218304,0.5057823882994931
2021-06-15,Napa,055,140530.0,175164,383,89593,284,80684,86,4875,13,11066,190,95351,203,84285,192,0.0787447520102469,0.6785099267060414,0.5997651746957945
2021-06-15,Nevada,057,99092.0,100408,174,52949,98,44997,69,2440,7,6306,69,54398,76,48092,102,0.0636378315101118,0.5489645985548783,0.4853267670447664
2021-06-15,Orange,059,3164182.0,3484012,10579,1927992,7611,1448309,2519,106609,445,195239,3649,1886414,4089,1691175,6845,0.0617028350455188,0.5961774638753397,0.5344746288298208
2021-06-15,Placer,061,380077.0,399736,1328,224872,887,165324,378,9526,62,20538,438,214529,499,193991,886,0.0540364189361629,0.5644356275175819,0.5103992085814191
2021-06-15,Plumas,063,18699.0,16175,31,1638,7,13539,21,958,2,775,9,8886,11,8111,21,0.0414460666345793,0.4752125782127386,0.4337665115781592
2021-06-15,Riverside,065,2383286.0,2029808,7368,1122176,5009,847841,2025,58922,327,147379,2707,1114998,3032,967619,4603,0.061838570780007,0.4678406200514751,0.406002049271468
2021-06-15,Sacramento,067,1510023.0,1491784,5084,818874,3078,632724,1774,40024,231,91881,1740,809754,1969,717873,3323,0.0608474175558915,0.5362527590639348,0.4754053415080432
2021-06-15,San Benito,069,59416.0,62738,231,33639,135,26260,90,2735,6,4570,81,34755,87,30185,147,0.0769153090076747,0.5849434495758719,0.5080281405681971
2021-06-15,San Bernardino,071,2135413.0,1668789,7410,952679,5232,663737,1916,52181,261,120477,2617,918586,2874,798109,4742,0.0564185944358304,0.4301678410686832,0.3737492466328527
2021-06-15,San Diego,073,3302833.0,3759350,17970,1975506,10274,1654348,4218,128523,3472,275013,4569,2088403,8383,1813390,13247,0.0832657903078962,0.6323065683308844,0.5490407780229881
2021-06-15,San Francisco,075,870044.0,1209608,1983,765610,1524,395174,314,48550,143,45123,687,650281,829,605158,1275,0.0518628942904037,0.7474116251591874,0.6955487308687837
2021-06-15,San Joaquin,077,732212.0,654075,2325,359968,1553,272460,689,21606,83,57364,852,360955,935,303591,1444,0.0783434305911402,0.4929651521690439,0.4146217215779036
2021-06-15,San Luis Obispo,079,281455.0,285700,658,144490,407,130650,211,10436,40,17400,237,156280,276,138880,417,0.0618216055852623,0.555257501199126,0.4934358956138637
2021-06-15,San Mateo,081,765935.0,1021616,2328,617961,1845,367549,354,35685,126,47410,683,550943,810,503533,1627,0.0618982028501113,0.7193077741583815,0.6574095713082703
2021-06-15,Santa Barbara,083,443738.0,468409,1176,267579,771,180479,366,20034,38,31226,398,259089,437,227863,767,0.0703703536771698,0.5838783245969469,0.513507970919777
2021-06-15,Santa Clara,085,1922200.0,2588519,7638,1642510,6172,848562,1140,93920,314,107548,2123,1389214,2438,1281666,5430,0.0559504734158776,0.7227208407033607,0.6667703672874831
2021-06-15,Santa Cruz,087,273765.0,327057,929,153304,680,165288,224,8426,25,15349,325,174889,350,159540,598,0.0560663342647891,0.6388289226161123,0.5827625883513232
2021-06-15,Shasta,089,179085.0,116933,454,51002,228,60293,116,5594,109,10533,154,66391,258,55858,297,0.0588156462015244,0.3707233995030293,0.3119077533015049
2021-06-15,Sierra,091,2930.0,2630,1,176,0,2425,1,29,0,60,1,1352,1,1292,0,0.0204778156996587,0.4614334470989761,0.4409556313993174
2021-06-15,Siskiyou,093,43540.0,32020,94,12746,26,18342,54,898,14,2523,34,17664,47,15141,59,0.0579467156637574,0.4056959118052365,0.3477491961414791
2021-06-15,Solano,095,438530.0,447427,1515,236122,963,199854,498,11416,54,39538,615,248658,667,209120,887,0.0901603083027386,0.5670262011720977,0.476865892869359
2021-06-15,Sonoma,097,501317.0,605164,1881,324403,1414,262616,356,18092,111,29861,606,325536,716,295675,1264,0.0595651055120811,0.6493615815940812,0.589796476082
2021-06-15,Stanislaus,099,539301.0,438070,1676,240763,1207,182019,419,15008,49,38553,554,241749,603,203196,1101,0.0714869803690332,0.4482635856414136,0.3767766052723804
2021-06-15,Sutter,101,95872.0,77568,290,29655,157,44278,120,3631,13,5950,101,43355,114,37405,188,0.0620619158878504,0.4522175400534045,0.390155624165554
2021-06-15,Tehama,103,63373.0,37410,116,13052,58,23010,38,1340,20,2013,52,20336,72,18323,64,0.031764316033642,0.3208937560159689,0.2891294399823269
2021-06-15,Trinity,105,12862.0,8813,56,1343,22,6986,12,479,22,586,15,4931,37,4345,41,0.0455605660083968,0.3833773907634893,0.3378168247550925
2021-06-15,Tulare,107,460477.0,328870,1030,186846,694,132209,306,9758,30,24104,452,180853,482,156749,568,0.052345719764505,0.3927514294959357,0.3404057097314307
2021-06-15,Tuolumne,109,53932.0,45919,127,12023,81,33074,38,817,8,2081,17,23996,25,21915,107,0.0385856263442854,0.444930653415412,0.4063450270711266
2021-06-15,Ventura,111,848112.0,920987,2534,473494,1621,415656,793,31475,120,51482,855,500610,972,449128,1656,0.06070188842983,0.5902640217329786,0.5295621333031486
2021-06-15,Yolo,113,214977.0,238484,812,114416,430,117404,355,6641,27,13823,225,129254,252,115431,583,0.0642999018499653,0.6012457146578472,0.5369458128078818
2021-06-15,Yuba,115,75493.0,46544,250,16094,103,27585,139,2849,8,3436,95,26339,103,22903,153,0.0455141536301378,0.348893274873167,0.3033791212430292
2021-06-14,Alameda,001,1643700.0,2051728,4712,1276707,3555,672081,946,102298,211,100599,1570,1124247,1780,1023648,3107,0.0612027742288738,0.6839733528016061,0.6227705785727322
2021-06-14,Alpine,003,1148.0,1460,0,37,0,1417,0,6,0,87,0,771,0,684,0,0.0757839721254355,0.671602787456446,0.5958188153310104
2021-06-14,Amador,005,37829.0,34378,47,8733,23,24649,22,995,2,2693,11,18587,13,15894,36,0.0711887705199714,0.4913426207407015,0.4201538502207301
2021-06-14,Butte,007,227075.0,169605,400,78257,240,84805,139,6524,20,10705,143,93163,164,82458,256,0.0471430144225476,0.4102741385004954,0.3631311240779478
2021-06-14,Calaveras,009,45235.0,39071,59,15900,39,22223,16,946,4,2156,20,20682,24,18526,38,0.0476622084668951,0.4572123355808555,0.4095501271139604
2021-06-14,Colusa,011,21464.0,17614,19,3694,9,13034,10,882,0,1453,7,9945,7,8492,12,0.0676947446887812,0.4633339545285128,0.3956392098397316
2021-06-14,Contra Costa,013,1133247.0,1429369,4028,938402,3377,445829,503,44850,147,56606,1138,764025,1282,707419,2873,0.0499502756239372,0.6741910633780632,0.624240787754126
2021-06-14,Del Norte,015,27424.0,17983,38,6207,15,10896,19,846,4,1255,16,9969,20,8714,21,0.0457628354725787,0.3635137106184364,0.3177508751458576
2021-06-14,El Dorado,017,186661.0,181667,527,83967,370,91182,125,6496,32,10666,122,99152,154,88486,404,0.0571410203524035,0.5311875539078865,0.4740465335554829
2021-06-14,Fresno,019,978130.0,824611,2621,418494,1903,375219,575,30521,137,60988,968,456053,1104,395065,1631,0.0623516301514113,0.4662498849846135,0.4038982548332021
2021-06-14,Glenn,021,27897.0,20641,39,7571,26,11978,10,1073,3,1059,15,11345,18,10286,23,0.0379610710829121,0.4066745528192995,0.3687134817363874
2021-06-14,Humboldt,023,135768.0,132817,427,64874,260,61862,139,5963,28,7992,110,73097,139,65105,316,0.0588651228566377,0.5383963820635201,0.4795312592068823
2021-06-14,Imperial,025,180216.0,198335,912,91100,643,93625,221,13579,48,24586,389,117825,437,93239,516,0.1364251786744795,0.6537987748035691,0.5173735961290895
2021-06-14,Inyo,027,18085.0,17422,56,6200,25,10548,28,524,3,765,6,9265,9,8500,50,0.042300248824993,0.5123030135471385,0.4700027647221454
2021-06-14,Kern,029,883053.0,612431,1899,305173,1158,278904,644,28179,97,47661,651,342847,748,295186,1241,0.0539729778393822,0.3882518942804112,0.334278916441029
2021-06-14,Kings,031,150075.0,86431,260,37682,190,44271,48,4447,22,7027,103,48846,125,41819,157,0.046823255039147,0.3254772613693153,0.2786540063301682
2021-06-14,Lake,033,64148.0,49585,181,14281,89,33116,79,2186,13,3145,48,27387,61,24242,132,0.0490272494855646,0.4269345887634844,0.3779073392779198
2021-06-14,Lassen,035,31185.0,11375,10,1467,2,8948,6,948,2,628,4,6448,6,5820,6,0.0201378868045534,0.2067660734327401,0.1866281866281866
2021-06-14,Los Angeles,037,10098052.0,10608646,33708,5653570,24161,4544294,8061,407320,1457,727387,11615,5851977,13048,5124590,21855,0.0720324078346992,0.5795154352542451,0.5074830274195459
2021-06-14,Madera,039,155013.0,115974,236,57432,163,53898,43,4572,29,7346,92,63599,119,56253,139,0.0473895737776831,0.4102817183074967,0.3628921445298136
2021-06-14,Marin,041,260295.0,373295,892,233504,762,128986,81,10789,49,14032,217,198647,264,184615,674,0.0539080658483643,0.7631610288326707,0.7092529629843063
2021-06-14,Mariposa,043,17540.0,12901,12,2388,4,9997,7,495,1,2355,4,7819,5,5464,8,0.1342645381984036,0.4457810718358039,0.3115165336374002
2021-06-14,Mendocino,045,87422.0,90360,134,48626,59,38810,56,2913,19,6056,48,49474,67,43418,86,0.0692731806639061,0.5659216215597904,0.4966484408958843
2021-06-14,Merced,047,269075.0,195929,587,111107,384,75452,170,8586,33,21774,262,110490,295,88716,316,0.080921676112608,0.4106290067824956,0.3297073306698875
2021-06-14,Modoc,049,8938.0,5337,4,635,0,4372,2,323,2,225,0,2935,2,2710,4,0.0251734168717833,0.3283732378608189,0.3031998209890356
2021-06-14,Mono,051,14174.0,15435,71,8530,32,6563,32,285,6,548,21,8091,27,7543,49,0.0386623394948497,0.5708339212642867,0.532171581769437
2021-06-14,Monterey,053,433212.0,448895,1478,204882,1063,223675,377,19718,38,30141,377,248435,415,218294,1096,0.0695756350239605,0.5734721106525211,0.5038964756285607
2021-06-14,Napa,055,140530.0,174781,499,89309,356,80598,116,4862,27,11055,87,95148,113,84093,412,0.078666476908845,0.6770653952892621,0.598398918380417
2021-06-14,Nevada,057,99092.0,100234,192,52851,139,44928,42,2433,11,6332,54,54322,65,47990,137,0.0639002139425988,0.5481976345214548,0.484297420578856
2021-06-14,Orange,059,3164182.0,3473433,10078,1920381,7346,1445790,2254,106164,475,197995,3292,1882325,3767,1684330,6717,0.0625738342484724,0.5948851867560083,0.5323113525075359
2021-06-14,Placer,061,380077.0,398408,799,223985,547,164946,207,9464,45,20925,232,214030,277,193105,564,0.055054633666336,0.563122735656196,0.50806810198986
2021-06-14,Plumas,063,18699.0,16144,105,1631,92,13518,9,956,3,785,12,8875,15,8090,91,0.0419808545911546,0.4746243114605059,0.4326434568693513
2021-06-14,Riverside,065,2383286.0,2022440,6634,1117167,4758,845816,1553,58595,320,148950,2127,1111966,2443,963016,4466,0.0624977447104543,0.4665684269533744,0.4040706822429201
2021-06-14,Sacramento,067,1510023.0,1486700,4418,815796,2858,630950,1394,39793,165,93235,1343,807785,1507,714550,3062,0.0617440926396485,0.5349488054155467,0.4732047127758981
2021-06-14,San Benito,069,59416.0,62507,198,33504,165,26170,28,2729,5,4630,70,34668,74,30038,127,0.0779251380099636,0.5834791975225528,0.5055540595125892
2021-06-14,San Bernardino,071,2135413.0,1661379,5071,947447,3655,661821,1181,51920,234,122345,1829,915712,2062,793367,3213,0.0572933666695857,0.4288219655869848,0.3715285989173991
2021-06-14,San Diego,073,3302833.0,3741380,12595,1965232,7554,1650130,2837,125051,2201,279877,3426,2080020,5850,1800143,9072,0.0847384654325544,0.6297684442416556,0.5450299788091012
2021-06-14,San Francisco,075,870044.0,1207625,2558,764086,2068,394860,336,48407,154,45569,829,649452,980,603883,1717,0.052375512043069,0.7464587997848384,0.6940832877417694
2021-06-14,San Joaquin,077,732212.0,651750,2267,358415,1519,271771,669,21523,79,57873,911,360020,988,302147,1326,0.0790385844536828,0.4916881995924677,0.4126496151387849
2021-06-14,San Luis Obispo,079,281455.0,285042,476,144083,307,130439,130,10396,38,17541,127,156004,164,138463,345,0.0623225737684532,0.5542768826277735,0.4919543088593203
2021-06-14,San Mateo,081,765935.0,1019288,2495,616116,2158,367195,253,35559,82,48227,686,550133,768,501906,1775,0.0629648729983614,0.7182502431668484,0.6552853701684869
2021-06-14,Santa Barbara,083,443738.0,467233,1277,266808,868,180113,332,19996,77,31556,335,258652,412,227096,935,0.0711140357598402,0.5828935092329257,0.5117794734730855
2021-06-14,Santa Clara,085,1922200.0,2580881,6160,1636338,4955,847422,942,93606,253,110540,1954,1386776,2204,1276236,4152,0.0575070232025803,0.7214525023410675,0.6639454791384871
2021-06-14,Santa Cruz,087,273765.0,326128,564,152624,361,165064,166,8401,37,15597,161,174539,197,158942,402,0.0569722207002356,0.6375504538564097,0.5805782331561741
2021-06-14,Shasta,089,179085.0,116479,283,50774,157,60177,109,5485,17,10572,79,66133,96,55561,203,0.0590334198844124,0.3692827428316163,0.3102493229472038
2021-06-14,Sierra,091,2930.0,2629,7,176,5,2424,1,29,1,59,3,1351,4,1292,4,0.020136518771331,0.4610921501706485,0.4409556313993174
2021-06-14,Siskiyou,093,43540.0,31926,24,12720,4,18288,16,884,4,2535,11,17617,14,15082,13,0.0582223242994947,0.4046164446485989,0.3463941203491043
2021-06-14,Solano,095,438530.0,445912,1371,235159,972,199356,365,11362,34,39758,274,247991,306,208233,1090,0.0906619843568285,0.5655052105899254,0.4748432262330969
2021-06-14,Sonoma,097,501317.0,603283,973,322989,708,262260,201,17981,64,30409,338,324820,402,294411,623,0.0606582262321046,0.6479333435730287,0.587275117340924
2021-06-14,Stanislaus,099,539301.0,436394,1425,239556,1017,181600,383,14959,25,39051,503,241146,527,202095,909,0.0724103979039534,0.4471454716382873,0.3747350737343339
2021-06-14,Sutter,101,95872.0,77278,199,29498,119,44158,69,3618,11,6024,76,43241,87,37217,122,0.0628337783711615,0.4510284546061415,0.38819467623498
2021-06-14,Tehama,103,63373.0,37294,103,12994,20,22972,75,1320,8,2005,31,20264,39,18259,72,0.0316380793082227,0.3197576254871949,0.2881195461789721
2021-06-14,Trinity,105,12862.0,8757,41,1321,16,6974,25,457,0,590,11,4894,11,4304,30,0.0458715596330275,0.3805006997356554,0.3346291401026279
2021-06-14,Tulare,107,460477.0,327840,807,186152,591,131903,186,9728,29,24190,304,180371,333,156181,497,0.0525324826212818,0.3917046888335356,0.3391722062122538
2021-06-14,Tuolumne,109,53932.0,45792,100,11942,31,33036,66,809,3,2163,51,23971,54,21808,48,0.040106059482311,0.4444671067269895,0.4043610472446785
2021-06-14,Ventura,111,848112.0,918453,2686,471873,1834,414863,724,31355,128,52166,824,499638,950,447472,1852,0.0615083856849095,0.5891179466862867,0.5276095610013771
2021-06-14,Yolo,113,214977.0,237672,421,113986,261,117049,126,6614,33,14154,126,129002,160,114848,292,0.065839601445736,0.6000734962344809,0.5342338947887448
2021-06-14,Yuba,115,75493.0,46294,115,15991,55,27446,50,2841,10,3486,34,26236,44,22750,81,0.0461764666922761,0.3475289099651623,0.3013524432728862
2021-06-13,Alameda,001,1643700.0,2047016,2380,1273152,1832,671135,421,102087,125,101926,661,1122467,783,1020541,1706,0.0620100991665145,0.6828904301271521,0.6208803309606375
2021-06-13,Alpine,003,1148.0,1460,0,37,0,1417,0,6,0,87,0,771,0,684,0,0.0757839721254355,0.671602787456446,0.5958188153310104
2021-06-13,Amador,005,37829.0,34331,9,8710,2,24627,6,993,1,2716,2,18574,3,15858,7,0.0717967696740595,0.4909989690449126,0.419202199370853
2021-06-13,Butte,007,227075.0,169205,98,78017,65,84666,30,6504,3,10797,19,92999,22,82202,79,0.0475481669052075,0.4095519101618408,0.3620037432566332
2021-06-13,Calaveras,009,45235.0,39012,32,15861,17,22207,11,942,4,2170,6,20658,10,18488,24,0.0479717033270697,0.4566817729634133,0.4087100696363435
2021-06-13,Colusa,011,21464.0,17595,10,3685,3,13024,5,882,2,1458,2,9938,4,8480,8,0.0679276928811032,0.463007827059262,0.3950801341781588
2021-06-13,Contra Costa,013,1133247.0,1425341,1185,935025,877,445326,194,44703,113,58197,286,762743,399,704546,892,0.0513542060998176,0.6730598007318793,0.6217055946320617
2021-06-13,Del Norte,015,27424.0,17945,60,6192,45,10877,11,842,4,1256,13,9949,17,8693,47,0.0457992998833138,0.3627844224037339,0.31698512252042
2021-06-13,El Dorado,017,186661.0,181140,160,83597,88,91057,54,6464,18,10916,32,98998,50,88082,127,0.0584803467248112,0.5303625288624834,0.471882182137672
2021-06-13,Fresno,019,978130.0,821990,734,416591,485,374644,234,30384,15,61515,186,454949,201,393434,543,0.0628904133397401,0.4651212006583992,0.4022307873186591
2021-06-13,Glenn,021,27897.0,20602,13,7545,12,11968,1,1070,0,1064,5,11327,5,10263,8,0.0381403018245689,0.406029322149335,0.3678890203247661
2021-06-13,Humboldt,023,135768.0,132390,217,64614,150,61723,41,5935,26,8169,92,72958,117,64789,123,0.0601688173943786,0.5373725767485711,0.4772037593541924
2021-06-13,Imperial,025,180216.0,197423,97,90457,29,93404,66,13531,2,24665,64,117388,66,92723,33,0.1368635415279442,0.6513739068673148,0.5145103653393706
2021-06-13,Inyo,027,18085.0,17366,1,6175,0,10520,1,521,0,806,0,9256,0,8450,1,0.044567320984241,0.5118053635609622,0.467238042576721
2021-06-13,Kern,029,883053.0,610532,992,304015,867,278260,117,28082,8,48154,312,342099,321,293945,676,0.0545312682251235,0.3874048330054934,0.3328735647803699
2021-06-13,Kings,031,150075.0,86171,129,37492,120,44223,8,4425,1,7059,35,48721,36,41662,94,0.0470364817591204,0.3246443444944195,0.277607862735299
2021-06-13,Lake,033,64148.0,49404,29,14192,15,33037,14,2173,0,3216,12,27326,12,24110,17,0.0501340649747459,0.4259836627798216,0.3758495978050757
2021-06-13,Lassen,035,31185.0,11365,3,1465,2,8942,1,946,0,628,1,6442,1,5814,2,0.0201378868045534,0.2065736732403399,0.1864357864357864
2021-06-13,Los Angeles,037,10098052.0,10574938,11727,5629409,8403,4536233,2673,405863,646,736194,2574,5838929,3219,5102735,9086,0.0729045562451054,0.5782233048512723,0.5053187486061668
2021-06-13,Madera,039,155013.0,115738,202,57269,165,53855,32,4543,5,7366,57,63480,62,56114,144,0.0475185952145949,0.4095140407578719,0.361995445543277
2021-06-13,Marin,041,260295.0,372403,415,232742,381,128905,22,10740,12,14442,64,198383,76,183941,349,0.0554832017518584,0.7621467949826158,0.7066635932307574
2021-06-13,Mariposa,043,17540.0,12889,1,2384,0,9990,0,494,1,2358,0,7814,1,5456,1,0.1344355758266818,0.4454960091220068,0.3110604332953249
2021-06-13,Mendocino,045,87422.0,90226,29,48567,16,38754,11,2894,2,6075,15,49407,17,43332,14,0.0694905172611013,0.5651552240854705,0.4956647068243691
2021-06-13,Merced,047,269075.0,195342,269,110723,141,75282,120,8553,7,21795,61,110195,68,88400,207,0.0809997212673046,0.4095326581808046,0.3285329369134999
2021-06-13,Modoc,049,8938.0,5333,0,635,0,4370,0,321,0,227,0,2933,0,2706,0,0.0253971805773103,0.328149474155292,0.3027522935779816
2021-06-13,Mono,051,14174.0,15364,2,8498,1,6531,1,279,0,570,1,8064,1,7494,1,0.0402144772117962,0.568929024975307,0.5287145477635107
2021-06-13,Monterey,053,433212.0,447417,614,203819,473,223298,128,19680,13,30822,118,248020,131,217198,489,0.0711476136395113,0.5725141501158786,0.5013665364763672
2021-06-13,Napa,055,140530.0,174282,295,88953,282,80482,8,4835,5,11354,23,95035,28,83681,272,0.0807941364833131,0.676261296520316,0.5954671600370027
2021-06-13,Nevada,057,99092.0,100042,33,52712,17,44886,15,2422,1,6404,6,54257,7,47853,27,0.0646268114479473,0.5475416784402374,0.4829148669922899
2021-06-13,Orange,059,3164182.0,3463355,4154,1913035,3037,1443536,948,105689,169,200945,1023,1878558,1191,1677613,3091,0.0635061447160751,0.5936946736944967,0.5301885289784216
2021-06-13,Placer,061,380077.0,397609,403,223438,309,164739,82,9419,12,21212,93,213753,105,192541,308,0.055809743815069,0.5623939359656069,0.506584192150538
2021-06-13,Plumas,063,18699.0,16039,3,1539,1,13509,2,953,0,861,3,8860,3,7999,0,0.0460452430611262,0.473822129525643,0.4277768864645168
2021-06-13,Riverside,065,2383286.0,2015806,1833,1112409,1364,844263,424,58275,45,150973,496,1109523,538,958550,1317,0.0633465727571093,0.4655433716305974,0.4021967988734881
2021-06-13,Sacramento,067,1510023.0,1482282,1958,812938,1435,629556,479,39628,44,94790,395,806278,438,711488,1554,0.0627738782786752,0.5339508073718082,0.471176929093133
2021-06-13,San Benito,069,59416.0,62309,53,33339,42,26142,9,2724,2,4683,16,34594,18,29911,30,0.0788171536286522,0.5822337417530632,0.5034165881244109
2021-06-13,San Bernardino,071,2135413.0,1656308,1523,943792,1079,660640,367,51686,77,123496,403,913650,479,790154,1114,0.0578323724731468,0.4278563444167474,0.3700239719436006
2021-06-13,San Diego,073,3302833.0,3728785,4163,1957678,3117,1647293,833,122850,213,283099,946,2074170,1318,1791071,3190,0.0857139915944887,0.6279972375230598,0.542283245928571
2021-06-13,San Francisco,075,870044.0,1205067,942,762018,812,394524,82,48253,46,46306,217,648472,262,602166,717,0.0532225956388412,0.7453324199695648,0.6921098243307235
2021-06-13,San Joaquin,077,732212.0,649483,1095,356896,841,271102,204,21444,50,58211,496,359032,546,300821,587,0.0795001993958034,0.4903388636078076,0.4108386642120041
2021-06-13,San Luis Obispo,079,281455.0,284566,164,143776,94,130309,67,10358,3,17722,44,155840,47,138118,120,0.0629656605851734,0.5536941962303032,0.4907285356451297
2021-06-13,San Mateo,081,765935.0,1016793,1479,613958,1114,366942,303,35477,61,49234,329,549365,390,500131,1134,0.0642796059717861,0.7172475471156169,0.6529679411438307
2021-06-13,Santa Barbara,083,443738.0,465956,502,265940,313,179781,91,19919,97,32079,126,258240,223,226161,373,0.0722926591817694,0.5819650334206221,0.5096723742388527
2021-06-13,Santa Clara,085,1922200.0,2574721,3778,1631383,3039,846480,618,93353,117,112488,851,1384572,967,1272084,2897,0.0585204453230673,0.7203058994901675,0.6617854541671002
2021-06-13,Santa Cruz,087,273765.0,325564,216,152263,146,164898,43,8364,27,15802,33,174342,60,158540,182,0.0577210381166328,0.6368308585830913,0.5791098204664584
2021-06-13,Shasta,089,179085.0,116196,90,50617,56,60068,32,5468,2,10679,26,66037,28,55358,64,0.0596309015272077,0.3687466845352765,0.3091157830080688
2021-06-13,Sierra,091,2930.0,2622,0,171,0,2423,0,28,0,59,0,1347,0,1288,0,0.020136518771331,0.4597269624573379,0.4395904436860068
2021-06-13,Siskiyou,093,43540.0,31902,24,12716,16,18272,8,880,0,2534,2,17603,2,15069,22,0.0581993569131832,0.4042949012402388,0.3460955443270556
2021-06-13,Solano,095,438530.0,444541,636,234187,547,198991,80,11328,9,40542,107,247685,116,207143,526,0.0924497753859485,0.5648074248056005,0.472357649419652
2021-06-13,Sonoma,097,501317.0,602310,576,322281,480,262059,76,17917,19,30630,107,324418,125,293788,466,0.061099065062625,0.6471314557455662,0.5860323906829411
2021-06-13,Stanislaus,099,539301.0,434969,598,238539,445,181217,145,14934,7,39433,185,240619,192,201186,408,0.0731187221978079,0.4461682807931007,0.3730495585952928
2021-06-13,Sutter,101,95872.0,77079,85,29379,66,44089,18,3607,1,6059,24,43154,25,37095,61,0.0631988484646195,0.4501209946595461,0.3869221461949265
2021-06-13,Tehama,103,63373.0,37191,23,12974,6,22897,11,1312,6,2038,5,20225,11,18187,18,0.0321588058005775,0.3191422214507756,0.286983415650198
2021-06-13,Trinity,105,12862.0,8716,4,1305,4,6949,0,457,0,609,1,4883,1,4274,3,0.0473487793500233,0.379645467267921,0.3322966879178977
2021-06-13,Tulare,107,460477.0,327033,317,185561,227,131717,85,9699,5,24354,87,180038,92,155684,228,0.0528886350458329,0.3909815256788069,0.338092890632974
2021-06-13,Tuolumne,109,53932.0,45692,17,11911,2,32970,11,806,4,2157,4,23917,8,21760,12,0.0399948082770896,0.443465845879997,0.4034710376029073
2021-06-13,Ventura,111,848112.0,915767,1036,470039,801,414139,171,31227,63,53068,233,498688,296,445620,800,0.0625719244628068,0.5879978116097874,0.5254258871469806
2021-06-13,Yolo,113,214977.0,237251,163,113725,121,116923,41,6581,1,14286,65,128842,66,114556,97,0.0664536206198802,0.5993292305688516,0.5328756099489713
2021-06-13,Yuba,115,75493.0,46179,50,15936,23,27396,25,2831,2,3523,14,26192,16,22669,35,0.0466665783582583,0.3469460744704807,0.3002794961122223
2021-06-12,Alameda,001,1643700.0,2044636,5695,1271320,4377,670714,1129,101962,188,102849,1371,1121684,1561,1018835,4300,0.0625716371600657,0.6824140658270974,0.6198424286670317
2021-06-12,Alpine,003,1148.0,1460,0,37,0,1417,0,6,0,87,0,771,0,684,0,0.0757839721254355,0.671602787456446,0.5958188153310104
2021-06-12,Amador,005,37829.0,34322,23,8708,11,24621,10,992,2,2720,8,18571,10,15851,14,0.0719025086573792,0.4909196648074229,0.4190171561500436
2021-06-12,Butte,007,227075.0,169107,255,77952,152,84636,93,6501,10,10854,78,92977,88,82123,174,0.0477991852912033,0.4094550258725091,0.3616558405813057
2021-06-12,Calaveras,009,45235.0,38980,60,15844,34,22196,24,938,2,2184,8,20648,10,18464,52,0.0482811981872443,0.4564607052061457,0.4081795070189012
2021-06-12,Colusa,011,21464.0,17585,37,3682,23,13019,14,880,0,1462,9,9934,9,8472,28,0.0681140514349608,0.4628214685054044,0.3947074170704435
2021-06-12,Contra Costa,013,1133247.0,1424156,3279,934148,2789,445132,420,44590,70,58690,732,762344,800,703654,2533,0.0517892392391067,0.6727077150877081,0.6209184758486014
2021-06-12,Del Norte,015,27424.0,17885,21,6147,4,10866,14,838,3,1286,6,9932,9,8646,15,0.0468932322053675,0.3621645274212369,0.3152712952158693
2021-06-12,El Dorado,017,186661.0,180980,263,83509,156,91003,88,6446,19,10993,61,98948,80,87955,201,0.0588928592475128,0.5300946635880017,0.4712018043404889
2021-06-12,Fresno,019,978130.0,821256,2974,416106,2361,374410,447,30369,166,61857,793,454748,954,392891,2171,0.0632400601147086,0.4649157065011808,0.4016756463864721
2021-06-12,Glenn,021,27897.0,20589,35,7533,19,11967,13,1070,3,1067,13,11322,16,10255,22,0.038247840269563,0.4058500914076782,0.3676022511381152
2021-06-12,Humboldt,023,135768.0,132173,186,64464,136,61682,49,5909,1,8175,52,72841,53,64666,133,0.0602130104295563,0.5365108125626068,0.4762978021330505
2021-06-12,Imperial,025,180216.0,197326,372,90428,189,93338,147,13529,36,24632,178,117322,214,92690,188,0.1366804279309273,0.651007679673281,0.5143272517423536
2021-06-12,Inyo,027,18085.0,17365,15,6175,8,10519,6,521,1,807,5,9256,6,8449,10,0.0446226154271495,0.5118053635609622,0.4671827481338125
2021-06-12,Kern,029,883053.0,609540,1836,303148,1363,278143,421,28074,51,48509,540,341778,591,293269,1289,0.0549332826002516,0.3870413214155889,0.3321080388153372
2021-06-12,Kings,031,150075.0,86042,269,37372,220,44215,44,4424,5,7117,68,48685,73,41568,185,0.0474229551890721,0.3244044644344494,0.2769815092453773
2021-06-12,Lake,033,64148.0,49375,68,14177,39,33023,23,2173,6,3221,34,27314,40,24093,34,0.0502120097275051,0.4257965953731994,0.3755845856456943
2021-06-12,Lassen,035,31185.0,11362,5,1463,1,8941,4,946,0,629,1,6441,1,5812,4,0.0201699535032868,0.2065416065416065,0.1863716530383197
2021-06-12,Los Angeles,037,10098052.0,10563211,34381,5621006,24724,4533560,8375,405217,1264,742061,10449,5835710,11698,5093649,23715,0.0734855593930393,0.5779045304975653,0.5044189711045259
2021-06-12,Madera,039,155013.0,115536,592,57104,520,53823,56,4538,16,7448,95,63418,111,55970,497,0.048047583105933,0.4091140743034455,0.3610664911975124
2021-06-12,Marin,041,260295.0,371988,943,232361,811,128883,87,10728,45,14715,156,198307,201,183592,787,0.0565320117558923,0.7618548185712365,0.7053228068153441
2021-06-12,Mariposa,043,17540.0,12888,17,2384,11,9990,5,493,1,2358,3,7813,3,5455,14,0.1344355758266818,0.4454389965792474,0.3110034207525655
2021-06-12,Mendocino,045,87422.0,90197,76,48551,55,38743,16,2892,5,6072,26,49390,31,43318,50,0.069456200956281,0.5649607650248222,0.4955045640685411
2021-06-12,Merced,047,269075.0,195073,622,110582,503,75162,96,8546,22,21934,192,110127,214,88193,424,0.0815163058626776,0.409279940537025,0.3277636346743473
2021-06-12,Modoc,049,8938.0,5333,1,635,1,4370,0,321,0,227,0,2933,0,2706,1,0.0253971805773103,0.328149474155292,0.3027522935779816
2021-06-12,Mono,051,14174.0,15362,3,8497,3,6530,0,279,0,570,1,8063,1,7493,2,0.0402144772117962,0.5688584732609002,0.528643996049104
2021-06-12,Monterey,053,433212.0,446803,793,203346,546,223170,232,19667,15,31180,359,247889,374,216709,428,0.0719739988735307,0.5722117577537095,0.5002377588801787
2021-06-12,Napa,055,140530.0,173987,211,88671,177,80474,29,4830,5,11598,42,95007,47,83409,168,0.082530420550772,0.6760620508076567,0.5935316302568846
2021-06-12,Nevada,057,99092.0,100009,93,52695,52,44871,36,2421,5,6424,27,54250,32,47826,66,0.0648286440883219,0.5474710370161062,0.4826423929277842
2021-06-12,Orange,059,3164182.0,3459201,10044,1909998,7630,1442588,2086,105520,325,202845,2955,1877367,3281,1674522,7003,0.0641066158647005,0.5933182730955425,0.529211657230842
2021-06-12,Placer,061,380077.0,397206,1058,223129,785,164657,243,9407,30,21415,222,213648,252,192233,832,0.0563438461153924,0.5621176761550949,0.5057738300397024
2021-06-12,Plumas,063,18699.0,16036,12,1538,4,13507,7,953,1,858,6,8857,7,7999,6,0.0458848066741537,0.4736616931386705,0.4277768864645168
2021-06-12,Riverside,065,2383286.0,2013973,5500,1111045,4077,843839,1296,58230,125,151752,1676,1108985,1803,957233,3781,0.0636734323954405,0.46531763288166,0.4016442004862194
2021-06-12,Sacramento,067,1510023.0,1480324,5078,811503,3372,629077,1583,39584,121,95906,1329,805840,1450,709934,3721,0.0635129398691278,0.5336607455648027,0.4701478056956748
2021-06-12,San Benito,069,59416.0,62256,169,33297,153,26133,12,2722,4,4695,46,34576,50,29881,109,0.07901911942911,0.5819307930523765,0.5029116736232665
2021-06-12,San Bernardino,071,2135413.0,1654785,6072,942713,4773,660273,1177,51609,122,124131,1719,913171,1844,789040,4318,0.0581297388374052,0.4276320318364644,0.3695022929990592
2021-06-12,San Diego,073,3302833.0,3724622,11329,1954561,8695,1646460,2190,122637,441,284971,3062,2072852,3749,1787881,8171,0.0862807777444393,0.6275981861632121,0.5413174084187726
2021-06-12,San Francisco,075,870044.0,1204125,3122,761206,2677,394442,279,48207,165,46761,721,648210,883,601449,2387,0.0537455576959326,0.7450312857740528,0.6912857280781202
2021-06-12,San Joaquin,077,732212.0,648388,1913,356055,1442,270898,436,21394,35,58252,604,358486,641,300234,1295,0.0795561941077174,0.4895931779320743,0.4100369838243569
2021-06-12,San Luis Obispo,079,281455.0,284402,395,143682,267,130242,124,10355,4,17795,162,155793,166,137998,231,0.0632250270913645,0.5535272068359063,0.4903021797445417
2021-06-12,San Mateo,081,765935.0,1015314,3240,612844,2894,366639,261,35416,83,49978,775,548975,858,498997,2449,0.0652509677714166,0.7167383655271009,0.6514873977556842
2021-06-12,Santa Barbara,083,443738.0,465454,919,265627,616,179690,278,19822,25,32229,243,258017,268,225788,665,0.0726306964920741,0.5814624846193024,0.5088317881272282
2021-06-12,Santa Clara,085,1922200.0,2570943,7362,1628344,6113,845862,1064,93236,174,114418,1702,1383605,1874,1269187,5591,0.059524503173447,0.7198028300905213,0.6602783269170742
2021-06-12,Santa Cruz,087,273765.0,325348,994,152117,865,164855,122,8337,7,15924,171,174282,178,158358,821,0.0581666757985863,0.6366116925099995,0.578445016711413
2021-06-12,Shasta,089,179085.0,116106,205,50561,134,60036,65,5466,6,10715,73,66009,79,55294,131,0.0598319233883351,0.3685903341988441,0.308758410810509
2021-06-12,Sierra,091,2930.0,2622,1,171,1,2423,0,28,0,59,1,1347,1,1288,0,0.020136518771331,0.4597269624573379,0.4395904436860068
2021-06-12,Siskiyou,093,43540.0,31878,30,12700,7,18264,23,880,0,2554,10,17601,10,15047,20,0.058658704639412,0.404248966467616,0.3455902618282039
2021-06-12,Solano,095,438530.0,443905,1216,233640,935,198911,222,11319,59,40952,196,247569,255,206617,1013,0.0933847171231158,0.5645429047043532,0.4711581875812373
2021-06-12,Sonoma,097,501317.0,601734,1148,321801,905,261983,195,17898,48,30971,344,324293,392,293322,794,0.0617792733938805,0.6468821125156338,0.5851028391217533
2021-06-12,Stanislaus,099,539301.0,434371,1123,238094,833,181072,262,14927,28,39649,394,240427,423,200778,724,0.0735192406466889,0.4458122643940953,0.3722930237474063
2021-06-12,Sutter,101,95872.0,76994,245,29313,169,44071,61,3606,15,6095,69,43129,84,37034,173,0.0635743491321762,0.4498602303070761,0.3862858811748998
2021-06-12,Tehama,103,63373.0,37168,66,12968,42,22886,24,1306,0,2045,26,20214,26,18169,40,0.0322692629353194,0.3189686459533239,0.2866993830180045
2021-06-12,Trinity,105,12862.0,8712,19,1301,10,6949,1,457,8,611,4,4882,12,4271,15,0.0475042761623386,0.3795677188617633,0.3320634426994246
2021-06-12,Tulare,107,460477.0,326716,1026,185334,804,131632,210,9694,12,24490,365,179946,377,155456,650,0.0531839809588752,0.3907817328552783,0.337597751896403
2021-06-12,Tuolumne,109,53932.0,45675,64,11909,21,32959,25,802,18,2161,16,23909,34,21748,46,0.0400689757472372,0.4433175109397018,0.4032485351924645
2021-06-12,Ventura,111,848112.0,914731,2218,469238,1736,413968,433,31164,48,53572,507,498392,555,444820,1697,0.0631661855981285,0.5876488011017412,0.5244826155036127
2021-06-12,Yolo,113,214977.0,237088,515,113604,305,116882,185,6580,25,14317,153,128776,178,114459,360,0.0665978220925959,0.5990222209817795,0.5324243988891835
2021-06-12,Yuba,115,75493.0,46129,130,15913,88,27371,36,2829,6,3542,35,26176,41,22634,95,0.0469182573218709,0.3467341342905964,0.2998158769687256
2021-06-11,Alameda,001,1643700.0,2038941,8278,1266943,6353,669585,1692,101774,230,105588,2486,1120123,2717,1014535,5750,0.0642379996349698,0.6814643791446128,0.6172263795096429
2021-06-11,Alpine,003,1148.0,1460,2,37,1,1417,1,6,0,87,0,771,0,684,1,0.0757839721254355,0.671602787456446,0.5958188153310104
2021-06-11,Amador,005,37829.0,34299,61,8697,20,24611,36,990,5,2724,13,18561,18,15837,48,0.0720082476406989,0.4906553173491237,0.4186470697084247
2021-06-11,Butte,007,227075.0,168852,451,77800,268,84543,162,6491,21,10940,153,92889,174,81949,296,0.0481779147858637,0.4090674887151822,0.3608895739293185
2021-06-11,Calaveras,009,45235.0,38920,109,15810,62,22172,42,936,5,2226,34,20638,39,18412,75,0.0492096827677683,0.4562396374488781,0.4070299546811097
2021-06-11,Colusa,011,21464.0,17548,68,3659,30,13005,38,880,0,1481,36,9925,36,8444,32,0.0689992545657845,0.4624021617592248,0.3934029071934402
2021-06-11,Contra Costa,013,1133247.0,1420877,5018,931359,4120,444712,689,44520,205,60423,1292,761544,1496,701121,3706,0.0533184733778249,0.6720017789590442,0.6186833055812193
2021-06-11,Del Norte,015,27424.0,17864,61,6143,25,10852,27,835,9,1292,14,9923,22,8631,46,0.0471120186697782,0.3618363477246207,0.3147243290548425
2021-06-11,El Dorado,017,186661.0,180717,673,83353,404,90915,225,6427,44,11114,131,98868,175,87754,542,0.0595410932117582,0.5296660791488313,0.4701249859370731
2021-06-11,Fresno,019,978130.0,818282,3309,413745,2320,373963,872,30203,112,63074,1199,453794,1310,390720,2071,0.0644842710069213,0.4639403760236369,0.3994561050167156
2021-06-11,Glenn,021,27897.0,20554,92,7514,60,11954,29,1067,3,1073,27,11306,30,10233,65,0.0384629171595512,0.4052765530343764,0.3668136358748252
2021-06-11,Humboldt,023,135768.0,131987,442,64328,245,61633,167,5908,29,8255,103,72788,132,64533,338,0.0608022508985917,0.5361204407518708,0.4753181898532791
2021-06-11,Imperial,025,180216.0,196954,1824,90239,1271,93191,482,13493,71,24606,758,117108,831,92502,1051,0.1365361566120655,0.6498202157411107,0.5132840591290452
2021-06-11,Inyo,027,18085.0,17350,41,6167,22,10513,17,520,2,811,15,9250,17,8439,26,0.0448437931987835,0.5114735969035112,0.4666298037047277
2021-06-11,Kern,029,883053.0,607704,2950,301785,1976,277722,880,28023,94,49207,1091,341187,1185,291980,1837,0.0557237221321936,0.386372052413615,0.3306483302814214
2021-06-11,Kings,031,150075.0,85773,391,37152,298,44171,90,4419,3,7229,150,48612,153,41383,236,0.0481692487089788,0.3239180409795102,0.2757487922705314
2021-06-11,Lake,033,64148.0,49307,215,14138,67,33000,124,2167,24,3215,51,27274,75,24059,163,0.050118476024194,0.4251730373511255,0.3750545613269315
2021-06-11,Lassen,035,31185.0,11357,43,1462,29,8937,14,946,0,632,12,6440,12,5808,31,0.0202661535994869,0.2065095398428731,0.1862433862433862
2021-06-11,Los Angeles,037,10098052.0,10528830,42555,5596282,29104,4525185,11700,403953,1729,754078,13612,5824012,15330,5069934,28632,0.0746755908961451,0.5767460892457278,0.5020704983495826
2021-06-11,Madera,039,155013.0,114944,391,56584,227,53767,131,4522,33,7834,171,63307,202,55473,219,0.0505376968383296,0.4083980053285853,0.3578603084902556
2021-06-11,Marin,041,260295.0,371045,729,231550,611,128796,85,10683,32,15301,147,198106,179,182805,577,0.0587833035594229,0.7610826177990357,0.7022993142396128
2021-06-11,Mariposa,043,17540.0,12871,43,2373,12,9985,23,492,8,2369,10,7810,18,5441,32,0.1350627137970353,0.4452679589509692,0.3102052451539339
2021-06-11,Mendocino,045,87422.0,90121,792,48496,604,38727,162,2887,26,6091,128,49359,154,43268,661,0.0696735375534762,0.5646061632083458,0.4949326256548695
2021-06-11,Merced,047,269075.0,194451,615,110079,393,75066,204,8524,17,22144,253,109913,270,87769,354,0.0822967574096441,0.4084846232463068,0.3261878658366626
2021-06-11,Modoc,049,8938.0,5332,3,634,1,4370,2,321,0,228,3,2933,3,2705,0,0.0255090624300738,0.328149474155292,0.3026404117252181
2021-06-11,Mono,051,14174.0,15359,80,8494,68,6530,7,279,5,571,6,8062,11,7491,74,0.0402850289262029,0.5687879215464936,0.5285028926202907
2021-06-11,Monterey,053,433212.0,446010,1525,202800,852,222938,579,19652,93,31234,541,247515,632,216281,976,0.0720986491602264,0.57134843910141,0.4992497899411835
2021-06-11,Napa,055,140530.0,173776,418,88494,276,80445,120,4825,22,11719,119,94960,141,83241,299,0.0833914466661922,0.6757276026471216,0.5923361559809294
2021-06-11,Nevada,057,99092.0,99916,328,52643,230,44835,75,2416,19,6458,72,54218,90,47760,249,0.0651717595769587,0.5471481047915069,0.4819763452145481
2021-06-11,Orange,059,3164182.0,3449157,13726,1902368,9644,1440502,3567,105195,507,206567,4400,1874086,4901,1667519,9223,0.0652829072411131,0.5922813542331004,0.5269984469919872
2021-06-11,Placer,061,380077.0,396148,1529,222344,1108,164414,361,9377,60,21995,357,213396,415,191401,1162,0.0578698526877448,0.5614546526098659,0.503584799922121
2021-06-11,Plumas,063,18699.0,16024,30,1534,17,13500,9,952,4,857,9,8850,13,7993,21,0.0458313278784961,0.4732873415690679,0.4274560136905717
2021-06-11,Riverside,065,2383286.0,2008473,9438,1106968,6423,842543,2700,58105,312,153730,3198,1107182,3509,953452,6185,0.0645033789482252,0.4645611143605929,0.4000577354123676
2021-06-11,Sacramento,067,1510023.0,1475246,7956,808131,5529,627494,2208,39463,214,98177,2245,804390,2457,706213,5678,0.0650168904712047,0.532700495290469,0.4676836048192643
2021-06-11,San Benito,069,59416.0,62087,271,33144,241,26121,24,2718,5,4754,93,34526,98,29772,176,0.0800121179480274,0.5810892688838023,0.5010771509357749
2021-06-11,San Bernardino,071,2135413.0,1648713,8344,937940,5831,659096,2274,51487,239,126605,2982,911327,3217,784722,5323,0.0592882969242952,0.4267684986463976,0.3674802017221025
2021-06-11,San Diego,073,3302833.0,3713293,15898,1945866,10109,1644270,4401,122196,1383,289393,4187,2069103,5921,1779710,11596,0.0876196283614702,0.6264631000114145,0.5388434716499442
2021-06-11,San Francisco,075,870044.0,1201003,3228,758529,2546,394163,508,48042,171,48265,937,647327,1106,599062,2271,0.0554742059022302,0.744016394573148,0.6885421886709178
2021-06-11,San Joaquin,077,732212.0,646475,3003,354613,2082,270462,798,21359,123,58906,960,357845,1083,298939,2021,0.0804493780489803,0.4887177484116622,0.4082683703626818
2021-06-11,San Luis Obispo,079,281455.0,284007,948,143415,547,130118,362,10351,39,17860,335,155627,374,137767,608,0.0634559698708496,0.5529374145067595,0.4894814446359098
2021-06-11,San Mateo,081,765935.0,1012074,2930,609950,2353,366378,465,35333,111,51569,914,548117,1024,496548,1998,0.0673281675337985,0.7156181660323657,0.6482899984985672
2021-06-11,Santa Barbara,083,443738.0,464535,1355,265011,634,179412,615,19797,106,32626,402,257749,508,225123,948,0.0735253685733473,0.5808585246248913,0.5073331560515439
2021-06-11,Santa Clara,085,1922200.0,2563581,10520,1622231,8908,844798,1309,93062,292,118135,2552,1381731,2842,1263596,7898,0.0614582249505774,0.7188279055249194,0.6573696805743419
2021-06-11,Santa Cruz,087,273765.0,324354,834,151252,519,164733,282,8330,33,16567,279,174104,310,157537,550,0.0605154055485544,0.6359614998264935,0.5754460942779391
2021-06-11,Shasta,089,179085.0,115901,471,50427,252,59971,180,5460,39,10767,125,65930,163,55163,345,0.0601222882988525,0.3681492028924812,0.3080269145936287
2021-06-11,Sierra,091,2930.0,2621,6,170,3,2423,3,28,0,58,3,1346,3,1288,3,0.0197952218430034,0.4593856655290102,0.4395904436860068
2021-06-11,Siskiyou,093,43540.0,31848,114,12693,59,18241,48,880,7,2564,24,17591,31,15027,68,0.0588883785025264,0.4040192926045016,0.3451309141019752
2021-06-11,Solano,095,438530.0,442689,1676,232705,1339,198689,268,11260,68,41710,587,247314,654,205604,1084,0.0951132191640252,0.563961416550749,0.4688481973867238
2021-06-11,Sonoma,097,501317.0,600586,2069,320896,1684,261788,291,17850,94,31373,540,323901,634,292528,1520,0.0625811612213429,0.6461001721465659,0.583519010925223
2021-06-11,Stanislaus,099,539301.0,433248,1585,237261,972,180810,559,14899,54,39950,572,240004,626,200054,992,0.074077370522213,0.4450279157650366,0.3709505452428235
2021-06-11,Sutter,101,95872.0,76749,353,29144,227,44010,120,3591,6,6184,113,43045,118,36861,235,0.0645026702269692,0.448984062082777,0.3844813918558077
2021-06-11,Tehama,103,63373.0,37102,161,12926,73,22862,79,1306,9,2059,57,20188,66,18129,102,0.0324901772048033,0.3185583765957111,0.2860681993909078
2021-06-11,Trinity,105,12862.0,8693,50,1291,14,6948,34,449,2,614,15,4870,17,4256,35,0.0477375213808116,0.3786347379878712,0.3308972166070595
2021-06-11,Tulare,107,460477.0,325690,1257,184530,890,131422,331,9682,35,24763,374,179569,409,154806,874,0.0537768444460852,0.3899630166110359,0.3361861721649506
2021-06-11,Tuolumne,109,53932.0,45611,112,11888,50,32934,59,784,3,2173,29,23875,32,21702,77,0.04029147815768,0.4426870874434473,0.4023956092857673
2021-06-11,Ventura,111,848112.0,912513,3600,467502,2462,413535,993,31116,144,54714,991,497837,1132,443123,2596,0.0645127058690361,0.5869944063991548,0.5224817005301187
2021-06-11,Yolo,113,214977.0,236573,688,113299,471,116697,192,6555,24,14499,197,128598,221,114099,487,0.0674444242872493,0.5981942254287668,0.5307498011415175
2021-06-11,Yuba,115,75493.0,45999,353,15825,252,27335,87,2823,12,3596,73,26135,85,22539,277,0.0476335554289801,0.3461910375796431,0.2985574821506629
2021-06-10,Alameda,001,1643700.0,2030663,8184,1260590,6839,667893,1038,101544,303,108621,2123,1117406,2424,1008785,6019,0.0660832268662164,0.679811401107258,0.6137281742410415
2021-06-10,Alpine,003,1148.0,1458,1,36,1,1416,0,6,0,88,1,771,1,683,0,0.0766550522648083,0.671602787456446,0.5949477351916377
2021-06-10,Amador,005,37829.0,34238,54,8677,21,24575,22,985,11,2754,20,18543,31,15789,34,0.0728012900155965,0.4901794919241851,0.4173782019085886
2021-06-10,Butte,007,227075.0,168401,645,77532,462,84381,150,6470,33,11062,234,92715,267,81653,409,0.0487151822085214,0.4083012220631949,0.3595860398546736
2021-06-10,Calaveras,009,45235.0,38811,120,15748,59,22130,52,931,9,2262,37,20599,46,18337,78,0.0500055266939316,0.4553774731955344,0.4053719465016027
2021-06-10,Colusa,011,21464.0,17480,59,3629,24,12967,32,880,3,1477,14,9889,17,8412,45,0.0688128960119269,0.4607249347745061,0.3919120387625792
2021-06-10,Contra Costa,013,1133247.0,1415859,4990,927239,4189,444023,623,44315,176,62633,1256,760048,1431,697415,3717,0.055268621933259,0.6706816783984427,0.6154130564651836
2021-06-10,Del Norte,015,27424.0,17803,58,6118,28,10825,23,826,7,1316,12,9901,19,8585,44,0.0479871645274212,0.3610341306884481,0.3130469661610268
2021-06-10,El Dorado,017,186661.0,180044,598,82949,373,90690,194,6383,31,11481,159,98693,190,87212,437,0.0615072243264527,0.5287285506881458,0.4672213263616931
2021-06-10,Fresno,019,978130.0,814973,2758,411425,2009,373091,674,30091,72,63835,929,452484,999,388649,1797,0.0652622861991759,0.4626010857452486,0.3973387995460726
2021-06-10,Glenn,021,27897.0,20462,122,7454,92,11925,24,1064,6,1108,36,11276,42,10168,86,0.0397175323511488,0.4042011685844356,0.3644836362332867
2021-06-10,Humboldt,023,135768.0,131545,585,64083,456,61466,100,5879,29,8461,94,72656,121,64195,488,0.0623195451063579,0.5351481939779624,0.4728286488716045
2021-06-10,Imperial,025,180216.0,195130,1269,88968,817,92709,377,13422,75,24826,450,116277,525,91451,809,0.1377569139255116,0.645209082434412,0.5074521685089004
2021-06-10,Inyo,027,18085.0,17309,59,6145,40,10496,14,518,5,820,17,9233,22,8413,40,0.0453414431849599,0.510533591374067,0.465192148189107
2021-06-10,Kern,029,883053.0,604754,2340,299809,1454,276842,779,27929,106,49859,786,340002,890,290143,1543,0.0564620696605979,0.3850301171050888,0.3285680474444908
2021-06-10,Kings,031,150075.0,85382,360,36854,238,44081,109,4416,13,7312,80,48459,93,41147,280,0.0487223055139097,0.3228985507246377,0.274176245210728
2021-06-10,Lake,033,64148.0,49092,128,14071,62,32876,53,2143,13,3303,49,27199,62,23896,79,0.0514903036727567,0.4240038660597368,0.3725135623869801
2021-06-10,Lassen,035,31185.0,11314,17,1433,8,8923,5,946,4,651,8,6428,12,5777,9,0.0208754208754208,0.2061247394580728,0.1852493185826519
2021-06-10,Los Angeles,037,10098052.0,10486275,37773,5567178,26096,4513485,9982,402224,1672,767380,11508,5808682,13160,5041302,25978,0.0759928746653314,0.5752279746628359,0.4992350999975045
2021-06-10,Madera,039,155013.0,114553,352,56357,202,53636,134,4489,16,7851,121,63105,137,55254,229,0.0506473650597046,0.4070948888157767,0.3564475237560721
2021-06-10,Marin,041,260295.0,370316,900,230939,790,128711,60,10651,50,15699,180,197927,230,182228,716,0.0603123379242782,0.7603949365143395,0.7000825985900613
2021-06-10,Mariposa,043,17540.0,12828,17,2361,8,9962,6,484,3,2383,6,7792,9,5409,10,0.135860889395667,0.4442417331812999,0.3083808437856328
2021-06-10,Mendocino,045,87422.0,89329,137,47892,74,38565,47,2861,16,6598,57,49205,73,42607,80,0.0754729930681064,0.5628445928942372,0.4873715998261307
2021-06-10,Merced,047,269075.0,193836,736,109686,521,74862,190,8507,25,22228,287,109643,311,87415,428,0.0826089380284307,0.4074811855430642,0.3248722475146334
2021-06-10,Modoc,049,8938.0,5329,21,633,1,4368,19,321,1,225,7,2930,8,2705,14,0.0251734168717833,0.3278138285970016,0.3026404117252181
2021-06-10,Mono,051,14174.0,15279,7,8426,0,6523,5,274,2,634,3,8051,5,7417,4,0.0447297869338224,0.5680118526880203,0.5232820657541978
2021-06-10,Monterey,053,433212.0,444485,1655,201948,1040,222359,548,19559,67,31578,579,246883,644,215305,1070,0.0728927176532506,0.5698895690793422,0.4969968514260916
2021-06-10,Napa,055,140530.0,173358,541,88218,439,80325,70,4803,32,11877,112,94819,144,82942,428,0.084515761759055,0.6747242581655163,0.5902084964064612
2021-06-10,Nevada,057,99092.0,99588,280,52413,179,44760,90,2397,11,6617,71,54128,81,47511,207,0.0667763290679368,0.5462398579098212,0.4794635288418843
2021-06-10,Orange,059,3164182.0,3435431,11948,1892724,8687,1436935,2779,104688,481,210889,3418,1869185,3893,1658296,8451,0.0666488210855127,0.5907324547070933,0.5240836336215805
2021-06-10,Placer,061,380077.0,394619,1277,221236,879,164053,322,9317,76,22742,309,212981,385,190239,966,0.0598352439111022,0.5603627685968896,0.5005275246857873
2021-06-10,Plumas,063,18699.0,15994,39,1517,15,13491,20,948,4,865,14,8837,18,7972,24,0.0462591582437563,0.4725921172255201,0.4263329589817637
2021-06-10,Riverside,065,2383286.0,1999035,7859,1100545,5510,839843,2101,57793,247,156406,2376,1103673,2622,947267,5448,0.0656261984503748,0.4630887774274678,0.397462578977093
2021-06-10,Sacramento,067,1510023.0,1467290,5584,802602,3544,625286,1808,39249,228,101398,1633,801933,1858,700535,3907,0.0671499705633622,0.53107336775665,0.4639233971932878
2021-06-10,San Benito,069,59416.0,61816,369,32903,337,26097,25,2713,7,4832,78,34428,85,29596,289,0.081324895651003,0.5794398815133971,0.4981149858623939
2021-06-10,San Bernardino,071,2135413.0,1640369,7383,932109,5194,656822,1972,51248,216,128711,2271,908110,2484,779399,5055,0.0602745230079614,0.4252619984986511,0.3649874754906896
2021-06-10,San Diego,073,3302833.0,3697395,18000,1935757,12000,1639869,3888,120813,2111,295068,4218,2063182,6754,1768114,13669,0.0893378502636978,0.6246703965958921,0.5353325463321942
2021-06-10,San Francisco,075,870044.0,1197775,2579,755983,1967,393655,413,47871,197,49430,761,646221,959,596791,1800,0.0568132186418158,0.7427451944959106,0.6859319758540947
2021-06-10,San Joaquin,077,732212.0,643472,2730,352531,1978,269664,682,21236,70,59844,998,356762,1067,296918,1717,0.081730427799599,0.4872386685823232,0.4055082407827241
2021-06-10,San Luis Obispo,079,281455.0,283059,759,142868,360,129756,359,10312,40,18094,217,155253,257,137159,536,0.0642873638769963,0.5516086052832602,0.4873212414062638
2021-06-10,San Mateo,081,765935.0,1009144,3093,607597,2507,365913,464,35222,111,52543,747,547093,858,494550,2321,0.0685998159112718,0.714281237964057,0.6456814220527851
2021-06-10,Santa Barbara,083,443738.0,463180,2434,264377,2106,178797,254,19691,74,33066,524,257241,597,224175,1904,0.0745169446835745,0.5797137049339925,0.505196760250418
2021-06-10,Santa Clara,085,1922200.0,2553061,8575,1613323,7103,843489,1130,92770,333,123191,2198,1378889,2528,1255698,6301,0.0640885443762355,0.717349391322443,0.6532608469462075
2021-06-10,Santa Cruz,087,273765.0,323520,1972,150733,1617,164451,282,8297,72,16807,309,173794,379,156987,1656,0.0613920698409219,0.6348291417821854,0.5734370719412635
2021-06-10,Shasta,089,179085.0,115430,409,50175,243,59791,140,5421,24,10949,130,65767,154,54818,268,0.0611385654856632,0.367239020576821,0.3061004550911578
2021-06-10,Sierra,091,2930.0,2615,9,167,9,2420,0,28,0,58,5,1343,5,1285,4,0.0197952218430034,0.4583617747440273,0.4385665529010238
2021-06-10,Siskiyou,093,43540.0,31734,177,12634,144,18193,32,873,1,2601,73,17560,74,14959,104,0.0597381717960496,0.403307303628847,0.3435691318327974
2021-06-10,Solano,095,438530.0,441013,1354,231366,889,198421,390,11192,75,42140,421,246660,495,204520,926,0.0960937678152007,0.5624700704626822,0.4663763026474813
2021-06-10,Sonoma,097,501317.0,598517,1909,319212,1548,261497,255,17756,106,32259,552,323267,656,291008,1340,0.0643485060351035,0.644835503284349,0.5804869972492455
2021-06-10,Stanislaus,099,539301.0,431663,1553,236289,1000,180251,488,14845,65,40316,631,239378,697,199062,904,0.074756026782817,0.4438671539641128,0.3691111271812958
2021-06-10,Sutter,101,95872.0,76396,401,28917,291,43890,99,3585,11,6301,156,42927,167,36626,239,0.0657230473965287,0.4477532543391188,0.3820302069425901
2021-06-10,Tehama,103,63373.0,36941,278,12853,227,22783,42,1297,9,2095,37,20122,46,18027,241,0.0330582424691903,0.3175169236110015,0.2844586811418111
2021-06-10,Trinity,105,12862.0,8643,27,1277,19,6914,2,447,6,632,6,4853,12,4221,21,0.0491369926916498,0.3773130150831908,0.328176022391541
2021-06-10,Tulare,107,460477.0,324433,1156,183640,916,131091,203,9647,37,25228,394,179160,430,153932,759,0.054786666869355,0.3890748072107836,0.3342881403414285
2021-06-10,Tuolumne,109,53932.0,45499,103,11838,16,32875,79,781,8,2218,26,23843,34,21625,76,0.0411258621968404,0.4420937476822665,0.4009678854854261
2021-06-10,Ventura,111,848112.0,908913,3110,465040,2169,412542,839,30972,102,56178,828,496705,929,440527,2268,0.0662388929763993,0.5856596770237893,0.51942078404739
2021-06-10,Yolo,113,214977.0,235885,589,112828,376,116505,179,6531,34,14765,169,128377,203,113612,418,0.0686817659563581,0.5971662084781163,0.5284844425217582
2021-06-10,Yuba,115,75493.0,45646,390,15573,310,27248,70,2811,10,3788,98,26050,108,22262,292,0.0501768375875909,0.3450651053740082,0.2948882677864173
2021-06-09,Alameda,001,1643700.0,2022479,7527,1253751,6137,666855,1174,101241,212,112216,1680,1114982,1886,1002766,5806,0.0682703656384985,0.6783366794427207,0.6100663138042222
2021-06-09,Alpine,003,1148.0,1457,0,35,0,1416,0,6,0,87,0,770,0,683,0,0.0757839721254355,0.6707317073170732,0.5949477351916377
2021-06-09,Amador,005,37829.0,34184,49,8656,19,24553,21,974,9,2757,12,18512,21,15755,36,0.0728805942530862,0.4893600148034576,0.4164794205503714
2021-06-09,Butte,007,227075.0,167756,449,77070,309,84231,121,6437,19,11204,149,92448,168,81244,292,0.0493405262578443,0.4071253990972145,0.3577848728393702
2021-06-09,Calaveras,009,45235.0,38691,101,15689,54,22078,41,922,6,2294,29,20553,33,18259,70,0.050712943517188,0.4543605615121034,0.4036476179949154
2021-06-09,Colusa,011,21464.0,17421,75,3605,44,12935,31,877,0,1505,29,9872,29,8367,45,0.0701174058889303,0.4599329109206113,0.3898155050316809
2021-06-09,Contra Costa,013,1133247.0,1410869,5043,923050,4289,443400,598,44139,153,64919,1273,758617,1427,693698,3747,0.0572858344209161,0.6694189351482951,0.6121331007273789
2021-06-09,Del Norte,015,27424.0,17745,63,6090,11,10802,45,819,7,1341,19,9882,26,8541,44,0.0488987747957993,0.3603413068844807,0.3114425320886814
2021-06-09,El Dorado,017,186661.0,179446,465,82576,278,90496,163,6352,24,11728,109,98503,133,86775,355,0.0628304787823916,0.527710662645116,0.4648801838627244
2021-06-09,Fresno,019,978130.0,812215,3042,409416,2267,372417,670,30019,104,64633,1000,451485,1103,386852,2023,0.0660781286741026,0.4615797491131035,0.3955016204390009
2021-06-09,Glenn,021,27897.0,20340,63,7362,36,11901,20,1058,7,1152,31,11234,38,10082,32,0.0412947628777287,0.4026956303545184,0.3614008674767896
2021-06-09,Humboldt,023,135768.0,130960,413,63627,213,61366,152,5850,48,8828,129,72535,177,63707,282,0.0650226857580578,0.5342569677685464,0.4692342820104885
2021-06-09,Imperial,025,180216.0,193861,1216,88151,821,92332,313,13347,82,25110,545,115752,626,90642,666,0.1393328006392329,0.6422959115727793,0.5029631109335464
2021-06-09,Inyo,027,18085.0,17250,117,6105,101,10482,14,513,2,838,13,9211,15,8373,103,0.0463367431573126,0.5093171136300801,0.4629803704727674
2021-06-09,Kern,029,883053.0,602414,2686,298355,1890,276063,702,27823,93,50512,824,339112,915,288600,1850,0.0572015496238617,0.3840222500801197,0.326820700456258
2021-06-09,Kings,031,150075.0,85022,411,36616,278,43972,124,4403,9,7499,121,48366,130,40867,288,0.0499683491587539,0.3222788605697151,0.2723105114109612
2021-06-09,Lake,033,64148.0,48964,171,14009,41,32823,126,2130,4,3320,40,27137,44,23817,130,0.0517553158321381,0.4230373511255222,0.371282035293384
2021-06-09,Lassen,035,31185.0,11297,18,1425,1,8918,15,942,2,648,7,6416,9,5768,11,0.0207792207792207,0.2057399390732724,0.1849607182940516
2021-06-09,Los Angeles,037,10098052.0,10448502,41068,5541082,28945,4503503,10524,400552,1579,780198,11885,5795522,13438,5015324,28845,0.0772622283981108,0.573924753011769,0.4966625246136582
2021-06-09,Madera,039,155013.0,114201,391,56155,249,53502,113,4473,28,7943,148,62968,176,55025,241,0.0512408636694986,0.4062110919729313,0.3549702283034326
2021-06-09,Marin,041,260295.0,369416,755,230149,678,128651,63,10601,13,16185,134,197697,147,181512,619,0.0621794502391517,0.7595113236904282,0.6973318734512765
2021-06-09,Mariposa,043,17540.0,12811,28,2353,21,9956,2,481,5,2384,7,7783,12,5399,21,0.1359179019384264,0.4437286202964652,0.3078107183580387
2021-06-09,Mendocino,045,87422.0,89192,311,47818,251,38518,50,2845,10,6605,106,49132,116,42527,204,0.0755530644460204,0.5620095628102766,0.4864564983642561
2021-06-09,Merced,047,269075.0,193100,919,109165,669,74672,232,8482,16,22345,273,109332,289,86987,626,0.0830437610331692,0.4063253739663662,0.323281612933197
2021-06-09,Modoc,049,8938.0,5308,3,632,2,4349,1,320,0,231,2,2922,2,2691,1,0.0258447079883642,0.3269187737748937,0.3010740657865294
2021-06-09,Mono,051,14174.0,15272,7,8426,1,6518,5,272,1,633,1,8046,2,7413,6,0.0446592352194158,0.567659094115987,0.5229998588965712
2021-06-09,Monterey,053,433212.0,442830,3079,200908,2331,221811,621,19492,126,32004,650,246239,775,214235,2424,0.0738760699149608,0.5684029989935644,0.4945269290786035
2021-06-09,Napa,055,140530.0,172817,586,87779,478,80255,94,4771,14,12161,94,94675,108,82514,487,0.0865366825588842,0.6736995659289832,0.5871628833700989
2021-06-09,Nevada,057,99092.0,99308,324,52234,215,44670,100,2386,6,6743,76,54047,82,47304,245,0.0680478747022968,0.545422435716304,0.4773745610140071
2021-06-09,Orange,059,3164182.0,3423483,12111,1884037,8389,1434156,3254,104207,467,215447,3353,1865292,3815,1649845,8669,0.0680893197673205,0.5895021209273045,0.5214128011599839
2021-06-09,Placer,061,380077.0,393342,1225,220357,893,163731,281,9241,51,23323,281,212596,332,189273,939,0.061363881529269,0.5593498159583453,0.4979859344290762
2021-06-09,Plumas,063,18699.0,15955,43,1502,6,13471,34,944,3,871,10,8819,13,7948,33,0.0465800310177014,0.4716294989036846,0.4250494678859832
2021-06-09,Riverside,065,2383286.0,1991176,8061,1095035,5874,837742,1870,57546,306,159232,2437,1101051,2743,941819,5559,0.0668119562654251,0.4619886157179625,0.3951766594525374
2021-06-09,Sacramento,067,1510023.0,1461706,6785,799058,4836,623478,1757,39021,186,103447,1682,800075,1865,696628,5043,0.0685069035372308,0.5298429229223661,0.4613360193851352
2021-06-09,San Benito,069,59416.0,61447,253,32566,195,26072,50,2706,8,5036,71,34343,79,29307,180,0.0847583142587855,0.578009290426821,0.4932509761680355
2021-06-09,San Bernardino,071,2135413.0,1632986,7236,926915,5158,654850,1881,51032,197,131282,2310,905626,2510,774344,4868,0.0614785055630924,0.4240987574768909,0.3626202519137984
2021-06-09,San Diego,073,3302833.0,3679395,16983,1923757,11255,1635981,3737,118702,1986,301983,4200,2056428,6515,1754445,12659,0.0914315074361919,0.6226254854544568,0.531193978018265
2021-06-09,San Francisco,075,870044.0,1195196,2401,754016,1906,393242,339,47674,153,50271,665,645262,815,594991,1722,0.057779836422066,0.7416429513909641,0.6838631149688982
2021-06-09,San Joaquin,077,732212.0,640742,2936,350553,2055,268982,834,21166,46,60494,973,355695,1020,295201,1932,0.0826181488421386,0.4857814403478774,0.4031632915057387
2021-06-09,San Luis Obispo,079,281455.0,282300,648,142508,362,129397,255,10272,31,18373,188,154996,218,136623,456,0.0652786413458634,0.5506954930628342,0.4854168517169707
2021-06-09,San Mateo,081,765935.0,1006051,4248,605090,3653,365449,522,35111,71,54006,615,546235,685,492229,3618,0.0705098996651151,0.7131610384693218,0.6426511388042067
2021-06-09,Santa Barbara,083,443738.0,460746,1061,262271,726,178543,247,19617,87,34373,326,256644,413,222271,729,0.077462376447363,0.5783683164389798,0.5009059399916167
2021-06-09,Santa Clara,085,1922200.0,2544486,9850,1606220,8187,842359,1389,92437,263,126964,2295,1376361,2551,1249397,7474,0.0660513994381438,0.716034231609614,0.6499828321714702
2021-06-09,Santa Cruz,087,273765.0,321548,1419,149116,1116,164169,284,8225,19,18084,270,173415,290,155331,1142,0.0660566544298942,0.6334447427538217,0.5673880883239275
2021-06-09,Shasta,089,179085.0,115021,479,49932,271,59651,120,5397,88,11063,107,65613,194,54550,369,0.0617751347125666,0.3663790937264427,0.3046039590138761
2021-06-09,Sierra,091,2930.0,2606,8,158,0,2420,6,28,2,57,0,1338,2,1281,8,0.0194539249146757,0.4566552901023891,0.4372013651877133
2021-06-09,Siskiyou,093,43540.0,31557,115,12490,85,18161,29,872,1,2631,30,17486,31,14855,84,0.0604271933853927,0.4016077170418006,0.3411805236564079
2021-06-09,Solano,095,438530.0,439659,2212,230477,1897,198031,252,11117,61,42571,671,246165,731,203594,1529,0.0970765968120767,0.5613412993409801,0.4642647025289034
2021-06-09,Sonoma,097,501317.0,596608,1762,317664,1458,261242,242,17650,62,32943,399,322611,461,289668,1346,0.0657129121892934,0.643526950013664,0.5778140378243706
2021-06-09,Stanislaus,099,539301.0,430110,1930,235289,1377,179763,466,14780,83,40523,645,238681,727,198158,1271,0.0751398569629946,0.4425747402656401,0.3674348833026454
2021-06-09,Sutter,101,95872.0,75995,383,28626,248,43791,130,3574,5,6373,134,42760,139,36387,246,0.0664740487316421,0.4460113484646195,0.3795372997329773
2021-06-09,Tehama,103,63373.0,36663,99,12626,52,22741,46,1288,1,2290,46,20076,47,17786,53,0.0361352626512868,0.3167910624398403,0.2806557997885535
2021-06-09,Trinity,105,12862.0,8616,31,1258,13,6912,1,441,16,641,5,4841,21,4200,25,0.0498367283470688,0.3763800342092987,0.3265433058622298
2021-06-09,Tulare,107,460477.0,323277,1118,182724,784,130888,296,9610,38,25557,351,178730,387,153173,764,0.0555011433795824,0.3881409929268997,0.3326398495473172
2021-06-09,Tuolumne,109,53932.0,45396,90,11822,45,32796,36,773,9,2260,40,23809,49,21549,49,0.0419046206333902,0.441463324186012,0.3995587035526218
2021-06-09,Ventura,111,848112.0,905803,3051,462871,2114,411703,827,30870,109,57517,766,495776,876,438259,2268,0.0678176938894862,0.5845643028279284,0.516746608938442
2021-06-09,Yolo,113,214977.0,235296,814,112452,504,116326,280,6497,30,14980,216,128174,245,113194,594,0.0696818729445475,0.596221921414849,0.5265400484703014
2021-06-09,Yuba,115,75493.0,45256,178,15263,105,27178,65,2801,8,3972,73,25942,80,21970,103,0.0526141496562595,0.3436345091597896,0.2910203595035301
2021-06-08,Alameda,001,1643700.0,2014952,7489,1247614,5979,665681,1254,101029,253,116136,2161,1113096,2412,996960,5303,0.0706552290563971,0.6771892681146194,0.6065340390582223
2021-06-08,Alpine,003,1148.0,1457,0,35,0,1416,0,6,0,87,0,770,0,683,0,0.0757839721254355,0.6707317073170732,0.5949477351916377
2021-06-08,Amador,005,37829.0,34135,174,8637,139,24532,25,965,10,2772,48,18491,59,15719,126,0.073277115440535,0.4888048851410294,0.4155277697004943
2021-06-08,Butte,007,227075.0,167307,666,76761,478,84110,167,6418,21,11328,186,92280,205,80952,467,0.0498866013431685,0.4063855554332269,0.3564989540900583
2021-06-08,Calaveras,009,45235.0,38590,130,15635,82,22037,41,916,7,2331,59,20520,66,18189,69,0.0515308942190781,0.4536310379131203,0.4021001436940422
2021-06-08,Colusa,011,21464.0,17346,89,3561,25,12904,64,877,0,1521,32,9843,32,8322,57,0.0708628401043608,0.4585818114051435,0.3877189713007827
2021-06-08,Contra Costa,013,1133247.0,1405826,6238,918761,5374,442802,737,43986,125,67239,1433,757190,1559,689951,4785,0.0593330491940415,0.6681597215787909,0.6088266723847493
2021-06-08,Del Norte,015,27424.0,17682,121,6079,87,10757,29,812,5,1359,38,9856,43,8497,83,0.0495551341890315,0.3593932322053675,0.309838098016336
2021-06-08,El Dorado,017,186661.0,178981,649,82298,394,90333,219,6328,36,11950,133,98370,167,86420,513,0.0640198006010896,0.5269981410149951,0.4629783404139054
2021-06-08,Fresno,019,978130.0,809173,2849,407149,2095,371747,665,29915,86,65553,823,450382,908,384829,2009,0.0670186989459478,0.4604520871458804,0.3934333881999325
2021-06-08,Glenn,021,27897.0,20277,37,7326,20,11881,12,1051,5,1146,16,11196,21,10050,21,0.0410796859877406,0.4013334767179267,0.360253790730186
2021-06-08,Humboldt,023,135768.0,130547,526,63414,306,61214,191,5802,29,8933,145,72358,173,63425,378,0.0657960638736668,0.5329532732308055,0.4671572093571386
2021-06-08,Imperial,025,180216.0,192645,1543,87330,1104,92019,346,13265,93,25150,610,115126,704,89976,926,0.1395547565144049,0.6388223021263373,0.4992675456119324
2021-06-08,Inyo,027,18085.0,17133,52,6004,24,10468,25,511,3,926,24,9196,27,8270,28,0.0512026541332596,0.5084876969864529,0.4572850428531932
2021-06-08,Kern,029,883053.0,599728,2159,296465,1265,275361,824,27730,70,51447,649,338197,718,286750,1494,0.058260376217509,0.3829860721836628,0.3247256959661538
2021-06-08,Kings,031,150075.0,84611,324,36338,247,43848,57,4394,20,7657,85,48236,105,40579,237,0.0510211560886223,0.3214126270198234,0.2703914709312011
2021-06-08,Lake,033,64148.0,48793,186,13968,70,32697,104,2126,12,3406,68,27093,80,23687,117,0.0530959655795971,0.4223514373012408,0.3692554717216437
2021-06-08,Lassen,035,31185.0,11279,34,1424,3,8903,27,940,4,650,12,6407,16,5757,22,0.0208433541766875,0.2054513387846721,0.1846079846079846
2021-06-08,Los Angeles,037,10098052.0,10407434,39580,5512137,27225,4492979,10663,398973,1668,795605,12977,5782084,14631,4986479,26323,0.0787879682140674,0.5725940012984683,0.4938060330844008
2021-06-08,Madera,039,155013.0,113810,407,55906,291,53389,93,4445,22,8008,98,62792,120,54784,307,0.0516601833394618,0.4050757033281079,0.3534155199886461
2021-06-08,Marin,041,260295.0,368661,996,229471,883,128588,73,10588,40,16657,230,197550,270,180893,764,0.0639927774256132,0.7589465798421022,0.694953802416489
2021-06-08,Mariposa,043,17540.0,12783,50,2332,37,9954,11,476,2,2393,17,7771,19,5378,33,0.1364310148232611,0.4430444697833523,0.3066134549600912
2021-06-08,Mendocino,045,87422.0,88881,248,47567,145,38468,90,2835,13,6693,108,49016,121,42323,135,0.0765596760540825,0.5606826656905585,0.4841229896364759
2021-06-08,Merced,047,269075.0,192181,892,108496,653,74440,209,8466,28,22682,277,109043,306,86361,599,0.0842961999442534,0.4052513239803029,0.3209551240360494
2021-06-08,Modoc,049,8938.0,5305,28,630,10,4348,17,320,1,230,17,2920,18,2690,11,0.0257328261356008,0.3266950100693667,0.3009621839337659
2021-06-08,Mono,051,14174.0,15265,118,8425,108,6513,8,271,2,637,12,8044,14,7407,106,0.0449414420770424,0.5675179906871737,0.5225765486101313
2021-06-08,Monterey,053,433212.0,439751,1301,198577,843,221190,433,19366,23,33653,449,245464,472,211811,839,0.0776825203364634,0.5666140365456174,0.4889315162091539
2021-06-08,Napa,055,140530.0,172231,653,87301,518,80161,118,4757,17,12540,286,94567,303,82027,364,0.0892336155980929,0.6729310467515833,0.5836974311534904
2021-06-08,Nevada,057,99092.0,98984,287,52019,190,44570,84,2380,13,6906,63,53965,76,47059,220,0.0696928107213498,0.5445949218907682,0.4749021111694183
2021-06-08,Orange,059,3164182.0,3411372,12555,1875648,9007,1430902,3019,103740,525,220301,3806,1861477,4331,1641176,8648,0.0696233655333353,0.5882964380683539,0.5186730725350185
2021-06-08,Placer,061,380077.0,392117,1786,219464,1360,163450,375,9190,51,23930,449,212264,499,188334,1333,0.0629609263386103,0.5584763087479643,0.4955153824093539
2021-06-08,Plumas,063,18699.0,15912,31,1496,9,13437,20,941,2,891,8,8806,10,7915,23,0.0476496069308519,0.4709342745601369,0.4232846676292849
2021-06-08,Riverside,065,2383286.0,1983115,9366,1089161,6783,835872,2293,57240,284,162048,3040,1098308,3325,936260,6274,0.0679935181929487,0.4608376837693839,0.3928441655764352
2021-06-08,Sacramento,067,1510023.0,1454921,5528,794222,3765,621721,1579,38835,182,106625,1738,798210,1921,691585,3765,0.0706115072419426,0.5286078423971026,0.4579963351551598
2021-06-08,San Benito,069,59416.0,61194,317,32371,225,26022,77,2698,15,5137,96,34264,111,29127,220,0.0864581930793052,0.576679682240474,0.4902214891611687
2021-06-08,San Bernardino,071,2135413.0,1625750,8729,921757,6347,652969,2153,50835,228,133640,2671,903116,2897,769476,6017,0.062582741605488,0.4229233408244681,0.3603405992189801
2021-06-08,San Diego,073,3302833.0,3662412,20531,1912502,14499,1632244,4116,116716,1914,308127,4830,2049913,7166,1741786,15591,0.0932917286462863,0.6206529364336616,0.5273612077873753
2021-06-08,San Francisco,075,870044.0,1192795,2891,752110,2265,392903,451,47521,172,51178,802,644447,967,593269,2064,0.0588223124347734,0.7407062171568335,0.6818839047220601
2021-06-08,San Joaquin,077,732212.0,637806,2826,348498,2147,268148,633,21120,46,61406,872,354675,918,293269,1931,0.0838636897510557,0.4843884011734306,0.4005247114223749
2021-06-08,San Luis Obispo,079,281455.0,281652,822,142146,531,129142,250,10241,41,18611,247,154778,288,136167,569,0.066124247215363,0.5499209465100993,0.4837966992947363
2021-06-08,San Mateo,081,765935.0,1001803,4197,601437,3538,364927,548,35040,105,56939,962,545550,1069,488611,3199,0.0743392063295188,0.712266706704877,0.6379275003753582
2021-06-08,Santa Barbara,083,443738.0,459685,1142,261545,731,178296,378,19530,32,34689,293,256231,325,221542,838,0.0781745083810717,0.5774375870446075,0.4992630786635357
2021-06-08,Santa Clara,085,1922200.0,2534636,9468,1598033,7705,840970,1468,92174,284,131887,2476,1373810,2757,1241923,6928,0.0686125273124544,0.7147071064405369,0.6460945791280824
2021-06-08,Santa Cruz,087,273765.0,320129,1431,148000,1141,163885,262,8206,27,18936,305,173125,333,154189,1119,0.069168812667799,0.632385440067211,0.5632166273994119
2021-06-08,Shasta,089,179085.0,114542,514,49661,318,59531,152,5309,44,11238,147,65419,190,54181,365,0.0627523243152692,0.3652958092525895,0.3025434849373202
2021-06-08,Sierra,091,2930.0,2598,1,158,1,2414,0,26,0,63,1,1336,1,1273,0,0.0215017064846416,0.4559726962457338,0.4344709897610921
2021-06-08,Siskiyou,093,43540.0,31442,209,12405,90,18132,116,871,3,2684,65,17455,68,14771,139,0.0616444648598989,0.4008957280661461,0.3392512632062471
2021-06-08,Solano,095,438530.0,437447,1879,228580,1362,197779,481,11056,36,43369,485,245434,521,202065,1388,0.0988963126810024,0.5596743666339817,0.4607780539529792
2021-06-08,Sonoma,097,501317.0,594846,1964,316206,1580,261000,332,17588,52,33828,525,322150,576,288322,1429,0.0674782622572145,0.6426073721816735,0.575129109924459
2021-06-08,Stanislaus,099,539301.0,428180,2009,233912,1520,179297,409,14697,80,41067,689,237954,769,196887,1305,0.0761485700935099,0.4412266990048229,0.3650781289113129
2021-06-08,Sutter,101,95872.0,75612,376,28378,213,43661,150,3569,13,6480,160,42621,173,36141,215,0.0675901201602136,0.4445614986648865,0.3769713785046729
2021-06-08,Tehama,103,63373.0,36564,114,12574,33,22695,71,1287,10,2296,39,20029,49,17733,72,0.0362299401953513,0.3160494216780016,0.2798194814826503
2021-06-08,Trinity,105,12862.0,8585,17,1245,14,6911,1,425,2,645,3,4820,5,4175,14,0.0501477219716995,0.3747473176799875,0.324599595708288
2021-06-08,Tulare,107,460477.0,322159,1076,181940,785,130592,228,9572,63,25934,351,178343,414,152409,720,0.0563198596238248,0.3873005600714042,0.3309807004475794
2021-06-08,Tuolumne,109,53932.0,45306,81,11777,25,32760,55,764,1,2260,28,23760,29,21500,50,0.0419046206333902,0.440554772676704,0.3986501520433138
2021-06-08,Ventura,111,848112.0,902752,3163,460757,2078,410876,947,30761,137,58909,901,494900,1036,435991,2244,0.0694589865489463,0.5835314203784406,0.5140724338294942
2021-06-08,Yolo,113,214977.0,234482,1079,111948,833,116046,225,6467,20,15329,202,127929,222,112600,875,0.0713053024277015,0.5950822646143541,0.5237769621866525
2021-06-08,Yuba,115,75493.0,45078,252,15158,117,27113,125,2793,10,3995,72,25862,82,21867,179,0.0529188136648431,0.3425748082603685,0.2896559945955254
2021-06-07,Alameda,001,1643700.0,2007463,6009,1241635,4377,664427,1435,100776,195,119027,1749,1110684,1943,991657,4227,0.0724140658270974,0.6757218470523818,0.6033077812252844
2021-06-07,Alpine,003,1148.0,1457,1,35,0,1416,1,6,0,87,0,770,0,683,1,0.0757839721254355,0.6707317073170732,0.5949477351916377
2021-06-07,Amador,005,37829.0,33961,48,8498,19,24507,24,955,5,2839,18,18432,23,15593,30,0.0750482434111396,0.4872452351370641,0.4121969917259245
2021-06-07,Butte,007,227075.0,166641,411,76283,261,83943,119,6397,31,11590,171,92075,200,80485,238,0.0510404051524826,0.4054827700099086,0.354442364857426
2021-06-07,Calaveras,009,45235.0,38460,67,15553,49,21996,10,909,8,2334,29,20454,37,18120,37,0.0515972145462584,0.4521719907151542,0.4005747761688957
2021-06-07,Colusa,011,21464.0,17257,27,3536,9,12840,18,877,0,1546,10,9811,10,8265,17,0.0720275810659709,0.4570909429742825,0.3850633619083116
2021-06-07,Contra Costa,013,1133247.0,1399588,5087,913387,4464,442065,514,43861,102,70465,1355,755631,1459,685166,3720,0.0621797366328788,0.6667840285480571,0.6046042919151783
2021-06-07,Del Norte,015,27424.0,17561,43,5992,10,10728,28,807,5,1399,16,9813,21,8414,27,0.0510137106184364,0.3578252625437573,0.3068115519253209
2021-06-07,El Dorado,017,186661.0,178332,804,81904,502,90114,261,6292,41,12296,172,98203,213,85907,626,0.0658734283005019,0.5261034709982267,0.4602300426977248
2021-06-07,Fresno,019,978130.0,806324,3189,405054,2499,371082,594,29829,93,66654,911,449474,1003,382820,2252,0.0681443161951887,0.4595237851819287,0.39137946898674
2021-06-07,Glenn,021,27897.0,20240,69,7306,60,11869,7,1046,2,1146,13,11175,15,10029,55,0.0410796859877406,0.400580707602968,0.3595010216152274
2021-06-07,Humboldt,023,135768.0,130021,371,63108,221,61023,126,5773,24,9138,120,72185,144,63047,249,0.06730599257557,0.5316790407165164,0.4643730481409463
2021-06-07,Imperial,025,180216.0,191102,1086,86226,695,91673,310,13172,81,25372,500,114422,581,89050,578,0.1407866116216096,0.6349158787233098,0.4941292671017002
2021-06-07,Inyo,027,18085.0,17081,53,5980,16,10443,34,508,3,927,5,9169,8,8242,47,0.0512579485761681,0.5069947470279237,0.4557367984517556
2021-06-07,Kern,029,883053.0,597569,1882,295200,1174,274537,603,27660,103,52223,684,337479,785,285256,1177,0.0591391456684932,0.3821729839545305,0.3230338382860372
2021-06-07,Kings,031,150075.0,84287,307,36091,239,43791,54,4374,14,7789,99,48131,112,40342,207,0.0519007163085124,0.3207129768449109,0.2688122605363984
2021-06-07,Lake,033,64148.0,48607,90,13898,29,32593,53,2114,8,3443,33,27013,41,23570,55,0.0536727567500155,0.4211043212570929,0.3674315645070773
2021-06-07,Lassen,035,31185.0,11245,18,1421,0,8876,10,936,8,656,3,6391,11,5735,15,0.0210357543690877,0.2049382716049382,0.1839025172358505
2021-06-07,Los Angeles,037,10098052.0,10367854,37968,5484912,27009,4482316,9404,397305,1540,807297,11927,5767453,13453,4960156,25820,0.0799458152918998,0.5711451079871642,0.4911992926952644
2021-06-07,Madera,039,155013.0,113403,257,55615,159,53296,76,4423,21,8195,45,62672,66,54477,210,0.0528665337745866,0.4043015747066375,0.3514350409320508
2021-06-07,Marin,041,260295.0,367665,1975,228588,1859,128515,66,10548,50,17151,232,197280,283,180129,1738,0.0658906240995793,0.7579092952227281,0.6920186711231487
2021-06-07,Mariposa,043,17540.0,12733,9,2295,4,9943,5,474,0,2407,4,7752,4,5345,4,0.1372291904218928,0.4419612314709236,0.3047320410490308
2021-06-07,Mendocino,045,87422.0,88633,154,47422,76,38378,65,2822,13,6707,61,48895,74,42188,93,0.0767198188099105,0.5592985747294731,0.4825787559195625
2021-06-07,Merced,047,269075.0,191289,712,107843,564,74231,131,8438,16,22975,197,108737,214,85762,502,0.0853851156740685,0.4041140945832946,0.3187289789092261
2021-06-07,Modoc,049,8938.0,5277,3,620,3,4331,0,319,0,223,1,2902,1,2679,2,0.0249496531662564,0.324681136719624,0.2997314835533676
2021-06-07,Mono,051,14174.0,15147,103,8317,90,6505,8,269,4,729,13,8030,17,7301,89,0.0514321998024552,0.5665302666854805,0.5150980668830253
2021-06-07,Monterey,053,433212.0,438450,1022,197734,558,220757,421,19343,43,34020,399,244992,440,210972,616,0.0785296806182654,0.5655245007063516,0.4869948200880862
2021-06-07,Napa,055,140530.0,171578,422,86783,304,80043,90,4740,28,12601,99,94264,127,81663,321,0.0896676866149576,0.6707749235038781,0.5811072368889205
2021-06-07,Nevada,057,99092.0,98697,272,51829,195,44486,45,2367,32,7050,60,53889,92,46839,210,0.0711460057320469,0.5438279578573447,0.4726819521252977
2021-06-07,Orange,059,3164182.0,3398817,11035,1866641,7801,1427883,2752,103215,479,224618,3390,1857146,3865,1632528,7565,0.0709876991905016,0.5869276798869344,0.5159399806964328
2021-06-07,Placer,061,380077.0,390331,1067,218104,735,163075,261,9139,71,24764,223,211765,293,187001,841,0.0651552185478205,0.5571634168865782,0.4920081983387577
2021-06-07,Plumas,063,18699.0,15881,40,1487,7,13417,25,939,8,904,9,8796,17,7892,31,0.0483448312743997,0.4703994866035617,0.422054655329162
2021-06-07,Riverside,065,2383286.0,1973749,7189,1082378,5429,833579,1514,56956,242,164997,2312,1094983,2554,929986,4831,0.0692308854245776,0.4594425511667504,0.3902116657421728
2021-06-07,Sacramento,067,1510023.0,1449393,5708,790457,3990,620142,1534,38653,182,108469,1593,796289,1771,687820,4085,0.0718326806942675,0.5273356763440027,0.4555029956497351
2021-06-07,San Benito,069,59416.0,60877,345,32146,307,25945,33,2683,5,5246,89,34153,94,28907,254,0.0882927157667968,0.5748114985862394,0.4865187828194425
2021-06-07,San Bernardino,071,2135413.0,1617021,6475,915410,5035,650816,1229,50607,211,136760,2019,900219,2228,763459,4425,0.0640438172849935,0.4215666945925683,0.3575228773075747
2021-06-07,San Diego,073,3302833.0,3641881,12843,1898003,8051,1628128,3399,114802,1390,316552,3453,2042747,5117,1726195,9276,0.0958425690914436,0.6184832838959766,0.522640714804533
2021-06-07,San Francisco,075,870044.0,1189904,3757,749845,3086,392452,511,47349,158,52275,878,643480,1033,591205,2860,0.0600831682075849,0.7395947791146195,0.6795116109070346
2021-06-07,San Joaquin,077,732212.0,634980,2868,346351,2133,267515,689,21074,46,62419,956,353757,1000,291338,1891,0.0852471688527366,0.4831346659164285,0.3978874970636919
2021-06-07,San Luis Obispo,079,281455.0,280830,551,141615,360,128892,148,10200,43,18892,157,154490,200,135598,390,0.0671226306159066,0.548897692348688,0.4817750617327814
2021-06-07,San Mateo,081,765935.0,997606,3160,597899,2645,364379,431,34935,82,59069,701,544481,780,485412,2445,0.0771201211591061,0.7108710269148165,0.6337509057557104
2021-06-07,Santa Barbara,083,443738.0,458543,1193,260814,846,177918,295,19498,51,35202,305,255906,356,220704,885,0.0793305959823138,0.5767051728722805,0.4973745768899666
2021-06-07,Santa Clara,085,1922200.0,2525168,10178,1590328,8558,839502,1358,91890,253,136058,2338,1371053,2588,1234995,7782,0.0707824367911767,0.7132728124024555,0.6424903756112788
2021-06-07,Santa Cruz,087,273765.0,318698,820,146859,605,163623,184,8179,31,19722,229,172792,260,153070,591,0.0720398882253027,0.631169068361551,0.5591291801362482
2021-06-07,Shasta,089,179085.0,114028,402,49343,236,59379,149,5265,17,11413,107,65229,124,53816,293,0.0637295139179719,0.3642348605410838,0.3005053466231119
2021-06-07,Sierra,091,2930.0,2597,0,157,0,2414,0,26,0,62,0,1335,0,1273,0,0.0211604095563139,0.4556313993174061,0.4344709897610921
2021-06-07,Siskiyou,093,43540.0,31233,39,12315,4,18016,31,868,4,2755,27,17387,31,14632,12,0.063275149288011,0.3993339457969683,0.3360587965089572
2021-06-07,Solano,095,438530.0,435568,1284,227218,990,197298,230,11020,64,44236,429,244913,492,200677,851,0.1008733724032563,0.558486306524069,0.4576129341208127
2021-06-07,Sonoma,097,501317.0,592882,1530,314626,1281,260668,194,17536,55,34681,342,321574,394,286893,1185,0.0691797804582729,0.6414583985781451,0.5722786181198722
2021-06-07,Stanislaus,099,539301.0,426171,1687,232392,1298,178888,346,14617,43,41603,614,237185,657,195582,1054,0.0771424492073999,0.4398007791567232,0.3626583299493233
2021-06-07,Sutter,101,95872.0,75236,168,28165,109,43511,48,3556,11,6522,59,42448,70,35926,108,0.0680282042723631,0.4427570093457944,0.3747288050734312
2021-06-07,Tehama,103,63373.0,36450,81,12541,33,22624,46,1277,2,2319,23,19980,25,17661,57,0.0365928707809319,0.3152762217348082,0.2786833509538762
2021-06-07,Trinity,105,12862.0,8568,30,1231,19,6910,10,423,1,654,14,4815,15,4161,16,0.0508474576271186,0.3743585756491991,0.3235111180220805
2021-06-07,Tulare,107,460477.0,321083,921,181155,717,130364,164,9509,40,26240,285,177929,324,151689,630,0.0569843879281701,0.3864014923655253,0.3294171044373551
2021-06-07,Tuolumne,109,53932.0,45225,64,11752,14,32705,42,763,8,2281,27,23731,35,21450,38,0.042293999851665,0.4400170585181339,0.3977230586664689
2021-06-07,Ventura,111,848112.0,899589,3236,458679,2407,409929,712,30624,117,60117,953,493864,1069,433747,2268,0.0708833267304318,0.5823098836002792,0.5114265568698474
2021-06-07,Yolo,113,214977.0,233403,553,111115,290,115821,239,6447,22,15982,122,127707,142,111725,426,0.0743428366755513,0.5940495960032933,0.519706759327742
2021-06-07,Yuba,115,75493.0,44826,123,15041,53,26988,54,2783,16,4092,39,25780,55,21688,83,0.0542037010053912,0.3414886148384618,0.2872849138330706
2021-06-06,Alameda,001,1643700.0,2001454,3791,1237258,3422,662992,288,100581,80,121311,862,1108741,945,987430,2913,0.0738036137981383,0.6745397578633571,0.6007361440652187
2021-06-06,Alpine,003,1148.0,1456,0,35,0,1415,0,6,0,88,0,770,0,682,0,0.0766550522648083,0.6707317073170732,0.5940766550522648
2021-06-06,Amador,005,37829.0,33913,24,8479,13,24483,10,950,1,2846,10,18409,11,15563,12,0.075233286631949,0.486637235982976,0.411403949351027
2021-06-06,Butte,007,227075.0,166230,138,76022,101,83824,34,6366,3,11628,34,91875,37,80247,104,0.0512077507431465,0.4046020037432566,0.35339425300011
2021-06-06,Calaveras,009,45235.0,38393,39,15504,26,21986,11,901,2,2334,19,20417,21,18083,20,0.0515972145462584,0.451354040013264,0.3997568254670056
2021-06-06,Colusa,011,21464.0,17230,9,3527,5,12822,3,877,1,1553,5,9801,6,8248,4,0.0723537085352217,0.4566250465896385,0.3842713380544167
2021-06-06,Contra Costa,013,1133247.0,1394501,1431,908923,1250,441551,147,43759,33,72726,330,754172,363,681446,1098,0.0641748886165152,0.6654965775334062,0.601321688916891
2021-06-06,Del Norte,015,27424.0,17518,11,5982,5,10700,4,802,2,1405,7,9792,9,8387,4,0.0512324970828471,0.3570595099183197,0.3058270128354726
2021-06-06,El Dorado,017,186661.0,177528,284,81402,197,89853,71,6251,16,12709,53,97990,68,85281,230,0.0680859954677195,0.5249623649289353,0.4568763694612158
2021-06-06,Fresno,019,978130.0,803135,1192,402555,945,370488,209,29736,38,67903,333,448471,371,380568,851,0.0694212425751178,0.4584983591138192,0.3890771165387014
2021-06-06,Glenn,021,27897.0,20171,31,7246,27,11862,3,1044,1,1186,15,11160,16,9974,15,0.042513531920995,0.4000430153779976,0.3575294834570025
2021-06-06,Humboldt,023,135768.0,129650,168,62887,113,60897,46,5749,9,9243,59,72041,68,62798,102,0.068079370691179,0.5306184078722527,0.4625390371810736
2021-06-06,Imperial,025,180216.0,190016,96,85531,56,91363,27,13091,13,25369,48,113841,61,88472,46,0.1407699649309717,0.6316919696364363,0.4909220047054645
2021-06-06,Inyo,027,18085.0,17028,0,5964,0,10409,0,505,0,966,0,9161,0,8195,0,0.0534144318495991,0.5065523914846558,0.4531379596350566
2021-06-06,Kern,029,883053.0,595687,1241,294026,1133,273934,84,27557,24,52615,389,336694,413,284079,846,0.0595830601334234,0.3812840225898106,0.3217009624563871
2021-06-06,Kings,031,150075.0,83980,163,35852,155,43737,3,4360,5,7884,82,48019,87,40135,77,0.0525337331334332,0.3199666833250041,0.2674329501915709
2021-06-06,Lake,033,64148.0,48517,68,13869,38,32540,30,2106,0,3457,24,26972,24,23515,44,0.0538910020577414,0.4204651742844671,0.3665741722267256
2021-06-06,Lassen,035,31185.0,11227,4,1421,0,8866,1,928,3,660,1,6380,4,5720,3,0.0211640211640211,0.2045855379188712,0.18342151675485
2021-06-06,Los Angeles,037,10098052.0,10329886,15045,5457903,12403,4472912,1892,395765,744,819664,3949,5754000,4688,4934336,11004,0.0811705069452999,0.5698128708388509,0.488642363893551
2021-06-06,Madera,039,155013.0,113146,140,55456,119,53220,14,4402,7,8339,39,62606,46,54267,101,0.0537954881203512,0.4038758039648287,0.3500803158444776
2021-06-06,Marin,041,260295.0,365690,1411,226729,1365,128449,13,10498,33,18606,143,196997,176,178391,1265,0.0714804356595401,0.7568220672698285,0.6853416316102884
2021-06-06,Mariposa,043,17540.0,12724,5,2291,4,9938,0,474,1,2407,1,7748,2,5341,4,0.1372291904218928,0.441733181299886,0.3045039908779932
2021-06-06,Mendocino,045,87422.0,88479,67,47346,59,38313,5,2809,3,6726,4,48821,7,42095,63,0.0769371554071057,0.5584521058772391,0.4815149504701334
2021-06-06,Merced,047,269075.0,190577,243,107279,200,74100,33,8422,10,23263,80,108523,90,85260,161,0.086455449224194,0.4033187772925764,0.3168633280683824
2021-06-06,Modoc,049,8938.0,5274,0,617,0,4331,0,319,0,224,0,2901,0,2677,0,0.0250615350190199,0.3245692548668606,0.2995077198478407
2021-06-06,Mono,051,14174.0,15044,1,8227,0,6497,1,265,0,801,0,8013,0,7212,1,0.0565119232397347,0.5653308875405673,0.5088189643008325
2021-06-06,Monterey,053,433212.0,437428,537,197176,440,220336,86,19300,11,34196,278,244552,288,210356,258,0.0789359482193475,0.5645088317036463,0.4855728834842986
2021-06-06,Napa,055,140530.0,171156,146,86479,126,79953,19,4712,1,12795,41,94137,42,81342,105,0.0910481747669536,0.6698712018786024,0.5788230271116488
2021-06-06,Nevada,057,99092.0,98425,56,51634,40,44441,16,2335,0,7168,16,53797,16,46629,40,0.0723368183102571,0.5428995277116215,0.4705627094013644
2021-06-06,Orange,059,3164182.0,3387782,5449,1858840,4621,1425131,617,102736,210,228318,1798,1853281,2011,1624963,3618,0.0721570377430881,0.5857061951556516,0.5135491574125635
2021-06-06,Placer,061,380077.0,389264,514,217369,374,162814,123,9068,17,25312,123,211472,140,186160,390,0.0665970316541122,0.5563925204629588,0.4897954888088466
2021-06-06,Plumas,063,18699.0,15841,4,1480,2,13392,2,931,0,918,0,8779,0,7861,4,0.049093534413605,0.4694903470773838,0.4203968126637788
2021-06-06,Riverside,065,2383286.0,1966560,2265,1076949,1921,832065,290,56714,52,167274,681,1092429,735,925155,1573,0.0701862890144112,0.4583709214924268,0.3881846324780156
2021-06-06,Sacramento,067,1510023.0,1443685,2677,786467,2146,618608,469,38471,62,110783,773,794518,835,683735,1890,0.0733651076837902,0.5261628465261787,0.4527977388423885
2021-06-06,San Benito,069,59416.0,60532,64,31839,52,25912,9,2678,3,5406,14,34059,17,28653,50,0.090985593106234,0.5732294331493201,0.482243840043086
2021-06-06,San Bernardino,071,2135413.0,1610546,2089,910375,1748,649587,276,50396,65,138957,682,897991,748,759034,1394,0.0650726580759787,0.4205233367034854,0.3554506786275067
2021-06-06,San Diego,073,3302833.0,3629038,5683,1889952,4576,1624729,767,113412,337,320711,1520,2037630,2111,1716919,4086,0.0971017910987325,0.6169340078653689,0.5198322167666364
2021-06-06,San Francisco,075,870044.0,1186147,2358,746759,2203,391941,112,47191,42,54102,366,642447,408,588345,1982,0.0621830620060594,0.7384074828399483,0.6762244208338889
2021-06-06,San Joaquin,077,732212.0,632112,1128,344218,906,266826,183,21028,39,63310,426,352757,466,289447,681,0.0864640295433563,0.4817689412355984,0.3953049116922421
2021-06-06,San Luis Obispo,079,281455.0,280279,200,141255,141,128744,47,10157,9,19082,46,154290,55,135208,150,0.0677976941251709,0.5481870991810414,0.4803894050558704
2021-06-06,San Mateo,081,765935.0,994446,2582,595254,2123,363948,394,34853,63,60734,476,543701,537,482967,2089,0.0792939348639244,0.7098526637377846,0.6305587288738601
2021-06-06,Santa Barbara,083,443738.0,457350,941,259968,496,177623,423,19447,20,35731,225,255550,245,219819,712,0.0805227408966552,0.5759028976558239,0.4953801567591687
2021-06-06,Santa Clara,085,1922200.0,2514990,7022,1581770,6252,838144,603,91637,163,141252,1242,1368465,1402,1227213,5663,0.0734845489543231,0.711926438455936,0.6384418895016127
2021-06-06,Santa Cruz,087,273765.0,317878,385,146254,278,163439,85,8148,22,20053,62,172532,83,152479,319,0.0732489543951929,0.6302193487114861,0.5569703943162931
2021-06-06,Shasta,089,179085.0,113626,158,49107,124,59230,32,5248,2,11582,47,65105,49,53523,110,0.0646731998771533,0.3635424519083117,0.2988692520311584
2021-06-06,Sierra,091,2930.0,2597,0,157,0,2414,0,26,0,62,0,1335,0,1273,0,0.0211604095563139,0.4556313993174061,0.4344709897610921
2021-06-06,Siskiyou,093,43540.0,31194,3,12311,2,17985,0,864,1,2736,0,17356,1,14620,3,0.0628387689480937,0.3986219568213137,0.33578318787322
2021-06-06,Solano,095,438530.0,434284,687,226228,565,197068,90,10956,32,44595,368,244421,400,199826,318,0.1016920165097028,0.5573643764394682,0.4556723599297653
2021-06-06,Sonoma,097,501317.0,591352,1039,313345,956,260474,72,17481,11,35472,135,321180,146,285708,897,0.0707576244172848,0.6406724687173984,0.5699148443001135
2021-06-06,Stanislaus,099,539301.0,424484,578,231094,484,178542,85,14574,9,42000,200,236528,208,194528,372,0.0778785872824266,0.4385825355413767,0.36070394825895
2021-06-06,Sutter,101,95872.0,75068,134,28056,114,43463,17,3545,3,6560,45,42378,48,35818,88,0.0684245660881174,0.4420268691588785,0.373602303070761
2021-06-06,Tehama,103,63373.0,36369,19,12508,11,22578,2,1275,6,2351,3,19955,8,17604,15,0.0370978176826093,0.3148817319678728,0.2777839142852634
2021-06-06,Trinity,105,12862.0,8538,9,1212,6,6900,2,422,1,655,2,4800,3,4145,7,0.0509252060332763,0.373192349556834,0.3222671435235578
2021-06-06,Tulare,107,460477.0,320162,426,180438,360,130200,46,9469,20,26546,136,177605,156,151059,289,0.0576489162325154,0.3856978741609244,0.328048957928409
2021-06-06,Tuolumne,109,53932.0,45161,20,11738,5,32663,8,755,7,2284,5,23696,12,21412,15,0.0423496254542757,0.4393680931543425,0.3970184677000667
2021-06-06,Ventura,111,848112.0,896353,1272,456272,1079,409217,145,30507,46,61316,274,492795,322,431479,981,0.0722970551059294,0.5810494368668289,0.5087523817608995
2021-06-06,Yolo,113,214977.0,232850,1147,110825,1083,115582,56,6425,8,16266,154,127565,163,111299,991,0.0756639082320434,0.5933890602250473,0.517725151993004
2021-06-06,Yuba,115,75493.0,44703,114,14988,96,26934,15,2767,3,4120,19,25725,22,21605,93,0.0545745963201886,0.3407600704701098,0.2861854741499212
2021-06-05,Alameda,001,1643700.0,1997663,8255,1233836,6009,662704,2077,100501,166,123279,1782,1107796,1946,984517,6435,0.0750009125752874,0.6739648354322565,0.5989639228569691
2021-06-05,Alpine,003,1148.0,1456,0,35,0,1415,0,6,0,88,0,770,0,682,0,0.0766550522648083,0.6707317073170732,0.5940766550522648
2021-06-05,Amador,005,37829.0,33889,38,8466,15,24473,18,949,5,2847,4,18398,9,15551,34,0.0752597213777789,0.4863464537788469,0.4110867324010679
2021-06-05,Butte,007,227075.0,166092,324,75921,210,83790,94,6363,20,11695,94,91838,114,80143,230,0.0515028074424749,0.404439061983926,0.352936254541451
2021-06-05,Calaveras,009,45235.0,38354,84,15478,27,21975,55,899,2,2333,25,20396,27,18063,55,0.0515751077705316,0.4508897977230021,0.3993146899524704
2021-06-05,Colusa,011,21464.0,17221,36,3522,16,12819,18,876,2,1551,17,9795,19,8244,19,0.0722605292582929,0.456345508758852,0.3840849795005591
2021-06-05,Contra Costa,013,1133247.0,1393070,5380,907673,4567,441404,700,43726,113,73461,1084,753809,1194,680348,4282,0.0648234674347251,0.665176259015025,0.6003527915802997
2021-06-05,Del Norte,015,27424.0,17507,2,5977,0,10696,2,800,0,1400,1,9783,1,8383,1,0.0510501750291715,0.3567313302217036,0.3056811551925321
2021-06-05,El Dorado,017,186661.0,177244,404,81205,237,89782,155,6235,12,12871,82,97922,94,85051,322,0.0689538789570397,0.5245980681556405,0.4556441891986006
2021-06-05,Fresno,019,978130.0,801943,3206,401610,2371,370279,708,29698,127,68383,1245,448100,1371,379717,1934,0.0699119748908631,0.4581190639281077,0.3882070890372445
2021-06-05,Glenn,021,27897.0,20140,55,7219,31,11859,21,1043,3,1185,17,11144,20,9959,38,0.0424776857726637,0.3994694770046958,0.3569917912320321
2021-06-05,Humboldt,023,135768.0,129482,411,62774,315,60851,52,5740,44,9277,207,71973,251,62696,152,0.0683297978905191,0.5301175534735726,0.4617877555830534
2021-06-05,Imperial,025,180216.0,189920,561,85475,320,91336,176,13078,63,25354,283,113780,346,88426,273,0.1406867314777822,0.6313534869267989,0.4906667554490167
2021-06-05,Inyo,027,18085.0,17028,18,5964,9,10409,8,505,1,966,4,9161,5,8195,14,0.0534144318495991,0.5065523914846558,0.4531379596350566
2021-06-05,Kern,029,883053.0,594446,2592,292893,2097,273850,460,27533,34,53048,784,336281,818,283233,1795,0.0600734044275938,0.3808163269928306,0.3207429225652367
2021-06-05,Kings,031,150075.0,83817,259,35697,226,43734,26,4355,7,7874,59,47932,66,40058,187,0.0524670997834416,0.3193869731800766,0.266919873396635
2021-06-05,Lake,033,64148.0,48449,95,13831,58,32510,29,2106,8,3477,57,26948,65,23471,38,0.0542027810687784,0.4200910394712228,0.3658882584024443
2021-06-05,Lassen,035,31185.0,11223,16,1421,6,8865,7,925,3,659,6,6376,9,5717,10,0.0211319544652878,0.2044572711239378,0.1833253166586499
2021-06-05,Los Angeles,037,10098052.0,10314841,43535,5445500,31151,4471020,10941,395021,1430,825980,12333,5749312,13740,4923332,30972,0.0817959741146114,0.5693486228829086,0.487552648768297
2021-06-05,Madera,039,155013.0,113006,533,55337,404,53206,115,4395,14,8394,152,62560,166,54166,375,0.0541502970718584,0.4035790546599317,0.3494287575880732
2021-06-05,Marin,041,260295.0,364279,1966,225364,1746,128436,173,10465,47,19695,318,196821,365,177126,1639,0.0756641502910159,0.7561459113697919,0.680481761078776
2021-06-05,Mariposa,043,17540.0,12719,29,2287,3,9938,24,473,2,2409,7,7746,9,5337,22,0.1373432155074116,0.4416191562143671,0.3042759407069555
2021-06-05,Mendocino,045,87422.0,88412,231,47287,98,38308,115,2806,18,6782,78,48814,96,42032,151,0.0775777264304179,0.5583720344993252,0.4807943080689071
2021-06-05,Merced,047,269075.0,190334,534,107079,416,74067,98,8412,14,23334,195,108433,210,85099,324,0.0867193161757874,0.4029842980581622,0.3162649818823748
2021-06-05,Modoc,049,8938.0,5274,0,617,0,4331,0,319,0,224,0,2901,0,2677,0,0.0250615350190199,0.3245692548668606,0.2995077198478407
2021-06-05,Mono,051,14174.0,15043,47,8227,27,6496,20,265,0,802,5,8013,5,7211,41,0.0565824749541413,0.5653308875405673,0.5087484125864259
2021-06-05,Monterey,053,433212.0,436891,2277,196736,916,220250,732,19289,628,34166,486,244264,1106,210098,1771,0.0788666980600722,0.5638440301746027,0.4849773321145305
2021-06-05,Napa,055,140530.0,171010,322,86353,260,79934,48,4711,14,12858,77,94095,91,81237,244,0.0914964776204369,0.6695723333096136,0.5780758556891767
2021-06-05,Nevada,057,99092.0,98369,180,51594,74,44425,102,2335,2,7192,66,53781,68,46589,111,0.0725790174787066,0.5427380615993218,0.4701590441206152
2021-06-05,Orange,059,3164182.0,3382333,13296,1854219,10008,1424514,2893,102526,390,229925,3880,1851270,4268,1621345,9347,0.0726649099198465,0.5850706438504486,0.512405733930602
2021-06-05,Placer,061,380077.0,388750,1123,216995,803,162691,278,9051,42,25562,274,211332,316,185770,843,0.0672547931077123,0.5560241740489427,0.4887693809412303
2021-06-05,Plumas,063,18699.0,15837,6,1478,3,13390,3,931,0,922,2,8779,2,7857,4,0.049307449596235,0.4694903470773838,0.4201828974811487
2021-06-05,Riverside,065,2383286.0,1964295,7153,1075028,5271,831775,1318,56662,556,168112,2203,1091694,2759,923582,4916,0.0705379043891501,0.4580625237592131,0.387524619370063
2021-06-05,Sacramento,067,1510023.0,1441008,6749,784321,5044,618139,1561,38409,143,111838,1861,793683,2007,681845,4854,0.0740637725385639,0.5256098748164763,0.4515461022779123
2021-06-05,San Benito,069,59416.0,60468,109,31787,90,25903,18,2675,1,5439,24,34042,25,28603,84,0.0915409990574929,0.5729433149320049,0.4814023158745119
2021-06-05,San Bernardino,071,2135413.0,1608457,6768,908627,5177,649311,1462,50331,128,139603,2279,897243,2405,757640,4458,0.0653751756685943,0.4201730531751937,0.3547978775065994
2021-06-05,San Diego,073,3302833.0,3623355,15895,1885376,12074,1623962,3017,113075,800,322686,4345,2035519,5574,1712833,11418,0.0976997625977456,0.6162948595947781,0.5185950969970325
2021-06-05,San Francisco,075,870044.0,1183789,3874,744556,3278,391829,443,47149,152,55676,882,642039,1030,586363,2976,0.063992165913448,0.7379385410393038,0.6739463751258558
2021-06-05,San Joaquin,077,732212.0,630984,2577,343312,1963,266643,546,20989,68,63525,1112,352291,1178,288766,1357,0.0867576603497347,0.4811325135343315,0.3943748531845968
2021-06-05,San Luis Obispo,079,281455.0,280079,681,141114,300,128697,358,10148,23,19177,320,154235,343,135058,359,0.0681352258798031,0.5479916860599385,0.4798564601801354
2021-06-05,San Mateo,081,765935.0,991864,5334,593131,4668,363554,559,34790,100,62286,923,543164,1022,480878,4377,0.0813202164674548,0.7091515598582125,0.6278313433907577
2021-06-05,Santa Barbara,083,443738.0,456409,2924,259472,2221,177200,649,19427,52,36198,478,255305,530,219107,2433,0.0815751637227372,0.5753507700489928,0.4937756063262555
2021-06-05,Santa Clara,085,1922200.0,2507968,10724,1575518,9192,837541,1261,91474,262,145513,2192,1367063,2451,1221550,8458,0.0757012797835813,0.7111970658620331,0.6354957860784518
2021-06-05,Santa Cruz,087,273765.0,317493,986,145976,797,163354,184,8126,5,20289,172,172449,177,152160,812,0.074111007616021,0.6299161689770424,0.5558051613610213
2021-06-05,Shasta,089,179085.0,113468,246,48983,143,59198,85,5246,18,11643,77,65056,95,53413,168,0.0650138202529525,0.3632688388195549,0.2982550185666024
2021-06-05,Sierra,091,2930.0,2597,0,157,0,2414,0,26,0,62,0,1335,0,1273,0,0.0211604095563139,0.4556313993174061,0.4344709897610921
2021-06-05,Siskiyou,093,43540.0,31191,37,12309,18,17985,18,863,1,2738,13,17355,14,14617,24,0.0628847037207165,0.3985989894350022,0.3357142857142857
2021-06-05,Solano,095,438530.0,433597,1444,225663,1049,196978,345,10924,50,44513,472,244021,522,199508,966,0.1015050281622694,0.556452238159305,0.4549472099970355
2021-06-05,Sonoma,097,501317.0,590313,1881,312389,1548,260402,303,17470,30,36223,270,321034,301,284811,1603,0.0722556785427184,0.6403812358248374,0.5681255572821189
2021-06-05,Stanislaus,099,539301.0,423906,1670,230610,1316,178457,310,14565,43,42164,524,236320,567,194156,1124,0.0781826846232437,0.4381968511091209,0.3600141664858771
2021-06-05,Sutter,101,95872.0,74934,452,27942,379,43446,69,3542,4,6600,155,42330,159,35730,292,0.0688417890520694,0.4415262016021362,0.3726844125500667
2021-06-05,Tehama,103,63373.0,36350,174,12497,141,22576,25,1269,8,2358,31,19947,39,17589,142,0.0372082748173512,0.3147554952424534,0.2775472204251021
2021-06-05,Trinity,105,12862.0,8529,19,1206,18,6898,1,421,0,659,13,4797,13,4138,6,0.051236199657907,0.372959104338361,0.321722904680454
2021-06-05,Tulare,107,460477.0,319736,905,180078,717,130154,172,9449,16,26679,296,177449,312,150770,607,0.0579377471621818,0.3853590950253758,0.327421347863194
2021-06-05,Tuolumne,109,53932.0,45141,45,11733,14,32655,29,748,2,2287,16,23684,18,21397,29,0.0424052510568864,0.4391455907438997,0.3967403396870133
2021-06-05,Ventura,111,848112.0,895081,3915,455193,3236,409072,614,30461,64,61975,1162,492473,1227,430498,2740,0.0730740751221536,0.5806697700303733,0.5075956949082197
2021-06-05,Yolo,113,214977.0,231703,750,109742,572,115526,160,6417,18,17094,153,127402,171,110308,597,0.0795154830516753,0.5926308395781874,0.5131153565265122
2021-06-05,Yuba,115,75493.0,44589,199,14892,149,26919,44,2764,6,4191,89,25703,95,21512,110,0.0555150808684248,0.340468652722769,0.2849535718543441
2021-06-04,Alameda,001,1643700.0,1989408,10692,1227827,7893,660627,2549,100335,247,127768,2859,1105850,3104,978082,7782,0.0777319462188964,0.6727809210926569,0.5950489748737604
2021-06-04,Alpine,003,1148.0,1456,1,35,0,1415,1,6,0,88,1,770,1,682,0,0.0766550522648083,0.6707317073170732,0.5940766550522648
2021-06-04,Amador,005,37829.0,33851,101,8451,20,24455,60,944,21,2872,21,18389,41,15517,79,0.0759205900235269,0.4861085410663776,0.4101879510428507
2021-06-04,Butte,007,227075.0,165768,509,75711,292,83696,188,6343,29,11811,147,91724,176,79913,353,0.0520136518771331,0.4039370252119343,0.3519233733348013
2021-06-04,Calaveras,009,45235.0,38270,138,15451,91,21920,35,897,12,2361,31,20369,44,18008,106,0.0521940974908809,0.4502929147783795,0.3980988172874986
2021-06-04,Colusa,011,21464.0,17185,62,3506,21,12801,39,874,2,1551,23,9776,25,8225,39,0.0722605292582929,0.4554603056280283,0.3831997763697353
2021-06-04,Contra Costa,013,1133247.0,1387690,6648,903106,5572,440704,932,43613,144,76549,1602,752615,1741,676066,5016,0.0675483808913679,0.664122649342994,0.5965742684516262
2021-06-04,Del Norte,015,27424.0,17505,70,5977,25,10694,40,800,5,1400,21,9782,26,8382,48,0.0510501750291715,0.3566948658109685,0.3056446907817969
2021-06-04,El Dorado,017,186661.0,176840,923,80968,551,89627,338,6223,34,13099,194,97828,228,84729,725,0.0701753446086756,0.5240944814396151,0.4539191368309395
2021-06-04,Fresno,019,978130.0,798737,3339,399239,2430,369571,807,29571,100,68946,1096,446729,1196,377783,2221,0.0704875630028728,0.4567174097512601,0.3862298467483872
2021-06-04,Glenn,021,27897.0,20085,80,7188,37,11838,38,1040,5,1203,44,11124,49,9921,36,0.0431229164426282,0.3987525540380686,0.3556296375954403
2021-06-04,Humboldt,023,135768.0,129071,518,62459,326,60799,167,5696,25,9178,142,71722,166,62544,332,0.0676006128100877,0.5282688115019739,0.4606681986918861
2021-06-04,Imperial,025,180216.0,189359,2660,85155,1822,91160,670,13015,168,25281,1104,113434,1271,88153,1533,0.1402816620055932,0.629433568606561,0.4891519066009677
2021-06-04,Inyo,027,18085.0,17010,33,5955,6,10401,23,504,4,975,12,9156,16,8181,21,0.0539120818357755,0.5062759192701134,0.4523638374343378
2021-06-04,Kern,029,883053.0,591854,3062,290796,1993,273390,951,27499,118,54025,901,335463,1017,281438,2135,0.0611797932853407,0.3798899952777466,0.3187102019924059
2021-06-04,Kings,031,150075.0,83558,451,35471,304,43708,132,4348,14,7995,158,47866,172,39871,287,0.0532733633183408,0.3189471930701316,0.2656738297517907
2021-06-04,Lake,033,64148.0,48354,186,13773,56,32481,114,2098,16,3450,49,26883,65,23433,135,0.0537818794038785,0.4190777576853526,0.3652958782814741
2021-06-04,Lassen,035,31185.0,11207,37,1415,2,8858,22,922,13,660,12,6367,25,5707,24,0.0211640211640211,0.2041686708353375,0.1830046496713163
2021-06-04,Los Angeles,037,10098052.0,10271306,53842,5414349,36313,4460079,15778,393591,1736,843212,16718,5735572,18443,4892360,36723,0.0835024418571027,0.5679879644113538,0.484485522554251
2021-06-04,Madera,039,155013.0,112473,401,54933,256,53091,132,4381,13,8603,154,62394,167,53791,247,0.0554985710875862,0.4025081767335642,0.3470096056459781
2021-06-04,Marin,041,260295.0,362313,1057,223618,881,128263,141,10418,35,20969,182,196456,215,175487,872,0.0805585969765074,0.7547436562361935,0.6741850592596861
2021-06-04,Mariposa,043,17540.0,12690,91,2284,80,9914,8,471,2,2422,27,7737,28,5315,61,0.1380843785632839,0.4411060433295325,0.3030216647662486
2021-06-04,Mendocino,045,87422.0,88181,337,47189,195,38193,117,2788,25,6837,99,48718,124,41881,236,0.0782068586854567,0.5572739127450757,0.4790670540596188
2021-06-04,Merced,047,269075.0,189800,878,106663,482,73969,373,8398,21,23448,327,108223,349,84775,532,0.087142989872712,0.4022038465111958,0.3150608566384837
2021-06-04,Modoc,049,8938.0,5274,5,617,3,4331,1,319,1,224,0,2901,1,2677,5,0.0250615350190199,0.3245692548668606,0.2995077198478407
2021-06-04,Mono,051,14174.0,14996,12,8200,1,6476,10,265,1,838,3,8008,4,7170,9,0.0591223366727811,0.5649781289685339,0.5058557922957528
2021-06-04,Monterey,053,433212.0,434614,1460,195820,785,219518,640,18661,35,34831,592,243158,627,208327,857,0.0804017432573428,0.5612910076359843,0.4808892643786414
2021-06-04,Napa,055,140530.0,170688,815,86093,631,79886,147,4697,37,13011,139,94004,175,80993,671,0.0925852131217533,0.6689247847434712,0.5763395716217178
2021-06-04,Nevada,057,99092.0,98189,548,51520,435,44323,108,2333,4,7235,106,53713,110,46478,435,0.073012957655512,0.5420518306220482,0.4690388729665361
2021-06-04,Orange,059,3164182.0,3369037,17615,1844211,12460,1421621,4568,102136,586,235004,5314,1847002,5898,1611998,12202,0.0742700641113564,0.5837217960281678,0.5094517319168114
2021-06-04,Placer,061,380077.0,387627,1915,216192,1362,162413,497,9009,56,26089,471,211016,524,184927,1439,0.0686413542519015,0.5551927635715921,0.4865514093196905
2021-06-04,Plumas,063,18699.0,15831,15,1475,3,13387,11,931,1,924,9,8777,10,7853,6,0.0494144071875501,0.4693833894860688,0.4199689822985186
2021-06-04,Riverside,065,2383286.0,1957142,11119,1069757,7910,830457,2940,56106,264,170269,3812,1088935,4079,918666,7247,0.071442957328663,0.4569048783905918,0.3854619210619288
2021-06-04,Sacramento,067,1510023.0,1434259,7318,779277,4709,616578,2388,38266,220,114685,2259,791676,2477,676991,5024,0.0759491742841003,0.5242807559884849,0.4483315817043846
2021-06-04,San Benito,069,59416.0,60359,291,31697,218,25885,73,2674,0,5498,91,34017,91,28519,200,0.0925339975764104,0.5725225528477178,0.4799885552713074
2021-06-04,San Bernardino,071,2135413.0,1601689,9501,903450,6436,647849,2758,50203,307,141656,3221,894838,3528,753182,6216,0.0663365821974484,0.4190468073389082,0.3527102251414598
2021-06-04,San Diego,073,3302833.0,3607460,19921,1873302,13890,1620945,5359,112275,663,328530,5615,2029945,6863,1701415,14149,0.0994691526940659,0.6146072175008546,0.5151380648067886
2021-06-04,San Francisco,075,870044.0,1179915,5819,741278,4900,391386,770,46997,147,57622,1242,641009,1388,583387,4543,0.0662288344037772,0.736754692866108,0.6705258584623306
2021-06-04,San Joaquin,077,732212.0,628407,3257,341349,2017,266097,1129,20921,111,63704,1069,351113,1180,287409,2146,0.0870021250676033,0.4795236898603137,0.3925215647927103
2021-06-04,San Luis Obispo,079,281455.0,279398,2546,140814,1561,128339,943,10125,42,19193,702,153892,742,134699,1829,0.0681920733332149,0.5467730187774245,0.4785809454442095
2021-06-04,San Mateo,081,765935.0,986530,4221,588463,3251,362995,877,34690,92,65641,1129,542142,1210,476501,3076,0.085700483722509,0.7078172429775372,0.6221167592550282
2021-06-04,Santa Barbara,083,443738.0,453485,1514,257251,686,176551,685,19375,143,38101,490,254775,631,216674,1015,0.0858637303994699,0.5741563715525828,0.4882926411531129
2021-06-04,Santa Clara,085,1922200.0,2497244,13954,1566326,11649,836280,1969,91212,329,151520,3322,1364612,3648,1213092,10537,0.0788263448132348,0.7099219644157736,0.6310956196025388
2021-06-04,Santa Cruz,087,273765.0,316507,1017,145179,689,163170,296,8121,32,20924,231,172272,263,151348,781,0.0764305152229101,0.6292696290614213,0.5528391138385111
2021-06-04,Shasta,089,179085.0,113222,560,48840,277,59113,257,5228,24,11716,197,64961,220,53245,357,0.0654214479157941,0.3627383644638021,0.2973169165480079
2021-06-04,Sierra,091,2930.0,2597,2,157,2,2414,0,26,0,62,1,1335,1,1273,1,0.0211604095563139,0.4556313993174061,0.4344709897610921
2021-06-04,Siskiyou,093,43540.0,31154,103,12291,77,17967,25,862,1,2748,22,17341,23,14593,81,0.0631143775838309,0.3982774460266421,0.3351630684428112
2021-06-04,Solano,095,438530.0,432153,1749,224614,1235,196633,447,10874,67,44957,532,243499,599,198542,1210,0.1025175016532506,0.5552618977036918,0.4527443960504412
2021-06-04,Sonoma,097,501317.0,588432,2794,310841,2277,260099,407,17440,110,37525,521,320733,630,283208,2263,0.0748528376256939,0.6397808173271603,0.5649279797014664
2021-06-04,Stanislaus,099,539301.0,422236,2035,229294,1250,178147,713,14522,70,42721,748,235753,819,193032,1268,0.079215503030775,0.4371454901808081,0.3579299871500331
2021-06-04,Sutter,101,95872.0,74482,348,27563,200,43377,141,3538,7,6733,122,42171,129,35438,221,0.0702290554072096,0.4398677403204272,0.3696386849132176
2021-06-04,Tehama,103,63373.0,36176,157,12356,42,22551,100,1261,15,2461,62,19908,76,17447,93,0.0388335726571252,0.3141400912060341,0.2753065185489088
2021-06-04,Trinity,105,12862.0,8510,48,1188,23,6897,17,421,8,652,13,4784,21,4132,35,0.0506919608148032,0.3719483750583113,0.321256414243508
2021-06-04,Tulare,107,460477.0,318831,1213,179361,864,129982,316,9433,33,26974,370,177137,403,150163,836,0.0585783871941486,0.3846815367542787,0.32610314956013
2021-06-04,Tuolumne,109,53932.0,45096,137,11719,58,32626,76,746,3,2298,37,23666,40,21368,93,0.0426092115997923,0.4388118371282355,0.3962026255284432
2021-06-04,Ventura,111,848112.0,891166,4742,451957,3110,408458,1469,30397,163,63488,1440,491246,1602,427758,3284,0.0748580376176731,0.5792230271473578,0.5043649895296848
2021-06-04,Yolo,113,214977.0,230953,1546,109170,1268,115366,253,6399,25,17520,376,127231,400,109711,1167,0.0814970903864134,0.591835405648046,0.5103383152616326
2021-06-04,Yuba,115,75493.0,44390,242,14743,117,26875,114,2758,11,4206,77,25608,87,21402,163,0.0557137747870663,0.3392102579047064,0.28349648311764
2021-06-03,Alameda,001,1643700.0,1978716,8709,1219934,6555,658078,1838,100088,312,132446,2798,1102746,3108,970300,5861,0.0805779643487254,0.6708924986311371,0.5903145342824117
2021-06-03,Alpine,003,1148.0,1455,0,35,0,1414,0,6,0,87,0,769,0,682,0,0.0757839721254355,0.6698606271777003,0.5940766550522648
2021-06-03,Amador,005,37829.0,33750,57,8431,25,24395,27,923,5,2910,19,18348,24,15438,37,0.0769251103650638,0.4850247164873509,0.4080996061222871
2021-06-03,Butte,007,227075.0,165259,637,75419,429,83508,190,6314,17,11988,203,91548,220,79560,431,0.0527931300231201,0.4031619508972806,0.3503688208741605
2021-06-03,Calaveras,009,45235.0,38132,99,15360,58,21885,34,885,7,2423,40,20325,46,17902,56,0.05356471758594,0.4493202166464021,0.395755499060462
2021-06-03,Colusa,011,21464.0,17123,68,3485,18,12762,48,872,1,1565,26,9751,27,8186,38,0.0729127841967946,0.4542955646664182,0.3813827804696235
2021-06-03,Contra Costa,013,1133247.0,1381042,5651,897534,4692,439772,832,43469,127,79824,1432,750874,1558,671050,4209,0.0704383069180858,0.6625863558429892,0.5921480489249034
2021-06-03,Del Norte,015,27424.0,17435,66,5952,38,10654,26,795,2,1422,30,9756,32,8334,35,0.0518523920653442,0.3557467911318553,0.3038943990665111
2021-06-03,El Dorado,017,186661.0,175917,746,80417,347,89289,357,6189,42,13596,176,97600,218,84004,569,0.0728379254370222,0.5228730157879793,0.450035090350957
2021-06-03,Fresno,019,978130.0,795398,3110,396809,2138,368764,862,29471,106,69971,1161,445533,1265,375562,1921,0.0715354809687873,0.4554946683978612,0.3839591874290738
2021-06-03,Glenn,021,27897.0,20005,76,7151,43,11800,26,1035,7,1190,16,11075,23,9885,59,0.0426569165143205,0.3969960927698319,0.3543391762555113
2021-06-03,Humboldt,023,135768.0,128553,398,62133,232,60632,144,5671,22,9344,82,71556,104,62212,287,0.0688232867833362,0.5270461375287254,0.4582228507453892
2021-06-03,Imperial,025,180216.0,186699,1460,83333,796,90490,516,12847,148,25543,651,112163,799,86620,797,0.1417354729879699,0.6223809206729702,0.4806454476850002
2021-06-03,Inyo,027,18085.0,16977,29,5949,0,10378,21,500,8,980,2,9140,10,8160,27,0.0541885540503179,0.5053912081835775,0.4512026541332596
2021-06-03,Kern,029,883053.0,588792,2511,288803,1439,272439,907,27381,161,55143,908,334446,1068,279303,1585,0.0624458554582794,0.378738309025619,0.3162924535673396
2021-06-03,Kings,031,150075.0,83107,223,35167,126,43576,86,4334,11,8110,67,47694,78,39584,148,0.054039646843245,0.3178010994502748,0.2637614526070298
2021-06-03,Lake,033,64148.0,48168,188,13717,57,32367,112,2082,19,3520,78,26818,97,23298,110,0.0548731059425079,0.4180644758994824,0.3631913699569745
2021-06-03,Lassen,035,31185.0,11170,20,1413,1,8836,10,909,9,659,6,6342,15,5683,14,0.0211319544652878,0.2033670033670033,0.1822350489017155
2021-06-03,Los Angeles,037,10098052.0,10217464,44260,5378036,29237,4444301,13338,391855,1668,861492,14947,5717129,16594,4855637,29025,0.0853126919924753,0.566161572548844,0.4808488805563687
2021-06-03,Madera,039,155013.0,112072,290,54677,159,52959,117,4368,14,8683,94,62227,108,53544,196,0.0560146568352331,0.4014308477353512,0.345416190900118
2021-06-03,Marin,041,260295.0,361256,1515,222737,1346,128122,113,10383,56,21626,236,196241,292,174615,1279,0.0830826562169845,0.7539176703355808,0.6708350141185963
2021-06-03,Mariposa,043,17540.0,12599,20,2204,10,9906,7,469,3,2455,6,7709,9,5254,14,0.1399657924743443,0.4395096921322691,0.2995438996579247
2021-06-03,Mendocino,045,87422.0,87844,570,46994,465,38076,94,2763,11,6949,128,48594,139,41645,434,0.0794880007320811,0.55585550547917,0.4763675047470888
2021-06-03,Merced,047,269075.0,188922,794,106181,506,73596,251,8377,34,23631,295,107874,329,84243,479,0.0878230976493542,0.4009068103688563,0.3130837127195019
2021-06-03,Modoc,049,8938.0,5269,23,614,1,4330,20,318,2,228,3,2900,5,2672,20,0.0255090624300738,0.3244573730140971,0.2989483105840232
2021-06-03,Mono,051,14174.0,14984,12,8199,3,6466,7,264,2,843,2,8004,4,7161,10,0.0594750952448144,0.5646959221109072,0.5052208268660928
2021-06-03,Monterey,053,433212.0,433154,2358,195035,1493,218878,823,18626,40,35061,557,242531,596,207470,1790,0.0809326611451206,0.5598436793071291,0.4789110181620084
2021-06-03,Napa,055,140530.0,169873,789,85462,477,79739,286,4660,26,13507,135,93829,159,80322,649,0.0961147086031452,0.667679499039351,0.5715647904362058
2021-06-03,Nevada,057,99092.0,97641,572,51085,409,44215,158,2329,5,7560,100,53603,105,46043,470,0.0762927380615993,0.5409417510999879,0.4646490130383885
2021-06-03,Orange,059,3164182.0,3351422,13360,1831751,9203,1417053,3682,101550,473,241308,4482,1841104,4951,1599796,8792,0.0762623641750063,0.5818578071678557,0.5055954429928493
2021-06-03,Placer,061,380077.0,385712,1736,214830,1067,161916,612,8953,57,27004,438,210492,494,183488,1296,0.0710487611720782,0.5538140955648461,0.4827653343927678
2021-06-03,Plumas,063,18699.0,15816,66,1472,20,13376,36,930,10,920,29,8767,39,7847,37,0.04920049200492,0.4688486015294935,0.4196481095245735
2021-06-03,Riverside,065,2383286.0,1946023,8200,1061847,5429,827517,2477,55842,291,173437,2763,1084856,3052,911419,5388,0.072772214497127,0.4551933758684438,0.3824211613713167
2021-06-03,Sacramento,067,1510023.0,1426941,7626,774568,5181,614190,2252,38046,192,117232,2165,789199,2354,671967,5429,0.0776359035590848,0.5226403836232958,0.4450044800642109
2021-06-03,San Benito,069,59416.0,60068,353,31479,298,25812,50,2674,5,5607,102,33926,107,28319,250,0.0943685202639019,0.5709909788609129,0.4766224585970109
2021-06-03,San Bernardino,071,2135413.0,1592188,8272,897014,5609,645091,2462,49896,201,144344,2787,891310,2987,746966,5453,0.0675953550905609,0.4173946679166981,0.3497993128261371
2021-06-03,San Diego,073,3302833.0,3587539,19249,1859412,12016,1615586,5385,111612,1845,335816,5024,2023082,7306,1687266,14099,0.1016751376772607,0.6125293043880814,0.5108541667108207
2021-06-03,San Francisco,075,870044.0,1174096,4046,736378,2789,390616,1049,46850,203,60777,932,639621,1132,578844,3088,0.0698550877886635,0.7351593712501896,0.665304283461526
2021-06-03,San Joaquin,077,732212.0,625150,2888,339332,1797,264968,1034,20810,57,64670,1035,349933,1091,285263,1820,0.0883214151092852,0.4779121347369341,0.3895907196276488
2021-06-03,San Luis Obispo,079,281455.0,276852,940,139253,467,127396,440,10083,33,20280,249,153150,282,132870,687,0.0720541471993746,0.5441367181254553,0.4720825709260805
2021-06-03,San Mateo,081,765935.0,982309,3908,585212,3074,362118,716,34598,116,67507,842,540932,957,473425,3049,0.0881367217844856,0.706237474459321,0.6181007526748353
2021-06-03,Santa Barbara,083,443738.0,451971,2102,256565,1564,175866,477,19232,59,38485,626,254144,684,215659,1462,0.08672910591385,0.5727343612672343,0.4860052553533842
2021-06-03,Santa Clara,085,1922200.0,2483290,12536,1554677,10372,834311,1803,90883,354,158409,2655,1360964,3010,1202555,9801,0.0824102590781396,0.7080241390073874,0.6256138799292478
2021-06-03,Santa Cruz,087,273765.0,315490,2232,144490,1517,162874,673,8089,42,21442,499,172009,541,150567,1723,0.0783226489872701,0.6283089511077019,0.5499863021204318
2021-06-03,Shasta,089,179085.0,112662,364,48563,160,58856,196,5204,8,11853,122,64741,130,52888,240,0.0661864477761956,0.3615098975346902,0.2953234497584945
2021-06-03,Sierra,091,2930.0,2595,3,155,1,2414,2,26,0,62,0,1334,0,1272,3,0.0211604095563139,0.4552901023890785,0.4341296928327645
2021-06-03,Siskiyou,093,43540.0,31051,163,12214,114,17942,44,861,5,2806,40,17318,45,14512,122,0.0644464859898943,0.3977491961414791,0.3333027101515847
2021-06-03,Solano,095,438530.0,430404,2309,223379,1828,196186,395,10807,86,45568,726,242900,812,197332,1569,0.1039107928762,0.5538959706291474,0.4499851777529473
2021-06-03,Sonoma,097,501317.0,585638,2073,308564,1425,259692,563,17330,85,39158,429,320103,512,280945,1631,0.0781102575815302,0.6385241274483012,0.5604138698667709
2021-06-03,Stanislaus,099,539301.0,420201,1502,228044,910,177434,541,14452,50,43170,548,234934,598,191764,930,0.0800480622138657,0.4356268577288008,0.3555787955149351
2021-06-03,Sutter,101,95872.0,74134,354,27363,230,43236,113,3531,11,6825,123,42042,134,35217,227,0.071188668224299,0.4385221962616822,0.3673335280373832
2021-06-03,Tehama,103,63373.0,36019,147,12314,104,22451,30,1246,13,2478,30,19832,43,17354,117,0.0391018256986413,0.3129408423145504,0.273839016615909
2021-06-03,Trinity,105,12862.0,8462,43,1165,13,6880,30,413,0,666,15,4763,15,4097,28,0.0517804385010107,0.3703156585290001,0.3185352200279894
2021-06-03,Tulare,107,460477.0,317618,1182,178497,833,129666,290,9400,59,27407,411,176734,468,149327,753,0.0595187164614084,0.3838063573207782,0.3242876408593697
2021-06-03,Tuolumne,109,53932.0,44959,76,11661,24,32550,37,743,15,2351,16,23626,31,21275,58,0.0435919305792479,0.4380701624267596,0.3944782318475117
2021-06-03,Ventura,111,848112.0,886424,3344,448847,2063,406989,1122,30234,159,65170,890,489644,1048,424474,2441,0.076841266247854,0.5773341256815138,0.5004928594336597
2021-06-03,Yolo,113,214977.0,229407,941,107902,603,115113,314,6374,24,18287,212,126831,236,108544,724,0.0850649139210241,0.5899747414839727,0.5049098275629486
2021-06-03,Yuba,115,75493.0,44148,180,14626,104,26761,70,2747,6,4282,61,25521,67,21239,117,0.0567204906415164,0.3380578331765859,0.2813373425350695
2021-06-02,Alameda,001,1643700.0,1970007,5919,1213379,3693,656240,1999,99776,226,135199,2194,1099638,2410,964439,3687,0.0822528441929792,0.6690016426355174,0.5867487984425381
2021-06-02,Alpine,003,1148.0,1455,8,35,0,1414,8,6,0,87,1,769,1,682,7,0.0757839721254355,0.6698606271777003,0.5940766550522648
2021-06-02,Amador,005,37829.0,33693,47,8406,16,24368,23,918,8,2923,14,18324,22,15401,33,0.0772687620608527,0.4843902825874329,0.4071215205265801
2021-06-02,Butte,007,227075.0,164622,833,74990,575,83318,212,6297,46,12199,353,91328,398,79129,474,0.0537223384344379,0.4021931080039634,0.3484707695695255
2021-06-02,Calaveras,009,45235.0,38033,90,15302,58,21851,28,878,4,2433,41,20279,45,17846,49,0.0537857853432076,0.4483033049629711,0.3945175196197634
2021-06-02,Colusa,011,21464.0,17055,143,3467,22,12714,119,871,2,1576,50,9724,52,8148,92,0.0734252702199031,0.4530376444278792,0.3796123742079761
2021-06-02,Contra Costa,013,1133247.0,1375391,3558,892842,2523,438940,883,43342,150,82475,1434,749316,1583,666841,2112,0.0727776027644458,0.6612115452324162,0.5884339424679703
2021-06-02,Del Norte,015,27424.0,17369,86,5914,11,10628,70,793,5,1425,21,9724,26,8299,65,0.0519617852975495,0.3545799299883314,0.3026181446907818
2021-06-02,El Dorado,017,186661.0,175171,645,80070,310,88932,283,6147,52,13947,266,97382,318,83435,377,0.0747183396638826,0.5217051231912397,0.4469867835273571
2021-06-02,Fresno,019,978130.0,792288,2735,394671,1771,367902,871,29365,90,70627,1078,444268,1167,373641,1622,0.0722061484669727,0.4542013842740739,0.3819952358071013
2021-06-02,Glenn,021,27897.0,19929,106,7108,53,11774,50,1028,3,1226,43,11052,46,9826,63,0.0439473778542495,0.3961716313582105,0.352224253503961
2021-06-02,Humboldt,023,135768.0,128155,539,61901,254,60488,230,5649,55,9527,238,71452,293,61925,298,0.0701711743562547,0.5262801249189795,0.4561089505627246
2021-06-02,Imperial,025,180216.0,185239,1305,82537,651,89974,521,12699,133,25541,634,111364,764,85823,658,0.1417243751942113,0.6179473520664092,0.4762229768721978
2021-06-02,Inyo,027,18085.0,16948,13,5949,11,10357,1,492,1,997,11,9130,12,8133,2,0.0551285595797622,0.5048382637544927,0.4497097041747304
2021-06-02,Kern,029,883053.0,586281,2295,287364,1337,271532,853,27220,105,55660,961,333378,1064,277718,1317,0.063031324280649,0.3775288685956562,0.3144975443150071
2021-06-02,Kings,031,150075.0,82884,284,35041,128,43490,149,4323,7,8180,86,47616,93,39436,196,0.0545060802931867,0.3172813593203398,0.2627752790271531
2021-06-02,Lake,033,64148.0,47980,133,13660,48,32255,73,2063,12,3533,53,26721,65,23188,80,0.0550757622996819,0.4165523476959531,0.3614765853962711
2021-06-02,Lassen,035,31185.0,11150,49,1412,2,8826,34,900,13,658,10,6327,23,5669,39,0.0210998877665544,0.2028860028860029,0.1817861151194484
2021-06-02,Los Angeles,037,10098052.0,10173204,39728,5348799,22955,4430963,15256,390187,1504,873923,15407,5700535,16883,4826612,24031,0.0865437215019292,0.5645182853088893,0.47797456380696
2021-06-02,Madera,039,155013.0,111782,406,54518,129,52842,252,4354,24,8771,119,62119,143,53348,284,0.0565823511576448,0.4007341319760278,0.344151780818383
2021-06-02,Marin,041,260295.0,359741,632,221391,479,128009,101,10327,52,22613,215,195949,265,173336,410,0.0868745077700301,0.7527958662287021,0.6659213584586718
2021-06-02,Mariposa,043,17540.0,12579,28,2194,14,9899,9,466,5,2460,7,7700,12,5240,20,0.1402508551881414,0.4389965792474344,0.298745724059293
2021-06-02,Mendocino,045,87422.0,87274,162,46529,60,37982,93,2752,9,7244,54,48455,64,41211,107,0.0828624373727437,0.5542655166891629,0.4714030793164192
2021-06-02,Merced,047,269075.0,188128,784,105675,504,73345,250,8343,27,23781,342,107545,369,83764,427,0.0883805630400446,0.3996841029452754,0.3113035399052309
2021-06-02,Modoc,049,8938.0,5246,13,613,1,4310,10,316,2,243,4,2895,6,2652,9,0.027187290221526,0.3238979637502797,0.2967106735287536
2021-06-02,Mono,051,14174.0,14972,46,8196,3,6459,43,262,0,849,9,8000,9,7151,37,0.0598984055312544,0.5644137152532807,0.5045153097220263
2021-06-02,Monterey,053,433212.0,430796,1797,193542,1051,218055,692,18586,51,36255,731,241935,782,205680,1056,0.0836888174842802,0.5584679094761918,0.4747790919919116
2021-06-02,Napa,055,140530.0,169084,429,84985,261,79453,145,4634,23,13997,196,93670,219,79673,231,0.0996015085746815,0.666548068028179,0.5669465594534975
2021-06-02,Nevada,057,99092.0,97069,417,50676,170,44057,234,2324,8,7925,102,53498,110,45573,302,0.0799761837484357,0.5398821297380212,0.4599059459895854
2021-06-02,Orange,059,3164182.0,3338062,13427,1822548,8278,1413371,4723,101077,426,245149,4515,1836153,4934,1591004,8760,0.0774762640075697,0.5802931057695164,0.5028168417619467
2021-06-02,Placer,061,380077.0,383976,1554,213763,781,161304,702,8896,71,27806,481,209998,552,182192,1068,0.0731588599152277,0.5525143589325321,0.4793554990173044
2021-06-02,Plumas,063,18699.0,15750,69,1452,4,13340,42,920,22,918,10,8728,32,7810,58,0.049093534413605,0.4667629284988502,0.4176693940852452
2021-06-02,Riverside,065,2383286.0,1937823,7335,1056418,4492,825040,2541,55551,293,175773,2803,1081804,3101,906031,4474,0.0737523738233682,0.4539127909952897,0.3801604171719214
2021-06-02,Sacramento,067,1510023.0,1419315,6220,769387,3414,611938,2588,37854,216,120307,2313,786845,2530,666538,3868,0.0796722963822405,0.5210814669710329,0.4414091705887923
2021-06-02,San Benito,069,59416.0,59715,333,31181,252,25762,79,2669,2,5750,113,33819,115,28069,218,0.0967752793860239,0.5691901171401643,0.4724148377541403
2021-06-02,San Bernardino,071,2135413.0,1583916,7107,891405,4487,642629,2368,49695,252,146810,2991,888323,3239,741513,4075,0.0687501668295547,0.4159958752709663,0.3472457084414115
2021-06-02,San Diego,073,3302833.0,3568290,17162,1847396,8853,1610201,6183,109767,2120,342609,5359,2015776,7815,1673167,11683,0.1037318568634865,0.6103172639973017,0.5065854071338152
2021-06-02,San Francisco,075,870044.0,1170050,2539,733589,1825,389567,585,46647,127,62733,836,638489,958,575756,1690,0.0721032499505772,0.7338582876268327,0.6617550376762554
2021-06-02,San Joaquin,077,732212.0,622262,2791,337535,1657,263934,1077,20753,56,65399,1132,348842,1186,283443,1624,0.0893170284016104,0.4764221291101484,0.387105100708538
2021-06-02,San Luis Obispo,079,281455.0,275912,648,138786,289,126956,314,10050,45,20685,180,152868,224,132183,461,0.0734930983638592,0.5431347817590734,0.4696416833952141
2021-06-02,San Mateo,081,765935.0,978401,2840,582138,1876,361402,880,34482,83,69599,1078,539975,1159,470376,1749,0.0908680240490381,0.7049880211767318,0.6141199971276936
2021-06-02,Santa Barbara,083,443738.0,449869,1033,255001,605,175389,343,19173,85,39263,434,253460,517,214197,595,0.0884823927632972,0.5711929111322447,0.4827105183689474
2021-06-02,Santa Clara,085,1922200.0,2470754,7928,1544305,5658,832508,1888,90529,372,165200,2951,1357954,3314,1192754,4913,0.0859431900946831,0.7064582249505774,0.6205150348558943
2021-06-02,Santa Cruz,087,273765.0,313258,881,142973,520,162201,320,8047,41,22624,338,171468,378,148844,538,0.0826402206271802,0.6263328036819901,0.5436925830548098
2021-06-02,Shasta,089,179085.0,112298,293,48403,117,58660,165,5196,10,11963,114,64611,124,52648,176,0.0668006812407516,0.3607839852583968,0.2939833040176453
2021-06-02,Sierra,091,2930.0,2592,22,154,0,2412,20,26,2,65,0,1334,2,1269,20,0.0221843003412969,0.4552901023890785,0.4331058020477816
2021-06-02,Siskiyou,093,43540.0,30888,122,12100,34,17898,88,856,0,2883,48,17273,48,14390,74,0.066214974735875,0.3967156637574644,0.3305006890215893
2021-06-02,Solano,095,438530.0,428095,1931,221551,1374,195791,486,10721,71,46325,976,242088,1044,195763,946,0.105637014571409,0.552044329920416,0.4464073153490069
2021-06-02,Sonoma,097,501317.0,583565,1606,307139,1002,259129,487,17245,117,40277,644,319591,759,279314,953,0.0803423781758847,0.6375028175784982,0.5571604394026135
2021-06-02,Stanislaus,099,539301.0,418699,1919,227134,1223,176893,623,14402,69,43502,777,234336,845,190834,1108,0.0806636739038125,0.4345180149860653,0.3538543410822528
2021-06-02,Sutter,101,95872.0,73780,293,27133,123,43123,164,3520,6,6918,103,41908,109,34990,186,0.0721587116154873,0.4371244993324432,0.3649657877169559
2021-06-02,Tehama,103,63373.0,35872,101,12210,35,22421,61,1233,5,2552,40,19789,45,17237,61,0.0402695154087702,0.3122623199154214,0.2719928045066511
2021-06-02,Trinity,105,12862.0,8419,25,1152,19,6850,4,413,2,679,9,4748,11,4069,16,0.0527911677810604,0.369149432436635,0.3163582646555745
2021-06-02,Tulare,107,460477.0,316436,819,177664,482,129376,305,9341,32,27692,358,176266,389,148574,450,0.0601376398821222,0.3827900199141325,0.3226523800320103
2021-06-02,Tuolumne,109,53932.0,44883,77,11637,8,32513,60,728,9,2378,20,23595,29,21217,55,0.0440925610027441,0.4374953645331157,0.3934028035303716
2021-06-02,Ventura,111,848112.0,883080,3050,446784,1678,405867,1231,30075,141,66563,1023,488596,1163,422033,2009,0.0784837379968683,0.5760984398287019,0.4976147018318335
2021-06-02,Yolo,113,214977.0,228466,797,107299,322,114799,453,6350,22,18775,234,126595,256,107820,559,0.0873349242011936,0.5888769496271694,0.5015420254259758
2021-06-02,Yuba,115,75493.0,43968,203,14522,81,26691,114,2741,7,4332,61,25454,68,21122,139,0.0573828037036546,0.3371703336733207,0.279787529969666
2021-06-01,Alameda,001,1643700.0,1964088,7381,1209686,5114,654241,1950,99550,313,136476,3016,1097228,3325,960752,4316,0.0830297499543712,0.6675354383403297,0.5845056883859585
2021-06-01,Alpine,003,1148.0,1447,0,35,0,1406,0,6,0,93,0,768,0,675,0,0.0810104529616724,0.6689895470383276,0.587979094076655
2021-06-01,Amador,005,37829.0,33646,95,8390,66,24345,24,910,5,2934,43,18302,48,15368,51,0.0775595442649818,0.4838087181791747,0.4062491739141928
2021-06-01,Butte,007,227075.0,163789,703,74415,440,83106,222,6251,41,12275,262,90930,300,78655,432,0.0540570296157657,0.4004403831333259,0.3463833535175603
2021-06-01,Calaveras,009,45235.0,37943,156,15244,101,21823,47,874,8,2437,44,20234,51,17797,109,0.0538742124461147,0.4473085000552669,0.3934342876091522
2021-06-01,Colusa,011,21464.0,16912,49,3445,16,12595,32,869,1,1616,26,9672,27,8056,23,0.0752888557584793,0.4506149832277301,0.3753261274692508
2021-06-01,Contra Costa,013,1133247.0,1371833,4965,890319,3693,438057,1122,43192,147,83004,1705,747733,1851,664729,3232,0.0732444030295249,0.6598146741178225,0.5865702710882976
2021-06-01,Del Norte,015,27424.0,17283,53,5903,6,10558,41,788,6,1464,10,9698,16,8234,43,0.0533838973162193,0.3536318553092182,0.3002479579929988
2021-06-01,El Dorado,017,186661.0,174526,709,79760,307,88649,361,6095,41,14006,239,97064,280,83058,468,0.0750344206877708,0.5200015000455371,0.4449670793577662
2021-06-01,Fresno,019,978130.0,789553,3131,392900,1890,367031,1140,29275,101,71082,1176,443101,1273,372019,1926,0.0726713218079396,0.4530082913314181,0.3803369695234784
2021-06-01,Glenn,021,27897.0,19823,60,7055,34,11724,22,1025,4,1243,26,11006,30,9763,34,0.0445567623758827,0.3945227085349679,0.3499659461590852
2021-06-01,Humboldt,023,135768.0,127616,480,61647,278,60258,186,5594,16,9532,199,71159,215,61627,281,0.0702080018855695,0.5241220317011372,0.4539140298155677
2021-06-01,Imperial,025,180216.0,183934,1399,81886,615,89453,662,12566,122,25435,538,110600,660,85165,845,0.1411361921250055,0.6137079948506237,0.4725718027256181
2021-06-01,Inyo,027,18085.0,16935,56,5938,17,10356,34,491,5,987,24,9118,29,8131,31,0.0545756151506773,0.5041747304395908,0.4495991152889134
2021-06-01,Kern,029,883053.0,583986,2375,286027,987,270679,1309,27115,76,55913,992,332314,1065,276401,1359,0.0633178303001065,0.3763239579051314,0.3130061276050248
2021-06-01,Kings,031,150075.0,82600,330,34913,196,43341,117,4316,17,8283,128,47523,144,39240,198,0.0551924037981009,0.3166616691654172,0.2614692653673163
2021-06-01,Lake,033,64148.0,47847,200,13612,39,32182,151,2051,10,3548,67,26656,77,23108,132,0.0553095965579597,0.4155390659100829,0.3602294693521232
2021-06-01,Lassen,035,31185.0,11101,45,1410,1,8792,39,887,5,674,15,6304,20,5630,29,0.0216129549462882,0.2021484688151354,0.1805355138688472
2021-06-01,Los Angeles,037,10098052.0,10133476,47976,5325844,26835,4415707,19449,388683,1670,881071,17333,5683652,18972,4802581,30206,0.0872515807999404,0.5628463786876915,0.475594797887751
2021-06-01,Madera,039,155013.0,111376,294,54389,147,52590,122,4330,25,8912,107,61976,132,53064,186,0.0574919522878726,0.3998116287021088,0.3423196764142362
2021-06-01,Marin,041,260295.0,359109,776,220912,564,127908,165,10275,47,22758,323,195684,371,172926,450,0.0874315680285829,0.7517777905837607,0.6643462225551778
2021-06-01,Mariposa,043,17540.0,12551,17,2180,4,9890,13,461,0,2468,4,7688,4,5220,12,0.1407069555302166,0.4383124287343215,0.2976054732041049
2021-06-01,Mendocino,045,87422.0,87112,328,46469,111,37889,207,2743,10,7287,91,48391,100,41104,236,0.0833543044085012,0.5535334355196633,0.4701791311111619
2021-06-01,Merced,047,269075.0,187344,909,105171,561,73095,308,8316,38,23839,326,107176,363,83337,572,0.0885961163244448,0.3983127380841773,0.3097166217597324
2021-06-01,Modoc,049,8938.0,5233,7,612,1,4300,5,314,1,246,3,2889,4,2643,4,0.0275229357798165,0.3232266726336988,0.2957037368538823
2021-06-01,Mono,051,14174.0,14926,14,8193,6,6416,8,262,0,877,8,7991,8,7114,6,0.0618738535346408,0.5637787498236208,0.5019048962889798
2021-06-01,Monterey,053,433212.0,428999,1844,192491,1001,217363,707,18535,136,36529,567,241153,701,204624,1258,0.0843213022723285,0.5566627886577472,0.4723414863854187
2021-06-01,Napa,055,140530.0,168655,630,84724,320,79308,286,4611,24,14009,274,93451,297,79442,352,0.0996868995943926,0.6649896819184515,0.565302782324059
2021-06-01,Nevada,057,99092.0,96652,421,50506,130,43823,271,2316,20,8117,100,53388,120,45271,317,0.0819137770960319,0.538772050215961,0.4568582731199289
2021-06-01,Orange,059,3164182.0,3324635,13911,1814270,8042,1408648,5354,100651,506,248975,5095,1831219,5593,1582244,8624,0.0786854232784334,0.5787337770077701,0.5000483537293366
2021-06-01,Placer,061,380077.0,382422,1719,212982,906,160602,739,8825,74,28322,595,209446,669,181124,1117,0.0745164795554585,0.5510620216429829,0.4765455420875243
2021-06-01,Plumas,063,18699.0,15681,42,1448,11,13298,22,898,9,944,12,8696,19,7752,27,0.0504839831007005,0.4650516070378095,0.4145676239371089
2021-06-01,Riverside,065,2383286.0,1930488,9583,1051926,5937,822499,3391,55258,251,177146,3572,1078703,3819,901557,5938,0.0743284691807865,0.4526116462732547,0.3782831770924681
2021-06-01,Sacramento,067,1510023.0,1413095,7089,765973,4253,609350,2624,37638,212,121645,2561,784315,2770,662670,4493,0.0805583756009014,0.519405995802713,0.4388476202018115
2021-06-01,San Benito,069,59416.0,59382,273,30929,124,25683,122,2667,27,5853,83,33704,109,27851,187,0.0985088191732866,0.5672546115524438,0.4687457923791571
2021-06-01,San Bernardino,071,2135413.0,1576809,8993,886918,5800,640261,2944,49443,249,147646,3487,885084,3732,737438,5447,0.0691416601847043,0.4144790726665052,0.3453374124818009
2021-06-01,San Diego,073,3302833.0,3551128,21547,1838543,11430,1604018,8423,107647,1687,346477,5662,2007961,7747,1661484,15622,0.1049029726904145,0.6079511134834852,0.5030481407930707
2021-06-01,San Francisco,075,870044.0,1167511,3667,731764,2211,388982,1260,46520,195,63465,1098,637531,1293,574066,2547,0.0729445867105571,0.7327571938890447,0.6598126071784876
2021-06-01,San Joaquin,077,732212.0,619471,2539,335878,1551,262857,888,20697,99,65837,1135,347656,1235,281819,1373,0.089915215811814,0.4748023796386839,0.3848871638268698
2021-06-01,San Luis Obispo,079,281455.0,275264,783,138497,333,126642,414,10005,36,20922,277,152644,312,131722,496,0.0743351512675205,0.5423389174113091,0.4680037661437885
2021-06-01,San Mateo,081,765935.0,975561,3395,580262,2019,360522,1280,34399,95,70189,973,538816,1066,468627,2401,0.0916383244008956,0.7034748379431675,0.6118365135422719
2021-06-01,Santa Barbara,083,443738.0,448836,1181,254396,617,175046,500,19088,63,39341,462,252943,525,213602,709,0.0886581721646557,0.5700278092027278,0.481369637038072
2021-06-01,Santa Clara,085,1922200.0,2462826,9353,1538647,6518,830620,2429,90157,392,166799,3062,1354640,3448,1187841,6191,0.0867750494225366,0.704734158776402,0.6179591093538653
2021-06-01,Santa Cruz,087,273765.0,312377,915,142453,559,161881,339,8006,17,22784,331,171090,347,148306,578,0.0832246634887586,0.6249520574215112,0.5417273939327525
2021-06-01,Shasta,089,179085.0,112005,520,48286,152,58495,222,5186,146,12015,133,64487,279,52472,384,0.0670910461512689,0.3600915766256247,0.2930005304743557
2021-06-01,Sierra,091,2930.0,2570,2,154,0,2392,2,24,0,83,1,1332,1,1249,1,0.0283276450511945,0.4546075085324232,0.4262798634812286
2021-06-01,Siskiyou,093,43540.0,30766,91,12066,21,17810,70,856,0,2909,28,17225,28,14316,62,0.0668121267799724,0.3956132292145153,0.3288011024345429
2021-06-01,Solano,095,438530.0,426164,1897,220177,1218,195305,601,10650,78,46227,742,241044,819,194817,1148,0.105413540692769,0.5496636490091898,0.4442501083164207
2021-06-01,Sonoma,097,501317.0,581959,2033,306137,1168,258642,784,17128,81,40471,727,318832,804,278361,1284,0.0807293588687397,0.635988805486349,0.5552594466176092
2021-06-01,Stanislaus,099,539301.0,416780,1772,225911,1113,176270,596,14333,61,43765,642,233491,701,189726,1100,0.0811513422003667,0.432951171980026,0.3517998297796592
2021-06-01,Sutter,101,95872.0,73487,313,27010,133,42959,171,3514,9,6995,114,41799,123,34804,196,0.0729618658210947,0.4359875667556742,0.3630257009345794
2021-06-01,Tehama,103,63373.0,35771,104,12175,19,22360,66,1228,19,2568,35,19744,54,17176,68,0.0405219888596089,0.3115522383349376,0.2710302494753286
2021-06-01,Trinity,105,12862.0,8394,15,1133,7,6846,7,411,1,684,4,4737,5,4053,10,0.0531799098118488,0.3682941999689006,0.3151142901570518
2021-06-01,Tulare,107,460477.0,315617,1089,177182,643,129071,413,9309,33,27753,394,175877,425,148124,684,0.0602701112107662,0.3819452437363864,0.3216751325256202
2021-06-01,Tuolumne,109,53932.0,44806,81,11629,24,32453,53,719,4,2404,26,23566,30,21162,52,0.0445746495587035,0.4369576503745457,0.3923830008158421
2021-06-01,Ventura,111,848112.0,880030,4105,445106,2316,404636,1617,29934,170,67409,1304,487433,1475,420024,2760,0.0794812477597298,0.5747271586771558,0.495245910917426
2021-06-01,Yolo,113,214977.0,227669,798,106977,359,114346,408,6328,31,19078,255,126339,285,107261,540,0.0887443773054792,0.5876861245621625,0.4989417472566833
2021-06-01,Yuba,115,75493.0,43765,256,14441,105,26577,143,2734,8,4403,85,25386,91,20983,164,0.0583232882518909,0.3362695879088127,0.2779462996569218
2021-05-31,Alameda,001,1643700.0,1956707,1214,1204572,901,652291,253,99237,59,137467,357,1093903,415,956436,842,0.0836326580276206,0.6655125631197907,0.5818799050921701
2021-05-31,Alpine,003,1148.0,1447,0,35,0,1406,0,6,0,93,0,768,0,675,0,0.0810104529616724,0.6689895470383276,0.587979094076655
2021-05-31,Amador,005,37829.0,33551,9,8324,0,24321,8,905,1,2937,2,18254,3,15317,7,0.0776388485024716,0.4825398503793386,0.4049010018768669
2021-05-31,Butte,007,227075.0,163086,48,73975,26,82884,20,6210,2,12407,27,90630,29,78223,20,0.054638335351756,0.399119233733348,0.3444808983815919
2021-05-31,Calaveras,009,45235.0,37787,5,15143,0,21776,3,866,2,2495,0,20183,2,17688,5,0.0551564054382668,0.4461810544932021,0.3910246490549353
2021-05-31,Colusa,011,21464.0,16863,4,3429,0,12563,4,868,0,1612,1,9645,1,8033,3,0.0751024972046217,0.4493570629891912,0.3742545657845695
2021-05-31,Contra Costa,013,1133247.0,1366868,416,886626,285,436935,115,43045,16,84385,137,745882,152,661497,273,0.0744630252716309,0.6581813144001264,0.5837182891284953
2021-05-31,Del Norte,015,27424.0,17230,3,5897,1,10517,2,782,0,1491,3,9682,3,8191,0,0.0543684364060676,0.3530484247374562,0.2986799883313886
2021-05-31,El Dorado,017,186661.0,173817,41,79453,15,88288,14,6054,12,14194,10,96784,22,82590,30,0.0760415941198214,0.5185014545084404,0.4424598603886189
2021-05-31,Fresno,019,978130.0,786422,333,391010,163,365891,158,29174,12,71735,133,441828,143,370093,193,0.0733389222291515,0.4517068283357018,0.3783679061065502
2021-05-31,Glenn,021,27897.0,19763,4,7021,0,11702,4,1021,0,1247,0,10976,0,9729,4,0.0447001469692081,0.3934473240850271,0.3487471771158189
2021-05-31,Humboldt,023,135768.0,127136,73,61369,27,60072,40,5578,6,9598,49,70944,55,61346,24,0.0706941252725237,0.5225384479406046,0.4518443226680808
2021-05-31,Imperial,025,180216.0,182535,93,81271,23,88791,62,12444,8,25620,45,109940,53,84320,47,0.1421627380476761,0.6100457229102855,0.4678829848626093
2021-05-31,Inyo,027,18085.0,16879,0,5921,0,10322,0,486,0,989,0,9089,0,8100,0,0.0546862040364943,0.5025711915952447,0.4478849875587503
2021-05-31,Kern,029,883053.0,581611,153,285040,47,269370,94,27039,11,56207,55,331249,65,275042,93,0.0636507661488042,0.3751179147797471,0.3114671486309429
2021-05-31,Kings,031,150075.0,82270,44,34717,23,43224,18,4299,3,8337,16,47379,19,39042,28,0.0555522238880559,0.3157021489255372,0.2601499250374812
2021-05-31,Lake,033,64148.0,47647,70,13573,22,32031,40,2041,8,3603,52,26579,60,22976,18,0.0561669888383114,0.4143387167175906,0.3581717278792791
2021-05-31,Lassen,035,31185.0,11056,7,1409,0,8753,6,882,1,683,1,6284,2,5601,6,0.0219015552348885,0.2015071348404681,0.1796055796055796
2021-05-31,Los Angeles,037,10098052.0,10085500,6351,5299009,3933,4396258,2090,387013,318,892305,1793,5664680,2110,4772375,4434,0.0883640725953877,0.5609676004837368,0.4726035278883491
2021-05-31,Madera,039,155013.0,111082,26,54242,10,52468,12,4305,4,8966,12,61844,16,52878,14,0.0578403101675343,0.3989600872184913,0.341119777050957
2021-05-31,Marin,041,260295.0,358333,34,220348,17,127743,16,10228,1,22837,17,195313,18,172476,16,0.087735069824622,0.7503524846808429,0.6626174148562208
2021-05-31,Mariposa,043,17540.0,12534,2,2176,0,9877,1,461,1,2476,0,7684,1,5208,2,0.1411630558722919,0.4380843785632839,0.296921322690992
2021-05-31,Mendocino,045,87422.0,86784,12,46358,4,37682,7,2733,1,7423,2,48291,3,40868,4,0.0849099768936881,0.55238955869232,0.4674795817986319
2021-05-31,Merced,047,269075.0,186435,116,104610,27,72787,81,8278,8,24048,33,106813,41,82765,80,0.0893728514354733,0.3969636718387067,0.3075908204032333
2021-05-31,Modoc,049,8938.0,5226,1,611,0,4295,0,313,1,246,0,2885,0,2639,0,0.0275229357798165,0.3227791452226449,0.2952562094428284
2021-05-31,Mono,051,14174.0,14912,0,8187,0,6408,0,262,0,875,0,7983,0,7108,0,0.0617327501058275,0.5632143361083675,0.5014815860025399
2021-05-31,Monterey,053,433212.0,427155,191,191490,36,216656,146,18399,9,37086,52,240452,61,203366,138,0.0856070468962078,0.5550446432693462,0.4694375963731383
2021-05-31,Napa,055,140530.0,168025,52,84404,17,79022,28,4587,7,14064,9,93154,16,79090,43,0.1000782751014018,0.662876254180602,0.5627979790792002
2021-05-31,Nevada,057,99092.0,96231,7,50376,4,43552,1,2296,2,8314,2,53268,4,44954,4,0.0839018286037217,0.5375610543737133,0.4536592257699915
2021-05-31,Orange,059,3164182.0,3310724,1775,1806228,1100,1403294,623,100145,49,252006,531,1825626,578,1573620,1207,0.0796433327792143,0.5769661795686848,0.4973228467894703
2021-05-31,Placer,061,380077.0,380703,148,212076,71,159863,60,8751,17,28770,31,208777,47,180007,117,0.07569518808031,0.5493018519931487,0.4736066639128387
2021-05-31,Plumas,063,18699.0,15639,7,1437,0,13276,4,889,3,952,0,8677,3,7725,5,0.0509118134659607,0.4640355099203166,0.4131236964543558
2021-05-31,Riverside,065,2383286.0,1920905,934,1045989,536,819108,364,55007,33,179265,352,1074884,385,895619,569,0.0752175777476979,0.4510092368268013,0.3757916590791034
2021-05-31,Sacramento,067,1510023.0,1406006,919,761720,457,606726,440,37426,22,123368,321,781545,343,658177,590,0.0816994178234371,0.5175715866579516,0.4358721688345144
2021-05-31,San Benito,069,59416.0,59109,103,30805,89,25561,12,2640,2,5931,43,33595,45,27664,57,0.0998215968762622,0.5654200888649522,0.4655984919886899
2021-05-31,San Bernardino,071,2135413.0,1567816,916,881118,584,637317,314,49194,18,149361,323,881352,342,731991,584,0.0699447835149453,0.4127314013729428,0.3427866178579974
2021-05-31,San Diego,073,3302833.0,3529581,2635,1827113,1784,1595595,679,105960,172,354352,829,2000214,1062,1645862,1755,0.1072872894269858,0.6056055513554576,0.4983182619284717
2021-05-31,San Francisco,075,870044.0,1163844,286,729553,233,387722,45,46325,7,64719,96,636238,103,571519,182,0.0743858931272441,0.7312710621531785,0.6568851690259343
2021-05-31,San Joaquin,077,732212.0,616932,640,334327,269,261969,364,20598,7,65975,245,346421,253,280446,390,0.0901036858177686,0.4731157096578586,0.38301202384009
2021-05-31,San Luis Obispo,079,281455.0,274481,46,138164,6,126228,27,9969,13,21106,16,152332,28,131226,28,0.0749888969817555,0.5412303920697803,0.4662414950880247
2021-05-31,San Mateo,081,765935.0,972166,447,578243,283,359242,156,34304,8,71524,161,537750,169,466226,282,0.0933812921462003,0.7020830749345571,0.6087017827883567
2021-05-31,Santa Barbara,083,443738.0,447655,107,253779,51,174546,45,19025,10,39525,24,252418,33,212893,79,0.0890728312652961,0.5688446786166612,0.479771847351365
2021-05-31,Santa Clara,085,1922200.0,2453473,1147,1532129,647,828191,384,89765,110,169542,444,1351192,554,1181650,679,0.0882020601394235,0.7029403808136511,0.6147383206742274
2021-05-31,Santa Cruz,087,273765.0,311462,147,141894,62,161542,83,7989,2,23015,50,170743,52,147728,97,0.0840684528701623,0.623684546965463,0.5396160940953008
2021-05-31,Shasta,089,179085.0,111485,35,48134,10,58273,23,5040,2,12120,12,64208,14,52088,23,0.0676773599128905,0.3585336572018873,0.2908562972889968
2021-05-31,Sierra,091,2930.0,2568,0,154,0,2390,0,24,0,83,0,1331,0,1248,0,0.0283276450511945,0.4542662116040956,0.425938566552901
2021-05-31,Siskiyou,093,43540.0,30675,2,12045,1,17740,0,856,1,2943,1,17197,2,14254,1,0.0675930179145613,0.3949701423977951,0.3273771244832338
2021-05-31,Solano,095,438530.0,424267,129,218959,20,194704,101,10572,8,46556,26,240225,34,193669,103,0.1061637744282033,0.5477960458805555,0.4416322714523522
2021-05-31,Sonoma,097,501317.0,579926,77,304969,29,257858,47,17047,1,40951,20,318028,21,277077,54,0.0816868368716799,0.634385029831424,0.552698192959744
2021-05-31,Stanislaus,099,539301.0,415008,286,224798,146,175674,133,14272,7,44164,111,232790,118,188626,171,0.0818911887795498,0.4316513412732407,0.3497601524936909
2021-05-31,Sutter,101,95872.0,73174,21,26877,3,42788,14,3505,4,7068,7,41676,11,34608,14,0.073723297730307,0.434704606141522,0.3609813084112149
2021-05-31,Tehama,103,63373.0,35667,19,12156,2,22294,16,1209,1,2582,6,19690,7,17108,13,0.0407429031290928,0.310700140438357,0.2699572373092642
2021-05-31,Trinity,105,12862.0,8379,3,1126,2,6839,1,410,0,689,1,4732,1,4043,2,0.0535686518426372,0.3679054579381122,0.314336806095475
2021-05-31,Tulare,107,460477.0,314528,134,176539,49,128658,74,9276,11,28012,53,175452,64,147440,80,0.0608325714422218,0.3810222877581291,0.3201897163159072
2021-05-31,Tuolumne,109,53932.0,44725,9,11605,1,32400,7,715,1,2426,1,23536,2,21110,8,0.0449825706445153,0.4364013943484388,0.3914188237039234
2021-05-31,Ventura,111,848112.0,875925,269,442790,147,403019,112,29764,9,68694,62,485958,71,417264,202,0.0809963778368894,0.5729880015846963,0.4919916237478069
2021-05-31,Yolo,113,214977.0,226871,77,106618,23,113938,50,6297,4,19333,17,126054,20,106721,60,0.0899305507100759,0.5863604013452602,0.4964298506351842
2021-05-31,Yuba,115,75493.0,43509,31,14336,3,26434,21,2726,7,4476,11,25295,18,20819,19,0.0592902653226126,0.3350641781357212,0.2757739128131085
2021-05-30,Alameda,001,1643700.0,1955493,2519,1203671,1667,652038,761,99178,87,137894,983,1093488,1071,955594,1520,0.0838924377927845,0.6652600839569265,0.5813676461641418
2021-05-30,Alpine,003,1148.0,1447,0,35,0,1406,0,6,0,93,0,768,0,675,0,0.0810104529616724,0.6689895470383276,0.587979094076655
2021-05-30,Amador,005,37829.0,33542,18,8324,5,24313,7,904,6,2941,5,18251,11,15310,13,0.0777445874857913,0.4824605461418488,0.4047159586560575
2021-05-30,Butte,007,227075.0,163038,108,73949,57,82864,51,6208,0,12398,60,90601,60,78203,48,0.0545987008697566,0.3989915226246834,0.3443928217549268
2021-05-30,Calaveras,009,45235.0,37782,38,15143,14,21773,19,864,5,2498,5,20181,9,17683,33,0.0552227257654471,0.4461368409417486,0.3909141151763015
2021-05-30,Colusa,011,21464.0,16859,8,3429,1,12559,2,868,5,1614,1,9644,6,8030,7,0.0751956764815505,0.4493104733507268,0.3741147968691763
2021-05-30,Contra Costa,013,1133247.0,1366452,998,886341,634,436820,332,43029,31,84506,366,745730,397,661224,627,0.0745697981110914,0.6580471865356802,0.5834773884245888
2021-05-30,Del Norte,015,27424.0,17227,6,5896,0,10515,6,782,0,1488,1,9679,1,8191,5,0.0542590431738623,0.3529390315052508,0.2986799883313886
2021-05-30,El Dorado,017,186661.0,173776,177,79438,103,88274,60,6042,14,14202,82,96762,96,82560,94,0.0760844525637385,0.5183835937876685,0.44229914122393
2021-05-30,Fresno,019,978130.0,786089,907,390847,544,365733,324,29162,37,71785,410,441685,446,369900,477,0.0733900401787083,0.4515606309999693,0.378170590821261
2021-05-30,Glenn,021,27897.0,19759,20,7021,13,11698,7,1021,0,1251,8,10976,8,9725,11,0.0448435315625336,0.3934473240850271,0.3486037925224934
2021-05-30,Humboldt,023,135768.0,127063,106,61342,46,60032,55,5572,5,9567,48,70889,53,61322,58,0.0704657945907725,0.5221333451181427,0.4516675505273702
2021-05-30,Imperial,025,180216.0,182442,105,81248,33,88729,70,12436,2,25614,70,109887,72,84273,34,0.1421294446664003,0.6097516313756826,0.4676221867092822
2021-05-30,Inyo,027,18085.0,16879,2,5921,0,10322,2,486,0,989,0,9089,0,8100,2,0.0546862040364943,0.5025711915952447,0.4478849875587503
2021-05-30,Kern,029,883053.0,581458,882,284993,720,269276,142,27028,20,56235,437,331184,457,274949,437,0.0636824743248706,0.3750443065138785,0.3113618321890079
2021-05-30,Kings,031,150075.0,82226,132,34694,115,43206,15,4296,2,8346,70,47360,72,39014,62,0.0556121939030484,0.315575545560553,0.2599633516575045
2021-05-30,Lake,033,64148.0,47577,21,13551,6,31991,13,2033,2,3561,11,26519,13,22958,10,0.0555122529151337,0.4134033796844796,0.3578911267693458
2021-05-30,Lassen,035,31185.0,11049,2,1409,0,8747,1,881,1,687,1,6282,2,5595,1,0.022029822029822,0.2014430014430014,0.1794131794131794
2021-05-30,Los Angeles,037,10098052.0,10079149,12825,5295076,8402,4394168,3660,386695,759,894629,5867,5662570,6620,4767941,6871,0.088594215993342,0.5607586492919624,0.4721644332986203
2021-05-30,Madera,039,155013.0,111056,64,54232,31,52456,28,4301,5,8964,29,61828,34,52864,34,0.0578274080238431,0.398856870068962,0.3410294620451188
2021-05-30,Marin,041,260295.0,358299,105,220331,62,127727,38,10227,5,22835,57,195295,62,172460,47,0.0877273862348489,0.7502833323728846,0.6625559461380357
2021-05-30,Mariposa,043,17540.0,12532,2,2176,0,9876,0,460,2,2477,0,7683,1,5206,1,0.1412200684150513,0.4380273660205245,0.2968072976054732
2021-05-30,Mendocino,045,87422.0,86772,18,46354,3,37675,14,2732,1,7424,13,48288,14,40864,5,0.0849214156619615,0.5523552423874997,0.4674338267255382
2021-05-30,Merced,047,269075.0,186319,221,104583,150,72706,60,8270,11,24087,117,106772,128,82685,103,0.0895177924370528,0.3968112979652513,0.3072935055281984
2021-05-30,Modoc,049,8938.0,5225,0,611,0,4295,0,312,0,246,0,2885,0,2639,0,0.0275229357798165,0.3227791452226449,0.2952562094428284
2021-05-30,Mono,051,14174.0,14912,0,8187,0,6408,0,262,0,875,0,7983,0,7108,0,0.0617327501058275,0.5632143361083675,0.5014815860025399
2021-05-30,Monterey,053,433212.0,426964,400,191454,176,216510,209,18390,15,37163,149,240391,165,203228,250,0.0857847889716813,0.554903834612153,0.4691190456404716
2021-05-30,Napa,055,140530.0,167973,104,84387,65,78994,34,4580,5,14091,28,93138,33,79047,71,0.1002704048957518,0.6627623994876539,0.5624919945919021
2021-05-30,Nevada,057,99092.0,96224,44,50372,20,43551,22,2294,2,8314,30,53264,32,44950,14,0.0839018286037217,0.5375206878456384,0.4536188592419166
2021-05-30,Orange,059,3164182.0,3308949,6129,1805128,3991,1402671,1856,100096,282,252635,2181,1825048,2460,1572413,3905,0.079842120333154,0.576783509924524,0.4969413895913699
2021-05-30,Placer,061,380077.0,380555,365,212005,251,159803,98,8734,16,28840,226,208730,242,179890,138,0.075879361287318,0.5491781928398719,0.4732988315525538
2021-05-30,Plumas,063,18699.0,15632,1,1437,0,13272,1,886,0,954,0,8674,0,7720,0,0.0510187710572757,0.463875073533344,0.4128563024760682
2021-05-30,Riverside,065,2383286.0,1919971,2034,1045453,1461,818744,502,54974,70,179449,1038,1074499,1109,895050,985,0.0752947820781895,0.4508476951570227,0.3755529130788331
2021-05-30,Sacramento,067,1510023.0,1405087,1755,761263,1111,606286,581,37404,62,123615,769,781202,832,657587,974,0.081862991490858,0.5173444377999541,0.4354814463090959
2021-05-30,San Benito,069,59416.0,59006,270,30716,254,25549,16,2638,0,5943,92,33550,92,27607,177,0.10002356267672,0.5646627171132355,0.4646391544365154
2021-05-30,San Bernardino,071,2135413.0,1566900,1799,880534,1265,637003,449,49176,85,149603,865,881010,949,731407,925,0.0700581105388044,0.4125712450003816,0.3425131344615772
2021-05-30,San Diego,073,3302833.0,3526946,4698,1825329,3202,1594916,1094,105788,398,355045,1938,1999152,2442,1644107,2693,0.1074971092998041,0.6052840092126971,0.497786899912893
2021-05-30,San Francisco,075,870044.0,1163558,1000,729320,709,387677,251,46318,38,64798,393,636135,432,571337,600,0.0744766931327611,0.7311526773358589,0.6566759842030978
2021-05-30,San Joaquin,077,732212.0,616292,1000,334058,543,261605,431,20591,26,66112,404,346168,431,280056,581,0.0902907900990423,0.4727701813136086,0.3824793912145662
2021-05-30,San Luis Obispo,079,281455.0,274435,88,138158,36,126201,45,9956,7,21106,34,152304,41,131198,53,0.0749888969817555,0.5411309090263097,0.4661420120445542
2021-05-30,San Mateo,081,765935.0,971719,1664,577960,1121,359086,484,34296,59,71637,642,537581,700,465944,1014,0.0935288242474883,0.7018624295795335,0.6083336053320452
2021-05-30,Santa Barbara,083,443738.0,447548,522,253728,185,174501,239,19015,98,39571,186,252385,283,212814,333,0.0891764960404563,0.5687703104083941,0.4795938143679378
2021-05-30,Santa Clara,085,1922200.0,2452326,3994,1531482,2996,827807,773,89655,222,169667,1859,1350638,2081,1180971,2094,0.0882670897929455,0.7026521693892415,0.614385079596296
2021-05-30,Santa Cruz,087,273765.0,311315,240,141832,121,161459,106,7987,13,23060,91,170691,105,147631,148,0.0842328274249812,0.6234946030354501,0.5392617756104688
2021-05-30,Shasta,089,179085.0,111450,84,48124,47,58250,35,5038,2,12129,52,64194,54,52065,31,0.0677276153781723,0.3584554820336711,0.2907278666554987
2021-05-30,Sierra,091,2930.0,2568,1,154,1,2390,0,24,0,83,1,1331,1,1248,0,0.0283276450511945,0.4542662116040956,0.425938566552901
2021-05-30,Siskiyou,093,43540.0,30673,0,12044,0,17740,0,855,0,2942,0,17195,0,14253,0,0.0675700505282498,0.3949242076251723,0.3273541570969224
2021-05-30,Solano,095,438530.0,424138,341,218939,163,194603,151,10564,27,46625,120,240191,148,193566,216,0.1063211182815314,0.5477185141267417,0.4413973958452101
2021-05-30,Sonoma,097,501317.0,579849,359,304940,220,257811,128,17046,11,40984,137,318007,146,277023,211,0.0817526634843821,0.6343431401687953,0.5525904766844133
2021-05-30,Stanislaus,099,539301.0,414722,494,224652,305,175541,156,14265,33,44217,213,232672,246,188455,272,0.0819894641396919,0.4314325395280187,0.3494430753883267
2021-05-30,Sutter,101,95872.0,73153,88,26874,63,42774,22,3501,3,7071,38,41665,41,34594,48,0.0737545894526034,0.4345898698264352,0.3608352803738318
2021-05-30,Tehama,103,63373.0,35648,17,12154,5,22278,11,1208,1,2588,8,19683,9,17095,9,0.0408375806731573,0.3105896833036151,0.2697521026304578
2021-05-30,Trinity,105,12862.0,8376,6,1124,5,6838,1,410,0,690,0,4731,0,4041,6,0.0536464002487949,0.3678277095319546,0.3141813092831597
2021-05-30,Tulare,107,460477.0,314394,296,176490,213,128584,75,9265,8,28028,167,175388,175,147360,126,0.0608673180202268,0.3808833014461091,0.3200159834258823
2021-05-30,Tuolumne,109,53932.0,44716,18,11604,1,32393,14,714,3,2432,4,23534,7,21102,14,0.0450938218497367,0.436364310613365,0.3912704887636283
2021-05-30,Ventura,111,848112.0,875656,922,442643,583,402907,285,29755,54,68825,347,485887,400,417062,567,0.0811508385684909,0.5729042862263475,0.4917534476578565
2021-05-30,Yolo,113,214977.0,226794,139,106595,68,113888,61,6293,10,19373,51,126034,62,106661,87,0.0901166171264832,0.5862673681370565,0.4961507510105732
2021-05-30,Yuba,115,75493.0,43478,55,14333,26,26413,24,2719,5,4477,21,25277,26,20800,34,0.0593035115838554,0.3348257454333514,0.275522233849496
2021-05-29,Alameda,001,1643700.0,1952974,5054,1202004,3056,651277,1804,99091,192,138343,2458,1092417,2650,954074,2570,0.0841656019954979,0.6646085052016791,0.5804429032061812
2021-05-29,Alpine,003,1148.0,1447,1,35,0,1406,1,6,0,93,1,768,1,675,0,0.0810104529616724,0.6689895470383276,0.587979094076655
2021-05-29,Amador,005,37829.0,33524,29,8319,3,24306,23,898,3,2943,6,18240,9,15297,21,0.0777974569774511,0.4821697639377197,0.4043723069602686
2021-05-29,Butte,007,227075.0,162930,238,73892,120,82813,104,6208,14,12386,146,90541,160,78155,89,0.0545458548937575,0.3987272927446879,0.3441814378509303
2021-05-29,Calaveras,009,45235.0,37744,69,15129,26,21754,40,859,3,2522,22,20172,25,17650,47,0.0557532883828893,0.4459378799602078,0.3901845915773184
2021-05-29,Colusa,011,21464.0,16851,40,3428,18,12557,18,863,4,1615,29,9638,33,8023,11,0.0752422661200149,0.4490309355199404,0.3737886693999254
2021-05-29,Contra Costa,013,1133247.0,1365454,3431,885707,2250,436488,1057,42998,124,84736,1659,745333,1783,660597,1758,0.0747727547480822,0.6576968657318307,0.5829241109837485
2021-05-29,Del Norte,015,27424.0,17221,9,5896,1,10509,4,782,4,1492,3,9678,7,8186,6,0.0544049008168028,0.3529025670945157,0.2984976662777129
2021-05-29,El Dorado,017,186661.0,173599,401,79335,113,88214,271,6028,17,14200,165,96666,182,82466,234,0.0760737379527592,0.5178692924606639,0.4417955545079047
2021-05-29,Fresno,019,978130.0,785182,2341,390303,1700,365409,569,29125,71,71816,1203,441239,1273,369423,1120,0.0734217333074335,0.4511046588899226,0.377682925582489
2021-05-29,Glenn,021,27897.0,19739,48,7008,12,11691,32,1021,4,1254,21,10968,25,9714,27,0.0449510700075276,0.3931605548983761,0.3482094848908484
2021-05-29,Humboldt,023,135768.0,126957,176,61296,103,59977,67,5567,6,9572,93,70836,99,61264,82,0.0705026221200872,0.5217429733074067,0.4512403511873195
2021-05-29,Imperial,025,180216.0,182337,375,81215,162,88659,166,12434,47,25576,175,109815,221,84239,198,0.1419185865849869,0.6093521108003729,0.467433524215386
2021-05-29,Inyo,027,18085.0,16877,16,5921,6,10320,10,486,0,991,8,9089,8,8098,8,0.0547967929223113,0.5025711915952447,0.4477743986729334
2021-05-29,Kern,029,883053.0,580576,1946,284273,1278,269134,618,27008,50,56215,935,330727,985,274512,998,0.0636598256276803,0.3745267837830798,0.3108669581553995
2021-05-29,Kings,031,150075.0,82094,175,34579,101,43191,62,4294,12,8336,85,47288,97,38952,90,0.0555455605530568,0.315095785440613,0.2595502248875562
2021-05-29,Lake,033,64148.0,47556,37,13545,10,31978,21,2031,6,3558,14,26506,20,22948,23,0.0554654860634782,0.4132007233273056,0.3577352372638274
2021-05-29,Lassen,035,31185.0,11047,15,1409,1,8746,12,880,2,686,8,6280,10,5594,7,0.0219977553310886,0.2013788680455347,0.179381112714446
2021-05-29,Los Angeles,037,10098052.0,10066324,31388,5286674,18150,4390508,12152,385936,1074,894880,14251,5655950,15315,4761070,16910,0.0886190722725531,0.5601030773063953,0.4714840050338422
2021-05-29,Madera,039,155013.0,110992,311,54201,219,52428,73,4296,19,8964,169,61794,188,52830,141,0.0578274080238431,0.398637533626212,0.3408101256023688
2021-05-29,Marin,041,260295.0,358194,385,220269,223,127689,151,10222,11,22820,202,195233,213,172413,183,0.0876697593115503,0.7500451410899172,0.6623753817783669
2021-05-29,Mariposa,043,17540.0,12530,8,2176,2,9876,5,458,1,2477,1,7682,2,5205,4,0.1412200684150513,0.4379703534777651,0.2967502850627138
2021-05-29,Mendocino,045,87422.0,86754,51,46351,17,37661,29,2731,5,7415,26,48274,31,40859,24,0.0848184667475006,0.5521950996316717,0.467376632884171
2021-05-29,Merced,047,269075.0,186098,404,104433,273,72646,118,8259,9,24062,156,106644,166,82582,236,0.0894248815386044,0.3963355941651956,0.3069107126265911
2021-05-29,Modoc,049,8938.0,5225,1,611,1,4295,0,312,0,246,0,2885,0,2639,1,0.0275229357798165,0.3227791452226449,0.2952562094428284
2021-05-29,Mono,051,14174.0,14912,128,8187,25,6408,101,262,2,875,30,7983,32,7108,98,0.0617327501058275,0.5632143361083675,0.5014815860025399
2021-05-29,Monterey,053,433212.0,426564,1038,191278,676,216301,329,18375,32,37248,410,240226,443,202978,620,0.0859809977562948,0.5545229587361384,0.4685419609798436
2021-05-29,Napa,055,140530.0,167869,133,84322,79,78960,50,4575,4,14129,74,93105,78,78976,58,0.1005408097915036,0.6625275741834483,0.5619867643919447
2021-05-29,Nevada,057,99092.0,96180,72,50352,15,43529,57,2292,0,8296,39,53232,39,44936,33,0.0837201792273846,0.537197755621039,0.4534775763936544
2021-05-29,Orange,059,3164182.0,3302820,9212,1801137,5357,1400815,3490,99814,365,254080,4034,1822588,4391,1568508,5098,0.080298794443556,0.5760060578057773,0.4957072633622212
2021-05-29,Placer,061,380077.0,380190,755,211754,411,159705,313,8718,31,28736,381,208488,411,179752,372,0.0756057325226204,0.5485414797527869,0.4729357472301665
2021-05-29,Plumas,063,18699.0,15631,10,1437,1,13271,9,886,0,954,7,8674,7,7720,1,0.0510187710572757,0.463875073533344,0.4128563024760682
2021-05-29,Riverside,065,2383286.0,1917937,5167,1043992,3512,818242,1520,54904,131,179325,2836,1073390,2970,894065,2291,0.0752427530728582,0.4503823712303098,0.3751396181574515
2021-05-29,Sacramento,067,1510023.0,1403332,4558,760152,2758,605705,1631,37342,169,123757,2221,780370,2388,656613,2310,0.0819570297935859,0.5167934528149571,0.4348364230213712
2021-05-29,San Benito,069,59416.0,58736,151,30462,129,25533,20,2638,2,6028,65,33458,67,27430,86,0.101454153763296,0.5631143126430591,0.461660158879763
2021-05-29,San Bernardino,071,2135413.0,1565101,5204,879269,3487,636554,1594,49091,123,149579,2586,880061,2707,730482,2597,0.0700468714951159,0.4121268344811987,0.3420799629860828
2021-05-29,San Diego,073,3302833.0,3522248,12070,1822127,7581,1593822,3963,105390,520,355296,4952,1996710,5670,1641414,6974,0.1075731046649951,0.6045446439465756,0.4969715392815804
2021-05-29,San Francisco,075,870044.0,1162558,2082,728611,1497,387426,481,46280,104,64966,807,635703,905,570737,1255,0.0746697868153794,0.7306561507234117,0.6559863639080322
2021-05-29,San Joaquin,077,732212.0,615292,2194,333515,1222,261174,931,20565,41,66262,914,345737,956,279475,1261,0.0904956488011668,0.4721815539761708,0.3816859051750039
2021-05-29,San Luis Obispo,079,281455.0,274347,384,138122,154,126156,218,9949,12,21118,203,152263,214,131145,177,0.0750315325718143,0.5409852374269422,0.4659537048551278
2021-05-29,San Mateo,081,765935.0,970055,3305,576839,2344,358602,910,34237,51,71951,1232,536881,1281,464930,2042,0.0939387807059345,0.7009485139078381,0.6070097332019035
2021-05-29,Santa Barbara,083,443738.0,447026,934,253543,326,174262,571,18917,37,39621,369,252102,406,212481,561,0.0892891751438912,0.5681325466829525,0.4788433715390613
2021-05-29,Santa Clara,085,1922200.0,2448332,6512,1528486,4415,827034,1807,89433,287,169680,2750,1348557,3034,1178877,3699,0.0882738528769118,0.7015695557174071,0.6132957028404953
2021-05-29,Santa Cruz,087,273765.0,311075,569,141711,326,161353,233,7974,10,23103,308,170586,318,147483,259,0.0843898964440304,0.6231110624075393,0.5387211659635088
2021-05-29,Shasta,089,179085.0,111366,226,48077,67,58215,128,5036,31,12106,88,64140,117,52034,138,0.0675991847446743,0.3581539492419801,0.2905547644973058
2021-05-29,Sierra,091,2930.0,2567,2,153,0,2390,2,24,0,82,2,1330,2,1248,0,0.0279863481228668,0.4539249146757679,0.425938566552901
2021-05-29,Siskiyou,093,43540.0,30673,17,12044,9,17740,5,855,3,2942,6,17195,9,14253,11,0.0675700505282498,0.3949242076251723,0.3273541570969224
2021-05-29,Solano,095,438530.0,423797,669,218776,330,194452,307,10537,32,46693,299,240043,330,193350,366,0.1064761817891592,0.5473810229630812,0.440904841173922
2021-05-29,Sonoma,097,501317.0,579490,1377,304720,943,257683,364,17035,70,41049,632,317861,702,276812,737,0.0818823219639469,0.6340519072762344,0.5521695853122874
2021-05-29,Stanislaus,099,539301.0,414228,1369,224347,885,175385,440,14232,44,44243,601,232426,645,188183,761,0.0820376746937239,0.430976393516793,0.3489387188230691
2021-05-29,Sutter,101,95872.0,73065,255,26811,122,42752,118,3498,15,7078,130,41624,145,34546,122,0.073827603471295,0.4341622162883845,0.3603346128170894
2021-05-29,Tehama,103,63373.0,35631,54,12149,8,22267,41,1207,5,2588,33,19674,38,17086,21,0.0408375806731573,0.3104476669875183,0.269610086314361
2021-05-29,Trinity,105,12862.0,8370,10,1119,7,6837,2,410,1,696,7,4731,8,4035,3,0.0541128906857409,0.3678277095319546,0.3137148188462136
2021-05-29,Tulare,107,460477.0,314098,895,176277,662,128509,212,9257,21,27979,505,175213,526,147234,389,0.0607609066250866,0.3805032607491797,0.3197423541240931
2021-05-29,Tuolumne,109,53932.0,44698,39,11603,7,32379,27,711,5,2439,17,23527,22,21088,21,0.0452236149224949,0.4362345175406067,0.3910109026181117
2021-05-29,Ventura,111,848112.0,874734,2221,442060,1370,402622,784,29701,67,68992,1069,485487,1136,416495,1136,0.0813477465240439,0.5724326504046635,0.4910849038806195
2021-05-29,Yolo,113,214977.0,226655,610,106527,357,113827,217,6283,36,19398,268,125972,302,106574,340,0.0902329086367378,0.5859789651916252,0.4957460565548873
2021-05-29,Yuba,115,75493.0,43423,168,14307,69,26389,77,2714,22,4485,87,25251,109,20766,80,0.0594094816737975,0.3344813426410395,0.275071860967242
2021-05-28,Alameda,001,1643700.0,1947920,8819,1198948,5180,649473,3407,98899,232,138263,3638,1089767,3871,951504,5135,0.0841169313135,0.6629962888604977,0.5788793575469976
2021-05-28,Alpine,003,1148.0,1446,3,35,2,1405,1,6,0,92,3,767,3,675,0,0.0801393728222996,0.6681184668989547,0.587979094076655
2021-05-28,Amador,005,37829.0,33495,72,8316,29,24283,38,895,5,2955,28,18231,33,15276,44,0.0781146739274101,0.4819318512252504,0.4038171772978403
2021-05-28,Butte,007,227075.0,162692,539,73772,153,82709,306,6194,80,12315,220,90381,300,78066,314,0.0542331828690961,0.3980226797313663,0.3437894968622701
2021-05-28,Calaveras,009,45235.0,37675,88,15103,45,21714,39,856,4,2544,36,20147,40,17603,52,0.056239637448878,0.4453852105670388,0.3891455731181607
2021-05-28,Colusa,011,21464.0,16811,82,3410,26,12539,55,859,1,1593,45,9605,46,8012,37,0.0742172940737979,0.4474934774506149,0.373276183376817
2021-05-28,Contra Costa,013,1133247.0,1362023,5587,883457,3879,435431,1523,42874,184,84711,2291,743550,2475,658839,3268,0.0747506942440615,0.656123510585071,0.5813728163410095
2021-05-28,Del Norte,015,27424.0,17212,54,5895,8,10505,38,778,8,1491,10,9671,17,8180,43,0.0543684364060676,0.3526473162193699,0.2982788798133022
2021-05-28,El Dorado,017,186661.0,173198,770,79222,292,87943,413,6011,65,14252,316,96484,381,82232,452,0.0763523178382201,0.5168942628615512,0.440541945023331
2021-05-28,Fresno,019,978130.0,782841,3558,388603,2278,364840,1176,29054,100,71663,1923,439966,2021,368303,1609,0.0732653123817897,0.4498031958942063,0.3765378835124165
2021-05-28,Glenn,021,27897.0,19691,64,6996,19,11659,38,1017,7,1256,30,10943,37,9687,33,0.0450227623041904,0.3922644011900921,0.3472416388859017
2021-05-28,Humboldt,023,135768.0,126781,426,61193,198,59910,175,5561,52,9555,174,70737,226,61182,250,0.0703774085204171,0.5210137882269754,0.4506363797065582
2021-05-28,Imperial,025,180216.0,181962,1264,81053,654,88493,511,12387,99,25553,464,109594,565,84041,790,0.141790961956763,0.6081258045900475,0.4663348426332845
2021-05-28,Inyo,027,18085.0,16861,26,5915,6,10310,15,486,5,991,8,9081,13,8090,18,0.0547967929223113,0.5021288360519768,0.4473320431296654
2021-05-28,Kern,029,883053.0,578630,2966,282995,1563,268516,1284,26958,119,56228,1360,329742,1476,273514,1587,0.063674547280854,0.3734113354464567,0.3097367881656027
2021-05-28,Kings,031,150075.0,81919,310,34478,159,43129,132,4282,19,8329,139,47191,158,38862,167,0.0554989172080626,0.3144494419456938,0.2589505247376312
2021-05-28,Lake,033,64148.0,47519,226,13535,25,31957,163,2025,38,3561,50,26486,83,22925,170,0.0555122529151337,0.4128889443162686,0.3573766914011348
2021-05-28,Lassen,035,31185.0,11032,71,1408,46,8734,18,878,7,683,28,6270,35,5587,43,0.0219015552348885,0.201058201058201,0.1791566458233124
2021-05-28,Los Angeles,037,10098052.0,10034936,53854,5268524,30432,4378356,21440,384862,1967,896475,23400,5640635,25350,4744160,30072,0.0887770235288944,0.5585864481585161,0.4698094246296216
2021-05-28,Madera,039,155013.0,110681,461,53982,180,52355,252,4277,29,8917,171,61606,200,52689,288,0.0575242076471005,0.3974247321192416,0.339900524472141
2021-05-28,Marin,041,260295.0,357809,1114,220046,719,127538,315,10211,80,22790,327,195020,405,172230,783,0.0875545054649532,0.7492268387790776,0.6616723333141243
2021-05-28,Mariposa,043,17540.0,12522,66,2174,6,9871,56,457,4,2479,24,7680,28,5201,43,0.1413340935005701,0.4378563283922463,0.2965222348916762
2021-05-28,Mendocino,045,87422.0,86703,247,46334,101,37632,129,2726,17,7408,155,48243,173,40835,89,0.0847383953695866,0.5518404978151953,0.4671021024456087
2021-05-28,Merced,047,269075.0,185694,819,104160,386,72528,387,8250,46,24132,334,106478,380,82346,468,0.0896850320542599,0.3957186657994982,0.3060336337452383
2021-05-28,Modoc,049,8938.0,5224,8,610,1,4295,4,312,3,247,3,2885,6,2638,5,0.0276348176325799,0.3227791452226449,0.2951443275900648
2021-05-28,Mono,051,14174.0,14784,44,8162,29,6307,15,260,0,941,11,7951,11,7010,33,0.0663891632566671,0.5609566812473543,0.4945675179906871
2021-05-28,Monterey,053,433212.0,425526,1830,190602,644,215972,1124,18343,61,37425,776,239783,837,202358,1041,0.0863895736960195,0.5535003647175055,0.467110791021486
2021-05-28,Napa,055,140530.0,167736,415,84243,214,78910,177,4571,24,14109,169,93027,192,78918,244,0.1003984914253184,0.6619725325553263,0.5615740411300079
2021-05-28,Nevada,057,99092.0,96108,366,50337,221,43472,127,2292,17,8290,195,53193,212,44903,169,0.0836596294352722,0.5368041819723086,0.4531445525370363
2021-05-28,Orange,059,3164182.0,3293608,17229,1795780,10134,1397325,6450,99449,643,254787,7442,1818197,8079,1563410,9684,0.080522232918334,0.5746183373775592,0.4940961044592251
2021-05-28,Placer,061,380077.0,379435,1744,211343,889,159392,753,8687,102,28697,724,208077,826,179380,1012,0.0755031217358587,0.5474601199230682,0.4719569981872094
2021-05-28,Plumas,063,18699.0,15621,43,1436,15,13262,26,886,2,948,21,8667,23,7719,21,0.0506978982833306,0.4635007219637413,0.4128028236804107
2021-05-28,Riverside,065,2383286.0,1912770,11222,1040480,6790,816722,4101,54773,324,178646,5088,1070420,5416,891774,6059,0.0749578523097941,0.4491361926348747,0.3741783403250805
2021-05-28,Sacramento,067,1510023.0,1398774,8648,757394,4865,604074,3403,37173,380,123679,3644,777982,4022,654303,4965,0.0819053749512424,0.515212019949365,0.4333066449981225
2021-05-28,San Benito,069,59416.0,58585,301,30333,184,25513,109,2636,8,6047,117,33391,125,27344,183,0.1017739329473542,0.5619866702571698,0.4602127373098155
2021-05-28,San Bernardino,071,2135413.0,1559897,9071,875782,5631,634960,3163,48968,276,149469,4476,877354,4749,727885,4552,0.0699953592115436,0.4108591640118328,0.3408638048002892
2021-05-28,San Diego,073,3302833.0,3510178,21408,1814546,13233,1589859,7410,104870,762,356600,8206,1991040,9314,1634440,13022,0.1079679172395334,0.6028279358962442,0.4948600186567107
2021-05-28,San Francisco,075,870044.0,1160476,3865,727114,2200,386945,1493,46176,171,65316,1315,634798,1484,569482,2521,0.0750720653208343,0.7296159734450212,0.6545439081241868
2021-05-28,San Joaquin,077,732212.0,613098,3239,332293,1755,260243,1390,20524,94,66567,1467,344781,1562,278214,1732,0.09091219482882,0.4708759211812972,0.3799637263524771
2021-05-28,San Luis Obispo,079,281455.0,273963,948,137968,483,125938,434,9937,31,21081,496,152049,527,130968,451,0.0749000728357996,0.5402249027375602,0.4653248299017605
2021-05-28,San Mateo,081,765935.0,966750,3575,574495,2245,357692,1242,34186,88,72712,1333,535600,1420,462888,2206,0.0949323376004491,0.6992760482286355,0.6043437106281865
2021-05-28,Santa Barbara,083,443738.0,446092,1571,253217,721,173691,697,18880,153,39776,625,251696,778,211920,941,0.0896384803645394,0.5672175923630611,0.4775791119985216
2021-05-28,Santa Clara,085,1922200.0,2441820,11228,1524071,7228,825227,3530,89146,463,170345,4517,1345523,4976,1175178,6628,0.0886198106336489,0.699991155967121,0.611371345333472
2021-05-28,Santa Cruz,087,273765.0,310506,856,141385,379,161120,444,7964,33,23044,356,170268,389,147224,492,0.0841743831388234,0.6219494822201523,0.5377750990813289
2021-05-28,Shasta,089,179085.0,111140,435,48010,197,58087,210,5005,27,12127,198,64023,225,51896,236,0.0677164474969986,0.357500628193316,0.2897841806963174
2021-05-28,Sierra,091,2930.0,2565,3,153,1,2388,2,24,0,80,2,1328,2,1248,1,0.0273037542662116,0.4532423208191126,0.425938566552901
2021-05-28,Siskiyou,093,43540.0,30656,157,12035,61,17735,95,852,1,2944,104,17186,105,14242,52,0.0676159853008727,0.3947175011483693,0.3271015158474966
2021-05-28,Solano,095,438530.0,423128,2101,218446,1084,194145,959,10505,58,46729,797,239713,855,192984,1295,0.1065582742343739,0.5466285088819465,0.4400702346475725
2021-05-28,Sonoma,097,501317.0,578113,2262,303777,1172,257319,997,16965,93,41084,616,317159,707,276075,1630,0.081952138068328,0.6326515956969343,0.5506994576286063
2021-05-28,Stanislaus,099,539301.0,412859,2279,223462,1109,174945,1083,14188,86,44359,962,231781,1047,187422,1294,0.0822527679347896,0.4297804009263843,0.3475276329915946
2021-05-28,Sutter,101,95872.0,72810,345,26689,167,42634,162,3483,16,7055,173,41479,189,34424,168,0.0735877002670227,0.4326497830440587,0.359062082777036
2021-05-28,Tehama,103,63373.0,35577,150,12141,41,22226,100,1202,9,2571,72,19636,81,17065,78,0.0405693276316412,0.3098480425417764,0.2692787149101352
2021-05-28,Trinity,105,12862.0,8360,16,1112,10,6835,4,409,2,691,8,4723,10,4032,8,0.0537241486549525,0.3672057222826932,0.3134815736277406
2021-05-28,Tulare,107,460477.0,313203,1218,175615,677,128297,493,9236,48,27842,635,174687,682,146845,578,0.0604633890509189,0.3793609669972659,0.3188975779463469
2021-05-28,Tuolumne,109,53932.0,44659,117,11596,47,32352,69,706,1,2438,65,23505,66,21067,47,0.045205073054958,0.4358265964547949,0.3906215233998368
2021-05-28,Ventura,111,848112.0,872513,4706,440690,2523,401838,1979,29634,201,68992,2027,484351,2224,415359,2652,0.0813477465240439,0.5710932046710812,0.4897454581470372
2021-05-28,Yolo,113,214977.0,226045,912,106170,414,113610,467,6247,31,19436,381,125670,410,106234,525,0.0904096717323248,0.5845741637477497,0.4941644920154249
2021-05-28,Yuba,115,75493.0,43255,252,14238,114,26312,130,2692,8,4456,123,25142,131,20686,129,0.0590253400977574,0.3330375001655782,0.2740121600678208
2021-05-27,Alameda,001,1643700.0,1939101,8339,1193768,4980,646066,2960,98667,397,139527,3381,1085896,3772,946369,4906,0.0848859280890673,0.6606412362353228,0.5757553081462554
2021-05-27,Alpine,003,1148.0,1443,1,33,0,1404,1,6,0,89,0,764,0,675,1,0.0775261324041811,0.6655052264808362,0.587979094076655
2021-05-27,Amador,005,37829.0,33423,82,8287,38,24245,35,890,9,2966,30,18198,39,15232,50,0.0784054561315392,0.4810595046128631,0.4026540484813238
2021-05-27,Butte,007,227075.0,162153,875,73619,625,82403,232,6114,18,12329,421,90081,439,77752,449,0.0542948365077617,0.3967015303313883,0.3424066938236265
2021-05-27,Calaveras,009,45235.0,37587,86,15058,44,21675,38,852,4,2556,30,20107,34,17551,53,0.0565049187575992,0.4445009395379684,0.3879960207803692
2021-05-27,Colusa,011,21464.0,16729,218,3384,18,12484,200,858,0,1584,55,9559,55,7975,163,0.0737979873276183,0.4453503540812523,0.371552366753634
2021-05-27,Contra Costa,013,1133247.0,1356436,3981,879578,2799,433908,996,42690,186,85504,1628,741075,1809,655571,2335,0.0754504534315996,0.653939520687017,0.5784890672554174
2021-05-27,Del Norte,015,27424.0,17158,75,5887,29,10467,42,770,4,1517,35,9654,39,8137,39,0.0553165110851808,0.3520274212368728,0.2967109101516919
2021-05-27,El Dorado,017,186661.0,172428,640,78930,254,87530,351,5946,35,14323,305,96103,340,81780,334,0.0767326865279838,0.5148531294700017,0.4381204429420179
2021-05-27,Fresno,019,978130.0,779283,3289,386325,2017,363664,1159,28954,108,71251,1385,437945,1492,366694,1877,0.0728441004774416,0.4477370083731201,0.3748929078956785
2021-05-27,Glenn,021,27897.0,19627,107,6977,63,11621,43,1010,1,1252,53,10906,54,9654,53,0.0448793777108649,0.3909380937018317,0.3460587159909667
2021-05-27,Humboldt,023,135768.0,126355,482,60995,257,59735,189,5509,36,9579,280,70511,316,60932,199,0.0705541806611278,0.5193491839019504,0.4487950032408225
2021-05-27,Imperial,025,180216.0,180698,1461,80399,784,87982,595,12288,82,25778,714,109029,796,83251,735,0.1430394637546055,0.6049906778532428,0.4619512140986372
2021-05-27,Inyo,027,18085.0,16835,48,5909,10,10295,30,481,8,996,13,9068,21,8072,35,0.0550732651368537,0.5014100082941665,0.4463367431573127
2021-05-27,Kern,029,883053.0,575664,2531,281432,1322,267232,1090,26839,119,56339,1318,328266,1433,271927,1190,0.0638002475502602,0.3717398615938114,0.3079396140435512
2021-05-27,Kings,031,150075.0,81609,350,34319,197,42997,134,4263,18,8338,189,47033,207,38695,158,0.0555588872230551,0.3133966350158254,0.2578377477927703
2021-05-27,Lake,033,64148.0,47293,183,13510,49,31794,120,1987,14,3648,63,26403,77,22755,120,0.0568684916131446,0.4115950614204651,0.3547265698073206
2021-05-27,Lassen,035,31185.0,10961,40,1362,14,8716,20,871,6,691,10,6235,16,5544,30,0.0221580888247554,0.1999358666025332,0.1777777777777777
2021-05-27,Los Angeles,037,10098052.0,9981082,46790,5238092,26067,4356916,18802,382895,1910,901197,19141,5615285,21033,4714088,27360,0.0892446384708654,0.5560760629871979,0.4668314245163324
2021-05-27,Madera,039,155013.0,110220,389,53802,143,52103,209,4248,37,9005,121,61406,157,52401,263,0.0580919019695122,0.3961345177501242,0.3380426157806119
2021-05-27,Marin,041,260295.0,356695,1043,219327,662,127223,300,10131,81,23168,336,194615,417,171447,702,0.089006703932077,0.7476709118500163,0.6586642079179392
2021-05-27,Mariposa,043,17540.0,12456,120,2168,63,9815,56,453,1,2494,62,7652,63,5158,58,0.1421892816419612,0.4362599771949829,0.2940706955530217
2021-05-27,Mendocino,045,87422.0,86456,265,46233,117,37503,122,2709,26,7324,113,48070,138,40746,150,0.0837775388346182,0.5498615909038914,0.4660840520692731
2021-05-27,Merced,047,269075.0,184875,974,103774,678,72141,252,8204,38,24220,552,106098,591,81878,406,0.0900120784167982,0.3943064201430827,0.3042943417262845
2021-05-27,Modoc,049,8938.0,5216,32,609,4,4291,22,309,6,246,9,2879,15,2633,23,0.0275229357798165,0.322107854106064,0.2945849183262475
2021-05-27,Mono,051,14174.0,14740,10,8133,0,6292,9,260,1,963,5,7940,6,6977,4,0.0679413009736136,0.5601806123888811,0.4922393114152674
2021-05-27,Monterey,053,433212.0,423696,2627,189958,1458,214848,1108,18282,61,37629,924,238946,984,201317,1685,0.0868604747790919,0.5515682852737228,0.4647078104946308
2021-05-27,Napa,055,140530.0,167321,400,84029,177,78733,195,4547,28,14161,159,92835,187,78674,241,0.1007685191773998,0.6606062762399487,0.5598377570625489
2021-05-27,Nevada,057,99092.0,95742,453,50116,239,43345,201,2275,13,8247,188,52981,201,44734,262,0.0832256892584668,0.5346647559843378,0.4514390667258709
2021-05-27,Orange,059,3164182.0,3276379,14790,1785646,8885,1390875,5341,98806,563,256392,6346,1810118,6907,1553726,8355,0.0810294730201992,0.5720650708461145,0.4910355978259152
2021-05-27,Placer,061,380077.0,377691,1484,210454,749,158639,689,8585,46,28883,666,207251,710,178368,813,0.0759924962573373,0.5452868760803732,0.4692943798230358
2021-05-27,Plumas,063,18699.0,15578,109,1421,28,13236,67,884,14,946,45,8644,57,7698,63,0.0505909406920156,0.4622707096636184,0.4116797689716027
2021-05-27,Riverside,065,2383286.0,1901548,8828,1033690,5267,812621,3301,54449,251,179289,3944,1065004,4196,885715,4823,0.075227647877762,0.4468636999504046,0.3716360520726425
2021-05-27,Sacramento,067,1510023.0,1390126,7156,752529,4061,600671,2841,36793,254,124622,3031,773960,3284,649338,4090,0.0825298687503435,0.5125484843608342,0.4300186156104907
2021-05-27,San Benito,069,59416.0,58284,429,30149,331,25404,76,2628,22,6105,159,33266,181,27161,267,0.1027501009829002,0.5598828598357345,0.4571327588528343
2021-05-27,San Bernardino,071,2135413.0,1550826,7943,870151,4823,631797,2872,48692,248,149272,3531,872605,3777,723333,4369,0.0699031053946004,0.40863523824197,0.3387321328473696
2021-05-27,San Diego,073,3302833.0,3488770,20731,1801313,11957,1582449,6324,104108,2444,360308,6790,1981726,9688,1621418,13763,0.1090905898057818,0.6000079325839363,0.4909173427781544
2021-05-27,San Francisco,075,870044.0,1156611,3815,724914,2195,385452,1421,46005,199,66353,1181,633314,1379,566961,2617,0.0762639590641392,0.7279103125818924,0.6516463535177531
2021-05-27,San Joaquin,077,732212.0,609859,3175,330538,1719,258853,1367,20430,89,66737,1247,343219,1334,276482,1892,0.0911443680245611,0.4687426592298405,0.3775982912052793
2021-05-27,San Luis Obispo,079,281455.0,273015,1920,137485,685,125504,1201,9906,34,21005,489,151522,523,130517,1423,0.0746300474320939,0.5383524897408112,0.4637224423087172
2021-05-27,San Mateo,081,765935.0,963175,3856,572250,2237,356450,1516,34098,99,73498,1229,534180,1325,460682,2606,0.0959585343403813,0.6974221050089107,0.6014635706685293
2021-05-27,Santa Barbara,083,443738.0,444521,2009,252496,1223,172994,642,18727,143,39939,836,250918,980,210979,1164,0.0900058142417372,0.5654643055136139,0.4754584912718766
2021-05-27,Santa Clara,085,1922200.0,2430592,9690,1516843,6198,821697,3024,88683,456,171997,3599,1340547,4045,1168550,6004,0.0894792425345957,0.697402455519717,0.6079232129851212
2021-05-27,Santa Cruz,087,273765.0,309650,1276,141006,707,160676,469,7931,100,23147,430,169879,530,146732,843,0.0845506182309645,0.62052855551294,0.5359779372819754
2021-05-27,Shasta,089,179085.0,110705,417,47813,157,57877,250,4978,10,12138,159,63798,169,51660,255,0.0677778708434542,0.3562442415612697,0.2884663707178155
2021-05-27,Sierra,091,2930.0,2562,9,152,2,2386,6,24,1,79,3,1326,4,1247,6,0.0269624573378839,0.4525597269624573,0.4255972696245734
2021-05-27,Siskiyou,093,43540.0,30499,130,11974,92,17640,36,851,2,2891,55,17081,57,14190,75,0.0663987138263665,0.3923059255856683,0.3259072117593018
2021-05-27,Solano,095,438530.0,421027,2218,217362,1003,193186,1139,10447,76,47169,925,238858,1000,191689,1289,0.1075616263425535,0.5446788133080975,0.4371171869655439
2021-05-27,Sonoma,097,501317.0,575851,2156,302605,1181,256322,875,16872,99,42007,698,316452,795,274445,1439,0.0837932884781485,0.6312413103884369,0.5474480219102883
2021-05-27,Stanislaus,099,539301.0,410580,1902,222353,1062,173862,749,14102,90,44606,647,230734,735,186128,1229,0.0827107681980934,0.4278389990005581,0.3451282308024647
2021-05-27,Sutter,101,95872.0,72465,450,26522,120,42472,311,3467,19,7034,122,41290,141,34256,326,0.0733686582109479,0.4306784045393858,0.3573097463284379
2021-05-27,Tehama,103,63373.0,35427,167,12100,103,22126,61,1193,3,2568,56,19555,59,16987,110,0.0405219888596089,0.3085698956969056,0.2680479068372966
2021-05-27,Trinity,105,12862.0,8344,29,1102,14,6831,10,407,5,689,8,4713,13,4024,21,0.0535686518426372,0.3664282382211165,0.3128595863784792
2021-05-27,Tulare,107,460477.0,311985,1311,174938,819,127804,460,9188,32,27738,598,174005,630,146267,708,0.0602375362938865,0.3778798941098035,0.317642357815917
2021-05-27,Tuolumne,109,53932.0,44542,79,11549,14,32283,60,705,5,2419,29,23439,34,21020,48,0.044852777571757,0.4346028331973596,0.3897500556256026
2021-05-27,Ventura,111,848112.0,867807,3995,438167,1952,399859,1909,29433,133,69420,1399,482127,1530,412707,2581,0.0818523968532458,0.5684709095025186,0.4866185126492727
2021-05-27,Yolo,113,214977.0,225133,766,105756,390,113143,329,6216,47,19551,300,125260,347,105709,463,0.0909446126794959,0.5826669829795745,0.4917223703000786
2021-05-27,Yuba,115,75493.0,43003,258,14124,80,26182,164,2684,14,4454,98,25011,112,20557,157,0.0589988475752718,0.3313022399427761,0.2723033923675043
2021-05-26,Alameda,001,1643700.0,1930762,8405,1188788,5274,643106,2822,98270,306,140661,3612,1082124,3910,941463,4745,0.085575835006388,0.6583464135791203,0.5727705785727323
2021-05-26,Alpine,003,1148.0,1442,0,33,0,1403,0,6,0,90,0,764,0,674,0,0.078397212543554,0.6655052264808362,0.5871080139372822
2021-05-26,Amador,005,37829.0,33341,206,8249,163,24210,36,881,7,2977,38,18159,44,15182,166,0.0786962383356684,0.4800285495254963,0.4013323111898279
2021-05-26,Butte,007,227075.0,161278,560,72994,180,82171,358,6096,20,12339,245,89642,264,77303,312,0.0543388748210943,0.3947682483760872,0.3404293735549928
2021-05-26,Calaveras,009,45235.0,37501,127,15014,88,21637,35,848,4,2575,81,20073,84,17498,45,0.0569249474964076,0.4437493091632585,0.3868243616668509
2021-05-26,Colusa,011,21464.0,16511,76,3366,24,12284,51,858,1,1692,34,9504,35,7812,42,0.0788296682817741,0.44278792396571,0.3639582556839359
2021-05-26,Contra Costa,013,1133247.0,1352455,5860,876779,3787,432912,1872,42504,198,86030,2042,739266,2240,653236,3801,0.0759146064361961,0.6523432226160758,0.5764286161798796
2021-05-26,Del Norte,015,27424.0,17083,121,5858,37,10425,75,766,9,1517,53,9615,63,8098,66,0.0553165110851808,0.350605309218203,0.2952887981330221
2021-05-26,El Dorado,017,186661.0,171788,842,78676,425,87179,394,5911,23,14317,287,95763,310,81446,555,0.0767005426950461,0.5130316456035272,0.4363311029084811
2021-05-26,Fresno,019,978130.0,775994,3347,384308,2199,362505,1031,28846,112,71636,1648,436453,1759,364817,1679,0.073237708689029,0.446211648758345,0.3729739400693159
2021-05-26,Glenn,021,27897.0,19520,80,6914,15,11578,59,1009,5,1251,26,10852,31,9601,53,0.0448435315625336,0.3890024016919382,0.3441588701294046
2021-05-26,Humboldt,023,135768.0,125873,653,60738,316,59546,313,5473,24,9462,311,70195,335,60733,343,0.0696924164751635,0.5170216840492605,0.4473292675740969
2021-05-26,Imperial,025,180216.0,179237,1203,79615,594,87387,548,12206,61,25717,532,108233,593,82516,666,0.1427009810449682,0.6005737559373197,0.4578727748923514
2021-05-26,Inyo,027,18085.0,16787,46,5899,17,10265,27,473,2,1010,22,9047,24,8037,24,0.0558473873375725,0.5002488249930882,0.4444014376555156
2021-05-26,Kern,029,883053.0,573133,2872,280110,1663,266142,1101,26720,107,56096,1224,326833,1329,270737,1628,0.0635250658793979,0.3701170824401253,0.3065920165607274
2021-05-26,Kings,031,150075.0,81259,312,34122,131,42863,163,4245,18,8289,124,46826,142,38537,186,0.0552323838080959,0.3120173246709978,0.2567849408629019
2021-05-26,Lake,033,64148.0,47110,153,13461,45,31674,97,1973,11,3691,56,26326,67,22635,95,0.0575388164868741,0.4103947122279728,0.3528558957410987
2021-05-26,Lassen,035,31185.0,10921,54,1348,0,8696,39,865,15,705,11,6219,26,5514,43,0.0226070226070226,0.1994227994227994,0.1768157768157768
2021-05-26,Los Angeles,037,10098052.0,9934292,48821,5212025,27510,4338114,19344,380985,1951,907524,20278,5594252,22105,4686728,28105,0.0898711949591861,0.5539931860125101,0.4641219910533239
2021-05-26,Madera,039,155013.0,109831,463,53659,271,51894,168,4211,23,9111,251,61249,274,52138,210,0.0587757155851444,0.395121699470367,0.3363459838852225
2021-05-26,Marin,041,260295.0,355652,745,218665,502,126923,189,10050,54,23453,271,194198,323,170745,467,0.0901016154747498,0.7460688833823163,0.6559672679075664
2021-05-26,Mariposa,043,17540.0,12336,35,2105,5,9759,27,452,3,2489,22,7589,25,5100,13,0.1419042189281641,0.4326681870011402,0.290763968072976
2021-05-26,Mendocino,045,87422.0,86191,326,46116,245,37381,69,2683,12,7336,132,47932,144,40596,192,0.0839148040538994,0.5482830408821578,0.4643682368282583
2021-05-26,Merced,047,269075.0,183901,1067,103096,602,71889,427,8166,34,24035,411,105507,446,81472,638,0.0893245377682802,0.3921100065037629,0.3027854687354827
2021-05-26,Modoc,049,8938.0,5184,36,605,32,4269,4,303,0,254,26,2864,26,2610,10,0.0284179906019243,0.3204296263146117,0.2920116357126874
2021-05-26,Mono,051,14174.0,14730,18,8133,3,6283,14,259,1,961,7,7934,8,6973,11,0.0678001975448003,0.5597573021024411,0.4919571045576407
2021-05-26,Monterey,053,433212.0,421069,2837,188500,1139,213740,1640,18221,57,38330,1059,237962,1115,199632,1759,0.088478620167493,0.5492968800494907,0.4608182598819977
2021-05-26,Napa,055,140530.0,166921,565,83852,363,78538,175,4519,27,14215,317,92648,344,78433,245,0.1011527787660997,0.6592755995161176,0.5581228207500178
2021-05-26,Nevada,057,99092.0,95289,462,49877,200,43144,248,2262,11,8308,135,52780,146,44472,320,0.0838412788116094,0.532636337948573,0.4487950591369636
2021-05-26,Orange,059,3164182.0,3261589,15643,1776761,8752,1385534,6374,98243,515,257840,5696,1803211,6205,1545371,9841,0.0814870952429411,0.5698822002021375,0.4883951049591964
2021-05-26,Placer,061,380077.0,376207,1632,209705,936,157950,654,8539,42,28986,635,206541,677,177555,991,0.0762634939762206,0.5434188335521486,0.467155339575928
2021-05-26,Plumas,063,18699.0,15469,43,1393,7,13169,28,870,8,952,17,8587,25,7635,25,0.0509118134659607,0.4592224183111396,0.4083106048451789
2021-05-26,Riverside,065,2383286.0,1892720,9204,1028423,5682,809320,3166,54198,343,179916,4002,1060808,4342,880892,5138,0.0754907300256872,0.445103105544194,0.3696123755185068
2021-05-26,Sacramento,067,1510023.0,1382970,8758,748468,4824,597830,3585,36539,348,125428,2869,770676,3213,645248,5850,0.0830636354545593,0.5103736830498609,0.4273100475953015
2021-05-26,San Benito,069,59416.0,57855,334,29818,204,25328,121,2606,8,6191,132,33085,139,26894,199,0.1041975225528477,0.5568365423454962,0.4526390197926484
2021-05-26,San Bernardino,071,2135413.0,1542883,8455,865328,5365,628925,2832,48444,258,149864,3853,868828,4105,718964,4562,0.0701803351389169,0.4068664937414917,0.3366861586025748
2021-05-26,San Diego,073,3302833.0,3468039,19292,1789356,10657,1576125,6581,101664,2050,364383,6510,1972038,8884,1607655,12618,0.110324379101214,0.5970746931497899,0.4867503140485759
2021-05-26,San Francisco,075,870044.0,1152796,4120,722719,2622,384031,1314,45806,182,67591,1091,631935,1274,564344,3010,0.0776868756062911,0.7263253352704001,0.6486384596641089
2021-05-26,San Joaquin,077,732212.0,606684,3993,328819,2455,257486,1456,20341,82,67295,1571,341885,1654,274590,2396,0.0919064423964644,0.4669207825056131,0.3750143401091487
2021-05-26,San Luis Obispo,079,281455.0,271095,2175,136800,1007,124303,1107,9872,60,21905,656,150999,716,129094,1508,0.077827716686504,0.536494288607415,0.458666571920911
2021-05-26,San Mateo,081,765935.0,959319,5843,570013,3153,354934,2566,33999,120,74779,1827,532855,1945,458076,3979,0.0976310000195839,0.695692193201773,0.5980611931821891
2021-05-26,Santa Barbara,083,443738.0,442512,3093,251273,1734,172352,1235,18584,123,40123,848,249938,969,209815,2225,0.0904204733423777,0.5632557950862896,0.4728353217439119
2021-05-26,Santa Clara,085,1922200.0,2420902,10794,1510645,6958,818673,3483,88227,344,173956,4039,1336502,4381,1162546,6638,0.0904983872645926,0.6952980959317449,0.6047997086671523
2021-05-26,Santa Cruz,087,273765.0,308374,1825,140299,800,160207,973,7831,52,23460,474,169349,526,145889,1345,0.0856939345789271,0.6185925885339616,0.5328986539550344
2021-05-26,Shasta,089,179085.0,110288,379,47656,148,57627,206,4968,25,12224,149,63629,174,51405,229,0.0682580897339252,0.3553005556020884,0.2870424658681632
2021-05-26,Sierra,091,2930.0,2553,9,150,0,2380,9,23,0,81,4,1322,4,1241,4,0.0276450511945392,0.4511945392491467,0.4235494880546075
2021-05-26,Siskiyou,093,43540.0,30369,77,11882,20,17604,57,849,0,2909,42,17024,42,14115,35,0.0668121267799724,0.3909967845659164,0.3241846577859439
2021-05-26,Solano,095,438530.0,418809,1981,216359,1151,192047,773,10371,57,47458,746,237858,803,190400,1233,0.1082206462499714,0.5423984676076893,0.4341778213577178
2021-05-26,Sonoma,097,501317.0,573695,2597,301424,1789,255447,697,16773,111,42651,1025,315657,1132,273006,1558,0.08507790479876,0.629655487446067,0.544577582647307
2021-05-26,Stanislaus,099,539301.0,408678,2126,221291,1340,173113,730,14012,55,45100,979,229999,1034,184899,1126,0.083626768724701,0.4264761237231156,0.3428493549984146
2021-05-26,Sutter,101,95872.0,72015,326,26402,157,42161,158,3448,11,7219,117,41149,128,33930,204,0.0752983144192256,0.4292076935914553,0.3539093791722296
2021-05-26,Tehama,103,63373.0,35260,85,11997,37,22065,44,1190,4,2619,57,19496,61,16877,27,0.0413267479841572,0.307638899846938,0.2663121518627807
2021-05-26,Trinity,105,12862.0,8315,13,1088,7,6821,6,402,0,697,4,4700,4,4003,9,0.0541906390918986,0.3654175089410667,0.3112268698491681
2021-05-26,Tulare,107,460477.0,310674,914,174119,506,127344,366,9156,42,27816,394,173375,435,145559,513,0.0604069258616608,0.3765117476008573,0.3161048217391965
2021-05-26,Tuolumne,109,53932.0,44463,85,11535,23,32223,60,700,2,2433,31,23405,33,20972,52,0.0451123637172736,0.4339724097011051,0.3888600459838315
2021-05-26,Ventura,111,848112.0,863812,4441,436215,2331,397950,1940,29300,170,70471,1677,480597,1844,410126,2732,0.0830916199747203,0.5666669024845775,0.4835752825098572
2021-05-26,Yolo,113,214977.0,224367,854,105366,287,112814,531,6169,36,19667,253,124913,289,105246,599,0.0914842052870772,0.581052856817241,0.4895686515301637
2021-05-26,Yuba,115,75493.0,42745,248,14044,111,26018,120,2670,16,4499,93,24899,109,20400,154,0.0595949293311962,0.3298186586835865,0.2702237293523903
2021-05-25,Alameda,001,1643700.0,1922357,8235,1183514,5342,640284,2623,97964,269,141496,3680,1078214,3946,936718,4509,0.0860838352497414,0.6559676339964714,0.5698837987467299
2021-05-25,Alpine,003,1148.0,1442,1,33,0,1403,1,6,0,90,0,764,0,674,1,0.078397212543554,0.6655052264808362,0.5871080139372822
2021-05-25,Amador,005,37829.0,33135,151,8086,95,24174,31,874,25,3099,83,18115,108,15016,64,0.0819212773269185,0.4788654207089798,0.3969441433820613
2021-05-25,Butte,007,227075.0,160718,717,72814,458,81813,220,6076,39,12387,356,89378,394,76991,356,0.0545502587250908,0.3936056369041065,0.3390553781790157
2021-05-25,Calaveras,009,45235.0,37374,130,14926,50,21602,63,844,17,2536,56,19989,73,17453,73,0.056062783243064,0.4418923400022106,0.3858295567591466
2021-05-25,Colusa,011,21464.0,16435,146,3342,78,12233,59,857,9,1699,57,9469,66,7770,88,0.0791557957510249,0.4411572866194558,0.3620014908684308
2021-05-25,Contra Costa,013,1133247.0,1346595,6531,872992,5288,431040,974,42306,266,87591,2747,737026,3010,649435,3762,0.0772920643072516,0.6503666014558168,0.5730745371485652
2021-05-25,Del Norte,015,27424.0,16962,47,5821,5,10350,36,757,6,1520,17,9552,24,8032,28,0.0554259043173862,0.3483080513418903,0.2928821470245041
2021-05-25,El Dorado,017,186661.0,170946,646,78251,284,86785,323,5888,39,14562,243,95453,282,80891,402,0.0780130825400056,0.5113708809017417,0.433357798361736
2021-05-25,Fresno,019,978130.0,772647,3301,382109,1983,361474,1188,28734,127,71556,1474,434694,1599,363138,1814,0.0731559199697381,0.4444133192929365,0.3712573993231983
2021-05-25,Glenn,021,27897.0,19440,47,6899,36,11519,9,1004,2,1273,34,10821,36,9548,13,0.0456321468258235,0.387891171093666,0.3422590242678424
2021-05-25,Humboldt,023,135768.0,125220,546,60422,350,59233,171,5449,25,9470,300,69860,325,60390,243,0.069751340522067,0.5145542395851747,0.4448028990631076
2021-05-25,Imperial,025,180216.0,178034,1622,79021,509,86839,1061,12145,52,25790,573,107640,626,81850,1040,0.1431060505171572,0.5972832600878946,0.4541772095707373
2021-05-25,Inyo,027,18085.0,16741,82,5882,40,10238,41,471,1,1010,48,9023,49,8013,34,0.0558473873375725,0.4989217583632845,0.4430743710257119
2021-05-25,Kern,029,883053.0,570261,2470,278447,1155,265041,1223,26613,91,56395,1141,325504,1231,269109,1314,0.0638636639023931,0.3686120765118288,0.3047484126094357
2021-05-25,Kings,031,150075.0,80947,420,33991,277,42700,110,4227,33,8333,244,46684,277,38351,173,0.0555255705480593,0.3110711311011161,0.2555455605530568
2021-05-25,Lake,033,64148.0,46957,206,13416,58,31577,134,1962,14,3719,78,26259,92,22540,128,0.0579753071023258,0.4093502525409989,0.3513749454386731
2021-05-25,Lassen,035,31185.0,10867,83,1348,6,8657,68,850,9,722,29,6193,38,5471,54,0.0231521564854898,0.1985890652557319,0.1754369087702421
2021-05-25,Los Angeles,037,10098052.0,9885471,51453,5184515,29656,4318770,19926,379034,1854,913524,19902,5572147,21734,4658623,31206,0.0904653689642319,0.5518041499489208,0.4613387809846889
2021-05-25,Madera,039,155013.0,109368,394,53388,177,51726,184,4188,33,9047,163,60975,196,51928,227,0.0583628469870268,0.3933541057846761,0.3349912587976492
2021-05-25,Marin,041,260295.0,354907,1024,218163,639,126734,340,9996,45,23597,325,193875,369,170278,687,0.090654833938416,0.7448279836339537,0.6541731496955377
2021-05-25,Mariposa,043,17540.0,12301,29,2100,18,9732,11,449,0,2477,20,7564,20,5087,9,0.1412200684150513,0.431242873432155,0.2900228050171037
2021-05-25,Mendocino,045,87422.0,85865,304,45871,181,37312,89,2671,34,7384,135,47788,168,40404,168,0.0844638649310242,0.5466358582507835,0.4621719933197593
2021-05-25,Merced,047,269075.0,182834,827,102494,481,71462,310,8132,32,24227,414,105061,446,80834,395,0.0900380934683638,0.3904524760754436,0.3004143826070798
2021-05-25,Modoc,049,8938.0,5148,2,573,1,4265,1,303,0,238,2,2838,2,2600,0,0.0266278809577086,0.3175206981427612,0.2908928171850526
2021-05-25,Mono,051,14174.0,14712,14,8130,5,6269,9,258,0,964,7,7926,8,6962,7,0.0680118526880203,0.5591928883871878,0.4911810356991675
2021-05-25,Monterey,053,433212.0,418232,1610,187361,664,212100,875,18164,71,38974,624,236847,696,197873,965,0.0899651902532709,0.5467230824630896,0.4567578922098187
2021-05-25,Napa,055,140530.0,166356,430,83489,171,78363,187,4492,72,14116,146,92304,217,78188,282,0.1004483028534832,0.6568277236177329,0.5563794207642496
2021-05-25,Nevada,057,99092.0,94827,357,49677,84,42896,259,2251,14,8482,83,52634,97,44152,268,0.0855972227828684,0.5311629596738384,0.44556573689097
2021-05-25,Orange,059,3164182.0,3245946,16061,1768009,9444,1379160,6079,97728,538,261476,5733,1797006,6265,1535530,10213,0.0826362073989422,0.5679211878457054,0.4852849804467631
2021-05-25,Placer,061,380077.0,374575,1811,208769,961,157296,752,8497,97,29300,660,205864,757,176564,1144,0.0770896423619424,0.5416376155357994,0.4645479731738569
2021-05-25,Plumas,063,18699.0,15426,83,1386,3,13141,79,862,1,952,17,8562,18,7610,66,0.0509118134659607,0.4578854484197016,0.4069736349537408
2021-05-25,Riverside,065,2383286.0,1883516,10087,1022741,6009,806154,3791,53855,285,180712,4117,1056466,4399,875754,5928,0.0758247226728139,0.4432812511800933,0.3674565285072794
2021-05-25,Sacramento,067,1510023.0,1374212,7013,743644,4079,594245,2631,36191,303,128065,2543,767463,2842,639398,4442,0.0848099664707093,0.5082459008902513,0.4234359344195419
2021-05-25,San Benito,069,59416.0,57521,538,29614,252,25207,279,2598,7,6251,173,32946,180,26695,364,0.1052073515551366,0.5544971051568601,0.4492897536017234
2021-05-25,San Bernardino,071,2135413.0,1534428,9630,859963,5893,626093,3460,48186,277,150321,4388,864723,4661,714402,5203,0.0703943452624855,0.4049441489772704,0.3345498037147849
2021-05-25,San Diego,073,3302833.0,3448747,24428,1778699,13118,1569544,9390,99614,1916,368117,8290,1963154,10646,1595037,15931,0.1114549236973228,0.5943848811005582,0.4829299574032353
2021-05-25,San Francisco,075,870044.0,1148676,3797,720097,2451,382717,1101,45624,243,69327,1119,630661,1358,561334,2659,0.0796821769933474,0.7248610415105443,0.6451788645171969
2021-05-25,San Joaquin,077,732212.0,602691,3257,326364,2032,256030,1055,20259,170,68037,1462,340231,1629,272194,1753,0.0929198101096403,0.4646618738835201,0.3717420637738797
2021-05-25,San Luis Obispo,079,281455.0,268920,882,135793,437,123196,420,9812,25,22697,346,150283,370,127586,530,0.0806416656303849,0.5339503650672399,0.4533086994368549
2021-05-25,San Mateo,081,765935.0,953476,4921,566860,3130,352368,1623,33879,167,76813,1645,530910,1812,454097,3254,0.1002865778427673,0.6931528132282766,0.5928662353855092
2021-05-25,Santa Barbara,083,443738.0,439419,1434,249539,580,171117,785,18461,68,41379,472,248969,540,207590,955,0.0932509724206626,0.5610720740617211,0.4678211016410584
2021-05-25,Santa Clara,085,1922200.0,2410108,11889,1503687,8172,815190,3266,87883,438,176213,4556,1332121,4986,1155908,7224,0.0916725626885859,0.6930189366351056,0.6013463739465196
2021-05-25,Santa Cruz,087,273765.0,306549,2214,139499,1275,159234,890,7779,49,24279,452,168823,499,144544,1651,0.0886855514766314,0.6166712326265228,0.5279856811498913
2021-05-25,Shasta,089,179085.0,109909,481,47508,215,57421,222,4943,44,12279,166,63455,209,51176,312,0.0685652064662032,0.3543289499399726,0.2857637434737694
2021-05-25,Sierra,091,2930.0,2544,3,150,1,2371,2,23,0,81,1,1318,1,1237,2,0.0276450511945392,0.4498293515358362,0.4221843003412969
2021-05-25,Siskiyou,093,43540.0,30292,154,11862,15,17547,120,849,19,2902,51,16982,70,14080,102,0.0666513550757923,0.390032154340836,0.3233807992650436
2021-05-25,Solano,095,438530.0,416828,1672,215208,841,191274,768,10314,63,47888,604,237055,665,189167,1057,0.109201194901147,0.5405673500102616,0.4313661551091145
2021-05-25,Sonoma,097,501317.0,571098,2964,299635,1835,254750,1038,16662,91,43077,728,314525,817,271448,2218,0.0859276665263695,0.6273974351557996,0.5414697686294301
2021-05-25,Stanislaus,099,539301.0,406552,1886,219951,1293,172383,494,13957,99,45192,889,228965,988,183773,982,0.0837973599158911,0.4245588270743054,0.3407614671584143
2021-05-25,Sutter,101,95872.0,71689,410,26245,202,42003,194,3437,14,7295,187,41021,200,33726,216,0.0760910380507343,0.427872580106809,0.3517815420560747
2021-05-25,Tehama,103,63373.0,35175,85,11960,21,22021,54,1186,10,2585,47,19435,57,16850,38,0.040790241901125,0.3066763448156155,0.2658861029144904
2021-05-25,Trinity,105,12862.0,8302,39,1081,14,6815,25,402,0,702,17,4696,17,3994,22,0.0545793811226869,0.365106515316436,0.310527134193749
2021-05-25,Tulare,107,460477.0,309760,1222,173613,728,126978,461,9114,32,27894,535,172940,567,145046,681,0.0605763154294351,0.3755670750113469,0.3149907595819118
2021-05-25,Tuolumne,109,53932.0,44378,305,11512,223,32163,76,698,6,2452,111,23372,117,20920,189,0.0454646592004746,0.4333605280723874,0.3878958688719128
2021-05-25,Ventura,111,848112.0,859371,4429,433884,2271,396010,2001,29130,157,71359,1450,478753,1605,407394,2960,0.0841386514988586,0.5644926613466146,0.4803540098477559
2021-05-25,Yolo,113,214977.0,223513,916,105079,527,112283,366,6133,23,19977,349,124624,372,104647,562,0.092926220014234,0.5797085269586979,0.4867823069444638
2021-05-25,Yuba,115,75493.0,42497,324,13933,110,25898,198,2654,16,4544,117,24790,132,20246,206,0.0601910110871206,0.3283748162081252,0.2681838051210046
2021-05-24,Alameda,001,1643700.0,1914122,7426,1178172,4328,637661,2831,97695,265,142059,2909,1074268,3174,932209,4467,0.0864263551743018,0.6535669526069234,0.5671405974326216
2021-05-24,Alpine,003,1148.0,1441,0,33,0,1402,0,6,0,91,0,764,0,673,0,0.0792682926829268,0.6655052264808362,0.5862369337979094
2021-05-24,Amador,005,37829.0,32984,92,7991,33,24143,47,849,12,3055,37,18007,49,14952,56,0.080758148510402,0.4760104681593486,0.3952523196489466
2021-05-24,Butte,007,227075.0,160001,362,72356,166,81593,147,6037,47,12349,184,88984,231,76635,176,0.0543829131344269,0.3918705273588022,0.3374876142243752
2021-05-24,Calaveras,009,45235.0,37244,87,14876,48,21539,23,827,16,2536,34,19916,50,17380,52,0.056062783243064,0.4402785453741571,0.3842157621310931
2021-05-24,Colusa,011,21464.0,16289,29,3264,3,12174,21,848,5,1721,16,9403,21,7682,13,0.0801807677972419,0.438082370480805,0.3579016026835632
2021-05-24,Contra Costa,013,1133247.0,1340064,4927,867704,4050,430066,688,42040,188,88343,2315,734016,2503,645673,2596,0.0779556442681957,0.6477105167717188,0.5697548725035231
2021-05-24,Del Norte,015,27424.0,16915,28,5816,10,10314,17,751,1,1524,18,9528,19,8004,10,0.0555717619603267,0.3474329054842474,0.2918611435239207
2021-05-24,El Dorado,017,186661.0,170300,934,77967,494,86462,367,5849,73,14682,332,95171,404,80489,599,0.0786559591987614,0.5098601207536657,0.4312041615549043
2021-05-24,Fresno,019,978130.0,769346,3388,380126,2165,360286,1102,28607,118,71771,1637,433095,1755,361324,1725,0.0733757271528324,0.4427785672661098,0.3694028401132774
2021-05-24,Glenn,021,27897.0,19393,31,6863,12,11510,15,1002,4,1250,13,10785,17,9535,18,0.0448076854142022,0.3866007097537369,0.3417930243395347
2021-05-24,Humboldt,023,135768.0,124674,346,60072,178,59062,139,5424,29,9388,189,69535,218,60147,155,0.0691473690413057,0.5121604501797183,0.4430130811384126
2021-05-24,Imperial,025,180216.0,176412,1317,78512,648,85778,604,12093,65,26204,531,107014,597,80810,781,0.1454032938251875,0.5938096506414525,0.4484063568162649
2021-05-24,Inyo,027,18085.0,16659,32,5842,5,10197,24,470,3,995,12,8974,15,7979,20,0.0550179706939452,0.4962123306607686,0.4411943599668233
2021-05-24,Kern,029,883053.0,567791,1955,277292,848,263818,990,26522,117,56478,921,324273,1037,267795,1024,0.0639576559957329,0.3672180491997649,0.3032603932040319
2021-05-24,Kings,031,150075.0,80527,280,33714,194,42590,72,4194,14,8229,146,46407,160,38178,132,0.0548325837081459,0.3092253873063468,0.2543928035982009
2021-05-24,Lake,033,64148.0,46751,158,13358,37,31443,106,1948,15,3755,72,26167,87,22412,85,0.0585365093221924,0.4079160690902288,0.3493795597680364
2021-05-24,Lassen,035,31185.0,10784,13,1342,1,8589,10,841,2,738,5,6155,7,5417,7,0.0236652236652236,0.197370530703864,0.1737053070386403
2021-05-24,Los Angeles,037,10098052.0,9834018,50551,5154859,27916,4298844,20692,377180,1930,922996,19168,5550413,21077,4627417,31115,0.0914033716601974,0.5496518536446435,0.4582484819844461
2021-05-24,Madera,039,155013.0,108974,307,53211,137,51542,128,4155,42,9078,121,60779,163,51701,184,0.05856283021424,0.392089695702941,0.333526865488701
2021-05-24,Marin,041,260295.0,353883,675,217524,505,126394,129,9951,41,23915,363,193506,403,169591,310,0.0918765247123456,0.7434103613208091,0.6515338366084634
2021-05-24,Mariposa,043,17540.0,12272,14,2082,7,9721,5,449,2,2466,9,7544,11,5078,5,0.1405929304446978,0.4301026225769669,0.2895096921322691
2021-05-24,Mendocino,045,87422.0,85561,134,45690,45,37223,66,2637,23,7384,62,47620,85,40236,71,0.0844638649310242,0.5447141451808469,0.4602502802498227
2021-05-24,Merced,047,269075.0,182007,691,102013,323,71152,336,8100,32,24176,253,104615,285,80439,423,0.0898485552355291,0.3887949456471244,0.2989463904115952
2021-05-24,Modoc,049,8938.0,5146,4,572,1,4264,1,303,2,236,2,2836,4,2600,2,0.0264041172521816,0.3172969344372343,0.2908928171850526
2021-05-24,Mono,051,14174.0,14698,17,8125,2,6260,14,258,1,963,9,7918,11,6955,8,0.0679413009736136,0.5586284746719345,0.4906871736983209
2021-05-24,Monterey,053,433212.0,416622,1840,186697,634,211225,1139,18093,66,39243,630,236151,696,196908,1197,0.0905861333481067,0.5451164787679011,0.4545303454197945
2021-05-24,Napa,055,140530.0,165926,384,83318,191,78176,173,4420,20,14181,156,92087,175,77906,227,0.100910837543585,0.655283569344624,0.554372731801039
2021-05-24,Nevada,057,99092.0,94470,323,49593,223,42637,83,2237,17,8653,108,52537,125,43884,211,0.0873228918580712,0.5301840713680216,0.4428611795099503
2021-05-24,Orange,059,3164182.0,3229885,16074,1758565,9542,1373081,5888,97190,638,265424,5986,1790741,6622,1525317,9982,0.0838839232382966,0.5659412132424747,0.482057290004178
2021-05-24,Placer,061,380077.0,372764,1553,207808,795,156544,625,8400,133,29687,465,205107,597,175420,1086,0.0781078570921155,0.5396459138542979,0.4615380567621824
2021-05-24,Plumas,063,18699.0,15343,52,1383,36,13062,15,861,0,1000,41,8544,41,7544,9,0.0534787956575217,0.4569228300978662,0.4034440344403444
2021-05-24,Riverside,065,2383286.0,1873429,9233,1016732,6001,802363,2912,53570,315,182241,4212,1052067,4527,869826,4967,0.076466273875649,0.4414354802570904,0.3649692063814414
2021-05-24,Sacramento,067,1510023.0,1367199,8066,739565,4865,591614,2863,35888,338,129665,2612,764621,2947,634956,5417,0.0858695529803188,0.5063638103525575,0.4204942573722387
2021-05-24,San Benito,069,59416.0,56983,316,29362,268,24928,40,2591,7,6435,196,32766,203,26331,118,0.1083041604954894,0.5514676181499932,0.4431634576545038
2021-05-24,San Bernardino,071,2135413.0,1524798,7166,854070,4572,622633,2278,47909,315,150863,3259,860062,3573,709199,3859,0.0706481603324509,0.4027614330342655,0.3321132727018145
2021-05-24,San Diego,073,3302833.0,3424319,17956,1765581,9153,1560154,6785,97698,2013,373402,6238,1952508,8617,1579106,11571,0.113055065151644,0.591161587643093,0.478106522491449
2021-05-24,San Francisco,075,870044.0,1144879,4334,717646,3046,381616,1108,45381,177,70628,1346,629303,1523,558675,2962,0.0811775036664812,0.7233002009093793,0.642122697242898
2021-05-24,San Joaquin,077,732212.0,599434,3168,324332,1866,254975,1207,20089,95,68161,1433,338602,1528,270441,1696,0.0930891599700633,0.4624371083784477,0.3693479484083845
2021-05-24,San Luis Obispo,079,281455.0,268038,589,135356,270,122776,275,9787,44,22857,207,149913,251,127056,379,0.0812101401645023,0.5326357677070935,0.4514256275425912
2021-05-24,San Mateo,081,765935.0,948555,3777,563730,2502,350745,1122,33712,152,78255,1334,529098,1483,450843,2419,0.1021692441264598,0.6907870772324022,0.5886178331059424
2021-05-24,Santa Barbara,083,443738.0,437985,1057,248959,612,170332,380,18393,64,41794,503,248429,567,206635,543,0.0941862089791723,0.5598551397446241,0.4656689307654517
2021-05-24,Santa Clara,085,1922200.0,2398219,11256,1495515,8110,811924,2675,87445,467,178451,4149,1327135,4612,1148684,7014,0.0928368536052439,0.6904250338154199,0.5975881802101758
2021-05-24,Santa Cruz,087,273765.0,304335,1156,138224,673,158344,411,7730,72,25431,313,168324,386,142893,833,0.0928935400799956,0.6148485014519752,0.5219549613719796
2021-05-24,Shasta,089,179085.0,109428,548,47293,177,57199,339,4899,32,12382,197,63246,229,50864,349,0.069140352346651,0.3531619063573163,0.2840215540106653
2021-05-24,Sierra,091,2930.0,2541,5,149,1,2369,4,23,0,82,2,1317,3,1235,3,0.0279863481228668,0.4494880546075085,0.4215017064846416
2021-05-24,Siskiyou,093,43540.0,30138,43,11847,3,17427,40,830,0,2934,28,16912,28,13978,14,0.0673863114377583,0.3884244372990353,0.321038125861277
2021-05-24,Solano,095,438530.0,415156,1915,214367,1101,190506,741,10251,73,48280,538,236390,609,188110,1372,0.110095090415707,0.5390509201194901,0.4289558297037831
2021-05-24,Sonoma,097,501317.0,568134,2053,297800,1298,253712,619,16571,136,44478,664,313708,799,269230,1365,0.0887223054474514,0.6257677278049617,0.5370454223575103
2021-05-24,Stanislaus,099,539301.0,404666,1911,218658,1332,171889,496,13858,82,45186,745,227977,828,182791,1155,0.0837862344034222,0.4227268260210902,0.338940591617668
2021-05-24,Sutter,101,95872.0,71279,252,26043,97,41809,131,3423,24,7311,108,40821,132,33510,140,0.076257927236315,0.4257864652870494,0.3495285380507343
2021-05-24,Tehama,103,63373.0,35090,115,11939,36,21967,69,1176,9,2566,39,19378,48,16812,75,0.0404904296782541,0.3057769081470026,0.2652864784687485
2021-05-24,Trinity,105,12862.0,8263,108,1067,13,6790,94,402,1,707,9,4679,10,3972,98,0.0549681231534753,0.3637847924117555,0.3088166692582802
2021-05-24,Tulare,107,460477.0,308538,967,172885,595,126517,308,9082,64,28008,447,172373,511,144365,518,0.0608238847977206,0.3743357431532954,0.3135118583555747
2021-05-24,Tuolumne,109,53932.0,44073,141,11289,45,32087,90,692,6,2524,44,23255,50,20731,94,0.0467996736631313,0.4311911295705704,0.384391455907439
2021-05-24,Ventura,111,848112.0,854942,4649,431613,2495,394009,1984,28973,168,72714,1481,477148,1648,404434,3151,0.0857363178448129,0.5626002226121078,0.4768639047672949
2021-05-24,Yolo,113,214977.0,222597,806,104552,358,111917,428,6110,20,20167,250,124252,273,104085,552,0.0938100354921689,0.5779781092861097,0.4841680737939407
2021-05-24,Yuba,115,75493.0,42173,168,13823,57,25700,93,2638,18,4618,51,24658,70,20040,116,0.0611712344190852,0.3266263097240803,0.2654550753049952
2021-05-23,Alameda,001,1643700.0,1906696,5282,1173844,4079,634830,1107,97430,92,143352,1715,1071094,1807,927742,3544,0.0872129950720934,0.6516359432986555,0.564422948226562
2021-05-23,Alpine,003,1148.0,1441,0,33,0,1402,0,6,0,91,0,764,0,673,0,0.0792682926829268,0.6655052264808362,0.5862369337979094
2021-05-23,Amador,005,37829.0,32892,31,7958,7,24096,22,837,2,3062,5,17958,7,14896,26,0.0809431917312115,0.4747151656136826,0.3937719738824711
2021-05-23,Butte,007,227075.0,159639,133,72190,82,81446,50,5990,1,12294,80,88753,81,76459,53,0.0541407024110976,0.3908532423208191,0.3367125399097214
2021-05-23,Calaveras,009,45235.0,37157,32,14828,14,21516,18,811,0,2538,11,19866,11,17328,21,0.0561069967945175,0.4391732065878191,0.3830662097933016
2021-05-23,Colusa,011,21464.0,16260,19,3261,8,12153,7,843,4,1713,5,9382,9,7669,14,0.0798080506895266,0.4371039880730525,0.3572959373835259
2021-05-23,Contra Costa,013,1133247.0,1335137,1323,863654,884,429378,379,41852,59,88436,617,731513,676,643077,699,0.0780377093431529,0.6455018191091616,0.5674641097660087
2021-05-23,Del Norte,015,27424.0,16887,14,5806,5,10297,9,750,0,1515,6,9509,6,7994,8,0.0552435822637106,0.34674008168028,0.2914964994165694
2021-05-23,El Dorado,017,186661.0,169366,386,77473,136,86095,220,5776,30,14877,95,94767,125,79890,288,0.0797006337692394,0.5076957693358548,0.4279951355666154
2021-05-23,Fresno,019,978130.0,765958,1054,377961,715,359184,310,28489,29,71741,515,431340,544,359599,526,0.0733450563830983,0.4409843272366658,0.3676392708535675
2021-05-23,Glenn,021,27897.0,19362,29,6851,15,11495,14,998,0,1251,12,10768,12,9517,16,0.0448435315625336,0.3859913252321038,0.3411477936695702
2021-05-23,Humboldt,023,135768.0,124328,403,59894,335,58923,65,5395,3,9325,75,69317,78,59992,326,0.0686833421719403,0.5105547699015969,0.4418714277296565
2021-05-23,Imperial,025,180216.0,175095,104,77864,37,85174,55,12028,12,26388,36,106417,48,80029,66,0.1464242908509788,0.5904969592045102,0.4440726683535313
2021-05-23,Inyo,027,18085.0,16627,3,5837,2,10173,0,467,1,1000,0,8959,1,7959,2,0.0552944429084876,0.4953829140171413,0.4400884711086535
2021-05-23,Kern,029,883053.0,565836,1331,276444,1123,262828,181,26405,27,56465,688,323236,714,266771,634,0.0639429343425592,0.366043714250447,0.3021007799078877
2021-05-23,Kings,031,150075.0,80247,231,33520,222,42518,8,4180,1,8201,103,46247,104,38046,128,0.0546460103281692,0.3081592537064801,0.2535132433783108
2021-05-23,Lake,033,64148.0,46593,60,13321,29,31337,30,1933,1,3753,31,26080,32,22327,29,0.0585053314210887,0.406559830392218,0.3480544989711293
2021-05-23,Lassen,035,31185.0,10771,4,1341,1,8579,1,839,2,738,0,6148,2,5410,4,0.0236652236652236,0.1971460638127304,0.1734808401475068
2021-05-23,Los Angeles,037,10098052.0,9783467,24854,5126943,17358,4278152,6638,375250,854,933034,10912,5529336,11759,4596302,13808,0.0923974247706389,0.5475646193939188,0.4551671946232798
2021-05-23,Madera,039,155013.0,108667,273,53074,245,51414,19,4113,9,9099,147,60616,156,51517,125,0.0586983027229974,0.3910381709921103,0.3323398682691129
2021-05-23,Marin,041,260295.0,353208,476,217019,423,126265,41,9910,12,23822,222,193103,234,169281,252,0.0915192377878945,0.741862117981521,0.6503428801936265
2021-05-23,Mariposa,043,17540.0,12258,3,2075,2,9716,0,447,1,2460,2,7533,3,5073,1,0.1402508551881414,0.4294754846066134,0.289224629418472
2021-05-23,Mendocino,045,87422.0,85427,27,45645,11,37157,9,2614,7,7370,13,47535,19,40165,14,0.0843037221751961,0.5437418498776052,0.459438127702409
2021-05-23,Merced,047,269075.0,181316,370,101690,266,70816,89,8068,13,24314,236,104330,249,80016,131,0.0903614233949642,0.3877357614048128,0.2973743380098486
2021-05-23,Modoc,049,8938.0,5142,2,571,2,4263,0,301,0,234,0,2832,0,2598,2,0.0261803535466547,0.3168494070261803,0.2906690534795256
2021-05-23,Mono,051,14174.0,14681,3,8123,1,6246,2,257,0,960,2,7907,2,6947,1,0.0677296458303936,0.5578524058134613,0.4901227599830676
2021-05-23,Monterey,053,433212.0,414782,900,186063,536,210086,345,18027,16,39744,506,235455,522,195711,386,0.0917426110080053,0.5435098750727126,0.4517672640647073
2021-05-23,Napa,055,140530.0,165542,413,83127,369,78003,33,4400,11,14233,310,91912,321,77679,103,0.1012808652956664,0.6540382836405038,0.5527574183448374
2021-05-23,Nevada,057,99092.0,94147,54,49370,16,42554,38,2220,0,8739,18,52412,18,43673,35,0.088190772211682,0.5289226173656804,0.4407318451539983
2021-05-23,Orange,059,3164182.0,3213811,10264,1749023,7091,1367193,2900,96552,273,268784,3575,1784119,3851,1515335,6636,0.0849458090590237,0.5638484132707916,0.4789026042117678
2021-05-23,Placer,061,380077.0,371211,718,207013,370,155919,331,8267,17,30176,288,204510,305,174334,430,0.0793944384953575,0.5380751795031007,0.4586807410077431
2021-05-23,Plumas,063,18699.0,15291,2,1347,2,13047,0,861,0,968,0,8503,0,7535,2,0.051767474196481,0.4547301994759078,0.4029627252794267
2021-05-23,Riverside,065,2383286.0,1864196,2799,1010731,1895,799451,823,53255,80,182681,1318,1047540,1398,864859,1464,0.0766508929268245,0.4395360019737455,0.3628851090469209
2021-05-23,Sacramento,067,1510023.0,1359133,5359,734700,3052,588751,2192,35550,115,132135,1981,761674,2096,629539,3355,0.0875052896545284,0.5044121844501707,0.4169068947956422
2021-05-23,San Benito,069,59416.0,56667,104,29094,65,24888,35,2584,4,6350,36,32563,39,26213,68,0.1068735694089134,0.5480510300255823,0.4411774606166689
2021-05-23,San Bernardino,071,2135413.0,1517632,2508,849498,1601,620355,812,47594,95,151149,1169,856489,1264,705340,1330,0.0707820922697389,0.4010882204051394,0.3303061281354005
2021-05-23,San Diego,073,3302833.0,3406363,7387,1756428,5243,1553369,1809,95685,334,376356,3426,1943891,3913,1567535,3882,0.1139494488519401,0.5885526152851204,0.4746031664331802
2021-05-23,San Francisco,075,870044.0,1140545,2011,714600,1535,380508,398,45204,77,72067,875,627780,953,555713,1121,0.08283144300748,0.7215497147270713,0.6387182717195912
2021-05-23,San Joaquin,077,732212.0,596266,2568,322466,2104,253768,418,19994,46,68329,1413,337074,1457,268745,1128,0.0933186017164427,0.4603502810661393,0.3670316793496965
2021-05-23,San Luis Obispo,079,281455.0,267449,157,135086,69,122501,82,9743,6,22985,54,149662,60,126677,103,0.0816649197917962,0.5317439732816969,0.4500790534899007
2021-05-23,San Mateo,081,765935.0,944778,3202,561228,1823,349623,1288,33560,89,79191,1207,527615,1296,448424,1979,0.1033912799388982,0.6888508816022247,0.5854596016633266
2021-05-23,Santa Barbara,083,443738.0,436928,797,248347,361,169952,404,18329,31,41770,429,247862,460,206092,363,0.0941321230095236,0.5585773587116722,0.4644452357021486
2021-05-23,Santa Clara,085,1922200.0,2386963,8487,1487405,6306,809249,1976,86978,204,180853,3328,1322523,3531,1141670,5121,0.0940864634273228,0.6880256997190719,0.593939236291749
2021-05-23,Santa Cruz,087,273765.0,303179,484,137551,275,157933,190,7658,19,25878,155,167938,174,142060,328,0.0945263273245301,0.6134385330484174,0.5189122057238873
2021-05-23,Shasta,089,179085.0,108880,111,47116,49,56860,56,4867,6,12502,66,63017,72,50515,45,0.0698104252170756,0.3518831839629226,0.2820727587458469
2021-05-23,Sierra,091,2930.0,2536,0,148,0,2365,0,23,0,82,0,1314,0,1232,0,0.0279863481228668,0.4484641638225256,0.4204778156996587
2021-05-23,Siskiyou,093,43540.0,30095,4,11844,2,17387,1,830,1,2920,2,16884,3,13964,2,0.0670647680293982,0.3877813504823151,0.3207165824529168
2021-05-23,Solano,095,438530.0,413241,1437,213266,1186,189765,226,10178,25,49043,764,235781,789,186738,672,0.1118349941851184,0.5376621895879415,0.425827195402823
2021-05-23,Sonoma,097,501317.0,566081,1508,296502,1228,253093,264,16435,16,45044,755,312909,771,267865,747,0.0898513315925851,0.6241739258792341,0.534322594286649
2021-05-23,Stanislaus,099,539301.0,402755,1125,217326,745,171393,363,13776,16,45513,526,227149,543,181636,591,0.0843925748329782,0.4211915053003796,0.3367989304674013
2021-05-23,Sutter,101,95872.0,71027,193,25946,97,41678,87,3399,9,7319,86,40689,95,33370,103,0.0763413718291054,0.424409629506008,0.3480682576769025
2021-05-23,Tehama,103,63373.0,34975,56,11903,27,21898,16,1167,13,2593,13,19330,26,16737,42,0.0409164786265444,0.3050194877944866,0.2641030091679421
2021-05-23,Trinity,105,12862.0,8155,6,1054,5,6696,1,401,0,795,2,4669,2,3874,4,0.0618099828953506,0.3630073083501788,0.3011973254548282
2021-05-23,Tulare,107,460477.0,307571,419,172290,336,126209,74,9018,9,28015,214,171862,224,143847,204,0.0608390864255978,0.3732260243182613,0.3123869378926635
2021-05-23,Tuolumne,109,53932.0,43932,25,11244,7,31997,17,686,1,2568,8,23205,9,20637,17,0.0476155158347548,0.4302640361937254,0.3826485203589705
2021-05-23,Ventura,111,848112.0,850293,2031,429118,1554,392025,403,28805,71,74217,756,475500,827,401283,1263,0.0875084894447903,0.5606570830267701,0.4731485935819797
2021-05-23,Yolo,113,214977.0,221791,650,104194,176,111489,457,6090,17,20446,110,123979,127,103533,538,0.0951078487466101,0.5767082059941296,0.4816003572475195
2021-05-23,Yuba,115,75493.0,42005,79,13766,43,25607,34,2620,2,4664,40,24588,42,19924,38,0.0617805624362523,0.3256990714370869,0.2639185090008345
2021-05-22,Alameda,001,1643700.0,1901414,10677,1169765,7765,633723,2739,97338,170,145089,4251,1069287,4418,924198,6369,0.0882697572549735,0.6505365942690272,0.5622668370140537
2021-05-22,Alpine,003,1148.0,1441,0,33,0,1402,0,6,0,91,0,764,0,673,0,0.0792682926829268,0.6655052264808362,0.5862369337979094
2021-05-22,Amador,005,37829.0,32861,47,7951,14,24074,29,835,4,3081,11,17951,15,14870,35,0.0814454519019799,0.4745301223928732,0.3930846704908932
2021-05-22,Butte,007,227075.0,159506,300,72108,142,81396,143,5989,15,12266,141,88672,157,76406,155,0.0540173951337663,0.3904965319828251,0.3364791368490586
2021-05-22,Calaveras,009,45235.0,37125,307,14814,161,21498,145,811,1,2548,140,19855,141,17307,164,0.0563280645517851,0.4389300320548248,0.3826019675030397
2021-05-22,Colusa,011,21464.0,16241,220,3253,24,12146,196,839,0,1718,34,9373,34,7655,185,0.0800409988818486,0.4366846813268729,0.3566436824450242
2021-05-22,Contra Costa,013,1133247.0,1333814,5343,862770,4209,428999,950,41793,184,88459,2582,730837,2765,642378,2736,0.0780580050068519,0.6449053030804406,0.5668472980735886
2021-05-22,Del Norte,015,27424.0,16873,24,5801,8,10288,16,750,0,1517,10,9503,10,7986,13,0.0553165110851808,0.3465212952158693,0.2912047841306884
2021-05-22,El Dorado,017,186661.0,168980,718,77337,211,85875,470,5746,37,15040,218,94642,255,79602,498,0.0805738745640492,0.5070261061496509,0.4264522315856017
2021-05-22,Fresno,019,978130.0,764904,4054,377246,3003,358874,876,28460,175,71723,2307,430796,2480,359073,1730,0.0733266539212579,0.4404281639454878,0.3671015100242299
2021-05-22,Glenn,021,27897.0,19333,56,6836,23,11481,33,998,0,1255,29,10756,29,9501,27,0.044986916155859,0.3855611714521275,0.3405742552962684
2021-05-22,Humboldt,023,135768.0,123925,419,59559,324,58858,87,5392,8,9573,149,69239,157,59666,268,0.0705099876259501,0.5099802604442873,0.4394702728183371
2021-05-22,Imperial,025,180216.0,174991,387,77827,214,85119,147,12016,26,26406,189,106369,215,79963,194,0.1465241709948062,0.5902306121543037,0.4437064411594975
2021-05-22,Inyo,027,18085.0,16624,28,5835,15,10173,10,466,3,1001,18,8958,21,7957,10,0.0553497373513961,0.4953276195742327,0.4399778822228366
2021-05-22,Kern,029,883053.0,564505,3012,275321,2338,262647,627,26378,47,56385,1405,322522,1449,266137,1593,0.063852339553798,0.3652351557607527,0.3013828162069547
2021-05-22,Kings,031,150075.0,80016,305,33298,248,42510,45,4179,12,8225,216,46143,228,37918,88,0.0548059303681492,0.3074662668665667,0.2526603364984174
2021-05-22,Lake,033,64148.0,46533,96,13292,53,31307,40,1932,3,3750,46,26048,49,22298,50,0.0584585645694331,0.4060609839745588,0.3476024194051256
2021-05-22,Lassen,035,31185.0,10767,17,1340,1,8578,7,837,8,740,6,6146,14,5406,10,0.0237293570626903,0.1970819304152637,0.1733525733525733
2021-05-22,Los Angeles,037,10098052.0,9758613,59105,5109585,38413,4271514,18979,374396,1686,935083,23741,5517577,25419,4582494,35054,0.092600335193362,0.54640013737303,0.4537998021796679
2021-05-22,Madera,039,155013.0,108394,929,52829,842,51395,75,4104,12,9068,547,60460,559,51392,381,0.0584983194957842,0.3900318037841987,0.3315334842884145
2021-05-22,Marin,041,260295.0,352732,1454,216596,1100,126224,296,9898,58,23840,961,192869,1019,169029,487,0.0915883900958527,0.7409631379780633,0.6493747478822106
2021-05-22,Mariposa,043,17540.0,12255,50,2073,7,9716,42,446,1,2458,17,7530,17,5072,32,0.1401368301026225,0.4293044469783352,0.2891676168757126
2021-05-22,Mendocino,045,87422.0,85400,800,45634,688,37148,104,2607,8,7365,245,47516,253,40151,553,0.084246528333829,0.54352451328041,0.4592779849465809
2021-05-22,Merced,047,269075.0,180946,805,101424,580,70727,209,8055,14,24196,463,104081,477,79885,333,0.0899228839542878,0.3868103688562668,0.296887484901979
2021-05-22,Modoc,049,8938.0,5140,3,569,2,4263,1,301,0,236,1,2832,1,2596,2,0.0264041172521816,0.3168494070261803,0.2904452897739986
2021-05-22,Mono,051,14174.0,14678,25,8122,13,6244,9,257,3,959,17,7905,20,6946,8,0.067659094115987,0.5577113023846479,0.4900522082686609
2021-05-22,Monterey,053,433212.0,413882,2281,185527,830,209741,1162,18011,285,39608,877,234933,1161,195325,1393,0.0914286769526236,0.5423049223013213,0.4508762453486976
2021-05-22,Napa,055,140530.0,165129,475,82758,287,77970,179,4389,9,14015,197,91591,207,77576,276,0.0997295951042482,0.651754073863232,0.5520244787589839
2021-05-22,Nevada,057,99092.0,94093,264,49354,44,42516,165,2220,55,8756,79,52394,134,43638,182,0.0883623299560004,0.5287409679893432,0.4403786380333427
2021-05-22,Orange,059,3164182.0,3203547,18771,1741932,12463,1364293,5745,96279,559,271569,7050,1780268,7612,1508699,11590,0.08582597334793,0.5626313530637618,0.4768053797158317
2021-05-22,Placer,061,380077.0,370493,1644,206643,1089,155588,512,8250,43,30301,761,204205,804,173904,880,0.0797233192221576,0.5372727105297085,0.4575493913075508
2021-05-22,Plumas,063,18699.0,15289,144,1345,2,13047,141,861,0,970,8,8503,8,7533,133,0.0518744317877961,0.4547301994759078,0.4028557676881116
2021-05-22,Riverside,065,2383286.0,1861397,7451,1008836,5062,798628,2181,53175,207,182747,3921,1046142,4126,863395,3466,0.0766785857845008,0.4389494168975104,0.3622708311130095
2021-05-22,Sacramento,067,1510023.0,1353774,7617,731648,4695,586559,2739,35435,182,133394,3361,759578,3541,626184,4222,0.0883390517892773,0.5030241261225823,0.4146850743333048
2021-05-22,San Benito,069,59416.0,56563,315,29029,236,24853,74,2580,5,6379,193,32524,198,26145,120,0.1073616534266864,0.5473946411740945,0.4400329877474081
2021-05-22,San Bernardino,071,2135413.0,1515124,9248,847897,6890,619543,2146,47499,212,151215,4384,855225,4594,704010,4826,0.0708129996398823,0.4004962974375449,0.3296832977976625
2021-05-22,San Diego,073,3302833.0,3398976,21656,1751185,12452,1551560,7936,95351,1265,376325,8801,1939978,10578,1563653,12672,0.1139400629701834,0.5873678747911263,0.4734278118209428
2021-05-22,San Francisco,075,870044.0,1138534,4891,713065,3676,380110,1121,45127,92,72235,2192,626827,2282,554592,2674,0.0830245366900984,0.7204543678250755,0.6374298311349771
2021-05-22,San Joaquin,077,732212.0,593698,4216,320362,2670,253350,1449,19948,97,68000,1797,335617,1893,267617,2369,0.0928692782964496,0.4583604202061698,0.3654911419097201
2021-05-22,San Luis Obispo,079,281455.0,267292,710,135017,329,122419,351,9737,30,23028,336,149602,366,126574,366,0.0818176973228402,0.5315307953314029,0.4497130980085626
2021-05-22,San Mateo,081,765935.0,941576,6574,559405,4480,348335,2020,33471,68,79874,2686,526319,2754,446445,3862,0.1042830005157095,0.6871588320157715,0.5828758315000621
2021-05-22,Santa Barbara,083,443738.0,436131,2527,247986,1742,169548,739,18298,45,41673,1408,247402,1453,205729,1112,0.0939135255488599,0.5575407109600711,0.4636271854112111
2021-05-22,Santa Clara,085,1922200.0,2378476,13266,1481099,10037,807273,2863,86774,362,182443,5668,1318992,6029,1136549,7516,0.0949136406201227,0.6861887420663823,0.5912751014462595
2021-05-22,Santa Cruz,087,273765.0,302695,1712,137276,1324,157743,376,7639,11,26032,564,167764,575,141732,1142,0.0950888535787993,0.6128029514364509,0.5177140978576517
2021-05-22,Shasta,089,179085.0,108769,230,47067,131,56804,91,4861,8,12475,140,62945,149,50470,87,0.0696596588212301,0.3514811402406678,0.2818214814194377
2021-05-22,Sierra,091,2930.0,2536,6,148,0,2365,5,23,1,82,1,1314,2,1232,5,0.0279863481228668,0.4484641638225256,0.4204778156996587
2021-05-22,Siskiyou,093,43540.0,30091,42,11842,17,17386,25,829,0,2919,25,16881,25,13962,16,0.0670418006430868,0.3877124483233808,0.3206706476802939
2021-05-22,Solano,095,438530.0,411804,2837,212080,2187,189539,554,10153,96,48926,1172,234992,1267,186066,1659,0.1115681937381707,0.5358629968303195,0.4242948030921488
2021-05-22,Sonoma,097,501317.0,564573,2481,295274,1340,252829,1099,16419,41,45020,679,312138,720,267118,1783,0.0898034576924381,0.6226359768370113,0.5328325191445732
2021-05-22,Stanislaus,099,539301.0,401630,2115,216581,1303,171030,738,13760,74,45561,926,226606,1000,181045,1175,0.0844815789327295,0.4201846464219425,0.3357030674892129
2021-05-22,Sutter,101,95872.0,70834,380,25849,208,41591,169,3390,3,7327,184,40594,186,33267,190,0.0764248164218958,0.4234187249666221,0.3469939085447263
2021-05-22,Tehama,103,63373.0,34919,71,11876,37,21882,31,1154,3,2609,41,19304,44,16695,30,0.0411689520773831,0.3046092184368738,0.2634402663594906
2021-05-22,Trinity,105,12862.0,8149,17,1049,15,6695,2,401,0,797,14,4667,14,3870,3,0.0619654797076659,0.3628518115378635,0.3008863318301975
2021-05-22,Tulare,107,460477.0,307152,1648,171954,1168,126135,456,9009,24,27995,620,171638,644,143643,1023,0.0607956532030915,0.3727395722261915,0.3119439190231
2021-05-22,Tuolumne,109,53932.0,43907,62,11237,21,31980,35,685,6,2576,26,23196,31,20620,34,0.04776385077505,0.4300971593858933,0.3823333086108433
2021-05-22,Ventura,111,848112.0,848262,5773,427564,2916,391622,2775,28734,81,74653,1773,474673,1854,400020,3982,0.0880225724904257,0.5596819759654386,0.4716594034750127
2021-05-22,Yolo,113,214977.0,221141,880,104018,591,111032,280,6073,9,20857,305,123852,314,102995,570,0.0970196811751954,0.5761174451220363,0.4790977639468408
2021-05-22,Yuba,115,75493.0,41926,233,13723,124,25573,100,2618,9,4660,95,24546,104,19886,138,0.0617275773912813,0.3251427284648908,0.2634151510736094
2021-05-21,Alameda,001,1643700.0,1890737,15655,1162000,10291,630984,5088,97168,272,147040,5156,1064869,5429,917829,10417,0.089456713512198,0.6478487558556915,0.5583920423434934
2021-05-21,Alpine,003,1148.0,1441,3,33,2,1402,1,6,0,91,2,764,2,673,1,0.0792682926829268,0.6655052264808362,0.5862369337979094
2021-05-21,Amador,005,37829.0,32814,280,7937,37,24045,242,831,1,3101,42,17936,43,14835,237,0.0819741468185783,0.4741336012054244,0.3921594543868461
2021-05-21,Butte,007,227075.0,159206,910,71966,549,81253,333,5974,28,12264,300,88515,325,76251,603,0.0540085874710998,0.3898051304635032,0.3357965429924034
2021-05-21,Calaveras,009,45235.0,36818,106,14653,59,21353,43,810,4,2571,58,19714,61,17143,47,0.0568365203935006,0.4358129766773516,0.378976456283851
2021-05-21,Colusa,011,21464.0,16021,79,3229,24,11950,53,839,2,1869,35,9339,37,7470,43,0.0870760342899739,0.4351006336190831,0.3480245993291092
2021-05-21,Contra Costa,013,1133247.0,1328471,7438,858561,5674,428049,1541,41609,222,88430,3319,728072,3539,639642,4084,0.0780324148221879,0.6424654113357459,0.5644329965135579
2021-05-21,Del Norte,015,27424.0,16849,82,5793,35,10272,44,750,3,1520,45,9493,48,7973,37,0.0554259043173862,0.346156651108518,0.2907307467911318
2021-05-21,El Dorado,017,186661.0,168262,2387,77126,1792,85405,552,5709,43,15283,813,94387,857,79104,1565,0.0818756997980295,0.505659993249795,0.4237842934517655
2021-05-21,Fresno,019,978130.0,760850,4805,374243,3149,357998,1546,28285,107,70973,2141,428316,2247,357343,2634,0.0725598846779058,0.4378927136474702,0.3653328289695643
2021-05-21,Glenn,021,27897.0,19277,72,6813,27,11448,44,998,1,1253,28,10727,29,9474,44,0.0449152238591963,0.3845216331505179,0.3396064092913216
2021-05-21,Humboldt,023,135768.0,123506,907,59235,293,58771,543,5384,70,9684,355,69082,424,59398,550,0.0713275587767367,0.5088238760238053,0.4374963172470685
2021-05-21,Imperial,025,180216.0,174604,2164,77613,1301,84972,796,11990,66,26385,1055,106154,1123,79769,1090,0.1464076441603409,0.5890375993252541,0.4426299551649132
2021-05-21,Inyo,027,18085.0,16596,50,5820,19,10163,26,463,5,990,21,8937,26,7947,29,0.0547414984794028,0.4941664362731545,0.4394249377937517
2021-05-21,Kern,029,883053.0,561493,3803,272983,2307,262020,1349,26331,147,56529,1866,321073,2013,264544,1914,0.0640154101735683,0.3635942576493143,0.2995788474757461
2021-05-21,Kings,031,150075.0,79711,541,33050,273,42465,255,4167,12,8085,264,45915,276,37830,274,0.0538730634682658,0.3059470264867566,0.2520739630184908
2021-05-21,Lake,033,64148.0,46437,275,13239,52,31267,200,1929,23,3751,115,25999,138,22248,160,0.058474153519985,0.4052971253975182,0.3468229718775332
2021-05-21,Lassen,035,31185.0,10750,63,1339,30,8571,19,829,14,736,33,6132,47,5396,30,0.0236010902677569,0.1966329966329966,0.1730319063652396
2021-05-21,Los Angeles,037,10098052.0,9699508,72309,5071172,43737,4252535,26402,372710,2148,944718,27794,5492158,29929,4547440,44108,0.0935544796164646,0.5438829192006538,0.4503284395841891
2021-05-21,Madera,039,155013.0,107465,522,51987,200,51320,292,4092,29,8890,196,59901,225,51011,321,0.0573500287072697,0.3864256546225155,0.3290756259152458
2021-05-21,Marin,041,260295.0,351278,1503,215496,874,125928,578,9840,51,23308,446,191850,497,168542,1046,0.089544555216197,0.7370483489886475,0.6475037937724505
2021-05-21,Mariposa,043,17540.0,12205,99,2066,10,9674,85,445,4,2473,41,7513,45,5040,56,0.1409920182440137,0.4283352337514253,0.2873432155074116
2021-05-21,Mendocino,045,87422.0,84600,668,44946,486,37044,167,2599,15,7665,519,47263,534,39598,148,0.0876781588158587,0.5406305049072316,0.4529523460913728
2021-05-21,Merced,047,269075.0,180141,1272,100844,734,70518,505,8041,30,24052,499,103604,529,79552,743,0.0893877171792251,0.3850376289138716,0.2956499117346465
2021-05-21,Modoc,049,8938.0,5137,4,567,2,4262,1,301,1,237,0,2831,1,2594,4,0.0265159991049451,0.3167375251734168,0.2902215260684717
2021-05-21,Mono,051,14174.0,14653,24,8109,5,6235,16,254,3,947,9,7885,12,6938,15,0.0668124735431071,0.5563002680965148,0.4894877945534076
2021-05-21,Monterey,053,433212.0,411601,3597,184697,1524,208579,1969,17726,101,39840,1174,233772,1273,193932,2405,0.0919642115176865,0.5396249411373646,0.4476607296196781
2021-05-21,Napa,055,140530.0,164654,542,82471,274,77791,235,4380,33,14084,225,91384,258,77300,316,0.100220593467587,0.6502810787732157,0.5500604853056287
2021-05-21,Nevada,057,99092.0,93829,535,49310,343,42351,181,2165,11,8804,221,52260,232,43456,310,0.0888467282928995,0.5273886892988334,0.4385419610059339
2021-05-21,Orange,059,3164182.0,3184776,26626,1729469,15327,1358548,10552,95720,741,275547,8441,1772656,9177,1497109,18047,0.0870831703106837,0.5602256760199003,0.4731425057092164
2021-05-21,Placer,061,380077.0,368849,2526,205554,1578,155076,797,8207,151,30377,1076,203401,1222,173024,1444,0.079923278704052,0.5351573496949302,0.4552340709908781
2021-05-21,Plumas,063,18699.0,15145,35,1343,13,12906,15,861,7,1095,16,8495,23,7400,19,0.0585592812449863,0.4543023691106476,0.3957430878656612
2021-05-21,Riverside,065,2383286.0,1853946,15079,1003774,9292,796447,5442,52968,339,182087,6278,1042016,6617,859929,8720,0.0764016572077375,0.4372181937039868,0.3608165364962493
2021-05-21,Sacramento,067,1510023.0,1346157,11377,726953,6992,583820,4046,35253,333,134075,4552,756037,4888,621962,6787,0.0887900382974299,0.5006791287285028,0.4118890904310729
2021-05-21,San Benito,069,59416.0,56248,502,28793,291,24779,195,2575,16,6301,225,32326,241,26025,276,0.1060488757237107,0.544062205466541,0.4380133297428302
2021-05-21,San Bernardino,071,2135413.0,1505876,12937,841007,8591,617397,3962,47287,381,151447,5452,850631,5830,699184,7429,0.0709216437288711,0.3983449571581703,0.3274233134292991
2021-05-21,San Diego,073,3302833.0,3377320,27365,1738733,17309,1543624,8985,94086,1063,378419,10770,1929400,12306,1550981,16356,0.114574064144327,0.58416516971945,0.4695911055751229
2021-05-21,San Francisco,075,870044.0,1133643,7340,709389,4168,378989,2972,45035,198,72627,1606,624545,1799,551918,5691,0.0834750886162079,0.7178315119695096,0.6343564233533017
2021-05-21,San Joaquin,077,732212.0,589482,5242,317692,3094,251901,2020,19851,128,68476,2272,333724,2397,265248,2914,0.0935193632445248,0.4557751033853583,0.3622557401408335
2021-05-21,San Luis Obispo,079,281455.0,266582,1126,134688,577,122068,500,9707,47,23028,505,149236,552,126208,609,0.0818176973228402,0.5302304098346095,0.4484127125117692
2021-05-21,San Mateo,081,765935.0,935002,7157,554925,4838,346315,2174,33403,144,80982,1900,523565,2040,442583,5233,0.1057295984646216,0.6835632266445586,0.5778336281799369
2021-05-21,Santa Barbara,083,443738.0,433604,3568,246244,2379,168809,1134,18253,55,41332,1259,245949,1314,204617,2290,0.0931450540634338,0.5542662562142525,0.4611212021508187
2021-05-21,Santa Clara,085,1922200.0,2365210,22961,1471062,15293,804410,7144,86412,521,183930,7507,1312963,8029,1129033,15332,0.0956872333784205,0.6830522318177089,0.5873649984392884
2021-05-21,Santa Cruz,087,273765.0,300983,1774,135952,920,157367,769,7628,84,26599,591,167189,676,140590,1173,0.0971599729695176,0.6107026099026537,0.5135426369331361
2021-05-21,Shasta,089,179085.0,108539,644,46936,288,56713,337,4853,19,12413,329,62796,348,50383,314,0.069313454504844,0.3506491330932239,0.2813356785883798
2021-05-21,Sierra,091,2930.0,2530,4,148,2,2360,2,22,0,85,1,1312,1,1227,3,0.0290102389078498,0.4477815699658703,0.4187713310580205
2021-05-21,Siskiyou,093,43540.0,30049,239,11825,94,17361,144,829,1,2910,108,16856,109,13946,130,0.0668350941662838,0.3871382636655948,0.320303169499311
2021-05-21,Solano,095,438530.0,408967,3742,209893,1984,188985,1685,10057,73,49318,1346,233725,1420,184407,2386,0.1124620892527307,0.5329737988279023,0.4205117095751716
2021-05-21,Sonoma,097,501317.0,562092,4414,293934,2489,251730,1790,16378,133,46083,1518,311418,1639,265335,2864,0.0919238725197828,0.6211997598326009,0.529275887312818
2021-05-21,Stanislaus,099,539301.0,399515,2605,215278,1309,170292,1191,13686,100,45736,1003,225606,1105,179870,1562,0.0848060730464063,0.4183303943437894,0.3335243212973831
2021-05-21,Sutter,101,95872.0,70454,517,25641,240,41422,264,3387,13,7331,226,40408,238,33077,289,0.076466538718291,0.4214786381842456,0.3450120994659546
2021-05-21,Tehama,103,63373.0,34848,248,11839,117,21851,120,1151,11,2595,83,19260,94,16665,164,0.0409480378078992,0.3039149164470673,0.2629668786391681
2021-05-21,Trinity,105,12862.0,8132,25,1034,15,6693,10,401,0,786,14,4653,14,3867,11,0.0611102472399315,0.361763333851656,0.3006530866117244
2021-05-21,Tulare,107,460477.0,305504,2003,170786,1467,125679,494,8985,42,28374,1082,170994,1124,142620,914,0.0616187127695845,0.371341022461491,0.3097223096919064
2021-05-21,Tuolumne,109,53932.0,43845,212,11216,93,31945,111,679,8,2579,110,23165,123,20586,97,0.0478194763776607,0.4295223614922495,0.3817028851145887
2021-05-21,Ventura,111,848112.0,842489,8171,424648,4579,388847,3400,28653,187,76781,2587,472819,2773,396038,5544,0.0905316750617842,0.5574959439319335,0.4669642688701492
2021-05-21,Yolo,113,214977.0,220261,1797,103427,1046,110752,722,6064,29,21113,400,123538,428,102425,1390,0.0982105062402024,0.5746568237532387,0.4764463175130363
2021-05-21,Yuba,115,75493.0,41693,540,13599,287,25473,245,2609,8,4694,326,24442,333,19748,212,0.0621779502735352,0.3237651172956433,0.261587167022108
2021-05-20,Alameda,001,1643700.0,1875082,13755,1151709,9066,625896,4138,96896,547,152028,5772,1059440,6317,907412,7896,0.0924913305347691,0.6445458416986068,0.5520545111638376
2021-05-20,Alpine,003,1148.0,1438,0,31,0,1401,0,6,0,90,0,762,0,672,0,0.078397212543554,0.6637630662020906,0.5853658536585366
2021-05-20,Amador,005,37829.0,32534,90,7900,46,23803,40,830,4,3295,28,17893,32,14598,60,0.0871024875095825,0.4729969071347379,0.3858944196251553
2021-05-20,Butte,007,227075.0,158296,1019,71417,688,80920,223,5946,108,12542,393,88190,499,75648,617,0.0552328525817461,0.3883738852801938,0.3331410326984476
2021-05-20,Calaveras,009,45235.0,36712,208,14594,83,21310,100,806,25,2557,70,19653,94,17096,135,0.0565270255333259,0.4344644633580192,0.3779374378246932
2021-05-20,Colusa,011,21464.0,15942,320,3205,34,11897,281,837,5,1875,98,9302,103,7427,221,0.0873555721207603,0.4333768169959001,0.3460212448751397
2021-05-20,Contra Costa,013,1133247.0,1321033,7498,852887,5903,426508,1403,41387,192,88975,3433,724533,3625,635558,4040,0.0785133338098402,0.6393425263865689,0.5608291925767286
2021-05-20,Del Norte,015,27424.0,16767,99,5758,32,10228,64,747,3,1509,39,9445,42,7936,59,0.0550247957992998,0.3444063593932322,0.2893815635939323
2021-05-20,El Dorado,017,186661.0,165875,1247,75334,702,84853,464,5666,81,15991,448,93530,529,77539,797,0.0856686720846882,0.5010687824451814,0.415400110360493
2021-05-20,Fresno,019,978130.0,756045,4252,371094,2554,356452,1501,28178,192,71360,1937,426069,2128,354709,2284,0.0729555376074754,0.4355954729943872,0.3626399353869117
2021-05-20,Glenn,021,27897.0,19205,127,6786,81,11404,43,997,3,1268,86,10698,89,9430,40,0.0454529160841667,0.3834820948489085,0.3380291787647417
2021-05-20,Humboldt,023,135768.0,122599,859,58942,626,58228,220,5314,13,9810,619,68658,632,58848,236,0.0722556125154675,0.5057009015379176,0.43344528902245
2021-05-20,Imperial,025,180216.0,172440,2007,76312,1087,84176,840,11924,80,26352,830,105031,912,78679,1166,0.146224530563324,0.5828061881297998,0.4365816575664757
2021-05-20,Inyo,027,18085.0,16546,154,5801,81,10137,69,458,2,993,34,8911,36,7918,119,0.0549073818081282,0.4927287807575338,0.4378213989494056
2021-05-20,Kern,029,883053.0,557690,3262,270676,1803,260671,1309,26184,149,56430,1472,319060,1617,262630,1769,0.0639032991224762,0.361314666277109,0.2974113671546328
2021-05-20,Kings,031,150075.0,79170,478,32777,256,42210,195,4155,27,8083,282,45639,309,37556,196,0.0538597367982675,0.3041079460269865,0.250248209228719
2021-05-20,Lake,033,64148.0,46162,242,13187,59,31067,172,1906,11,3773,95,25861,106,22088,147,0.0588171104321257,0.4031458502213631,0.3443287397892374
2021-05-20,Lassen,035,31185.0,10687,31,1309,6,8552,16,815,9,719,9,6085,18,5366,22,0.0230559563892897,0.1951258617925284,0.1720699054032387
2021-05-20,Los Angeles,037,10098052.0,9627199,69195,5027435,38775,4226133,28221,370562,2178,958897,26012,5462229,28172,4503332,42757,0.0949586118193885,0.5409190802344849,0.4459604684150963
2021-05-20,Madera,039,155013.0,106943,607,51787,275,51028,293,4063,38,8986,230,59676,268,50690,371,0.057969331604446,0.3849741634572584,0.3270048318528123
2021-05-20,Marin,041,260295.0,349775,1862,214622,1510,125350,262,9789,90,23857,763,191353,854,167496,1088,0.0916537006089244,0.7351389769300217,0.6434852763210972
2021-05-20,Mariposa,043,17540.0,12106,36,2056,20,9589,14,441,2,2484,13,7468,15,4984,23,0.1416191562143671,0.425769669327252,0.2841505131128848
2021-05-20,Mendocino,045,87422.0,83932,305,44460,122,36877,138,2584,45,7279,111,46729,156,39450,192,0.0832627942623138,0.5345222026492187,0.4512594083869049
2021-05-20,Merced,047,269075.0,178869,1183,100110,659,70013,464,8011,58,24266,447,103075,503,78809,719,0.0901830344699433,0.3830716343027037,0.2928885998327604
2021-05-20,Modoc,049,8938.0,5133,57,565,2,4261,45,300,9,240,8,2830,17,2590,48,0.0268516446632356,0.3166256433206534,0.2897739986574177
2021-05-20,Mono,051,14174.0,14629,77,8104,62,6219,9,251,5,950,58,7873,63,6923,18,0.067024128686327,0.5554536475236348,0.4884295188373077
2021-05-20,Monterey,053,433212.0,408004,3085,183173,1188,206610,1777,17625,118,40972,1052,232499,1169,191527,2016,0.0945772508610103,0.5366864260454466,0.4421091751844362
2021-05-20,Napa,055,140530.0,164112,677,82197,447,77556,199,4347,31,14142,397,91126,428,76984,274,0.1006333167295239,0.6484451718494272,0.5478118551199033
2021-05-20,Nevada,057,99092.0,93294,638,48967,373,42170,252,2154,13,8882,224,52028,237,43146,411,0.0896338755903604,0.525047430670488,0.4354135550801276
2021-05-20,Orange,059,3164182.0,3158150,23277,1714142,13619,1347996,8958,94979,698,284417,7916,1763479,8610,1479062,15236,0.0898864224624247,0.5573254003720393,0.4674389779096145
2021-05-20,Placer,061,380077.0,366323,2624,203976,1700,154279,872,8056,52,30599,881,202179,932,171580,1739,0.080507370874849,0.5319422117097325,0.4514348408348834
2021-05-20,Plumas,063,18699.0,15110,203,1330,144,12891,48,854,11,1091,81,8472,92,7381,118,0.0583453660623562,0.4530723568105246,0.3947269907481683
2021-05-20,Riverside,065,2383286.0,1838867,12412,994482,7774,791005,4361,52629,269,184190,5479,1035399,5749,851209,6862,0.0772840523546062,0.434441774927558,0.3571577225729518
2021-05-20,Sacramento,067,1510023.0,1334780,10578,719961,6951,579774,3352,34920,275,135974,3906,751149,4181,615175,6623,0.0900476350360226,0.4974420919416459,0.4073944569056233
2021-05-20,San Benito,069,59416.0,55746,619,28502,489,24584,119,2559,11,6336,318,32085,329,25749,299,0.1066379426417126,0.5400060589740138,0.433368116332301
2021-05-20,San Bernardino,071,2135413.0,1492939,12031,832416,7246,613435,4466,46906,317,153046,5194,844801,5512,691755,6797,0.0716704450146177,0.3956148061288378,0.32394436111422
2021-05-20,San Diego,073,3302833.0,3349955,35055,1721424,19424,1534639,14770,93023,857,382469,11611,1917094,13096,1534625,23156,0.1158002841802779,0.5804392774324345,0.4646389932521566
2021-05-20,San Francisco,075,870044.0,1126303,6355,705221,4247,376017,1854,44837,251,76519,1509,622746,1758,546227,4807,0.0879484255968663,0.7157638004514714,0.627815374854605
2021-05-20,San Joaquin,077,732212.0,584240,4125,314598,2484,249881,1533,19723,108,68993,1720,331327,1823,262334,2358,0.094225442904514,0.4525014613254084,0.3582760184208945
2021-05-20,San Luis Obispo,079,281455.0,265456,1158,134111,496,121568,622,9660,40,23085,332,148684,372,125599,817,0.0820202163756195,0.5282691726919045,0.446248956316285
2021-05-20,San Mateo,081,765935.0,927845,5954,550087,3735,344141,2076,33259,140,84175,2222,521525,2362,437350,3705,0.1098983595213693,0.680899815258475,0.5710014557371056
2021-05-20,Santa Barbara,083,443738.0,430036,1806,243865,974,167675,712,18198,117,42308,886,244635,1003,202327,900,0.0953445501624832,0.5513050493759831,0.4559604992134998
2021-05-20,Santa Clara,085,1922200.0,2342249,19099,1455769,12590,797266,6040,85891,461,191233,6218,1304934,6671,1113701,12782,0.0994865258557902,0.6788752471126834,0.5793887212568931
2021-05-20,Santa Cruz,087,273765.0,299209,3396,135032,2436,156598,810,7544,150,27096,1559,166513,1708,139417,1821,0.0989753986082954,0.6082333388124852,0.5092579402041897
2021-05-20,Shasta,089,179085.0,107895,569,46648,252,56376,297,4834,20,12379,259,62448,279,50069,308,0.0691236005248904,0.3487059217689924,0.279582321244102
2021-05-20,Sierra,091,2930.0,2526,9,146,8,2358,0,22,1,87,8,1311,9,1224,1,0.0296928327645051,0.4474402730375426,0.4177474402730375
2021-05-20,Siskiyou,093,43540.0,29810,545,11731,437,17217,106,828,2,2931,239,16747,241,13816,302,0.067317409278824,0.3846348185576481,0.317317409278824
2021-05-20,Solano,095,438530.0,405225,2796,207909,1712,187300,1017,9984,67,50284,975,232305,1043,182021,1810,0.114664903199325,0.5297357079333227,0.4150708047339976
2021-05-20,Sonoma,097,501317.0,557678,3553,291445,2330,249940,1128,16245,95,47308,1336,309779,1427,262471,2202,0.09436743617312,0.6179303714017278,0.5235629352286079
2021-05-20,Stanislaus,099,539301.0,396910,2344,213969,1297,169101,932,13586,109,46193,915,224501,1024,178308,1400,0.0856534662461223,0.4162814457974303,0.330627979551308
2021-05-20,Sutter,101,95872.0,69937,491,25401,258,41158,221,3374,12,7382,224,40170,236,32788,260,0.0769984979973297,0.4189961615487316,0.3419976635514019
2021-05-20,Tehama,103,63373.0,34600,354,11722,258,21731,74,1140,22,2665,249,19166,271,16501,104,0.0420526091553185,0.3024316349233901,0.2603790257680716
2021-05-20,Trinity,105,12862.0,8107,28,1019,21,6683,4,401,3,783,17,4639,20,3856,11,0.0608770020214585,0.3606748561654486,0.2997978541439901
2021-05-20,Tulare,107,460477.0,303501,1664,169319,1118,125185,456,8943,90,28164,775,169870,864,141706,884,0.0611626639332692,0.368900075356641,0.3077374114233718
2021-05-20,Tuolumne,109,53932.0,43633,417,11123,22,31834,387,671,8,2553,49,23042,57,20489,363,0.0473373878217014,0.427241711785211,0.3799043239635096
2021-05-20,Ventura,111,848112.0,834318,5689,420069,3097,385447,2419,28466,170,79552,2148,470046,2314,390494,3505,0.0937989322164997,0.5542263285981097,0.4604273963816099
2021-05-20,Yolo,113,214977.0,218464,1386,102381,721,110030,636,6035,29,22075,399,123110,428,101035,983,0.1026854035547988,0.5726659130976802,0.4699805095428813
2021-05-20,Yuba,115,75493.0,41153,448,13312,315,25228,120,2601,13,4573,266,24109,279,19536,181,0.0605751526631608,0.3193541123018028,0.258778959638642
2021-05-19,Alameda,001,1643700.0,1861327,14924,1142643,10236,621758,4335,96349,348,153607,6023,1053123,6374,899516,8842,0.0934519681207032,0.6407026829713451,0.5472507148506418
2021-05-19,Alpine,003,1148.0,1438,14,31,0,1401,14,6,0,90,0,762,0,672,14,0.078397212543554,0.6637630662020906,0.5853658536585366
2021-05-19,Amador,005,37829.0,32444,81,7854,27,23763,50,826,4,3323,33,17861,37,14538,45,0.0878426603928203,0.4721509952681805,0.3843083348753601
2021-05-19,Butte,007,227075.0,157277,855,70729,553,80697,252,5838,50,12660,332,87691,381,75031,522,0.0557525046790707,0.3861763734448971,0.3304238687658262
2021-05-19,Calaveras,009,45235.0,36504,152,14511,66,21210,83,781,3,2598,70,19559,73,16961,81,0.0574334033381231,0.4323864264397037,0.3749530231015806
2021-05-19,Colusa,011,21464.0,15622,232,3171,47,11616,164,832,20,1993,72,9199,92,7206,159,0.0928531494595601,0.4285780842340663,0.3357249347745061
2021-05-19,Contra Costa,013,1133247.0,1313535,8763,846984,7064,425105,1490,41195,205,89390,3906,720908,4106,631518,4824,0.0788795381765846,0.6361437533035604,0.5572642151269759
2021-05-19,Del Norte,015,27424.0,16668,99,5726,14,10164,68,744,17,1526,36,9403,53,7877,63,0.0556446907817969,0.3428748541423571,0.2872301633605601
2021-05-19,El Dorado,017,186661.0,164628,894,74632,396,84389,443,5585,55,16259,313,93001,367,76742,576,0.0871044299559093,0.4982347678411666,0.4111303378852572
2021-05-19,Fresno,019,978130.0,751793,4476,368540,2841,354951,1451,27986,181,71516,2107,423941,2286,352425,2346,0.0731150256100927,0.4334198930612495,0.3603048674511568
2021-05-19,Glenn,021,27897.0,19078,203,6705,118,11361,73,994,12,1219,72,10609,83,9390,130,0.04369645481593,0.3802917876474173,0.3365953328314872
2021-05-19,Humboldt,023,135768.0,121740,999,58316,556,58008,399,5301,43,9414,324,68026,365,58612,671,0.0693388721937422,0.5010459018325378,0.4317070296387956
2021-05-19,Imperial,025,180216.0,170433,1443,75225,634,83336,735,11844,74,26606,660,104119,733,77513,771,0.1476339503706663,0.5777455941758778,0.4301116438052115
2021-05-19,Inyo,027,18085.0,16392,46,5720,3,10068,38,456,4,1076,12,8875,16,7799,33,0.0594968205695327,0.4907381808128283,0.4312413602432955
2021-05-19,Kern,029,883053.0,554428,3954,268873,2462,259362,1354,26035,134,56582,1832,317443,1964,260861,2102,0.0640754292211226,0.359483519109272,0.2954080898881494
2021-05-19,Kings,031,150075.0,78692,596,32521,295,42015,278,4128,23,7970,231,45330,254,37360,363,0.0531067799433616,0.3020489755122438,0.2489421955688822
2021-05-19,Lake,033,64148.0,45920,323,13128,60,30895,248,1895,15,3814,86,25755,101,21941,236,0.0594562574047515,0.4014934214628671,0.3420371640581156
2021-05-19,Lassen,035,31185.0,10656,52,1303,1,8536,43,806,8,723,7,6067,14,5344,43,0.0231842231842231,0.1945486612153278,0.1713644380311047
2021-05-19,Los Angeles,037,10098052.0,9558004,69754,4988660,41873,4197912,25915,368384,1952,973482,29397,5434057,31329,4460575,40033,0.0964029497966538,0.5381292352227934,0.4417262854261396
2021-05-19,Madera,039,155013.0,106336,506,51512,237,50735,246,4025,23,9089,222,59408,245,50319,283,0.0586337920045415,0.3832452762026411,0.3246114841980995
2021-05-19,Marin,041,260295.0,347913,1594,213112,1269,125088,253,9699,72,24091,793,190499,862,166408,794,0.0925526806123821,0.73185808409689,0.6393054034845079
2021-05-19,Mariposa,043,17540.0,12070,67,2036,28,9575,37,439,2,2492,45,7453,47,4961,22,0.1420752565564424,0.4249144811858609,0.2828392246294184
2021-05-19,Mendocino,045,87422.0,83627,341,44338,194,36739,126,2539,21,7315,246,46573,268,39258,93,0.0836745899201574,0.5327377547985633,0.4490631648784059
2021-05-19,Merced,047,269075.0,177686,1212,99451,804,69549,399,7953,7,24482,658,102572,667,78090,537,0.0909857846325374,0.3812022670259221,0.2902164823933847
2021-05-19,Modoc,049,8938.0,5076,13,563,3,4216,4,291,4,271,5,2813,9,2542,5,0.0303199820989035,0.3147236518236742,0.2844036697247706
2021-05-19,Mono,051,14174.0,14552,125,8042,119,6210,2,246,4,905,79,7810,83,6905,46,0.0638493015380273,0.5510088895160152,0.4871595879779878
2021-05-19,Monterey,053,433212.0,404919,3961,181985,2607,204833,1260,17507,91,41819,2036,231330,2129,189511,1911,0.0965324136912181,0.5339879781723498,0.4374555644811316
2021-05-19,Napa,055,140530.0,163435,1026,81750,608,77357,384,4316,34,13988,533,90698,566,76710,490,0.0995374653098982,0.6453995588130649,0.5458620935031666
2021-05-19,Nevada,057,99092.0,92656,506,48594,359,41918,143,2141,4,9056,253,51791,257,42735,249,0.0913898195616195,0.522655713882049,0.4312658943204295
2021-05-19,Orange,059,3164182.0,3134873,23212,1700523,13233,1339038,9285,94281,692,291043,7851,1754869,8533,1463826,15217,0.0919804865838943,0.5546043179564261,0.4626238313725316
2021-05-19,Placer,061,380077.0,363699,2609,202276,1643,153407,918,8004,48,31406,896,201247,944,169841,1708,0.0826306248470704,0.5294900770107109,0.4468594521636405
2021-05-19,Plumas,063,18699.0,14907,55,1186,5,12843,32,843,18,1117,14,8380,31,7263,40,0.0597358147494518,0.4481523076100326,0.3884164928605808
2021-05-19,Riverside,065,2383286.0,1826455,12666,986708,7992,786644,4418,52360,245,185303,6047,1029650,6291,844347,6556,0.0777510546363298,0.4320295591884482,0.3542785045521184
2021-05-19,Sacramento,067,1510023.0,1324202,10196,713010,6450,576422,3470,34645,275,138416,4541,746968,4817,608552,5609,0.091664828946314,0.4946732599437227,0.4030084309974086
2021-05-19,San Benito,069,59416.0,55127,595,28013,425,24465,162,2548,8,6306,230,31756,238,25450,365,0.1061330281405682,0.534468829944796,0.4283358018042278
2021-05-19,San Bernardino,071,2135413.0,1480908,11932,825170,7467,608969,4077,46589,387,154331,5341,839289,5722,684958,6541,0.0722722021454397,0.393033572428378,0.3207613702829382
2021-05-19,San Diego,073,3302833.0,3314900,28665,1702000,18043,1519869,9755,92166,861,392529,11890,1903998,13183,1511469,16515,0.1188461541955042,0.5764741965458139,0.4576280423503095
2021-05-19,San Francisco,075,870044.0,1119948,7668,700974,5625,374163,1771,44586,269,79568,2181,620988,2448,541420,5460,0.0914528460629577,0.7137432129869294,0.6222903669239717
2021-05-19,San Joaquin,077,732212.0,580115,4930,312114,2880,248348,1910,19615,140,69528,2012,329504,2149,259976,2855,0.0949561056087581,0.4500117452322551,0.355055639623497
2021-05-19,San Luis Obispo,079,281455.0,264298,1484,133615,629,120946,790,9620,65,23530,405,148312,468,124782,1070,0.0836012861736334,0.5269474694000817,0.4433461832264482
2021-05-19,San Mateo,081,765935.0,921891,8154,546352,6082,342065,1945,33119,122,85518,3644,519163,3767,433645,4465,0.1116517720172077,0.6778160026634114,0.5661642306462037
2021-05-19,Santa Barbara,083,443738.0,428230,1875,242891,1009,166963,825,18081,41,42205,836,243632,877,201427,1032,0.0951124312094073,0.5490447065610788,0.4539322753516714
2021-05-19,Santa Clara,085,1922200.0,2323150,25272,1443179,14774,791226,10050,85430,437,197344,7387,1298263,7820,1100919,17743,0.102665695557174,0.675404744563521,0.5727390490063469
2021-05-19,Santa Cruz,087,273765.0,295813,3090,132596,1884,155788,1164,7394,42,27209,1303,164805,1344,137596,1782,0.0993881613792851,0.6019944112651362,0.502606249885851
2021-05-19,Shasta,089,179085.0,107326,605,46396,283,56079,252,4814,70,12408,284,62169,354,49761,317,0.0692855348019097,0.347148002345255,0.2778624675433453
2021-05-19,Sierra,091,2930.0,2517,6,138,2,2358,4,21,0,79,1,1302,1,1223,5,0.0269624573378839,0.4443686006825939,0.4174061433447099
2021-05-19,Siskiyou,093,43540.0,29265,201,11294,100,17111,100,826,1,2992,167,16506,168,13514,34,0.0687184198438217,0.3790996784565916,0.3103812586127699
2021-05-19,Solano,095,438530.0,402429,6073,206197,4420,186283,1514,9917,139,51051,2263,231262,2402,180211,3801,0.116413928351538,0.527357307367797,0.4109433790162589
2021-05-19,Sonoma,097,501317.0,554125,4025,289115,2506,248812,1404,16150,115,48083,1512,308352,1627,260269,2496,0.0959133641987006,0.6150838690888201,0.5191705048901194
2021-05-19,Stanislaus,099,539301.0,394566,3278,212672,2256,168169,866,13477,154,46569,1417,223477,1572,176908,1828,0.0863506650275078,0.4143826916694016,0.3280320266418938
2021-05-19,Sutter,101,95872.0,69446,475,25143,269,40937,198,3362,8,7406,230,39934,237,32528,244,0.0772488317757009,0.4165345460614152,0.3392857142857143
2021-05-19,Tehama,103,63373.0,34246,146,11464,68,21657,66,1118,12,2498,50,18895,62,16397,96,0.0394174175121897,0.2981553658498098,0.2587379483376201
2021-05-19,Trinity,105,12862.0,8079,148,998,17,6679,102,398,29,774,28,4619,57,3845,119,0.0601772663660395,0.3591198880422951,0.2989426216762556
2021-05-19,Tulare,107,460477.0,301837,1519,168201,982,124729,502,8853,35,28184,779,169006,814,140822,733,0.0612060971557754,0.367023760144372,0.3058176629885966
2021-05-19,Tuolumne,109,53932.0,43216,123,11101,23,31447,67,663,33,2859,46,22985,78,20126,75,0.0530111992879922,0.4261848253356078,0.3731736260476155
2021-05-19,Ventura,111,848112.0,828629,6056,416972,3629,383028,2216,28296,211,80743,2406,467732,2612,386989,3620,0.0952032278755636,0.5514979153696682,0.4562946874941045
2021-05-19,Yolo,113,214977.0,217078,1341,101660,615,109394,688,6006,38,22630,537,122682,575,100052,801,0.1052670750824506,0.5706750024421218,0.465407927359671
2021-05-19,Yuba,115,75493.0,40705,269,12997,146,25108,117,2588,6,4475,129,23830,135,19355,140,0.0592770190613699,0.3156584054150716,0.2563813863537016
2021-05-18,Alameda,001,1643700.0,1846403,14637,1132407,10605,617423,3598,96001,433,156075,5055,1046749,5487,890674,9539,0.0949534586603394,0.63682484638316,0.5418713877228205
2021-05-18,Alpine,003,1148.0,1424,1,31,0,1387,1,6,0,104,1,762,1,658,0,0.0905923344947735,0.6637630662020906,0.573170731707317
2021-05-18,Amador,005,37829.0,32363,253,7827,171,23713,47,822,35,3331,163,17824,198,14493,87,0.0880541383594596,0.4711729096724735,0.3831187713130138
2021-05-18,Butte,007,227075.0,156422,1080,70176,744,80445,288,5788,48,12801,473,87310,521,74509,601,0.0563734448970604,0.384498513706925,0.3281250688098646
2021-05-18,Calaveras,009,45235.0,36352,231,14445,58,21127,150,778,23,2606,71,19486,92,16880,153,0.0576102575439372,0.4307726318116502,0.373162374267713
2021-05-18,Colusa,011,21464.0,15390,104,3124,30,11452,72,812,2,2060,47,9107,49,7047,55,0.0959746552366753,0.424291837495341,0.3283171822586657
2021-05-18,Contra Costa,013,1133247.0,1304772,10598,839920,7233,423615,3138,40990,224,90108,4519,716802,4741,626694,6049,0.0795131158520605,0.6325205361231929,0.5530074202711324
2021-05-18,Del Norte,015,27424.0,16569,139,5712,73,10096,66,727,0,1536,87,9350,87,7814,52,0.0560093348891481,0.3409422403733955,0.2849329054842474
2021-05-18,El Dorado,017,186661.0,163734,1074,74236,546,83946,471,5530,55,16468,441,92634,497,76166,630,0.0882241068032422,0.496268636726472,0.4080445299232298
2021-05-18,Fresno,019,978130.0,747317,4241,365699,2617,353500,1466,27805,155,71576,2123,421655,2274,350079,2088,0.0731763671495609,0.4310827804075123,0.3579064132579514
2021-05-18,Glenn,021,27897.0,18875,72,6587,50,11288,18,982,4,1266,24,10526,28,9260,48,0.045381223787504,0.3773165573359142,0.3319353335484102
2021-05-18,Humboldt,023,135768.0,120741,680,57760,332,57609,318,5258,30,9720,367,67661,397,57941,313,0.0715927169878027,0.4983574921925638,0.4267647752047611
2021-05-18,Imperial,025,180216.0,168990,1878,74591,938,82601,852,11770,88,26644,1012,103386,1100,76742,858,0.1478448084520797,0.5736782527633506,0.4258334443112709
2021-05-18,Inyo,027,18085.0,16346,84,5717,3,10030,80,452,1,1093,18,8859,19,7766,66,0.060436826098977,0.4898534697262925,0.4294166436273154
2021-05-18,Kern,029,883053.0,550474,3336,266411,1539,258008,1664,25901,133,56720,1680,315479,1812,258759,1646,0.0642317052317358,0.357259417045183,0.2930277118134472
2021-05-18,Kings,031,150075.0,78096,418,32226,294,41737,112,4105,12,8079,234,45076,246,36997,184,0.0538330834582708,0.3003564884224554,0.2465234049641845
2021-05-18,Lake,033,64148.0,45597,303,13068,69,30647,215,1880,19,3949,174,25654,193,21705,130,0.0615607657292511,0.3999189374571303,0.3383581717278793
2021-05-18,Lassen,035,31185.0,10604,83,1302,5,8493,65,798,13,752,24,6053,37,5301,58,0.0241141574474907,0.1940997274330607,0.16998556998557
2021-05-18,Los Angeles,037,10098052.0,9488250,67640,4946787,39700,4171997,26010,366432,1902,982186,26296,5402728,28171,4420542,41006,0.0972648982199735,0.5350267556554472,0.4377618574354737
2021-05-18,Madera,039,155013.0,105830,582,51275,389,50489,166,4002,26,9127,308,59163,333,50036,268,0.0588789327346738,0.3816647636004722,0.3227858308657984
2021-05-18,Marin,041,260295.0,346319,1560,211843,1213,124835,291,9627,56,24023,805,189637,860,165614,749,0.0922914385600952,0.7285464569046659,0.6362550183445705
2021-05-18,Mariposa,043,17540.0,12003,68,2008,44,9538,19,437,5,2467,46,7406,51,4939,19,0.1406499429874572,0.4222348916761687,0.2815849486887115
2021-05-18,Mendocino,045,87422.0,83286,255,44144,125,36613,98,2518,32,7140,115,46305,146,39165,139,0.0816728054723067,0.5296721649012834,0.4479993594289767
2021-05-18,Merced,047,269075.0,176474,1327,98647,885,69150,408,7946,31,24352,709,101905,741,77553,594,0.0905026479606057,0.3787234042553191,0.2882207562947134
2021-05-18,Modoc,049,8938.0,5063,30,560,14,4212,14,287,2,267,14,2804,16,2537,15,0.0298724546878496,0.3137167151488028,0.2838442604609532
2021-05-18,Mono,051,14174.0,14427,140,7923,115,6208,22,242,1,868,90,7727,92,6859,48,0.0612388881049809,0.5451530972202625,0.4839142091152815
2021-05-18,Monterey,053,433212.0,400958,2001,179378,867,203573,1087,17416,47,41601,877,229201,924,187600,1113,0.0960291958671504,0.5290735252024413,0.4330443293352908
2021-05-18,Napa,055,140530.0,162409,1130,81142,590,76973,481,4282,59,13912,539,90132,597,76220,584,0.0989966555183946,0.6413719490500249,0.5423752935316303
2021-05-18,Nevada,057,99092.0,92150,439,48235,267,41775,168,2137,4,9048,226,51534,230,42486,210,0.0913090865054696,0.5200621644532354,0.4287530779477657
2021-05-18,Orange,059,3164182.0,3111661,21330,1687290,12379,1329753,8271,93589,678,297727,8131,1746336,8800,1448609,13107,0.0940928808772693,0.5519075704242045,0.457814689546935
2021-05-18,Placer,061,380077.0,361090,2572,200633,1720,152489,776,7956,76,32170,1148,200303,1224,168133,1419,0.0846407438492726,0.5270063697619166,0.442365625912644
2021-05-18,Plumas,063,18699.0,14852,48,1181,8,12811,38,825,1,1126,27,8349,28,7223,20,0.0602171239103695,0.4464944649446494,0.3862773410342799
2021-05-18,Riverside,065,2383286.0,1813789,15674,978716,9716,782226,5587,52115,363,185568,6347,1023359,6707,837791,9281,0.0778622456557878,0.4293899263453903,0.3515276806896025
2021-05-18,Sacramento,067,1510023.0,1314006,10156,706560,6312,572952,3608,34370,236,139208,3760,742151,3997,602943,6376,0.0921893242685707,0.4914832423082297,0.399293918039659
2021-05-18,San Benito,069,59416.0,54532,703,27588,377,24303,320,2540,5,6433,221,31518,227,25085,480,0.1082704995287464,0.5304631749023831,0.4221926753736367
2021-05-18,San Bernardino,071,2135413.0,1468976,14356,817703,9507,604892,4581,46202,267,155150,6395,833567,6659,678417,7924,0.07265573451131,0.3903539970956438,0.3176982625843338
2021-05-18,San Diego,073,3302833.0,3286235,34451,1683957,19516,1510114,14022,91305,910,395861,13082,1890815,14440,1494954,21094,0.1198549850991557,0.5724827746361987,0.4526277895370429
2021-05-18,San Francisco,075,870044.0,1112280,8920,695349,5105,372392,3630,44317,183,82580,1840,618540,2022,535960,7037,0.0949147399441867,0.710929562183062,0.6160148222388753
2021-05-18,San Joaquin,077,732212.0,575185,4131,309234,2389,246438,1624,19475,118,70234,1855,327355,1971,257121,2237,0.0959203072334241,0.4470768028931511,0.3511564956597269
2021-05-18,San Luis Obispo,079,281455.0,262814,1950,132986,1177,120156,735,9555,38,24132,735,147844,773,123712,1205,0.0857401716082499,0.5252846813877885,0.4395445097795384
2021-05-18,San Mateo,081,765935.0,913737,8753,540270,6028,340120,2620,32997,101,86216,3124,515396,3226,429180,5550,0.1125630765012696,0.6728978307558735,0.5603347542546039
2021-05-18,Santa Barbara,083,443738.0,426355,1928,241882,1192,166138,636,18040,99,42360,998,242755,1097,200395,916,0.0954617364300555,0.5470683150868305,0.4516065786567749
2021-05-18,Santa Clara,085,1922200.0,2297878,26934,1428405,17162,781176,9335,84993,429,207267,7258,1290443,7679,1083176,19538,0.107828009572365,0.6713364894391842,0.5635084798668193
2021-05-18,Santa Cruz,087,273765.0,292723,2273,130712,1378,154624,857,7352,38,27647,1075,163461,1114,135814,1191,0.1009880737128559,0.5970850912278779,0.496097017515022
2021-05-18,Shasta,089,179085.0,106721,620,46113,298,55827,295,4744,27,12371,333,61815,359,49444,286,0.0690789290001954,0.3451712873775023,0.2760923583773069
2021-05-18,Sierra,091,2930.0,2511,1,136,0,2354,0,21,1,83,0,1301,1,1218,1,0.0283276450511945,0.4440273037542662,0.4156996587030717
2021-05-18,Siskiyou,093,43540.0,29064,208,11194,81,17011,124,825,3,2858,121,16338,124,13480,86,0.0656407900780891,0.3752411575562701,0.309600367478181
2021-05-18,Solano,095,438530.0,396356,3150,201777,1782,184769,1278,9778,90,52450,1499,228860,1591,176410,1636,0.1196041319864091,0.5218799169954165,0.4022757850090073
2021-05-18,Sonoma,097,501317.0,550100,4432,286609,2942,247408,1378,16035,111,48952,1460,306725,1570,257773,2946,0.0976467983331903,0.6118384176080205,0.5141916192748301
2021-05-18,Stanislaus,099,539301.0,391288,2434,210416,1694,167303,619,13323,118,46825,1239,221905,1356,175080,1170,0.086825353559515,0.4114678074025451,0.3246424538430301
2021-05-18,Sutter,101,95872.0,68971,572,24874,326,40739,241,3354,5,7413,311,39697,316,32284,260,0.0773218457943925,0.4140625,0.3367406542056075
2021-05-18,Tehama,103,63373.0,34100,169,11396,85,21591,67,1106,17,2532,49,18833,66,16301,120,0.0399539235952219,0.29717703122781,0.257223107632588
2021-05-18,Trinity,105,12862.0,7931,41,981,10,6577,30,369,1,836,13,4562,14,3726,28,0.0649976675478152,0.3546882288913077,0.2896905613434924
2021-05-18,Tulare,107,460477.0,300318,1642,167219,883,124227,705,8818,54,28103,815,168192,867,140089,822,0.0610301926046252,0.3652560279883686,0.3042258353837433
2021-05-18,Tuolumne,109,53932.0,43093,186,11078,42,31380,98,630,46,2856,61,22907,107,20051,120,0.0529555736853815,0.4247385596677297,0.3717829859823481
2021-05-18,Ventura,111,848112.0,822573,5605,413343,3238,380812,2183,28085,184,81751,2170,465120,2351,383369,3411,0.0963917501462071,0.5484181334540721,0.452026383307865
2021-05-18,Yolo,113,214977.0,215737,1879,101045,1152,108706,706,5968,21,22856,940,122107,960,99251,933,0.1063183503351521,0.5680002977062663,0.4616819473711141
2021-05-18,Yuba,115,75493.0,40436,417,12851,175,24991,232,2582,10,4480,175,23695,185,19215,242,0.0593432503675837,0.3138701601472984,0.2545269097797146
2021-05-17,Alameda,001,1643700.0,1831766,13822,1121802,10294,613825,2987,95568,540,160127,4245,1041262,4781,881135,9516,0.0974186287035347,0.6334866459816269,0.5360680172780921
2021-05-17,Alpine,003,1148.0,1423,2,31,0,1386,2,6,0,103,0,761,0,658,2,0.0897212543554007,0.6628919860627178,0.573170731707317
2021-05-17,Amador,005,37829.0,32110,82,7656,26,23666,54,787,2,3220,34,17626,37,14406,46,0.0851198815723386,0.4659388299981495,0.3808189484258109
2021-05-17,Butte,007,227075.0,155342,773,69432,499,80157,226,5740,48,12881,333,86789,380,73908,439,0.0567257514037212,0.3822041175822966,0.3254783661785753
2021-05-17,Calaveras,009,45235.0,36121,99,14387,44,20977,46,755,9,2667,47,19394,56,16727,50,0.0589587708632695,0.4287388084447883,0.3697800375815187
2021-05-17,Colusa,011,21464.0,15286,28,3094,7,11380,19,810,2,2066,16,9058,18,6992,12,0.0962541930674618,0.4220089452105852,0.3257547521431234
2021-05-17,Contra Costa,013,1133247.0,1294174,7404,832687,5956,420477,1263,40766,182,91416,3656,712061,3840,620645,3730,0.080667321422426,0.6283369821406983,0.5476696607182724
2021-05-17,Del Norte,015,27424.0,16430,30,5639,5,10030,22,727,3,1501,15,9263,18,7762,15,0.0547330805134189,0.3377698366394399,0.283036756126021
2021-05-17,El Dorado,017,186661.0,162660,1621,73690,703,83475,868,5475,50,16601,564,92137,613,75536,1054,0.0889366284333631,0.4936060558981255,0.4046694274647623
2021-05-17,Fresno,019,978130.0,743076,4309,363082,2908,352034,1233,27650,163,71390,2254,419381,2417,347991,2021,0.0729862083772095,0.4287579360616687,0.3557717276844591
2021-05-17,Glenn,021,27897.0,18803,87,6537,60,11270,23,978,4,1286,61,10498,65,9212,26,0.0460981467541312,0.3763128651826361,0.3302147184285048
2021-05-17,Humboldt,023,135768.0,120061,416,57428,218,57291,178,5228,20,9636,224,67264,245,57628,191,0.0709740144953155,0.4954333863649755,0.42445937186966
2021-05-17,Imperial,025,180216.0,167112,2031,73653,755,81749,1219,11682,57,26402,696,102286,752,75884,1325,0.146501975407289,0.5675744661961202,0.4210724907888312
2021-05-17,Inyo,027,18085.0,16262,65,5714,2,9950,60,451,3,1140,18,8840,22,7700,47,0.0630356649156759,0.4888028753110312,0.4257672103953552
2021-05-17,Kern,029,883053.0,547138,2411,264872,1037,256344,1223,25768,151,56554,1211,313667,1361,257113,1189,0.0640437210450561,0.3552074450797404,0.2911637240346842
2021-05-17,Kings,031,150075.0,77678,424,31932,337,41625,68,4093,18,8017,221,44830,239,36813,201,0.0534199566883225,0.2987173080126603,0.2452973513243378
2021-05-17,Lake,033,64148.0,45294,319,12999,43,30432,261,1861,15,3886,83,25461,98,21575,236,0.0605786618444846,0.3969102700006235,0.3363316081561389
2021-05-17,Lassen,035,31185.0,10521,33,1297,2,8428,19,785,12,773,9,6016,21,5243,24,0.0247875581208914,0.1929132595799262,0.1681257014590348
2021-05-17,Los Angeles,037,10098052.0,9420610,64093,4907087,41208,4145987,21005,364530,1841,995021,25416,5374557,27240,4379536,38397,0.0985359354457671,0.5322370096727567,0.4337010742269895
2021-05-17,Madera,039,155013.0,105248,476,50886,197,50323,245,3976,31,9062,204,58830,235,49768,266,0.0584596130647107,0.3795165566758917,0.321056943611181
2021-05-17,Marin,041,260295.0,344759,2202,210630,2043,124544,116,9571,43,23912,1747,188777,1791,164865,448,0.0918649993276859,0.7252425133022148,0.6333775139745289
2021-05-17,Mariposa,043,17540.0,11935,17,1964,6,9519,7,432,4,2435,7,7355,10,4920,10,0.1388255416191562,0.419327251995439,0.2805017103762828
2021-05-17,Mendocino,045,87422.0,83031,183,44019,89,36515,78,2486,16,7133,105,46159,121,39026,78,0.0815927340943927,0.5280021047333623,0.4464093706389695
2021-05-17,Merced,047,269075.0,175147,1182,97762,779,68742,366,7915,35,24205,565,101164,601,76959,596,0.0899563318777292,0.3759695252253089,0.2860131933475797
2021-05-17,Modoc,049,8938.0,5033,7,546,3,4198,4,285,0,266,3,2788,3,2522,4,0.0297605728350861,0.3119266055045872,0.282166032669501
2021-05-17,Mono,051,14174.0,14287,261,7808,35,6186,218,241,7,824,54,7635,62,6811,203,0.0581346126710879,0.5386623394948498,0.4805277268237618
2021-05-17,Monterey,053,433212.0,398957,2357,178511,1396,202486,877,17369,84,41790,1102,228277,1186,186487,1248,0.0964654718705853,0.52694062029676,0.4304751484261747
2021-05-17,Napa,055,140530.0,161279,938,80552,368,76492,540,4223,30,13899,315,89535,346,75636,567,0.0989041485803743,0.637123745819398,0.5382195972390237
2021-05-17,Nevada,057,99092.0,91711,506,47968,328,41607,147,2133,31,9028,221,51304,252,42276,281,0.091107253865095,0.5177410890889275,0.4266338352238324
2021-05-17,Orange,059,3164182.0,3090331,20037,1674911,13151,1321482,6154,92911,732,302034,6964,1737536,7684,1435502,12984,0.0954540541599693,0.5491264408937286,0.4536723867337593
2021-05-17,Placer,061,380077.0,358518,2419,198913,1606,151713,734,7880,79,32365,1027,199079,1104,166714,1386,0.0851537977830808,0.5237859696850902,0.4386321719020093
2021-05-17,Plumas,063,18699.0,14804,18,1173,1,12773,8,824,9,1118,7,8321,16,7203,11,0.0597892935451093,0.4449970586662388,0.3852077651211295
2021-05-17,Riverside,065,2383286.0,1798115,12143,969000,7781,776639,3990,51752,367,188142,5242,1016652,5611,828510,6853,0.0789422671051648,0.426575744581221,0.3476334774760561
2021-05-17,Sacramento,067,1510023.0,1303850,10684,700248,6508,569344,3868,34134,306,141587,3959,738154,4266,596567,6685,0.0937647969600463,0.4888362627589116,0.3950714657988653
2021-05-17,San Benito,069,59416.0,53829,410,27211,326,23983,74,2535,10,6686,179,31291,189,24605,227,0.1125286118217315,0.5266426551770567,0.4141140433553251
2021-05-17,San Bernardino,071,2135413.0,1454620,10357,808196,6960,600311,3105,45935,291,156415,4544,826908,4832,670493,5784,0.0732481257723915,0.3872356307655709,0.3139875049931793
2021-05-17,San Diego,073,3302833.0,3251784,21570,1664441,13051,1496092,7724,90395,788,402515,8639,1876375,9794,1473860,12726,0.1218696192026663,0.5681107703598699,0.4462411511572035
2021-05-17,San Francisco,075,870044.0,1103360,7612,690244,5663,368762,1779,44134,167,87595,2417,616518,2585,528923,5176,0.1006788162437761,0.7086055417886912,0.607926725544915
2021-05-17,San Joaquin,077,732212.0,571054,4269,306845,2568,244814,1600,19357,101,70500,1764,325384,1863,254884,2463,0.096283589998525,0.4443849595472349,0.3481013695487099
2021-05-17,San Luis Obispo,079,281455.0,260864,1727,131809,996,119421,669,9517,62,24564,680,147071,741,122507,1036,0.0872750528503668,0.522538238794834,0.4352631859444671
2021-05-17,San Mateo,081,765935.0,904984,7368,534242,5207,337500,2050,32896,108,88540,2158,512170,2265,423630,5188,0.1155972765312983,0.6686859851031746,0.5530887085718762
2021-05-17,Santa Barbara,083,443738.0,424427,1697,240690,964,165502,668,17941,65,42179,893,241658,958,199479,799,0.0950538380756212,0.5445961355574686,0.4495422974818474
2021-05-17,Santa Clara,085,1922200.0,2270944,20858,1411243,16361,771841,4113,84564,375,219126,6871,1282764,7244,1063638,13874,0.1139975028613047,0.6673415877640204,0.5533440849027157
2021-05-17,Santa Cruz,087,273765.0,290450,1491,129334,741,153767,676,7314,73,27724,512,162347,587,134623,980,0.1012693368399905,0.5930159078041386,0.4917465709641481
2021-05-17,Shasta,089,179085.0,106101,536,45815,245,55532,232,4717,59,12298,280,61456,339,49158,254,0.0686713013373537,0.3431666527068152,0.2744953513694614
2021-05-17,Sierra,091,2930.0,2510,2,136,2,2354,0,20,0,83,1,1300,1,1217,1,0.0283276450511945,0.4436860068259385,0.415358361774744
2021-05-17,Siskiyou,093,43540.0,28856,63,11113,2,16887,38,822,23,2820,12,16214,35,13394,51,0.0647680293982544,0.3723932016536518,0.3076251722553973
2021-05-17,Solano,095,438530.0,393206,2573,199995,1504,183491,984,9688,85,52495,885,227269,966,174774,1676,0.1197067475429275,0.5182518869860671,0.3985451394431396
2021-05-17,Sonoma,097,501317.0,545668,2498,283667,1860,246030,541,15924,97,50328,913,305155,1009,254827,1577,0.1003915686082857,0.60870666664007,0.5083150980317843
2021-05-17,Stanislaus,099,539301.0,388854,2174,208722,1477,166684,608,13205,87,46639,1018,220549,1103,173910,1138,0.0864804626729785,0.4089534415845696,0.3224729789115911
2021-05-17,Sutter,101,95872.0,68399,294,24548,119,40498,161,3349,14,7357,149,39381,163,32024,141,0.0767377336448598,0.4107664385847797,0.3340287049399199
2021-05-17,Tehama,103,63373.0,33931,128,11311,35,21524,78,1089,15,2586,64,18767,79,16181,63,0.0408060214918025,0.2961355782431004,0.2553295567512978
2021-05-17,Trinity,105,12862.0,7890,105,971,20,6547,83,368,2,850,40,4548,42,3698,65,0.0660861452340227,0.3535997512051003,0.2875136059710776
2021-05-17,Tulare,107,460477.0,298676,1619,166336,1018,123522,522,8764,79,28058,764,167325,843,139267,838,0.0609324678539861,0.3633731977927236,0.3024407299387374
2021-05-17,Tuolumne,109,53932.0,42907,113,11036,31,31282,80,584,2,2869,47,22800,49,19931,64,0.0531966179633612,0.4227545798412816,0.3695579618779203
2021-05-17,Ventura,111,848112.0,816968,6041,410105,3629,378629,2188,27901,224,82811,2439,462769,2659,379958,3586,0.0976415850736695,0.5456460939121248,0.4480045088384553
2021-05-17,Yolo,113,214977.0,213858,1184,99893,474,108000,688,5947,21,22829,363,121147,385,98318,816,0.1061927555040771,0.5635347037124901,0.457341948208413
2021-05-17,Yuba,115,75493.0,40019,224,12676,94,24759,110,2572,20,4537,92,23510,112,18973,132,0.0600982872584213,0.311419601817387,0.2513213145589657
2021-05-16,Alameda,001,1643700.0,1817944,9159,1111508,7876,610838,1175,95028,108,164862,3181,1036481,3289,871619,5934,0.1002993246942872,0.6305779643487255,0.5302786396544381
2021-05-16,Alpine,003,1148.0,1421,0,31,0,1384,0,6,0,105,0,761,0,656,0,0.0914634146341463,0.6628919860627178,0.5714285714285714
2021-05-16,Amador,005,37829.0,32028,41,7630,15,23612,26,785,0,3229,16,17589,16,14360,25,0.0853577942848079,0.4649607444024425,0.3796029501176346
2021-05-16,Butte,007,227075.0,154569,176,68933,85,79931,73,5692,18,12940,100,86409,118,73469,74,0.0569855774523835,0.3805306616756578,0.3235450842232742
2021-05-16,Calaveras,009,45235.0,36022,35,14343,15,20931,20,746,0,2661,17,19338,17,16677,16,0.058826130208909,0.4275008290040897,0.3686746987951807
2021-05-16,Colusa,011,21464.0,15258,21,3087,5,11361,9,808,7,2060,8,9040,15,6980,13,0.0959746552366753,0.4211703317182259,0.3251956764815505
2021-05-16,Contra Costa,013,1133247.0,1286770,2782,826731,2447,419214,278,40584,56,91306,1264,708221,1320,616915,1510,0.0805702552047347,0.6249484887231116,0.5443782335183769
2021-05-16,Del Norte,015,27424.0,16400,10,5634,0,10008,9,724,1,1498,9,9245,10,7747,1,0.0546236872812135,0.3371134772462077,0.2824897899649942
2021-05-16,El Dorado,017,186661.0,161039,882,72987,466,82607,389,5425,27,17042,236,91524,263,74482,644,0.0912992001542904,0.4903220276329817,0.3990228274786913
2021-05-16,Fresno,019,978130.0,738767,1617,360174,1106,350801,477,27487,33,70994,923,416964,957,345970,684,0.0725813542167196,0.4262868943800926,0.3537055401633729
2021-05-16,Glenn,021,27897.0,18716,30,6477,16,11247,14,974,0,1247,8,10433,8,9186,22,0.0447001469692081,0.3739828655410976,0.3292827185718894
2021-05-16,Humboldt,023,135768.0,119645,126,57210,61,57113,61,5208,4,9582,75,67019,79,57437,51,0.0705762771787166,0.4936288374285545,0.4230525602498379
2021-05-16,Imperial,025,180216.0,165081,139,72898,96,80530,37,11625,6,26975,59,101534,65,74559,79,0.1496814933191281,0.5634016957428863,0.4137202024237582
2021-05-16,Inyo,027,18085.0,16197,211,5712,210,9890,0,448,1,1165,75,8818,76,7653,135,0.0644180259883881,0.4875863975670445,0.4231683715786563
2021-05-16,Kern,029,883053.0,544727,1650,263835,1414,255121,196,25617,40,56382,948,312306,988,255924,697,0.0638489422492194,0.3536662012359394,0.2898172589867199
2021-05-16,Kings,031,150075.0,77254,253,31595,226,41557,26,4075,1,7979,74,44591,75,36612,178,0.0531667499583541,0.2971247709478594,0.2439580209895052
2021-05-16,Lake,033,64148.0,44975,33,12956,20,30171,12,1846,1,4024,17,25363,18,21339,15,0.0627299370206397,0.3953825528465424,0.3326526158259026
2021-05-16,Lassen,035,31185.0,10488,9,1295,2,8409,4,773,3,776,3,5995,6,5219,6,0.0248837582170915,0.1922398589065255,0.167356100689434
2021-05-16,Los Angeles,037,10098052.0,9356517,31764,4865879,25166,4124982,5968,362689,622,1006178,12533,5347317,13149,4341139,19104,0.0996408020081496,0.5295394596898491,0.4298986576816994
2021-05-16,Madera,039,155013.0,104772,269,50689,197,50078,39,3945,32,9093,109,58595,141,49502,159,0.0586595962919239,0.3780005547921787,0.3193409585002548
2021-05-16,Marin,041,260295.0,342557,1726,208587,1663,124428,55,9528,8,22569,1402,186986,1410,164417,322,0.086705468795021,0.7183618586603662,0.6316563898653451
2021-05-16,Mariposa,043,17540.0,11918,4,1958,2,9512,1,428,1,2435,2,7345,3,4910,2,0.1388255416191562,0.4187571265678449,0.2799315849486887
2021-05-16,Mendocino,045,87422.0,82848,117,43930,103,36437,11,2470,3,7090,98,46038,102,38948,19,0.0811008670586351,0.526618013772277,0.4455171467136419
2021-05-16,Merced,047,269075.0,173965,391,96983,265,68376,116,7880,9,24200,222,100563,230,76363,159,0.0899377496980395,0.3737359472266097,0.2837981975285701
2021-05-16,Modoc,049,8938.0,5026,1,543,1,4194,0,285,0,267,0,2785,0,2518,1,0.0298724546878496,0.3115909599462967,0.2817185052584471
2021-05-16,Mono,051,14174.0,14026,5,7773,4,5968,1,234,0,965,2,7573,2,6608,3,0.0680824044024269,0.5342881332016368,0.4662057287992098
2021-05-16,Monterey,053,433212.0,396600,1038,177115,668,201609,294,17285,76,41852,296,227091,372,185239,739,0.096608588866421,0.5242029306667405,0.4275943418003194
2021-05-16,Napa,055,140530.0,160341,250,80184,169,75952,79,4193,2,14120,72,89189,74,75069,177,0.1004767665267202,0.6346616380843948,0.5341848715576745
2021-05-16,Nevada,057,99092.0,91205,163,47640,52,41460,111,2102,0,9057,53,51052,53,41995,110,0.0913999111936382,0.5151979978202075,0.4237980866265692
2021-05-16,Orange,059,3164182.0,3070294,15916,1661760,13110,1315328,2456,92179,347,307334,6767,1729852,7112,1422518,9074,0.0971290526271876,0.5466980091537086,0.4495689565265209
2021-05-16,Placer,061,380077.0,356099,1215,197307,550,150979,645,7801,20,32647,364,197975,384,165328,851,0.0858957527027418,0.5208812951059917,0.4349855424032499
2021-05-16,Plumas,063,18699.0,14786,6,1172,3,12765,3,815,0,1113,3,8305,3,7192,3,0.0595218995668217,0.4441413979357185,0.3846194983688967
2021-05-16,Riverside,065,2383286.0,1785972,3798,961219,2824,772649,856,51385,117,189384,1882,1011041,1997,821657,1902,0.0794633963359831,0.42422143208998,0.3447580357539967
2021-05-16,Sacramento,067,1510023.0,1293166,8782,693740,4535,565476,4127,33828,119,144006,2458,733888,2578,589882,6295,0.0953667593142621,0.4860111402276654,0.3906443809134033
2021-05-16,San Benito,069,59416.0,53419,174,26885,147,23909,25,2525,2,6724,96,31102,98,24378,78,0.1131681701898478,0.5234616938198465,0.4102935236299986
2021-05-16,San Bernardino,071,2135413.0,1444263,3210,801236,2427,597206,719,45644,63,157367,1596,822076,1659,664709,1602,0.0736939411720355,0.3849728366362853,0.3112788954642497
2021-05-16,San Diego,073,3302833.0,3230214,13838,1651390,10301,1488368,2946,89607,588,405447,6189,1866581,6924,1461134,7502,0.1227573419546189,0.5651454372655232,0.4423880953109043
2021-05-16,San Francisco,075,870044.0,1095748,5396,684581,4525,366983,812,43967,59,90186,2025,613933,2086,523747,3351,0.1036568265513008,0.7056344276841171,0.6019776011328163
2021-05-16,San Joaquin,077,732212.0,566785,3683,304277,2887,243214,750,19256,46,71100,1446,323521,1491,252421,2202,0.0971030248070231,0.4418406144668484,0.3447375896598253
2021-05-16,San Luis Obispo,079,281455.0,259137,315,130813,170,118752,139,9455,6,24859,176,146330,182,121471,138,0.0883231777726457,0.519905491108703,0.4315823133360573
2021-05-16,San Mateo,081,765935.0,897616,7417,529035,5280,335450,2066,32788,68,91463,2311,509905,2379,418442,5080,0.1194135272575349,0.6657288151083316,0.5463152878507967
2021-05-16,Santa Barbara,083,443738.0,422730,1184,239726,551,164834,516,17876,117,42020,555,240700,672,198680,627,0.0946955185266981,0.5424372039356558,0.4477416854089575
2021-05-16,Santa Clara,085,1922200.0,2250086,16740,1394882,13646,767728,2903,84189,187,225756,5425,1275520,5611,1049764,11237,0.1174466756841119,0.6635729892831131,0.5461263135990011
2021-05-16,Santa Cruz,087,273765.0,288959,788,128593,423,153091,340,7241,25,28117,278,161760,303,133643,509,0.1027048746187423,0.5908717330557229,0.4881668584369806
2021-05-16,Shasta,089,179085.0,105565,220,45570,154,55300,56,4658,10,12213,159,61117,169,48904,61,0.0681966663874696,0.3412736968478655,0.2730770304603959
2021-05-16,Sierra,091,2930.0,2508,0,134,0,2354,0,20,0,83,0,1299,0,1216,0,0.0283276450511945,0.4433447098976109,0.4150170648464164
2021-05-16,Siskiyou,093,43540.0,28793,6,11111,3,16849,3,799,0,2836,4,16179,4,13343,2,0.0651355075792374,0.3715893431327515,0.306453835553514
2021-05-16,Solano,095,438530.0,390633,1572,198491,1166,182507,372,9603,34,53205,280,226303,313,173098,1289,0.1213257929902173,0.5160490730394728,0.3947232800492554
2021-05-16,Sonoma,097,501317.0,543170,1379,281807,1153,245489,162,15827,63,50896,1002,304146,1065,253250,369,0.1015245842450984,0.6066939680880561,0.5051693838429576
2021-05-16,Stanislaus,099,539301.0,386680,1207,207245,837,166076,362,13118,7,46674,637,219446,646,172772,560,0.0865453614957139,0.4069082015423669,0.320362840046653
2021-05-16,Sutter,101,95872.0,68105,175,24429,116,40337,51,3335,8,7335,93,39218,101,31883,81,0.0765082610146862,0.4090662550066756,0.3325579939919893
2021-05-16,Tehama,103,63373.0,33803,34,11276,10,21446,20,1074,4,2570,21,18688,25,16118,13,0.0405535480409638,0.2948889905795843,0.2543354425386205
2021-05-16,Trinity,105,12862.0,7785,9,951,7,6464,2,366,0,873,6,4506,6,3633,3,0.0678743585756492,0.350334318146478,0.2824599595708288
2021-05-16,Tulare,107,460477.0,297057,713,165318,571,123000,130,8685,12,28053,330,166482,342,138429,380,0.0609216095483596,0.3615424874640862,0.3006208779157265
2021-05-16,Tuolumne,109,53932.0,42794,27,11005,7,31202,18,582,2,2884,13,22751,15,19867,13,0.0534747459764147,0.4218460283319736,0.3683712823555588
2021-05-16,Ventura,111,848112.0,810927,2240,406476,1736,376441,448,27677,55,83738,1039,460110,1093,376372,1194,0.098734601090422,0.5425108947874809,0.4437762936970589
2021-05-16,Yolo,113,214977.0,212674,1499,99419,1282,107312,210,5926,7,23260,1048,120762,1055,97502,450,0.1081976211408662,0.5617438144545696,0.4535461933137033
2021-05-16,Yuba,115,75493.0,39795,167,12582,55,24649,101,2552,11,4557,97,23398,108,18841,69,0.0603632124832765,0.3099360205581974,0.2495728080749208
2021-05-15,Alameda,001,1643700.0,1808785,17806,1103632,12955,609663,4610,94920,237,167507,6039,1033192,6267,865685,11695,0.1019084991178438,0.6285769909350855,0.5266684918172416
2021-05-15,Alpine,003,1148.0,1421,0,31,0,1384,0,6,0,105,0,761,0,656,0,0.0914634146341463,0.6628919860627178,0.5714285714285714
2021-05-15,Amador,005,37829.0,31987,44,7615,16,23586,18,785,10,3238,18,17573,28,14335,24,0.0855957069972772,0.4645377884691639,0.3789420814718866
2021-05-15,Butte,007,227075.0,154393,525,68848,251,79858,239,5674,34,12896,242,86291,276,73395,280,0.0567918088737201,0.3800110095783331,0.323219200704613
2021-05-15,Calaveras,009,45235.0,35987,265,14328,97,20911,165,746,3,2660,99,19321,102,16661,158,0.0588040234331822,0.4271250138167348,0.3683209903835525
2021-05-15,Colusa,011,21464.0,15237,43,3082,11,11352,30,801,2,2058,22,9025,24,6967,21,0.0958814759597465,0.4204714871412597,0.3245900111815132
2021-05-15,Contra Costa,013,1133247.0,1283988,10389,824284,7597,418936,2663,40528,123,91496,4558,706901,4681,615405,5806,0.0807379150352923,0.6237836941108161,0.5430457790755236
2021-05-15,Del Norte,015,27424.0,16390,97,5634,54,9999,37,723,6,1489,53,9235,59,7746,44,0.0542955075845974,0.3367488331388564,0.282453325554259
2021-05-15,El Dorado,017,186661.0,160157,933,72521,579,82218,296,5398,58,17423,335,91261,393,73838,598,0.0933403335458397,0.4889130562892088,0.395572722743369
2021-05-15,Fresno,019,978130.0,737150,3725,359068,2793,350324,798,27454,133,70721,1901,416007,2032,345286,1809,0.0723022502121394,0.4253084968255753,0.3530062466134358
2021-05-15,Glenn,021,27897.0,18686,68,6461,39,11233,26,974,3,1261,32,10425,34,9164,36,0.0452019930458472,0.3736960963544467,0.3284941033085995
2021-05-15,Humboldt,023,135768.0,119519,811,57149,668,57052,133,5204,10,9554,215,66940,224,57386,592,0.0703700430145542,0.4930469624653821,0.4226769194508278
2021-05-15,Imperial,025,180216.0,164942,1367,72802,506,80493,832,11619,29,26989,507,101469,536,74480,857,0.1497591778754383,0.5630410174457318,0.4132818395702934
2021-05-15,Inyo,027,18085.0,15986,397,5502,381,9890,11,447,3,1224,86,8742,89,7518,307,0.0676803981199889,0.4833840199059994,0.4157036217860105
2021-05-15,Kern,029,883053.0,543077,3144,262421,2077,254925,959,25577,108,56091,1659,311318,1766,255227,1472,0.0635194037051003,0.3525473555947378,0.2890279518896374
2021-05-15,Kings,031,150075.0,77001,360,31369,255,41531,86,4074,19,8082,198,44516,217,36434,162,0.0538530734632683,0.2966250208229218,0.2427719473596535
2021-05-15,Lake,033,64148.0,44942,47,12936,20,30159,23,1845,4,4021,30,25345,34,21324,17,0.0626831701689842,0.3951019517366091,0.3324187815676249
2021-05-15,Lassen,035,31185.0,10479,16,1293,3,8405,4,770,9,776,5,5989,14,5213,11,0.0248837582170915,0.1920474587141253,0.1671637004970338
2021-05-15,Los Angeles,037,10098052.0,9324753,78352,4840713,54705,4119014,22016,362067,1610,1012133,30342,5334168,31935,4322035,47660,0.1002305197081575,0.5282373273577914,0.4280068076496338
2021-05-15,Madera,039,155013.0,104503,590,50492,498,50039,82,3913,9,9111,375,58454,384,49343,212,0.0587757155851444,0.3770909536619509,0.3183152380768064
2021-05-15,Marin,041,260295.0,340831,2802,206924,2330,124373,392,9520,80,21481,1697,185576,1776,164095,1101,0.0825255959584317,0.7129449278703011,0.6304193319118693
2021-05-15,Mariposa,043,17540.0,11914,21,1956,10,9511,8,427,3,2434,13,7342,15,4908,6,0.1387685290763968,0.4185860889395667,0.2798175598631699
2021-05-15,Mendocino,045,87422.0,82731,161,43827,31,36426,126,2467,4,7007,63,45936,67,38929,95,0.0801514492919402,0.5254512594083869,0.4452998101164466
2021-05-15,Merced,047,269075.0,173574,809,96718,607,68260,178,7871,18,24129,452,100333,470,76204,331,0.0896738827464461,0.3728811669608845,0.2832072842144383
2021-05-15,Modoc,049,8938.0,5025,3,542,1,4194,2,285,0,268,1,2785,1,2517,2,0.0299843365406131,0.3115909599462967,0.2816066234056836
2021-05-15,Mono,051,14174.0,14021,72,7769,28,5967,38,234,6,966,19,7571,25,6605,53,0.0681529561168336,0.5341470297728235,0.4659940736559898
2021-05-15,Monterey,053,433212.0,395562,3532,176447,886,201315,2381,17209,265,42219,977,226719,1239,184500,2538,0.097455749148223,0.523344228691726,0.4258884795435029
2021-05-15,Napa,055,140530.0,160091,1106,80015,372,75873,721,4191,13,14223,261,89115,274,74892,841,0.1012097061125738,0.6341350601295097,0.5329253540169359
2021-05-15,Nevada,057,99092.0,91042,194,47588,94,41349,94,2102,6,9114,90,50999,96,41885,102,0.0919751342187058,0.5146631413232148,0.4226880071045089
2021-05-15,Orange,059,3164182.0,3054378,21130,1648650,15147,1312872,5403,91832,574,309296,8464,1722740,9032,1413444,12569,0.0977491180975051,0.5444503508331695,0.4467012327356643
2021-05-15,Placer,061,380077.0,354884,2164,196757,1396,150334,743,7781,25,33114,960,197591,983,164477,1195,0.0871244510980669,0.5198709735132618,0.4327465224151948
2021-05-15,Plumas,063,18699.0,14780,14,1169,5,12762,5,815,4,1113,5,8302,8,7189,8,0.0595218995668217,0.4439809615487459,0.3844590619819241
2021-05-15,Riverside,065,2383286.0,1782174,10259,958395,7346,771793,2502,51268,406,189289,5257,1009044,5666,819755,4955,0.0794235354044793,0.4233835133508945,0.3439599779464151
2021-05-15,Sacramento,067,1510023.0,1284384,13539,689205,8194,561349,5199,33709,146,147723,5968,731310,6111,583587,7537,0.0978283112243985,0.4843038814640572,0.3864755702396586
2021-05-15,San Benito,069,59416.0,53245,240,26738,181,23884,53,2523,6,6704,129,31004,135,24300,110,0.1128315605224182,0.5218123064494412,0.408980745927023
2021-05-15,San Bernardino,071,2135413.0,1441053,11791,798809,8767,596487,2824,45581,200,157310,4764,820417,4960,663107,7000,0.0736672484432753,0.3841959377413175,0.3105286892980421
2021-05-15,San Diego,073,3302833.0,3216376,26690,1641089,16684,1485422,9137,89019,862,406025,10632,1859657,11909,1453632,15714,0.1229323432338238,0.563049055159616,0.4401167119257922
2021-05-15,San Francisco,075,870044.0,1090352,8272,680056,6524,366171,1690,43908,58,91451,3238,611847,3298,520396,5017,0.1051107760067306,0.7032368477916059,0.5981260717848752
2021-05-15,San Joaquin,077,732212.0,563102,5383,301390,3222,242464,2079,19210,82,71811,1605,322030,1686,250219,3724,0.0980740550550933,0.4398043189677306,0.3417302639126373
2021-05-15,San Luis Obispo,079,281455.0,258822,1005,130643,467,118613,504,9449,34,24815,469,146148,504,121333,532,0.0881668472757634,0.5192588513261445,0.431092004050381
2021-05-15,San Mateo,081,765935.0,890199,10923,523755,8578,333384,2236,32720,103,94164,4852,507526,4954,413362,6050,0.1229399361564623,0.6626228074183841,0.5396828712619217
2021-05-15,Santa Barbara,083,443738.0,421546,3599,239175,2597,164318,978,17759,21,41975,1856,240028,1878,198053,1730,0.0945941073336067,0.5409227967854905,0.4463286894518837
2021-05-15,Santa Clara,085,1922200.0,2233346,21517,1381236,17183,764825,4032,84002,289,231382,8205,1269909,8495,1038527,13210,0.1203735303298304,0.6606539381958173,0.5402804078659869
2021-05-15,Santa Cruz,087,273765.0,288171,2247,128170,1315,152751,922,7216,10,28323,1089,161457,1099,133134,1152,0.1034573448030244,0.589764944386609,0.4863075995835844
2021-05-15,Shasta,089,179085.0,105345,386,45416,122,55244,163,4648,101,12105,158,60948,259,48843,226,0.0675936008040874,0.3403300108886841,0.2727364100845967
2021-05-15,Sierra,091,2930.0,2508,1,134,0,2354,0,20,1,83,0,1299,1,1216,1,0.0283276450511945,0.4433447098976109,0.4150170648464164
2021-05-15,Siskiyou,093,43540.0,28787,43,11108,13,16846,28,799,2,2834,36,16175,38,13341,6,0.0650895728066146,0.3714974735875057,0.3064079007808911
2021-05-15,Solano,095,438530.0,389061,3518,197325,2852,182135,576,9569,90,54181,1313,225990,1403,171809,2201,0.1235514103938157,0.515335324835245,0.3917839144414293
2021-05-15,Sonoma,097,501317.0,541791,3119,280654,2302,245327,758,15764,59,50200,1951,303081,2010,252881,1154,0.100136241140835,0.6045695637690324,0.5044333226281973
2021-05-15,Stanislaus,099,539301.0,385473,2638,206408,1907,165714,677,13111,52,46588,1246,218800,1300,172212,1365,0.0863858958169927,0.40571035469988,0.3193244588828873
2021-05-15,Sutter,101,95872.0,67930,862,24313,324,40286,507,3327,31,7315,314,39117,345,31802,542,0.0762996495327102,0.4080127670226969,0.3317131174899866
2021-05-15,Tehama,103,63373.0,33769,248,11266,147,21426,61,1070,40,2558,173,18663,213,16105,75,0.0403641929528348,0.2944945008126489,0.2541303078598141
2021-05-15,Trinity,105,12862.0,7776,16,944,12,6462,3,366,1,870,7,4500,8,3630,7,0.0676411133571761,0.3498678277095319,0.2822267143523558
2021-05-15,Tulare,107,460477.0,296344,1629,164747,923,122870,658,8673,48,28091,691,166140,738,138049,929,0.0610041326711214,0.3607997793592297,0.2997956466881082
2021-05-15,Tuolumne,109,53932.0,42767,64,10998,18,31184,40,580,6,2882,21,22736,27,19854,41,0.0534376622413409,0.4215679003189201,0.3681302380775791
2021-05-15,Ventura,111,848112.0,808687,6889,404740,5470,375993,1332,27622,86,83839,2816,459017,2901,375178,4041,0.0988536891353972,0.5412221499047296,0.4423684607693323
2021-05-15,Yolo,113,214977.0,211175,1320,98137,765,107102,506,5919,49,22655,676,119707,725,97052,644,0.1053833665927052,0.5568363127218261,0.4514529461291208
2021-05-15,Yuba,115,75493.0,39628,456,12527,119,24548,314,2541,23,4518,113,23290,136,18772,343,0.0598466082948087,0.3085054243439789,0.2486588160491701
2021-05-14,Alameda,001,1643700.0,1790979,21181,1090677,14339,605053,6366,94683,467,172935,7095,1026925,7559,853990,14009,0.1052108048914035,0.6247642513840725,0.519553446492669
2021-05-14,Alpine,003,1148.0,1421,0,31,0,1384,0,6,0,105,0,761,0,656,0,0.0914634146341463,0.6628919860627178,0.5714285714285714
2021-05-14,Amador,005,37829.0,31943,407,7599,37,23568,364,775,6,3234,86,17545,92,14311,318,0.0854899680139575,0.4637976155859261,0.3783076475719686
2021-05-14,Butte,007,227075.0,153868,901,68597,565,79619,301,5640,35,12900,385,86015,417,73115,512,0.0568094241990531,0.3787955521303534,0.3219861279313002
2021-05-14,Calaveras,009,45235.0,35722,155,14231,94,20746,57,743,4,2716,101,19219,105,16503,52,0.0600420028738808,0.4248701226926052,0.3648281198187244
2021-05-14,Colusa,011,21464.0,15194,90,3071,19,11322,59,799,12,2055,33,9001,45,6946,56,0.0957417070443533,0.419353335818114,0.3236116287737607
2021-05-14,Contra Costa,013,1133247.0,1273599,12724,816687,8567,416273,3863,40405,291,92621,5212,702220,5501,609599,7483,0.081730637716226,0.6196530853379714,0.5379224476217453
2021-05-14,Del Norte,015,27424.0,16293,81,5580,28,9962,52,717,1,1474,40,9176,41,7702,41,0.0537485414235705,0.3345974329054842,0.2808488914819136
2021-05-14,El Dorado,017,186661.0,159224,1449,71942,842,81922,523,5340,84,17628,678,90868,762,73240,765,0.0944385811712141,0.4868076352317838,0.3923690540605697
2021-05-14,Fresno,019,978130.0,733425,5478,356275,3359,349526,1925,27321,190,70498,2248,413975,2439,343477,3197,0.0720742641571161,0.4232310633555867,0.3511567991984705
2021-05-14,Glenn,021,27897.0,18618,108,6422,26,11207,77,971,5,1263,35,10391,40,9128,73,0.0452736853425099,0.3724773273111804,0.3272036419686704
2021-05-14,Humboldt,023,135768.0,118708,717,56481,146,56919,464,5194,107,9922,231,66716,337,56794,483,0.0730805491721171,0.4913970891520829,0.4183165399799658
2021-05-14,Imperial,025,180216.0,163575,1970,72296,1021,79661,880,11590,69,27310,1222,100933,1291,73623,737,0.1515403737736937,0.5600668087184267,0.408526434944733
2021-05-14,Inyo,027,18085.0,15589,31,5121,5,9879,19,444,7,1442,13,8653,20,7211,18,0.0797345866740392,0.478462814487144,0.3987282278131048
2021-05-14,Kern,029,883053.0,539933,4578,260344,2696,253966,1641,25469,241,55797,2073,309552,2316,253755,2487,0.0631864678564027,0.3505474756328329,0.2873610077764302
2021-05-14,Kings,031,150075.0,76641,490,31114,328,41445,128,4055,34,8027,255,44299,288,36272,232,0.0534865900383141,0.2951790771281026,0.2416924870897884
2021-05-14,Lake,033,64148.0,44895,276,12916,86,30136,170,1841,20,4004,167,25311,186,21307,108,0.0624181580096027,0.3945719274178462,0.3321537694082434
2021-05-14,Lassen,035,31185.0,10463,20,1290,3,8401,9,761,8,773,10,5975,18,5202,10,0.0247875581208914,0.1915985249318582,0.1668109668109668
2021-05-14,Los Angeles,037,10098052.0,9246401,92308,4786008,58659,4096998,31650,360457,1965,1027858,34546,5302233,36502,4274375,57362,0.1017877507463815,0.5250748362159355,0.4232870854695539
2021-05-14,Madera,039,155013.0,103913,551,49994,278,49957,248,3904,23,8939,238,58070,261,49131,308,0.0576661312277034,0.3746137420732455,0.3169476108455419
2021-05-14,Marin,041,260295.0,338029,2261,204594,1482,123981,676,9440,103,20806,892,183800,995,162994,1358,0.0799323844099963,0.7061219001517509,0.6261895157417545
2021-05-14,Mariposa,043,17540.0,11893,249,1946,123,9503,119,424,7,2425,116,7327,123,4902,131,0.1382554161915621,0.4177309007981756,0.2794754846066135
2021-05-14,Mendocino,045,87422.0,82570,728,43796,491,36300,172,2463,65,7035,247,45869,313,38834,477,0.0804717348035963,0.5246848619340669,0.4442131271304705
2021-05-14,Merced,047,269075.0,172765,1175,96111,732,68082,400,7853,40,23990,592,99863,632,75873,558,0.0891572981510731,0.3711344420700548,0.2819771439189817
2021-05-14,Modoc,049,8938.0,5022,8,541,3,4192,0,285,5,269,3,2784,7,2515,4,0.0300962183933765,0.3114790780935332,0.2813828597001566
2021-05-14,Mono,051,14174.0,13949,14,7741,2,5929,9,228,3,994,7,7546,10,6552,6,0.0701284041202201,0.532383236912657,0.4622548327924368
2021-05-14,Monterey,053,433212.0,392030,2062,175561,682,198934,1269,16944,110,43518,796,225480,907,181962,1254,0.1004542810448464,0.5204841971136533,0.4200299160688069
2021-05-14,Napa,055,140530.0,158985,2018,79643,1225,75152,710,4178,83,14790,525,88841,609,74051,1489,0.105244431793923,0.632185298512773,0.5269408667188501
2021-05-14,Nevada,057,99092.0,90848,820,47494,590,41255,212,2096,18,9120,437,50903,454,41783,377,0.0920356840108182,0.5136943446494167,0.4216586606385984
2021-05-14,Orange,059,3164182.0,3033248,27665,1633503,18177,1307469,8616,91258,869,312833,10683,1713708,11517,1400875,16829,0.0988669425462884,0.5415959006150721,0.4427289580687836
2021-05-14,Placer,061,380077.0,352720,2909,195361,1919,149591,853,7756,137,33326,1402,196608,1534,163282,1495,0.0876822328107199,0.5172846554777059,0.4296024226669859
2021-05-14,Plumas,063,18699.0,14766,24,1164,3,12757,13,811,8,1113,10,8294,18,7181,14,0.0595218995668217,0.4435531311834857,0.3840312316166639
2021-05-14,Riverside,065,2383286.0,1771915,19001,951049,11982,769291,6200,50862,813,188578,7408,1003378,8212,814800,11517,0.0791252078013297,0.4210061234782565,0.3418809156769267
2021-05-14,Sacramento,067,1510023.0,1270845,12992,681011,7369,556150,5320,33563,298,149149,5223,725199,5519,576050,7711,0.098772667701088,0.4802569232389175,0.3814842555378295
2021-05-14,San Benito,069,59416.0,53005,631,26557,465,23831,158,2517,8,6679,244,30869,252,24190,386,0.1124107984381311,0.5195401911942911,0.4071293927561599
2021-05-14,San Bernardino,071,2135413.0,1429262,14561,790042,9619,593663,4587,45381,354,159350,6034,815457,6387,656107,8481,0.0746225671567982,0.3818732020456932,0.307250634888895
2021-05-14,San Diego,073,3302833.0,3189686,31284,1624405,19981,1476285,10407,88157,889,409830,13778,1847748,15122,1437918,17214,0.1240843845268592,0.5594433627131618,0.4353589781863025
2021-05-14,San Francisco,075,870044.0,1082080,9769,673532,6911,364481,2678,43850,177,93170,2951,608549,3128,515379,6789,0.1070865381520934,0.6994462349030623,0.5923596967509689
2021-05-14,San Joaquin,077,732212.0,557719,6087,298168,3675,240385,2302,19128,110,73849,2429,320344,2543,246495,3611,0.1008574019546251,0.437501707155851,0.3366443052012259
2021-05-14,San Luis Obispo,079,281455.0,257817,2448,130176,1733,118109,624,9415,88,24843,979,145644,1066,120801,1444,0.0882663303192339,0.5174681565436748,0.4292018262244408
2021-05-14,San Mateo,081,765935.0,879276,8732,515177,6417,331148,2188,32617,125,95260,2619,502572,2745,407312,6087,0.1243708669795739,0.6561548956504142,0.5317840286708402
2021-05-14,Santa Barbara,083,443738.0,417947,4298,236578,2597,163340,1600,17738,97,41827,1656,238150,1754,196323,2624,0.0942605771874394,0.5366905696604753,0.4424299924730359
2021-05-14,Santa Clara,085,1922200.0,2211829,28537,1364053,19890,760793,8228,83713,397,236097,9685,1261414,10086,1025317,18725,0.1228264488606804,0.6562345229424618,0.5334080740817813
2021-05-14,Santa Cruz,087,273765.0,285924,2898,126855,1575,151829,1282,7206,41,28376,1072,160358,1112,131982,1813,0.1036509415009223,0.5857505524811426,0.4820996109802202
2021-05-14,Shasta,089,179085.0,104959,641,45294,265,55081,349,4547,27,12072,292,60689,320,48617,349,0.0674093307647206,0.3388837702766842,0.2714744395119636
2021-05-14,Sierra,091,2930.0,2507,4,134,1,2354,3,19,0,83,3,1298,3,1215,1,0.0283276450511945,0.4430034129692832,0.4146757679180887
2021-05-14,Siskiyou,093,43540.0,28744,175,11095,84,16818,90,797,1,2802,109,16137,110,13335,66,0.0643546164446486,0.3706247129076711,0.3062700964630225
2021-05-14,Solano,095,438530.0,385543,2637,194473,1781,181559,733,9479,123,54979,1092,224587,1215,169608,1538,0.1253711262627414,0.5121359998175723,0.3867648735548309
2021-05-14,Sonoma,097,501317.0,538672,6018,278352,3709,244569,2167,15705,141,49344,2241,301071,2383,251727,3762,0.0984287387022582,0.60056012463172,0.5021313859294618
2021-05-14,Stanislaus,099,539301.0,382835,2965,204501,1419,165037,1405,13059,138,46653,1356,217500,1493,170847,1570,0.0865064222020726,0.4032998269982811,0.3167934047962084
2021-05-14,Sutter,101,95872.0,67068,460,23989,191,39779,253,3296,16,7512,203,38772,220,31260,252,0.0783544726301735,0.4044142189586114,0.3260597463284379
2021-05-14,Tehama,103,63373.0,33521,261,11119,144,21365,96,1030,21,2420,61,18450,82,16030,200,0.0381866094393511,0.2911334479983589,0.2529468385590078
2021-05-14,Trinity,105,12862.0,7760,145,932,20,6459,98,365,27,869,40,4492,67,3623,105,0.0675633649510185,0.3492458404602706,0.2816824755092521
2021-05-14,Tulare,107,460477.0,294715,2067,163824,1336,122212,659,8625,72,28282,920,165402,991,137120,1136,0.0614189199460559,0.3591970934487499,0.2977781735026939
2021-05-14,Tuolumne,109,53932.0,42703,208,10980,71,31144,127,574,10,2896,97,22709,107,19813,108,0.0536972483868575,0.4210672698954238,0.3673700215085663
2021-05-14,Ventura,111,848112.0,801798,7807,399270,4768,374661,2801,27536,233,84979,2958,456116,3189,371137,4830,0.1001978512271964,0.5378016111079669,0.4376037598807704
2021-05-14,Yolo,113,214977.0,209855,2527,97372,1598,106596,895,5870,34,22574,1255,118982,1290,96408,1266,0.1050065820994804,0.553463858924443,0.4484572768249626
2021-05-14,Yuba,115,75493.0,39172,382,12408,138,24234,223,2518,21,4725,154,23154,173,18429,227,0.0625885843720609,0.306703932814963,0.244115348442902
2021-05-13,Alameda,001,1643700.0,1769798,18452,1076338,13217,598687,4682,94216,551,179385,5777,1019366,6330,839981,12615,0.1091348786274867,0.6201654803187929,0.5110306016913062
2021-05-13,Alpine,003,1148.0,1421,4,31,0,1384,4,6,0,105,0,761,0,656,4,0.0914634146341463,0.6628919860627178,0.5714285714285714
2021-05-13,Amador,005,37829.0,31536,80,7562,41,23204,33,769,6,3460,36,17453,42,13993,43,0.0914642205715192,0.4613656189695736,0.3699013983980544
2021-05-13,Butte,007,227075.0,152967,978,68032,647,79318,261,5605,68,12995,350,85598,419,72603,623,0.0572277881757128,0.376959154464384,0.3197313662886711
2021-05-13,Calaveras,009,45235.0,35567,130,14137,71,20689,44,739,15,2663,68,19114,83,16451,60,0.0588703437603625,0.4225489112412954,0.3636785674809329
2021-05-13,Colusa,011,21464.0,15104,242,3052,22,11263,219,787,1,2066,78,8956,79,6890,164,0.0962541930674618,0.4172568020872158,0.321002609019754
2021-05-13,Contra Costa,013,1133247.0,1260875,12123,808120,8180,412410,3747,40114,195,94603,4345,696719,4541,602116,7751,0.0834795944749908,0.6147988920332461,0.5313192975582551
2021-05-13,Del Norte,015,27424.0,16212,70,5552,32,9910,37,716,1,1474,38,9135,39,7661,32,0.0537485414235705,0.3331023920653442,0.2793538506417736
2021-05-13,El Dorado,017,186661.0,157775,1297,71100,822,81399,436,5256,39,17631,472,90106,511,72475,821,0.094454653087683,0.4827253684486851,0.388270715361002
2021-05-13,Fresno,019,978130.0,727947,4467,352916,2680,347601,1684,27131,102,71256,1927,411536,2029,340280,2503,0.0728492122723973,0.4207375297762056,0.3478883175038083
2021-05-13,Glenn,021,27897.0,18510,159,6396,61,11130,78,966,20,1296,64,10351,83,9055,94,0.0464566082374448,0.3710434813779259,0.324586873140481
2021-05-13,Humboldt,023,135768.0,117991,672,56335,314,56455,330,5087,27,10068,288,66379,315,56311,383,0.0741559130281067,0.4889149136762712,0.4147590006481645
2021-05-13,Imperial,025,180216.0,161605,2109,71275,1318,78781,714,11521,77,26756,930,99642,1007,72886,1159,0.1484662849025613,0.5529031828472499,0.4044368979446886
2021-05-13,Inyo,027,18085.0,15558,82,5116,2,9860,79,437,1,1440,13,8633,14,7193,69,0.0796239977882222,0.4773569256289743,0.397732927840752
2021-05-13,Kern,029,883053.0,535355,3677,257648,1958,252325,1562,25228,155,55968,1726,307236,1880,251268,1932,0.0633801142173799,0.3479247564981943,0.2845446422808144
2021-05-13,Kings,031,150075.0,76151,433,30786,175,41317,252,4021,6,7971,176,44011,182,36040,257,0.0531134432783608,0.2932600366483425,0.2401465933699816
2021-05-13,Lake,033,64148.0,44619,323,12830,73,29966,236,1821,14,3926,74,25125,89,21199,247,0.0612022198665585,0.3916723826152023,0.3304701627486437
2021-05-13,Lassen,035,31185.0,10443,26,1287,5,8392,16,753,5,765,9,5957,14,5192,17,0.0245310245310245,0.1910213243546576,0.1664902998236331
2021-05-13,Los Angeles,037,10098052.0,9154093,80401,4727349,48522,4065348,30074,358492,1780,1048718,28552,5265731,30322,4217013,51478,0.1038534957039238,0.521460079627239,0.4176065839233151
2021-05-13,Madera,039,155013.0,103362,544,49716,326,49709,184,3881,33,8986,185,57809,218,48823,356,0.057969331604446,0.3729300123215472,0.3149606807171011
2021-05-13,Marin,041,260295.0,335768,2703,203112,2306,123305,341,9337,56,21169,1426,182805,1480,161636,1271,0.0813269559538216,0.7022993142396128,0.6209723582857911
2021-05-13,Mariposa,043,17540.0,11644,51,1823,10,9384,39,417,2,2433,11,7204,14,4771,40,0.1387115165336374,0.4107183580387685,0.2720068415051311
2021-05-13,Mendocino,045,87422.0,81842,1243,43305,1127,36128,98,2398,18,7199,324,45556,342,38357,919,0.0823476928004392,0.5211045274644827,0.4387568346640433
2021-05-13,Merced,047,269075.0,171590,1005,95379,586,67682,375,7813,43,23916,435,99231,479,75315,559,0.0888822818916658,0.3687856545572796,0.2799033726656136
2021-05-13,Modoc,049,8938.0,5014,42,538,0,4192,39,280,3,266,14,2777,17,2511,28,0.0297605728350861,0.3106959051241889,0.2809353322891027
2021-05-13,Mono,051,14174.0,13935,54,7739,35,5920,18,225,1,990,41,7536,42,6546,12,0.0698461972625934,0.5316777197685904,0.4618315225059969
2021-05-13,Monterey,053,433212.0,389968,2837,174879,1698,197665,1080,16834,56,43865,1581,224573,1637,180708,1244,0.1012552745537981,0.5183905339648948,0.4171352594110966
2021-05-13,Napa,055,140530.0,156967,2013,78418,1299,74442,672,4095,42,15670,894,88232,937,72562,1115,0.1115064399060698,0.6278517042624351,0.5163452643563652
2021-05-13,Nevada,057,99092.0,90028,867,46904,571,41043,286,2078,10,9043,431,50449,441,41406,431,0.091258628345376,0.5091127437129133,0.4178541153675372
2021-05-13,Orange,059,3164182.0,3005583,22747,1615326,14104,1298853,8006,90389,632,318145,8329,1702191,8958,1384046,14312,0.1005457334628665,0.5379560973420618,0.4374103638791953
2021-05-13,Placer,061,380077.0,349811,2945,193442,1898,148738,999,7619,48,33287,1040,195074,1087,161787,1905,0.0875796220239583,0.513248631198415,0.4256690091744567
2021-05-13,Plumas,063,18699.0,14742,47,1161,4,12744,41,803,2,1109,14,8276,16,7167,32,0.0593079843841916,0.4425905128616503,0.3832825284774587
2021-05-13,Riverside,065,2383286.0,1752914,15645,939067,9539,763091,5801,50049,294,191883,5519,995166,5812,803283,10065,0.0805119486289098,0.4175604606413162,0.3370485120124064
2021-05-13,Sacramento,067,1510023.0,1257853,12257,673642,7814,550830,4151,33265,290,151341,4617,719680,4908,568339,7601,0.1002243012192529,0.4766020120223334,0.3763777108030804
2021-05-13,San Benito,069,59416.0,52374,775,26092,662,23673,97,2509,16,6813,225,30617,240,23804,550,0.1146660832099097,0.5152989093846775,0.4006328261747677
2021-05-13,San Bernardino,071,2135413.0,1414701,13959,780423,8466,589076,5123,45027,368,161444,5398,809070,5759,647626,8520,0.0756031737186202,0.3788822115440901,0.3032790378254698
2021-05-13,San Diego,073,3302833.0,3158402,31822,1604424,19306,1465878,11848,87268,663,411922,12697,1832626,13766,1420704,18824,0.1247177801602442,0.5548648690381863,0.430147088877942
2021-05-13,San Francisco,075,870044.0,1072311,11650,666621,8537,361803,2880,43673,226,96831,4180,605421,4408,508590,7442,0.1112943713191516,0.695851014431454,0.5845566431123024
2021-05-13,San Joaquin,077,732212.0,551632,4980,294493,2917,238083,1966,19018,97,74917,1803,317801,1902,242884,3133,0.1023159959137517,0.4340286692925,0.3317126733787482
2021-05-13,San Luis Obispo,079,281455.0,255369,1204,128443,716,117485,420,9327,66,25221,503,144578,568,119357,695,0.0896093514060862,0.5136806949601179,0.4240713435540317
2021-05-13,San Mateo,081,765935.0,870544,9949,508760,7430,328960,2423,32492,95,98602,3460,499827,3557,401225,6457,0.128734161515011,0.6525710406235516,0.5238368791085405
2021-05-13,Santa Barbara,083,443738.0,413649,3996,233981,2783,161740,1009,17641,202,42697,1234,236396,1436,193699,2740,0.0962211935872068,0.5327377867119787,0.4365165931247718
2021-05-13,Santa Clara,085,1922200.0,2183292,28922,1344163,23342,752565,5242,83316,311,244736,11380,1251328,11693,1006592,17422,0.1273207782748933,0.6509874102590781,0.5236666319841848
2021-05-13,Santa Cruz,087,273765.0,283026,3898,125280,2623,150547,1176,7165,99,29077,1350,159246,1449,130169,2543,0.1062115317882125,0.581688674593173,0.4754771428049604
2021-05-13,Shasta,089,179085.0,104318,582,45029,238,54732,328,4520,16,12101,219,60369,235,48268,361,0.0675712650417399,0.3370969092888852,0.2695256442471452
2021-05-13,Sierra,091,2930.0,2503,3,133,1,2351,2,19,0,81,1,1295,1,1214,2,0.0276450511945392,0.4419795221843003,0.4143344709897611
2021-05-13,Siskiyou,093,43540.0,28569,134,11011,37,16728,87,796,10,2758,43,16027,53,13269,91,0.0633440514469453,0.3680983004134129,0.3047542489664676
2021-05-13,Solano,095,438530.0,382906,3193,192692,2196,180826,785,9356,212,55302,1669,223372,1882,168070,1519,0.1261076779239733,0.5093653797915764,0.3832577018676031
2021-05-13,Sonoma,097,501317.0,532654,5109,274643,2907,242402,2062,15564,139,50723,1674,298688,1810,247965,3414,0.101179493214872,0.5958066452962896,0.4946271520814175
2021-05-13,Stanislaus,099,539301.0,379870,2344,203082,1438,163632,789,12921,116,46730,1067,216007,1183,169277,1247,0.0866491996120904,0.4005314286455986,0.3138822290335082
2021-05-13,Sutter,101,95872.0,66608,509,23798,273,39526,214,3280,22,7544,198,38552,220,31008,308,0.0786882510013351,0.4021194926568758,0.3234312416555407
2021-05-13,Tehama,103,63373.0,33260,262,10975,174,21269,76,1009,12,2538,119,18368,131,15830,143,0.0400486011392864,0.2898395215628107,0.2497909204235242
2021-05-13,Trinity,105,12862.0,7615,15,912,10,6361,4,338,1,907,9,4425,10,3518,6,0.0705178043850101,0.3440366972477064,0.2735188928626963
2021-05-13,Tulare,107,460477.0,292648,1669,162488,1062,121553,564,8553,43,28427,754,164411,797,135984,909,0.061733810809226,0.3570449772735663,0.2953111664643402
2021-05-13,Tuolumne,109,53932.0,42495,126,10909,23,31017,95,564,8,2897,70,22602,78,19705,54,0.0537157902543944,0.4190832900689757,0.3653674998145813
2021-05-13,Ventura,111,848112.0,793991,6556,394502,3967,371860,2379,27303,210,86620,2316,452927,2528,366307,4220,0.1021327371856547,0.5340414945195917,0.431908757333937
2021-05-13,Yolo,113,214977.0,207328,2683,95774,909,105701,1714,5836,59,22550,679,117692,739,95142,2002,0.104894942249636,0.5474632169953064,0.4425682747456704
2021-05-13,Yuba,115,75493.0,38790,372,12270,197,24011,129,2497,46,4779,107,22981,153,18202,263,0.0633038824791702,0.3044123296199648,0.2411084471407945
2021-05-12,Alameda,001,1643700.0,1751346,13857,1063121,9204,594005,4189,93665,457,185670,2722,1013036,3183,827366,11082,0.1129585690819492,0.6163144126057066,0.5033558435237574
2021-05-12,Alpine,003,1148.0,1417,1,31,0,1380,0,6,1,109,0,761,1,652,1,0.0949477351916376,0.6628919860627178,0.5679442508710801
2021-05-12,Amador,005,37829.0,31456,77,7521,25,23171,49,763,3,3461,35,17411,38,13950,39,0.0914906553173491,0.460255359644717,0.3687647043273679
2021-05-12,Butte,007,227075.0,151989,806,67385,495,79057,262,5537,49,13199,342,85179,391,71980,459,0.0581261697676979,0.3751139491357481,0.3169877793680502
2021-05-12,Calaveras,009,45235.0,35437,174,14066,48,20645,126,724,0,2640,49,19031,49,16391,121,0.058361887918647,0.4207140488559743,0.3623521609373273
2021-05-12,Colusa,011,21464.0,14862,90,3030,38,11044,48,786,4,2151,26,8877,30,6726,64,0.1002143123369362,0.4135762206485278,0.3133619083115915
2021-05-12,Contra Costa,013,1133247.0,1248752,9461,799940,4978,408663,4211,39919,271,97813,1645,692178,1916,594365,7791,0.0863121631912548,0.6107918220829175,0.5244796588916626
2021-05-12,Del Norte,015,27424.0,16142,160,5520,24,9873,125,715,11,1467,28,9096,39,7629,130,0.0534932905484247,0.3316802800466744,0.2781869894982497
2021-05-12,El Dorado,017,186661.0,156478,658,70278,345,80963,273,5217,40,17941,248,89595,288,71654,411,0.0961154177894686,0.4799877853434836,0.383872367554015
2021-05-12,Fresno,019,978130.0,723480,4300,350236,2797,345917,1330,27029,171,71730,1419,409507,1589,337777,2847,0.0733338104341958,0.4186631633831904,0.3453293529489945
2021-05-12,Glenn,021,27897.0,18351,348,6335,261,11052,72,946,15,1307,34,10268,49,8961,313,0.0468509158690898,0.3680682510664229,0.321217335197333
2021-05-12,Humboldt,023,135768.0,117319,636,56021,150,56125,438,5060,47,10136,226,66064,273,55928,408,0.0746567674267868,0.4865947793294443,0.4119380119026575
2021-05-12,Imperial,025,180216.0,159496,1057,69957,305,78067,696,11444,45,26908,391,98635,436,71727,655,0.149309717228215,0.5473154436897945,0.3980057264615794
2021-05-12,Inyo,027,18085.0,15476,47,5114,2,9781,43,436,2,1495,11,8619,13,7124,36,0.0826651921481891,0.4765828034282555,0.3939176112800663
2021-05-12,Kern,029,883053.0,531678,3731,255690,1515,250763,2059,25073,155,56020,1157,305356,1308,249336,2552,0.0634390008300747,0.3457957789623046,0.2823567781322298
2021-05-12,Kings,031,150075.0,75718,413,30611,177,41065,222,4015,14,8046,170,43829,184,35783,241,0.0536131934032983,0.292047309678494,0.2384341162751957
2021-05-12,Lake,033,64148.0,44296,541,12757,33,29730,488,1807,20,4084,54,25036,73,20952,487,0.0636652740537507,0.3902849660160878,0.3266196919623371
2021-05-12,Lassen,035,31185.0,10417,41,1282,2,8376,34,748,5,768,14,5943,19,5175,27,0.0246272246272246,0.1905723905723905,0.1659451659451659
2021-05-12,Los Angeles,037,10098052.0,9073692,74426,4678827,40759,4035274,31258,356712,2384,1069874,20824,5235409,23191,4165535,53260,0.1059485532457151,0.5184573222637395,0.4125087690180244
2021-05-12,Madera,039,155013.0,102818,528,49390,241,49525,246,3848,41,9124,128,57591,169,48467,399,0.0588595795191371,0.3715236786592092,0.3126640991400721
2021-05-12,Marin,041,260295.0,333065,1856,200806,1451,122964,332,9281,73,20960,291,181325,361,160365,1557,0.0805240208225282,0.6966134578074876,0.6160894369849593
2021-05-12,Mariposa,043,17540.0,11593,68,1813,7,9345,55,415,6,2459,6,7190,12,4731,62,0.1401938426453819,0.4099201824401368,0.2697263397947548
2021-05-12,Mendocino,045,87422.0,80599,154,42178,88,36030,54,2380,12,7776,47,45214,59,37438,104,0.0889478620942097,0.5171924687149688,0.4282446066207591
2021-05-12,Merced,047,269075.0,170585,1192,94793,680,67307,461,7770,43,23996,389,98752,431,74756,781,0.0891795967667007,0.3670054817430084,0.2778258849763077
2021-05-12,Modoc,049,8938.0,4972,3,538,0,4153,0,277,3,277,0,2760,3,2483,3,0.0309912732154844,0.3087939136272096,0.2778026404117252
2021-05-12,Mono,051,14174.0,13881,15,7704,1,5902,13,224,1,960,4,7494,5,6534,11,0.0677296458303936,0.5287145477635107,0.460984901933117
2021-05-12,Monterey,053,433212.0,387131,4204,173181,2179,196585,1937,16778,88,43472,907,222936,995,179464,3286,0.1003480974672908,0.5146117836071022,0.4142636861398114
2021-05-12,Napa,055,140530.0,154954,2316,77119,1458,73770,800,4053,58,15848,308,87295,366,71447,2003,0.1127730733651177,0.6211840888066605,0.5084110154415428
2021-05-12,Nevada,057,99092.0,89161,567,46333,260,40757,295,2068,12,9033,154,50008,166,40975,405,0.0911577120251887,0.5046623339926533,0.4135046219674645
2021-05-12,Orange,059,3164182.0,2982836,24659,1601222,15286,1290847,8514,89757,858,323499,6621,1693233,7474,1369734,17919,0.1022377979522037,0.5351250338950162,0.4328872359428123
2021-05-12,Placer,061,380077.0,346866,2980,191544,2057,147739,864,7571,59,34105,700,193987,760,159882,2275,0.0897318175001381,0.5103886843981614,0.4206568668980233
2021-05-12,Plumas,063,18699.0,14695,100,1157,1,12703,90,801,8,1125,37,8260,45,7135,62,0.060163645114712,0.44173485213113,0.381571207016418
2021-05-12,Riverside,065,2383286.0,1737269,13425,929528,6882,757290,6194,49755,344,196136,4013,989354,4354,793218,9364,0.0822964595940227,0.4151218108107881,0.3328253512167654
2021-05-12,Sacramento,067,1510023.0,1245596,8901,665828,5339,546679,3304,32975,258,154034,2957,714772,3212,560738,5915,0.1020077177632393,0.4733517304041064,0.3713440126408671
2021-05-12,San Benito,069,59416.0,51599,535,25430,422,23576,100,2493,13,7123,126,30377,139,23254,406,0.1198835330550693,0.5112595933755217,0.3913760603204524
2021-05-12,San Bernardino,071,2135413.0,1400742,13270,771957,7221,583953,5702,44659,345,164205,3741,803311,4083,639106,9480,0.0768961320362852,0.3761853093523361,0.2992891773160508
2021-05-12,San Diego,073,3302833.0,3126580,23438,1585118,12885,1454030,9650,86605,903,416980,7915,1818860,9182,1401880,15267,0.1262491927384763,0.55069693199747,0.4244477392589937
2021-05-12,San Francisco,075,870044.0,1060661,8578,658084,6256,358923,1857,43447,461,99865,1477,601013,1933,501148,7066,0.1147815512778664,0.6907846039970392,0.5760030527191728
2021-05-12,San Joaquin,077,732212.0,546652,4621,291576,2218,236117,2271,18921,131,76148,1341,315899,1472,239751,3236,0.1039972029958536,0.4314310609495611,0.3274338579537074
2021-05-12,San Luis Obispo,079,281455.0,254165,2539,127727,1634,117065,825,9261,79,25348,691,144010,771,118662,1822,0.0900605780675418,0.5116626103640014,0.4216020322964595
2021-05-12,San Mateo,081,765935.0,860595,7292,501330,5253,326537,1821,32397,216,101502,1445,496270,1662,394768,5826,0.1325203835834633,0.6479270434175224,0.515406659834059
2021-05-12,Santa Barbara,083,443738.0,409653,2139,231198,771,160731,1136,17439,232,44001,524,234960,755,190959,1600,0.0991598646047893,0.5295016428613281,0.4303417782565387
2021-05-12,Santa Clara,085,1922200.0,2154370,22011,1320821,16075,747323,5366,83005,550,250465,4234,1239635,4773,989170,17686,0.1303012173551139,0.6449042763500156,0.5146030589949017
2021-05-12,Santa Cruz,087,273765.0,279128,3111,122657,1353,149371,1679,7066,79,30171,535,157797,615,127626,2554,0.1102076598542545,0.576395813928004,0.4661881540737493
2021-05-12,Shasta,089,179085.0,103736,404,44791,149,54404,230,4504,25,12227,133,60134,158,47907,267,0.0682748415556858,0.3357846832509702,0.2675098416952843
2021-05-12,Sierra,091,2930.0,2500,11,132,1,2349,10,19,0,82,8,1294,8,1212,3,0.0279863481228668,0.4416382252559727,0.4136518771331058
2021-05-12,Siskiyou,093,43540.0,28435,111,10974,3,16641,103,786,5,2796,17,15974,22,13178,94,0.0642168121267799,0.3668810289389067,0.3026642168121268
2021-05-12,Solano,095,438530.0,379713,2271,190496,1300,180041,794,9144,177,54939,732,221490,909,166551,1525,0.1252799124347251,0.5050737691834082,0.3797938567486831
2021-05-12,Sonoma,097,501317.0,527545,4193,271736,2563,240340,1472,15425,158,52327,840,296878,996,244551,3336,0.104379065541364,0.592196155326869,0.487817089785505
2021-05-12,Stanislaus,099,539301.0,377526,2519,201644,1470,162843,935,12805,110,46794,942,214824,1053,168030,1552,0.0867678717450922,0.3983378484371436,0.3115699766920514
2021-05-12,Sutter,101,95872.0,66099,474,23525,267,39312,197,3258,10,7632,158,38332,168,30700,313,0.0796061415220293,0.3998247663551402,0.3202186248331108
2021-05-12,Tehama,103,63373.0,32998,223,10801,140,21193,73,997,10,2550,51,18237,61,15687,172,0.0402379562274154,0.2877723951840689,0.2475344389566534
2021-05-12,Trinity,105,12862.0,7600,18,902,16,6357,1,337,1,903,14,4415,15,3512,4,0.0702068107603794,0.3432592131861297,0.2730524024257503
2021-05-12,Tulare,107,460477.0,290979,1642,161426,1063,120989,521,8510,56,28539,448,163614,503,135075,1181,0.0619770368552609,0.3553141633566932,0.2933371265014322
2021-05-12,Tuolumne,109,53932.0,42369,146,10886,27,30922,114,556,5,2873,55,22524,59,19651,89,0.0532707854335088,0.4176370244010977,0.3643662389675888
2021-05-12,Ventura,111,848112.0,787435,5194,390535,3029,369481,1937,27093,226,88312,1554,450399,1781,362087,3620,0.1041277567113777,0.5310607561265493,0.4269329994151716
2021-05-12,Yolo,113,214977.0,204645,1940,94865,761,103987,1145,5777,34,23813,345,116953,379,93140,1592,0.1107699893476976,0.5440256399521809,0.4332556506044833
2021-05-12,Yuba,115,75493.0,38418,286,12073,152,23882,126,2451,8,4889,105,22828,113,17939,181,0.0647609712158743,0.3023856516498218,0.2376246804339475
2021-05-11,Alameda,001,1643700.0,1737489,15994,1053917,8888,589816,6775,93208,328,193569,2759,1009853,3089,816284,13170,0.11776419054572,0.614377927845714,0.4966137372999939
2021-05-11,Alpine,003,1148.0,1416,0,31,0,1380,0,5,0,109,0,760,0,651,0,0.0949477351916376,0.662020905923345,0.5670731707317073
2021-05-11,Amador,005,37829.0,31379,101,7496,33,23122,42,760,26,3462,43,17373,69,13911,56,0.091517090063179,0.4592508393031801,0.3677337492400011
2021-05-11,Butte,007,227075.0,151183,931,66890,671,78795,197,5488,62,13267,294,84788,355,71521,633,0.0584256302983595,0.3733920510844434,0.3149664207860839
2021-05-11,Calaveras,009,45235.0,35263,143,14018,89,20519,41,724,13,2712,94,18982,107,16270,47,0.0599535757709738,0.4196308168453631,0.3596772410743893
2021-05-11,Colusa,011,21464.0,14772,101,2992,33,10996,60,782,8,2185,48,8847,56,6662,53,0.101798360044726,0.4121785314945956,0.3103801714498695
2021-05-11,Contra Costa,013,1133247.0,1239291,9075,794962,4891,404452,3934,39648,250,103688,1784,690262,2034,586574,7271,0.0914963816361305,0.6091011050547674,0.5176047234186368
2021-05-11,Del Norte,015,27424.0,15982,190,5496,51,9748,136,704,3,1558,37,9057,40,7499,153,0.0568115519253208,0.3302581680280047,0.2734466161026838
2021-05-11,El Dorado,017,186661.0,155820,727,69933,328,80690,336,5177,63,18064,294,89307,357,71243,431,0.0967743663646932,0.4784448813624699,0.3816705149977767
2021-05-11,Fresno,019,978130.0,719180,4113,347439,2235,344587,1776,26858,100,72988,1298,407918,1399,334930,2797,0.0746199380450451,0.417038634946275,0.3424186969012299
2021-05-11,Glenn,021,27897.0,18003,91,6074,64,10980,17,931,10,1571,16,10219,26,8648,75,0.0563142990285693,0.3663117897981862,0.3099974907696168
2021-05-11,Humboldt,023,135768.0,116683,557,55871,199,55687,286,5013,72,10271,207,65791,279,55520,350,0.0756511107182841,0.484583996228861,0.4089328855105769
2021-05-11,Imperial,025,180216.0,158439,1634,69652,498,77371,1113,11399,23,27127,556,98199,581,71072,1069,0.1505249256447818,0.5448961246504195,0.3943711990056376
2021-05-11,Inyo,027,18085.0,15429,93,5112,1,9738,88,434,4,1518,21,8606,25,7088,72,0.0839369643350843,0.4758639756704451,0.3919270113353608
2021-05-11,Kern,029,883053.0,527947,2804,254175,1032,248704,1646,24918,126,57264,1005,304048,1131,246784,1788,0.0648477497953124,0.344314554166058,0.2794668043707455
2021-05-11,Kings,031,150075.0,75305,387,30434,239,40843,119,4001,29,8103,118,43645,147,35542,268,0.0539930034982508,0.2908212560386473,0.2368282525403964
2021-05-11,Lake,033,64148.0,43755,202,12724,27,29242,158,1787,17,4498,123,24963,140,20465,78,0.0701190995822161,0.3891469726258028,0.3190278730435867
2021-05-11,Lassen,035,31185.0,10376,57,1280,1,8342,46,743,10,776,19,5924,29,5148,38,0.0248837582170915,0.1899631232964566,0.165079365079365
2021-05-11,Los Angeles,037,10098052.0,8999266,73417,4638068,40153,4004016,31014,354328,2224,1099943,18938,5212218,21142,4112275,54193,0.1089262562720017,0.516160740705237,0.4072344844332352
2021-05-11,Madera,039,155013.0,102290,559,49149,204,49279,345,3807,9,9354,171,57422,180,48068,385,0.0603433260436221,0.370433447517305,0.3100901214736828
2021-05-11,Marin,041,260295.0,331209,2360,199355,1862,122632,440,9208,58,22156,296,180964,353,158808,2058,0.0851188075068672,0.6952265698534356,0.6101077623465683
2021-05-11,Mariposa,043,17540.0,11525,29,1806,17,9290,12,409,0,2509,20,7178,20,4669,8,0.1430444697833523,0.4092360319270239,0.2661915621436716
2021-05-11,Mendocino,045,87422.0,80445,282,42090,147,35976,118,2368,17,7821,131,45155,146,37334,147,0.0894626066665141,0.5165175813868362,0.4270549747203221
2021-05-11,Merced,047,269075.0,169393,1258,94113,755,66846,439,7727,62,24346,482,98321,543,73975,762,0.0904803493449781,0.3654036978537582,0.2749233485087801
2021-05-11,Modoc,049,8938.0,4969,2,538,1,4153,0,274,1,277,0,2757,1,2480,2,0.0309912732154844,0.3084582680689192,0.2774669948534348
2021-05-11,Mono,051,14174.0,13866,20,7703,4,5889,13,223,3,966,7,7489,10,6523,13,0.0681529561168336,0.5283617891914774,0.4602088330746437
2021-05-11,Monterey,053,433212.0,382927,2088,171002,1128,194648,873,16690,85,45763,816,221941,901,176178,1258,0.1056365012972863,0.5123149866578026,0.4066784853605163
2021-05-11,Napa,055,140530.0,152638,2271,75661,1867,72970,377,3995,27,17485,382,86929,409,69444,1884,0.1244218316373728,0.6185796627054722,0.4941578310680993
2021-05-11,Nevada,057,99092.0,88594,517,46073,166,40462,333,2056,18,9272,122,49842,140,40570,390,0.0935696120776652,0.5029871230775441,0.4094175109998789
2021-05-11,Orange,059,3164182.0,2958177,23725,1585936,13543,1282333,9415,88899,764,333944,5488,1685759,6239,1351815,18107,0.1055388090824105,0.5327629700187916,0.427224160936381
2021-05-11,Placer,061,380077.0,343886,3106,189487,2270,146875,723,7512,113,35620,664,193227,776,157607,2433,0.0937178519089552,0.5083890895792168,0.4146712376702615
2021-05-11,Plumas,063,18699.0,14595,180,1156,3,12613,158,793,19,1142,14,8215,33,7073,164,0.0610727846408898,0.4393283063265415,0.3782555216856516
2021-05-11,Riverside,065,2383286.0,1723844,14709,922646,8981,751096,5194,49411,530,201146,4097,985000,4633,783854,10540,0.084398599244908,0.4132949213816554,0.3288963221367473
2021-05-11,Sacramento,067,1510023.0,1236695,8852,660489,5587,543375,2996,32717,269,156737,3042,711560,3309,554823,5774,0.1037977567229108,0.4712246104860654,0.3674268537631546
2021-05-11,San Benito,069,59416.0,51064,861,25008,451,23476,393,2480,16,7390,197,30238,213,22848,660,0.1243772721152551,0.5089201561868857,0.3845428840716305
2021-05-11,San Bernardino,071,2135413.0,1387472,13043,764736,7319,578251,5356,44314,368,169602,4144,799228,4513,629626,8851,0.0794235119857376,0.3742732670448292,0.2948497550590916
2021-05-11,San Diego,073,3302833.0,3103142,29174,1572233,12467,1444380,15860,85702,837,423065,9789,1809678,11072,1386613,19133,0.1280915504961952,0.5479168943752227,0.4198253438790275
2021-05-11,San Francisco,075,870044.0,1052083,8618,651828,6320,357066,2066,42986,228,104998,1463,599080,1689,494082,7116,0.120681252902152,0.6885628772797697,0.5678816243776177
2021-05-11,San Joaquin,077,732212.0,542031,4400,289358,2299,233846,1976,18790,125,77912,1265,314427,1392,236515,3088,0.106406341332838,0.4294207142193791,0.323014372886541
2021-05-11,San Luis Obispo,079,281455.0,251626,1242,126093,603,116240,562,9182,77,26399,390,143239,467,116840,846,0.0937947451635252,0.5089232737027234,0.415128528539198
2021-05-11,San Mateo,081,765935.0,853303,7495,496077,5657,324716,1706,32181,132,105666,1723,494608,1856,388942,5751,0.1379568762362341,0.6457571464941542,0.5078002702579201
2021-05-11,Santa Barbara,083,443738.0,407514,2045,230427,878,159595,867,17207,300,44846,457,234205,753,189359,1579,0.1010641414528392,0.527800188399461,0.4267360469466216
2021-05-11,Santa Clara,085,1922200.0,2132359,23473,1304746,17667,741957,5332,82455,453,263378,4014,1234862,4466,971484,19369,0.1370190406825512,0.6424211840599313,0.5054021433773801
2021-05-11,Santa Cruz,087,273765.0,276017,2346,121304,1300,147692,950,6987,96,32110,563,157182,659,125072,1751,0.1172903767830073,0.5741493616788121,0.4568589848958048
2021-05-11,Shasta,089,179085.0,103332,500,44642,141,54174,212,4479,147,12336,182,59976,329,47640,316,0.0688834910796549,0.3349024206382444,0.2660189295585895
2021-05-11,Sierra,091,2930.0,2489,12,131,0,2339,4,19,8,77,0,1286,8,1209,12,0.0262798634812286,0.4389078498293515,0.4126279863481228
2021-05-11,Siskiyou,093,43540.0,28324,93,10971,9,16538,78,781,6,2868,52,15952,57,13084,40,0.0658704639412035,0.3663757464400551,0.3005052824988516
2021-05-11,Solano,095,438530.0,377442,2432,189196,1270,179247,1067,8967,95,55555,685,220581,781,165026,1740,0.1266846053861765,0.5030009349417371,0.3763163295555606
2021-05-11,Sonoma,097,501317.0,523352,3711,269173,2017,238868,1563,15267,129,54667,854,295882,983,241215,2839,0.1090467708056977,0.590209388470768,0.4811626176650702
2021-05-11,Stanislaus,099,539301.0,375007,2650,200174,1685,161908,799,12695,164,47293,772,213771,936,166478,1858,0.0876931435320906,0.3963853209988485,0.3086921774667579
2021-05-11,Sutter,101,95872.0,65625,475,23258,240,39115,214,3248,21,7777,183,38164,203,30387,289,0.0811185747663551,0.398072429906542,0.3169538551401869
2021-05-11,Tehama,103,63373.0,32775,214,10661,140,21120,57,987,17,2661,41,18176,58,15515,172,0.0419894907926088,0.2868098401527464,0.2448203493601376
2021-05-11,Trinity,105,12862.0,7582,9,886,4,6356,4,336,0,892,6,4400,6,3508,2,0.069351578292645,0.3420929870937645,0.2727414088011196
2021-05-11,Tulare,107,460477.0,289337,1353,160363,710,120468,559,8454,84,29217,561,163111,645,133894,784,0.063449423098222,0.3542218178106615,0.2907723947124395
2021-05-11,Tuolumne,109,53932.0,42223,210,10859,18,30808,179,551,13,2903,54,22465,67,19562,153,0.0538270414596158,0.4165430542164207,0.3627160127568049
2021-05-11,Ventura,111,848112.0,782241,5504,387506,3358,367544,1909,26867,237,90151,1511,448618,1750,358467,3979,0.1062961024015696,0.5289607976305016,0.422664695228932
2021-05-11,Yolo,113,214977.0,202705,1256,94104,750,102842,483,5743,23,25026,306,116574,329,91548,942,0.1164124534252501,0.5422626606567215,0.4258502072314712
2021-05-11,Yuba,115,75493.0,38132,400,11921,182,23756,204,2443,14,4957,142,22715,155,17758,254,0.0656617169803822,0.3008888241293895,0.2352271071490072
2021-05-10,Alameda,001,1643700.0,1721495,10720,1045029,7429,583041,2958,92880,331,203650,2511,1006764,2847,803114,8171,0.1238973048609843,0.6124986311370688,0.4886013262760844
2021-05-10,Alpine,003,1148.0,1416,1,31,0,1380,1,5,0,109,1,760,1,651,0,0.0949477351916376,0.662020905923345,0.5670731707317073
2021-05-10,Amador,005,37829.0,31278,59,7463,14,23080,42,734,3,3449,24,17304,27,13855,35,0.0911734383673901,0.4574268418409157,0.3662534034735256
2021-05-10,Butte,007,227075.0,150252,554,66219,331,78598,178,5426,45,13545,220,84433,265,70888,331,0.0596498954090058,0.3718286909611362,0.3121787955521303
2021-05-10,Calaveras,009,45235.0,35120,64,13929,32,20478,31,711,1,2652,23,18875,24,16223,40,0.0586271692273681,0.4172653918425997,0.3586382226152316
2021-05-10,Colusa,011,21464.0,14671,26,2959,6,10936,20,774,0,2182,9,8791,9,6609,17,0.1016585911293328,0.4095695117405889,0.3079109206112561
2021-05-10,Contra Costa,013,1133247.0,1230216,5220,790071,4165,400518,830,39398,222,108925,1371,688228,1591,579303,3830,0.0961176160183966,0.6073062624476394,0.5111886464292427
2021-05-10,Del Norte,015,27424.0,15792,25,5445,3,9612,18,701,4,1671,15,9017,19,7346,10,0.0609320303383897,0.3287995915985998,0.26786756126021
2021-05-10,El Dorado,017,186661.0,155093,850,69605,285,80354,503,5114,62,18138,242,88950,303,70812,600,0.0971708069709259,0.4765323233026717,0.3793615163317458
2021-05-10,Fresno,019,978130.0,715067,3191,345204,1765,342811,1280,26758,141,74386,947,406519,1088,332133,2229,0.0760491959146534,0.4156083547176755,0.3395591588030221
2021-05-10,Glenn,021,27897.0,17912,37,6010,15,10963,17,921,5,1620,13,10193,18,8573,24,0.0580707602968061,0.3653797899415708,0.3073090296447647
2021-05-10,Humboldt,023,135768.0,116126,235,55672,43,55401,150,4941,41,10342,82,65512,123,55170,152,0.076174061634553,0.4825290200931,0.4063549584585469
2021-05-10,Imperial,025,180216.0,156805,1259,69154,351,76258,778,11376,130,27615,366,97618,494,70003,885,0.1532327873218804,0.541672215563546,0.3884394282416655
2021-05-10,Inyo,027,18085.0,15336,70,5111,1,9650,67,430,2,1565,32,8581,34,7016,39,0.0865358031517832,0.4744816145977329,0.3879458114459497
2021-05-10,Kern,029,883053.0,525143,2373,253143,924,247058,1339,24792,109,57921,684,302917,791,244996,1677,0.0655917594980142,0.3430337703399456,0.2774420108419313
2021-05-10,Kings,031,150075.0,74918,350,30195,268,40724,70,3972,12,8224,116,43498,128,35274,232,0.05479926703315,0.2898417457937697,0.2350424787606196
2021-05-10,Lake,033,64148.0,43553,252,12697,14,29084,209,1770,29,4436,57,24823,86,20387,194,0.0691525846480015,0.386964519548544,0.3178119349005425
2021-05-10,Lassen,035,31185.0,10319,13,1279,1,8296,7,733,5,785,6,5895,11,5110,8,0.0251723585056918,0.189033189033189,0.1638608305274972
2021-05-10,Los Angeles,037,10098052.0,8925849,52294,4597915,27729,3973002,22554,352104,2001,1132994,15614,5191076,17602,4058082,36446,0.1121992637787961,0.5140670695694576,0.4018678057906614
2021-05-10,Madera,039,155013.0,101731,381,48945,85,48934,282,3798,14,9559,106,57242,120,47683,274,0.0616657957719675,0.3692722545850993,0.3076064588131318
2021-05-10,Marin,041,260295.0,328849,1408,197493,1141,122192,200,9150,67,23861,201,180611,268,156750,1204,0.0916690677884707,0.693870416258476,0.6022013484700052
2021-05-10,Mariposa,043,17540.0,11496,21,1789,10,9278,10,409,1,2497,5,7158,6,4661,15,0.1423603192702394,0.4080957810718358,0.2657354618015963
2021-05-10,Mendocino,045,87422.0,80163,245,41943,162,35858,78,2351,5,7822,147,45009,152,37187,97,0.0894740454347875,0.5148475212189152,0.4253734757841275
2021-05-10,Merced,047,269075.0,168135,770,93358,400,66407,330,7665,38,24565,199,97778,236,73213,555,0.091294248815386,0.3633856731394592,0.2720914243240732
2021-05-10,Modoc,049,8938.0,4967,2,537,0,4153,1,273,1,278,1,2756,2,2478,1,0.0311031550682479,0.3083463862161557,0.2772432311479078
2021-05-10,Mono,051,14174.0,13846,23,7699,3,5876,15,220,5,969,9,7479,14,6510,14,0.0683646112600536,0.5276562720474107,0.4592916607873571
2021-05-10,Monterey,053,433212.0,380839,3004,169874,2230,193775,720,16605,53,46120,545,221040,599,174920,2443,0.1064605781926631,0.5102351735408991,0.4037745953482359
2021-05-10,Napa,055,140530.0,150367,445,73794,156,72593,268,3968,21,18960,114,86520,135,67560,331,0.134917811143528,0.6156692521169856,0.4807514409734576
2021-05-10,Nevada,057,99092.0,88077,420,45907,261,40129,135,2038,24,9522,80,49702,104,40180,339,0.0960925200823477,0.5015742945949219,0.4054817745125741
2021-05-10,Orange,059,3164182.0,2934452,20072,1572393,12454,1272918,6811,88135,806,345812,4371,1679520,5168,1333708,15594,0.1092895414991931,0.5307912123891736,0.4215016708899804
2021-05-10,Placer,061,380077.0,340780,1991,187217,1063,146152,828,7399,99,37277,427,192451,526,155174,1559,0.0980774948234173,0.5063473980272418,0.4082699032038245
2021-05-10,Plumas,063,18699.0,14415,48,1153,0,12455,26,774,21,1273,24,8182,45,6909,23,0.0680785068720252,0.4375635060698433,0.3694849991978181
2021-05-10,Riverside,065,2383286.0,1709135,10461,913665,5386,745902,4665,48881,408,207053,2897,980367,3306,773314,7517,0.08687711000694,0.4113509666905273,0.3244738566835873
2021-05-10,Sacramento,067,1510023.0,1227843,8451,654902,3948,540379,4222,32448,275,159202,2014,708251,2289,549049,6400,0.1054301821892779,0.4690332531358794,0.3636030709466015
2021-05-10,San Benito,069,59416.0,50203,452,24557,346,23083,80,2464,25,7837,51,30025,75,22188,396,0.1319004981823077,0.5053352632287599,0.3734347650464521
2021-05-10,San Bernardino,071,2135413.0,1374429,7917,757417,3668,572895,3929,43946,320,173940,2405,794715,2721,620775,5487,0.0814549691324348,0.3721598585379034,0.2907048894054686
2021-05-10,San Diego,073,3302833.0,3073968,22088,1559766,8820,1428520,12421,84865,840,431126,5722,1798606,7017,1367480,16147,0.1305321825233065,0.5445646207361983,0.4140324382128917
2021-05-10,San Francisco,075,870044.0,1043465,7639,645508,5517,355000,1856,42758,265,110425,991,597391,1254,486966,6616,0.1269188684710198,0.6866215961491603,0.5597027276781404
2021-05-10,San Joaquin,077,732212.0,537631,3023,287059,1624,231870,1276,18665,123,79608,878,313035,1001,233427,2100,0.1087226103915259,0.4275196254636635,0.3187970150721376
2021-05-10,San Luis Obispo,079,281455.0,250384,747,125490,166,115678,527,9105,54,26778,158,142772,211,115994,583,0.0951413192162157,0.5072640386562683,0.4121227194400526
2021-05-10,San Mateo,081,765935.0,845808,5013,490420,3615,323010,1217,32049,178,109561,734,492752,911,383191,4262,0.1430421641523105,0.6433339643703447,0.5002918002180342
2021-05-10,Santa Barbara,083,443738.0,405469,1432,229549,705,158728,646,16907,81,45672,385,233452,466,187780,1043,0.102925600241584,0.5261032411017312,0.4231776408601472
2021-05-10,Santa Clara,085,1922200.0,2108886,21638,1287079,17280,736625,3919,82002,415,278281,2634,1230396,3052,952115,18891,0.1447721360940589,0.6400978045988971,0.4953256685048382
2021-05-10,Santa Cruz,087,273765.0,273671,2053,120004,1231,146742,754,6891,68,33202,352,156523,421,123321,1664,0.1212791993132796,0.5717421876426863,0.4504629883294066
2021-05-10,Shasta,089,179085.0,102832,258,44501,26,53962,184,4332,48,12323,113,59647,158,47324,142,0.0688108998520255,0.3330653041851634,0.2642544043331379
2021-05-10,Sierra,091,2930.0,2477,0,131,0,2335,0,11,0,81,0,1278,0,1197,0,0.0276450511945392,0.4361774744027303,0.4085324232081911
2021-05-10,Siskiyou,093,43540.0,28231,102,10962,69,16460,32,775,1,2851,24,15895,25,13044,78,0.065480018373909,0.3650666054203031,0.2995865870463941
2021-05-10,Solano,095,438530.0,375010,1423,187926,668,178180,649,8872,106,56514,391,219800,497,163286,1029,0.128871456912868,0.5012199849497184,0.3723485280368503
2021-05-10,Sonoma,097,501317.0,519641,2408,267156,1078,237305,1195,15138,135,56523,291,294899,423,238376,2103,0.1127490190837334,0.5882485533105799,0.4754995342268465
2021-05-10,Stanislaus,099,539301.0,372357,1883,198489,1195,161109,585,12531,103,48215,496,212835,598,164620,1366,0.0894027639481477,0.3946497410536972,0.3052469771055496
2021-05-10,Sutter,101,95872.0,65150,198,23018,51,38901,128,3227,19,7863,51,37961,70,30098,146,0.0820156041388518,0.3959550233644859,0.3139394192256342
2021-05-10,Tehama,103,63373.0,32561,86,10521,7,21063,70,970,9,2775,39,18118,48,15343,46,0.0437883641298344,0.2858946238934562,0.2421062597636217
2021-05-10,Trinity,105,12862.0,7573,16,882,5,6352,10,336,1,888,6,4394,7,3506,10,0.0690405846680143,0.3416264966568185,0.2725859119888042
2021-05-10,Tulare,107,460477.0,287984,1070,159653,616,119909,386,8370,67,29356,314,162466,381,133110,747,0.0637512839946403,0.3528210963848357,0.2890698123901953
2021-05-10,Tuolumne,109,53932.0,42013,120,10841,50,30629,64,538,6,2989,33,22398,39,19409,84,0.055421642067789,0.4153007490914485,0.3598791070236594
2021-05-10,Ventura,111,848112.0,776737,6220,384148,4138,365635,1866,26630,215,92380,1374,446868,1589,354488,4828,0.1089242930179033,0.5268973909106345,0.4179730978927311
2021-05-10,Yolo,113,214977.0,201449,1227,93354,398,102359,781,5720,48,25639,217,116245,265,90606,1010,0.1192639212566925,0.540732264381771,0.4214683431250784
2021-05-10,Yuba,115,75493.0,37732,177,11739,56,23552,102,2429,19,5056,51,22560,70,17504,124,0.0669730968434159,0.298835653636761,0.231862556793345
2021-05-09,Alameda,001,1643700.0,1710775,8828,1037600,7245,580083,1432,92549,150,208974,1273,1003917,1427,794943,7531,0.1271363387479467,0.6107665632414674,0.4836302244935207
2021-05-09,Alpine,003,1148.0,1415,0,31,0,1379,0,5,0,108,0,759,0,651,0,0.0940766550522648,0.6611498257839721,0.5670731707317073
2021-05-09,Amador,005,37829.0,31219,17,7449,1,23038,10,731,6,3457,3,17277,9,13820,13,0.0913849163340294,0.4567131037035078,0.3653281873694784
2021-05-09,Butte,007,227075.0,149698,113,65888,34,78420,76,5381,3,13611,57,84168,60,70557,55,0.0599405482770009,0.3706616756578223,0.3107211273808213
2021-05-09,Calaveras,009,45235.0,35056,33,13897,14,20447,16,710,3,2668,15,18851,18,16183,16,0.0589808776389963,0.4167348292251575,0.3577539515861611
2021-05-09,Colusa,011,21464.0,14645,13,2953,4,10916,5,774,4,2190,5,8782,9,6592,8,0.102031308237048,0.4091502049944092,0.3071188967573611
2021-05-09,Contra Costa,013,1133247.0,1224996,2283,785906,1930,399688,287,39176,66,111164,462,686637,530,575473,1807,0.0980933547584948,0.605902331971759,0.5078089772132642
2021-05-09,Del Norte,015,27424.0,15767,12,5442,6,9594,3,697,3,1662,4,8998,7,7336,8,0.0606038506417736,0.3281067677946324,0.2675029171528588
2021-05-09,El Dorado,017,186661.0,154243,238,69320,98,79851,113,5052,27,18435,107,88647,134,70212,131,0.0987619267013462,0.4749090597393135,0.3761471330379672
2021-05-09,Fresno,019,978130.0,711876,744,343439,408,341531,290,26617,45,75527,360,405431,405,329904,377,0.0772157075235398,0.4144960281353194,0.3372803206117796
2021-05-09,Glenn,021,27897.0,17875,19,5995,12,10946,7,916,0,1626,13,10175,13,8549,6,0.0582858371867942,0.3647345592716062,0.306448722084812
2021-05-09,Humboldt,023,135768.0,115891,928,55629,875,55251,45,4900,8,10371,48,65389,56,55018,880,0.0763876613045784,0.481623062871958,0.4052354015673796
2021-05-09,Imperial,025,180216.0,155546,117,68803,79,75480,36,11246,2,28006,33,97124,36,69118,81,0.1554024060016868,0.5389310605051716,0.3835286545034847
2021-05-09,Inyo,027,18085.0,15266,1,5110,0,9583,1,428,0,1570,0,8547,0,6977,1,0.0868122753663256,0.4726016035388443,0.3857893281725186
2021-05-09,Kern,029,883053.0,522770,1405,252219,1226,245719,149,24683,30,58807,450,302126,480,243319,948,0.0665950967835452,0.3421380143660686,0.2755429175825233
2021-05-09,Kings,031,150075.0,74568,192,29927,65,40654,126,3960,1,8328,42,43370,43,35042,150,0.0554922538730634,0.2889888389138764,0.2334965850408129
2021-05-09,Lake,033,64148.0,43301,17,12683,2,28875,10,1741,5,4544,10,24737,15,20193,7,0.0708361913076011,0.385623869801085,0.3147876784934838
2021-05-09,Lassen,035,31185.0,10306,2,1278,1,8289,0,728,1,782,0,5884,1,5102,2,0.0250761584094917,0.188680455347122,0.1636042969376302
2021-05-09,Los Angeles,037,10098052.0,8873555,25097,4570186,19259,3950448,5075,350103,759,1151838,6163,5173474,6916,4021636,18839,0.114065366270643,0.5123239610966551,0.398258594826012
2021-05-09,Madera,039,155013.0,101350,157,48860,24,48652,120,3784,13,9713,39,57122,52,47409,117,0.0626592608361879,0.3684981259636288,0.3058388651274409
2021-05-09,Marin,041,260295.0,327441,974,196352,884,121992,70,9083,20,24797,111,180343,132,155546,859,0.0952649878023012,0.692840815228875,0.5975758274265737
2021-05-09,Mariposa,043,17540.0,11475,4,1779,2,9268,2,408,0,2506,0,7152,0,4646,4,0.1428734321550741,0.4077537058152793,0.2648802736602052
2021-05-09,Mendocino,045,87422.0,79918,26,41781,9,35780,16,2346,1,7767,6,44857,7,37090,20,0.0888449131797488,0.5131088284413534,0.4242639152616046
2021-05-09,Merced,047,269075.0,167365,234,92958,123,66077,104,7627,7,24884,88,97542,94,72658,139,0.0924797918795874,0.3625085942581065,0.270028802378519
2021-05-09,Modoc,049,8938.0,4965,1,537,1,4152,0,272,0,277,0,2754,0,2477,1,0.0309912732154844,0.3081226225106288,0.2771313492951443
2021-05-09,Mono,051,14174.0,13823,1,7696,1,5861,0,215,0,969,0,7465,0,6496,0,0.0683646112600536,0.5266685480457175,0.4583039367856639
2021-05-09,Monterey,053,433212.0,377835,422,167644,126,193055,268,16552,27,47964,141,220441,168,172477,279,0.1107171546494557,0.5088524786940344,0.3981353240445786
2021-05-09,Napa,055,140530.0,149922,121,73638,89,72325,32,3947,0,19156,60,86385,60,67229,59,0.1363125311321426,0.6147086031452359,0.4783960720130933
2021-05-09,Nevada,057,99092.0,87657,45,45646,8,39994,35,2014,2,9757,20,49598,22,39841,25,0.0984640536067492,0.500524764864974,0.4020607112582247
2021-05-09,Orange,059,3164182.0,2914380,11429,1559939,8724,1266107,2319,87329,386,356238,2796,1674352,3185,1318114,8583,0.1125845479179137,0.5291579308649124,0.4165733829469986
2021-05-09,Placer,061,380077.0,338789,476,186154,238,145324,217,7300,21,38310,216,191925,236,153615,260,0.1007953651496933,0.504963467928867,0.4041681027791737
2021-05-09,Plumas,063,18699.0,14367,1,1153,0,12429,0,753,1,1251,0,8137,1,6886,1,0.0669019733675597,0.4351569602652548,0.3682549868976951
2021-05-09,Riverside,065,2383286.0,1698674,2554,908279,1746,741237,646,48473,161,211264,920,977061,1082,765797,1622,0.0886439982444406,0.4099638062741945,0.3213198080297538
2021-05-09,Sacramento,067,1510023.0,1219392,3347,650954,1835,536157,1395,32173,116,163313,1204,705962,1318,542649,2126,0.1081526572774057,0.4675173821855694,0.3593647249081636
2021-05-09,San Benito,069,59416.0,49751,114,24211,86,23003,25,2439,3,8158,49,29950,52,21792,65,0.1373030833445536,0.5040729769758987,0.3667698936313451
2021-05-09,San Bernardino,071,2135413.0,1366512,2160,753749,1442,568966,627,43626,91,176706,849,791994,940,615288,1301,0.0827502689175349,0.3708856319597192,0.2881353630421843
2021-05-09,San Diego,073,3302833.0,3051880,7876,1550946,5737,1416099,1704,84025,434,440256,2446,1791589,3017,1351333,5322,0.1332964760858329,0.5424400809850211,0.409143604899188
2021-05-09,San Francisco,075,870044.0,1035826,6723,639991,5812,353144,824,42493,86,115787,966,596137,1045,480350,5734,0.1330817751745888,0.6851802897324732,0.5520985145578844
2021-05-09,San Joaquin,077,732212.0,534608,1561,285435,907,230594,586,18542,67,80707,455,312034,523,231327,1097,0.1102235418157582,0.4261525350581525,0.3159289932423942
2021-05-09,San Luis Obispo,079,281455.0,249637,166,125324,42,115151,104,9051,20,27150,43,142561,63,115411,123,0.0964630225080385,0.5065143628644011,0.4100513403563625
2021-05-09,San Mateo,081,765935.0,840795,3210,486805,2494,321793,648,31871,65,112912,868,491841,934,378929,2333,0.147417209032098,0.642144568403324,0.494727359371226
2021-05-09,Santa Barbara,083,443738.0,404037,715,228844,124,158082,552,16826,39,46249,467,232986,508,186737,245,0.1042259170952228,0.5250530718577179,0.420827154762495
2021-05-09,Santa Clara,085,1922200.0,2087248,10940,1269799,9498,732706,1244,81587,190,294120,2306,1227344,2503,933224,8583,0.1530121735511393,0.6385100405785038,0.4854978670273644
2021-05-09,Santa Cruz,087,273765.0,271618,513,118773,328,145988,160,6823,25,34445,142,156102,166,121657,370,0.1258195897941665,0.5702043723631581,0.4443847825689916
2021-05-09,Shasta,089,179085.0,102574,63,44475,14,53778,43,4284,6,12307,32,59489,38,47182,31,0.0687215568026356,0.3321830415724376,0.263461484769802
2021-05-09,Sierra,091,2930.0,2477,0,131,0,2335,0,11,0,81,0,1278,0,1197,0,0.0276450511945392,0.4361774744027303,0.4085324232081911
2021-05-09,Siskiyou,093,43540.0,28129,1,10893,0,16428,1,774,0,2904,0,15870,0,12966,1,0.0666972898484152,0.3644924207625172,0.297795130914102
2021-05-09,Solano,095,438530.0,373587,472,187258,290,177531,169,8766,13,57046,178,219303,191,162257,292,0.1300846008254851,0.5000866531366155,0.3700020523111303
2021-05-09,Sonoma,097,501317.0,517233,520,266078,295,236110,183,15003,42,58203,163,294476,205,236273,354,0.1161001920940243,0.5874047758204888,0.4713045837264645
2021-05-09,Stanislaus,099,539301.0,370474,777,197294,405,160524,346,12428,26,48983,296,212237,322,163254,475,0.0908268295441692,0.3935408983109618,0.3027140687667926
2021-05-09,Sutter,101,95872.0,64952,105,22967,78,38773,22,3208,5,7939,55,37891,60,29952,49,0.0828083277703604,0.3952248831775701,0.3124165554072096
2021-05-09,Tehama,103,63373.0,32475,19,10514,5,20993,14,961,0,2773,8,18070,8,15297,11,0.0437568049484796,0.2851372035409401,0.2413803985924605
2021-05-09,Trinity,105,12862.0,7557,12,877,9,6342,3,335,0,891,7,4387,7,3496,5,0.0692738298864873,0.3410822578137148,0.2718084279272275
2021-05-09,Tulare,107,460477.0,286914,621,159037,492,119523,108,8303,21,29722,116,162085,138,132363,500,0.0645461119665043,0.3519936934960921,0.2874475815295877
2021-05-09,Tuolumne,109,53932.0,41893,21,10791,2,30565,17,532,2,3034,4,22359,6,19325,16,0.0562560261069494,0.4145776162575094,0.35832159015056
2021-05-09,Ventura,111,848112.0,770517,1142,380010,828,363769,266,26415,48,95619,428,445279,475,349660,709,0.1127433640839889,0.5250238176089951,0.4122804535250061
2021-05-09,Yolo,113,214977.0,200222,420,92956,205,101578,202,5672,13,26384,93,115980,106,89596,325,0.1227294082622792,0.5394995743730725,0.4167701661107932
2021-05-09,Yuba,115,75493.0,37555,57,11683,25,23450,29,2410,3,5110,35,22490,38,17380,22,0.0676883949505252,0.2979084153497675,0.2302200203992423
2021-05-08,Alameda,001,1643700.0,1701947,17325,1030355,12066,578651,5043,92399,215,215078,3260,1002490,3497,787412,14024,0.1308499117843888,0.6098983999513293,0.4790484881669404
2021-05-08,Alpine,003,1148.0,1415,0,31,0,1379,0,5,0,108,0,759,0,651,0,0.0940766550522648,0.6611498257839721,0.5670731707317073
2021-05-08,Amador,005,37829.0,31202,45,7448,12,23028,30,725,3,3461,20,17268,23,13807,24,0.0914906553173491,0.4564751909910386,0.3649845356736895
2021-05-08,Butte,007,227075.0,149585,196,65854,56,78344,130,5378,10,13606,98,84108,108,70502,98,0.0599185291203346,0.3703974457778267,0.310478916657492
2021-05-08,Calaveras,009,45235.0,35023,297,13883,142,20431,151,707,3,2666,86,18833,88,16167,203,0.0589366640875428,0.4163369072620758,0.357400243174533
2021-05-08,Colusa,011,21464.0,14632,20,2949,6,10911,14,770,0,2189,9,8773,9,6584,11,0.1019847185985836,0.4087308982482296,0.3067461796496459
2021-05-08,Contra Costa,013,1133247.0,1222713,5764,783976,4351,399401,1240,39110,172,112441,1357,686107,1530,573666,4385,0.0992202053038746,0.6054346492865191,0.5062144439826446
2021-05-08,Del Norte,015,27424.0,15755,62,5436,53,9591,8,694,1,1663,7,8991,8,7328,55,0.0606403150525087,0.3278515169194866,0.2672112018669778
2021-05-08,El Dorado,017,186661.0,154005,706,69222,171,79738,498,5025,37,18432,211,88513,248,70081,493,0.0987458547848774,0.474191180803703,0.3754453260188256
2021-05-08,Fresno,019,978130.0,711132,4159,343031,2711,341241,1295,26572,153,75499,1295,405026,1448,329527,2847,0.077187081471788,0.4140819727439093,0.3368948912721213
2021-05-08,Glenn,021,27897.0,17856,68,5983,13,10939,51,916,4,1619,21,10162,25,8543,47,0.0580349141484747,0.3642685593432985,0.3062336451948238
2021-05-08,Humboldt,023,135768.0,114963,769,54754,157,55206,589,4892,23,11195,88,65333,111,54138,678,0.0824568381356431,0.4812105945436332,0.3987537564079901
2021-05-08,Imperial,025,180216.0,155429,859,68724,670,75444,180,11244,9,28051,228,97088,237,69037,623,0.1556521063612553,0.5387313002175168,0.3830791938562614
2021-05-08,Inyo,027,18085.0,15265,12,5110,2,9582,6,428,4,1571,4,8547,8,6976,8,0.0868675698092341,0.4726016035388443,0.3857340337296102
2021-05-08,Kern,029,883053.0,521365,2997,250993,1883,245570,995,24653,119,59275,935,301646,1052,242371,2052,0.0671250762977986,0.341594445633501,0.2744693693357024
2021-05-08,Kings,031,150075.0,74376,250,29862,184,40528,55,3959,11,8435,85,43327,95,34892,164,0.0562052307179743,0.2887023155089122,0.2324970847909378
2021-05-08,Lake,033,64148.0,43284,50,12681,11,28865,39,1736,0,4536,37,24722,37,20186,13,0.0707114797031863,0.3853900355428072,0.3146785558396209
2021-05-08,Lassen,035,31185.0,10304,10,1277,0,8289,5,727,5,783,4,5883,9,5100,6,0.0251082251082251,0.1886483886483886,0.1635401635401635
2021-05-08,Los Angeles,037,10098052.0,8848458,68818,4550927,44987,3945373,21974,349344,1837,1163761,18855,5166558,20686,4002797,49631,0.1152460890476698,0.511639076526839,0.3963929874791692
2021-05-08,Madera,039,155013.0,101193,985,48836,771,48532,203,3771,10,9778,176,57070,186,47292,808,0.0630785805061511,0.3681626702276583,0.3050840897215072
2021-05-08,Marin,041,260295.0,326467,2540,195468,1903,121922,515,9063,122,25524,339,180211,462,154687,2198,0.0980579726848383,0.6923336983038476,0.5942757256190092
2021-05-08,Mariposa,043,17540.0,11471,295,1777,7,9266,288,408,0,2510,32,7152,33,4642,262,0.1431014823261117,0.4077537058152793,0.2646522234891676
2021-05-08,Mendocino,045,87422.0,79892,131,41772,8,35764,122,2345,1,7780,111,44850,112,37070,18,0.0889936171673034,0.5130287570634394,0.424035139896136
2021-05-08,Merced,047,269075.0,167131,476,92835,277,65973,158,7620,37,24929,215,97448,251,72519,252,0.0926470314967945,0.3621592492799405,0.2695122177831459
2021-05-08,Modoc,049,8938.0,4964,3,536,2,4152,0,272,1,278,1,2754,2,2476,2,0.0311031550682479,0.3081226225106288,0.2770194674423809
2021-05-08,Mono,051,14174.0,13822,50,7695,6,5861,44,215,0,969,21,7465,21,6496,28,0.0683646112600536,0.5266685480457175,0.4583039367856639
2021-05-08,Monterey,053,433212.0,377413,2828,167518,1552,192787,949,16525,327,48075,998,220273,1324,172198,1818,0.1109733802387745,0.5084646778020923,0.3974912975633177
2021-05-08,Napa,055,140530.0,149801,263,73549,165,72293,89,3947,9,19155,85,86325,93,67170,177,0.1363054152138333,0.6142816480466804,0.477976232832847
2021-05-08,Nevada,057,99092.0,87612,189,45638,25,39959,145,2012,19,9760,82,49576,101,39816,105,0.0984943285028054,0.5003027489605619,0.4018084204577564
2021-05-08,Orange,059,3164182.0,2902951,19631,1551215,13100,1263788,5716,86943,814,361636,5637,1671167,6442,1309531,13898,0.1142905180549032,0.528151351597348,0.4138608335424448
2021-05-08,Placer,061,380077.0,338313,1442,185916,762,145107,634,7279,46,38334,416,191689,462,153355,1024,0.1008585102492389,0.5043425411166684,0.4034840308674295
2021-05-08,Plumas,063,18699.0,14366,6,1153,0,12429,3,752,3,1251,3,8136,6,6885,3,0.0669019733675597,0.4351034814695973,0.3682015081020375
2021-05-08,Riverside,065,2383286.0,1696120,7383,906533,4857,740591,2253,48312,270,211804,2702,975979,2975,764175,4654,0.0888705761708834,0.4095098112438037,0.3206392350729203
2021-05-08,Sacramento,067,1510023.0,1216045,9134,649119,4054,534762,4845,32057,232,164121,2842,704644,3068,540523,6254,0.1086877484647584,0.4666445477982786,0.3579567993335201
2021-05-08,San Benito,069,59416.0,49637,292,24125,233,22978,53,2436,6,8171,155,29898,161,21727,136,0.1375218796283829,0.5031977918405817,0.3656759122121987
2021-05-08,San Bernardino,071,2135413.0,1364352,9833,752307,6585,568339,2974,43535,274,177067,3388,791054,3663,613987,6424,0.0829193228663495,0.3704454360819195,0.28752611321557
2021-05-08,San Diego,073,3302833.0,3044004,23465,1545209,11262,1414395,11437,83591,757,442561,7037,1788572,8297,1346011,16202,0.1339943618099976,0.5415266227508324,0.4075322609408347
2021-05-08,San Francisco,075,870044.0,1029103,8959,634179,4187,352320,4639,42407,132,120476,1090,595092,1227,474616,7847,0.138471157780526,0.6839792010519008,0.5455080432713748
2021-05-08,San Joaquin,077,732212.0,533047,3524,284528,2323,230008,1094,18475,106,81281,1182,311511,1290,230230,2301,0.1110074677825547,0.4254382610500783,0.3144307932675236
2021-05-08,San Luis Obispo,079,281455.0,249471,593,125282,329,115047,233,9031,31,27210,199,142498,231,115288,380,0.0966762004583326,0.5062905260165923,0.4096143255582598
2021-05-08,San Mateo,081,765935.0,837585,7186,484311,4458,321145,2480,31806,247,114311,1936,490907,2186,376596,5229,0.149243734781672,0.6409251437785191,0.491681408996847
2021-05-08,Santa Barbara,083,443738.0,403322,4293,228720,3158,157530,1036,16787,99,45986,903,232478,1001,186492,3382,0.1036332250111552,0.5239082521668191,0.4202750271556639
2021-05-08,Santa Clara,085,1922200.0,2076308,17821,1260301,14566,731462,2792,81397,440,300200,3611,1224841,4055,924641,14089,0.1561752158984496,0.6372078867963792,0.4810326708979294
2021-05-08,Santa Cruz,087,273765.0,271105,1401,118445,724,145828,645,6798,32,34649,369,155936,400,121287,1031,0.1265647544426789,0.5695980128942706,0.4430332584515917
2021-05-08,Shasta,089,179085.0,102511,176,44461,85,53735,80,4278,11,12300,100,59451,110,47151,75,0.0686824692185275,0.3319708518301365,0.263288382611609
2021-05-08,Sierra,091,2930.0,2477,1,131,0,2335,0,11,1,81,0,1278,1,1197,1,0.0276450511945392,0.4361774744027303,0.4085324232081911
2021-05-08,Siskiyou,093,43540.0,28128,23,10893,3,16427,19,774,1,2905,19,15870,20,12965,4,0.0667202572347266,0.3644924207625172,0.2977721635277905
2021-05-08,Solano,095,438530.0,373115,1553,186968,987,177362,450,8753,116,57147,602,219112,718,161965,944,0.1303149157412263,0.4996511071078375,0.3693361913666111
2021-05-08,Sonoma,097,501317.0,516713,1997,265783,1313,235927,586,14961,98,58352,696,294271,794,235919,1290,0.1163974092241037,0.5869958529233997,0.470598443699296
2021-05-08,Stanislaus,099,539301.0,369697,2116,196889,1483,160178,593,12402,39,49136,752,211915,792,162779,1335,0.0911105301121266,0.3929438291417965,0.3018332990296699
2021-05-08,Sutter,101,95872.0,64847,249,22889,100,38751,144,3203,5,7928,120,37831,125,29903,128,0.0826935914552737,0.3945990487316422,0.3119054572763685
2021-05-08,Tehama,103,63373.0,32456,64,10509,10,20979,52,961,2,2776,17,18062,19,15286,47,0.0438041437205118,0.2850109668155208,0.2412068230950089
2021-05-08,Trinity,105,12862.0,7545,7,868,2,6339,5,335,0,889,2,4380,2,3491,5,0.0691183330741719,0.3405380189706111,0.2714196858964391
2021-05-08,Tulare,107,460477.0,286293,1291,158545,848,119415,416,8282,27,30084,547,161947,574,131863,740,0.065332253293867,0.3516940042607991,0.2863617509669321
2021-05-08,Tuolumne,109,53932.0,41872,52,10789,9,30548,39,530,4,3044,30,22353,34,19309,21,0.0564414447823184,0.414466365052288,0.3580249202699695
2021-05-08,Ventura,111,848112.0,769375,5601,379182,4317,363503,1114,26367,168,95853,1246,444804,1413,348951,4335,0.113019271039674,0.5244637500707454,0.4114444790310713
2021-05-08,Yolo,113,214977.0,199802,900,92751,407,101376,434,5659,59,26603,335,115874,394,89271,562,0.1237481218921093,0.539006498369593,0.4152583764774836
2021-05-08,Yuba,115,75493.0,37498,142,11658,61,23421,75,2407,6,5094,60,22452,66,17358,82,0.0674764547706409,0.2974050574225425,0.2299286026519015
2021-05-07,Alameda,001,1643700.0,1684622,19908,1018289,13460,573608,6024,92184,422,225605,4431,998993,4859,773388,15407,0.1372543651517916,0.6077708827644948,0.470516517612703
2021-05-07,Alpine,003,1148.0,1415,1,31,0,1379,1,5,0,108,0,759,0,651,1,0.0940766550522648,0.6611498257839721,0.5670731707317073
2021-05-07,Amador,005,37829.0,31157,133,7436,30,22998,96,722,7,3462,69,17245,75,13783,63,0.091517090063179,0.4558671918369505,0.3643501017737714
2021-05-07,Butte,007,227075.0,149389,602,65798,321,78214,245,5368,36,13596,307,84000,343,70404,295,0.059874490807002,0.3699218319938346,0.3100473411868325
2021-05-07,Calaveras,009,45235.0,34726,90,13741,25,20280,59,704,6,2781,56,18745,62,15964,31,0.0614789432961202,0.4143915109981209,0.3529125677020007
2021-05-07,Colusa,011,21464.0,14612,69,2943,4,10897,60,770,5,2191,31,8764,36,6573,37,0.1020778978755124,0.4083115915020499,0.3062336936265374
2021-05-07,Contra Costa,013,1133247.0,1216949,10025,779625,8014,398161,1772,38938,235,115296,2289,684577,2522,569281,7710,0.1017395148630439,0.6040845464404494,0.5023450315774055
2021-05-07,Del Norte,015,27424.0,15693,147,5383,24,9583,119,693,4,1710,28,8983,32,7273,119,0.0623541423570595,0.3275598016336056,0.2652056592765461
2021-05-07,El Dorado,017,186661.0,153299,1040,69051,418,79240,563,4988,59,18677,426,88265,485,69588,614,0.1000583946298369,0.4728625690422744,0.3728041744124375
2021-05-07,Fresno,019,978130.0,706973,5269,340320,3501,339946,1602,26419,166,76898,1618,403578,1782,326680,3631,0.0786173617003874,0.4126015969247441,0.3339842352243566
2021-05-07,Glenn,021,27897.0,17788,120,5970,34,10888,76,912,10,1641,31,10137,41,8496,88,0.0588235294117647,0.3633724056350145,0.3045488762232498
2021-05-07,Humboldt,023,135768.0,114194,1459,54597,324,54617,1073,4869,62,11762,239,65222,299,53460,1219,0.0866330799599316,0.4803930233928466,0.393759943432915
2021-05-07,Imperial,025,180216.0,154570,2839,68054,1509,75264,1274,11235,56,28437,980,96851,1037,68414,1826,0.1577939805566653,0.5374162116571226,0.3796222311004572
2021-05-07,Inyo,027,18085.0,15253,53,5108,5,9576,40,424,8,1571,25,8539,33,6968,26,0.0868675698092341,0.4721592479955764,0.3852916781863422
2021-05-07,Kern,029,883053.0,518368,4771,249110,2407,244575,2181,24534,181,60275,1338,300594,1519,240319,3401,0.0682575111573144,0.3404031241612904,0.272145613003976
2021-05-07,Kings,031,150075.0,74126,391,29678,230,40473,144,3948,17,8504,163,43232,180,34728,227,0.0566650008329168,0.2880692986839913,0.2314042978510744
2021-05-07,Lake,033,64148.0,43234,167,12670,29,28826,116,1736,22,4512,104,24685,126,20173,62,0.070337344889942,0.3848132443723888,0.3144758994824468
2021-05-07,Lassen,035,31185.0,10294,50,1277,33,8284,10,722,7,780,40,5874,47,5094,10,0.025012025012025,0.1883597883597883,0.1633477633477633
2021-05-07,Los Angeles,037,10098052.0,8779640,100924,4505940,59685,3923399,38769,347507,2451,1192706,27348,5145872,29788,3953166,73072,0.1181124834770112,0.5095905626154431,0.3914780791384318
2021-05-07,Madera,039,155013.0,100208,855,48065,307,48329,524,3761,21,10400,203,56884,224,46484,647,0.0670911471941063,0.3669627708643791,0.2998716236702728
2021-05-07,Marin,041,260295.0,323927,2083,193565,1541,121407,452,8941,90,27260,383,179749,473,152489,1694,0.1047273286079256,0.6905587890662518,0.5858314604583261
2021-05-07,Mariposa,043,17540.0,11176,26,1770,8,8978,15,408,3,2739,12,7119,15,4380,14,0.1561573546180159,0.4058722919042189,0.2497149372862029
2021-05-07,Mendocino,045,87422.0,79761,194,41764,34,35642,135,2344,25,7686,124,44738,148,37052,68,0.0879183729496007,0.511747615016815,0.4238292420672142
2021-05-07,Merced,047,269075.0,166655,1307,92558,638,65815,621,7583,42,24930,468,97197,514,72267,814,0.0926507479327325,0.3612264238595187,0.2685756759267862
2021-05-07,Modoc,049,8938.0,4961,9,534,4,4152,3,271,2,278,2,2752,4,2474,7,0.0311031550682479,0.3078988588051018,0.2767957037368538
2021-05-07,Mono,051,14174.0,13772,28,7689,22,5817,6,215,0,976,24,7444,24,6468,4,0.0688584732609002,0.5251869620431776,0.4563284887822774
2021-05-07,Monterey,053,433212.0,374585,2307,165966,1238,191838,965,16198,102,48569,739,218949,840,170380,1550,0.1121136995281755,0.5054084374394061,0.3932947379112305
2021-05-07,Napa,055,140530.0,149538,1661,73384,1422,72204,173,3938,66,19239,331,86232,396,66993,1312,0.136903152351811,0.6136198676439194,0.4767167152921084
2021-05-07,Nevada,057,99092.0,87423,899,45613,486,39814,377,1993,36,9764,181,49475,217,39711,711,0.0985346950308803,0.4992834941266701,0.4007487990957897
2021-05-07,Orange,059,3164182.0,2883320,30174,1538115,18282,1258072,10811,86129,1078,369092,8270,1664725,9344,1295633,21713,0.1166468932570882,0.5261154383660611,0.4094685451089728
2021-05-07,Placer,061,380077.0,336871,2918,185154,1974,144473,844,7233,100,38896,811,191227,911,152331,2097,0.1023371579969322,0.5031269979504153,0.4007898399534831
2021-05-07,Plumas,063,18699.0,14360,25,1153,5,12426,19,749,1,1248,8,8130,9,6882,17,0.0667415369805872,0.4347826086956521,0.3680410717150649
2021-05-07,Riverside,065,2383286.0,1688737,21228,901676,12126,738338,8636,48042,458,213483,5653,973004,6114,759521,15474,0.0895750656866192,0.4082615347046053,0.3186864690179861
2021-05-07,Sacramento,067,1510023.0,1206911,11061,645065,6465,529917,4216,31825,380,167307,4599,701576,4979,534269,6430,0.1107976501020183,0.4646127906661024,0.3538151405640841
2021-05-07,San Benito,069,59416.0,49345,479,23892,304,22925,164,2430,11,8146,183,29737,194,21591,288,0.1371011175440958,0.500488084017773,0.3633869664736771
2021-05-07,San Bernardino,071,2135413.0,1354519,16060,745722,9101,565365,6578,43261,380,179828,4751,787391,5126,607563,11254,0.0842122811840145,0.3687300770389615,0.284517795854947
2021-05-07,San Diego,073,3302833.0,3020539,30107,1533947,19693,1402958,9353,82834,1053,450466,10721,1780275,12153,1329809,19138,0.1363877616579464,0.5390145369142187,0.4026267752562724
2021-05-07,San Francisco,075,870044.0,1020144,10629,629992,6920,347681,3421,42275,282,127096,1669,593865,1952,466769,8932,0.1460799683694158,0.6825689275484919,0.536488959179076
2021-05-07,San Joaquin,077,732212.0,529523,5546,282205,3298,228914,2091,18369,157,82292,1753,310221,1911,227929,3739,0.112388215434874,0.4236764762118075,0.3112882607769334
2021-05-07,San Luis Obispo,079,281455.0,248878,2418,124953,1797,114814,545,9000,76,27359,588,142267,663,114908,1810,0.0972055923682293,0.5054697909079604,0.408264198539731
2021-05-07,San Mateo,081,765935.0,830399,8608,479853,6177,318665,2147,31559,283,117354,1853,488721,2140,371367,6726,0.1532166567659135,0.638071115695196,0.4848544589292825
2021-05-07,Santa Barbara,083,443738.0,399029,4670,225562,3610,156494,878,16688,182,48367,1016,231477,1196,183110,3637,0.1089990039167256,0.5216524165160523,0.4126534125993266
2021-05-07,Santa Clara,085,1922200.0,2058487,33317,1245735,26648,728670,6150,80957,508,310234,4620,1220786,5150,910552,28548,0.1613952762459681,0.6350983248361253,0.4737030485901571
2021-05-07,Santa Cruz,087,273765.0,269704,2632,117721,1160,145183,1394,6766,77,35280,419,155536,495,120256,2200,0.1288696509780286,0.5681369057403247,0.4392672547622961
2021-05-07,Shasta,089,179085.0,102335,1110,44376,740,53655,331,4267,39,12265,299,59341,339,47076,809,0.0684870312979869,0.3313566183655806,0.2628695870675936
2021-05-07,Sierra,091,2930.0,2476,1,131,0,2335,1,10,0,81,0,1277,0,1196,1,0.0276450511945392,0.4358361774744027,0.4081911262798635
2021-05-07,Siskiyou,093,43540.0,28105,307,10890,218,16408,84,773,5,2889,31,15850,36,12961,276,0.0663527790537436,0.3640330730362884,0.2976802939825448
2021-05-07,Solano,095,438530.0,371562,2973,185981,2079,176912,771,8637,123,57373,988,218394,1109,161021,1977,0.1308302738695186,0.4980138188949444,0.3671835450254258
2021-05-07,Sonoma,097,501317.0,514716,3747,264470,2398,235341,1222,14863,127,58848,1099,293477,1225,234629,2628,0.1173868031604753,0.5854120247268694,0.4680252215663941
2021-05-07,Stanislaus,099,539301.0,367581,2656,195406,1097,159585,1401,12363,155,49679,999,211123,1155,161444,1631,0.0921173889905637,0.3914752614958993,0.2993578725053356
2021-05-07,Sutter,101,95872.0,64598,442,22789,165,38607,256,3198,21,7931,158,37706,180,29775,278,0.0827248831775701,0.3932952269692923,0.3105703437917222
2021-05-07,Tehama,103,63373.0,32392,209,10499,90,20927,107,959,12,2804,61,18043,73,15239,148,0.0442459722594795,0.2847111545926498,0.2404651823331702
2021-05-07,Trinity,105,12862.0,7538,184,866,11,6334,139,335,34,892,14,4378,48,3486,170,0.069351578292645,0.3403825221582957,0.2710309438656507
2021-05-07,Tulare,107,460477.0,285002,1909,157697,1291,118999,546,8255,71,30250,542,161373,611,131123,1356,0.0656927490406687,0.3504474707748704,0.2847547217342017
2021-05-07,Tuolumne,109,53932.0,41820,337,10780,27,30509,302,526,8,3031,60,22319,68,19288,276,0.0562004005043388,0.4138359415560335,0.3576355410516947
2021-05-07,Ventura,111,848112.0,763774,7048,374865,3485,362389,3287,26199,274,98775,2370,443391,2641,344616,4650,0.1164645707170751,0.5227976965306469,0.4063331258135718
2021-05-07,Yolo,113,214977.0,198902,2447,92344,1541,100942,853,5600,52,26771,478,115480,530,88709,1959,0.1245296008410202,0.5371737441679808,0.4126441433269605
2021-05-07,Yuba,115,75493.0,37356,393,11597,109,23346,254,2401,29,5110,122,22386,150,17276,270,0.0676883949505252,0.29653080418052,0.2288424092299948
2021-05-06,Alameda,001,1643700.0,1664714,19740,1004829,14991,567584,4041,91762,705,236153,3721,994134,4424,757981,15929,0.1436715945732189,0.6048147472166454,0.4611431526434264
2021-05-06,Alpine,003,1148.0,1414,8,31,0,1378,8,5,0,109,0,759,0,650,8,0.0949477351916376,0.6611498257839721,0.5662020905923345
2021-05-06,Amador,005,37829.0,31024,106,7406,54,22902,47,715,5,3450,59,17170,64,13720,44,0.09119987311322,0.4538845858997066,0.3626847127864865
2021-05-06,Butte,007,227075.0,148787,1001,65477,725,77969,235,5332,41,13548,372,83657,411,70109,622,0.0596631069030056,0.3684113178465265,0.3087482109435208
2021-05-06,Calaveras,009,45235.0,34636,264,13716,199,20221,41,698,24,2750,48,18683,72,15933,213,0.0607936332485906,0.4130208909030617,0.3522272576544711
2021-05-06,Colusa,011,21464.0,14543,276,2939,20,10837,253,765,2,2192,114,8728,116,6536,161,0.1021244875139768,0.4066343645173313,0.3045098770033544
2021-05-06,Contra Costa,013,1133247.0,1206924,10610,771611,8800,396389,1460,38703,349,120484,2009,682055,2364,561571,8572,0.1063175106574294,0.6018590827948365,0.4955415721374069
2021-05-06,Del Norte,015,27424.0,15546,115,5359,26,9464,76,689,13,1797,25,8951,38,7154,90,0.0655265460910151,0.3263929404900816,0.2608663943990665
2021-05-06,El Dorado,017,186661.0,152259,1164,68633,519,78677,595,4929,50,18806,477,87780,526,68974,680,0.1007494870379993,0.4702642758798035,0.3695147888418041
2021-05-06,Fresno,019,978130.0,701704,4665,336819,3043,338344,1514,26253,104,78747,1596,401796,1700,323049,3046,0.0805077034749982,0.4107797532025395,0.3302720497275413
2021-05-06,Glenn,021,27897.0,17668,117,5936,40,10812,71,902,6,1688,42,10096,48,8408,75,0.0605082983833387,0.3619027135534287,0.3013944151700899
2021-05-06,Humboldt,023,135768.0,112735,1746,54273,1114,53544,373,4807,258,12682,141,64923,399,52241,1601,0.0934093453538389,0.4781907371398267,0.3847813917859878
2021-05-06,Imperial,025,180216.0,151731,1879,66545,1186,73990,651,11179,42,29226,603,95814,645,66588,1265,0.1621720601944333,0.531662005593288,0.3694899453988547
2021-05-06,Inyo,027,18085.0,15200,110,5103,7,9536,95,416,8,1564,12,8506,20,6942,97,0.0864805087088747,0.4703345313795963,0.3838540226707216
2021-05-06,Kern,029,883053.0,513597,3799,246703,1780,242394,1862,24353,153,62157,1179,299075,1330,236918,2595,0.0703887535629231,0.3386829556096859,0.2682942020467627
2021-05-06,Kings,031,150075.0,73735,587,29448,303,40329,260,3931,24,8551,137,43052,161,34501,446,0.0569781775778777,0.2868698983841413,0.2298917208062635
2021-05-06,Lake,033,64148.0,43067,150,12641,23,28710,98,1714,29,4448,73,24559,101,20111,76,0.0693396520546236,0.3828490366028559,0.3135093845482322
2021-05-06,Lassen,035,31185.0,10244,69,1244,17,8274,28,715,24,743,17,5827,41,5084,52,0.0238255571588904,0.1868526535193201,0.1630270963604297
2021-05-06,Los Angeles,037,10098052.0,8678716,101485,4446255,61467,3884630,37385,345056,2603,1235990,23883,5116084,26471,3880094,77089,0.122398854749411,0.5066406867383927,0.3842418319889816
2021-05-06,Madera,039,155013.0,99353,726,47758,261,47805,431,3740,33,10823,166,56660,200,45837,557,0.0698199505847896,0.3655177307709676,0.2956977801861779
2021-05-06,Marin,041,260295.0,321844,3296,192024,2542,120955,662,8851,92,28481,419,179276,509,150795,2866,0.1094181601644288,0.6887416200849037,0.5793234599204748
2021-05-06,Mariposa,043,17540.0,11150,60,1762,40,8963,15,405,5,2738,39,7104,44,4366,20,0.1561003420752565,0.4050171037628278,0.2489167616875712
2021-05-06,Mendocino,045,87422.0,79567,653,41730,399,35507,232,2319,22,7606,161,44590,183,36984,491,0.0870032714877262,0.510054677312347,0.4230514058246208
2021-05-06,Merced,047,269075.0,165348,1026,91920,567,65194,407,7541,50,25230,328,96683,378,71453,676,0.0937656787141131,0.3593161757874198,0.2655504970733067
2021-05-06,Modoc,049,8938.0,4952,54,530,2,4149,50,269,2,281,21,2748,23,2467,33,0.0314388006265383,0.3074513313940479,0.2760125307675095
2021-05-06,Mono,051,14174.0,13744,15,7667,3,5811,11,215,1,956,9,7420,10,6464,7,0.067447438972767,0.5234937208974179,0.4560462819246507
2021-05-06,Monterey,053,433212.0,372278,4540,164728,3024,190873,1294,16096,220,49279,1198,218109,1418,168830,3331,0.1137526199643592,0.5034694329796958,0.3897168130153366
2021-05-06,Napa,055,140530.0,147877,745,71962,327,72031,393,3872,25,20155,378,85836,404,65681,359,0.1434213335230911,0.6108019639934533,0.4673806304703622
2021-05-06,Nevada,057,99092.0,86524,835,45127,572,39437,252,1957,11,10258,183,49258,194,39000,647,0.103519961248133,0.4970936099786057,0.3935736487304727
2021-05-06,Orange,059,3164182.0,2853146,27672,1519833,16936,1247261,9715,85051,1018,381461,7455,1655381,8465,1273920,20090,0.1205559604346399,0.5231623844646105,0.4026064240299705
2021-05-06,Placer,061,380077.0,333953,3140,183180,1922,143629,1138,7133,80,40082,808,190316,888,150234,2324,0.1054575783328115,0.5007301152134962,0.3952725368806847
2021-05-06,Plumas,063,18699.0,14335,72,1148,3,12407,64,748,5,1256,21,8121,26,6865,51,0.0671693673458473,0.4343012995347344,0.3671319321888871
2021-05-06,Riverside,065,2383286.0,1667509,18768,889550,10717,729702,7619,47584,429,222843,4849,966890,5281,744047,13843,0.0935024164116266,0.4056961690707703,0.3121937526591437
2021-05-06,Sacramento,067,1510023.0,1195850,11401,638600,6320,525701,4761,31445,319,168758,4574,696597,4890,527839,6620,0.1117585626179203,0.4613154898965115,0.3495569272785911
2021-05-06,San Benito,069,59416.0,48866,662,23588,524,22761,122,2419,16,8240,230,29543,246,21303,428,0.1386831829810152,0.4972229702437054,0.3585397872626902
2021-05-06,San Bernardino,071,2135413.0,1338459,16492,736621,9561,558787,6507,42881,422,185956,4497,782265,4913,596309,11947,0.0870819836724792,0.3663296046244918,0.2792476209520125
2021-05-06,San Diego,073,3302833.0,2990432,28947,1514254,19266,1393605,8731,81781,941,457451,10458,1768122,11703,1310671,18213,0.1385026127569877,0.5353349684952282,0.3968323557382405
2021-05-06,San Francisco,075,870044.0,1009515,11328,623072,9048,344260,1799,41993,477,134076,1887,591913,2364,457837,9408,0.1541025511353448,0.680325362855212,0.5262228117198671
2021-05-06,San Joaquin,077,732212.0,523977,5079,278907,3469,226823,1474,18212,136,84120,1891,308310,2029,224190,3140,0.1148847601514315,0.4210665763467411,0.3061818161953095
2021-05-06,San Luis Obispo,079,281455.0,246460,2888,123156,1942,114269,881,8924,65,28506,708,141604,773,113098,2164,0.1012808441846831,0.5031141745572116,0.4018333303725284
2021-05-06,San Mateo,081,765935.0,821791,9223,473676,7263,316518,1781,31276,179,121940,1759,486581,1945,364641,7447,0.159204110009335,0.6352771449274416,0.4760730349181066
2021-05-06,Santa Barbara,083,443738.0,394359,5104,221952,3864,155616,1129,16506,109,50808,1002,230281,1110,179473,4085,0.1144999977464179,0.5189571323618892,0.4044571346154713
2021-05-06,Santa Clara,085,1922200.0,2025170,36276,1219087,30160,722520,5601,80449,485,333632,4657,1215636,5147,882004,31492,0.1735677869108313,0.6324191031110187,0.4588513162001872
2021-05-06,Santa Cruz,087,273765.0,267072,3837,116561,2445,143789,1159,6689,233,36985,856,155041,1085,118056,2970,0.135097620221723,0.5663287856373167,0.4312311654155936
2021-05-06,Shasta,089,179085.0,101225,679,43636,266,53324,379,4228,34,12735,287,59002,321,46267,388,0.0711114833738169,0.3294636625066309,0.258352179132814
2021-05-06,Sierra,091,2930.0,2475,3,131,1,2334,2,10,0,82,0,1277,0,1195,3,0.0279863481228668,0.4358361774744027,0.4078498293515358
2021-05-06,Siskiyou,093,43540.0,27798,367,10672,298,16324,63,768,6,3129,191,15814,197,12685,176,0.0718649517684887,0.3632062471290767,0.2913412953605879
2021-05-06,Solano,095,438530.0,368589,2090,183902,1247,176141,630,8514,213,58241,731,217285,942,159044,1345,0.1328096139374729,0.4954849155131918,0.3626753015757188
2021-05-06,Sonoma,097,501317.0,510969,4718,262072,2482,234119,2101,14736,134,60251,1338,292252,1470,232001,3332,0.120185431573236,0.5829684610735323,0.4627830295002962
2021-05-06,Stanislaus,099,539301.0,364925,3901,194309,2963,158184,808,12208,124,50155,1136,209968,1265,159813,2718,0.0930000129797645,0.3893336003456326,0.296333587365868
2021-05-06,Sutter,101,95872.0,64156,445,22624,236,38351,189,3177,20,8029,196,37526,215,29497,246,0.0837470794392523,0.3914177236315087,0.3076706441922563
2021-05-06,Tehama,103,63373.0,32183,187,10409,97,20820,71,947,19,2879,112,17970,131,15091,75,0.0454294415602859,0.2835592444731983,0.2381298029129124
2021-05-06,Trinity,105,12862.0,7354,78,855,11,6195,65,301,2,1014,18,4330,20,3316,60,0.0788368838438812,0.3366505986627274,0.2578137148188462
2021-05-06,Tulare,107,460477.0,283093,2061,156406,1388,118453,623,8184,50,30995,614,160762,664,129767,1439,0.0673106365790256,0.3491205858273051,0.2818099492482795
2021-05-06,Tuolumne,109,53932.0,41483,298,10753,17,30207,262,518,19,3239,42,22251,60,19012,243,0.0600571089520136,0.4125750945635244,0.3525179856115107
2021-05-06,Ventura,111,848112.0,756726,6445,371380,3338,359102,2836,25925,271,100784,2014,440750,2284,339966,4418,0.1188333616314826,0.5196837210179788,0.4008503593864961
2021-05-06,Yolo,113,214977.0,196455,1561,90803,748,100089,728,5548,84,28200,483,114950,566,86750,1065,0.1311768235671723,0.5347083641505835,0.4035315405834112
2021-05-06,Yuba,115,75493.0,36963,302,11488,124,23092,139,2372,39,5230,104,22236,143,17006,197,0.0692779462996569,0.2945438649941054,0.2252659186944484
2021-05-05,Alameda,001,1643700.0,1644974,19290,989838,14133,563543,4634,91057,522,247658,3746,989710,4270,742052,15473,0.1506710470280464,0.6021232585021598,0.4514522114741133
2021-05-05,Alpine,003,1148.0,1406,17,31,0,1370,17,5,0,117,4,759,4,642,13,0.1019163763066202,0.6611498257839721,0.5592334494773519
2021-05-05,Amador,005,37829.0,30918,217,7352,158,22855,51,710,8,3430,164,17106,172,13676,49,0.0906711781966216,0.4521927621665917,0.3615215839699701
2021-05-05,Butte,007,227075.0,147786,1402,64752,1130,77734,231,5291,41,13759,294,83246,335,69487,1103,0.0605923153143234,0.3666013431685566,0.3060090278542332
2021-05-05,Calaveras,009,45235.0,34372,116,13517,58,20180,25,674,33,2891,46,18611,78,15720,68,0.0639106886260638,0.411429203050735,0.3475185144246712
2021-05-05,Colusa,011,21464.0,14267,122,2919,23,10584,98,763,1,2237,37,8612,38,6375,85,0.1042210212448751,0.4012299664554603,0.2970089452105852
2021-05-05,Contra Costa,013,1133247.0,1196314,12877,762811,11049,394929,1619,38354,207,126692,2514,679691,2723,552999,10330,0.1117955750158615,0.5997730415346345,0.487977466518773
2021-05-05,Del Norte,015,27424.0,15431,235,5333,20,9388,207,676,8,1849,60,8913,68,7064,174,0.0674226954492415,0.325007292882147,0.2575845974329054
2021-05-05,El Dorado,017,186661.0,151095,943,68114,484,78082,382,4879,77,18960,424,87254,501,68294,516,0.1015745120834025,0.4674463331922576,0.3658718211088551
2021-05-05,Fresno,019,978130.0,697039,5530,333776,3499,336830,1791,26149,235,80093,1696,400096,1928,320003,3803,0.0818837986770674,0.4090417429176081,0.3271579442405406
2021-05-05,Glenn,021,27897.0,17551,135,5896,42,10741,82,896,11,1715,56,10048,67,8333,79,0.0614761443882854,0.3601820984335233,0.2987059540452378
2021-05-05,Humboldt,023,135768.0,110989,1800,53159,1159,53171,579,4549,61,13884,190,64524,249,50640,1606,0.1022626834010959,0.4752519003005126,0.3729892168994166
2021-05-05,Imperial,025,180216.0,149852,1697,65359,938,73339,736,11137,23,29846,521,95169,545,65323,1164,0.1656123762595996,0.5280829671061393,0.3624705908465397
2021-05-05,Inyo,027,18085.0,15090,39,5096,3,9441,34,408,2,1641,11,8486,13,6845,28,0.0907381808128283,0.4692286425214266,0.3784904617085983
2021-05-05,Kern,029,883053.0,509798,4330,244923,2269,240532,1902,24200,159,63422,1428,297745,1585,234323,2882,0.0718212836602106,0.3371768172465299,0.2653555335863193
2021-05-05,Kings,031,150075.0,73148,570,29145,300,40069,248,3907,22,8836,149,42891,171,34055,416,0.0588772280526403,0.2857971014492753,0.226919873396635
2021-05-05,Lake,033,64148.0,42917,642,12618,44,28612,587,1685,11,4423,83,24458,93,20035,556,0.0689499282908274,0.3812745525971192,0.3123246243062917
2021-05-05,Lassen,035,31185.0,10175,74,1227,3,8246,59,691,12,754,22,5786,34,5032,52,0.0241782908449575,0.1855379188712522,0.1613596280262947
2021-05-05,Los Angeles,037,10098052.0,8577231,93582,4384788,54551,3847245,36529,342453,2475,1286608,25597,5089613,28058,3803005,67609,0.1274115047139785,0.5040192900571319,0.3766077853431533
2021-05-05,Madera,039,155013.0,98627,1050,47497,512,47374,478,3707,60,11180,286,56460,346,45280,760,0.0721229832336642,0.3642275164018502,0.2921045331681859
2021-05-05,Marin,041,260295.0,318548,2776,189482,2019,120293,631,8759,126,30838,453,178767,579,147929,2319,0.1184732707120766,0.686786146487639,0.5683128757755623
2021-05-05,Mariposa,043,17540.0,11090,61,1722,13,8948,47,400,1,2714,20,7060,21,4346,40,0.1547320410490308,0.4025085518814139,0.2477765108323831
2021-05-05,Mendocino,045,87422.0,78914,903,41331,811,35275,77,2297,15,7914,222,44407,237,36493,680,0.0905264121159433,0.5079613827183089,0.4174349706023655
2021-05-05,Merced,047,269075.0,164322,1602,91353,1057,64787,461,7491,76,25528,665,96305,741,70777,906,0.0948731766236179,0.3579113630028802,0.2630381863792623
2021-05-05,Modoc,049,8938.0,4898,28,528,25,4099,2,267,1,291,8,2725,9,2434,20,0.0325576191541731,0.3048780487804878,0.2723204296263146
2021-05-05,Mono,051,14174.0,13729,56,7664,10,5800,42,214,4,953,44,7410,48,6457,11,0.067235783829547,0.5227882037533512,0.4555524199238041
2021-05-05,Monterey,053,433212.0,367738,3597,161704,1361,189579,2145,15876,88,51192,1116,216691,1205,165499,2470,0.1181684717874851,0.5001962087846136,0.3820277369971284
2021-05-05,Napa,055,140530.0,147132,1058,71635,716,71638,303,3847,39,20110,258,85432,297,65322,799,0.1431011171991745,0.6079271329965132,0.4648260157973386
2021-05-05,Nevada,057,99092.0,85689,767,44555,404,39185,345,1946,18,10711,326,49064,342,38353,438,0.1080914705526177,0.4951358333669721,0.3870443628143543
2021-05-05,Orange,059,3164182.0,2825474,26112,1502897,14840,1237546,10351,84033,917,393086,8297,1646916,9215,1253830,17702,0.1242298957518878,0.5204871274787607,0.3962572317268728
2021-05-05,Placer,061,380077.0,330813,3805,181258,2570,142491,1130,7053,105,41518,998,189428,1101,147910,2797,0.109235760122291,0.4983937465303083,0.3891579864080173
2021-05-05,Plumas,063,18699.0,14263,56,1145,3,12343,52,743,1,1281,31,8095,32,6814,24,0.0685063372372854,0.4329108508476389,0.3644045136103535
2021-05-05,Riverside,065,2383286.0,1648741,16727,878833,9604,722083,6725,47155,386,231405,4801,961609,5192,730204,11853,0.097094935312002,0.4034803208679109,0.3063853855559089
2021-05-05,Sacramento,067,1510023.0,1184449,11524,632280,6318,520940,4733,31126,472,170488,4575,691707,5041,521219,6916,0.1129042405314356,0.4580771286265176,0.345172888095082
2021-05-05,San Benito,069,59416.0,48204,638,23064,452,22639,168,2403,18,8422,219,29297,237,20875,417,0.141746330954625,0.4930826713343207,0.3513363403796957
2021-05-05,San Bernardino,071,2135413.0,1321967,16100,727060,9442,552280,6238,42459,420,192990,4514,777352,4929,584362,11556,0.090375960060185,0.3640288787227576,0.2736529186625725
2021-05-05,San Diego,073,3302833.0,2961485,28497,1494988,17612,1384874,9575,80840,1302,463961,10435,1756419,12047,1292458,17768,0.1404736479258866,0.5317916467468988,0.3913179988210121
2021-05-05,San Francisco,075,870044.0,998187,9516,614024,6755,342461,2438,41516,322,141120,2291,589549,2612,448429,7194,0.1621986933994142,0.6776082588926537,0.5154095654932395
2021-05-05,San Joaquin,077,732212.0,518898,5637,275438,3919,225349,1549,18076,168,85231,2281,306281,2448,221050,3288,0.1164020802718338,0.4182955209693367,0.3018934406975029
2021-05-05,San Luis Obispo,079,281455.0,243572,2897,121214,1895,113388,929,8859,71,29897,656,140831,726,110934,2221,0.1062230196656659,0.5003677319642572,0.3941447122985912
2021-05-05,San Mateo,081,765935.0,812568,7482,466413,4996,314737,2314,31097,168,127442,2422,484636,2589,357194,5025,0.1663874871888606,0.6327377649539452,0.4663502777650845
2021-05-05,Santa Barbara,083,443738.0,389255,5451,218088,3621,154487,1679,16397,151,53783,660,229171,811,175388,4773,0.121204404400795,0.5164556562656343,0.3952512518648391
2021-05-05,Santa Clara,085,1922200.0,1988894,33277,1188927,25159,716919,7525,79964,566,359977,5154,1210489,5724,850512,27999,0.1872734366871293,0.6297414420975965,0.4424680054104671
2021-05-05,Santa Cruz,087,273765.0,263235,2722,114116,1364,142630,1262,6456,96,38870,704,153956,800,115086,1991,0.1419830876846931,0.5623655324822384,0.4203824447975453
2021-05-05,Shasta,089,179085.0,100546,447,43370,148,52945,282,4194,17,12802,207,58681,224,45879,240,0.0714856073931373,0.3276712175782449,0.2561856101851076
2021-05-05,Sierra,091,2930.0,2472,22,130,1,2332,21,10,0,85,7,1277,7,1192,14,0.0290102389078498,0.4358361774744027,0.4068259385665529
2021-05-05,Siskiyou,093,43540.0,27431,117,10374,20,16261,88,762,9,3108,40,15617,49,12509,77,0.0713826366559485,0.3586816720257235,0.2872990353697749
2021-05-05,Solano,095,438530.0,366499,2385,182655,1515,175511,756,8301,114,58644,1131,216343,1243,157699,1249,0.1337285932547374,0.4933368298634072,0.3596082366086698
2021-05-05,Sonoma,097,501317.0,506251,3858,259590,2268,232018,1389,14602,201,62113,1346,290782,1544,228669,2498,0.1238996483263085,0.5800361846895278,0.4561365363632192
2021-05-05,Stanislaus,099,539301.0,361024,3547,191346,2276,157376,1196,12084,74,51608,1200,208703,1273,157095,2305,0.0956942412493208,0.386987971466769,0.2912937302174481
2021-05-05,Sutter,101,95872.0,63711,568,22388,173,38162,387,3157,8,8060,163,37311,171,29251,403,0.084070427236315,0.389175150200267,0.3051047229639519
2021-05-05,Tehama,103,63373.0,31996,108,10312,30,20749,68,928,10,2823,49,17839,59,15016,58,0.0445457844823505,0.2814921180944566,0.2369463336121061
2021-05-05,Trinity,105,12862.0,7276,15,844,9,6130,5,299,1,1054,7,4310,8,3256,8,0.0819468200901881,0.3350956305395739,0.2531488104493858
2021-05-05,Tulare,107,460477.0,281032,1363,155018,682,117830,589,8134,92,31770,464,160098,556,128328,891,0.0689936739511419,0.3476786028400984,0.2786849288889564
2021-05-05,Tuolumne,109,53932.0,41185,119,10736,29,29945,84,499,6,3422,58,22191,64,18769,56,0.063450270711266,0.4114625825113105,0.3480123118000445
2021-05-05,Ventura,111,848112.0,750281,5630,368042,3134,356266,2231,25654,264,102918,1974,438466,2234,335548,3635,0.1213495387401664,0.5169906804761635,0.3956411417359971
2021-05-05,Yolo,113,214977.0,194894,1640,90055,481,99361,1095,5464,64,28699,480,114384,544,85685,1156,0.1334980021118538,0.5320755243584198,0.3985775222465659
2021-05-05,Yuba,115,75493.0,36661,350,11364,102,22953,240,2333,8,5284,115,22093,123,16809,235,0.0699932444067661,0.2926496496363901,0.2226564052296239
2021-05-04,Alameda,001,1643700.0,1625684,18970,975705,13646,558909,4953,90535,369,258861,3568,985440,3945,726579,15310,0.1574867676583318,0.5995254608505202,0.4420386931921883
2021-05-04,Alpine,003,1148.0,1389,0,31,0,1353,0,5,0,126,0,755,0,629,0,0.1097560975609756,0.6576655052264808,0.5479094076655052
2021-05-04,Amador,005,37829.0,30701,477,7194,35,22804,436,702,6,3307,55,16934,61,13627,422,0.0874197044595416,0.4476459858838457,0.3602262814243041
2021-05-04,Butte,007,227075.0,146384,832,63622,328,77503,470,5250,34,14527,213,82911,246,68384,613,0.063974457778267,0.3651260596719146,0.3011516018936475
2021-05-04,Calaveras,009,45235.0,34256,419,13459,324,20155,59,641,36,2881,48,18533,84,15652,368,0.0636896208687962,0.4097048745440477,0.3460152536752515
2021-05-04,Colusa,011,21464.0,14145,96,2896,59,10486,35,762,2,2284,64,8574,66,6290,32,0.1064107342527022,0.3994595601938129,0.2930488259411107
2021-05-04,Contra Costa,013,1133247.0,1183437,14207,751762,12182,393310,1682,38147,342,134299,2284,676968,2626,542669,11896,0.1185081451792945,0.5973702114366948,0.4788620662574002
2021-05-04,Del Norte,015,27424.0,15196,225,5313,37,9181,183,668,5,1955,47,8845,52,6890,177,0.0712879229871645,0.3225277129521587,0.2512397899649942
2021-05-04,El Dorado,017,186661.0,150152,934,67630,465,77700,409,4802,60,18975,330,86753,390,67778,604,0.101654871665747,0.4647623231419525,0.3631074514762055
2021-05-04,Fresno,019,978130.0,691509,4827,330277,2447,335039,2221,25914,155,81968,1467,398168,1621,316200,3335,0.0838007217854477,0.4070706347826976,0.3232699129972498
2021-05-04,Glenn,021,27897.0,17416,43,5854,19,10659,19,885,5,1727,20,9981,25,8254,23,0.0619062981682618,0.357780406495322,0.2958741083270602
2021-05-04,Humboldt,023,135768.0,109189,814,52000,473,52592,297,4488,44,15241,254,64275,297,49034,558,0.1122576748571091,0.4734178893406399,0.3611602144835307
2021-05-04,Imperial,025,180216.0,148155,1862,64421,994,72603,840,11114,28,30465,593,94624,620,64159,1264,0.1690471434278865,0.5250588183069206,0.356011674879034
2021-05-04,Inyo,027,18085.0,15051,125,5093,5,9407,117,406,3,1656,21,8473,24,6817,104,0.0915675974564556,0.4685098147636162,0.3769422173071606
2021-05-04,Kern,029,883053.0,505468,3737,242654,1294,238630,2328,24041,115,64719,1304,296160,1414,231441,2416,0.0732900516730026,0.3353819079941974,0.2620918563211947
2021-05-04,Kings,031,150075.0,72578,523,28845,261,39821,242,3885,20,9081,158,42720,178,33639,363,0.0605097451274362,0.2846576711644178,0.2241479260369815
2021-05-04,Lake,033,64148.0,42275,407,12574,218,28025,139,1674,50,4886,123,24365,173,19479,283,0.0761676123963334,0.3798247801957972,0.3036571677994637
2021-05-04,Lassen,035,31185.0,10101,68,1224,2,8187,60,679,6,772,20,5752,26,4980,48,0.024755491422158,0.1844476511143177,0.1596921596921597
2021-05-04,Los Angeles,037,10098052.0,8483649,89164,4330237,49021,3810716,37714,339978,2406,1326159,27197,5061555,29591,3735396,61651,0.131328200726239,0.5012407343515363,0.3699125336252972
2021-05-04,Madera,039,155013.0,97577,913,46985,438,46896,432,3647,43,11594,205,56114,247,44520,706,0.0747937269777373,0.361995445543277,0.2872017185655396
2021-05-04,Marin,041,260295.0,315772,2958,187463,1966,119662,897,8633,95,32578,461,178188,555,145610,2490,0.1251579938147102,0.6845617472483144,0.5594037534336042
2021-05-04,Mariposa,043,17540.0,11029,56,1709,32,8901,19,399,5,2733,39,7039,45,4306,17,0.1558152793614595,0.4013112884834663,0.2454960091220068
2021-05-04,Mendocino,045,87422.0,78011,387,40520,261,35198,92,2282,34,8357,145,44170,179,35813,239,0.0955937864610738,0.5052503946375054,0.4096566081764315
2021-05-04,Merced,047,269075.0,162720,1111,90296,598,64326,456,7415,54,25693,401,95564,455,69871,690,0.0954863885533773,0.35515748397287,0.2596710954194927
2021-05-04,Modoc,049,8938.0,4870,10,503,2,4097,5,266,2,302,3,2716,5,2414,6,0.0337883195345714,0.3038711121056164,0.2700827925710449
2021-05-04,Mono,051,14174.0,13673,20,7654,1,5758,14,210,5,916,10,7362,15,6446,10,0.0646253703965006,0.5194017214618315,0.4547763510653309
2021-05-04,Monterey,053,433212.0,364141,1940,160343,673,187434,1168,15788,98,52457,669,215486,767,163029,1260,0.121088520170263,0.4974146607203863,0.3763261405501232
2021-05-04,Napa,055,140530.0,146074,1175,70919,753,71335,313,3808,109,20612,311,85135,420,64523,860,0.1466733081904219,0.6058137052586636,0.4591403970682416
2021-05-04,Nevada,057,99092.0,84922,614,44151,182,38840,412,1928,20,10807,333,48722,353,37915,280,0.1090602672264158,0.4916844952165664,0.3826242279901505
2021-05-04,Orange,059,3164182.0,2799362,24360,1488057,13913,1227195,9512,83116,935,401573,8257,1637701,9176,1236128,15981,0.1269121055615637,0.5175748424079273,0.3906627368463634
2021-05-04,Placer,061,380077.0,327008,2368,178688,1343,141361,866,6948,159,43214,873,188327,1032,145113,1490,0.1136980138235147,0.4954969650886531,0.3817989512651383
2021-05-04,Plumas,063,18699.0,14207,33,1142,4,12291,19,742,8,1273,16,8063,24,6790,14,0.0680785068720252,0.4311995293865982,0.3631210225145729
2021-05-04,Riverside,065,2383286.0,1632014,17659,869229,11102,715358,6084,46769,471,238066,4929,956417,5405,718351,12662,0.0998898159935484,0.4013018160640393,0.3014120000704909
2021-05-04,Sacramento,067,1510023.0,1172925,9595,625962,5775,516207,3491,30654,327,172363,3801,686666,4125,514303,5758,0.1141459434723842,0.4547387688796793,0.3405928254072951
2021-05-04,San Benito,069,59416.0,47566,430,22612,267,22471,155,2385,8,8602,152,29060,159,20458,274,0.1447758179614918,0.4890938467752794,0.3443180288137875
2021-05-04,San Bernardino,071,2135413.0,1305867,15894,717618,9607,546042,5829,42039,458,199617,4511,772423,4967,572806,11346,0.0934793409986733,0.361720660125231,0.2682413191265577
2021-05-04,San Diego,073,3302833.0,2932988,32467,1477376,18052,1375299,13093,79538,1315,469682,11303,1744372,12894,1274690,20895,0.1422057972655596,0.5281441719881084,0.3859383747225487
2021-05-04,San Francisco,075,870044.0,988671,9640,607269,6163,340023,3207,41194,270,145702,2236,586937,2505,441235,7380,0.1674650937193981,0.6746061118748017,0.5071410181554037
2021-05-04,San Joaquin,077,732212.0,513261,5246,271519,3559,223800,1526,17908,161,86071,1779,303833,1946,217762,3399,0.1175492890037311,0.4149522269506646,0.2974029379469334
2021-05-04,San Luis Obispo,079,281455.0,240675,3056,119319,1965,112459,1013,8788,77,31392,871,140105,947,108713,2177,0.1115347035938249,0.4977882787656996,0.3862535751718747
2021-05-04,San Mateo,081,765935.0,805086,7710,461417,5275,312423,2253,30929,181,129878,2518,482047,2702,352169,5166,0.1695679137263606,0.629357582562489,0.4597896688361284
2021-05-04,Santa Barbara,083,443738.0,383804,3388,214467,1696,152808,1614,16246,78,57745,1149,228360,1226,170615,2229,0.1301330965569773,0.51462800120792,0.3844949046509426
2021-05-04,Santa Clara,085,1922200.0,1955617,31078,1163768,24074,709394,6419,79398,556,382252,5255,1204765,5820,822513,25673,0.1988617209447508,0.6267636042035168,0.427901883258766
2021-05-04,Santa Cruz,087,273765.0,260513,2565,112752,1484,141368,1004,6360,76,40061,826,153156,902,113095,1735,0.146333534235567,0.5594433181743466,0.4131097839387796
2021-05-04,Shasta,089,179085.0,100099,502,43222,175,52663,285,4177,41,12818,247,58457,288,45639,253,0.0715749504425272,0.3264204148867856,0.2548454644442583
2021-05-04,Sierra,091,2930.0,2450,3,129,1,2311,1,10,1,92,1,1270,2,1178,2,0.0313993174061433,0.4334470989761092,0.4020477815699658
2021-05-04,Siskiyou,093,43540.0,27314,128,10354,7,16173,120,753,1,3136,64,15568,65,12432,64,0.0720257234726688,0.357556270096463,0.2855305466237942
2021-05-04,Solano,095,438530.0,364114,1868,181140,1086,174755,719,8187,63,58650,804,215100,867,156450,1062,0.1337422753289398,0.4905023601577999,0.35676008482886
2021-05-04,Sonoma,097,501317.0,502393,4724,257322,2473,230629,2059,14401,192,63067,1451,289238,1637,226171,3248,0.1258026358571522,0.5769562971134033,0.451153661256251
2021-05-04,Stanislaus,099,539301.0,357477,3576,189070,2409,156180,1056,12010,107,52640,1103,207430,1209,154790,2428,0.0976078293939747,0.3846275085712802,0.2870196791773054
2021-05-04,Sutter,101,95872.0,63143,516,22215,212,37775,239,3149,65,8292,206,37140,270,28848,306,0.0864903204272363,0.3873915220293725,0.3009012016021362
2021-05-04,Tehama,103,63373.0,31888,167,10282,57,20681,101,918,9,2822,67,17780,76,14958,98,0.0445300048916731,0.280561122244489,0.2360311173528158
2021-05-04,Trinity,105,12862.0,7261,27,835,11,6125,15,298,1,1054,8,4302,9,3248,19,0.0819468200901881,0.3344736432903125,0.2525268232001244
2021-05-04,Tulare,107,460477.0,279669,1574,154336,815,117241,691,8042,68,32105,618,159542,685,127437,951,0.0697211804281212,0.3464711592544253,0.276749978826304
2021-05-04,Tuolumne,109,53932.0,41066,718,10707,602,29861,112,493,4,3414,217,22127,220,18713,490,0.0633019357709708,0.410275902988949,0.3469739672179782
2021-05-04,Ventura,111,848112.0,744651,6524,364908,3387,354035,2836,25390,299,104319,2307,436232,2606,331913,4200,0.1230014432056143,0.5143565944120588,0.3913551512064444
2021-05-04,Yolo,113,214977.0,193254,1475,89574,705,98266,746,5400,24,29311,506,113840,530,84529,964,0.136344818282886,0.52954502109528,0.3932002028123939
2021-05-04,Yuba,115,75493.0,36311,341,11262,96,22713,223,2325,22,5396,153,21970,175,16574,185,0.0714768256659557,0.2910203595035301,0.2195435338375743
2021-05-03,Alameda,001,1643700.0,1606714,14781,962059,11060,553956,3388,90166,331,270226,2718,981495,3056,711269,12011,0.1644010464196629,0.5971253878444972,0.4327243414248342
2021-05-03,Alpine,003,1148.0,1389,0,31,0,1353,0,5,0,126,0,755,0,629,0,0.1097560975609756,0.6576655052264808,0.5479094076655052
2021-05-03,Amador,005,37829.0,30224,71,7159,36,22368,25,696,10,3668,29,16873,39,13205,41,0.0969626477041423,0.4460334663882206,0.3490708186840783
2021-05-03,Butte,007,227075.0,145552,635,63294,253,77033,350,5216,31,14894,175,82665,206,67771,456,0.0655906638775735,0.3640427171639326,0.2984520532863591
2021-05-03,Calaveras,009,45235.0,33837,107,13135,81,20096,21,605,5,3165,33,18449,38,15284,70,0.0699679451751962,0.4078479053829998,0.3378799602078037
2021-05-03,Colusa,011,21464.0,14049,32,2837,9,10451,23,760,0,2250,14,8508,14,6258,18,0.1048266865449124,0.3963846440551621,0.2915579575102497
2021-05-03,Contra Costa,013,1133247.0,1169230,9187,739580,8014,391628,992,37805,179,143569,1925,674342,2102,530773,7237,0.1266881800701877,0.5950529760943554,0.4683647960241677
2021-05-03,Del Norte,015,27424.0,14971,43,5276,4,8998,36,663,3,2080,2,8793,5,6713,40,0.0758459743290548,0.3206315635939323,0.2447855892648774
2021-05-03,El Dorado,017,186661.0,149218,868,67165,421,77291,396,4742,51,19189,285,86363,335,67174,578,0.102801335040528,0.4626729740009964,0.3598716389604684
2021-05-03,Fresno,019,978130.0,686682,3946,327830,2556,332818,1189,25759,195,83682,1192,396547,1380,312865,2726,0.0855530450962551,0.4054133908580659,0.3198603457618108
2021-05-03,Glenn,021,27897.0,17373,25,5835,10,10640,14,880,1,1725,8,9956,9,8231,17,0.0618346058715991,0.356884252787038,0.2950496469154389
2021-05-03,Humboldt,023,135768.0,108375,598,51527,347,52295,227,4444,23,15502,99,63978,122,48476,496,0.1141800718873372,0.4712303340993459,0.3570502622120087
2021-05-03,Imperial,025,180216.0,146293,1740,63427,590,71763,1102,11086,48,31109,390,94004,435,62895,1334,0.172620633018156,0.5216185022417543,0.3489978692235983
2021-05-03,Inyo,027,18085.0,14926,42,5088,2,9290,34,403,4,1736,5,8449,9,6713,35,0.0959911528891346,0.4671827481338125,0.3711915952446779
2021-05-03,Kern,029,883053.0,501731,2530,241360,980,236302,1415,23926,135,65721,786,294746,921,229025,1731,0.0744247514022374,0.333780645102842,0.2593558937006046
2021-05-03,Kings,031,150075.0,72055,464,28584,231,39579,219,3865,14,9266,110,42542,124,33276,353,0.0617424621022821,0.2834715975345661,0.2217291354322838
2021-05-03,Lake,033,64148.0,41868,417,12356,30,27886,350,1624,37,4996,66,24192,103,19196,350,0.0778823969570368,0.3771278917503273,0.2992454947932905
2021-05-03,Lassen,035,31185.0,10033,17,1222,3,8127,10,673,4,794,3,5726,7,4932,13,0.0254609587942921,0.1836139169472503,0.1581529581529581
2021-05-03,Los Angeles,037,10098052.0,8394485,63446,4281216,30415,3773002,30692,337572,2322,1358219,22380,5031964,24686,3673745,40743,0.1345030704932,0.4983103671876516,0.3638072966944515
2021-05-03,Madera,039,155013.0,96664,504,46547,192,46464,266,3604,44,12053,95,55867,139,43814,406,0.0777547689548618,0.360402030797417,0.2826472618425551
2021-05-03,Marin,041,260295.0,312814,1234,185497,981,118765,193,8538,60,34513,230,177633,289,143120,1003,0.1325918669202251,0.6824295510862675,0.5498376841660424
2021-05-03,Mariposa,043,17540.0,10973,17,1677,13,8882,3,394,1,2705,7,6994,8,4289,10,0.1542189281641961,0.398745724059293,0.2445267958950969
2021-05-03,Mendocino,045,87422.0,77624,150,40259,86,35106,41,2248,23,8417,43,43991,66,35574,104,0.0962801125574798,0.503202855116561,0.4069227425590812
2021-05-03,Merced,047,269075.0,161609,914,89698,608,63870,235,7361,70,25928,324,95109,395,69181,577,0.0963597509987921,0.3534665056211094,0.2571067546223172
2021-05-03,Modoc,049,8938.0,4860,15,501,0,4092,15,264,0,303,7,2711,7,2408,9,0.0339002013873349,0.303311702841799,0.2694115014544641
2021-05-03,Mono,051,14174.0,13653,1,7653,1,5744,0,205,0,911,1,7347,1,6436,0,0.0642726118244673,0.5183434457457317,0.4540708339212643
2021-05-03,Monterey,053,433212.0,362201,2579,159670,1565,186266,894,15690,118,52950,593,214719,712,161769,1978,0.1222265311210215,0.4956441649815795,0.3734176338605579
2021-05-03,Napa,055,140530.0,144899,644,70166,501,71022,109,3699,34,21052,108,84715,142,63663,536,0.1498043122464954,0.6028250195687753,0.4530207073222799
2021-05-03,Nevada,057,99092.0,84308,624,43969,417,38428,189,1908,18,10734,176,48369,193,37635,444,0.1083235780890485,0.4881221491139547,0.3797985710249061
2021-05-03,Orange,059,3164182.0,2775002,20880,1474144,12635,1217683,7467,82181,776,408378,6447,1628525,7217,1220147,14338,0.1290627403859828,0.514674882797513,0.3856121424115301
2021-05-03,Placer,061,380077.0,324640,1609,177345,984,140495,558,6789,67,43672,424,187295,491,143623,1179,0.1149030328065102,0.4927817258081915,0.3778786930016812
2021-05-03,Plumas,063,18699.0,14174,18,1138,2,12272,9,734,7,1263,5,8039,12,6776,12,0.06754371891545,0.4299160382908177,0.3623723193753677
2021-05-03,Riverside,065,2383286.0,1614355,17763,858127,10719,709274,6529,46298,511,245323,4042,951012,4553,705689,13650,0.1029347715716871,0.3990339388558486,0.2960991672841614
2021-05-03,Sacramento,067,1510023.0,1163330,9129,620187,7233,512716,1593,30327,301,173996,3951,682541,4247,508545,5165,0.1152273839537543,0.4520070224095924,0.3367796384558381
2021-05-03,San Benito,069,59416.0,47136,364,22345,284,22316,69,2377,11,8717,85,28901,96,20184,274,0.1467113235492123,0.4864177999192137,0.3397064763700013
2021-05-03,San Bernardino,071,2135413.0,1289973,9946,708011,5526,540213,3998,41581,418,205996,2786,767456,3202,561460,7144,0.0964665851523803,0.3593946463751977,0.2629280612228173
2021-05-03,San Diego,073,3302833.0,2900521,25651,1459324,12626,1362206,11818,78223,1201,477683,8950,1731478,10367,1253795,16479,0.144628263069916,0.5242402507180957,0.3796119876481796
2021-05-03,San Francisco,075,870044.0,979031,9489,601106,6345,336816,2972,40924,170,150577,2256,584432,2430,433855,7207,0.1730682586168055,0.6717269471429032,0.4986586885260975
2021-05-03,San Joaquin,077,732212.0,508015,3597,267960,2439,222274,1068,17747,89,87524,1383,301887,1472,214363,2174,0.1195336869649773,0.4122945267217691,0.2927608397567917
2021-05-03,San Luis Obispo,079,281455.0,237619,898,117354,286,111446,504,8711,108,32622,221,139158,327,106536,676,0.1159048515748521,0.4944236201168925,0.3785187685420405
2021-05-03,San Mateo,081,765935.0,797376,5920,456142,4323,310170,1445,30748,150,132342,1760,479345,1911,347003,4149,0.1727848968907283,0.6258298680697448,0.4530449711790165
2021-05-03,Santa Barbara,083,443738.0,380416,2145,212771,1401,151194,602,16168,141,58748,432,227134,573,168386,1700,0.1323934393718816,0.511865109591696,0.3794716702198143
2021-05-03,Santa Clara,085,1922200.0,1924539,22894,1139694,19187,702975,3242,78842,447,402105,4816,1198945,5269,796840,17989,0.2091899906357299,0.6237358235355323,0.4145458328998023
2021-05-03,Santa Cruz,087,273765.0,257948,1835,111268,915,140364,852,6284,68,40894,607,152254,675,111360,1216,0.1493762898836593,0.5561485215421986,0.4067722316585392
2021-05-03,Shasta,089,179085.0,99597,320,43047,60,52378,235,4136,25,12783,111,58169,138,45386,211,0.0713795125219867,0.3248122399977664,0.2534327274757796
2021-05-03,Sierra,091,2930.0,2447,1,128,1,2310,0,9,0,92,1,1268,1,1176,0,0.0313993174061433,0.4327645051194539,0.4013651877133106
2021-05-03,Siskiyou,093,43540.0,27186,104,10347,22,16053,80,752,2,3135,41,15503,43,12368,62,0.0720027560863573,0.3560633899862195,0.2840606338998622
2021-05-03,Solano,095,438530.0,362246,1618,180054,1151,174036,380,8124,87,58845,601,214233,688,155388,1009,0.1341869427405194,0.488525300435546,0.3543383576950266
2021-05-03,Sonoma,097,501317.0,497669,3349,254849,1749,228570,1446,14209,154,64678,1088,287601,1240,222923,2243,0.1290161714045204,0.5736908981742092,0.4446747267696886
2021-05-03,Stanislaus,099,539301.0,353901,2586,186661,1996,155124,511,11903,76,53859,930,206221,1007,152362,1618,0.0998681626772433,0.3823857178087932,0.2825175551315499
2021-05-03,Sutter,101,95872.0,62627,196,22003,82,37536,102,3084,12,8328,85,36870,97,28542,111,0.086865821094793,0.3845752670226969,0.2977094459279039
2021-05-03,Tehama,103,63373.0,31721,123,10225,37,20580,77,909,9,2844,61,17704,70,14860,61,0.0448771558865763,0.2793618733530052,0.2344847174664289
2021-05-03,Trinity,105,12862.0,7234,61,824,14,6110,45,297,1,1064,11,4293,12,3229,49,0.0827243041517648,0.3337739076348935,0.2510496034831286
2021-05-03,Tulare,107,460477.0,278095,1574,153521,1042,116550,405,7974,127,32371,334,158857,461,126486,1236,0.0702988422874541,0.344983571383587,0.2746847290961329
2021-05-03,Tuolumne,109,53932.0,40348,117,10105,14,29749,98,489,5,3684,40,21907,45,18223,76,0.0683082400059334,0.4061966921308314,0.337888452124898
2021-05-03,Ventura,111,848112.0,738127,6414,361521,3910,351199,2209,25091,294,105913,1987,433626,2279,327713,4407,0.1248809119550248,0.511283887033788,0.3864029750787632
2021-05-03,Yolo,113,214977.0,191779,1159,88869,428,97520,696,5376,35,29745,300,113310,334,83565,858,0.1383636389009056,0.5270796410778827,0.388716002176977
2021-05-03,Yuba,115,75493.0,35970,167,11166,62,22490,96,2303,9,5406,49,21795,58,16389,117,0.0716092882783834,0.2887022637860464,0.2170929755076629
2021-05-02,Alameda,001,1643700.0,1591933,7246,950999,5085,550568,1981,89835,177,279181,2912,978439,3087,699258,4316,0.1698491208858064,0.5952661677921762,0.4254170469063698
2021-05-02,Alpine,003,1148.0,1389,2,31,1,1353,0,5,1,126,0,755,1,629,2,0.1097560975609756,0.6576655052264808,0.5479094076655052
2021-05-02,Amador,005,37829.0,30153,30,7123,17,22343,10,686,3,3670,10,16834,13,13164,20,0.0970155171958021,0.4450025113008538,0.3479869941050517
2021-05-02,Butte,007,227075.0,144917,167,63041,69,76683,83,5185,15,15144,46,82459,62,67315,120,0.0666916217108884,0.363135527909281,0.2964439061983926
2021-05-02,Calaveras,009,45235.0,33730,59,13054,36,20075,22,600,1,3197,21,18411,22,15214,36,0.0706753619984525,0.407007847905383,0.3363324859069305
2021-05-02,Colusa,011,21464.0,14017,8,2828,2,10428,3,760,3,2254,2,8494,5,6240,5,0.10501304509877,0.3957323891166605,0.2907193440178904
2021-05-02,Contra Costa,013,1133247.0,1160043,2480,731566,1691,390636,708,37626,81,148704,1032,672240,1113,523536,1437,0.1312194075960492,0.593198128916291,0.4619787213202417
2021-05-02,Del Norte,015,27424.0,14928,8,5272,0,8962,8,660,0,2115,8,8788,8,6673,0,0.0771222287047841,0.3204492415402567,0.2433270128354726
2021-05-02,El Dorado,017,186661.0,148350,316,66744,222,76895,59,4691,35,19432,101,86028,135,66596,212,0.1041031602745083,0.4608782766619701,0.3567751163874618
2021-05-02,Fresno,019,978130.0,682736,1337,325274,850,331629,434,25564,53,85028,661,395167,712,310139,668,0.0869291402983243,0.404002535450298,0.3170733951519737
2021-05-02,Glenn,021,27897.0,17348,30,5825,13,10626,8,879,9,1733,13,9947,22,8214,17,0.0621213750582499,0.3565616374520557,0.2944402623938058
2021-05-02,Humboldt,023,135768.0,107777,244,51180,192,52068,43,4421,9,15876,118,63856,127,47980,124,0.1169347710800777,0.4703317423840669,0.3533969713039891
2021-05-02,Imperial,025,180216.0,144553,100,62837,33,70661,58,11038,8,32008,43,93569,49,61561,54,0.177609091312647,0.5192047320992587,0.3415956407866116
2021-05-02,Inyo,027,18085.0,14884,7,5086,3,9256,2,399,2,1762,4,8440,6,6678,2,0.0974288084047553,0.4666850981476361,0.3692562897428808
2021-05-02,Kern,029,883053.0,499201,1935,240380,1636,234887,275,23791,24,66531,706,293825,729,227294,1223,0.0753420236384452,0.332737672597228,0.2573956489587827
2021-05-02,Kings,031,150075.0,71591,173,28353,151,39360,22,3851,0,9495,128,42418,128,32923,45,0.0632683658170914,0.2826453439946693,0.2193769781775778
2021-05-02,Lake,033,64148.0,41451,19,12326,9,27536,9,1587,1,5243,10,24089,11,18846,9,0.0817328677433435,0.3755222298434869,0.2937893621001434
2021-05-02,Lassen,035,31185.0,10016,6,1219,2,8117,4,669,0,800,4,5719,4,4919,2,0.0256533589866923,0.1833894500561167,0.1577360910694244
2021-05-02,Los Angeles,037,10098052.0,8331039,28953,4250801,18659,3742310,9502,335250,790,1374276,10360,5007278,11147,3633002,18484,0.1360931791597033,0.4958657372728918,0.3597725581131886
2021-05-02,Madera,039,155013.0,96160,413,46355,358,46198,45,3560,10,12320,142,55728,152,43408,269,0.0794772051376336,0.3595053318108804,0.2800281266732468
2021-05-02,Marin,041,260295.0,311580,749,184516,584,118572,130,8478,35,35227,202,177344,237,142117,544,0.1353349084692368,0.6813192723640484,0.5459843638948116
2021-05-02,Mariposa,043,17540.0,10956,4,1664,2,8879,1,393,1,2707,0,6986,1,4279,4,0.1543329532497149,0.3982896237172177,0.2439566704675028
2021-05-02,Mendocino,045,87422.0,77474,57,40173,47,35065,7,2225,3,8455,9,43925,12,35470,48,0.0967147857518702,0.5024478964105145,0.4057331106586442
2021-05-02,Merced,047,269075.0,160695,356,89090,169,63635,170,7291,15,26110,149,94714,166,68604,200,0.0970361423394964,0.3519985134256248,0.2549623710861284
2021-05-02,Modoc,049,8938.0,4845,2,501,2,4077,0,264,0,305,2,2704,2,2399,0,0.0341239650928619,0.3025285298724547,0.2684045647795927
2021-05-02,Mono,051,14174.0,13652,2,7652,2,5744,0,205,0,910,1,7346,1,6436,1,0.0642020601100606,0.5182728940313249,0.4540708339212643
2021-05-02,Monterey,053,433212.0,359622,4480,158105,4027,185372,419,15572,34,54216,314,214007,348,159791,4157,0.125148887842442,0.4940006278681108,0.3688517400256687
2021-05-02,Napa,055,140530.0,144255,238,69665,195,70913,37,3665,6,21446,99,84573,105,63127,139,0.1526079840603429,0.6018145591688607,0.4492065751085177
2021-05-02,Nevada,057,99092.0,83684,74,43552,33,38239,31,1890,10,10985,25,48176,35,37191,49,0.1108565777257498,0.4861744641343398,0.37531788640859
2021-05-02,Orange,059,3164182.0,2754122,15720,1461509,10502,1210216,4566,81405,651,415499,5455,1621308,6098,1205809,10184,0.1313132430435417,0.5123940405450761,0.3810807975015343
2021-05-02,Placer,061,380077.0,323031,755,176361,594,139937,138,6722,23,44360,333,186804,356,142444,422,0.1167131923268179,0.4914898823133207,0.3747766899865027
2021-05-02,Plumas,063,18699.0,14156,4,1136,4,12263,0,727,0,1263,2,8027,2,6764,2,0.06754371891545,0.4292742927429274,0.3617305738274774
2021-05-02,Riverside,065,2383286.0,1596592,3457,847408,2317,702745,922,45787,216,254420,1130,946459,1352,692039,2303,0.1067517704547418,0.3971235512649342,0.2903717808101923
2021-05-02,Sacramento,067,1510023.0,1154201,5105,612954,4369,511123,576,30026,159,174914,2240,678294,2397,503380,2841,0.1158353217136427,0.4491944824681478,0.333359160754505
2021-05-02,San Benito,069,59416.0,46772,217,22061,185,22247,28,2366,4,8895,66,28805,70,19910,150,0.1497071495893362,0.4848020735155514,0.3350949239262151
2021-05-02,San Bernardino,071,2135413.0,1280027,3041,702485,2203,536215,707,41163,131,209938,1048,764254,1178,554316,1983,0.0983125980782171,0.3578951706297564,0.2595825725515392
2021-05-02,San Diego,073,3302833.0,2874870,10733,1446698,7521,1350388,2599,77022,609,483795,3023,1721111,3754,1237316,7582,0.1464787956278746,0.5211014301964404,0.3746226345685658
2021-05-02,San Francisco,075,870044.0,969542,5357,594761,3104,333844,2151,40754,102,155354,975,582002,1078,426648,4367,0.1785587855326857,0.6689339849478877,0.4903751994152019
2021-05-02,San Joaquin,077,732212.0,504418,2370,265521,1665,221206,645,17658,60,88226,1141,300415,1199,212189,1221,0.1204924256909201,0.4102841799915871,0.289791754300667
2021-05-02,San Luis Obispo,079,281455.0,236721,193,117068,67,110942,102,8603,24,32971,46,138831,70,105860,147,0.1171448366523955,0.4932618002877902,0.3761169636353946
2021-05-02,San Mateo,081,765935.0,791456,3285,451819,1806,308725,1402,30598,76,134580,1152,477434,1229,342854,2121,0.1757068158525201,0.6233348782860164,0.4476280624334963
2021-05-02,Santa Barbara,083,443738.0,378271,1148,211370,668,150592,350,16027,128,59875,323,226561,452,166686,823,0.1349332263633044,0.5105738070663319,0.3756405807030274
2021-05-02,Santa Clara,085,1922200.0,1901645,11690,1120507,9679,699733,1759,78395,245,414825,3499,1193676,3756,778851,8128,0.2158074081781292,0.6209946935802726,0.4051872854021434
2021-05-02,Santa Cruz,087,273765.0,256113,622,110353,435,139512,154,6216,33,41435,211,151579,243,110144,408,0.1513524373093711,0.5536829032199149,0.4023304659105437
2021-05-02,Shasta,089,179085.0,99277,68,42987,32,52143,20,4111,16,12856,25,58031,41,45175,43,0.0717871401848284,0.324041656196778,0.2522545160119496
2021-05-02,Sierra,091,2930.0,2446,0,127,0,2310,0,9,0,91,0,1267,0,1176,0,0.0310580204778157,0.4324232081911263,0.4013651877133106
2021-05-02,Siskiyou,093,43540.0,27082,9,10325,3,15973,6,750,0,3154,8,15460,8,12306,1,0.0724391364262746,0.3550757923748277,0.282636655948553
2021-05-02,Solano,095,438530.0,360628,1234,178903,972,173656,236,8037,26,59166,671,213545,697,154379,558,0.1349189337103505,0.4869564225936652,0.3520374888833147
2021-05-02,Sonoma,097,501317.0,494320,915,253100,685,227124,180,14055,50,65681,568,286361,619,220680,347,0.1310169014814977,0.5712174133332801,0.4402005118517824
2021-05-02,Stanislaus,099,539301.0,351315,1184,184665,727,154613,417,11827,40,54470,546,205214,586,150744,623,0.1010011106969948,0.3805184859660931,0.2795173752690983
2021-05-02,Sutter,101,95872.0,62431,83,21921,53,37434,27,3072,3,8342,45,36773,48,28431,36,0.0870118491321762,0.3835635013351134,0.2965516522029373
2021-05-02,Tehama,103,63373.0,31598,46,10188,25,20503,9,900,12,2835,25,17634,37,14799,20,0.0447351395704795,0.2782573020055859,0.2335221624351064
2021-05-02,Trinity,105,12862.0,7173,8,810,5,6065,1,296,2,1101,2,4281,4,3180,6,0.0856009951795988,0.3328409267610014,0.2472399315814026
2021-05-02,Tulare,107,460477.0,276521,616,152479,524,116145,71,7847,21,33146,190,158396,211,125250,423,0.0719818796595704,0.3439824356048185,0.2720005559452481
2021-05-02,Tuolumne,109,53932.0,40231,28,10091,4,29651,22,484,2,3715,18,21862,20,18147,9,0.0688830378995772,0.405362308091671,0.3364792701920937
2021-05-02,Ventura,111,848112.0,731713,2184,357611,1446,348990,643,24797,94,108041,1033,431347,1125,323306,1139,0.1273900145263833,0.5085967419397438,0.3812067274133605
2021-05-02,Yolo,113,214977.0,190620,565,88441,461,96824,74,5341,30,30269,336,112976,366,82707,226,0.1408011089558417,0.5255259865008814,0.3847248775450397
2021-05-02,Yuba,115,75493.0,35803,72,11104,41,22394,27,2294,4,5465,39,21737,43,16272,33,0.0723908176917065,0.2879339806339661,0.2155431629422595
2021-05-01,Alameda,001,1643700.0,1584687,14708,945914,9873,548587,4608,89658,227,280410,5481,975352,5714,694942,9196,0.1705968242379996,0.5933880878505811,0.4227912636125813
2021-05-01,Alpine,003,1148.0,1387,0,30,0,1353,0,4,0,127,0,754,0,627,0,0.1106271777003484,0.6567944250871081,0.5461672473867596
2021-05-01,Amador,005,37829.0,30123,50,7106,17,22333,28,683,5,3677,28,16821,33,13144,20,0.0972005604166116,0.4446588596050649,0.3474582991884533
2021-05-01,Butte,007,227075.0,144750,287,62972,85,76600,173,5170,28,15202,89,82397,114,67195,185,0.0669470439282175,0.3628624903666189,0.2959154464384014
2021-05-01,Calaveras,009,45235.0,33671,208,13018,115,20053,90,599,3,3211,130,18389,133,15178,72,0.0709848568586271,0.4065214988393942,0.3355366419807671
2021-05-01,Colusa,011,21464.0,14009,19,2826,7,10425,9,757,3,2254,8,8489,11,6235,11,0.10501304509877,0.3954994409243384,0.2904863958255684
2021-05-01,Contra Costa,013,1133247.0,1157563,8178,729875,5800,389928,2044,37545,332,149028,2008,671127,2338,522099,6147,0.1315053117281581,0.5922159952772873,0.4607106835491292
2021-05-01,Del Norte,015,27424.0,14920,9,5272,3,8954,6,660,0,2107,6,8780,6,6673,3,0.0768305134189031,0.3201575262543757,0.2433270128354726
2021-05-01,El Dorado,017,186661.0,148034,660,66522,299,76836,332,4656,29,19509,302,85893,332,66384,353,0.1045156727972099,0.4601550404208699,0.35563936762366
2021-05-01,Fresno,019,978130.0,681399,4295,324424,3486,331195,666,25511,142,84984,1295,394455,1436,309471,2986,0.0868841565027143,0.4032746158486091,0.3163904593458947
2021-05-01,Glenn,021,27897.0,17318,107,5812,13,10618,93,870,1,1728,26,9925,27,8197,81,0.0619421443165931,0.3557730221887658,0.2938308778721726
2021-05-01,Humboldt,023,135768.0,107533,520,50988,402,52025,87,4412,31,15873,307,63729,338,47856,213,0.1169126745624889,0.4693963231394732,0.3524836485769843
2021-05-01,Imperial,025,180216.0,144453,447,62804,178,70603,265,11030,4,32013,217,93520,220,61507,218,0.1776368357970435,0.5189328361521729,0.3412960003551294
2021-05-01,Inyo,027,18085.0,14877,10,5083,2,9254,6,397,1,1758,5,8434,6,6676,4,0.0972076306331213,0.4663533314901852,0.3691457008570639
2021-05-01,Kern,029,883053.0,497266,2919,238744,2038,234612,811,23767,67,67025,1154,293096,1220,226071,1741,0.075901446459046,0.331912127584641,0.2560106811255949
2021-05-01,Kings,031,150075.0,71418,240,28202,173,39338,57,3851,10,9412,78,42290,88,32878,162,0.0627153090121605,0.2817924371147759,0.2190771281026153
2021-05-01,Lake,033,64148.0,41432,55,12317,28,27527,25,1586,2,5241,37,24078,39,18837,17,0.0817016898422398,0.3753507513874166,0.2936490615451768
2021-05-01,Lassen,035,31185.0,10010,9,1217,1,8113,6,669,2,798,5,5715,7,4917,3,0.0255892255892255,0.1832611832611832,0.1576719576719576
2021-05-01,Los Angeles,037,10098052.0,8302086,79541,4232142,44086,3732808,33764,334460,1667,1381613,29858,4996131,31501,3614518,49224,0.1368197549388733,0.4947618610005177,0.3579421060616443
2021-05-01,Madera,039,155013.0,95747,1004,45997,899,46153,86,3550,18,12437,395,55576,413,43139,606,0.0802319805435673,0.3585247688903511,0.2782927883467838
2021-05-01,Marin,041,260295.0,310831,1916,183932,1048,118442,841,8443,27,35534,560,177107,587,141573,1342,0.1365143394994141,0.6804087669759311,0.5438944274765171
2021-05-01,Mariposa,043,17540.0,10952,7,1662,4,8878,3,392,0,2710,2,6985,2,4275,5,0.1545039908779931,0.3982326111744584,0.2437286202964652
2021-05-01,Mendocino,045,87422.0,77417,494,40126,440,35058,41,2222,13,8491,378,43913,391,35422,114,0.0971265814097138,0.5023106311912333,0.4051840497815195
2021-05-01,Merced,047,269075.0,160339,634,88921,276,63465,344,7276,8,26144,287,94548,295,68404,322,0.0971625011613862,0.3513815850599275,0.2542190838985413
2021-05-01,Modoc,049,8938.0,4843,2,499,0,4077,0,264,2,303,0,2702,2,2399,2,0.0339002013873349,0.3023047661669277,0.2684045647795927
2021-05-01,Mono,051,14174.0,13650,116,7650,6,5744,110,205,0,910,100,7345,100,6435,15,0.0642020601100606,0.5182023423169183,0.4540002822068576
2021-05-01,Monterey,053,433212.0,355142,5851,154078,4390,184953,1409,15538,49,58025,697,213659,746,155634,5132,0.133941349731771,0.4931973260205165,0.3592559762887454
2021-05-01,Napa,055,140530.0,144017,349,69470,276,70876,62,3659,11,21480,132,84468,143,62988,216,0.1528499252828577,0.6010673877463887,0.4482174624635309
2021-05-01,Nevada,057,99092.0,83610,174,43519,74,38208,92,1880,8,10999,73,48141,81,37142,101,0.110997860574012,0.4858212570136842,0.3748233964396722
2021-05-01,Orange,059,3164182.0,2738402,24237,1451007,16288,1205650,6910,80754,1026,419585,9131,1615210,10141,1195625,14913,0.1326045720505331,0.510466844195435,0.3778622721449019
2021-05-01,Placer,061,380077.0,322276,1413,175767,976,139799,407,6699,30,44426,621,186448,652,142022,791,0.1168868413505684,0.490553230003394,0.3736663886528256
2021-05-01,Plumas,063,18699.0,14152,20,1132,4,12263,11,727,4,1263,5,8025,9,6762,12,0.06754371891545,0.4291673351516124,0.3616236162361623
2021-05-01,Riverside,065,2383286.0,1593135,7321,845091,5098,701823,2013,45571,199,255371,2548,945107,2745,689736,4728,0.1071507993585327,0.396556267271322,0.2894054679127893
2021-05-01,Sacramento,067,1510023.0,1149096,8004,608585,5636,510547,2174,29867,188,175358,2965,675897,3152,500539,5000,0.1161293569700594,0.4476070894284392,0.3314777324583797
2021-05-01,San Benito,069,59416.0,46555,229,21876,172,22219,48,2362,9,8975,72,28735,81,19760,156,0.1510535882590548,0.4836239396795476,0.3325703514204928
2021-05-01,San Bernardino,071,2135413.0,1276986,11221,700282,8599,535508,2301,41032,319,210743,3903,763076,4217,552333,7313,0.0986895743352691,0.3573435209020456,0.2586539465667765
2021-05-01,San Diego,073,3302833.0,2864137,25304,1439177,11197,1347789,13410,76413,692,487623,9510,1717357,10579,1229734,15366,0.1476378006396327,0.5199648301927466,0.372327029553114
2021-05-01,San Francisco,075,870044.0,964185,7175,591657,3747,331693,3305,40652,119,158643,1702,580924,1821,422281,5441,0.1823390541168033,0.6676949671510866,0.4853559130342833
2021-05-01,San Joaquin,077,732212.0,502048,3432,263856,1981,220561,1392,17598,59,88248,2116,299216,2175,210968,1286,0.1205224716338983,0.4086466760992718,0.2881242044653734
2021-05-01,San Luis Obispo,079,281455.0,236528,631,117001,252,110840,314,8579,62,33048,146,138761,205,105713,473,0.1174184150219395,0.4930130926791139,0.3755946776571743
2021-05-01,San Mateo,081,765935.0,788171,6513,450013,4364,307323,2020,30522,124,135472,2793,476205,2925,340733,3693,0.1768714055370233,0.6217303034852827,0.4448588979482593
2021-05-01,Santa Barbara,083,443738.0,377123,5295,210702,4034,150242,1210,15899,48,60246,937,226109,984,165863,4342,0.1357693053107915,0.5095551879712803,0.3737858826604888
2021-05-01,Santa Clara,085,1922200.0,1889955,18438,1110828,15214,697974,2931,78150,282,419197,5696,1189920,5992,770723,12643,0.2180818853397149,0.6190406825512433,0.4009587972115284
2021-05-01,Santa Cruz,087,273765.0,255491,1273,109918,996,139358,241,6183,36,41600,614,151336,651,109736,656,0.1519551440103738,0.5527952806238927,0.4008401366135189
2021-05-01,Shasta,089,179085.0,99209,257,42955,50,52123,132,4095,73,12858,105,57990,178,45132,150,0.0717983080660021,0.3238127146327163,0.2520144065667141
2021-05-01,Sierra,091,2930.0,2446,0,127,0,2310,0,9,0,91,0,1267,0,1176,0,0.0310580204778157,0.4324232081911263,0.4013651877133106
2021-05-01,Siskiyou,093,43540.0,27073,11,10322,6,15967,2,750,3,3147,5,15452,8,12305,6,0.0722783647220946,0.3548920532843362,0.2826136885622416
2021-05-01,Solano,095,438530.0,359394,2276,177931,1731,173420,339,8011,206,59027,1335,212848,1541,153821,935,0.1346019656579937,0.4853670216404807,0.3507650559824869
2021-05-01,Sonoma,097,501317.0,493405,2691,252415,1871,226944,706,14005,113,65409,1258,285742,1367,220333,1422,0.1304743306131649,0.5699826656586551,0.4395083350454902
2021-05-01,Stanislaus,099,539301.0,350131,2550,183938,1746,154196,752,11787,49,54507,939,204628,988,150121,1588,0.1010697180238864,0.3794318942482955,0.278362176224409
2021-05-01,Sutter,101,95872.0,62348,314,21868,111,37407,163,3069,40,8330,137,36725,177,28395,177,0.0868866822429906,0.3830628337783711,0.2961761515353805
2021-05-01,Tehama,103,63373.0,31552,93,10163,12,20494,74,888,7,2818,21,17597,28,14779,71,0.0444668865289634,0.2776734571505215,0.233206570621558
2021-05-01,Trinity,105,12862.0,7165,15,805,8,6064,3,294,4,1103,6,4277,10,3174,9,0.0857564919919141,0.3325299331363707,0.2467734411444565
2021-05-01,Tulare,107,460477.0,275905,1470,151955,1256,116074,197,7826,16,33358,742,158185,758,124827,722,0.0724422718181364,0.3435242151073778,0.2710819432892414
2021-05-01,Tuolumne,109,53932.0,40203,28,10087,7,29629,16,482,5,3704,17,21842,22,18138,9,0.0686790773566713,0.404991470740933,0.3363123933842616
2021-05-01,Ventura,111,848112.0,729529,5403,356165,3740,348347,1547,24703,113,108055,2110,430222,2216,322167,3239,0.1274065217801422,0.5072702661912578,0.3798637444111155
2021-05-01,Yolo,113,214977.0,190055,1359,87980,1040,96750,298,5311,21,30129,409,112610,430,82481,949,0.1401498764984161,0.5238234787907543,0.3836736022923382
2021-05-01,Yuba,115,75493.0,35731,218,11063,96,22367,102,2290,20,5455,100,21694,120,16239,117,0.0722583550792788,0.2873643914005272,0.2151060363212483
2021-04-30,Alameda,001,1643700.0,1569979,21055,936041,13189,543979,7511,89431,345,283892,8180,969638,8548,685746,12789,0.1727152156719596,0.5899117843888787,0.4171965687169191
2021-04-30,Alpine,003,1148.0,1387,2,30,1,1353,0,4,1,127,1,754,2,627,1,0.1106271777003484,0.6567944250871081,0.5461672473867596
2021-04-30,Amador,005,37829.0,30073,346,7089,32,22305,310,678,4,3664,82,16788,86,13124,260,0.0968569087208226,0.4437865129926776,0.3469296042718549
2021-04-30,Butte,007,227075.0,144463,957,62887,429,76427,505,5142,23,15273,476,82283,498,67010,471,0.067259715952879,0.3623604535946273,0.2951007376417483
2021-04-30,Calaveras,009,45235.0,33463,167,12903,69,19963,92,596,6,3150,69,18256,74,15106,92,0.0696363435392947,0.4035812976677351,0.3339449541284404
2021-04-30,Colusa,011,21464.0,13990,72,2819,24,10416,48,754,0,2254,48,8478,48,6224,24,0.10501304509877,0.39498695490123,0.2899739098024599
2021-04-30,Contra Costa,013,1133247.0,1149385,14113,724075,10961,387884,2884,37213,265,152837,3351,668789,3615,515952,10738,0.1348664501207592,0.590152896941267,0.4552864468205078
2021-04-30,Del Norte,015,27424.0,14911,97,5269,15,8948,73,660,9,2104,50,8774,59,6670,47,0.0767211201866977,0.319938739789965,0.2432176196032672
2021-04-30,El Dorado,017,186661.0,147374,2241,66223,1421,76504,762,4627,58,19530,1435,85561,1492,66031,786,0.1046281762124921,0.4583764149983124,0.3537482387858203
2021-04-30,Fresno,019,978130.0,677104,5755,320938,3523,330529,2096,25369,134,86534,2295,393019,2428,306485,3429,0.0884688129389753,0.4018065083373375,0.3133376953983622
2021-04-30,Glenn,021,27897.0,17211,170,5799,42,10525,126,869,2,1782,41,9898,43,8116,128,0.0638778363264867,0.354805176183819,0.2909273398573323
2021-04-30,Humboldt,023,135768.0,107013,1352,50586,448,51938,854,4381,50,15748,206,63391,254,47643,1140,0.1159919863296211,0.4669067821577985,0.3509147958281775
2021-04-30,Imperial,025,180216.0,144006,3555,62626,1728,70338,1788,11026,39,32011,1678,93300,1716,61289,1858,0.1776257380032849,0.5177120788387268,0.3400863408354419
2021-04-30,Inyo,027,18085.0,14867,82,5081,6,9248,75,396,1,1756,23,8428,24,6672,59,0.0970970417473044,0.4660215648327343,0.3689245230854299
2021-04-30,Kern,029,883053.0,494347,5972,236706,3341,233801,2451,23700,177,67546,1775,291876,1950,224330,4169,0.0764914450208537,0.3305305570560317,0.254039112035178
2021-04-30,Kings,031,150075.0,71178,424,28029,178,39281,227,3841,18,9486,172,42202,190,32716,250,0.0632083958020989,0.2812060636348492,0.2179976678327503
2021-04-30,Lake,033,64148.0,41377,297,12289,47,27502,219,1584,31,5219,144,24039,175,18820,151,0.0813587329300991,0.3747427823158945,0.2933840493857954
2021-04-30,Lassen,035,31185.0,10001,18,1216,6,8107,7,667,5,794,7,5708,12,4914,10,0.0254609587942921,0.1830367163700497,0.1575757575757575
2021-04-30,Los Angeles,037,10098052.0,8222545,106091,4188056,52393,3699044,51088,332793,2570,1399336,37985,4964630,40539,3565294,67602,0.1385748459207776,0.4916423484450268,0.3530675025242492
2021-04-30,Madera,039,155013.0,94743,994,45098,524,46067,453,3532,17,12630,291,55163,308,42533,700,0.0814770374097656,0.3558604762181236,0.274383438808358
2021-04-30,Marin,041,260295.0,308915,2072,182884,1328,117601,657,8416,87,36289,715,176520,802,140231,1346,0.1394148946387752,0.678153633377514,0.5387387387387388
2021-04-30,Mariposa,043,17540.0,10945,216,1658,7,8875,204,392,5,2713,57,6983,62,4270,160,0.1546750285062713,0.3981185860889396,0.2434435575826682
2021-04-30,Mendocino,045,87422.0,76923,618,39686,390,35017,219,2209,9,8214,227,43522,236,35308,387,0.093958042597973,0.4978380727963213,0.4038800301983482
2021-04-30,Merced,047,269075.0,159705,1572,88645,670,63121,849,7268,49,26171,768,94253,815,68082,780,0.0972628449317104,0.3502852364582365,0.253022391526526
2021-04-30,Modoc,049,8938.0,4841,4,499,3,4077,0,262,1,303,2,2700,3,2397,2,0.0339002013873349,0.3020810024614007,0.2681808010740658
2021-04-30,Mono,051,14174.0,13534,23,7644,4,5634,14,205,5,825,9,7245,14,6420,14,0.0582051643854945,0.5111471708762523,0.4529420064907577
2021-04-30,Monterey,053,433212.0,349291,3362,149688,1740,183544,1545,15489,74,62411,894,212913,966,150502,2455,0.1440657230178296,0.4914753053932024,0.3474095823753728
2021-04-30,Napa,055,140530.0,143668,661,69194,323,70814,273,3648,65,21553,266,84325,330,62772,396,0.1533693873194336,0.6000498114281648,0.4466804241087312
2021-04-30,Nevada,057,99092.0,83436,1302,43445,744,38116,542,1872,15,11019,224,48060,240,37041,1077,0.1111996932143866,0.4850038348201671,0.3738041416057804
2021-04-30,Orange,059,3164182.0,2714165,31593,1434719,18072,1198740,12544,79728,971,424357,13242,1605069,14203,1180712,18206,0.1341127027459229,0.5072619084490083,0.3731492057030853
2021-04-30,Placer,061,380077.0,320863,3139,174791,1920,139392,1164,6669,54,44565,1270,185796,1324,141231,1864,0.1172525567187701,0.4888377881324047,0.3715852314136346
2021-04-30,Plumas,063,18699.0,14132,27,1128,10,12252,16,723,1,1266,8,8016,8,6750,18,0.0677041553024225,0.4286860259906946,0.3609818706882721
2021-04-30,Riverside,065,2383286.0,1585814,21159,839993,12191,699810,8553,45372,401,257354,6981,942362,7380,685008,14099,0.1079828438550807,0.3954044961452381,0.2874216522901573
2021-04-30,Sacramento,067,1510023.0,1141092,13169,602949,8261,508373,4635,29679,271,177206,6194,672745,6466,495539,6938,0.1173531793886583,0.4455197040045085,0.3281665246158502
2021-04-30,San Benito,069,59416.0,46326,407,21704,231,22171,167,2353,8,9050,223,28654,231,19604,183,0.1523158745119159,0.4822606705264575,0.3299447960145415
2021-04-30,San Bernardino,071,2135413.0,1265765,17494,691683,11013,533207,6187,40713,293,213839,6476,758859,6768,545020,10964,0.1001394109710861,0.355368727267278,0.2552293162961919
2021-04-30,San Diego,073,3302833.0,2838833,38923,1427980,23632,1334379,14171,75721,1114,492410,14692,1706778,16150,1214368,23805,0.1490871624450888,0.516761822350691,0.3676746599056023
2021-04-30,San Francisco,075,870044.0,957010,11658,587910,5816,328388,5625,40533,213,162263,4257,579103,4473,416840,7356,0.1864997632303653,0.6656019695555627,0.4791022063251973
2021-04-30,San Joaquin,077,732212.0,498616,5451,261875,2736,219169,2644,17539,71,87359,2631,297041,2703,209682,2763,0.1193083423926403,0.4056762249184662,0.2863678825258258
2021-04-30,San Luis Obispo,079,281455.0,235897,3163,116749,1780,110526,1282,8517,100,33316,921,138556,1021,105240,2212,0.1183706098665861,0.492284734682276,0.3739141248156899
2021-04-30,San Mateo,081,765935.0,781658,8680,445649,5485,305303,3019,30398,173,136240,3635,473280,3812,337040,5012,0.1778741015882548,0.6179114415714128,0.4400373399831578
2021-04-30,Santa Barbara,083,443738.0,371828,5137,206668,3779,149032,1174,15851,182,63604,1484,225125,1664,161521,3640,0.14333683389748,0.5073376632156813,0.3640008293182012
2021-04-30,Santa Clara,085,1922200.0,1871517,24820,1095614,17063,695043,7330,77868,392,425848,10314,1183928,10733,758080,14401,0.2215419831443138,0.6159234210800125,0.3943814379356987
2021-04-30,Santa Cruz,087,273765.0,254218,2398,108922,1200,139117,1125,6147,73,41605,1015,150685,1088,109080,1374,0.1519734078497981,0.5504173287308458,0.3984439208810476
2021-04-30,Shasta,089,179085.0,98952,2284,42905,1849,51991,393,4022,42,12830,261,57812,303,44982,2021,0.0716419577295697,0.3228187732082531,0.2511768154786833
2021-04-30,Sierra,091,2930.0,2446,5,127,3,2310,2,9,0,91,2,1267,2,1176,3,0.0310580204778157,0.4324232081911263,0.4013651877133106
2021-04-30,Siskiyou,093,43540.0,27062,115,10316,26,15965,86,747,3,3145,51,15444,54,12299,62,0.0722324299494717,0.3547083141938447,0.282475884244373
2021-04-30,Solano,095,438530.0,357118,4305,176200,2273,173081,1878,7805,153,58421,1977,211307,2129,152886,2311,0.1332200761635464,0.4818530089161517,0.3486329327526053
2021-04-30,Sonoma,097,501317.0,490714,5776,250544,3758,226238,1714,13892,304,65464,1892,284375,2195,218911,3859,0.1305840416343351,0.5672558480961148,0.4366718064617796
2021-04-30,Stanislaus,099,539301.0,347581,4520,182192,1943,153444,2487,11738,89,55107,1824,203640,1911,148533,2640,0.1021822692707782,0.3775998931950803,0.275417623924302
2021-04-30,Sutter,101,95872.0,62034,418,21757,149,37244,255,3029,14,8330,183,36548,196,28218,233,0.0868866822429906,0.3812166221628838,0.2943299399198932
2021-04-30,Tehama,103,63373.0,31459,401,10151,297,20420,97,881,7,2861,134,17569,141,14708,267,0.0451454089280924,0.2772316286115538,0.2320862196834614
2021-04-30,Trinity,105,12862.0,7150,23,797,18,6061,5,290,0,1102,11,4267,11,3165,12,0.0856787435857564,0.3317524490747939,0.2460737054890374
2021-04-30,Tulare,107,460477.0,274435,2552,150699,1844,115877,650,7810,57,33322,942,157427,996,124105,1596,0.0723640920176252,0.3418780959743918,0.2695140039567665
2021-04-30,Tuolumne,109,53932.0,40175,377,10080,25,29613,340,477,12,3691,66,21820,78,18129,304,0.0684380330786916,0.4045835496551213,0.3361455165764296
2021-04-30,Ventura,111,848112.0,724126,9837,352425,5630,346800,3918,24590,283,109078,4021,428006,4301,318928,5773,0.1286127303940989,0.5046574037391288,0.3760446733450299
2021-04-30,Yolo,113,214977.0,188696,2224,86940,1141,96452,1015,5290,68,30648,1099,112180,1167,81532,1124,0.1425640882513013,0.5218232648143755,0.3792591765630742
2021-04-30,Yuba,115,75493.0,35513,368,10967,111,22265,224,2270,33,5452,151,21574,184,16122,215,0.0722186162955505,0.2857748400513955,0.2135562237558449
2021-04-29,Alameda,001,1643700.0,1548924,18160,922852,11025,536468,6789,89086,343,288133,6573,961090,6922,672957,11524,0.1752953702013749,0.5847113220173997,0.4094159518160248
2021-04-29,Alpine,003,1148.0,1385,6,29,0,1353,6,3,0,126,0,752,0,626,6,0.1097560975609756,0.6550522648083623,0.5452961672473867
2021-04-29,Amador,005,37829.0,29727,233,7057,75,21995,48,674,110,3838,68,16702,177,12864,165,0.1014565544952285,0.4415131248513045,0.340056570356076
2021-04-29,Butte,007,227075.0,143506,963,62458,580,75922,346,5119,37,15246,327,81785,364,66539,626,0.0671408125068809,0.3601673455906639,0.2930265330837829
2021-04-29,Calaveras,009,45235.0,33296,542,12834,461,19871,62,590,19,3168,69,18182,88,15014,458,0.0700342655023764,0.4019453962639549,0.3319111307615784
2021-04-29,Colusa,011,21464.0,13918,377,2795,28,10368,345,754,4,2230,98,8430,102,6200,278,0.1038948937756243,0.3927506522549385,0.2888557584793142
2021-04-29,Contra Costa,013,1133247.0,1135272,13826,713114,10606,385000,3034,36948,184,159960,3383,665174,3569,505214,10422,0.1411519289263505,0.5869629480598669,0.4458110191335163
2021-04-29,Del Norte,015,27424.0,14814,102,5254,14,8875,84,651,4,2092,29,8715,33,6623,73,0.0762835472578763,0.3177873395565928,0.2415037922987164
2021-04-29,El Dorado,017,186661.0,145133,2069,64802,1404,75742,628,4569,36,18824,641,84069,677,65245,1425,0.1008459185368127,0.4503833152077831,0.3495373966709704
2021-04-29,Fresno,019,978130.0,671349,5029,317415,2820,328433,2065,25235,143,87535,1907,390591,2044,303056,3102,0.0894921942891026,0.399324220706859,0.3098320264177563
2021-04-29,Glenn,021,27897.0,17041,198,5757,32,10399,164,867,2,1867,40,9855,42,7988,158,0.0669247589346524,0.3532637918055705,0.286339032870918
2021-04-29,Humboldt,023,135768.0,105661,1840,50138,646,51084,1149,4331,45,16634,303,63137,347,46503,1528,0.1225178245241883,0.4650359436686112,0.3425181191444228
2021-04-29,Imperial,025,180216.0,140451,2059,60898,905,68550,1104,10987,50,32153,904,91584,955,59431,1138,0.1784136813601456,0.5081901717938474,0.3297764904337018
2021-04-29,Inyo,027,18085.0,14785,184,5075,60,9173,121,395,0,1791,82,8404,82,6613,99,0.0990323472491014,0.4646944982029306,0.3656621509538291
2021-04-29,Kern,029,883053.0,488375,5767,233365,3227,231350,2430,23523,104,69765,1721,289926,1824,220161,4009,0.0790043179741193,0.3283223090799759,0.2493179911058566
2021-04-29,Kings,031,150075.0,70754,324,27851,136,39054,175,3823,13,9546,144,42012,157,32466,176,0.0636081959020489,0.2799400299850075,0.2163318340829585
2021-04-29,Lake,033,64148.0,41080,225,12242,83,27283,126,1553,16,5195,115,23864,131,18669,109,0.0809845981168547,0.3720147159693209,0.2910301178524662
2021-04-29,Lassen,035,31185.0,9983,67,1210,7,8100,53,662,7,792,22,5696,29,4904,45,0.0253968253968253,0.1826519159852493,0.1572550905884239
2021-04-29,Los Angeles,037,10098052.0,8116454,97263,4135663,48637,3647956,46311,330223,2273,1426399,34238,4924091,36493,3497692,62555,0.1412548677705363,0.4876278117799353,0.346372944009399
2021-04-29,Madera,039,155013.0,93749,592,44574,256,45614,299,3515,37,13022,269,54855,306,41833,318,0.0840058575732358,0.3538735460896828,0.269867688516447
2021-04-29,Marin,041,260295.0,306843,2988,181556,2013,116944,910,8329,65,36833,819,175718,884,138885,2164,0.1415048310570698,0.675072513878484,0.5335676828214142
2021-04-29,Mariposa,043,17540.0,10729,87,1651,16,8671,70,387,1,2811,76,6921,77,4110,11,0.1602622576966932,0.3945838084378563,0.234321550741163
2021-04-29,Mendocino,045,87422.0,76305,1186,39296,861,34798,305,2200,20,8365,112,43286,130,34921,1069,0.0956852966072613,0.4951385234837913,0.3994532268765299
2021-04-29,Merced,047,269075.0,158133,1554,87975,693,62272,830,7219,26,26136,701,93438,728,67302,827,0.0971327696738827,0.3472563411688191,0.2501235714949363
2021-04-29,Modoc,049,8938.0,4837,64,496,0,4077,64,261,0,302,20,2697,20,2395,44,0.0337883195345714,0.3017453569031103,0.2679570373685388
2021-04-29,Mono,051,14174.0,13511,19,7640,5,5620,9,200,4,825,5,7231,9,6406,13,0.0582051643854945,0.510159446874559,0.4519542824890645
2021-04-29,Monterey,053,433212.0,345929,4903,147948,2683,181999,2129,15415,85,63900,1787,211947,1873,148047,3090,0.1475028392565303,0.4892454502645356,0.3417426110080053
2021-04-29,Napa,055,140530.0,143007,769,68871,384,70541,365,3583,20,21619,261,83995,280,62376,503,0.1538390379278446,0.5977015583861097,0.4438625204582651
2021-04-29,Nevada,057,99092.0,82134,1083,42701,739,37574,334,1857,10,11856,305,47820,315,35964,773,0.1196463892140637,0.4825818431356719,0.3629354539216082
2021-04-29,Orange,059,3164182.0,2682572,33697,1416647,18517,1186196,14162,78757,1017,428360,11861,1590866,12872,1162506,21696,0.1353778006448428,0.5027732285943097,0.3673954279494669
2021-04-29,Placer,061,380077.0,317724,3565,172871,2340,138228,1166,6615,59,45105,1486,184472,1546,139367,2074,0.1186733214585465,0.4853542834741381,0.3666809620155916
2021-04-29,Plumas,063,18699.0,14105,189,1118,75,12236,113,722,1,1276,127,8008,128,6732,60,0.0682389432589978,0.4282581956254345,0.3600192523664367
2021-04-29,Riverside,065,2383286.0,1564655,19609,827802,11976,691257,7264,44971,364,264073,5722,934982,6080,670909,13791,0.1108020606842821,0.3923079311505207,0.2815058704662386
2021-04-29,Sacramento,067,1510023.0,1127923,11563,594688,7750,503738,3494,29408,319,177678,6280,666279,6597,488601,5247,0.1176657574089931,0.4412376500225493,0.3235718926135562
2021-04-29,San Benito,069,59416.0,45919,676,21473,260,22004,404,2345,10,9002,288,28423,298,19421,384,0.1515080113100848,0.4783728288676451,0.3268648175575602
2021-04-29,San Bernardino,071,2135413.0,1248271,17054,680670,9896,527020,6880,40420,278,218035,5716,752091,5990,534056,11301,0.1021043704426263,0.3521993169471198,0.2500949465044935
2021-04-29,San Diego,073,3302833.0,2799910,38979,1404348,24874,1320208,13407,74607,690,500065,15165,1690628,16171,1190563,23380,0.1514048696982257,0.5118720807258496,0.3604672110276238
2021-04-29,San Francisco,075,870044.0,945352,10191,582094,6073,322763,3907,40320,209,165146,4826,574630,5042,409484,5337,0.1898133887481552,0.6604608502558491,0.4706474615076939
2021-04-29,San Joaquin,077,732212.0,493165,5329,259139,3140,216525,2129,17468,60,87419,2557,294338,2620,206919,2726,0.1193902858734902,0.4019846711061823,0.2825943852326921
2021-04-29,San Luis Obispo,079,281455.0,232734,3818,114969,2159,109244,1591,8417,68,34507,1235,137535,1303,103028,2565,0.1226021921799221,0.4886571565614396,0.3660549643815174
2021-04-29,San Mateo,081,765935.0,772978,8768,440164,4264,302284,4324,30225,177,137440,3843,469468,4024,332028,4898,0.1794408141683041,0.6129345179421231,0.4334937037738189
2021-04-29,Santa Barbara,083,443738.0,366691,5402,202889,3847,147858,1310,15669,242,65580,1466,223461,1709,157881,3921,0.1477899120652276,0.5035877026533675,0.3557977905881399
2021-04-29,Santa Clara,085,1922200.0,1846697,25548,1078551,18679,687713,6403,77476,425,429516,9356,1173195,9804,743679,16080,0.2234502132972635,0.6103397149099989,0.3868895016127354
2021-04-29,Santa Cruz,087,273765.0,251820,3651,107722,2437,137992,1149,6074,64,41891,1273,149597,1337,107706,2367,0.1530180994648695,0.5464431172721129,0.3934250178072434
2021-04-29,Shasta,089,179085.0,96668,775,41056,116,51598,611,3980,48,14548,185,57509,232,42961,587,0.0812351676578161,0.3211268392104308,0.2398916715526146
2021-04-29,Sierra,091,2930.0,2441,21,124,2,2308,19,9,0,92,13,1265,13,1173,7,0.0313993174061433,0.431740614334471,0.4003412969283276
2021-04-29,Siskiyou,093,43540.0,26947,162,10290,21,15879,131,744,10,3153,34,15390,44,12237,128,0.0724161690399632,0.3534680753330271,0.2810519062930638
2021-04-29,Solano,095,438530.0,352813,4818,173927,1556,171203,3228,7652,33,58603,2096,209178,2129,150575,2711,0.1336350990810206,0.4769981529199826,0.343363053838962
2021-04-29,Sonoma,097,501317.0,484938,5351,246786,3761,224524,1439,13588,151,67128,1977,282180,2128,215052,3349,0.1339032987111947,0.5628773809785026,0.4289740822673079
2021-04-29,Stanislaus,099,539301.0,343061,3809,180249,2260,150957,1495,11649,49,55836,1500,201729,1548,145893,2260,0.1035340190357518,0.3740564174737298,0.270522398437978
2021-04-29,Sutter,101,95872.0,61616,824,21608,180,36989,643,3015,1,8367,338,36352,339,27985,479,0.0872726134846462,0.3791722296395193,0.2918996161548731
2021-04-29,Tehama,103,63373.0,31058,406,9854,191,20323,207,874,8,2987,78,17428,86,14441,326,0.047133637353447,0.2750067063260379,0.2278730689725908
2021-04-29,Trinity,105,12862.0,7127,36,779,15,6056,21,290,0,1103,10,4256,10,3153,26,0.0857564919919141,0.3308972166070595,0.2451407246151453
2021-04-29,Tulare,107,460477.0,271883,2128,148855,1279,115227,806,7753,42,33922,842,156431,882,122509,1273,0.073667088692812,0.3397151214935816,0.2660480328007696
2021-04-29,Tuolumne,109,53932.0,39798,296,10055,30,29273,258,465,8,3917,58,21742,66,17825,228,0.0726284951420307,0.4031372839872432,0.3305087888452125
2021-04-29,Ventura,111,848112.0,714289,8204,346795,4388,342882,3548,24307,266,110550,2873,423705,3137,313155,5308,0.1303483502178957,0.4995861395664723,0.3692377893485766
2021-04-29,Yolo,113,214977.0,186472,1837,85799,884,95437,863,5222,90,30605,706,111013,793,80408,1127,0.1423640668536634,0.5163947771156915,0.374030710262028
2021-04-29,Yuba,115,75493.0,35145,481,10856,95,22041,384,2237,2,5483,166,21390,168,15907,314,0.0726292503940762,0.2833375279827269,0.2107082775886506
2021-04-28,Alameda,001,1643700.0,1530764,17425,911827,11168,529679,5775,88743,471,292735,6863,954168,7343,661433,10491,0.1780951511833059,0.5805000912575288,0.4024049400742228
2021-04-28,Alpine,003,1148.0,1379,36,29,0,1347,36,3,0,132,5,752,5,620,31,0.1149825783972125,0.6550522648083623,0.5400696864111498
2021-04-28,Amador,005,37829.0,29494,77,6982,34,21947,39,564,4,3826,40,16525,44,12699,35,0.1011393375452695,0.4368341748394089,0.3356948372941394
2021-04-28,Butte,007,227075.0,142543,1474,61878,1009,75576,439,5082,26,15508,522,81421,548,65913,949,0.068294616316195,0.3585643509853572,0.2902697346691621
2021-04-28,Calaveras,009,45235.0,32754,676,12373,601,19809,43,571,32,3538,59,18094,91,14556,607,0.0782137725212777,0.4,0.3217862274787222
2021-04-28,Colusa,011,21464.0,13541,195,2767,33,10023,159,750,3,2406,143,8328,146,5922,52,0.1120946701453596,0.3879985091315691,0.2759038389862094
2021-04-28,Contra Costa,013,1133247.0,1121446,14598,702508,11322,381966,2983,36764,292,166813,3974,661605,4269,494792,10597,0.1471991542885178,0.583813590505865,0.4366144362173471
2021-04-28,Del Norte,015,27424.0,14712,347,5240,99,8791,243,647,5,2132,60,8682,66,6550,286,0.0777421236872812,0.3165840140023337,0.2388418903150525
2021-04-28,El Dorado,017,186661.0,143064,1166,63398,450,75114,673,4533,43,19572,504,83392,547,63820,659,0.1048531830430566,0.4467564193913029,0.3419032363482462
2021-04-28,Fresno,019,978130.0,666320,5019,314595,2848,326368,2029,25092,136,88593,2096,388547,2233,299954,2899,0.0905738501017247,0.3972345189289767,0.306660668827252
2021-04-28,Glenn,021,27897.0,16843,277,5725,192,10235,73,865,11,1983,122,9813,133,7830,154,0.0710829121410904,0.3517582535756533,0.2806753414345628
2021-04-28,Humboldt,023,135768.0,103821,1644,49492,869,49935,728,4286,46,17815,410,62790,456,44975,1228,0.1312164869483236,0.46248011313417,0.3312636261858464
2021-04-28,Imperial,025,180216.0,138392,1654,59993,667,67446,952,10937,35,32336,735,90629,769,58293,907,0.1794291294890575,0.5028909752741155,0.3234618457850579
2021-04-28,Inyo,027,18085.0,14601,121,5015,3,9052,116,395,2,1808,21,8322,23,6514,100,0.0999723527785457,0.4601603538844346,0.3601880011058888
2021-04-28,Kern,029,883053.0,482608,6568,230138,3895,228920,2548,23419,124,71950,1906,288102,2027,216152,4627,0.0814786881421613,0.3262567478962191,0.2447780597540578
2021-04-28,Kings,031,150075.0,70430,545,27715,270,38879,253,3810,22,9565,282,41855,304,32290,261,0.0637347992670331,0.2788938863901383,0.2151590871231051
2021-04-28,Lake,033,64148.0,40855,518,12159,47,27157,455,1537,16,5173,97,23733,112,18560,418,0.080641641204714,0.3699725634470287,0.2893309222423146
2021-04-28,Lassen,035,31185.0,9916,75,1203,5,8047,68,655,2,808,25,5667,27,4859,50,0.0259098925765592,0.1817219817219817,0.1558120891454224
2021-04-28,Los Angeles,037,10098052.0,8019191,90460,4087026,43956,3601645,44289,327950,2195,1452461,35117,4887598,37302,3435137,54993,0.1438357615904532,0.4840139464522464,0.3401781848617931
2021-04-28,Madera,039,155013.0,93157,535,44318,215,45315,301,3478,19,13034,249,54549,267,41515,286,0.0840832704353828,0.3518995181049331,0.2678162476695503
2021-04-28,Marin,041,260295.0,303855,2391,179543,1638,116034,700,8264,53,38113,748,174834,800,136721,1640,0.1464223285118807,0.6716763671987552,0.5252540386868745
2021-04-28,Mariposa,043,17540.0,10642,73,1635,12,8601,54,386,7,2745,26,6844,33,4099,47,0.1564994298745724,0.390193842645382,0.2336944127708095
2021-04-28,Mendocino,045,87422.0,75119,233,38435,153,34493,61,2180,19,9304,132,43156,152,33852,101,0.1064263000160142,0.493651483608245,0.3872251835922308
2021-04-28,Merced,047,269075.0,156579,1490,87282,746,61442,735,7193,8,26235,826,92710,835,66475,627,0.0975006968317383,0.344550775806002,0.2470500789742636
2021-04-28,Modoc,049,8938.0,4773,8,496,1,4013,6,261,1,326,3,2677,4,2351,5,0.036473484000895,0.2995077198478407,0.2630342358469456
2021-04-28,Mono,051,14174.0,13492,72,7635,47,5611,20,196,5,829,51,7222,56,6393,21,0.0584873712431212,0.5095244814448991,0.4510371102017779
2021-04-28,Monterey,053,433212.0,341026,3932,145265,1565,179870,2203,15330,160,65117,2357,210074,2510,144957,1549,0.1503120873844676,0.4849219319871102,0.3346098446026426
2021-04-28,Napa,055,140530.0,142238,1077,68487,502,70176,559,3563,16,21842,357,83715,373,61873,709,0.1554258877108091,0.5957091012595176,0.4402832135487085
2021-04-28,Nevada,057,99092.0,81051,1038,41962,617,37240,417,1847,4,12314,399,47505,403,35191,637,0.124268356678642,0.4794029790497719,0.3551346223711298
2021-04-28,Orange,059,3164182.0,2648875,32352,1398130,16388,1172034,15050,77740,905,437184,12856,1577994,13757,1140810,19343,0.1381665150740381,0.4987051945810955,0.3605386795070574
2021-04-28,Placer,061,380077.0,314159,3129,170531,1964,137062,1126,6556,39,45633,1618,182926,1659,137293,1509,0.1200625136485501,0.4812866866450745,0.3612241729965244
2021-04-28,Plumas,063,18699.0,13916,300,1043,5,12123,294,721,0,1208,33,7880,33,6672,263,0.0646023851542863,0.4214129097812717,0.3568105246269854
2021-04-28,Riverside,065,2383286.0,1545046,17444,815826,9459,683993,7691,44607,274,271784,5975,928902,6252,657118,11384,0.1140375095561338,0.3897568315342766,0.2757193219781428
2021-04-28,Sacramento,067,1510023.0,1116360,11048,586938,6258,500244,4580,29089,210,176328,6101,659682,6316,483354,4937,0.1167717312915101,0.4368688423951158,0.3200971111036057
2021-04-28,San Benito,069,59416.0,45243,585,21213,416,21600,162,2335,7,9088,410,28125,417,19037,172,0.1529554328800323,0.4733573448229433,0.320401911942911
2021-04-28,San Bernardino,071,2135413.0,1231217,15532,670774,9330,520140,5913,40142,286,223346,5578,746101,5851,522755,9919,0.1045914771521949,0.349394238959864,0.244802761807669
2021-04-28,San Diego,073,3302833.0,2760931,39012,1379474,23206,1306801,15097,73917,696,507274,16956,1674457,18037,1167183,21610,0.1535875413622184,0.506975980923044,0.3533884395608255
2021-04-28,San Francisco,075,870044.0,935161,10277,576021,7160,318856,2915,40111,201,165441,5232,569588,5435,404147,5018,0.1901524520598958,0.6546657410429817,0.4645132889830859
2021-04-28,San Joaquin,077,732212.0,487836,6017,255999,3629,214396,2305,17408,83,87525,2754,291718,2839,204193,3184,0.1195350526896581,0.3984064724424074,0.2788714197527492
2021-04-28,San Luis Obispo,079,281455.0,228916,3876,112810,2145,107653,1660,8349,71,35769,1314,136232,1383,100463,2544,0.1270860350677728,0.4840276420742214,0.3569416070064486
2021-04-28,San Mateo,081,765935.0,764210,8432,435900,4895,297960,3326,30048,208,138314,4422,465444,4631,327130,3988,0.1805819031641066,0.6076808084236913,0.4270989052595847
2021-04-28,Santa Barbara,083,443738.0,361289,4978,199042,2859,146548,1995,15427,119,67792,1438,221752,1559,153960,3514,0.1527748356011881,0.4997363308979623,0.3469614952967742
2021-04-28,Santa Clara,085,1922200.0,1821149,27605,1059872,20394,681310,6705,77051,462,435792,11502,1163391,11991,727599,15956,0.2267152221412964,0.6052393091249609,0.3785240869836646
2021-04-28,Santa Cruz,087,273765.0,248169,3395,105285,1885,136843,1425,6010,84,42921,1741,148260,1824,105339,1637,0.1567804503862802,0.5415593666100488,0.3847789162237686
2021-04-28,Shasta,089,179085.0,95893,579,40940,147,50987,400,3932,32,14903,252,57277,283,42374,326,0.0832174665661557,0.3198313649942764,0.2366138984281207
2021-04-28,Sierra,091,2930.0,2420,11,122,3,2289,8,9,0,86,2,1252,2,1166,9,0.0293515358361774,0.4273037542662116,0.3979522184300341
2021-04-28,Siskiyou,093,43540.0,26785,113,10269,10,15748,95,734,8,3237,55,15346,63,12109,58,0.074345429490124,0.3524575103353238,0.2781120808451998
2021-04-28,Solano,095,438530.0,347995,6364,172371,5279,167975,1037,7619,47,59185,3942,207049,3989,147864,2403,0.1349622602786582,0.4721432969238136,0.3371810366451554
2021-04-28,Sonoma,097,501317.0,479587,5144,243025,3353,223085,1582,13437,209,68349,2047,280052,2250,211703,3071,0.1363388833811739,0.5586325618321342,0.4222936784509601
2021-04-28,Stanislaus,099,539301.0,339252,4326,177989,2858,149462,1409,11600,58,56548,1826,200181,1887,143633,2449,0.1048542465153967,0.371186035256749,0.2663317887413522
2021-04-28,Sutter,101,95872.0,60792,878,21428,392,36346,478,3014,8,8507,282,36013,290,27506,591,0.0887328938584779,0.3756362650200267,0.2869033711615487
2021-04-28,Tehama,103,63373.0,30652,431,9663,350,20116,62,866,19,3227,77,17342,96,14115,353,0.0509207391160273,0.27364966152778,0.2227289224117526
2021-04-28,Trinity,105,12862.0,7091,31,764,10,6035,21,290,0,1119,11,4246,11,3127,20,0.0870004664904369,0.3301197325454828,0.2431192660550458
2021-04-28,Tulare,107,460477.0,269755,1807,147576,1036,114421,729,7711,41,34313,714,155549,755,121236,1087,0.0745162081928087,0.337799716381057,0.2632835081882482
2021-04-28,Tuolumne,109,53932.0,39502,131,10025,37,29015,82,457,12,4079,58,21676,70,17597,69,0.0756322776830082,0.4019135207298079,0.3262812430467997
2021-04-28,Ventura,111,848112.0,706085,8679,342407,4995,339334,3347,24041,335,112721,3390,420568,3724,307847,5258,0.1329081536400852,0.4958873356349161,0.3629791819948308
2021-04-28,Yolo,113,214977.0,184635,2141,84915,1076,94574,1036,5132,29,30939,778,110220,807,79281,1359,0.1439177214306646,0.512706010410416,0.3687882889797513
2021-04-28,Yuba,115,75493.0,34664,470,10761,199,21657,266,2235,5,5629,161,21222,166,15593,306,0.0745632045355198,0.2811121560939424,0.2065489515584226
2021-04-27,Alameda,001,1643700.0,1513339,17051,900659,10242,523904,6424,88272,374,295883,7823,946825,8201,650942,9151,0.1800103425199245,0.5760327310336436,0.396022388513719
2021-04-27,Alpine,003,1148.0,1343,1,29,0,1311,1,3,0,158,1,747,1,589,0,0.1376306620209059,0.6506968641114983,0.5130662020905923
2021-04-27,Amador,005,37829.0,29417,502,6948,42,21908,459,560,1,3817,83,16481,84,12664,411,0.1009014248328002,0.4356710460228924,0.3347696211900922
2021-04-27,Butte,007,227075.0,141069,1045,60869,692,75137,327,5056,26,15909,592,80873,619,64964,450,0.0700605526808323,0.3561510514147308,0.2860904987338984
2021-04-27,Calaveras,009,45235.0,32078,458,11772,77,19766,369,539,12,4054,54,18003,66,13949,397,0.089620868796286,0.3979882834088648,0.3083674146125787
2021-04-27,Colusa,011,21464.0,13346,101,2734,27,9864,70,747,4,2312,46,8182,50,5870,55,0.1077152441297055,0.3811964219157659,0.2734811777860604
2021-04-27,Contra Costa,013,1133247.0,1106848,14964,691186,10885,378983,3898,36472,178,173141,4155,657336,4334,484195,10784,0.1527831090662494,0.5800465388392821,0.4272634297730327
2021-04-27,Del Norte,015,27424.0,14365,183,5141,22,8548,156,642,5,2352,49,8616,54,6264,133,0.0857642940490081,0.3141773628938156,0.2284130688448074
2021-04-27,El Dorado,017,186661.0,141898,1208,62948,481,74441,680,4490,42,19684,534,82845,576,63161,662,0.1054532012578953,0.4438259732884748,0.3383727720305795
2021-04-27,Fresno,019,978130.0,661301,5031,311747,2599,324339,2301,24956,126,89259,1951,386314,2074,297055,3053,0.0912547411898214,0.3949515913017697,0.3036968501119483
2021-04-27,Glenn,021,27897.0,16566,64,5533,49,10162,10,854,5,2004,31,9680,35,7676,32,0.071835681256049,0.3469907158475822,0.2751550345915331
2021-04-27,Humboldt,023,135768.0,102177,833,48623,321,49207,479,4240,31,18587,185,62334,216,43747,645,0.1369026574745153,0.4591214424606682,0.3222187849861528
2021-04-27,Imperial,025,180216.0,136738,1257,59326,404,66494,841,10902,12,32474,612,89860,624,57386,638,0.180194877258401,0.4986238735739335,0.3184289963155324
2021-04-27,Inyo,027,18085.0,14480,192,5012,5,8936,181,393,4,1885,50,8299,54,6414,139,0.1042300248824993,0.4588885816975394,0.3546585568150401
2021-04-27,Kern,029,883053.0,476040,4923,226243,2399,226372,2411,23295,111,74550,1525,286075,1634,211525,3376,0.0844230187769024,0.3239613024359806,0.2395382836590782
2021-04-27,Kings,031,150075.0,69885,459,27445,204,38626,236,3788,19,9522,194,41551,213,32029,262,0.0634482758620689,0.2768682325503914,0.2134199566883225
2021-04-27,Lake,033,64148.0,40337,251,12112,26,26702,206,1521,19,5479,86,23621,105,18142,164,0.0854118600735798,0.3682266009852217,0.2828147409116418
2021-04-27,Lassen,035,31185.0,9841,101,1198,4,7979,94,653,3,831,51,5640,54,4809,50,0.0266474266474266,0.1808561808561808,0.1542087542087542
2021-04-27,Los Angeles,037,10098052.0,7928731,97683,4043070,47098,3557356,48427,325755,2077,1470152,37030,4850296,39081,3380144,60266,0.1455876836443306,0.4803199666628771,0.3347322830185466
2021-04-27,Madera,039,155013.0,92622,655,44103,295,45014,333,3459,27,13053,319,54282,346,41229,333,0.0842058408004489,0.3501770819221613,0.2659712411217124
2021-04-27,Marin,041,260295.0,301464,3097,177905,2214,115334,832,8211,51,38953,1001,174034,1048,135081,2088,0.1496494362166004,0.6686029312894984,0.518953495072898
2021-04-27,Mariposa,043,17540.0,10569,37,1623,19,8547,17,379,1,2759,13,6811,14,4052,22,0.1572976054732041,0.3883124287343215,0.2310148232611174
2021-04-27,Mendocino,045,87422.0,74886,216,38282,98,34432,92,2161,26,9253,98,43004,123,33751,118,0.1058429228340692,0.4919127908306833,0.3860698679966141
2021-04-27,Merced,047,269075.0,155089,1937,86536,989,60707,930,7185,13,26027,752,91875,769,65848,1091,0.0967276781566477,0.3414475517978259,0.2447198736411781
2021-04-27,Modoc,049,8938.0,4765,9,495,6,4007,2,260,1,327,1,2673,2,2346,8,0.0365853658536585,0.2990601924367868,0.2624748265831282
2021-04-27,Mono,051,14174.0,13420,69,7588,40,5591,19,191,9,794,49,7166,58,6372,19,0.0560180612388881,0.5055735854381261,0.449555524199238
2021-04-27,Monterey,053,433212.0,337094,3056,143700,1011,177667,1899,15170,143,64156,1299,207564,1442,143408,1750,0.1480937739490134,0.4791280019944046,0.3310342280453912
2021-04-27,Napa,055,140530.0,141161,1863,67985,482,69617,1368,3547,13,22178,588,83342,601,61164,1272,0.1578168362627197,0.5930548637301644,0.4352380274674446
2021-04-27,Nevada,057,99092.0,80013,863,41345,401,36823,456,1843,6,12548,427,47102,433,34554,435,0.1266297985710249,0.4753360513462237,0.3487062527751988
2021-04-27,Orange,059,3164182.0,2616523,32489,1381742,15422,1156984,16416,76835,645,442770,12145,1564237,12799,1121467,20200,0.1399319002509969,0.4943574674276005,0.3544255671766036
2021-04-27,Placer,061,380077.0,311030,2826,168567,1503,135936,1273,6517,50,45483,1565,181267,1615,135784,1259,0.11966785677639,0.4769217816389837,0.3572539248625936
2021-04-27,Plumas,063,18699.0,13616,111,1038,6,11829,105,721,0,1438,70,7847,70,6409,41,0.0769025081555163,0.4196481095245735,0.3427456013690572
2021-04-27,Riverside,065,2383286.0,1527602,18930,806367,10800,676302,7907,44333,221,276916,6621,922650,6844,645734,12265,0.1161908390348451,0.387133562652573,0.2709427236177278
2021-04-27,Sacramento,067,1510023.0,1105312,12463,580680,8170,495664,4130,28879,162,174949,6074,653366,6236,478417,6364,0.1158585001685404,0.4326861246484325,0.316827624479892
2021-04-27,San Benito,069,59416.0,44658,581,20797,295,21438,279,2328,7,8843,411,27708,418,18865,163,0.1488319644540191,0.4663390332570351,0.317507068803016
2021-04-27,San Bernardino,071,2135413.0,1215685,17171,661444,10413,514227,6540,39856,218,227414,7022,740250,7239,512836,10108,0.1064964950573963,0.346654253767304,0.2401577587099076
2021-04-27,San Diego,073,3302833.0,2721919,45472,1356268,25067,1291704,19811,73221,585,510847,19341,1656420,20370,1145573,25673,0.1546693399272685,0.5015149115925631,0.3468455716652946
2021-04-27,San Francisco,075,870044.0,924884,9347,568861,6350,315941,2829,39910,167,165024,4512,564153,4687,399129,4815,0.1896731659548252,0.6484189305368464,0.4587457645820211
2021-04-27,San Joaquin,077,732212.0,481819,5028,252370,2937,212091,2025,17325,66,87870,2011,288879,2077,201009,2970,0.1200062277045445,0.3945291800735306,0.274522952368986
2021-04-27,San Luis Obispo,079,281455.0,225040,4015,110665,2052,105993,1878,8278,85,36930,1533,134849,1616,97919,2474,0.1312110284059618,0.4791138903199445,0.3479028619139827
2021-04-27,San Mateo,081,765935.0,755778,11818,431005,8303,294634,3350,29840,161,137671,4793,460813,4957,323142,6993,0.1797424063399635,0.601634603458518,0.4218921971185544
2021-04-27,Santa Barbara,083,443738.0,356311,4139,196183,2228,144553,1804,15308,105,69747,1187,220193,1291,150446,2939,0.157180588545493,0.4962229964528618,0.3390424079073688
2021-04-27,Santa Clara,085,1922200.0,1793544,28866,1039478,20497,674605,7934,76589,389,439757,12451,1151400,12860,711643,16292,0.2287779627510144,0.599001144521902,0.3702231817708875
2021-04-27,Santa Cruz,087,273765.0,244774,2931,103400,939,135418,1876,5926,114,42734,1408,146436,1522,103702,1514,0.1560973827918104,0.5348967179880555,0.378799335196245
2021-04-27,Shasta,089,179085.0,95314,537,40793,175,50587,325,3900,37,14946,294,56994,329,42048,240,0.0834575760113912,0.3182511098081916,0.2347935337968004
2021-04-27,Sierra,091,2930.0,2409,27,119,0,2281,27,9,0,93,3,1250,3,1157,24,0.0317406143344709,0.4266211604095563,0.3948805460750853
2021-04-27,Siskiyou,093,43540.0,26672,117,10259,5,15653,110,726,2,3232,88,15283,90,12051,29,0.0742305925585668,0.3510105649977033,0.2767799724391364
2021-04-27,Solano,095,438530.0,341631,2726,167092,1399,166938,1297,7572,30,57599,1550,203060,1579,145461,1171,0.1313456319978108,0.4630469979248854,0.3317013659270745
2021-04-27,Sonoma,097,501317.0,474443,5690,239672,3834,221503,1728,13228,128,69170,2247,277802,2375,208632,3425,0.1379765697153697,0.5541443836933517,0.4161678139779819
2021-04-27,Stanislaus,099,539301.0,334926,4013,175131,2617,148053,1343,11542,51,57110,1181,198294,1231,141184,2773,0.1058963361833187,0.3676870615852742,0.2617907254019554
2021-04-27,Sutter,101,95872.0,59914,575,21036,291,35868,280,3006,4,8808,250,35723,254,26915,320,0.0918724966622163,0.3726113985313751,0.2807389018691589
2021-04-27,Tehama,103,63373.0,30221,280,9313,223,20054,53,847,4,3484,108,17246,112,13762,171,0.0549760939201237,0.2721348208227478,0.2171587269026241
2021-04-27,Trinity,105,12862.0,7060,90,754,14,6014,76,290,0,1128,23,4235,23,3107,67,0.087700202145856,0.3292645000777484,0.2415642979318924
2021-04-27,Tulare,107,460477.0,267948,1763,146540,716,113692,1004,7670,42,34645,739,154794,779,120149,1019,0.0752371996864121,0.336160112231447,0.2609229125450348
2021-04-27,Tuolumne,109,53932.0,39371,150,9988,25,28933,118,445,7,4078,67,21606,74,17528,79,0.0756137358154713,0.400615590002225,0.3250018541867537
2021-04-27,Ventura,111,848112.0,697406,9401,337412,5220,335987,3951,23706,227,114255,3508,416844,3736,302589,5870,0.1347168770162431,0.4914964061350387,0.3567795291187956
2021-04-27,Yolo,113,214977.0,182494,1609,83839,792,93538,795,5103,22,31491,649,109413,671,77922,959,0.1464854379770859,0.508952120459398,0.362466682482312
2021-04-27,Yuba,115,75493.0,34194,510,10562,183,21391,317,2230,10,5769,255,21056,265,15287,254,0.0764176811095068,0.2789132767276436,0.2024955956181368
2021-04-26,Alameda,001,1643700.0,1496288,15136,890417,10513,517480,4584,87898,30,296833,9087,938624,9120,641791,5993,0.18058830686865,0.5710433777453306,0.3904550708766806
2021-04-26,Alpine,003,1148.0,1342,0,29,0,1310,0,3,0,157,0,746,0,589,0,0.1367595818815331,0.6498257839721254,0.5130662020905923
2021-04-26,Amador,005,37829.0,28915,102,6906,32,21449,69,559,1,4144,47,16397,47,12253,53,0.1095455867191837,0.4334505273731793,0.3239049406539956
2021-04-26,Butte,007,227075.0,140024,1606,60177,483,74810,1117,5030,6,15740,406,80254,413,64514,1195,0.0693163051855113,0.3534250798194429,0.2841087746339315
2021-04-26,Calaveras,009,45235.0,31620,140,11695,85,19397,55,527,0,4385,38,17937,38,13552,98,0.0969382115618437,0.3965292362108986,0.2995910246490549
2021-04-26,Colusa,011,21464.0,13245,24,2707,5,9794,18,743,1,2317,5,8132,5,5815,18,0.1079481923220275,0.3788669399925456,0.2709187476705181
2021-04-26,Contra Costa,013,1133247.0,1091884,10393,680301,8593,375085,1773,36294,26,179591,3179,653002,3211,473411,7199,0.1584747191036023,0.5762221298622454,0.4177474107586431
2021-04-26,Del Norte,015,27424.0,14182,35,5119,1,8392,34,637,0,2431,10,8562,10,6131,25,0.0886449824970828,0.312208284714119,0.2235633022170361
2021-04-26,El Dorado,017,186661.0,140690,1230,62467,522,73761,691,4448,17,19770,579,82269,596,62499,646,0.1059139295300035,0.4407401653264474,0.3348262357964438
2021-04-26,Fresno,019,978130.0,656270,4444,309148,2287,322038,2107,24830,46,90238,1855,384240,1900,294002,2560,0.0922556306421436,0.3928312187541533,0.3005755881120096
2021-04-26,Glenn,021,27897.0,16502,49,5484,14,10152,35,849,0,2001,19,9645,19,7644,30,0.0717281428110549,0.3457361006559845,0.2740079578449295
2021-04-26,Humboldt,023,135768.0,101344,404,48302,278,48728,122,4209,4,19016,113,62118,114,43102,287,0.1400624594897177,0.4575304931942726,0.3174680337045548
2021-04-26,Imperial,025,180216.0,135481,1308,58922,513,65653,790,10890,5,32488,727,89236,732,56748,567,0.1802725618147112,0.49516136192125,0.3148888001065388
2021-04-26,Inyo,027,18085.0,14288,90,5007,1,8755,87,389,1,1970,10,8245,11,6275,79,0.1089300525297207,0.455902681780481,0.3469726292507603
2021-04-26,Kern,029,883053.0,471117,4016,223844,1931,223961,2030,23184,53,76292,1097,284441,1149,208149,2891,0.0863957203021789,0.3221109038755318,0.2357151835733529
2021-04-26,Kings,031,150075.0,69426,325,27241,178,38390,144,3769,3,9571,196,41338,199,31767,129,0.0637747792770281,0.2754489421955688,0.2116741629185407
2021-04-26,Lake,033,64148.0,40086,292,12086,81,26496,210,1502,1,5538,89,23516,90,17978,202,0.0863316081561389,0.3665897611772775,0.2802581530211386
2021-04-26,Lassen,035,31185.0,9740,43,1194,0,7885,37,650,6,827,6,5586,11,4759,36,0.0265191598524931,0.1791245791245791,0.1526054192720859
2021-04-26,Los Angeles,037,10098052.0,7831048,81076,3995972,42325,3508929,38134,323678,537,1491337,39046,4811215,39577,3319878,41689,0.1476856130271462,0.4764498142810118,0.3287642012538656
2021-04-26,Madera,039,155013.0,91967,580,43808,118,44681,456,3432,6,13040,136,53936,142,40896,443,0.0841219768664563,0.3479450110635882,0.2638230341971319
2021-04-26,Marin,041,260295.0,298367,1689,175691,1432,114502,254,8160,3,39993,401,172986,404,132993,1279,0.1536449028986342,0.664576730248372,0.5109318273497377
2021-04-26,Mariposa,043,17540.0,10532,16,1604,11,8530,5,378,0,2767,4,6797,4,4030,12,0.1577537058152793,0.3875142531356899,0.2297605473204104
2021-04-26,Mendocino,045,87422.0,74670,314,38184,243,34340,66,2135,5,9248,201,42881,206,33633,111,0.105785728992702,0.4905058223330512,0.3847200933403491
2021-04-26,Merced,047,269075.0,153152,1317,85547,570,59777,743,7172,0,26349,654,91106,656,64757,604,0.097924370528663,0.3385896125615534,0.2406652420328904
2021-04-26,Modoc,049,8938.0,4756,7,489,0,4005,7,259,0,333,2,2671,2,2338,5,0.0372566569702394,0.2988364287312597,0.2615797717610204
2021-04-26,Mono,051,14174.0,13351,19,7548,7,5572,12,182,0,755,6,7108,6,6353,13,0.0532665443770283,0.5014815860025399,0.4482150416255115
2021-04-26,Monterey,053,433212.0,334038,3955,142689,2343,175768,1591,15027,18,64464,1030,206122,1048,141658,2906,0.1488047422509071,0.475799377671902,0.3269946354209948
2021-04-26,Napa,055,140530.0,139298,559,67503,289,68249,270,3534,0,22849,288,82741,288,59892,271,0.1625916174482317,0.5887781968263004,0.4261865793780687
2021-04-26,Nevada,057,99092.0,79150,781,40944,591,36367,181,1837,9,12550,221,46669,230,34119,557,0.1266499818350623,0.4709663746821136,0.3443163928470512
2021-04-26,Orange,059,3164182.0,2584034,30093,1366320,14948,1140568,14935,76190,203,450171,12870,1551438,13072,1101267,17092,0.1422708933936164,0.4903125041479915,0.348041610754375
2021-04-26,Placer,061,380077.0,308204,2586,167064,1391,134663,1170,6467,25,45127,1244,179652,1269,134525,1338,0.1187312044664633,0.4726726426487264,0.3539414381822631
2021-04-26,Plumas,063,18699.0,13505,33,1032,4,11724,29,721,0,1409,9,7777,9,6368,24,0.0753516230814482,0.415904593828547,0.3405529707470988
2021-04-26,Riverside,065,2383286.0,1508672,17681,795567,11034,668395,6584,44112,61,282337,6034,915806,6097,633469,11597,0.1184654296630786,0.3842618972292876,0.265796467566209
2021-04-26,Sacramento,067,1510023.0,1092849,10941,572510,6904,491534,4014,28717,21,175077,5201,647130,5220,472053,5714,0.1159432670893092,0.4285563862272296,0.3126131191379204
2021-04-26,San Benito,069,59416.0,44077,517,20502,413,21159,104,2321,0,8588,266,27290,266,18702,214,0.1445401911942911,0.4593038912077555,0.3147637000134644
2021-04-26,San Bernardino,071,2135413.0,1198514,11648,651031,6364,507687,5190,39638,93,230283,4941,733011,5034,502728,6672,0.1078400290716596,0.3432642772147589,0.2354242481430992
2021-04-26,San Diego,073,3302833.0,2676447,34078,1331201,17174,1271893,16725,72636,169,516150,11477,1636050,12133,1119900,22249,0.1562749312484161,0.4953474789672987,0.3390725477188825
2021-04-26,San Francisco,075,870044.0,915537,8753,562511,6235,313112,2500,39743,17,165152,4280,559466,4302,394314,4448,0.1898202849511059,0.6430318466652262,0.4532115617141202
2021-04-26,San Joaquin,077,732212.0,476791,4366,249433,2833,210066,1527,17259,6,88763,2137,286802,2142,198039,2184,0.1212258198445259,0.3916925699114464,0.2704667500669205
2021-04-26,San Luis Obispo,079,281455.0,221025,1102,108613,408,104115,676,8193,18,37788,393,133233,410,95445,706,0.1342594730951662,0.4733722975253593,0.3391128244301931
2021-04-26,San Mateo,081,765935.0,743960,7047,422702,5093,291284,1938,29679,10,139707,3991,455856,4004,316149,3034,0.1824005953507804,0.5951627749090981,0.4127621795583176
2021-04-26,Santa Barbara,083,443738.0,352172,3351,193955,2030,142749,1297,15203,21,71395,597,218902,618,147507,2741,0.1608944917947077,0.4933136220021724,0.3324191302074648
2021-04-26,Santa Clara,085,1922200.0,1764678,26254,1018981,20146,666671,5981,76200,69,443189,10724,1138540,10798,695351,15355,0.2305634169181146,0.592310893767558,0.3617474768494433
2021-04-26,Santa Cruz,087,273765.0,241843,2039,102461,985,133542,1030,5812,24,42726,821,144914,845,102188,1209,0.1560681606487315,0.5293372052672913,0.3732690446185597
2021-04-26,Shasta,089,179085.0,94777,498,40618,60,50262,432,3863,5,14857,349,56665,353,41808,145,0.0829606052991596,0.3164139933551107,0.2334533880559511
2021-04-26,Sierra,091,2930.0,2382,2,119,0,2254,2,9,0,114,1,1247,1,1133,0,0.0389078498293515,0.4255972696245734,0.3866894197952218
2021-04-26,Siskiyou,093,43540.0,26555,101,10254,5,15543,91,724,5,3171,24,15193,29,12022,77,0.0728295819935691,0.3489435002296738,0.2761139182361047
2021-04-26,Solano,095,438530.0,338905,2819,165693,1878,165641,937,7542,4,57191,1609,201481,1613,144290,1201,0.1304152509520443,0.4594463320639409,0.3290310811118965
2021-04-26,Sonoma,097,501317.0,468753,3073,235838,1465,219775,1579,13100,29,70220,1651,275427,1680,205207,1417,0.1400710528468015,0.5494068623246369,0.4093358094778354
2021-04-26,Stanislaus,099,539301.0,330913,3418,172514,2223,146710,1187,11491,6,58652,1097,197063,1106,138411,2275,0.1087555928878307,0.3654044772770679,0.2566488843892371
2021-04-26,Sutter,101,95872.0,59339,333,20745,114,35588,217,3002,2,8874,144,35469,146,26595,187,0.0925609145527369,0.3699620327102804,0.2774011181575433
2021-04-26,Tehama,103,63373.0,29941,97,9090,13,20001,84,843,0,3543,53,17134,53,13591,44,0.0559070897700913,0.2703675066668771,0.2144604168967857
2021-04-26,Trinity,105,12862.0,6970,48,740,10,5938,38,290,0,1172,39,4212,39,3040,9,0.0911211320167936,0.3274762867361219,0.2363551547193282
2021-04-26,Tulare,107,460477.0,266185,1623,145824,972,112688,629,7628,22,34885,670,154015,689,119130,948,0.0757583983564868,0.3344683882148294,0.2587099898583425
2021-04-26,Tuolumne,109,53932.0,39221,167,9963,61,28815,106,438,0,4083,70,21532,71,17449,91,0.0757064451531558,0.3992434918044945,0.3235370466513387
2021-04-26,Ventura,111,848112.0,688005,8168,332192,4686,332036,3414,23479,66,116389,3382,413108,3443,296719,4762,0.1372330541249269,0.4870913275605109,0.3498582734355839
2021-04-26,Yolo,113,214977.0,180885,1306,83047,544,92743,759,5081,3,31779,567,108742,570,76963,739,0.1478251161752187,0.5058308563241649,0.3580057401489461
2021-04-26,Yuba,115,75493.0,33684,259,10379,72,21074,183,2220,4,5758,116,20791,120,15033,143,0.0762719722358364,0.2754030174983111,0.1991310452624746
2021-04-25,Alameda,001,1643700.0,1481152,9223,879904,7178,512896,2035,87868,5,293706,5997,929504,6004,635798,3186,0.1786858915860558,0.5654949199975665,0.3868090284115106
2021-04-25,Alpine,003,1148.0,1342,1,29,1,1310,0,3,0,157,0,746,0,589,1,0.1367595818815331,0.6498257839721254,0.5130662020905923
2021-04-25,Amador,005,37829.0,28813,46,6874,20,21380,26,558,0,4150,29,16350,29,12200,17,0.1097041951941632,0.4322080943191731,0.3225038991250099
2021-04-25,Butte,007,227075.0,138418,179,59694,73,73693,106,5024,0,16522,59,79841,59,63319,118,0.0727601012881206,0.3516062974788065,0.2788461961906859
2021-04-25,Calaveras,009,45235.0,31480,52,11610,33,19342,19,527,0,4445,25,17899,26,13454,27,0.0982646181054493,0.3956891787332817,0.2974245606278324
2021-04-25,Colusa,011,21464.0,13221,12,2702,6,9776,6,742,0,2330,8,8127,8,5797,4,0.1085538576220648,0.3786339918002236,0.2700801341781588
2021-04-25,Contra Costa,013,1133247.0,1081491,3445,671708,2324,373312,1118,36268,3,183579,2129,649791,2133,466212,1303,0.1619938107049919,0.5733886787258206,0.4113948680208286
2021-04-25,Del Norte,015,27424.0,14147,2,5118,0,8358,2,637,0,2446,2,8552,2,6106,0,0.0891919486581096,0.3118436406067678,0.2226516919486581
2021-04-25,El Dorado,017,186661.0,139460,833,61945,458,73070,375,4431,0,19820,477,81673,477,61853,355,0.1061817948044851,0.4375472112546273,0.3313654164501422
2021-04-25,Fresno,019,978130.0,651826,1402,306861,571,319931,828,24784,3,90898,699,382340,701,291442,698,0.0929303875762935,0.3908887366709946,0.2979583490947011
2021-04-25,Glenn,021,27897.0,16453,29,5470,17,10117,12,849,0,2012,21,9626,21,7614,8,0.0721224504426999,0.3450550238376886,0.2729325733949887
2021-04-25,Humboldt,023,135768.0,100940,396,48024,255,48606,141,4205,0,19189,205,62004,205,42815,189,0.1413366920040068,0.4566908255258971,0.3153541335218903
2021-04-25,Imperial,025,180216.0,134173,292,58409,112,64863,180,10885,0,32323,137,88504,137,56181,148,0.1793569938296266,0.4910995694056022,0.3117425755759755
2021-04-25,Inyo,027,18085.0,14198,143,5006,141,8668,2,388,0,2038,141,8234,141,6196,2,0.1126900746474979,0.4552944429084877,0.3426043682609898
2021-04-25,Kern,029,883053.0,467101,1438,221913,1147,221931,291,23131,0,78034,854,283292,854,205258,581,0.0883684218274554,0.3208097362219482,0.2324413143944927
2021-04-25,Kings,031,150075.0,69101,208,27063,188,38246,20,3766,0,9501,170,41139,170,31638,37,0.0633083458270864,0.2741229385307346,0.2108145927036481
2021-04-25,Lake,033,64148.0,39794,37,12005,20,26286,17,1501,0,5650,26,23426,26,17776,11,0.088077570617946,0.3651867556276111,0.2771091850096651
2021-04-25,Lassen,035,31185.0,9697,5,1194,0,7848,4,644,1,852,3,5575,4,4723,2,0.0273208273208273,0.1787718454385121,0.1514510181176847
2021-04-25,Los Angeles,037,10098052.0,7749972,38913,3953647,25739,3470795,13156,323141,11,1493449,20783,4771638,20797,3278189,18005,0.1478947622769223,0.4725305435147294,0.324635781237807
2021-04-25,Madera,039,155013.0,91387,277,43690,163,44225,110,3426,4,13341,121,53794,124,40453,150,0.086063749491978,0.3470289588615148,0.2609652093695367
2021-04-25,Marin,041,260295.0,296678,1380,174259,1257,114248,123,8157,0,40868,292,172582,292,131714,1082,0.1570064734243838,0.6630246451141973,0.5060181716898134
2021-04-25,Mariposa,043,17540.0,10516,0,1593,0,8525,0,378,0,2775,0,6793,0,4018,0,0.1582098061573546,0.3872862029646522,0.2290763968072976
2021-04-25,Mendocino,045,87422.0,74356,65,37941,38,34274,23,2130,4,9153,23,42675,27,33522,41,0.104699046006726,0.4881494360687241,0.3834503900619981
2021-04-25,Merced,047,269075.0,151835,345,84977,200,59034,144,7172,0,26297,183,90450,183,64153,149,0.0977311158598903,0.3361516305862678,0.2384205147263774
2021-04-25,Modoc,049,8938.0,4749,1,489,1,3998,0,259,0,336,1,2669,1,2333,0,0.0375923025285298,0.2986126650257328,0.2610203624972029
2021-04-25,Mono,051,14174.0,13332,6,7541,5,5560,1,182,0,762,5,7102,5,6340,1,0.0537604063778749,0.5010582757161,0.4472978693382249
2021-04-25,Monterey,053,433212.0,330083,1302,140346,651,174177,651,15009,0,66322,818,205074,818,138752,479,0.1530936354486948,0.4733802387745491,0.3202866033258543
2021-04-25,Napa,055,140530.0,138739,256,67214,193,67979,63,3534,0,22832,126,82453,126,59621,129,0.1624706468369743,0.5867288123532342,0.4242581655162599
2021-04-25,Nevada,057,99092.0,78369,139,40353,64,36186,71,1828,4,12877,54,46439,58,33562,85,0.1299499455051871,0.4686452993178057,0.3386953538126185
2021-04-25,Orange,059,3164182.0,2553941,23573,1351372,13281,1125633,10274,75987,16,454191,9965,1538366,9981,1084175,13512,0.1435413639291292,0.4861812626454483,0.3426398987163191
2021-04-25,Placer,061,380077.0,305618,939,165673,492,133493,447,6442,0,45196,558,178383,558,133187,381,0.118912746627657,0.4693338455102518,0.3504210988825948
2021-04-25,Plumas,063,18699.0,13472,2,1028,2,11695,0,721,0,1424,1,7768,1,6344,1,0.076153805016311,0.4154232846676293,0.3392694796513182
2021-04-25,Riverside,065,2383286.0,1490991,4327,784533,2898,661811,1420,44051,7,287837,2222,909709,2229,621872,2089,0.1207731678027731,0.3817036646042481,0.2609304968014749
2021-04-25,Sacramento,067,1510023.0,1081908,8619,565606,4551,487520,4068,28696,0,175571,4218,641910,4218,466339,4387,0.1162704144241511,0.4250994852396288,0.3088290708154776
2021-04-25,San Benito,069,59416.0,43560,210,20089,132,21055,78,2321,0,8536,94,27024,94,18488,103,0.143665006058974,0.4548269826309412,0.3111619765719671
2021-04-25,San Bernardino,071,2135413.0,1186866,3511,644667,2289,502497,1221,39545,0,231921,1714,727977,1714,496056,1778,0.1086070938034001,0.3409068878010951,0.232299793997695
2021-04-25,San Diego,073,3302833.0,2642369,12823,1314027,7789,1255168,5027,72467,3,526266,5658,1623917,5866,1097651,7026,0.1593377564048803,0.491673965955893,0.3323362095510127
2021-04-25,San Francisco,075,870044.0,906784,5153,556276,4409,310612,737,39726,7,165298,2961,555164,2973,389866,2177,0.1899880925562385,0.6380872691496062,0.4480991765933677
2021-04-25,San Joaquin,077,732212.0,472425,3177,246600,2667,208539,510,17253,0,88805,2055,284660,2056,195855,1089,0.1212831802811207,0.3887671876451082,0.2674840073639875
2021-04-25,San Luis Obispo,079,281455.0,219923,520,108205,172,103439,348,8175,0,38084,117,132823,117,94739,397,0.1353111509832833,0.4719155815316835,0.3366044305484003
2021-04-25,San Mateo,081,765935.0,736913,5648,417609,3919,289346,1725,29669,2,138737,3992,451852,3995,313115,1640,0.1811341693485739,0.5899351772670005,0.4088010079184265
2021-04-25,Santa Barbara,083,443738.0,348821,1858,191925,1193,141452,665,15182,0,73518,496,218284,496,144766,1353,0.1656788465265539,0.491920908283717,0.326242061757163
2021-04-25,Santa Clara,085,1922200.0,1738424,14020,998835,10122,660690,3869,76131,6,447746,8814,1127742,8828,679996,5143,0.2329341379669129,0.586693372177713,0.3537592342108001
2021-04-25,Santa Cruz,087,273765.0,239804,1052,101476,656,132512,383,5788,13,43090,421,144069,434,100979,626,0.1573977681588223,0.5262506164045806,0.3688528482457582
2021-04-25,Shasta,089,179085.0,94279,212,40558,180,49830,31,3858,1,14649,42,56312,43,41663,170,0.0817991456570902,0.3144428623279448,0.2326437166708546
2021-04-25,Sierra,091,2930.0,2380,0,119,0,2252,0,9,0,113,0,1246,0,1133,0,0.0385665529010238,0.4252559726962457,0.3866894197952218
2021-04-25,Siskiyou,093,43540.0,26454,5,10249,1,15452,4,719,0,3219,1,15164,1,11945,4,0.0739320165365181,0.3482774460266422,0.274345429490124
2021-04-25,Solano,095,438530.0,336086,1475,163815,1143,164704,332,7538,0,56779,1156,199868,1156,143089,317,0.1294757485234761,0.4557681344491825,0.3262923859257063
2021-04-25,Sonoma,097,501317.0,465680,1113,234373,812,218196,301,13071,0,69957,442,273747,442,203790,666,0.1395464346910238,0.546055689314346,0.4065092546233221
2021-04-25,Stanislaus,099,539301.0,327495,977,170291,535,145523,441,11485,0,59821,674,195957,675,136136,295,0.1109232135671916,0.3633536744786306,0.252430460911439
2021-04-25,Sutter,101,95872.0,59006,163,20631,75,35371,88,3000,0,8915,88,35323,88,26408,73,0.0929885680907877,0.3684391688918558,0.2754506008010681
2021-04-25,Tehama,103,63373.0,29844,36,9077,25,19917,11,843,0,3534,10,17081,10,13547,26,0.0557650734539946,0.2695311883609739,0.2137661149069793
2021-04-25,Trinity,105,12862.0,6922,9,730,8,5900,1,290,0,1142,3,4173,3,3031,5,0.0887886798320634,0.3244440988959726,0.2356554190639092
2021-04-25,Tulare,107,460477.0,264562,727,144852,552,112059,175,7606,0,35144,279,153326,279,118182,446,0.0763208585879425,0.3329721136994898,0.2566512551115473
2021-04-25,Tuolumne,109,53932.0,39054,26,9902,8,28709,18,438,0,4103,18,21461,18,17358,7,0.0760772825038938,0.3979270192093748,0.3218497367054809
2021-04-25,Ventura,111,848112.0,679837,2533,327506,1760,328622,771,23413,1,117708,1177,409665,1178,291957,1350,0.1387882732469296,0.4830317222253664,0.3442434489784368
2021-04-25,Yolo,113,214977.0,179579,977,82503,423,91984,554,5078,0,31948,731,108172,731,76224,245,0.1486112467845397,0.5031794098903604,0.3545681631058206
2021-04-25,Yuba,115,75493.0,33425,82,10307,33,20891,49,2216,0,5781,36,20671,36,14890,46,0.07657663624442,0.2738134661491794,0.1972368299047593
2021-04-24,Alameda,001,1643700.0,1471929,19398,872726,14669,510861,4710,87863,12,290888,10142,923500,10161,632612,9169,0.1769714668126787,0.5618421853136217,0.384870718500943
2021-04-24,Alpine,003,1148.0,1341,0,28,0,1310,0,3,0,158,0,746,0,588,0,0.1376306620209059,0.6498257839721254,0.5121951219512195
2021-04-24,Amador,005,37829.0,28767,57,6854,25,21354,31,558,0,4138,28,16321,28,12183,26,0.1093869782442041,0.4314414866901054,0.3220545084459013
2021-04-24,Butte,007,227075.0,138239,359,59621,144,73587,214,5024,1,16581,192,79782,193,63201,168,0.073019927336783,0.3513464714301442,0.2783265440933612
2021-04-24,Calaveras,009,45235.0,31428,180,11577,43,19323,137,527,0,4446,131,17873,131,13427,48,0.098286724881176,0.3951144025643859,0.2968276776832099
2021-04-24,Colusa,011,21464.0,13209,235,2696,15,9770,219,742,1,2326,207,8119,208,5793,28,0.1083674990682072,0.3782612746925083,0.2698937756243011
2021-04-24,Contra Costa,013,1133247.0,1078046,11148,669384,8532,372194,2613,36265,2,182749,4350,647658,4352,464909,6776,0.1612614019715031,0.5715064765227704,0.4102450745512673
2021-04-24,Del Norte,015,27424.0,14145,28,5118,14,8356,14,637,0,2444,23,8550,23,6106,5,0.0891190198366394,0.3117707117852975,0.2226516919486581
2021-04-24,El Dorado,017,186661.0,138627,1067,61487,536,72695,531,4431,0,19698,807,81196,807,61498,256,0.1055282035347501,0.4349917765360734,0.3294635730013232
2021-04-24,Fresno,019,978130.0,650424,4230,306290,2534,319103,1695,24781,0,90895,1918,381639,1918,290744,2292,0.0929273204993201,0.3901720630182082,0.2972447425188881
2021-04-24,Glenn,021,27897.0,16424,183,5453,31,10105,152,849,0,1999,29,9605,29,7606,153,0.0716564505143922,0.34430225472273,0.2726458042083378
2021-04-24,Humboldt,023,135768.0,100544,1281,47769,920,48465,356,4205,5,19173,344,61799,349,42626,932,0.1412188439101997,0.4551808968239939,0.3139620529137941
2021-04-24,Imperial,025,180216.0,133881,633,58297,350,64683,283,10885,0,32334,245,88367,245,56033,384,0.1794180316952989,0.490339370533138,0.310921338837839
2021-04-24,Inyo,027,18085.0,14055,323,4865,319,8666,3,388,0,1899,318,8093,318,6194,4,0.1050041470832181,0.4474979264583909,0.3424937793751728
2021-04-24,Kern,029,883053.0,465663,4109,220766,2864,221640,1233,23131,11,77761,1469,282438,1480,204677,2615,0.0880592671108076,0.3198426368519216,0.231783369741114
2021-04-24,Kings,031,150075.0,68893,248,26875,183,38226,64,3766,1,9368,119,40969,120,31601,129,0.0624221222721972,0.2729901715808762,0.210568049308679
2021-04-24,Lake,033,64148.0,39757,50,11985,7,26269,43,1501,0,5635,39,23400,39,17765,11,0.0878437363596682,0.3647814429132631,0.2769377065535948
2021-04-24,Lassen,035,31185.0,9692,10,1194,5,7844,4,643,1,850,3,5571,4,4721,7,0.0272566939233605,0.1786435786435786,0.151386884720218
2021-04-24,Los Angeles,037,10098052.0,7711059,93384,3927908,59143,3457639,34173,323130,50,1490657,51219,4750841,51273,3260184,41887,0.1476182733065743,0.47047103738424,0.3228527640776656
2021-04-24,Madera,039,155013.0,91110,730,43527,477,44115,253,3422,0,13367,259,53670,259,40303,471,0.0862314773599633,0.346229025952662,0.2599975485926987
2021-04-24,Marin,041,260295.0,295298,2539,173002,1688,114125,850,8157,0,41658,910,172290,911,130632,1615,0.1600414913847749,0.6619028410073187,0.5018613496225437
2021-04-24,Mariposa,043,17540.0,10516,112,1593,9,8525,103,378,0,2775,40,6793,40,4018,72,0.1582098061573546,0.3872862029646522,0.2290763968072976
2021-04-24,Mendocino,045,87422.0,74291,110,37903,14,34251,96,2126,0,9167,98,42648,98,33481,12,0.104859188762554,0.4878405893253414,0.3829814005627874
2021-04-24,Merced,047,269075.0,151490,970,84777,774,58890,192,7172,0,26263,527,90267,527,64004,412,0.0976047570380005,0.3354715228096255,0.237866765771625
2021-04-24,Modoc,049,8938.0,4748,3,488,1,3998,1,259,1,335,2,2668,3,2333,1,0.0374804206757663,0.2985007831729693,0.2610203624972029
2021-04-24,Mono,051,14174.0,13326,38,7536,22,5559,16,182,0,758,23,7097,23,6339,15,0.0534781995202483,0.5007055171440666,0.4472273176238182
2021-04-24,Monterey,053,433212.0,328781,4624,139695,759,173526,3861,15009,1,65983,1728,204256,1730,138273,2871,0.1523111086488832,0.4714920177649742,0.319180909116091
2021-04-24,Napa,055,140530.0,138483,589,67021,324,67916,265,3534,0,22835,293,82327,293,59492,291,0.162491994591902,0.5858322066462677,0.4233402120543656
2021-04-24,Nevada,057,99092.0,78230,564,40289,87,36115,477,1824,0,12904,196,46381,196,33477,365,0.1302224195696928,0.4680599846607193,0.3378375650910265
2021-04-24,Orange,059,3164182.0,2530368,33100,1338091,17279,1115359,15782,75971,37,457722,13761,1528385,13797,1070663,19224,0.1446572921532326,0.4830268928904848,0.3383696007372521
2021-04-24,Placer,061,380077.0,304679,2152,165181,1287,133046,863,6442,1,45019,1252,177825,1252,132806,893,0.1184470515185081,0.4678657219458162,0.3494186704273082
2021-04-24,Plumas,063,18699.0,13470,173,1026,4,11695,169,721,0,1424,147,7767,147,6343,25,0.076153805016311,0.4153698058719717,0.3392160008556607
2021-04-24,Riverside,065,2383286.0,1486664,10835,781635,7448,660391,3371,44044,11,287697,4952,907480,4966,619783,5837,0.1207144253773991,0.3807684012745428,0.2600539758971437
2021-04-24,Sacramento,067,1510023.0,1073289,11840,561055,7168,483452,4670,28696,2,175740,6256,637692,6258,461952,5558,0.1163823332492286,0.4223061503036708,0.3059238170544422
2021-04-24,San Benito,069,59416.0,43350,380,19957,206,20977,170,2321,0,8545,171,26930,171,18385,183,0.1438164804093173,0.4532449171940218,0.3094284367847044
2021-04-24,San Bernardino,071,2135413.0,1183355,13245,642378,9694,501276,3547,39545,2,231985,7128,726263,7130,494278,6099,0.1086370645865694,0.3401042327643411,0.2314671681777717
2021-04-24,San Diego,073,3302833.0,2629546,35605,1306238,19306,1250141,16275,72464,18,527426,15344,1618051,15766,1090625,19866,0.1596889700448069,0.4898979149112292,0.3302089448664222
2021-04-24,San Francisco,075,870044.0,901631,8239,551867,5650,309875,2588,39719,0,164502,4733,552191,4738,387689,3485,0.1890731962981182,0.6346702005875565,0.4455970042894382
2021-04-24,San Joaquin,077,732212.0,469248,5371,243933,3680,208029,1689,17253,1,87838,3380,282604,3381,194766,1929,0.119962524514758,0.3859592577013215,0.2659967331865634
2021-04-24,San Luis Obispo,079,281455.0,219403,1117,108033,444,103091,649,8175,23,38364,510,132706,533,94342,612,0.1363059814179886,0.4714998845286102,0.3351939031106216
2021-04-24,San Mateo,081,765935.0,731265,11588,413690,8267,287621,3315,29667,1,136382,5901,447857,5905,311475,5649,0.1780594959102273,0.5847193299692532,0.4066598340590259
2021-04-24,Santa Barbara,083,443738.0,346963,4501,190732,2910,140787,1585,15182,5,74375,1639,217788,1644,143413,2845,0.1676101663594283,0.4908031315776426,0.3231929652182143
2021-04-24,Santa Clara,085,1922200.0,1724404,22040,988713,16016,656821,5980,76125,3,444061,12219,1118914,12234,674853,9682,0.2310170637810841,0.5821007179273748,0.3510836541462907
2021-04-24,Santa Cruz,087,273765.0,238752,2188,100820,1081,132129,1103,5775,3,43282,695,143635,698,100353,1486,0.1580990995927163,0.5246653151425492,0.3665662155498329
2021-04-24,Shasta,089,179085.0,94067,593,40378,356,49799,235,3857,2,14776,103,56269,104,41493,489,0.0825083061116229,0.3142027528827093,0.2316944467710863
2021-04-24,Sierra,091,2930.0,2380,5,119,1,2252,4,9,0,113,5,1246,5,1133,0,0.0385665529010238,0.4252559726962457,0.3866894197952218
2021-04-24,Siskiyou,093,43540.0,26449,30,10248,5,15448,25,719,0,3222,21,15163,21,11941,9,0.0740009186954524,0.3482544786403307,0.2742535599448782
2021-04-24,Solano,095,438530.0,334611,4118,162672,2483,164372,1633,7538,2,55940,2723,198712,2725,142772,1332,0.1275625384808336,0.4531320548195106,0.3255695163386769
2021-04-24,Sonoma,097,501317.0,464567,2878,233561,1558,217895,1304,13071,16,70181,1556,273305,1573,203124,1309,0.1399932577590626,0.5451740116533051,0.4051807538942426
2021-04-24,Stanislaus,099,539301.0,326518,3519,169756,2642,145082,876,11485,0,59441,1631,195282,1631,135841,1851,0.1102185977774934,0.3621020543258774,0.2518834565483839
2021-04-24,Sutter,101,95872.0,58843,336,20556,110,35283,225,3000,1,8900,188,35235,189,26335,144,0.0928321094793057,0.3675212783711615,0.2746891688918558
2021-04-24,Tehama,103,63373.0,29808,121,9052,24,19906,97,843,0,3550,27,17071,27,13521,94,0.0560175469048332,0.2693733924541997,0.2133558455493664
2021-04-24,Trinity,105,12862.0,6913,35,722,14,5899,21,290,0,1144,6,4170,6,3026,29,0.0889441766443787,0.3242108536774996,0.2352666770331208
2021-04-24,Tulare,107,460477.0,263835,1684,144300,1063,111884,619,7606,2,35311,870,153047,872,117736,813,0.0766835259958695,0.332366220245528,0.2556826942496585
2021-04-24,Tuolumne,109,53932.0,39028,88,9894,23,28691,65,438,0,4092,50,21443,50,17351,34,0.0758733219609879,0.3975932655937106,0.3217199436327226
2021-04-24,Ventura,111,848112.0,677304,10726,325746,6000,327851,4726,23412,0,117880,6280,408487,6280,290607,4429,0.1389910766502537,0.4816427547305072,0.3426516780802535
2021-04-24,Yolo,113,214977.0,178602,1222,82080,679,91430,541,5078,2,31462,488,107441,490,75979,732,0.1463505398251906,0.4997790461305162,0.3534285063053257
2021-04-24,Yuba,115,75493.0,33343,227,10274,70,20842,157,2216,0,5791,127,20635,127,14844,100,0.0767090988568476,0.2733366007444399,0.1966275018875922
2021-04-23,Alameda,001,1643700.0,1452531,22870,858057,14850,506151,8010,87851,3,289896,12605,913339,12612,623443,10193,0.1763679503559043,0.5556604003163594,0.3792924499604551
2021-04-23,Alpine,003,1148.0,1341,0,28,0,1310,0,3,0,158,0,746,0,588,0,0.1376306620209059,0.6498257839721254,0.5121951219512195
2021-04-23,Amador,005,37829.0,28710,367,6829,50,21323,317,558,0,4136,279,16293,279,12157,79,0.1093341087525443,0.4307013138068677,0.3213672050543234
2021-04-23,Butte,007,227075.0,137880,992,59477,487,73373,505,5023,0,16556,501,79589,501,63033,489,0.0729098315534515,0.350496531982825,0.2775867004293735
2021-04-23,Calaveras,009,45235.0,31248,167,11534,83,19186,84,527,0,4363,69,17742,69,13379,94,0.0964518624958549,0.3922184149441804,0.2957665524483254
2021-04-23,Colusa,011,21464.0,12974,104,2681,23,9551,81,741,0,2146,38,7911,38,5765,66,0.0999813641446142,0.368570629891912,0.2685892657472978
2021-04-23,Contra Costa,013,1133247.0,1066898,17556,660852,13908,369581,3645,36263,2,185173,5717,643306,5720,458133,11799,0.1634003884413548,0.5676661839828387,0.4042657955414839
2021-04-23,Del Norte,015,27424.0,14117,154,5104,27,8342,127,637,0,2426,41,8527,41,6101,113,0.0884626604434072,0.3109320303383897,0.2224693698949825
2021-04-23,El Dorado,017,186661.0,137560,1471,60951,556,72164,914,4431,1,19147,734,80389,736,61242,732,0.1025763282099635,0.4306684310059412,0.3280921027959777
2021-04-23,Fresno,019,978130.0,646194,7704,303756,4322,317408,3364,24781,18,91269,3029,379721,3035,288452,4601,0.093309682762005,0.3882111784732091,0.294901495711204
2021-04-23,Glenn,021,27897.0,16241,202,5422,39,9953,163,849,0,2123,48,9576,48,7453,152,0.076101372907481,0.3432627164211205,0.2671613435136394
2021-04-23,Humboldt,023,135768.0,99263,2219,46849,319,48109,1900,4200,0,19756,339,61450,339,41694,1876,0.1455129338282953,0.4526103352778269,0.3070974014495315
2021-04-23,Imperial,025,180216.0,133248,3230,57947,588,64400,2642,10885,0,32473,1239,88122,1240,55649,1955,0.1801893283615217,0.4889798907977094,0.3087905624361877
2021-04-23,Inyo,027,18085.0,13732,96,4546,4,8663,90,388,0,1585,22,7775,22,6190,72,0.087641692009953,0.4299142936134918,0.3422726016035388
2021-04-23,Kern,029,883053.0,461554,6358,217902,3170,220407,3185,23120,1,78896,1957,280958,1958,202062,4364,0.089344580676358,0.3181666332598383,0.2288220525834802
2021-04-23,Kings,031,150075.0,68645,722,26692,311,38162,411,3765,0,9377,346,40849,346,31472,375,0.0624820922871897,0.2721905713809762,0.2097084790937864
2021-04-23,Lake,033,64148.0,39707,126,11978,62,26226,64,1501,0,5607,75,23361,75,17754,49,0.0874072457442165,0.364173473841741,0.2767662280975245
2021-04-23,Lassen,035,31185.0,9682,26,1189,1,7840,25,642,0,853,22,5567,22,4714,4,0.0273528940195606,0.1785153118486452,0.1511624178290845
2021-04-23,Los Angeles,037,10098052.0,7617675,121348,3868765,66712,3423466,54577,323080,26,1481271,56845,4699568,56875,3218297,64103,0.1466887871046811,0.4653935234241218,0.3187047363194406
2021-04-23,Madera,039,155013.0,90380,1017,43050,331,43862,685,3422,0,13579,353,53411,353,39832,661,0.0875991045912278,0.3445581983446549,0.2569590937534271
2021-04-23,Marin,041,260295.0,292759,3342,171314,1906,113275,1436,8157,0,42362,1230,171379,1230,129017,2103,0.1627461149849209,0.6584029658656524,0.4956568508807314
2021-04-23,Mariposa,043,17540.0,10404,326,1584,75,8422,250,378,0,2807,145,6753,145,3946,180,0.1600342075256556,0.3850057012542759,0.2249714937286203
2021-04-23,Mendocino,045,87422.0,74181,865,37889,706,34155,159,2126,0,9081,699,42550,699,33469,164,0.1038754546910388,0.486719590034545,0.3828441353435062
2021-04-23,Merced,047,269075.0,150520,1782,84003,764,58698,1015,7172,0,26148,921,89740,921,63592,798,0.0971773669051379,0.3335129610703335,0.2363355941651956
2021-04-23,Modoc,049,8938.0,4745,6,487,1,3997,5,258,0,333,5,2665,5,2332,1,0.0372566569702394,0.2981651376146789,0.2609084806444394
2021-04-23,Mono,051,14174.0,13288,23,7514,2,5543,20,182,0,750,11,7074,11,6324,11,0.052913785804995,0.4990828277127134,0.4461690419077183
2021-04-23,Monterey,053,433212.0,324157,5982,138936,2794,169665,3183,15008,1,67124,2384,202526,2385,135402,3574,0.1549449230399896,0.4674985919134281,0.3125536688734384
2021-04-23,Napa,055,140530.0,137894,1696,66697,1302,67651,391,3534,2,22833,1191,82034,1191,59201,500,0.1624777627552835,0.5837472425816551,0.4212694798263716
2021-04-23,Nevada,057,99092.0,77666,1286,40202,564,35638,722,1824,0,13073,418,46185,418,33112,864,0.1319279053808582,0.4660820247850482,0.33415411940419
2021-04-23,Orange,059,3164182.0,2497268,42159,1320812,22138,1099577,20010,75934,8,463149,18638,1514588,18650,1051439,23379,0.1463724273761749,0.478666524239124,0.3322940968629491
2021-04-23,Placer,061,380077.0,302527,3665,163894,2418,132183,1246,6441,1,44660,1423,176573,1424,131913,2241,0.1175025060711382,0.4645716525861865,0.3470691465150483
2021-04-23,Plumas,063,18699.0,13297,75,1022,5,11526,70,721,0,1302,17,7620,17,6318,58,0.0696293919460933,0.4075084229103161,0.3378790309642226
2021-04-23,Riverside,065,2383286.0,1475829,24448,774187,14465,657020,9965,44033,14,288568,9514,902514,9529,613946,14851,0.1210798871809761,0.3786847235287749,0.2576048363477988
2021-04-23,Sacramento,067,1510023.0,1061449,16670,553887,10512,478782,6155,28694,0,175040,7670,631434,7671,456394,8977,0.1159187641512745,0.4181618425679609,0.3022430784166863
2021-04-23,San Benito,069,59416.0,42970,685,19751,429,20807,256,2321,0,8557,356,26759,356,18202,292,0.1440184462097751,0.4503669045374983,0.3063484583277231
2021-04-23,San Bernardino,071,2135413.0,1170110,19397,632684,11233,497729,8158,39543,3,230954,8284,719133,8289,488179,11057,0.1081542540014507,0.3367653002018813,0.2286110462004305
2021-04-23,San Diego,073,3302833.0,2593941,43527,1286932,27089,1233866,16417,72446,9,531526,15666,1602285,16098,1070759,27450,0.1609303285997203,0.4851244371120187,0.3241941085122984
2021-04-23,San Francisco,075,870044.0,893392,11249,546217,6612,307287,4632,39719,2,163249,6523,547453,6532,384204,4702,0.1876330392485897,0.6292244989908556,0.4415914597422659
2021-04-23,San Joaquin,077,732212.0,463877,6337,240253,3078,206340,3258,17252,1,86386,3739,279223,3740,192837,2527,0.1179794922781926,0.3813417425554347,0.2633622502772421
2021-04-23,San Luis Obispo,079,281455.0,218286,1466,107589,838,102442,625,8152,3,38443,721,132173,724,93730,741,0.1365866657192091,0.4696061537368318,0.3330194880176227
2021-04-23,San Mateo,081,765935.0,719677,10203,405423,6833,284306,3366,29666,0,136126,5660,441952,5662,305826,4522,0.1777252638931502,0.5770097984815944,0.3992845345884442
2021-04-23,Santa Barbara,083,443738.0,342462,5791,187822,3952,139202,1836,15177,1,75576,2083,216144,2084,140568,3689,0.1703167184239348,0.4870982426567028,0.316781524232768
2021-04-23,Santa Clara,085,1922200.0,1702364,33756,972697,20692,650841,12994,76122,2,441509,15528,1106680,15549,665171,18068,0.2296894183747789,0.5757361356778691,0.3460467173030902
2021-04-23,Santa Cruz,087,273765.0,236564,3137,99739,1701,131026,1435,5772,1,44070,1354,142937,1357,98867,1770,0.1609774806859898,0.5221156831589137,0.3611382024729238
2021-04-23,Shasta,089,179085.0,93474,648,40022,245,49564,403,3855,0,15161,332,56165,332,41004,316,0.0846581232375687,0.3136220230616746,0.2289638998241058
2021-04-23,Sierra,091,2930.0,2375,12,118,0,2248,12,9,0,108,3,1241,3,1133,9,0.0368600682593856,0.4235494880546075,0.3866894197952218
2021-04-23,Siskiyou,093,43540.0,26419,185,10243,17,15423,168,719,0,3210,159,15142,159,11932,26,0.0737253100597152,0.3477721635277905,0.2740468534680753
2021-04-23,Solano,095,438530.0,330493,4312,160189,2211,162739,2101,7536,0,54547,2583,195987,2584,141440,1722,0.1243860169201651,0.4469181127858983,0.3225320958657332
2021-04-23,Sonoma,097,501317.0,461689,7786,232003,4809,216591,2969,13055,7,69917,3755,271732,3762,201815,4008,0.1394666448574454,0.5420362764478364,0.4025696315903909
2021-04-23,Stanislaus,099,539301.0,322999,3786,167114,1051,144206,2732,11485,2,59661,1486,193651,1489,133990,2180,0.1106265332346871,0.3590777691864098,0.2484512359517227
2021-04-23,Sutter,101,95872.0,58507,452,20446,160,35058,292,2999,0,8855,204,35046,205,26191,245,0.0923627336448598,0.3655498998664886,0.2731871662216288
2021-04-23,Tehama,103,63373.0,29687,508,9028,383,19809,124,843,0,3617,217,17044,217,13427,287,0.0570747794802202,0.2689473435059094,0.2118725640256892
2021-04-23,Trinity,105,12862.0,6878,182,708,6,5878,176,290,0,1167,109,4164,109,2997,73,0.0907323899860052,0.3237443632405535,0.2330119732545482
2021-04-23,Tulare,107,460477.0,262151,2739,143237,1689,111265,1048,7604,1,35252,1069,152175,1069,116923,1656,0.0765553979894761,0.3304725317442565,0.2539171337547803
2021-04-23,Tuolumne,109,53932.0,38940,187,9871,34,28626,153,438,0,4076,79,21393,82,17317,99,0.0755766520803975,0.3966661722168657,0.3210895201364681
2021-04-23,Ventura,111,848112.0,666578,11283,319746,5615,323125,5666,23412,1,116029,5556,402207,5557,286178,5700,0.1368085818854113,0.4742380723300696,0.3374294904446582
2021-04-23,Yolo,113,214977.0,177380,2741,81401,1622,90889,1118,5076,1,31704,1214,106951,1215,75247,1519,0.147476241644455,0.4974997325295264,0.3500234908850714
2021-04-23,Yuba,115,75493.0,33116,384,10204,129,20685,255,2216,0,5764,176,20508,176,14744,207,0.076351449803293,0.2716543255666088,0.1953028757633158
2021-04-22,Alameda,001,1643700.0,1429661,22559,843207,14639,498141,7907,87848,8,287477,11799,900727,11815,613250,10686,0.1748962706089919,0.5479874672993855,0.3730911966903936
2021-04-22,Alpine,003,1148.0,1341,22,28,0,1310,22,3,0,158,1,746,1,588,21,0.1376306620209059,0.6498257839721254,0.5121951219512195
2021-04-22,Amador,005,37829.0,28343,517,6779,83,21006,433,558,1,3936,89,16014,90,12078,404,0.1040471595865605,0.4233260197203204,0.3192788601337598
2021-04-22,Butte,007,227075.0,136888,2307,58990,2007,72868,300,5023,0,16544,640,79088,640,62544,1663,0.0728569855774523,0.3482902124848618,0.2754332269074094
2021-04-22,Calaveras,009,45235.0,31081,571,11451,105,19102,466,527,0,4388,143,17673,143,13285,421,0.0970045318890239,0.3906930474190339,0.2936885155300099
2021-04-22,Colusa,011,21464.0,12870,420,2658,30,9470,389,741,1,2174,215,7873,215,5699,203,0.1012858740216176,0.3668002236302646,0.265514349608647
2021-04-22,Contra Costa,013,1133247.0,1049342,17683,646944,14241,365936,3435,36261,4,191252,6295,637586,6306,446334,11362,0.1687646205990397,0.5626187406628916,0.3938541200638519
2021-04-22,Del Norte,015,27424.0,13963,127,5077,22,8215,105,637,0,2498,66,8486,66,5988,61,0.091088098016336,0.3094369894982497,0.2183488914819136
2021-04-22,El Dorado,017,186661.0,136089,2606,60395,1717,71250,889,4430,0,19143,1094,79653,1094,60510,1505,0.1025548989880049,0.4267254541655729,0.3241705551775679
2021-04-22,Fresno,019,978130.0,638490,6730,299434,3479,314044,3245,24763,2,92835,2491,376686,2494,283851,4183,0.0949106969421242,0.3851083189351109,0.2901976219929866
2021-04-22,Glenn,021,27897.0,16039,222,5383,55,9790,167,849,0,2227,38,9528,38,7301,184,0.0798293723339427,0.3415421013012152,0.2617127289672725
2021-04-22,Humboldt,023,135768.0,97044,931,46530,560,46209,370,4200,1,21293,471,61111,471,39818,457,0.1568337163396382,0.4501134287902893,0.2932797124506511
2021-04-22,Imperial,025,180216.0,130018,2682,57359,870,61758,1811,10885,1,33188,1813,86882,1815,53694,851,0.1841567896302215,0.4820992586673769,0.2979424690371554
2021-04-22,Inyo,027,18085.0,13636,209,4542,3,8573,204,388,0,1635,50,7753,50,6118,157,0.0904064141553773,0.4286978158695051,0.3382914017141277
2021-04-22,Kern,029,883053.0,455196,4960,214732,2435,217222,2525,23119,0,81302,1757,279000,1757,197698,3184,0.092069218948353,0.3159493258049063,0.2238801068565533
2021-04-22,Kings,031,150075.0,67923,592,26381,298,37751,293,3765,0,9406,219,40503,219,31097,368,0.0626753290021655,0.2698850574712643,0.2072097284690988
2021-04-22,Lake,033,64148.0,39581,465,11916,47,26162,418,1501,0,5581,323,23286,323,17705,142,0.0870019330298684,0.3630043025503523,0.2760023695204839
2021-04-22,Lassen,035,31185.0,9656,99,1188,13,7815,85,642,0,835,25,5545,25,4710,73,0.0267756934423601,0.1778098444765111,0.151034151034151
2021-04-22,Los Angeles,037,10098052.0,7496327,121563,3802053,63215,3368889,58276,323054,42,1488499,53025,4642693,53064,3154194,68085,0.1474045687227596,0.4597612490012925,0.3123566802785329
2021-04-22,Madera,039,155013.0,89363,1135,42719,549,43177,585,3422,0,13887,392,53058,392,39171,737,0.0895860347196686,0.3422809699831627,0.252694935263494
2021-04-22,Marin,041,260295.0,289417,4326,169408,3281,111839,1044,8157,0,43235,1467,170149,1468,126914,2849,0.1661000019208974,0.6536775581551701,0.4875775562342727
2021-04-22,Mariposa,043,17540.0,10078,54,1509,14,8172,40,378,0,2842,38,6608,38,3766,14,0.1620296465222349,0.3767388825541619,0.214709236031927
2021-04-22,Mendocino,045,87422.0,73316,488,37183,318,33996,169,2126,1,8546,312,41851,312,33305,171,0.0977557136647525,0.4787238910114159,0.3809681773466633
2021-04-22,Merced,047,269075.0,148738,1763,83239,806,57683,955,7172,0,26025,771,88819,774,62794,895,0.0967202452847719,0.3300901235714949,0.233369878286723
2021-04-22,Modoc,049,8938.0,4739,92,486,3,3992,89,258,0,329,37,2660,37,2331,55,0.0368091295591855,0.2976057283508614,0.260796598791676
2021-04-22,Mono,051,14174.0,13265,30,7512,14,5523,15,182,0,750,11,7063,11,6313,18,0.052913785804995,0.4983067588542401,0.4453929730492451
2021-04-22,Monterey,053,433212.0,318175,5113,136142,1201,166482,3905,15007,1,68313,2076,200141,2076,131828,2995,0.1576895376859367,0.4619932042510364,0.3043036665650998
2021-04-22,Napa,055,140530.0,136198,1856,65395,1305,67260,550,3532,1,22142,858,80843,858,58701,990,0.1575606632035864,0.5752721838753291,0.4177115206717426
2021-04-22,Nevada,057,99092.0,76380,1049,39638,657,34916,392,1824,0,13519,350,45767,351,32248,694,0.1364287732612118,0.461863722601219,0.3254349493400073
2021-04-22,Orange,059,3164182.0,2455109,41411,1298674,22181,1079567,19212,75926,14,467878,16989,1495938,17002,1028060,24280,0.147866968461359,0.4727724258591952,0.3249054573978361
2021-04-22,Placer,061,380077.0,298862,3824,161476,2388,130937,1436,6440,0,45477,1809,175149,1809,129672,2017,0.1196520705015036,0.4608250433464798,0.3411729728449761
2021-04-22,Plumas,063,18699.0,13222,291,1017,7,11456,284,721,0,1343,124,7603,124,6260,166,0.0718220225680517,0.4065992833841382,0.3347772608160864
2021-04-22,Riverside,065,2383286.0,1451381,24214,759722,14283,647055,9920,44019,6,293890,9040,892985,9052,599095,15077,0.1233129385226951,0.374686462304566,0.2513735237818709
2021-04-22,Sacramento,067,1510023.0,1044779,15513,543375,10390,472627,5116,28694,6,176346,7040,623763,7046,447417,8443,0.1167836516397432,0.413081787495952,0.2962981358562088
2021-04-22,San Benito,069,59416.0,42285,955,19322,730,20551,225,2321,0,8493,580,26403,581,17910,364,0.1429412952740002,0.4443752524572505,0.3014339571832503
2021-04-22,San Bernardino,071,2135413.0,1150713,20219,621451,11719,489571,8494,39540,4,233722,8154,710844,8160,477122,12008,0.1094504903735249,0.3328836154879641,0.2234331251144392
2021-04-22,San Diego,073,3302833.0,2550414,45953,1259843,23983,1217449,21961,72437,5,542878,22288,1586187,22736,1043309,23243,0.1643673779449339,0.480250439546898,0.3158830616019641
2021-04-22,San Francisco,075,870044.0,882143,11568,539605,8521,302655,3044,39717,1,161419,6489,540921,6493,379502,5048,0.1855296973486398,0.6217168327119088,0.436187135363269
2021-04-22,San Joaquin,077,732212.0,457540,5732,237175,3441,203082,2288,17251,3,85173,3094,275483,3098,190310,2570,0.1163228682403457,0.37623393224913,0.2599110640087843
2021-04-22,San Luis Obispo,079,281455.0,216820,4683,106751,2098,101817,2585,8149,0,38460,1387,131449,1389,92989,3276,0.1366470661384591,0.4670338064699508,0.3303867403314917
2021-04-22,San Mateo,081,765935.0,709474,10501,398590,7099,280940,3394,29666,3,134986,5763,436290,5769,301304,4701,0.1762368869421034,0.5696175262913955,0.393380639349292
2021-04-22,Santa Barbara,083,443738.0,336671,5339,183870,2627,137366,2708,15176,2,77181,1524,214060,1526,136879,3795,0.1739337176441954,0.4824017776255357,0.3084680599813403
2021-04-22,Santa Clara,085,1922200.0,1668608,38840,952005,25879,637847,12879,76120,4,444028,17934,1091131,17981,647103,20720,0.2309998959525543,0.5676469670169597,0.3366470710644054
2021-04-22,Santa Cruz,087,273765.0,233427,4233,98038,2873,129591,1359,5771,1,44483,2379,141580,2381,97097,1848,0.1624860738224389,0.5171588771391522,0.3546728033167132
2021-04-22,Shasta,089,179085.0,92826,948,39777,256,49161,692,3855,0,15145,297,55833,297,40688,646,0.0845687801881788,0.311768154786833,0.2271993745986542
2021-04-22,Sierra,091,2930.0,2363,56,118,1,2236,55,9,0,114,5,1238,5,1124,51,0.0389078498293515,0.4225255972696246,0.383617747440273
2021-04-22,Siskiyou,093,43540.0,26234,409,10226,294,15255,115,719,0,3077,52,14983,52,11906,357,0.0706706476802939,0.3441203491042719,0.2734497014239779
2021-04-22,Solano,095,438530.0,326181,3176,157978,1596,160638,1580,7536,0,53685,1863,193403,1863,139718,1308,0.1224203589264132,0.4410256994960436,0.3186053405696303
2021-04-22,Sonoma,097,501317.0,453903,6635,227194,4641,213622,1993,13048,0,70163,2646,267970,2647,197807,3969,0.1399573523339523,0.5345320425997921,0.3945746902658398
2021-04-22,Stanislaus,099,539301.0,319213,3969,166063,2306,141474,1660,11483,2,60352,1532,192162,1540,131810,2356,0.1119078214206908,0.3563167878420399,0.2444089664213491
2021-04-22,Sutter,101,95872.0,58055,551,20286,201,34766,350,2999,0,8895,271,34841,271,25946,277,0.0927799566088117,0.3634116321762349,0.2706316755674232
2021-04-22,Tehama,103,63373.0,29179,571,8645,397,19685,174,843,0,3687,163,16827,163,13140,406,0.0581793508276395,0.2655231723289097,0.2073438215012702
2021-04-22,Trinity,105,12862.0,6696,96,702,6,5702,90,290,0,1131,14,4055,14,2924,82,0.087933447364329,0.3152697869693671,0.2273363396050381
2021-04-22,Tulare,107,460477.0,259412,2237,141548,1263,110217,974,7603,0,35839,763,151106,763,115267,1463,0.0778301630700339,0.3281510260012986,0.2503208629312647
2021-04-22,Tuolumne,109,53932.0,38753,725,9837,54,28473,671,438,0,4093,424,21311,424,17218,274,0.0758918638285248,0.39514573907884,0.3192538752503152
2021-04-22,Ventura,111,848112.0,655295,10349,314131,5671,317459,4676,23411,1,116172,4596,396650,4599,280478,5725,0.1369771916916633,0.4676858716773256,0.3307086799856623
2021-04-22,Yolo,113,214977.0,174639,2067,79779,972,89771,1095,5075,0,32008,1020,105736,1020,73728,1042,0.1488903464091507,0.4918479651311536,0.3429576187220028
2021-04-22,Yuba,115,75493.0,32732,387,10075,160,20430,227,2216,0,5795,208,20332,208,14537,179,0.0767620839018187,0.2693229835878823,0.1925608996860636
2021-04-21,Alameda,001,1643700.0,1407102,20659,828568,12476,490234,8156,87840,20,286348,11809,888912,11833,602564,8751,0.1742094056092961,0.540799415951816,0.3665900103425199
2021-04-21,Alpine,003,1148.0,1319,32,28,0,1288,32,3,0,178,14,745,14,567,18,0.1550522648083623,0.6489547038327527,0.4939024390243902
2021-04-21,Amador,005,37829.0,27826,97,6696,38,20573,58,557,1,4250,46,15924,46,11674,48,0.112347669777155,0.4209468925956277,0.3085992228184726
2021-04-21,Butte,007,227075.0,134581,2160,56983,1256,72568,904,5023,0,17567,493,78448,493,60881,1659,0.0773621050313773,0.3454717604315754,0.2681096554001981
2021-04-21,Calaveras,009,45235.0,30510,219,11346,150,18636,69,527,0,4666,78,17530,78,12864,138,0.1031502155410633,0.3875317784901072,0.2843815629490439
2021-04-21,Colusa,011,21464.0,12450,194,2628,80,9081,114,740,0,2162,114,7658,114,5496,79,0.1007267983600447,0.3567834513604174,0.2560566530003727
2021-04-21,Contra Costa,013,1133247.0,1031659,18158,632703,14767,362501,3387,36257,3,196308,6457,631280,6465,434972,11642,0.1732261369321957,0.5570541991286984,0.3838280621965026
2021-04-21,Del Norte,015,27424.0,13836,293,5055,24,8110,269,637,0,2493,72,8420,72,5927,221,0.0909057759626604,0.3070303383897316,0.2161245624270711
2021-04-21,El Dorado,017,186661.0,133483,1256,58678,544,70361,708,4430,4,19554,640,78559,641,59005,611,0.1047567515442433,0.4208645619599166,0.3161078104156733
2021-04-21,Fresno,019,978130.0,631760,7273,295955,4334,310799,2923,24761,9,94524,2916,374192,2923,279668,4310,0.0966374612781532,0.3825585556112173,0.2859210943330641
2021-04-21,Glenn,021,27897.0,15817,455,5328,352,9623,103,849,0,2373,292,9490,292,7117,160,0.0850629099903215,0.3401799476646234,0.2551170376743019
2021-04-21,Humboldt,023,135768.0,96113,1129,45970,399,45839,730,4199,0,21279,456,60640,456,39361,670,0.156730599257557,0.4466442755288433,0.2899136762712863
2021-04-21,Imperial,025,180216.0,127336,1630,56489,410,59947,1219,10884,1,32224,880,85067,883,52843,743,0.1788076530385759,0.4720280108314467,0.2932203577928707
2021-04-21,Inyo,027,18085.0,13427,113,4539,4,8369,106,388,0,1742,32,7703,32,5961,78,0.0963229195465855,0.4259330937240807,0.3296101741774951
2021-04-21,Kern,029,883053.0,450236,6137,212297,3346,214697,2782,23119,6,82729,2236,277243,2241,194514,3873,0.093685203492882,0.3139596377567371,0.220274434263855
2021-04-21,Kings,031,150075.0,67331,725,26083,353,37458,371,3765,0,9555,248,40284,248,30729,470,0.0636681659170414,0.2684257871064467,0.2047576211894053
2021-04-21,Lake,033,64148.0,39116,545,11869,68,25744,477,1501,0,5400,203,22963,203,17563,342,0.0841803329799837,0.3579690715221051,0.2737887385421213
2021-04-21,Lassen,035,31185.0,9557,120,1175,2,7730,117,642,1,883,29,5520,29,4637,89,0.0283148949815616,0.177008177008177,0.1486932820266153
2021-04-21,Los Angeles,037,10098052.0,7374764,117131,3738838,57687,3310613,59218,323012,196,1503520,51460,4589629,51661,3086109,65222,0.1488920833443915,0.4545063741006681,0.3056142907562765
2021-04-21,Madera,039,155013.0,88228,917,42170,499,42592,417,3422,0,14232,306,52666,307,38434,608,0.0918116545063962,0.3397521498196925,0.2479404953132963
2021-04-21,Marin,041,260295.0,285091,4139,166127,3034,110795,1102,8157,3,44616,1357,168681,1359,124065,2766,0.171405520659252,0.6480378032616838,0.4766322826024318
2021-04-21,Mariposa,043,17540.0,10024,97,1495,16,8132,81,378,0,2818,42,6570,42,3752,54,0.1606613454960091,0.3745724059293044,0.2139110604332953
2021-04-21,Mendocino,045,87422.0,72828,210,36865,143,33827,66,2125,1,8405,120,41539,120,33134,87,0.0961428473381986,0.475154995310105,0.3790121479719064
2021-04-21,Merced,047,269075.0,146975,1746,82433,1084,56728,657,7172,0,26146,762,88045,764,61899,864,0.0971699340332621,0.3272136021555328,0.2300436681222707
2021-04-21,Modoc,049,8938.0,4647,3,483,2,3903,1,258,0,347,1,2623,1,2276,2,0.0388230029089281,0.2934660997986126,0.2546430968896845
2021-04-21,Mono,051,14174.0,13235,14,7498,5,5508,9,182,0,757,4,7052,4,6295,10,0.0534076478058416,0.4975306899957669,0.4441230421899252
2021-04-21,Monterey,053,433212.0,313062,6550,134941,3628,162577,2921,15006,1,69232,3055,198065,3056,128833,3451,0.1598109008984054,0.4572010932291811,0.2973901923307757
2021-04-21,Napa,055,140530.0,134342,3052,64090,2251,66710,801,3531,0,22274,1926,79985,1927,57711,1121,0.1584999644204084,0.5691667259659859,0.4106667615455774
2021-04-21,Nevada,057,99092.0,75331,963,38981,553,34524,410,1824,0,13862,283,45416,284,31554,670,0.1398902030436362,0.4583215597626448,0.3184313567190086
2021-04-21,Orange,059,3164182.0,2413698,43212,1276493,25235,1060355,17962,75912,11,475156,20321,1478936,20338,1003780,22731,0.1501670889980412,0.4673991571913373,0.3172320681932961
2021-04-21,Placer,061,380077.0,295038,3926,159088,2588,129501,1337,6440,1,45685,2521,173340,2523,127655,1401,0.120199328030899,0.4560654814682288,0.3358661534373298
2021-04-21,Plumas,063,18699.0,12931,342,1010,7,11172,332,721,0,1385,17,7479,17,6094,322,0.0740681319856676,0.3999679127226055,0.3258997807369378
2021-04-21,Riverside,065,2383286.0,1427167,21211,745439,12444,637135,8738,44013,12,299915,8382,883933,8395,584018,12734,0.1258409607575423,0.3708883449153815,0.2450473841578392
2021-04-21,Sacramento,067,1510023.0,1029266,12520,532985,7458,467511,5056,28688,6,177743,6681,616717,6686,438974,5813,0.1177088031109459,0.4084156334042594,0.2907068302933134
2021-04-21,San Benito,069,59416.0,41330,1013,18592,742,20326,270,2321,0,8276,535,25822,535,17546,459,0.1392890803823885,0.4345967416184192,0.2953076612360307
2021-04-21,San Bernardino,071,2135413.0,1130494,19471,609732,11433,481077,8025,39536,8,237570,8443,702684,8450,465114,10961,0.1112524837115817,0.3290623406338727,0.2178098569222909
2021-04-21,San Diego,073,3302833.0,2504461,37303,1235860,22665,1195488,14608,72432,21,543385,17311,1563451,17779,1020066,19550,0.1645208825272122,0.4733666522043349,0.3088457696771226
2021-04-21,San Francisco,075,870044.0,870575,12208,531084,8935,299611,3259,39716,10,159974,7265,534428,7278,374454,4917,0.1838688618046903,0.6142539917521412,0.4303851299474509
2021-04-21,San Joaquin,077,732212.0,451808,6140,233734,3518,200794,2620,17248,2,84645,3015,272385,3016,187740,3002,0.1156017656088673,0.3720029171879183,0.2564011515790508
2021-04-21,San Luis Obispo,079,281455.0,212137,4069,104653,1851,99232,2214,8149,3,40347,1592,130060,1595,89713,2454,0.1433515126752056,0.4620987369206445,0.3187472242454389
2021-04-21,San Mateo,081,765935.0,698973,10080,391491,6993,277546,3084,29663,3,133918,6186,430521,6196,296603,3865,0.1748425127458596,0.5620855555628088,0.3872430428169492
2021-04-21,Santa Barbara,083,443738.0,331332,5649,181243,3678,134658,1969,15174,1,79450,1831,212534,1831,133084,3799,0.1790470953580716,0.4789628113887023,0.2999157160306306
2021-04-21,Santa Clara,085,1922200.0,1629768,39044,926126,22920,624968,16045,76116,8,446767,25185,1073150,25207,626383,13673,0.2324248257205285,0.5582925814171262,0.3258677556965976
2021-04-21,Santa Cruz,087,273765.0,229194,4192,95165,2828,128232,1364,5770,0,43950,2098,139199,2098,95249,2078,0.160539148539806,0.5084616368052892,0.3479224882654831
2021-04-21,Shasta,089,179085.0,91878,607,39521,214,48469,393,3855,0,15494,316,55536,316,40042,290,0.0865175754529971,0.310109724432532,0.2235921489795348
2021-04-21,Sierra,091,2930.0,2307,3,117,1,2181,2,9,0,160,1,1233,1,1073,2,0.0546075085324232,0.4208191126279863,0.3662116040955631
2021-04-21,Siskiyou,093,43540.0,25825,91,9932,9,15140,82,719,0,3382,24,14931,24,11549,67,0.0776757005052825,0.3429260450160771,0.2652503445107946
2021-04-21,Solano,095,438530.0,323005,4022,156382,2516,159058,1506,7536,0,53130,2080,191540,2080,138410,1927,0.1211547670626867,0.4367774154561831,0.3156226483934964
2021-04-21,Sonoma,097,501317.0,447268,7052,222553,4428,211629,2620,13048,3,71485,3192,265323,3195,193838,3829,0.1425944063337169,0.5292519503627445,0.3866575440290275
2021-04-21,Stanislaus,099,539301.0,315244,3951,163757,2573,139814,1376,11481,1,61168,1595,190622,1598,129454,2281,0.1134208911164637,0.3534612396416843,0.2400403485252206
2021-04-21,Sutter,101,95872.0,57504,1342,20085,502,34416,839,2999,0,8901,507,34570,507,25669,818,0.0928425400534045,0.3605849465954606,0.267742406542056
2021-04-21,Tehama,103,63373.0,28608,553,8248,463,19511,90,843,0,3930,181,16664,181,12734,372,0.062013791362252,0.2629510990484907,0.2009373076862386
2021-04-21,Trinity,105,12862.0,6600,25,696,9,5612,16,290,0,1199,12,4041,12,2842,13,0.0932203389830508,0.3141813092831597,0.2209609703001088
2021-04-21,Tulare,107,460477.0,257175,2363,140285,1454,109243,909,7603,0,36539,843,150343,844,113804,1484,0.0793503258577518,0.3264940485626861,0.2471437227049342
2021-04-21,Tuolumne,109,53932.0,38028,136,9783,31,27802,105,438,0,3943,71,20887,71,16944,56,0.07311058369799,0.3872839872431951,0.314173403545205
2021-04-21,Ventura,111,848112.0,644946,9409,308460,4890,312783,4511,23410,6,117298,4417,392051,4421,274753,4954,0.1383048465297036,0.4622632388175147,0.323958392287811
2021-04-21,Yolo,113,214977.0,172572,2129,78807,1127,88676,999,5075,1,32030,1133,104716,1134,72686,991,0.1489926829381747,0.4871032715127665,0.3381105885745917
2021-04-21,Yuba,115,75493.0,32345,756,9915,333,20203,423,2216,0,5766,332,20124,332,14358,422,0.0763779423257785,0.2665677612493873,0.1901898189236088
2021-04-20,Alameda,001,1643700.0,1386443,19086,816092,11872,482078,7198,87820,5,283266,10220,877079,10231,593813,8781,0.1723343675853257,0.533600413700797,0.3612660461154712
2021-04-20,Alpine,003,1148.0,1287,0,28,0,1256,0,3,0,182,0,731,0,549,0,0.1585365853658536,0.6367595818815331,0.4782229965156794
2021-04-20,Amador,005,37829.0,27729,449,6658,58,20515,391,556,0,4252,99,15878,99,11626,337,0.1124005392688149,0.4197308942874514,0.3073303550186365
2021-04-20,Butte,007,227075.0,132421,2045,55727,770,71664,1274,5023,1,18733,749,77955,749,59222,1292,0.0824969723659583,0.3433006715842783,0.2608036992183199
2021-04-20,Calaveras,009,45235.0,30291,267,11196,93,18567,174,527,0,4726,185,17452,185,12726,74,0.1044766220846689,0.3858074499834199,0.2813308278987509
2021-04-20,Colusa,011,21464.0,12256,185,2548,34,8967,151,740,0,2127,128,7544,128,5417,57,0.0990961610137905,0.3514722325754752,0.2523760715616847
2021-04-20,Contra Costa,013,1133247.0,1013501,17202,617936,11194,359114,6002,36254,2,201485,6317,624815,6321,423330,10845,0.1777944261048121,0.551349352788933,0.3735549266841209
2021-04-20,Del Norte,015,27424.0,13543,209,5031,40,7841,169,637,0,2642,75,8348,75,5706,133,0.0963389731621937,0.3044049008168028,0.2080659276546091
2021-04-20,El Dorado,017,186661.0,132227,1180,58134,420,69653,760,4426,0,19524,488,77918,488,58394,687,0.1045960323795543,0.4174305291410632,0.3128344967615088
2021-04-20,Fresno,019,978130.0,624487,7297,291621,3723,307876,3563,24752,8,95911,2644,371269,2651,275358,4617,0.098055473198859,0.3795702002801264,0.2815147270812673
2021-04-20,Glenn,021,27897.0,15362,140,4976,94,9520,45,849,0,2241,62,9198,62,6957,76,0.0803312184105817,0.3297128723518658,0.249381653941284
2021-04-20,Humboldt,023,135768.0,94984,527,45571,144,45109,383,4199,0,21493,256,60184,256,38691,270,0.1583068175122267,0.4432856048553414,0.2849787873431147
2021-04-20,Imperial,025,180216.0,125706,1481,56079,603,58728,877,10883,1,32084,833,84184,835,52100,638,0.1780308074754738,0.4671283348870244,0.2890975274115506
2021-04-20,Inyo,027,18085.0,13314,179,4535,3,8263,176,388,0,1788,90,7671,90,5883,89,0.098866463920376,0.4241636715510091,0.3252972076306331
2021-04-20,Kern,029,883053.0,444099,4545,208951,1694,211915,2847,23113,2,84361,1713,275002,1714,190641,2808,0.0955333371836118,0.3114218512365622,0.2158885140529504
2021-04-20,Kings,031,150075.0,66606,792,25730,460,37087,331,3765,0,9777,241,40036,241,30259,548,0.0651474262868565,0.2667732800266533,0.2016258537397967
2021-04-20,Lake,033,64148.0,38571,702,11801,288,25267,414,1501,0,5539,98,22760,98,17221,602,0.0863471971066907,0.3548045145600798,0.268457317453389
2021-04-20,Lassen,035,31185.0,9437,118,1173,3,7613,115,641,0,943,44,5491,44,4548,74,0.0302388969055635,0.1760782427449094,0.1458393458393458
2021-04-20,Los Angeles,037,10098052.0,7257633,106798,3681151,53051,3251395,53641,322816,42,1517081,51642,4537968,51686,3020887,54715,0.1502350156247957,0.4493904368882236,0.2991554212634278
2021-04-20,Madera,039,155013.0,87311,919,41671,460,42175,459,3422,0,14533,233,52359,233,37826,682,0.0937534271319179,0.3377716707630973,0.2440182436311793
2021-04-20,Marin,041,260295.0,280952,3702,163093,2558,109693,1142,8154,1,46023,1389,167322,1391,121299,2300,0.1768109260646574,0.6428168040108339,0.4660058779461764
2021-04-20,Mariposa,043,17540.0,9927,65,1479,49,8051,16,378,0,2830,37,6528,37,3698,26,0.161345496009122,0.3721778791334093,0.2108323831242873
2021-04-20,Mendocino,045,87422.0,72618,431,36722,301,33761,130,2124,0,8372,261,41419,261,33047,166,0.0957653679851753,0.4737823431172931,0.3780169751321178
2021-04-20,Merced,047,269075.0,145229,1599,81349,790,56071,809,7172,0,26246,776,87281,777,61035,742,0.0975415776270556,0.3243742450989501,0.2268326674718944
2021-04-20,Modoc,049,8938.0,4644,46,481,2,3902,44,258,0,348,11,2622,11,2274,35,0.0389348847616916,0.2933542179458492,0.2544193331841575
2021-04-20,Mono,051,14174.0,13221,14,7493,2,5499,12,182,0,763,9,7048,9,6285,5,0.0538309580922816,0.4972484831381402,0.4434175250458586
2021-04-20,Monterey,053,433212.0,306512,3988,131313,1643,159656,2340,15005,0,69627,1496,195009,1497,125382,2460,0.1607226946621977,0.4501468103376638,0.289424115675466
2021-04-20,Napa,055,140530.0,131290,3114,61839,2118,65909,996,3531,0,21468,2103,78058,2104,56590,1011,0.1527645342631466,0.5554543513840461,0.4026898171208994
2021-04-20,Nevada,057,99092.0,74368,821,38428,346,34114,475,1824,0,14248,308,45132,308,30884,511,0.143785573002866,0.4554555362693255,0.3116699632664594
2021-04-20,Orange,059,3164182.0,2370486,36637,1251258,19281,1042393,17343,75901,8,477549,17745,1458598,17755,981049,18756,0.1509233666078626,0.4609715876014717,0.310048220993609
2021-04-20,Placer,061,380077.0,291112,4002,156500,2628,128164,1374,6439,0,44563,2461,170817,2461,126254,1535,0.1172472946271413,0.4494273528784956,0.3321800582513543
2021-04-20,Plumas,063,18699.0,12589,53,1003,7,10840,44,721,0,1690,30,7462,30,5772,19,0.0903791646612118,0.3990587731964276,0.3086796085352158
2021-04-20,Riverside,065,2383286.0,1405956,19816,732995,10668,628397,9130,44001,10,304254,7972,875538,7982,571284,11781,0.1276615563553849,0.3673658973367023,0.2397043409813174
2021-04-20,Sacramento,067,1510023.0,1016746,11613,525527,7070,462455,4535,28682,5,176870,5971,610031,5978,433161,5609,0.1171306662216403,0.4039878862772288,0.2868572200555885
2021-04-20,San Benito,069,59416.0,40317,829,17850,451,20056,376,2321,2,8200,508,25287,509,17087,315,0.1380099636461559,0.4255924330146762,0.2875824693685203
2021-04-20,San Bernardino,071,2135413.0,1111023,18479,598299,10441,473052,8032,39528,4,240081,8260,694234,8266,454153,10184,0.1124283686574915,0.3251052606685451,0.2126768920110536
2021-04-20,San Diego,073,3302833.0,2467158,40582,1213195,18980,1180880,21577,72411,13,545156,20143,1545672,20533,1000516,20039,0.1650570888688589,0.4679836976316998,0.3029266087628409
2021-04-20,San Francisco,075,870044.0,858367,13284,522149,8020,296352,5259,39706,3,157613,8783,527150,8789,369537,4466,0.1811552059436074,0.6058888975729964,0.4247336916293888
2021-04-20,San Joaquin,077,732212.0,445668,6590,230216,3558,198174,3031,17246,1,84631,2856,269369,2860,184738,3658,0.1155826454633357,0.3678838915505345,0.2523012460871988
2021-04-20,San Luis Obispo,079,281455.0,208068,3699,102802,2035,97018,1664,8146,0,41206,1299,128465,1299,87259,2385,0.1464035103302481,0.4564317564086621,0.3100282460784139
2021-04-20,San Mateo,081,765935.0,688893,10915,384498,6260,274462,4644,29660,2,131587,6875,424325,6879,292738,4003,0.171799173559114,0.5539960962744881,0.382196922715374
2021-04-20,Santa Barbara,083,443738.0,325683,5921,177565,3917,132689,2002,15173,2,81418,1639,210703,1639,129285,4267,0.1834821448692697,0.4748365026209159,0.2913543577516462
2021-04-20,Santa Clara,085,1922200.0,1590724,38597,903206,23634,608923,14898,76108,4,435233,23121,1047943,23138,612710,15300,0.226424409530746,0.5451789616064926,0.3187545520757465
2021-04-20,Santa Cruz,087,273765.0,225002,3047,92337,1613,126868,1434,5770,0,43930,1720,137101,1720,93171,1315,0.1604660931821087,0.500798129782843,0.3403320366007342
2021-04-20,Shasta,089,179085.0,91271,970,39307,219,48076,751,3855,0,15468,358,55220,358,39752,608,0.0863723929977385,0.3083451992070804,0.2219728062093419
2021-04-20,Sierra,091,2930.0,2304,29,116,2,2179,27,9,0,161,5,1232,5,1071,24,0.0549488054607508,0.4204778156996587,0.3655290102389078
2021-04-20,Siskiyou,093,43540.0,25734,207,9923,5,15058,202,719,0,3425,82,14907,82,11482,123,0.0786632981166743,0.3423748277446026,0.2637115296279283
2021-04-20,Solano,095,438530.0,318983,3163,153866,1931,157552,1232,7536,0,52977,1718,189460,1718,136483,1441,0.1208058741705242,0.4320342963993341,0.3112284222288098
2021-04-20,Sonoma,097,501317.0,440216,6541,218125,3616,209009,2924,13045,0,72119,2394,262128,2394,190009,4138,0.1438590751959339,0.5228787374056735,0.3790196622097395
2021-04-20,Stanislaus,099,539301.0,311293,3886,161184,2313,138438,1571,11480,1,61851,1571,189024,1571,127173,2247,0.1146873452858422,0.3504981448207958,0.2358107995349535
2021-04-20,Sutter,101,95872.0,56162,459,19583,181,33577,278,2999,0,9212,218,34063,218,24851,239,0.0960864485981308,0.3552966455273698,0.2592101969292389
2021-04-20,Tehama,103,63373.0,28055,600,7785,491,19421,109,843,0,4121,173,16483,173,12362,427,0.0650276931816388,0.260094993135878,0.1950672999542392
2021-04-20,Trinity,105,12862.0,6575,91,687,8,5596,83,290,0,1200,17,4029,17,2829,74,0.0932980873892085,0.3132483284092676,0.219950241020059
2021-04-20,Tulare,107,460477.0,254812,2490,138831,1415,108334,1073,7603,1,37179,1005,149499,1006,112320,1470,0.0807401889779511,0.3246611665729233,0.2439209775949721
2021-04-20,Tuolumne,109,53932.0,37892,714,9752,612,27697,102,438,0,3928,70,20816,70,16888,632,0.0728324556849365,0.3859675146480753,0.3131350589631387
2021-04-20,Ventura,111,848112.0,635537,9654,303570,5105,308272,4540,23404,7,117831,4433,387630,4439,269799,5185,0.1389333012620974,0.457050483898353,0.3181171826362556
2021-04-20,Yolo,113,214977.0,170443,2107,77680,1114,87677,992,5074,0,31887,1091,103582,1091,71695,1014,0.1483274954995185,0.4818282886076185,0.3335007931080999
2021-04-20,Yuba,115,75493.0,31589,360,9582,107,19780,253,2216,0,5856,189,19792,189,13936,169,0.0775701058376273,0.2621700025167896,0.1845998966791623
2021-04-19,Alameda,001,1643700.0,1367357,16109,804220,10006,474880,6088,87815,6,281816,9109,866848,9116,585032,6944,0.1714522114741132,0.5273760418567865,0.3559238303826732
2021-04-19,Alpine,003,1148.0,1287,1,28,0,1256,1,3,0,182,1,731,1,549,0,0.1585365853658536,0.6367595818815331,0.4782229965156794
2021-04-19,Amador,005,37829.0,27280,82,6600,33,20124,49,556,0,4490,32,15779,32,11289,48,0.1186920087763356,0.4171138544502895,0.2984218456739538
2021-04-19,Butte,007,227075.0,130376,1594,54957,399,70390,1195,5022,0,19276,421,77206,422,57930,1168,0.0848882527799185,0.3400022019156666,0.2551139491357481
2021-04-19,Calaveras,009,45235.0,30024,81,11103,28,18393,53,527,0,4615,48,17267,48,12652,32,0.1020227699789985,0.3817176964739692,0.2796949264949707
2021-04-19,Colusa,011,21464.0,12071,79,2514,20,8816,58,740,1,2056,16,7416,16,5360,62,0.0957882966828177,0.3455087588520313,0.2497204621692135
2021-04-19,Contra Costa,013,1133247.0,996299,11757,606742,8742,353112,3011,36252,2,206009,3724,618494,3726,412485,8017,0.1817864949124065,0.5457715749523272,0.3639850800399207
2021-04-19,Del Norte,015,27424.0,13334,51,4991,5,7672,46,637,0,2700,10,8273,10,5573,41,0.0984539089848308,0.3016700700116686,0.2032161610268378
2021-04-19,El Dorado,017,186661.0,131047,1733,57714,455,68893,1277,4426,0,19723,680,77430,680,57707,1045,0.1056621361719909,0.4148161640621233,0.3091540278901323
2021-04-19,Fresno,019,978130.0,617190,5907,287898,3278,304313,2624,24744,4,97877,2276,368618,2279,270741,3603,0.1000654309754327,0.3768599265946244,0.2767944956191917
2021-04-19,Glenn,021,27897.0,15222,92,4882,18,9475,74,849,0,2255,25,9136,25,6881,67,0.0808330644872208,0.3274904111553213,0.2466573466681005
2021-04-19,Humboldt,023,135768.0,94457,220,45427,93,44726,126,4199,0,21507,95,59928,95,38421,123,0.1584099345943079,0.4414000353544281,0.2829901007601202
2021-04-19,Imperial,025,180216.0,124225,921,55476,284,57851,636,10882,1,31887,449,83349,450,51462,465,0.1769376747902517,0.4624950059928086,0.2855573312025569
2021-04-19,Inyo,027,18085.0,13135,125,4532,40,8087,84,388,0,1787,40,7581,40,5794,83,0.0988111694774675,0.4191871716892452,0.3203760022117777
2021-04-19,Kern,029,883053.0,439554,3908,207257,1766,209068,2140,23111,2,85455,1444,273288,1444,187833,2444,0.0967722209199221,0.3094808578873522,0.21270863696743
2021-04-19,Kings,031,150075.0,65814,629,25270,389,36756,240,3765,0,10084,285,39795,285,29711,340,0.0671930701316008,0.2651674162918541,0.1979743461602532
2021-04-19,Lake,033,64148.0,37869,300,11513,42,24853,258,1501,0,6043,249,22662,249,16619,50,0.0942040281848226,0.3532767974059986,0.259072769221176
2021-04-19,Lassen,035,31185.0,9319,30,1170,0,7498,30,641,0,973,16,5447,16,4474,14,0.0312008978675645,0.1746673080006413,0.1434664101330768
2021-04-19,Los Angeles,037,10098052.0,7150835,78716,3628100,41112,3197754,37543,322774,21,1520110,34600,4486282,34622,2966172,43781,0.150534974468343,0.444272023950758,0.293737049482415
2021-04-19,Madera,039,155013.0,86392,826,41211,255,41716,570,3422,1,14982,280,52126,281,37144,541,0.0966499583905866,0.3362685710230755,0.2396186126324888
2021-04-19,Marin,041,260295.0,277250,2034,160535,1849,108551,184,8153,1,46932,1090,165931,1091,118999,937,0.1803031176165504,0.6374728673236136,0.4571697497070631
2021-04-19,Mariposa,043,17540.0,9862,61,1430,27,8035,34,378,0,2819,27,6491,27,3672,28,0.1607183580387685,0.3700684150513113,0.2093500570125427
2021-04-19,Mendocino,045,87422.0,72187,551,36421,520,33631,30,2124,1,8277,429,41158,430,32881,121,0.0946786849991992,0.4707968245979273,0.376118139598728
2021-04-19,Merced,047,269075.0,143630,1368,80559,743,55262,622,7172,0,26211,652,86504,653,60293,611,0.0974115023692279,0.3214865743751742,0.2240750720059462
2021-04-19,Modoc,049,8938.0,4598,8,479,0,3858,8,258,0,372,1,2611,1,2239,7,0.0416200492280152,0.2921235175654509,0.2505034683374356
2021-04-19,Mono,051,14174.0,13207,540,7491,320,5487,217,182,0,759,208,7039,208,6280,330,0.053548751234655,0.4966135177084803,0.4430647664738253
2021-04-19,Monterey,053,433212.0,302524,3642,129670,1169,157316,2470,15005,0,70590,1620,193512,1620,122922,2012,0.162945624774937,0.446691227389823,0.283745602614886
2021-04-19,Napa,055,140530.0,128176,633,59721,344,64913,289,3531,0,20375,267,75954,267,55579,365,0.1449868355511278,0.5404824592613677,0.3954956237102398
2021-04-19,Nevada,057,99092.0,73547,800,38082,509,33639,291,1824,0,14451,307,44824,307,30373,488,0.1458341743026682,0.4523473136075566,0.3065131393048884
2021-04-19,Orange,059,3164182.0,2333849,33237,1231977,18359,1025050,14866,75893,8,478550,15022,1440843,15031,962293,18108,0.1512397200919542,0.4553603427362901,0.3041206226443358
2021-04-19,Placer,061,380077.0,287110,2999,153872,1835,126790,1164,6439,0,43637,1153,168356,1153,124719,1839,0.1148109462030062,0.4429523491292554,0.3281414029262491
2021-04-19,Plumas,063,18699.0,12536,43,996,2,10796,40,721,0,1679,6,7432,6,5753,36,0.0897908979089791,0.3974544093267019,0.3076635114177228
2021-04-19,Riverside,065,2383286.0,1386140,19808,722327,11757,619267,8047,43991,3,308053,7003,867556,7008,559503,12759,0.1292555740267848,0.3640167399128766,0.2347611658860917
2021-04-19,Sacramento,067,1510023.0,1005133,10728,518457,5784,457920,4939,28677,5,176501,4690,604053,4696,427552,6020,0.1168862990828616,0.4000290061807006,0.2831427070978389
2021-04-19,San Benito,069,59416.0,39488,754,17399,602,19680,152,2319,0,8006,432,24778,432,16772,317,0.1347448498720883,0.4170257169785916,0.2822808671065033
2021-04-19,San Bernardino,071,2135413.0,1092544,12787,587858,6812,465020,5972,39524,3,241999,4856,685968,4862,443969,7900,0.1133265555655978,0.3212343467048295,0.2079077911392316
2021-04-19,San Diego,073,3302833.0,2426576,27130,1194215,13930,1159303,13177,72398,12,544662,12311,1525139,12563,980477,14516,0.1649075203015108,0.4617669134346181,0.2968593931331072
2021-04-19,San Francisco,075,870044.0,845083,11228,514129,8357,291093,2864,39703,5,153290,7001,518361,7010,365071,4199,0.1761864917176602,0.5957871096174446,0.4196006178997843
2021-04-19,San Joaquin,077,732212.0,439078,5432,226658,2935,195143,2496,17245,1,85429,2614,266509,2616,181080,2748,0.1166724937586382,0.3639779189633603,0.2473054252047221
2021-04-19,San Luis Obispo,079,281455.0,204369,3248,100767,1364,95354,1848,8146,36,42292,1070,127166,1106,84874,2168,0.1502620312305697,0.4518164537847968,0.3015544225542271
2021-04-19,San Mateo,081,765935.0,677978,8532,378238,5538,269818,2985,29658,1,128711,5461,417446,5466,288735,3057,0.1680442857422627,0.5450149164093558,0.3769706306670932
2021-04-19,Santa Barbara,083,443738.0,319762,3310,173648,2276,130687,1028,15171,5,84046,1048,209064,1054,125018,2256,0.1894045585458085,0.4711428816103196,0.281738323064511
2021-04-19,Santa Clara,085,1922200.0,1552127,29486,879572,21127,594025,8276,76104,4,427395,17221,1024805,17232,597410,12108,0.2223467901363021,0.5331417126209551,0.310794922484653
2021-04-19,Santa Cruz,087,273765.0,221955,2489,90724,1470,125434,1018,5770,1,43525,1543,135381,1544,91856,939,0.1589867221887385,0.4945153690208755,0.335528646832137
2021-04-19,Shasta,089,179085.0,90301,382,39088,36,47325,346,3855,0,15718,157,54862,157,39144,223,0.0877683781444565,0.3063461484769802,0.2185777703325236
2021-04-19,Sierra,091,2930.0,2275,1,114,0,2152,1,9,0,180,1,1227,1,1047,0,0.0614334470989761,0.4187713310580205,0.3573378839590443
2021-04-19,Siskiyou,093,43540.0,25527,131,9918,27,14856,104,719,0,3466,46,14825,46,11359,85,0.0796049609554432,0.3404915020670647,0.2608865411116215
2021-04-19,Solano,095,438530.0,315820,2195,151935,1194,156320,1001,7536,0,52700,1178,187742,1180,135042,1014,0.1201742184115111,0.4281166624860328,0.3079424440745217
2021-04-19,Sonoma,097,501317.0,433675,3528,214509,1945,206085,1582,13045,1,73863,1521,259734,1522,185871,2001,0.1473379119399501,0.5181033158660089,0.3707654039260588
2021-04-19,Stanislaus,099,539301.0,307407,3373,158871,2252,136867,1119,11479,2,62527,1449,187453,1449,124926,1862,0.1159408196906736,0.3475851148060174,0.2316442951153437
2021-04-19,Sutter,101,95872.0,55703,297,19402,112,33299,185,2999,0,9233,121,33845,121,24612,173,0.0963054906542056,0.3530227803738318,0.2567172897196261
2021-04-19,Tehama,103,63373.0,27455,110,7294,8,19312,102,843,0,4375,44,16310,44,11935,65,0.069035709213703,0.2573651239486847,0.1883294147349817
2021-04-19,Trinity,105,12862.0,6484,66,679,3,5513,63,290,0,1257,64,4012,64,2755,2,0.0977297465401959,0.3119266055045872,0.2141968589643912
2021-04-19,Tulare,107,460477.0,252322,2203,137416,1274,107261,928,7602,1,37643,886,148493,887,110850,1310,0.0817478397400956,0.32247647548086,0.2407286357407644
2021-04-19,Tuolumne,109,53932.0,37178,191,9140,83,27595,108,438,0,4490,92,20746,92,16256,99,0.0832529852406734,0.3846695839204925,0.301416598679819
2021-04-19,Ventura,111,848112.0,625883,8240,298465,4932,303732,3302,23397,4,118577,4683,383191,4686,264614,3534,0.1398129020695379,0.4518165053672156,0.3120036032976777
2021-04-19,Yolo,113,214977.0,168336,1701,76566,764,86685,936,5074,1,31810,778,102491,778,70681,921,0.1479693176479344,0.4767533271001083,0.3287840094521739
2021-04-19,Yuba,115,75493.0,31229,263,9475,110,19527,153,2216,0,5836,105,19603,105,13767,158,0.077305180612772,0.2596664591419072,0.1823612785291351
2021-04-18,Alameda,001,1643700.0,1351248,10776,794214,8395,468792,2375,87809,1,279644,7377,857732,7378,578088,3360,0.1701308024578694,0.5218300176431222,0.3516992151852527
2021-04-18,Alpine,003,1148.0,1286,0,28,0,1255,0,3,0,181,0,730,0,549,0,0.1576655052264808,0.6358885017421603,0.4782229965156794
2021-04-18,Amador,005,37829.0,27198,43,6567,17,20075,26,556,0,4506,10,15747,10,11241,33,0.1191149647096143,0.416267942583732,0.2971529778741177
2021-04-18,Butte,007,227075.0,128782,70,54558,29,69195,41,5022,0,20022,47,76784,47,56762,23,0.0881735109545304,0.3381437850930309,0.2499702741385005
2021-04-18,Calaveras,009,45235.0,29943,24,11075,11,18340,12,527,0,4599,12,17219,12,12620,10,0.1016690615673704,0.3806565712390848,0.2789875096717144
2021-04-18,Colusa,011,21464.0,11992,8,2494,2,8758,6,739,0,2102,7,7400,7,5298,1,0.0979314200521803,0.3447633246366008,0.2468319045844204
2021-04-18,Contra Costa,013,1133247.0,984542,3147,598000,2441,350101,705,36250,1,210300,1934,614768,1936,404468,1207,0.1855729598225276,0.542483677433075,0.3569107176105474
2021-04-18,Del Norte,015,27424.0,13283,4,4986,4,7626,0,637,0,2731,4,8263,4,5532,0,0.0995843057176196,0.3013054259043173,0.2017211201866977
2021-04-18,El Dorado,017,186661.0,129314,1207,57259,127,67616,1080,4426,0,20088,423,76750,423,56662,781,0.1076175526757062,0.4111731963291742,0.303555643653468
2021-04-18,Fresno,019,978130.0,611283,1200,284620,701,301689,499,24740,0,99201,529,366339,530,267138,668,0.1014190342796969,0.3745299704538251,0.2731109361741282
2021-04-18,Glenn,021,27897.0,15130,23,4864,8,9401,15,849,0,2297,16,9111,16,6814,7,0.082338602717138,0.3265942574470373,0.2442556547298992
2021-04-18,Humboldt,023,135768.0,94237,678,45334,353,44600,325,4199,0,21535,86,59833,86,38298,588,0.1586161687584703,0.4407003122974486,0.2820841435389782
2021-04-18,Imperial,025,180216.0,123304,288,55192,96,57215,192,10881,0,31902,95,82899,96,50997,191,0.1770209082434412,0.4599980023971234,0.2829770941536823
2021-04-18,Inyo,027,18085.0,13010,2,4492,0,8003,1,388,0,1830,0,7541,0,5711,1,0.1011888305225324,0.4169753939729057,0.3157865634503732
2021-04-18,Kern,029,883053.0,435646,3931,205491,3675,206928,256,23109,0,86455,942,271844,943,185389,2976,0.0979046557794379,0.3078456219502113,0.2099409661707734
2021-04-18,Kings,031,150075.0,65185,566,24881,249,36516,317,3765,0,10139,41,39510,41,29371,525,0.067559553556555,0.2632683658170914,0.1957088122605364
2021-04-18,Lake,033,64148.0,37569,10,11471,5,24595,5,1501,0,5844,0,22413,0,16569,10,0.0911018270250046,0.3493951487185883,0.2582933216935836
2021-04-18,Lassen,035,31185.0,9289,5,1170,2,7468,3,641,0,971,2,5431,2,4460,3,0.0311367644700978,0.1741542408209075,0.1430174763508097
2021-04-18,Los Angeles,037,10098052.0,7072119,36672,3586988,24803,3160211,11857,322753,3,1529269,19885,4451660,19894,2922391,16683,0.1514419810870453,0.4408434418836425,0.2894014607965972
2021-04-18,Madera,039,155013.0,85566,265,40956,225,41146,40,3421,0,15242,89,51845,89,36603,173,0.0983272370704392,0.3344558198344655,0.2361285827640262
2021-04-18,Marin,041,260295.0,275216,3174,158686,3077,108367,97,8152,0,46778,2475,164840,2475,118062,694,0.1797114812040185,0.6332814691023646,0.4535699878983461
2021-04-18,Mariposa,043,17540.0,9801,9,1403,1,8001,8,378,0,2820,4,6464,4,3644,5,0.1607753705815279,0.3685290763968073,0.2077537058152793
2021-04-18,Mendocino,045,87422.0,71636,19,35901,10,33601,9,2123,0,7968,10,40728,10,32760,7,0.0911441056027087,0.4658781542403514,0.3747340486376427
2021-04-18,Merced,047,269075.0,142262,599,79816,357,54640,241,7172,0,26169,169,85851,169,59682,401,0.0972554120598346,0.3190597417077023,0.2218043296478677
2021-04-18,Modoc,049,8938.0,4590,0,479,0,3850,0,258,0,378,0,2610,0,2232,0,0.0422913403445961,0.2920116357126874,0.2497202953680913
2021-04-18,Mono,051,14174.0,12667,2,7171,1,5270,1,182,0,881,2,6831,2,5950,0,0.0621560603922675,0.481938761111895,0.4197827007196275
2021-04-18,Monterey,053,433212.0,298882,934,128501,326,154846,608,15005,0,70982,263,191892,263,120910,665,0.1638504935228017,0.4429517187889532,0.2791012252661514
2021-04-18,Napa,055,140530.0,127543,294,59377,202,64624,92,3531,0,20473,122,75687,122,55214,172,0.1456841955454351,0.5385825090727958,0.3928983135273607
2021-04-18,Nevada,057,99092.0,72747,209,37573,26,33348,183,1824,0,14632,107,44517,107,29885,102,0.1476607596980583,0.4492491825778065,0.3015884228797481
2021-04-18,Orange,059,3164182.0,2300612,22909,1213618,13847,1010184,9059,75885,2,481627,8938,1425812,8940,944185,13900,0.1522121673152808,0.4506099838757694,0.2983978165604886
2021-04-18,Placer,061,380077.0,284111,1305,152037,328,125626,977,6439,0,44323,445,167203,445,122880,860,0.1166158436316851,0.4399187533052513,0.3233029096735661
2021-04-18,Plumas,063,18699.0,12493,4,994,2,10756,2,721,0,1709,2,7426,2,5717,2,0.0913952617787047,0.3971335365527568,0.3057382747740521
2021-04-18,Riverside,065,2383286.0,1366332,4342,710570,3218,611220,1112,43988,9,313804,1977,860548,1988,546744,2344,0.1316686289434,0.3610762619341531,0.2294076329907531
2021-04-18,Sacramento,067,1510023.0,994405,9202,512673,3397,452981,5805,28672,0,177825,3940,599357,3942,421532,5242,0.1177631069195634,0.3969191197749968,0.2791560128554333
2021-04-18,San Benito,069,59416.0,38734,524,16797,440,19528,83,2319,0,7891,243,24346,243,16455,279,0.1328093442843678,0.4097549481621112,0.2769456038777433
2021-04-18,San Bernardino,071,2135413.0,1079757,3379,581046,2414,459048,964,39521,0,245037,1435,681106,1435,436069,1928,0.1147492311791676,0.3189575037709333,0.2042082725917656
2021-04-18,San Diego,073,3302833.0,2399446,14992,1180285,9314,1146126,5663,72386,13,546615,6656,1512576,6902,965961,8123,0.1654988308521805,0.4579632091601361,0.2924643783079556
2021-04-18,San Francisco,075,870044.0,833855,7157,505772,5580,288229,1575,39698,2,150479,4447,511351,4452,360872,2697,0.1729556206352782,0.5877300458367622,0.414774425201484
2021-04-18,San Joaquin,077,732212.0,433646,2878,223723,1736,192647,1141,17244,0,85561,1426,263893,1427,178332,1418,0.1168527694165077,0.3604051831983086,0.2435524137818009
2021-04-18,San Luis Obispo,079,281455.0,201121,350,99403,119,93506,230,8110,1,43354,118,126060,118,82706,230,0.1540352809507736,0.4478868735677106,0.293851592616937
2021-04-18,San Mateo,081,765935.0,669446,5878,372700,3001,266833,2875,29657,1,126302,3911,411980,3918,285678,1956,0.1648991102378139,0.5378785406072317,0.3729794303694178
2021-04-18,Santa Barbara,083,443738.0,316452,2182,171372,1506,129659,675,15166,0,85248,383,208010,383,122762,1792,0.1921133641923837,0.4687676061099117,0.2766542419175279
2021-04-18,Santa Clara,085,1922200.0,1522641,17288,858445,11372,585749,5904,76100,0,422271,10496,1007573,10502,585302,6728,0.219681094579128,0.5241769847050255,0.3044958901258974
2021-04-18,Santa Cruz,087,273765.0,219466,1084,89254,547,124416,535,5769,2,42920,604,133837,606,90917,480,0.1567767976183953,0.4888754954066444,0.332098697788249
2021-04-18,Shasta,089,179085.0,89919,274,39052,246,46979,28,3855,0,15784,35,54705,35,38921,239,0.0881369182231901,0.3054694698048413,0.2173325515816511
2021-04-18,Sierra,091,2930.0,2274,0,114,0,2151,0,9,0,179,0,1226,0,1047,0,0.0610921501706484,0.4184300341296928,0.3573378839590443
2021-04-18,Siskiyou,093,43540.0,25396,5,9891,3,14752,2,719,0,3505,1,14779,1,11274,4,0.0805006890215893,0.3394350022967386,0.2589343132751492
2021-04-18,Solano,095,438530.0,313625,1082,150741,689,155319,393,7536,0,52534,557,186562,557,134028,523,0.1197956810252434,0.4254258545595512,0.3056301735343078
2021-04-18,Sonoma,097,501317.0,430147,1470,212564,1064,204503,406,13044,0,74342,564,258212,565,183870,903,0.1482933951970509,0.5150673126983525,0.3667739175013015
2021-04-18,Stanislaus,099,539301.0,304034,827,156619,513,135748,312,11477,2,62940,488,186004,489,123064,323,0.1167066257989508,0.3448983035447737,0.2281916777458228
2021-04-18,Sutter,101,95872.0,55406,101,19290,40,33114,61,2999,0,9285,67,33724,67,24439,32,0.0968478805073431,0.3517606809078771,0.254912800400534
2021-04-18,Tehama,103,63373.0,27345,23,7286,8,19210,15,843,0,4396,15,16266,15,11870,8,0.0693670806179287,0.2566708219588783,0.1873037413409496
2021-04-18,Trinity,105,12862.0,6418,2,676,1,5450,1,290,0,1195,0,3948,0,2753,2,0.0929093453584201,0.306950707510496,0.2140413621520759
2021-04-18,Tulare,107,460477.0,250119,1592,136142,1248,106333,344,7601,0,38066,828,147606,828,109540,760,0.0826664523961023,0.3205502120627089,0.2378837596666065
2021-04-18,Tuolumne,109,53932.0,36987,14,9057,5,27487,9,438,0,4497,4,20654,4,16157,9,0.0833827783134317,0.3829637321070978,0.2995809537936661
2021-04-18,Ventura,111,848112.0,617643,2260,293533,1125,300430,1133,23393,1,117425,968,378505,969,261080,1285,0.1384545909030882,0.4462912917161884,0.3078367008131001
2021-04-18,Yolo,113,214977.0,166635,665,75802,344,85749,321,5073,0,31953,370,101713,370,69760,291,0.1486345050865906,0.4731343353009857,0.324499830214395
2021-04-18,Yuba,115,75493.0,30966,74,9365,22,19374,52,2216,0,5889,36,19498,36,13609,38,0.0780072324586385,0.2582756017114169,0.1802683692527784
2021-04-17,Alameda,001,1643700.0,1340472,21339,785819,14709,466417,6620,87808,4,275626,14684,850354,14689,574728,6600,0.1676863174545233,0.517341363995863,0.3496550465413396
2021-04-17,Alpine,003,1148.0,1286,0,28,0,1255,0,3,0,181,0,730,0,549,0,0.1576655052264808,0.6358885017421603,0.4782229965156794
2021-04-17,Amador,005,37829.0,27155,68,6550,38,20049,30,556,0,4529,31,15737,31,11208,37,0.1197229638637024,0.4160035951254329,0.2962806312617304
2021-04-17,Butte,007,227075.0,128712,357,54529,62,69154,295,5022,0,19998,245,76737,245,56739,112,0.0880678190025322,0.3379368050203677,0.2498689860178355
2021-04-17,Calaveras,009,45235.0,29919,337,11064,131,18328,206,527,0,4597,283,17207,283,12610,48,0.1016248480159168,0.3803912899303636,0.2787664419144467
2021-04-17,Colusa,011,21464.0,11984,52,2492,7,8752,45,739,0,2096,29,7393,29,5297,23,0.0976518822213939,0.34443719716735,0.246785314945956
2021-04-17,Contra Costa,013,1133247.0,981395,11859,595559,6594,349396,5261,36249,0,209571,6319,612832,6321,403261,5511,0.1849296755252826,0.5407753120017084,0.3558456364764257
2021-04-17,Del Norte,015,27424.0,13279,105,4982,73,7626,32,637,0,2727,100,8259,100,5532,5,0.0994384480746791,0.3011595682613769,0.2017211201866977
2021-04-17,El Dorado,017,186661.0,128107,1047,57132,218,66536,828,4426,1,20446,715,76327,716,55881,330,0.1095354680409941,0.4089070561070604,0.2993715880660663
2021-04-17,Fresno,019,978130.0,610083,5734,283919,3807,301190,1927,24740,0,99339,2693,365809,2693,266470,3021,0.1015601198204737,0.373988120188523,0.2724280003680492
2021-04-17,Glenn,021,27897.0,15107,167,4856,16,9386,151,849,0,2288,30,9095,30,6807,131,0.0820159873821557,0.3260207190737355,0.2440047316915797
2021-04-17,Humboldt,023,135768.0,93559,1929,44981,1602,44275,326,4199,1,22037,983,59747,984,37710,944,0.1623136527016675,0.4400668787932355,0.277753226091568
2021-04-17,Imperial,025,180216.0,123016,1942,55096,961,57023,979,10881,2,31997,1486,82803,1490,50806,448,0.1775480534469747,0.4594653082967106,0.2819172548497359
2021-04-17,Inyo,027,18085.0,13008,6,4492,0,8002,3,388,0,1831,1,7541,1,5710,2,0.1012441249654409,0.4169753939729057,0.3157312690074647
2021-04-17,Kern,029,883053.0,431715,6034,201816,3957,206672,2076,23109,0,88488,2094,270901,2095,182413,3921,0.1002068958488335,0.306777735877688,0.2065708400288544
2021-04-17,Kings,031,150075.0,64619,483,24632,260,36199,223,3765,0,10623,197,39469,197,28846,284,0.0707846076961519,0.2629951690821256,0.1922105613859736
2021-04-17,Lake,033,64148.0,37559,49,11466,17,24590,32,1501,0,5854,36,22413,36,16559,13,0.0912577165305231,0.3493951487185883,0.2581374321880651
2021-04-17,Lassen,035,31185.0,9284,12,1168,2,7465,10,641,0,972,3,5429,3,4457,9,0.0311688311688311,0.1740901074234407,0.1429212762546096
2021-04-17,Los Angeles,037,10098052.0,7035447,100936,3562185,52918,3148354,47972,322750,30,1526058,56705,4431766,56751,2905708,43945,0.151123998965345,0.4388733589409125,0.2877493599755675
2021-04-17,Madera,039,155013.0,85301,1310,40731,1098,41106,211,3421,0,15326,777,51756,777,36430,532,0.0988691271054685,0.3338816744402082,0.2350125473347396
2021-04-17,Marin,041,260295.0,272042,3571,155609,2169,108270,1402,8152,0,44997,1758,162365,1759,117368,1806,0.1728692445110355,0.6237730267581014,0.4509037822470658
2021-04-17,Mariposa,043,17540.0,9792,13,1402,7,7993,6,378,0,2821,7,6460,7,3639,6,0.1608323831242873,0.3683010262257696,0.2074686431014823
2021-04-17,Mendocino,045,87422.0,71617,200,35891,14,33592,186,2123,0,7965,66,40718,66,32753,133,0.0911097892978884,0.4657637665576171,0.3746539772597286
2021-04-17,Merced,047,269075.0,141663,2335,79459,1646,54399,684,7172,1,26401,683,85682,689,59281,1617,0.0981176251974356,0.3184316640341912,0.2203140388367555
2021-04-17,Modoc,049,8938.0,4590,2,479,2,3850,0,258,0,378,2,2610,2,2232,0,0.0422913403445961,0.2920116357126874,0.2497202953680913
2021-04-17,Mono,051,14174.0,12665,53,7170,2,5269,51,182,0,879,46,6829,46,5950,7,0.0620149569634542,0.4817976576830817,0.4197827007196275
2021-04-17,Monterey,053,433212.0,297948,5997,128175,1440,154238,4556,15005,0,71384,3838,191629,3838,120245,2136,0.1647784456570916,0.4423446257259725,0.2775661800688808
2021-04-17,Napa,055,140530.0,127249,1184,59175,289,64532,895,3531,0,20523,870,75565,870,55042,312,0.146039991460898,0.5377143670390664,0.3916743755781683
2021-04-17,Nevada,057,99092.0,72538,213,37547,63,33165,150,1824,0,14627,85,44410,85,29783,128,0.1476103015379647,0.4481693779518023,0.3005590764138376
2021-04-17,Orange,059,3164182.0,2277703,31380,1199771,17723,1001125,13644,75883,8,486587,13642,1416872,13649,930285,17616,0.1537797130506399,0.4477846091027633,0.2940048960521234
2021-04-17,Placer,061,380077.0,282806,2674,151709,882,124649,1792,6439,0,44738,1746,166758,1746,122020,930,0.1177077276446614,0.4387479379178429,0.3210402102731814
2021-04-17,Plumas,063,18699.0,12489,688,992,2,10754,685,721,0,1709,18,7424,18,5715,662,0.0913952617787047,0.3970265789614418,0.305631317182737
2021-04-17,Riverside,065,2383286.0,1361990,10156,707352,6707,610108,3447,43979,0,314160,5022,858560,5025,544400,5106,0.1318180025393511,0.3602421194938417,0.2284241169544905
2021-04-17,Sacramento,067,1510023.0,985203,15974,509276,6256,447176,9715,28672,0,179125,11595,595415,11599,416290,4354,0.1186240209586211,0.3943085635119465,0.2756845425533253
2021-04-17,San Benito,069,59416.0,38210,331,16357,228,19445,103,2319,0,7927,124,24103,124,16176,206,0.1334152416857412,0.405665140702841,0.2722498990170998
2021-04-17,San Bernardino,071,2135413.0,1076378,12201,578632,8001,458084,4197,39521,2,245530,6281,679671,6281,434141,5872,0.114980099868269,0.3182855026170581,0.2033054027487891
2021-04-17,San Diego,073,3302833.0,2384454,28514,1170971,13902,1140463,14603,72373,4,547836,12274,1505674,12605,957838,15900,0.1658685134852413,0.4558734880025723,0.290004974517331
2021-04-17,San Francisco,075,870044.0,826698,10345,500192,7383,286654,2958,39696,2,148724,7168,506899,7171,358175,3159,0.1709384812722115,0.5826130632473759,0.4116745819751645
2021-04-17,San Joaquin,077,732212.0,430768,5342,221987,2947,191506,2393,17244,2,85552,3659,262466,3661,176914,1637,0.1168404778943803,0.358456294078764,0.2416158161843837
2021-04-17,San Luis Obispo,079,281455.0,200771,1108,99284,431,93276,675,8109,2,43466,697,125942,699,82476,412,0.1544332131246558,0.4474676235987991,0.2930344104741433
2021-04-17,San Mateo,081,765935.0,663568,10207,369699,6817,263958,3371,29656,3,124340,6190,408062,6216,283722,3988,0.1623375351694334,0.532763224033371,0.3704256888639375
2021-04-17,Santa Barbara,083,443738.0,314270,5301,169866,3771,128984,1527,15166,0,86657,4017,207627,4018,120970,1270,0.1952886613271795,0.4679044841776003,0.2726158228504207
2021-04-17,Santa Clara,085,1922200.0,1505353,22761,847073,15463,579845,7229,76100,2,418497,15415,997071,15427,578574,7214,0.2177177192799916,0.5187134533347206,0.3009957340547289
2021-04-17,Santa Cruz,087,273765.0,218382,2183,88707,883,123881,1299,5767,1,42794,1412,133231,1413,90437,766,0.1563165488649023,0.4866619180684163,0.330345369203514
2021-04-17,Shasta,089,179085.0,89645,612,38806,388,46951,224,3855,0,15988,182,54670,183,38682,428,0.089276042102912,0.3052740318843007,0.2159979897813887
2021-04-17,Sierra,091,2930.0,2274,2,114,1,2151,1,9,0,179,1,1226,1,1047,1,0.0610921501706484,0.4184300341296928,0.3573378839590443
2021-04-17,Siskiyou,093,43540.0,25391,10,9888,7,14750,3,719,0,3508,5,14778,5,11270,4,0.0805695911805236,0.3394120349104272,0.2588424437299035
2021-04-17,Solano,095,438530.0,312543,3596,150052,1323,154926,2273,7536,0,52500,1347,186005,1348,133505,2242,0.1197181492714295,0.4241557020044239,0.3044375527329943
2021-04-17,Sonoma,097,501317.0,428677,3608,211500,1868,204097,1740,13044,0,74680,1684,257647,1685,182967,1905,0.148967619290788,0.5139402812990583,0.3649726620082702
2021-04-17,Stanislaus,099,539301.0,303207,3000,156106,1916,135436,1084,11475,0,62774,1650,185515,1650,122741,1331,0.1163988199539774,0.3439915742785568,0.2275927543245794
2021-04-17,Sutter,101,95872.0,55305,591,19250,88,33053,503,2999,0,9250,514,33657,514,24407,74,0.0964828104138851,0.3510618324432576,0.2545790220293725
2021-04-17,Tehama,103,63373.0,27322,400,7278,305,19195,94,843,0,4389,57,16251,58,11862,341,0.0692566234831868,0.2564341280987171,0.1871775046155302
2021-04-17,Trinity,105,12862.0,6416,11,675,5,5449,6,290,0,1197,8,3948,8,2751,3,0.0930648421707355,0.306950707510496,0.2138858653397605
2021-04-17,Tulare,107,460477.0,248527,2274,134894,1334,105989,940,7601,0,37998,1178,146778,1178,108780,1093,0.0825187794395811,0.318752076650951,0.2362332972113699
2021-04-17,Tuolumne,109,53932.0,36973,46,9052,5,27478,41,438,0,4502,29,20650,29,16148,16,0.0834754876511162,0.3828895646369502,0.299414076985834
2021-04-17,Ventura,111,848112.0,615383,9177,292408,5501,299297,3660,23392,14,117741,5277,377536,5292,259795,3882,0.1388271832022185,0.4451487539381591,0.3063215707359405
2021-04-17,Yolo,113,214977.0,165970,1669,75458,512,85428,1157,5073,0,31874,878,101343,878,69469,788,0.1482670239141861,0.4714132209492178,0.3231461970350316
2021-04-17,Yuba,115,75493.0,30892,419,9343,64,19322,355,2216,0,5891,354,19462,354,13571,65,0.078033724981124,0.2577987363066774,0.1797650113255533
2021-04-16,Alameda,001,1643700.0,1319133,25227,771110,14854,459797,10356,87804,9,267537,16046,835665,16061,568128,9109,0.1627651031210074,0.5084048183975178,0.3456397152765103
2021-04-16,Alpine,003,1148.0,1286,0,28,0,1255,0,3,0,181,0,730,0,549,0,0.1576655052264808,0.6358885017421603,0.4782229965156794
2021-04-16,Amador,005,37829.0,27087,493,6512,32,20019,461,556,0,4535,371,15706,371,11171,108,0.1198815723386819,0.4151841180047054,0.2953025456660234
2021-04-16,Butte,007,227075.0,128355,841,54467,439,68859,402,5022,0,19865,497,76492,497,56627,342,0.0874821094352086,0.336857866343719,0.2493757569085104
2021-04-16,Calaveras,009,45235.0,29582,117,10933,37,18122,80,527,0,4362,57,16924,57,12562,51,0.0964297557201282,0.3741350723996905,0.2777053166795623
2021-04-16,Colusa,011,21464.0,11932,86,2485,17,8707,69,739,0,2090,37,7364,37,5274,48,0.0973723443906075,0.3430860976518822,0.2457137532612747
2021-04-16,Contra Costa,013,1133247.0,969536,17312,588965,10804,344135,6502,36249,3,208761,7745,606511,7750,397750,9540,0.1842149151950104,0.5351975341651026,0.3509826189700921
2021-04-16,Del Norte,015,27424.0,13174,159,4909,38,7594,121,637,0,2632,59,8159,59,5527,100,0.0959743290548424,0.2975131271878646,0.2015387981330221
2021-04-16,El Dorado,017,186661.0,127060,1507,56914,543,65708,964,4425,0,20060,604,75611,604,55551,898,0.1074675481219965,0.4050712253764846,0.2976036772544881
2021-04-16,Fresno,019,978130.0,604349,9821,280112,4778,299263,5036,24740,2,99667,3947,363116,3949,263449,5828,0.1018954535695664,0.3712349074253933,0.2693394538558269
2021-04-16,Glenn,021,27897.0,14940,167,4840,41,9235,126,849,0,2389,73,9065,73,6676,93,0.0856364483636233,0.3249453346237946,0.2393088862601713
2021-04-16,Humboldt,023,135768.0,91630,1161,43379,530,43949,631,4198,0,21997,562,58763,562,36766,598,0.1620190324671498,0.4328192210240999,0.2708001885569501
2021-04-16,Imperial,025,180216.0,121074,4007,54135,1839,56044,2168,10879,0,30955,2341,81313,2343,50358,1649,0.1717661028987437,0.451197451946553,0.2794313490478093
2021-04-16,Inyo,027,18085.0,13002,53,4492,8,7999,45,388,0,1832,19,7540,19,5708,33,0.1012994194083494,0.4169200995299972,0.3156206801216478
2021-04-16,Kern,029,883053.0,425681,7481,197859,3515,204596,3964,23109,1,90314,3010,268806,3013,178492,4443,0.1022747219023093,0.3044052848470024,0.202130562944693
2021-04-16,Kings,031,150075.0,64136,812,24372,367,35976,444,3765,0,10710,261,39272,262,28562,550,0.0713643178410794,0.2616824920872896,0.1903181742462102
2021-04-16,Lake,033,64148.0,37510,264,11449,28,24558,236,1501,0,5831,69,22377,69,16546,195,0.0908991706678306,0.3488339464987217,0.2579347758308911
2021-04-16,Lassen,035,31185.0,9272,12,1166,2,7455,10,641,0,978,5,5426,5,4448,7,0.0313612313612313,0.1739939073272406,0.1426326759660093
2021-04-16,Los Angeles,037,10098052.0,6934511,133867,3509267,70751,3100382,62932,322720,152,1513252,69565,4375015,69723,2861763,63896,0.1498558335805757,0.4332533641141876,0.2833975305336118
2021-04-16,Madera,039,155013.0,83991,1371,39633,549,40895,822,3421,0,15081,376,50979,379,35898,982,0.0972886145032997,0.328869191616187,0.2315805771128873
2021-04-16,Marin,041,260295.0,268471,4295,153440,2251,106868,2041,8152,3,45044,2039,160606,2043,115562,2245,0.1730498088707044,0.617015309552623,0.4439655006819186
2021-04-16,Mariposa,043,17540.0,9779,388,1395,15,7987,373,378,0,2820,103,6453,105,3633,284,0.1607753705815279,0.3679019384264538,0.2071265678449259
2021-04-16,Mendocino,045,87422.0,71417,197,35877,54,33406,142,2123,1,8032,91,40652,92,32620,106,0.0918761867722083,0.4650088078515705,0.3731326210793622
2021-04-16,Merced,047,269075.0,139328,2492,77813,1205,53715,1283,7171,0,27329,951,84993,954,57664,1417,0.1015664777478398,0.3158710396729536,0.2143045619251138
2021-04-16,Modoc,049,8938.0,4588,8,477,6,3850,2,258,0,376,7,2608,7,2232,1,0.0420675766390691,0.2917878720071604,0.2497202953680913
2021-04-16,Mono,051,14174.0,12612,13,7168,1,5218,12,182,0,840,3,6783,3,5943,9,0.0592634401015944,0.4785522788203753,0.4192888387187808
2021-04-16,Monterey,053,433212.0,291951,5048,126735,2518,149682,2510,15005,14,69682,2248,187791,2262,118109,2783,0.1608496532875359,0.4334852220160106,0.2726355687284747
2021-04-16,Napa,055,140530.0,126065,3072,58886,1700,63637,1371,3531,0,19965,2331,74695,2331,54730,739,0.1420693090443321,0.5315235181100121,0.3894542090656799
2021-04-16,Nevada,057,99092.0,72325,945,37484,705,33015,240,1824,0,14670,511,44325,511,29655,433,0.1480442417147701,0.4473115892302103,0.2992673475154402
2021-04-16,Orange,059,3164182.0,2246323,42793,1182048,25048,987481,17711,75875,30,490554,19074,1403223,19110,912669,23563,0.1550334336014805,0.4434710139935061,0.2884375803920255
2021-04-16,Placer,061,380077.0,280132,3798,150827,2238,122857,1560,6439,0,43922,1478,165012,1478,121090,2316,0.1155607942601104,0.4341541319258992,0.3185933376657888
2021-04-16,Plumas,063,18699.0,11801,147,990,3,10069,144,721,0,2353,6,7406,6,5053,141,0.1258356061821487,0.3960639606396064,0.2702283544574576
2021-04-16,Riverside,065,2383286.0,1351834,25855,700645,14969,606661,10873,43979,7,314241,11803,853535,11814,539294,13963,0.1318519892283175,0.3581336860116662,0.2262816967833487
2021-04-16,Sacramento,067,1510023.0,969229,17770,503020,9808,437461,7961,28672,0,171880,7998,583816,7998,411936,9730,0.1138260807947958,0.3866272235588464,0.2728011427640506
2021-04-16,San Benito,069,59416.0,37879,736,16129,385,19342,343,2319,6,8009,273,23979,279,15970,460,0.1347953413222027,0.4035781607647771,0.2687828194425743
2021-04-16,San Bernardino,071,2135413.0,1064177,19246,570631,10849,453887,8393,39519,4,245121,9331,673390,9334,428269,9858,0.1147885678320774,0.3153441512250792,0.2005555833930017
2021-04-16,San Diego,073,3302833.0,2355940,34435,1157069,18964,1125860,15449,72369,18,551131,19486,1493069,19812,941938,14672,0.1668661418848606,0.452057067372162,0.2851909254873013
2021-04-16,San Francisco,075,870044.0,816353,13446,492809,8986,283696,4413,39694,45,144712,7762,499728,7807,355016,5660,0.1663272202325399,0.5743709513541844,0.4080437311216444
2021-04-16,San Joaquin,077,732212.0,425426,8347,219040,4672,189113,3671,17242,4,83528,4888,258805,4890,175277,3366,0.1140762511403801,0.3534563760222449,0.2393801248818648
2021-04-16,San Luis Obispo,079,281455.0,199663,3666,98853,2207,92601,1454,8107,4,43179,1711,125243,1713,82064,1943,0.1534135119290828,0.4449841004778739,0.2915705885487911
2021-04-16,San Mateo,081,765935.0,653361,10273,362882,7034,260587,3211,29653,19,122112,6398,401846,6420,279734,3848,0.1594286721458087,0.5246476528687161,0.3652189807229073
2021-04-16,Santa Barbara,083,443738.0,308969,6404,166095,3720,127457,2672,15166,11,83909,4353,203609,4364,119700,2036,0.1890958178023969,0.4588495914255709,0.269753773623174
2021-04-16,Santa Clara,085,1922200.0,1482592,39472,831610,26787,572616,12609,76098,3,410284,27716,981644,27733,571360,11585,0.2134450109249818,0.5106877536156488,0.2972427426906669
2021-04-16,Santa Cruz,087,273765.0,216199,4260,87824,2303,122582,1953,5766,4,42147,2252,131818,2256,89671,1999,0.1539532080433948,0.4815005570471024,0.3275473490037076
2021-04-16,Shasta,089,179085.0,89033,2278,38418,1818,46727,458,3855,0,16233,926,54487,926,38254,1345,0.0906441075466957,0.3042521707569031,0.2136080632102074
2021-04-16,Sierra,091,2930.0,2272,1,113,0,2150,1,9,0,179,1,1225,1,1046,0,0.0610921501706484,0.4180887372013652,0.3569965870307167
2021-04-16,Siskiyou,093,43540.0,25381,321,9881,227,14747,92,719,1,3507,268,14773,268,11266,50,0.0805466237942122,0.33929719797887,0.2587505741846578
2021-04-16,Solano,095,438530.0,308947,3861,148729,2715,152653,1144,7536,2,53394,2361,184657,2363,131263,1489,0.1217567783275944,0.4210817960002736,0.2993250176726791
2021-04-16,Sonoma,097,501317.0,425069,7014,209632,3488,202357,3524,13044,2,74900,3897,255962,3900,181062,3105,0.149406463375469,0.51057913455957,0.361172671184101
2021-04-16,Stanislaus,099,539301.0,300207,4380,154190,1154,134352,3222,11475,1,62455,1768,183865,1770,121410,2539,0.1158073135410466,0.3409320583496044,0.2251247448085577
2021-04-16,Sutter,101,95872.0,54714,422,19162,133,32550,288,2999,1,8810,191,33143,192,24333,229,0.0918933578104138,0.3457005173564753,0.2538071595460614
2021-04-16,Tehama,103,63373.0,26922,689,6973,402,19101,287,843,0,4672,94,16193,94,11521,595,0.073722247644896,0.2555189118394269,0.1817966641945308
2021-04-16,Trinity,105,12862.0,6405,156,670,11,5443,145,290,0,1192,84,3940,84,2748,72,0.0926761001399471,0.3063287202612346,0.2136526201212875
2021-04-16,Tulare,107,460477.0,246253,3779,133560,2260,105049,1517,7601,1,37913,1488,145600,1488,107687,2277,0.0823341882439296,0.3161938598453342,0.2338596716014046
2021-04-16,Tuolumne,109,53932.0,36927,282,9047,62,27437,220,438,0,4489,140,20621,140,16132,130,0.0832344433731365,0.3823518504783801,0.2991174071052436
2021-04-16,Ventura,111,848112.0,606206,10359,286907,4534,295637,5816,23378,4,116331,4792,372244,4799,255913,5532,0.1371646669307827,0.4389090120172807,0.301744345086498
2021-04-16,Yolo,113,214977.0,164301,3207,74946,2109,84271,1096,5073,1,31784,2068,100465,2069,68681,1131,0.1478483744772696,0.4673290631090768,0.3194806886318071
2021-04-16,Yuba,115,75493.0,30473,369,9279,108,18967,261,2216,0,5602,190,19108,190,13506,176,0.0742055554819652,0.2531095598267389,0.1789040043447737
2021-04-15,Alameda,001,1643700.0,1293906,24814,756256,15745,449441,9053,87795,8,260585,16164,819604,16183,559019,8584,0.1585356208553872,0.4986335706029081,0.3400979497475208
2021-04-15,Alpine,003,1148.0,1286,33,28,0,1255,33,3,0,181,4,730,4,549,29,0.1576655052264808,0.6358885017421603,0.4782229965156794
2021-04-15,Amador,005,37829.0,26594,350,6480,85,19558,265,556,0,4272,64,15335,64,11063,270,0.1129292341854133,0.4053768273018055,0.2924475931163922
2021-04-15,Butte,007,227075.0,127514,641,54028,394,68457,247,5022,0,19710,469,75995,469,56285,170,0.0867995155785533,0.3346691621710888,0.2478696465925355
2021-04-15,Calaveras,009,45235.0,29465,345,10896,286,18042,59,527,0,4356,221,16867,221,12511,112,0.0962971150657676,0.3728749861832651,0.2765778711174975
2021-04-15,Colusa,011,21464.0,11846,324,2468,50,8638,274,739,0,2101,118,7327,119,5226,205,0.0978848304137159,0.3413622810286992,0.2434774506149832
2021-04-15,Contra Costa,013,1133247.0,952224,17962,578161,11075,337633,6884,36246,2,210551,8285,598761,8295,388210,9650,0.1857944472828959,0.5283587779186709,0.3425643306357749
2021-04-15,Del Norte,015,27424.0,13015,171,4871,32,7473,137,637,0,2673,49,8100,49,5427,120,0.0974693698949824,0.2953617269544924,0.1978923570595099
2021-04-15,El Dorado,017,186661.0,125553,2499,56371,1664,64744,835,4425,0,20354,950,75007,950,54653,1550,0.109042595935948,0.4018354128607475,0.2927928169247995
2021-04-15,Fresno,019,978130.0,594528,8623,275334,4280,294227,4332,24738,5,101546,3141,359167,3147,257621,5441,0.1038164661139112,0.3671976117693967,0.2633811456554855
2021-04-15,Glenn,021,27897.0,14773,359,4799,274,9109,84,849,0,2409,73,8992,73,6583,285,0.0863533713302505,0.3223285657956052,0.2359751944653547
2021-04-15,Humboldt,023,135768.0,90469,1870,42849,1221,43318,645,4198,3,22033,1267,58201,1269,36168,587,0.1622841906782157,0.4286798067291261,0.2663956160509104
2021-04-15,Imperial,025,180216.0,117067,2174,52296,957,53876,1216,10879,1,30261,1436,78970,1441,48709,729,0.1679151684645092,0.4381963865583522,0.2702812180938429
2021-04-15,Inyo,027,18085.0,12949,272,4484,119,7954,150,388,0,1846,77,7521,77,5675,192,0.1020735416090682,0.4158695051147359,0.3137959635056677
2021-04-15,Kern,029,883053.0,418200,5361,194344,2534,200632,2823,23108,3,91744,2484,265793,2487,174049,2863,0.1038941037514169,0.3009932586152813,0.1970991548638643
2021-04-15,Kings,031,150075.0,63324,1072,24005,511,35532,560,3765,1,10998,442,39010,443,28012,629,0.0732833583208395,0.2599366983175079,0.1866533399966683
2021-04-15,Lake,033,64148.0,37246,648,11421,194,24322,454,1501,0,5957,325,22308,325,16351,317,0.0928633784373636,0.3477583089106441,0.2548949304732805
2021-04-15,Lassen,035,31185.0,9260,140,1164,11,7445,129,641,0,980,15,5421,15,4441,125,0.031425364758698,0.1738335738335738,0.1424082090748757
2021-04-15,Los Angeles,037,10098052.0,6800644,132385,3438516,71509,3037450,60642,322568,204,1507425,74315,4305292,74525,2797867,57690,0.1492787915926754,0.4263487650885537,0.2770699734958782
2021-04-15,Madera,039,155013.0,82620,1198,39084,526,40073,670,3421,1,15684,414,50600,416,34916,765,0.1011786108261887,0.3264242353867095,0.2252456245605207
2021-04-15,Marin,041,260295.0,264176,5586,151189,3938,104827,1648,8149,0,45246,3150,158563,3150,113317,2425,0.1738258514377917,0.6091665225993584,0.4353406711615666
2021-04-15,Mariposa,043,17540.0,9391,71,1380,25,7614,46,378,0,2999,51,6348,51,3349,17,0.1709806157354618,0.3619156214367161,0.1909350057012542
2021-04-15,Mendocino,045,87422.0,71220,682,35823,340,33264,341,2122,1,8046,393,40560,394,32514,286,0.0920363295280364,0.4639564411704148,0.3719201116423783
2021-04-15,Merced,047,269075.0,136836,3109,76608,2020,52432,1087,7171,1,27792,888,84039,889,56247,1976,0.1032871875871039,0.3123255597881632,0.2090383722010592
2021-04-15,Modoc,049,8938.0,4580,100,471,0,3848,100,258,0,370,28,2601,28,2231,72,0.0413962855224882,0.291004699037816,0.2496084135153278
2021-04-15,Mono,051,14174.0,12599,25,7167,7,5206,18,182,0,846,10,6780,10,5934,15,0.0596867503880344,0.4783406236771553,0.4186538732891209
2021-04-15,Monterey,053,433212.0,286903,6087,124217,3990,147172,2087,14991,3,70203,3884,185529,3887,115326,2178,0.1620522977202847,0.428263760006648,0.2662114622863633
2021-04-15,Napa,055,140530.0,122993,2101,57186,555,62266,1544,3531,0,18373,886,72364,886,53991,1208,0.1307407670959937,0.5149363125311321,0.3841955454351384
2021-04-15,Nevada,057,99092.0,71380,1128,36779,728,32775,400,1824,0,14592,645,43814,645,29222,478,0.1472570944173091,0.4421547652686392,0.29489767085133
2021-04-15,Orange,059,3164182.0,2203530,41493,1157000,25222,969770,16236,75845,28,495007,19095,1384113,19120,889106,22263,0.1564407483513906,0.4374315383881205,0.2809907900367299
2021-04-15,Placer,061,380077.0,276334,4571,148589,2532,121297,2037,6439,2,44760,2346,163534,2348,118774,2215,0.1177656106525782,0.4302654462122149,0.3124998355596366
2021-04-15,Plumas,063,18699.0,11654,59,987,4,9925,55,721,0,2488,37,7400,37,4912,21,0.1330552435959142,0.3957430878656612,0.262687844269747
2021-04-15,Riverside,065,2383286.0,1325979,22634,685676,12827,595788,9789,43972,12,316390,11734,841721,11749,525331,10772,0.132753685457809,0.3531766644876024,0.2204229790297933
2021-04-15,Sacramento,067,1510023.0,951459,16601,493212,8527,429500,8069,28672,4,173612,6629,575818,6636,402206,9931,0.114973083191448,0.3813306154939362,0.2663575323024881
2021-04-15,San Benito,069,59416.0,37143,962,15744,745,18999,216,2313,1,8190,471,23700,473,15510,489,0.1378416588124411,0.3988824559041335,0.2610407970916925
2021-04-15,San Bernardino,071,2135413.0,1044931,20795,559782,11596,445494,9191,39515,6,245645,10914,664056,10920,418411,9832,0.1150339536192764,0.310973099817225,0.1959391461979485
2021-04-15,San Diego,073,3302833.0,2321505,40510,1138105,21091,1110411,19368,72351,37,545991,23957,1473257,24355,927266,16164,0.1653099021355303,0.4460585806185175,0.2807486784829872
2021-04-15,San Francisco,075,870044.0,802907,14265,483823,9851,279283,4407,39649,4,142565,8307,491921,8314,349356,5937,0.1638595289433637,0.5653978419482233,0.4015383130048595
2021-04-15,San Joaquin,077,732212.0,417079,8532,214368,5201,185442,3330,17238,1,82004,4588,253915,4590,171911,3850,0.1119948867267949,0.3467779823329855,0.2347830956061905
2021-04-15,San Luis Obispo,079,281455.0,195997,3811,96646,2461,91147,1348,8103,1,43409,1997,123530,1999,80121,1798,0.1542306940718765,0.43889786999698,0.2846671759251035
2021-04-15,San Mateo,081,765935.0,643088,11628,355848,7732,257376,3888,29634,4,119540,7495,395426,7500,275886,4106,0.1560706848492365,0.5162657405654527,0.3601950557162161
2021-04-15,Santa Barbara,083,443738.0,302565,6980,162375,4017,124785,2956,15155,2,81581,3734,199245,3735,117664,3232,0.1838494787464675,0.449014959277772,0.2651654805313045
2021-04-15,Santa Clara,085,1922200.0,1443120,45063,804823,34506,560007,10460,76095,16,394136,34105,953911,34132,559775,10775,0.2050442201643949,0.4962600145666423,0.2912157944022474
2021-04-15,Santa Cruz,087,273765.0,211939,4842,85521,3064,120629,1774,5762,2,41890,3030,129562,3033,87672,1801,0.1530144466969846,0.4732599126988475,0.3202454660018629
2021-04-15,Shasta,089,179085.0,86755,1056,36600,250,46269,805,3855,0,16652,301,53561,301,36909,745,0.0929837786525951,0.2990814417734595,0.2060976631208644
2021-04-15,Sierra,091,2930.0,2271,47,113,2,2149,45,9,0,178,3,1224,3,1046,43,0.0607508532423208,0.4177474402730375,0.3569965870307167
2021-04-15,Siskiyou,093,43540.0,25060,1097,9654,940,14655,157,718,0,3289,431,14505,431,11216,666,0.0755397335783188,0.3331419384474047,0.2576022048690859
2021-04-15,Solano,095,438530.0,305086,5846,146014,2225,151509,3621,7534,0,52520,1716,182294,1716,129774,4119,0.1197637561854377,0.4156933391102091,0.2959295829247714
2021-04-15,Sonoma,097,501317.0,418055,7635,206144,4330,198833,3304,13042,1,74105,3598,252062,3599,177957,4021,0.1478206404330992,0.5027996257856805,0.3549789853525813
2021-04-15,Stanislaus,099,539301.0,295827,5322,153036,3189,131130,2128,11474,3,63224,2935,182095,2938,118871,2312,0.1172332333891463,0.3376500321712735,0.2204167987821272
2021-04-15,Sutter,101,95872.0,54292,540,19029,169,32262,370,2998,0,8847,211,32951,211,24104,324,0.0922792890520694,0.343697847129506,0.2514185580774365
2021-04-15,Tehama,103,63373.0,26233,559,6571,208,18814,351,843,0,5173,79,16099,79,10926,478,0.0816278225742824,0.2540356303157496,0.1724078077414672
2021-04-15,Trinity,105,12862.0,6249,49,659,11,5298,38,290,0,1180,16,3856,16,2676,33,0.091743119266055,0.2997978541439901,0.208054734877935
2021-04-15,Tulare,107,460477.0,242474,3409,131300,2195,103532,1214,7600,0,38702,1473,144112,1473,105410,1921,0.0840476288718003,0.312962428090871,0.2289147992190706
2021-04-15,Tuolumne,109,53932.0,36645,380,8985,28,27217,352,438,0,4479,59,20481,60,16002,311,0.0830490246977675,0.3797559890232144,0.2967069643254468
2021-04-15,Ventura,111,848112.0,595847,9666,282373,4694,289821,4943,23374,27,117064,4111,367445,4138,250381,5530,0.1380289395740185,0.4332505612466278,0.2952216216726093
2021-04-15,Yolo,113,214977.0,161094,3432,72837,1214,83175,2218,5072,0,30846,2310,98396,2311,67550,1115,0.1434851170125176,0.4577047777204073,0.3142196607078897
2021-04-15,Yuba,115,75493.0,30104,360,9171,137,18706,223,2216,0,5588,149,18918,149,13330,211,0.0740201078245665,0.2505927701906137,0.1765726623660471
2021-04-14,Alameda,001,1643700.0,1269092,23858,740511,15690,440388,8157,87787,5,252986,15905,803421,15916,550435,7892,0.1539125144491087,0.4887881000182515,0.3348755855691427
2021-04-14,Alpine,003,1148.0,1253,46,28,0,1222,46,3,0,206,6,726,6,520,39,0.1794425087108014,0.632404181184669,0.4529616724738676
2021-04-14,Amador,005,37829.0,26244,288,6395,33,19293,255,556,0,4478,54,15271,54,10793,230,0.1183747918263765,0.4036850035686907,0.2853102117423141
2021-04-14,Butte,007,227075.0,126873,2887,53634,2379,68210,508,5022,0,19411,1305,75526,1305,56115,1578,0.0854827700099086,0.3326037652757899,0.2471209952658813
2021-04-14,Calaveras,009,45235.0,29120,195,10610,35,17983,160,527,0,4247,137,16646,137,12399,57,0.0938874765115507,0.3679893887476511,0.2741019122361003
2021-04-14,Colusa,011,21464.0,11522,120,2418,22,8364,98,739,0,2187,33,7208,33,5021,87,0.1018915393216548,0.3358181140514349,0.2339265747297801
2021-04-14,Contra Costa,013,1133247.0,934262,18094,567086,11427,330749,6660,36244,5,211906,9902,590466,9913,378560,8172,0.1869901266008204,0.5210391026845869,0.3340489760837664
2021-04-14,Del Norte,015,27424.0,12844,331,4839,23,7336,307,637,0,2744,144,8051,144,5307,186,0.1000583430571762,0.2935749708284714,0.1935166277712952
2021-04-14,El Dorado,017,186661.0,123054,1160,54707,513,63909,646,4425,1,20954,384,74057,385,53103,762,0.1122569792297266,0.3967459726455982,0.2844889934158715
2021-04-14,Fresno,019,978130.0,585905,9860,271054,5859,289895,3995,24733,3,103840,3792,356020,3798,252180,6032,0.1061617576395775,0.3639802480242912,0.2578184903847136
2021-04-14,Glenn,021,27897.0,14414,130,4525,48,9025,81,849,1,2621,71,8919,72,6298,59,0.0939527547764992,0.3197117969674158,0.2257590421909165
2021-04-14,Humboldt,023,135768.0,88599,1501,41628,1088,42673,411,4195,0,21351,1368,56932,1368,35581,127,0.1572609156796889,0.4193329797890519,0.262072064109363
2021-04-14,Imperial,025,180216.0,114893,2317,51339,1036,52660,1279,10878,2,29549,1564,77529,1566,47980,739,0.1639643538864473,0.4302004261552803,0.2662360722688329
2021-04-14,Inyo,027,18085.0,12677,140,4365,5,7804,135,388,0,1961,53,7444,53,5483,87,0.1084324025435443,0.4116118330107824,0.303179430467238
2021-04-14,Kern,029,883053.0,412839,6227,191810,3077,197809,3125,23105,24,92120,3034,263306,3057,171186,3171,0.1043198992585949,0.2981768931196655,0.1938569938610706
2021-04-14,Kings,031,150075.0,62252,1076,23494,585,34972,491,3764,0,11184,370,38567,370,27383,704,0.0745227386306846,0.2569848409128769,0.1824621022821922
2021-04-14,Lake,033,64148.0,36598,617,11227,40,23868,577,1501,0,5949,549,21983,549,16034,68,0.0927386668329488,0.3426918999812932,0.2499532331483444
2021-04-14,Lassen,035,31185.0,9120,957,1153,7,7316,949,641,0,1090,50,5406,50,4316,906,0.0349527016193682,0.1733525733525733,0.138399871733205
2021-04-14,Los Angeles,037,10098052.0,6668259,121490,3367007,61042,2976808,60255,322364,156,1490590,64780,4230767,64929,2740177,56281,0.147611638363518,0.4189686288008816,0.2713569904373635
2021-04-14,Madera,039,155013.0,81422,1429,38558,872,39403,557,3420,0,16033,577,50184,577,34151,849,0.1034300349002986,0.3237405894989452,0.2203105545986465
2021-04-14,Marin,041,260295.0,258590,4220,147251,2525,103179,1692,8149,3,44521,1716,155413,1718,110892,2493,0.1710405501450277,0.5970648687066598,0.426024318561632
2021-04-14,Mariposa,043,17540.0,9320,116,1355,13,7568,103,378,0,2965,56,6297,56,3332,59,0.1690421892816419,0.3590079817559863,0.1899657924743443
2021-04-14,Mendocino,045,87422.0,70538,540,35483,444,32923,93,2121,0,7938,426,40166,426,32228,111,0.0908009425545057,0.4594495664706824,0.3686486239161767
2021-04-14,Merced,047,269075.0,133727,2337,74588,1457,51345,874,7170,0,28879,1040,83150,1043,54271,1156,0.1073269534516398,0.3090216482393385,0.2016946947876986
2021-04-14,Modoc,049,8938.0,4480,5,471,2,3748,3,258,0,414,1,2573,1,2159,4,0.0463190870440814,0.2878720071604386,0.2415529201163571
2021-04-14,Mono,051,14174.0,12574,27,7160,2,5188,25,182,0,851,10,6770,10,5919,17,0.0600395089600677,0.4776351065330887,0.417595597573021
2021-04-14,Monterey,053,433212.0,280816,7162,120227,3338,145085,3815,14988,3,68494,1904,181642,1907,113148,5229,0.1581073469802313,0.419291247703203,0.2611839007229716
2021-04-14,Napa,055,140530.0,120892,2188,56631,1037,60722,1151,3531,0,18695,1054,71478,1054,52783,1132,0.1330320927915747,0.5086316089091297,0.375599516117555
2021-04-14,Nevada,057,99092.0,70252,1114,36051,621,32375,493,1824,0,14425,553,43169,553,28744,560,0.1455717918701812,0.4356456626165583,0.2900738707463771
2021-04-14,Orange,059,3164182.0,2162037,35729,1131778,20837,953534,14850,75817,37,498150,15421,1364993,15464,866843,20206,0.1574340540461958,0.4313889024082685,0.2739548483620727
2021-04-14,Placer,061,380077.0,271763,4243,146057,2601,119260,1641,6437,1,44627,1885,161186,1885,116559,2355,0.1174156815592629,0.4240877506400018,0.3066720690807389
2021-04-14,Plumas,063,18699.0,11595,106,983,6,9870,100,721,0,2472,52,7363,52,4891,54,0.1321995828653938,0.3937643724263329,0.2615647895609391
2021-04-14,Riverside,065,2383286.0,1303345,22727,672849,12498,585999,10195,43960,21,315413,11028,829972,11045,514559,11621,0.1323437472464488,0.3482469162324622,0.2159031689860134
2021-04-14,Sacramento,067,1510023.0,934858,15167,484685,8026,421431,7138,28668,3,176907,5952,569182,5956,392275,9191,0.117155169159675,0.3769359804453309,0.2597808112856559
2021-04-14,San Benito,069,59416.0,36181,878,14999,687,18783,190,2312,0,8206,398,23227,398,15021,471,0.1381109465463848,0.3909216372694223,0.2528106907230376
2021-04-14,San Bernardino,071,2135413.0,1024136,19851,548186,10563,436303,9280,39509,4,244557,11142,653136,11148,408579,8667,0.1145244503053976,0.3058593349389556,0.191334884633558
2021-04-14,San Diego,073,3302833.0,2280995,33689,1117014,19406,1091043,14243,72314,33,537800,17688,1448902,18170,911102,15610,0.1628299099591169,0.4386846080319532,0.2758546980728362
2021-04-14,San Francisco,075,870044.0,788642,13571,473972,8153,274876,5410,39645,4,140188,6351,483607,6359,343419,7199,0.1611274832077458,0.5558420033929319,0.394714520185186
2021-04-14,San Joaquin,077,732212.0,408547,8166,209167,4271,182112,3892,17237,3,81264,4697,249325,4699,168061,3382,0.1109842504629806,0.3405093060479752,0.2295250555849945
2021-04-14,San Luis Obispo,079,281455.0,192186,3578,94185,2038,89799,1534,8102,6,43208,1707,121531,1712,78323,1866,0.1535165479383915,0.4317954912863513,0.2782789433479597
2021-04-14,San Mateo,081,765935.0,631460,8780,348116,5709,253488,3065,29630,1,116146,4480,387926,4483,271780,4270,0.1516394994353306,0.506473786940145,0.3548342875048144
2021-04-14,Santa Barbara,083,443738.0,295585,6733,158358,4306,121829,2420,15153,2,81078,4115,195510,4118,114432,2604,0.1827159269659123,0.4405978302511842,0.2578819032852719
2021-04-14,Santa Clara,085,1922200.0,1398057,38029,770317,28642,549547,9326,76079,8,370779,26591,919779,26616,549000,11316,0.192893039225887,0.4785032774945375,0.2856102382686505
2021-04-14,Santa Cruz,087,273765.0,207097,4540,82457,2216,118855,2323,5760,0,40658,2055,126529,2056,85871,2471,0.1485142366628312,0.4621810677040527,0.3136668310412215
2021-04-14,Shasta,089,179085.0,85699,577,36350,143,45464,432,3855,2,17096,215,53260,217,36164,362,0.0954630482731663,0.297400675656811,0.2019376273836446
2021-04-14,Sierra,091,2930.0,2224,1,111,0,2104,1,9,0,218,1,1221,1,1003,0,0.0744027303754266,0.4167235494880546,0.3423208191126279
2021-04-14,Siskiyou,093,43540.0,23963,162,8714,66,14498,96,718,0,3524,87,14074,87,10550,74,0.0809370693615066,0.323242994947175,0.2423059255856683
2021-04-14,Solano,095,438530.0,299240,6771,143789,2083,147888,4686,7534,0,54923,1833,180578,1834,125655,4929,0.1252434269035185,0.4117802658883087,0.2865368389847901
2021-04-14,Sonoma,097,501317.0,410420,6816,201814,3841,195529,2954,13041,20,74527,2595,248463,2615,173936,4212,0.1486624231773508,0.495620535509468,0.3469581123321172
2021-04-14,Stanislaus,099,539301.0,290505,4510,149847,3022,129002,1484,11471,2,62598,2086,179157,2087,116559,2351,0.1160724715882225,0.33220223956566,0.2161297679774374
2021-04-14,Sutter,101,95872.0,53752,1318,18860,159,31892,1158,2998,1,8960,205,32740,206,23780,1100,0.0934579439252336,0.3414969959946595,0.2480390520694259
2021-04-14,Tehama,103,63373.0,25674,437,6363,61,18463,376,843,0,5572,55,16020,55,10448,382,0.0879238792545721,0.2527890426522336,0.1648651633976614
2021-04-14,Trinity,105,12862.0,6200,10,648,5,5260,5,290,0,1197,6,3840,6,2643,4,0.0930648421707355,0.2985538796454672,0.2054890374747317
2021-04-14,Tulare,107,460477.0,239065,2950,129105,1730,102318,1219,7600,1,39150,908,142639,909,103489,2033,0.0850205330559398,0.3097635712532873,0.2247430381973475
2021-04-14,Tuolumne,109,53932.0,36265,173,8957,33,26865,140,438,0,4730,84,20421,84,15691,82,0.087703033449529,0.3786434769710005,0.2909404435214714
2021-04-14,Ventura,111,848112.0,586181,8956,277679,4159,284878,4780,23347,14,118456,3384,363307,3403,244851,5530,0.1396702322334786,0.4283714886713076,0.2887012564378289
2021-04-14,Yolo,113,214977.0,157662,2894,71623,804,80957,2090,5072,0,29650,1394,96085,1394,66435,1497,0.1379217311619382,0.4469547905124734,0.3090330593505351
2021-04-14,Yuba,115,75493.0,29744,712,9034,111,18483,600,2216,0,5650,124,18769,124,13119,587,0.0748413760216179,0.2486190772654418,0.1737777012438239
2021-04-13,Alameda,001,1643700.0,1245234,23638,724821,15108,432231,8458,87782,65,244962,17257,787505,17325,542543,6329,0.1490308450447162,0.479105067834763,0.3300742227900468
2021-04-13,Alpine,003,1148.0,1207,0,28,0,1176,0,3,0,239,0,720,0,481,0,0.2081881533101045,0.627177700348432,0.4189895470383275
2021-04-13,Amador,005,37829.0,25956,343,6362,51,19038,292,556,0,4654,60,15217,60,10563,277,0.1230273070924423,0.4022575272938751,0.2792302202014328
2021-04-13,Butte,007,227075.0,123986,1676,51255,572,67702,1097,5022,7,19684,344,74221,351,54537,1327,0.0866850159638885,0.3268567653858857,0.2401717494219971
2021-04-13,Calaveras,009,45235.0,28925,431,10575,366,17823,65,527,0,4167,352,16509,353,12342,74,0.0921189344534099,0.364960760473085,0.272841826019675
2021-04-13,Colusa,011,21464.0,11402,285,2396,22,8266,263,739,0,2241,90,7175,90,4934,193,0.1044073797987327,0.3342806559821096,0.2298732761833768
2021-04-13,Contra Costa,013,1133247.0,916168,18188,555659,11262,324089,6913,36239,8,210165,11918,580553,11928,370388,6243,0.1854538331008156,0.5122916716302801,0.3268378385294644
2021-04-13,Del Norte,015,27424.0,12513,311,4816,51,7029,260,637,0,2786,160,7907,160,5121,150,0.1015898483080513,0.2883240956826137,0.1867342473745624
2021-04-13,El Dorado,017,186661.0,121894,1180,54194,637,63263,543,4424,0,21331,532,73672,532,52341,640,0.1142766833993174,0.3946834100320903,0.2804067266327728
2021-04-13,Fresno,019,978130.0,576045,9192,265195,4407,285900,4714,24730,69,106074,3566,352222,3635,246148,5580,0.1084457076257757,0.3600973285759561,0.2516516209501804
2021-04-13,Glenn,021,27897.0,14284,124,4477,65,8944,59,848,0,2608,30,8847,30,6239,94,0.0934867548481915,0.3171308742875578,0.2236441194393662
2021-04-13,Humboldt,023,135768.0,87098,614,40540,338,42262,270,4195,6,20110,567,55564,572,35454,45,0.148120322903777,0.4092569677685463,0.2611366448647693
2021-04-13,Imperial,025,180216.0,112576,3033,50303,1955,51381,1076,10876,2,28722,2066,75963,2069,47241,958,0.1593754161672659,0.4215108536422959,0.26213543747503
2021-04-13,Inyo,027,18085.0,12537,127,4360,10,7669,113,388,3,1995,64,7391,67,5396,61,0.1103124136024329,0.4086812275366325,0.2983688139341996
2021-04-13,Kern,029,883053.0,406612,4384,188733,1447,194684,2909,23081,26,92234,2143,260249,2167,168015,2225,0.1044489968325797,0.2947150397541257,0.190266042921546
2021-04-13,Kings,031,150075.0,61176,948,22909,526,34481,421,3764,1,11518,286,38197,287,26679,661,0.0767482925204064,0.2545194069631851,0.1777711144427786
2021-04-13,Lake,033,64148.0,35981,187,11187,115,23291,71,1501,0,5468,54,21434,54,15966,132,0.0852403816175095,0.3341335661283282,0.2488931845108187
2021-04-13,Lassen,035,31185.0,8163,119,1146,8,6367,111,641,0,1946,24,5356,24,3410,95,0.062401795735129,0.1717492384159051,0.109347442680776
2021-04-13,Los Angeles,037,10098052.0,6546769,121067,3305965,61285,2916553,59313,322208,431,1481942,63548,4165838,63979,2683896,57209,0.1467552355642454,0.4125387748052793,0.2657835392410338
2021-04-13,Madera,039,155013.0,79993,1285,37686,639,38846,607,3420,39,16305,739,49607,777,33302,540,0.1051847264422983,0.3200183210440415,0.2148335946017431
2021-04-13,Marin,041,260295.0,254370,3816,144726,2356,101487,1454,8146,6,45296,1390,153695,1396,108399,2420,0.1740179411821203,0.5904646650915307,0.4164467239094104
2021-04-13,Mariposa,043,17540.0,9204,55,1342,45,7465,10,378,0,2968,33,6241,33,3273,21,0.1692132269099202,0.3558152793614595,0.1866020524515393
2021-04-13,Mendocino,045,87422.0,69998,299,35039,234,32830,65,2121,0,7623,228,39740,228,32117,70,0.0871977305483745,0.4545766511862003,0.3673789206378257
2021-04-13,Merced,047,269075.0,131390,2138,73131,1523,50471,608,7170,3,28992,924,82107,928,53115,1104,0.1077469107126266,0.3051454055560717,0.1973984948434451
2021-04-13,Modoc,049,8938.0,4475,31,469,27,3745,4,258,0,417,20,2572,20,2155,11,0.0466547326023718,0.2877601253076751,0.2411053927053032
2021-04-13,Mono,051,14174.0,12547,23,7158,5,5163,15,182,1,858,15,6760,16,5902,6,0.0605333709609143,0.4769295893890221,0.4163962184281078
2021-04-13,Monterey,053,433212.0,273654,3273,116889,805,141270,2460,14985,6,71816,1481,179735,1487,107919,1776,0.1657756479506569,0.4148892459119322,0.2491135979612753
2021-04-13,Napa,055,140530.0,118704,2650,55594,900,59571,1750,3531,0,18773,891,70424,891,51651,1751,0.1335871344196968,0.501131431011172,0.3675442965914751
2021-04-13,Nevada,057,99092.0,69138,927,35430,386,31882,541,1824,0,14432,465,42616,465,28184,458,0.1456424332943123,0.4300649901102006,0.2844225568158882
2021-04-13,Orange,059,3164182.0,2126308,33531,1110941,18768,938684,14682,75780,76,502892,15446,1349529,15523,846637,17984,0.1589327036181863,0.4265016993333506,0.2675689957151643
2021-04-13,Placer,061,380077.0,267520,4423,143456,3036,117619,1386,6436,1,45097,2194,159301,2196,114204,2223,0.1186522730920313,0.4191282292798564,0.3004759561878251
2021-04-13,Plumas,063,18699.0,11489,220,977,5,9770,215,721,0,2474,152,7311,152,4837,68,0.1323065404567089,0.3909834750521418,0.2586769345954329
2021-04-13,Riverside,065,2383286.0,1280618,20548,660351,11487,575804,9028,43939,29,315989,11712,818927,11740,502938,8794,0.1325854303679877,0.3436125584592029,0.2110271280912152
2021-04-13,Sacramento,067,1510023.0,919691,16480,476659,10024,414293,6448,28665,5,180142,7604,563226,7611,383084,8854,0.1192975206337916,0.3729916696633097,0.2536941490295181
2021-04-13,San Benito,069,59416.0,35303,763,14312,300,18593,439,2312,22,8279,524,22829,546,14550,235,0.139339571832503,0.3842231048875724,0.2448835330550693
2021-04-13,San Bernardino,071,2135413.0,1004285,19814,537623,11274,427023,8516,39505,21,242076,11313,641988,11331,399912,8456,0.1133626141640984,0.3006387991456453,0.1872761849815468
2021-04-13,San Diego,073,3302833.0,2247306,37588,1097608,18065,1076800,19467,72281,49,535240,24319,1430732,24725,895492,12934,0.1620548177882442,0.4331832702410325,0.2711284524527882
2021-04-13,San Francisco,075,870044.0,775071,11152,465819,7450,269466,3680,39641,18,141028,5546,477248,5565,336220,5589,0.1620929516208375,0.5485331776323956,0.386440226011558
2021-04-13,San Joaquin,077,732212.0,400381,7892,204896,4549,178220,3332,17234,9,79947,4425,244626,4434,164679,3390,0.1091855910583273,0.3340917657727543,0.2249061747144269
2021-04-13,San Luis Obispo,079,281455.0,188608,3760,92147,2172,88265,1588,8096,0,43362,1976,119819,1978,76457,1780,0.1540637046774795,0.4257128137712956,0.271649109093816
2021-04-13,San Mateo,081,765935.0,622680,8488,342407,5292,250423,3181,29629,10,115933,4464,383443,4477,267510,4004,0.1513614079523719,0.5006208098598445,0.3492594019074725
2021-04-13,Santa Barbara,083,443738.0,288852,6393,154052,4153,119409,2229,15151,6,79564,2651,191392,2659,111828,3731,0.1793040037139032,0.4313175792922851,0.2520135755783818
2021-04-13,Santa Clara,085,1922200.0,1360028,35101,741675,27359,540221,7694,76071,25,355479,26644,893163,26680,537684,8367,0.1849334096347934,0.4646566434294038,0.2797232337946103
2021-04-13,Santa Cruz,087,273765.0,202557,2827,80241,1392,116532,1433,5760,2,41073,1568,124473,1570,83400,1252,0.1500301353350501,0.4546709769327708,0.3046408415977206
2021-04-13,Shasta,089,179085.0,85122,1231,36207,361,45032,867,3853,3,17241,321,53043,323,35802,905,0.0962727196582628,0.2961889605494597,0.1999162408911969
2021-04-13,Sierra,091,2930.0,2223,41,111,0,2103,41,9,0,217,5,1220,5,1003,36,0.0740614334470989,0.4163822525597269,0.3423208191126279
2021-04-13,Siskiyou,093,43540.0,23801,208,8648,39,14402,168,718,0,3511,84,13987,84,10476,123,0.0806384933394579,0.3212448323380799,0.2406063389986219
2021-04-13,Solano,095,438530.0,292469,2658,141706,1170,143202,1485,7534,3,58018,1371,178744,1374,120726,1282,0.1323010968462818,0.40759811187376,0.2752970150274781
2021-04-13,Sonoma,097,501317.0,403604,8055,197973,4725,192575,3323,13021,5,76124,3061,245848,3065,169724,4970,0.1518480322829666,0.4904042751392831,0.3385562428563164
2021-04-13,Stanislaus,099,539301.0,285995,4957,146825,3169,127518,1771,11469,14,62862,2596,177070,2599,114208,2276,0.1165619941368549,0.3283324154785546,0.2117704213416997
2021-04-13,Sutter,101,95872.0,52434,446,18701,133,30734,312,2997,0,9854,220,32534,220,22680,226,0.1027828771695594,0.339348297730307,0.2365654205607476
2021-04-13,Tehama,103,63373.0,25237,421,6302,78,18087,343,843,0,5899,69,15965,69,10066,351,0.0930838054060877,0.2519211651649756,0.1588373597588878
2021-04-13,Trinity,105,12862.0,6190,105,643,5,5255,100,290,0,1195,9,3834,9,2639,96,0.0929093453584201,0.2980873892085212,0.205178043850101
2021-04-13,Tulare,107,460477.0,236115,2476,127375,1615,101099,851,7599,10,40274,907,141730,917,101456,1560,0.0874614801607897,0.3077895312903793,0.2203280511295895
2021-04-13,Tuolumne,109,53932.0,36092,809,8924,44,26725,765,438,0,4728,170,20337,170,15609,618,0.0876659497144552,0.3770859600979011,0.2894200103834458
2021-04-13,Ventura,111,848112.0,577225,9072,273520,4597,280098,4466,23333,6,120583,3776,359904,3783,239321,5257,0.1421781557152829,0.4243590469183315,0.2821808912030487
2021-04-13,Yolo,113,214977.0,154768,2053,70819,966,78867,1087,5072,0,29753,940,94691,940,64938,1110,0.1384008521841871,0.4404703759006777,0.3020695237164906
2021-04-13,Yuba,115,75493.0,29032,415,8923,108,17883,306,2216,0,6113,208,18645,208,12532,204,0.0809743949770177,0.246976540871339,0.1660021458943213
2021-04-12,Alameda,001,1643700.0,1221596,18567,709713,12010,423773,4480,87717,2068,233966,10386,770180,12450,536214,8136,0.1423410598041005,0.468564823264586,0.3262237634604855
2021-04-12,Alpine,003,1148.0,1207,0,28,0,1176,0,3,0,239,0,720,0,481,0,0.2081881533101045,0.627177700348432,0.4189895470383275
2021-04-12,Amador,005,37829.0,25613,106,6311,32,18746,64,556,10,4871,43,15157,53,10286,63,0.1287636469375347,0.4006714425440799,0.2719077956065452
2021-04-12,Butte,007,227075.0,122310,1432,50683,317,66605,977,5015,137,20660,237,73870,373,53210,1192,0.0909831553451502,0.3253110205879115,0.2343278652427612
2021-04-12,Calaveras,009,45235.0,28494,116,10209,56,17758,43,527,17,3888,62,16156,79,12268,53,0.0859511440256438,0.3571570686415386,0.2712059246158947
2021-04-12,Colusa,011,21464.0,11117,45,2374,5,8003,36,739,4,2344,15,7085,19,4741,30,0.1092061125605665,0.330087588520313,0.2208814759597465
2021-04-12,Contra Costa,013,1133247.0,897980,12298,544397,8088,317176,3116,36231,1091,204480,5690,568625,6780,364145,6585,0.1804372744864976,0.501766163951901,0.3213288894654034
2021-04-12,Del Norte,015,27424.0,12202,31,4765,3,6769,10,637,18,2776,2,7747,20,4971,29,0.1012252042007001,0.2824897899649942,0.181264585764294
2021-04-12,El Dorado,017,186661.0,120714,1312,53557,518,62720,640,4424,154,21439,565,73140,720,51701,744,0.1148552723921976,0.3918333235116066,0.276978051119409
2021-04-12,Fresno,019,978130.0,566853,7800,260788,4185,281186,2629,24661,983,108019,2470,348587,3445,240568,5303,0.1104341958635355,0.3563810536431762,0.2459468577796407
2021-04-12,Glenn,021,27897.0,14160,122,4412,26,8885,65,848,31,2672,23,8817,54,6145,99,0.0957809083413987,0.3160554898376169,0.2202745814962182
2021-04-12,Humboldt,023,135768.0,86484,472,40202,243,41992,98,4189,131,19583,294,54992,425,35409,177,0.1442387013140062,0.4050438984149431,0.2608051971009369
2021-04-12,Imperial,025,180216.0,109543,1556,48348,841,50305,493,10874,222,27611,874,73894,1097,46283,675,0.1532105917343632,0.4100301859990234,0.2568195942646601
2021-04-12,Inyo,027,18085.0,12410,84,4350,0,7556,78,385,5,1989,46,7324,51,5335,37,0.109980646944982,0.4049764998617639,0.2949958529167819
2021-04-12,Kern,029,883053.0,402228,4533,187286,1023,191775,2506,23055,1001,92292,1622,258082,2615,165790,2886,0.1045146780544316,0.292261053413555,0.1877463753591234
2021-04-12,Kings,031,150075.0,60228,718,22383,314,34060,198,3763,206,11892,195,37910,401,26018,522,0.0792403798100949,0.2526070298184241,0.1733666500083291
2021-04-12,Lake,033,64148.0,35794,1057,11072,234,23220,790,1501,33,5546,241,21380,274,15834,816,0.0864563197605537,0.3332917627985284,0.2468354430379747
2021-04-12,Lassen,035,31185.0,8044,32,1138,5,6256,14,641,13,2017,4,5332,17,3315,28,0.064678531345198,0.1709796376463043,0.1063011063011063
2021-04-12,Los Angeles,037,10098052.0,6425702,82168,3244680,39902,2857240,35289,321777,6952,1475172,33183,4101859,40090,2626687,48742,0.1460848092285522,0.4062029983604758,0.2601181891319236
2021-04-12,Madera,039,155013.0,78708,834,37047,302,38239,453,3381,78,16068,316,48830,394,32762,516,0.1036558224148942,0.3150058382200202,0.211350015805126
2021-04-12,Marin,041,260295.0,250554,1776,142370,1252,100033,361,8140,163,46320,913,152299,1076,105979,861,0.177951939145969,0.5851015194298776,0.4071495802839086
2021-04-12,Mariposa,043,17540.0,9149,47,1297,17,7455,28,378,2,2956,14,6208,16,3252,31,0.1685290763968073,0.353933865450399,0.1854047890535917
2021-04-12,Mendocino,045,87422.0,69699,640,34805,521,32765,58,2121,59,7465,413,39512,472,32047,224,0.0853904051611722,0.4519686120198577,0.3665782068586855
2021-04-12,Merced,047,269075.0,129252,1642,71608,1052,49863,454,7167,129,29168,869,81179,998,52011,719,0.1084010034377032,0.3016965530056675,0.1932955495679643
2021-04-12,Modoc,049,8938.0,4444,13,442,0,3741,9,258,4,408,2,2552,6,2144,11,0.0456477959275005,0.2855224882524054,0.2398746923249049
2021-04-12,Mono,051,14174.0,12524,10,7153,2,5148,3,181,3,848,3,6744,6,5896,5,0.0598278538168477,0.4758007619585156,0.4159729081416678
2021-04-12,Monterey,053,433212.0,270381,4288,116084,1902,138810,2012,14979,373,72105,962,178248,1333,106143,3249,0.1664427578183429,0.4114567463505166,0.2450139885321736
2021-04-12,Napa,055,140530.0,116054,810,54694,311,57821,375,3531,124,19633,294,69533,415,49900,515,0.1397068241656585,0.4947911477976233,0.3550843236319647
2021-04-12,Nevada,057,99092.0,68211,805,35044,569,31341,218,1824,18,14425,340,42151,358,27726,462,0.1455717918701812,0.4253723812214911,0.2798005893513099
2021-04-12,Orange,059,3164182.0,2092777,31405,1092173,15822,924002,11871,75704,3712,505353,12285,1334006,15975,828653,19048,0.1597104717743796,0.4215958500490806,0.261885378274701
2021-04-12,Placer,061,380077.0,263097,4157,140420,2658,116233,1102,6435,397,45124,2428,157105,2823,111981,1727,0.1187233113290201,0.4133504526714324,0.2946271413424122
2021-04-12,Plumas,063,18699.0,11269,13,972,5,9555,5,721,3,2390,5,7159,8,4769,8,0.127814321621477,0.3828546981121985,0.2550403764907214
2021-04-12,Riverside,065,2383286.0,1260070,20571,648864,9173,566776,8693,43910,2700,313043,10244,807187,12944,494144,10281,0.1313493219026168,0.3386865865028368,0.20733726460022
2021-04-12,Sacramento,067,1510023.0,903211,13117,466635,5101,407845,6093,28660,1922,181385,4873,555615,6784,374230,8198,0.1201206869034445,0.3679513490854113,0.2478306621819667
2021-04-12,San Benito,069,59416.0,34540,556,14012,296,18154,145,2290,115,7968,287,22283,401,14315,269,0.134105291503972,0.3750336609667429,0.2409283694627709
2021-04-12,San Bernardino,071,2135413.0,984471,13714,526349,6336,418507,5702,39484,1672,239201,6475,630657,8144,391456,7216,0.112016270388913,0.2953325656442103,0.1833162952552972
2021-04-12,San Diego,073,3302833.0,2209718,31364,1079543,13252,1057333,13706,72232,4402,523449,17054,1406007,21747,882558,14060,0.158484852246541,0.4256972726141467,0.2672124203676056
2021-04-12,San Francisco,075,870044.0,763919,10886,458369,6965,265786,2715,39623,1204,141052,4910,471683,6114,330631,5957,0.1621205364326401,0.5421369493956627,0.3800164129630226
2021-04-12,San Joaquin,077,732212.0,392489,6447,200347,2726,174888,2203,17225,1518,78903,2424,240192,3930,161289,3961,0.1077597744915407,0.3280361425379535,0.2202763680464128
2021-04-12,San Luis Obispo,079,281455.0,184848,3483,89975,1747,86677,1571,8096,165,43164,1378,117841,1543,74677,2098,0.1533602174415093,0.4186850473432698,0.2653248299017605
2021-04-12,San Mateo,081,765935.0,614192,7497,337115,4567,247242,1933,29619,991,115460,3556,378966,4550,263506,3925,0.1507438620770692,0.4947756663424442,0.344031804265375
2021-04-12,Santa Barbara,083,443738.0,282459,4404,149899,2791,117180,1057,15145,554,80636,1856,188733,2407,108097,2540,0.1817198436915477,0.4253253045716166,0.2436054608800688
2021-04-12,Santa Clara,085,1922200.0,1324927,27727,714316,19256,532527,5779,76046,2642,337166,18578,866483,21214,529317,9055,0.1754063052752054,0.4507767141816668,0.2753704089064613
2021-04-12,Santa Cruz,087,273765.0,199730,2186,78849,765,115099,1034,5758,387,40755,1010,122903,1397,82148,1164,0.1488685551476631,0.4489361313535331,0.30006757620587
2021-04-12,Shasta,089,179085.0,83891,347,35846,19,44165,264,3850,63,17823,103,52720,166,34897,244,0.0995225730798224,0.2943853477399,0.1948627746600776
2021-04-12,Sierra,091,2930.0,2182,1,111,0,2062,0,9,1,248,0,1215,1,967,1,0.0846416382252559,0.4146757679180887,0.3300341296928327
2021-04-12,Siskiyou,093,43540.0,23593,138,8609,25,14234,109,718,4,3550,34,13903,38,10353,104,0.081534221405604,0.3193155718879191,0.2377813504823151
2021-04-12,Solano,095,438530.0,289811,3376,140536,1750,141717,1252,7531,374,57926,1336,177370,1707,119444,2033,0.1320913050418443,0.4044649168813992,0.2723736118395549
2021-04-12,Sonoma,097,501317.0,395549,5056,193248,2120,189252,2441,13016,495,78029,1868,242783,2357,164754,3176,0.1556480231071358,0.4842903791413417,0.3286423560342059
2021-04-12,Stanislaus,099,539301.0,281038,3653,143656,1999,125747,1220,11455,434,62539,1729,174471,2162,111932,1878,0.1159630707156115,0.3235132143274349,0.2075501436118234
2021-04-12,Sutter,101,95872.0,51988,349,18568,94,30422,199,2997,56,9860,131,32314,187,22454,216,0.1028454606141522,0.3370535714285714,0.2342081108144192
2021-04-12,Tehama,103,63373.0,24816,121,6224,6,17744,94,843,21,6181,42,15896,63,9715,79,0.0975336499771196,0.2508323734082338,0.1532987234311142
2021-04-12,Trinity,105,12862.0,6085,77,638,5,5155,71,290,1,1282,63,3825,63,2543,13,0.0996734566941377,0.2973876535531021,0.1977141968589643
2021-04-12,Tulare,107,460477.0,233639,3482,125760,2144,100248,727,7589,610,40917,1063,140813,1672,99896,2409,0.088857858264365,0.3057981180384688,0.2169402597741038
2021-04-12,Tuolumne,109,53932.0,35283,180,8880,66,25960,107,438,7,5176,71,20167,79,14991,102,0.0959727063709856,0.3739338426166283,0.2779611362456426
2021-04-12,Ventura,111,848112.0,568153,9174,268923,4573,275632,3752,23327,844,122057,3813,356121,4654,234064,5343,0.1439161337181881,0.4198985511347557,0.2759824174165676
2021-04-12,Yolo,113,214977.0,152715,1829,69853,565,77780,1113,5072,151,29923,806,93751,957,63828,1020,0.1391916344539183,0.4360978151151053,0.296906180661187
2021-04-12,Yuba,115,75493.0,28617,218,8815,51,17577,136,2216,31,6109,81,18437,111,12328,136,0.0809214099320466,0.2442213185328441,0.1632999086007974
2021-04-11,Alameda,001,1643700.0,1203029,11293,697703,4978,419293,2269,85649,4045,229652,4544,757730,8569,528078,6721,0.139716493277362,0.4609904483786579,0.3212739551012958
2021-04-11,Alpine,003,1148.0,1207,0,28,0,1176,0,3,0,239,0,720,0,481,0,0.2081881533101045,0.627177700348432,0.4189895470383275
2021-04-11,Amador,005,37829.0,25507,51,6279,26,18682,20,546,5,4881,23,15104,28,10223,27,0.1290279943958338,0.3992704010150942,0.2702424066192603
2021-04-11,Butte,007,227075.0,120878,116,50366,50,65628,54,4878,12,21479,88,73497,99,52018,27,0.0945898932070901,0.3236683915006055,0.2290784982935153
2021-04-11,Calaveras,009,45235.0,28378,73,10153,47,17715,25,510,1,3862,54,16077,55,12215,20,0.0853763678567481,0.3554106333591246,0.2700342655023764
2021-04-11,Colusa,011,21464.0,11072,18,2369,4,7967,12,735,2,2355,9,7066,11,4711,9,0.1097185985836749,0.3292023853894893,0.2194837868058143
2021-04-11,Contra Costa,013,1133247.0,885682,3674,536309,2196,314060,768,35140,710,204285,1239,561845,1944,357560,2431,0.1802652025551358,0.4957833552614743,0.3155181527063385
2021-04-11,Del Norte,015,27424.0,12171,11,4762,2,6759,1,619,8,2785,1,7727,9,4942,10,0.1015533838973162,0.2817605017502917,0.1802071178529755
2021-04-11,El Dorado,017,186661.0,119402,823,53039,485,62080,320,4270,18,21463,236,72420,255,50957,588,0.1149838477239487,0.3879760635590723,0.2729922158351235
2021-04-11,Fresno,019,978130.0,559053,1446,256603,972,278557,379,23678,94,109877,473,345142,566,235265,960,0.1123337388690664,0.3528590269187122,0.2405252880496457
2021-04-11,Glenn,021,27897.0,14038,16,4386,8,8820,3,817,5,2717,7,8763,12,6046,9,0.09739398501631,0.3141197978277234,0.2167258128114134
2021-04-11,Humboldt,023,135768.0,86012,651,39959,145,41894,40,4058,466,19335,129,54567,592,35232,520,0.1424120558599964,0.4019135584231925,0.259501502563196
2021-04-11,Imperial,025,180216.0,107987,284,47507,73,49812,177,10652,34,27189,94,72797,126,45608,187,0.1508689572512984,0.4039430461224308,0.2530740888711324
2021-04-11,Inyo,027,18085.0,12326,5,4350,0,7478,4,380,1,1975,4,7273,5,5298,1,0.1092065247442632,0.402156483273431,0.2929499585291678
2021-04-11,Kern,029,883053.0,397695,4359,186263,3016,189269,386,22054,957,92563,1278,255467,2231,162904,3067,0.1048215679013604,0.2892997362559212,0.1844781683545608
2021-04-11,Kings,031,150075.0,59510,353,22069,74,33862,270,3557,9,12013,192,37509,201,25496,159,0.0800466433449941,0.2499350324837581,0.1698883891387639
2021-04-11,Lake,033,64148.0,34737,23,10838,15,22430,6,1468,2,6088,8,21106,10,15018,15,0.0949055309596558,0.3290203903473218,0.234114859387666
2021-04-11,Lassen,035,31185.0,8012,4,1133,0,6242,1,628,3,2028,1,5315,4,3287,3,0.065031265031265,0.1704345037678371,0.105403238736572
2021-04-11,Los Angeles,037,10098052.0,6343534,42903,3204778,23200,2821951,10118,314825,9580,1483824,14850,4061769,24390,2577945,27953,0.1469416081438281,0.402232925716762,0.2552913175729339
2021-04-11,Madera,039,155013.0,77874,851,36745,698,37786,75,3303,78,16190,290,48436,368,32246,556,0.1044428531800558,0.3124641159128589,0.208021262732803
2021-04-11,Marin,041,260295.0,248778,1075,141118,825,99672,87,7977,163,46105,461,151223,624,105118,614,0.1771259532453562,0.5809677481319272,0.403841794886571
2021-04-11,Mariposa,043,17540.0,9102,124,1280,5,7427,117,376,2,2971,57,6192,60,3221,66,0.1693842645381984,0.3530216647662486,0.1836374002280501
2021-04-11,Mendocino,045,87422.0,69059,119,34284,47,32707,21,2062,51,7217,58,39040,109,31823,61,0.082553590629361,0.4465695133947976,0.3640159227654366
2021-04-11,Merced,047,269075.0,127610,499,70556,294,49409,75,7038,129,28889,145,80181,272,51292,345,0.1073641178110192,0.2979875499396079,0.1906234321285886
2021-04-11,Modoc,049,8938.0,4431,1,442,1,3732,0,254,0,413,0,2546,0,2133,1,0.0462072051913179,0.2848511971358246,0.2386439919445066
2021-04-11,Mono,051,14174.0,12514,0,7151,0,5145,0,178,0,847,0,6738,0,5891,0,0.059757302102441,0.4753774516720756,0.4156201495696345
2021-04-11,Monterey,053,433212.0,266093,5568,114182,4313,136798,598,14606,656,74021,4437,176915,5089,102894,1124,0.1708655346573963,0.4083797309400478,0.2375141962826514
2021-04-11,Napa,055,140530.0,115244,391,54383,308,57446,61,3407,22,19733,152,69118,174,49385,238,0.1404184159965843,0.4918380416992813,0.3514196257026969
2021-04-11,Nevada,057,99092.0,67406,123,34475,42,31123,73,1806,8,14529,38,41793,46,27264,85,0.1466213216001291,0.4217595769587858,0.2751382553586566
2021-04-11,Orange,059,3164182.0,2061372,26110,1076351,14806,912131,7968,71992,3334,508426,9911,1318031,13228,809605,16125,0.1606816548479196,0.4165471518389271,0.2558654969910074
2021-04-11,Placer,061,380077.0,258940,1460,137762,581,115131,840,6038,39,44028,469,154282,506,110254,986,0.1158396851164369,0.405923010337379,0.290083325220942
2021-04-11,Plumas,063,18699.0,11256,5,967,3,9550,1,718,1,2390,3,7151,4,4761,1,0.127814321621477,0.3824268677469383,0.2546125461254612
2021-04-11,Riverside,065,2383286.0,1239499,4861,639691,2883,558083,1313,41210,663,310380,2252,794243,2918,483863,2596,0.1302319570542519,0.3332554296882539,0.2030234726340019
2021-04-11,Sacramento,067,1510023.0,890094,11393,461534,4590,401752,6553,26738,250,182799,3771,548831,4024,366032,7605,0.1210570964813118,0.3634587022846672,0.2424016058033553
2021-04-11,San Benito,069,59416.0,33984,495,13716,285,18009,175,2175,35,7836,255,21882,291,14046,242,0.1318836676989363,0.3682846371347785,0.2364009694358421
2021-04-11,San Bernardino,071,2135413.0,970757,4669,520013,2736,412805,925,37812,1006,238273,2124,622513,3128,384240,2536,0.1115816940329575,0.2915187834859111,0.1799370894529535
2021-04-11,San Diego,073,3302833.0,2178354,16484,1066291,10141,1043627,3943,67830,2395,515762,6983,1384260,9614,868498,9340,0.1561574563412682,0.4191129251766589,0.2629554688353907
2021-04-11,San Francisco,075,870044.0,753033,9916,451404,7352,263071,1375,38419,1188,140895,5048,465569,6237,324674,4855,0.1619400857887647,0.535109718588945,0.3731696328001802
2021-04-11,San Joaquin,077,732212.0,386042,4460,197621,1913,172685,1410,15707,1137,78934,1961,236262,3087,157328,2471,0.1078021119566464,0.322668844542291,0.2148667325856446
2021-04-11,San Luis Obispo,079,281455.0,181365,358,88228,89,85106,201,7931,68,43719,146,116298,213,72579,209,0.1553321134817288,0.4132028210548755,0.2578707075731467
2021-04-11,San Mateo,081,765935.0,606695,6873,332548,3427,245309,918,28628,2525,114835,2402,374416,4922,259581,4457,0.1499278659416269,0.4888352144764242,0.3389073485347973
2021-04-11,Santa Barbara,083,443738.0,278055,2657,147108,1931,116123,418,14591,308,80769,1809,186326,2114,105557,845,0.1820195701066845,0.41990093253226,0.2378813624255754
2021-04-11,Santa Clara,085,1922200.0,1297200,16430,695060,9893,526748,2744,73404,3777,325007,8501,845269,12267,520262,7871,0.1690807408178129,0.4397404016231401,0.2706596608053272
2021-04-11,Santa Cruz,087,273765.0,197544,940,78084,474,114065,371,5371,95,40522,419,121506,514,80984,519,0.1480174602304896,0.443833214618377,0.2958157543878874
2021-04-11,Shasta,089,179085.0,83544,1220,35827,387,43901,810,3787,23,17901,137,52554,160,34653,1080,0.0999581204455984,0.2934584136024792,0.1935002931568808
2021-04-11,Sierra,091,2930.0,2181,0,111,0,2062,0,8,0,248,0,1214,0,966,0,0.0846416382252559,0.4143344709897611,0.3296928327645051
2021-04-11,Siskiyou,093,43540.0,23455,6,8584,2,14125,2,714,2,3616,1,13865,3,10249,5,0.0830500689021589,0.3184428112080845,0.2353927423059255
2021-04-11,Solano,095,438530.0,286435,1233,138786,792,140465,339,7157,102,58252,655,175663,756,117411,577,0.1328346977401774,0.4005723667708024,0.267737669030625
2021-04-11,Sonoma,097,501317.0,390493,1327,191128,642,186811,599,12521,86,78848,455,240426,541,161578,869,0.1572817199496526,0.4795887631977371,0.3223070432480845
2021-04-11,Stanislaus,099,539301.0,277385,1547,141657,875,124527,531,11021,141,62255,575,172309,715,110054,956,0.115436463125416,0.3195043213344681,0.2040678582090521
2021-04-11,Sutter,101,95872.0,51639,120,18474,34,30223,43,2941,43,9889,43,32127,85,22238,76,0.1031479472630173,0.3351030540720961,0.2319551068090787
2021-04-11,Tehama,103,63373.0,24695,49,6218,12,17650,26,822,11,6197,12,15833,23,9636,38,0.0977861234279582,0.2498382591955564,0.1520521357675981
2021-04-11,Trinity,105,12862.0,6008,12,633,5,5084,4,289,3,1232,4,3762,7,2530,8,0.095786036386254,0.2924895039651687,0.1967034675789146
2021-04-11,Tulare,107,460477.0,230157,1609,123616,1063,99521,468,6979,78,41654,483,139141,561,97487,1122,0.0904583725137194,0.3021671006369482,0.2117087281232287
2021-04-11,Tuolumne,109,53932.0,35103,26,8814,7,25853,16,431,3,5199,15,20088,18,14889,7,0.0963991693243343,0.3724690350812134,0.276069865756879
2021-04-11,Ventura,111,848112.0,558979,2519,264350,908,271880,1026,22483,583,122746,715,351467,1296,228721,1793,0.1447285264210387,0.4144110683494633,0.2696825419284245
2021-04-11,Yolo,113,214977.0,150886,945,69288,314,76667,555,4921,76,29986,362,92794,438,62808,581,0.1394846890597599,0.4316461761025598,0.2921614870427999
2021-04-11,Yuba,115,75493.0,28399,121,8764,31,17441,78,2185,12,6134,51,18326,63,12192,69,0.0812525664631157,0.2427509835348972,0.1614984170717815
2021-04-10,Alameda,001,1643700.0,1191736,19794,692725,7758,417024,5704,81604,6328,227804,8358,749161,14660,521357,11391,0.1385922005232098,0.4557772099531544,0.3171850094299446
2021-04-10,Alpine,003,1148.0,1207,0,28,0,1176,0,3,0,239,0,720,0,481,0,0.2081881533101045,0.627177700348432,0.4189895470383275
2021-04-10,Amador,005,37829.0,25456,60,6253,16,18662,33,541,11,4880,20,15076,31,10196,39,0.1290015596500039,0.3985302281318565,0.2695286684818525
2021-04-10,Butte,007,227075.0,120762,267,50316,65,65574,85,4866,117,21407,116,73398,232,51991,151,0.0942728173510954,0.3232324121986128,0.2289595948475173
2021-04-10,Calaveras,009,45235.0,28305,207,10106,47,17690,137,509,23,3827,150,16022,171,12195,54,0.0846026307063114,0.3541947606941527,0.2695921299878412
2021-04-10,Colusa,011,21464.0,11054,47,2365,11,7955,15,733,21,2353,11,7055,32,4702,36,0.1096254193067461,0.3286898993663809,0.2190644800596347
2021-04-10,Contra Costa,013,1133247.0,882008,10792,534113,3961,313292,2356,34430,4470,204772,3360,559901,7819,355129,7405,0.1806949411734599,0.494067930468821,0.313372989295361
2021-04-10,Del Norte,015,27424.0,12160,48,4760,26,6758,4,611,18,2786,26,7718,44,4932,22,0.1015898483080513,0.2814323220536756,0.1798424737456242
2021-04-10,El Dorado,017,186661.0,118579,1035,52554,231,61760,689,4252,115,21796,658,72165,773,50369,375,0.1167678304519958,0.3866099506592164,0.2698421202072206
2021-04-10,Fresno,019,978130.0,557607,8106,255631,5203,278178,2279,23584,620,110271,3668,344576,4285,234305,4408,0.1127365483115741,0.3522803717297292,0.239543823418155
2021-04-10,Glenn,021,27897.0,14022,90,4378,0,8817,61,812,28,2714,59,8751,87,6037,29,0.0972864465713159,0.3136896440477471,0.2164031974764311
2021-04-10,Humboldt,023,135768.0,85361,963,39814,146,41854,641,3592,176,19263,760,53975,935,34712,200,0.1418817394378645,0.3975531789523304,0.2556714395144658
2021-04-10,Imperial,025,180216.0,107703,1423,47434,250,49635,852,10618,321,27250,266,72671,582,45421,1151,0.1512074399609357,0.403243885115639,0.2520364451547032
2021-04-10,Inyo,027,18085.0,12321,44,4350,2,7474,21,379,19,1971,2,7268,21,5297,40,0.1089853469726292,0.4018800110588886,0.2928946640862593
2021-04-10,Kern,029,883053.0,393336,6735,183247,3574,188883,1920,21097,1241,93399,2152,253236,3388,159837,4558,0.1057682834439156,0.2867732740843415,0.1810049906404258
2021-04-10,Kings,031,150075.0,59157,605,21995,333,33592,166,3548,106,11971,171,37308,277,25337,431,0.0797667832750291,0.2485957021489255,0.1688289188738964
2021-04-10,Lake,033,64148.0,34714,251,10823,6,22424,17,1466,228,6093,7,21096,235,15003,244,0.094983475712415,0.3288645008418033,0.2338810251293883
2021-04-10,Lassen,035,31185.0,8008,11,1133,2,6241,3,625,6,2027,3,5311,9,3284,9,0.0649991983325316,0.1703062369729036,0.1053070386403719
2021-04-10,Los Angeles,037,10098052.0,6300631,105533,3181578,44972,2811833,35642,305245,24895,1487387,38890,4037379,63690,2549992,66366,0.1472944484738244,0.3998176083862511,0.2525231599124267
2021-04-10,Madera,039,155013.0,77023,1021,36047,713,37711,235,3225,72,16378,728,48068,800,31690,291,0.1056556546870262,0.3100901214736828,0.2044344667866566
2021-04-10,Marin,041,260295.0,247703,3220,140293,1479,99585,1292,7814,449,46095,1419,150599,1866,104504,1793,0.1770875352964905,0.578570468122707,0.4014829328262164
2021-04-10,Mariposa,043,17540.0,8978,210,1275,9,7310,191,374,10,2977,194,6132,204,3155,16,0.1697263397947548,0.3496009122006842,0.1798745724059293
2021-04-10,Mendocino,045,87422.0,68940,569,34237,92,32686,427,2011,50,7169,150,38931,200,31762,418,0.0820045297522362,0.4453226876529935,0.3633181579007572
2021-04-10,Merced,047,269075.0,127111,1018,70262,399,49334,432,6909,185,28962,172,79909,353,50947,831,0.1076354176344885,0.2969766793644894,0.1893412617300009
2021-04-10,Modoc,049,8938.0,4430,6,441,0,3732,3,254,3,414,1,2546,4,2132,5,0.0463190870440814,0.2848511971358246,0.2385321100917431
2021-04-10,Mono,051,14174.0,12514,432,7151,3,5145,421,178,7,847,27,6738,34,5891,404,0.059757302102441,0.4753774516720756,0.4156201495696345
2021-04-10,Monterey,053,433212.0,260525,10398,109869,4914,136200,3192,13950,2287,70056,4913,171826,7196,101770,5464,0.1617129719398354,0.3966325955883031,0.2349196236484677
2021-04-10,Napa,055,140530.0,114853,1063,54075,355,57385,603,3385,105,19797,248,68944,353,49147,812,0.1408738347683768,0.4905998719134704,0.3497260371450936
2021-04-10,Nevada,057,99092.0,67283,906,34433,90,31050,745,1798,70,14568,138,41747,207,27179,760,0.1470148952488596,0.4212953618859242,0.2742804666370645
2021-04-10,Orange,059,3164182.0,2035262,35393,1061545,18605,904163,12377,68658,4410,511323,14406,1304803,18798,793480,20912,0.1615972153308501,0.4123666084947073,0.2507693931638572
2021-04-10,Placer,061,380077.0,257480,2163,137181,925,114291,1045,5999,193,44508,929,153776,1120,109268,1229,0.1171025871073493,0.4045917011552922,0.2874891140479429
2021-04-10,Plumas,063,18699.0,11251,21,964,2,9549,4,717,15,2387,4,7147,19,4760,17,0.1276538852345045,0.3822129525643082,0.2545590673298037
2021-04-10,Riverside,065,2383286.0,1234638,12448,636808,6838,556770,4107,40547,1486,310058,5389,791325,6871,481267,7009,0.1300968494758917,0.3320310697079578,0.2019342202320661
2021-04-10,Sacramento,067,1510023.0,878701,13685,456944,3929,395199,8469,26488,1282,186380,5911,544807,7180,358427,7759,0.1234285835381315,0.3607938422129994,0.2373652586748678
2021-04-10,San Benito,069,59416.0,33489,368,13431,227,17834,78,2140,63,7787,206,21591,269,13804,163,0.1310589740137336,0.3633869664736771,0.2323279924599434
2021-04-10,San Bernardino,071,2135413.0,966088,15952,517277,8215,411880,3981,36806,3753,237681,7850,619385,11592,381704,8076,0.1113044642886411,0.2900539614585094,0.1787494971698683
2021-04-10,San Diego,073,3302833.0,2161870,29732,1056150,12018,1039684,13596,65435,4110,515488,14975,1374646,19343,859158,14490,0.1560744972573545,0.4162020907505768,0.2601275934932223
2021-04-10,San Francisco,075,870044.0,743117,13435,444052,5746,261696,5803,37231,1884,139513,7014,459332,8898,319819,6402,0.1603516603757971,0.5279411156217386,0.3675894552459416
2021-04-10,San Joaquin,077,732212.0,381582,5369,195708,1723,171275,1768,14570,1878,78318,1725,233175,3590,154857,3605,0.106960825553255,0.3184528524525684,0.2114920268993133
2021-04-10,San Luis Obispo,079,281455.0,181007,1754,88139,592,84905,487,7863,671,43715,497,116085,1170,72370,1257,0.1553179016183759,0.4124460393313318,0.2571281377129559
2021-04-10,San Mateo,081,765935.0,599822,11679,329121,5916,244391,4253,26103,1502,114370,4760,369494,6267,255124,6883,0.1493207648168578,0.482409081710589,0.3330883168937312
2021-04-10,Santa Barbara,083,443738.0,275398,6618,145177,4507,115705,1481,14283,629,79500,4433,184212,5056,104712,2172,0.1791597744615065,0.415136860039032,0.2359770855775254
2021-04-10,Santa Clara,085,1922200.0,1280770,22432,685167,12890,524004,3946,69627,5550,320611,11770,833002,17291,512391,10571,0.166793777962751,0.4333586515451045,0.2665648735823535
2021-04-10,Santa Cruz,087,273765.0,196604,2119,77610,978,113694,902,5276,238,40527,966,120992,1200,80465,1144,0.1480357240699139,0.4419556919255566,0.2939199678556426
2021-04-10,Shasta,089,179085.0,82324,869,35440,576,43091,162,3764,131,18821,231,52394,361,33573,637,0.1050953457855208,0.2925649831085797,0.1874696373230588
2021-04-10,Sierra,091,2930.0,2181,23,111,0,2062,23,8,0,248,0,1214,0,966,23,0.0846416382252559,0.4143344709897611,0.3296928327645051
2021-04-10,Siskiyou,093,43540.0,23449,45,8582,6,14123,2,712,37,3618,5,13862,42,10244,40,0.0830960036747818,0.3183739090491502,0.2352779053743684
2021-04-10,Solano,095,438530.0,285202,2040,137994,1114,140126,494,7055,432,58073,966,174907,1396,116834,1070,0.1324265158598043,0.3988484254212939,0.2664219095614895
2021-04-10,Sonoma,097,501317.0,389166,4041,190486,1743,186212,1727,12435,571,79176,1205,239885,1773,160709,2825,0.1579359965849951,0.4785096056985899,0.3205736091135948
2021-04-10,Stanislaus,099,539301.0,275838,5806,140782,3459,123996,905,10880,1439,62496,1577,171594,2996,109098,4169,0.1158833378762509,0.3181785310985887,0.2022951932223378
2021-04-10,Sutter,101,95872.0,51519,837,18440,112,30180,104,2898,621,9880,114,32042,731,22162,719,0.1030540720961281,0.3342164552736982,0.2311623831775701
2021-04-10,Tehama,103,63373.0,24646,137,6206,30,17624,47,811,60,6212,58,15810,118,9598,79,0.0980228172881195,0.2494753286099758,0.1514525113218563
2021-04-10,Trinity,105,12862.0,5996,12,628,7,5080,5,286,0,1233,11,3755,11,2522,1,0.0958637847924117,0.291945265122065,0.1960814803296532
2021-04-10,Tulare,107,460477.0,228548,3926,122553,2112,99053,1478,6901,333,42215,946,138580,1275,96365,2971,0.0916766744050191,0.3009487987456485,0.2092721243406294
2021-04-10,Tuolumne,109,53932.0,35077,55,8807,7,25837,28,428,20,5188,21,20070,42,14882,33,0.0961952087814284,0.3721352814655492,0.2759400726841207
2021-04-10,Ventura,111,848112.0,556460,10028,263442,4252,270854,3577,21900,2197,123243,3063,350171,5253,226928,6942,0.145314533929481,0.4128829682872073,0.2675684343577263
2021-04-10,Yolo,113,214977.0,149941,1808,68974,847,76112,752,4845,209,30129,1023,92356,1231,62227,785,0.1401498764984161,0.4296087488428994,0.2894588723444833
2021-04-10,Yuba,115,75493.0,28278,614,8733,76,17363,95,2173,443,6140,78,18263,521,12123,535,0.0813320440305723,0.2419164690766031,0.1605844250460307
2021-04-09,Alameda,001,1643700.0,1171942,23924,684967,11026,411320,7538,75276,5350,224535,12207,734501,17545,509966,11647,0.1366033947800693,0.4468583074770335,0.3102549126969641
2021-04-09,Alpine,003,1148.0,1207,2,28,0,1176,2,3,0,239,2,720,2,481,0,0.2081881533101045,0.627177700348432,0.4189895470383275
2021-04-09,Amador,005,37829.0,25396,498,6237,27,18629,451,530,20,4888,207,15045,225,10157,283,0.1292130376166433,0.397710751011129,0.2684977133944857
2021-04-09,Butte,007,227075.0,120495,1391,50251,368,65489,542,4749,481,21326,332,73166,809,51840,1055,0.0939161070131014,0.3222107233292965,0.228294616316195
2021-04-09,Calaveras,009,45235.0,28098,164,10059,64,17553,52,486,48,3710,51,15851,98,12141,106,0.0820161379462805,0.3504145020448767,0.2683983640985962
2021-04-09,Colusa,011,21464.0,11007,82,2354,23,7940,34,712,25,2357,29,7023,54,4666,53,0.1098117778606038,0.3271990309355199,0.2173872530749161
2021-04-09,Contra Costa,013,1133247.0,871216,18977,530152,11870,310936,4542,29960,2563,204358,9843,552082,12399,347724,9106,0.1803296192268764,0.487168287231292,0.3068386680044156
2021-04-09,Del Norte,015,27424.0,12112,209,4734,45,6754,86,593,78,2764,99,7674,175,4910,109,0.1007876312718786,0.2798278879813302,0.1790402567094515
2021-04-09,El Dorado,017,186661.0,117544,1473,52323,475,61071,768,4137,230,21398,579,71392,806,49994,888,0.1146356228671227,0.3824687535157317,0.267833130648609
2021-04-09,Fresno,019,978130.0,549501,11972,250428,5598,275899,4902,22964,1464,110394,3682,340291,5133,229897,8251,0.1128622984674838,0.3478995634527108,0.2350372649852269
2021-04-09,Glenn,021,27897.0,13932,160,4378,58,8756,85,784,17,2656,101,8664,118,6008,59,0.0952073699680969,0.3105710291429186,0.2153636591748216
2021-04-09,Humboldt,023,135768.0,84398,1470,39668,450,41213,858,3416,159,18528,1161,53040,1313,34512,306,0.1364680926286017,0.390666430970479,0.2541983383418773
2021-04-09,Imperial,025,180216.0,106280,3964,47184,1757,48783,1413,10297,793,27819,1615,72089,2406,44270,2336,0.1543647622852577,0.4000144271318862,0.2456496648466284
2021-04-09,Inyo,027,18085.0,12277,124,4348,5,7453,95,360,23,1990,39,7247,62,5257,83,0.1100359413878905,0.4007188277578103,0.2906828863699198
2021-04-09,Kern,029,883053.0,386601,10461,179673,5210,186963,4249,19856,1000,94569,4382,249848,5379,155279,6048,0.107093232229549,0.282936584780302,0.1758433525507529
2021-04-09,Kings,031,150075.0,58552,1329,21662,602,33426,528,3442,199,12125,239,37031,437,24906,1088,0.0807929368649008,0.2467499583541562,0.1659570214892553
2021-04-09,Lake,033,64148.0,34463,306,10817,69,22407,170,1238,67,6102,54,20861,121,14759,250,0.0951237762673816,0.3252010974621188,0.2300773211947371
2021-04-09,Lassen,035,31185.0,7997,40,1131,3,6238,3,619,34,2027,3,5302,37,3275,37,0.0649991983325316,0.1700176366843033,0.1050184383517716
2021-04-09,Los Angeles,037,10098052.0,6195098,136263,3136606,59179,2776191,52237,280350,24812,1490063,57754,3973689,82452,2483626,78159,0.1475594500800748,0.3935104513226907,0.2459510012426159
2021-04-09,Madera,039,155013.0,76002,1690,35334,717,37476,823,3153,149,15869,970,47268,1117,31399,711,0.1023720591176224,0.3049292639972131,0.2025572048795907
2021-04-09,Marin,041,260295.0,244483,4107,138814,1623,98293,1730,7365,754,46022,1336,148733,2086,102711,2764,0.1768070842697708,0.5714016788643654,0.3945945945945946
2021-04-09,Mariposa,043,17540.0,8768,42,1266,10,7119,16,364,16,2789,11,5928,27,3139,31,0.1590079817559863,0.3379703534777651,0.1789623717217787
2021-04-09,Mendocino,045,87422.0,68371,769,34145,435,32259,175,1961,159,7387,402,38731,561,31344,366,0.0844981812358445,0.443034933998307,0.3585367527624625
2021-04-09,Merced,047,269075.0,126093,1825,69863,523,48902,684,6724,611,29440,557,79556,1161,50116,1227,0.1094118740128217,0.2956647774783982,0.1862529034655765
2021-04-09,Modoc,049,8938.0,4424,10,441,1,3729,6,251,3,415,2,2542,4,2127,8,0.0464309688968449,0.2844036697247706,0.2379727008279257
2021-04-09,Mono,051,14174.0,12082,40,7148,5,4724,6,171,29,1217,8,6704,37,5487,32,0.0858614364329053,0.4729786933822492,0.3871172569493438
2021-04-09,Monterey,053,433212.0,250127,5903,104955,3437,133008,1760,11663,699,68324,2240,164630,2939,96306,3648,0.1577149294110043,0.3800217907167853,0.222306861305781
2021-04-09,Napa,055,140530.0,113790,1599,53720,962,56782,336,3280,301,20256,693,68591,994,48335,905,0.1441400412723261,0.4880879527503024,0.3439479114779762
2021-04-09,Nevada,057,99092.0,66377,1314,34343,857,30305,382,1728,75,15121,857,41540,931,26419,452,0.1525955677552173,0.419206394058047,0.2666108263028297
2021-04-09,Orange,059,3164182.0,1999869,42197,1042940,24457,891786,12298,64248,5438,513437,18218,1286005,23630,772568,23872,0.1622653184930576,0.406425736572675,0.2441604180796174
2021-04-09,Placer,061,380077.0,255317,4192,136256,2293,113246,1272,5806,627,44617,1248,152656,1876,108039,2936,0.1173893711011189,0.4016449298431633,0.2842555587420444
2021-04-09,Plumas,063,18699.0,11230,49,962,7,9545,26,702,16,2385,15,7128,29,4743,32,0.1275469276431894,0.3811968554468153,0.2536499278036259
2021-04-09,Riverside,065,2383286.0,1222190,27256,629970,15990,552663,8652,39061,2601,310196,16188,784454,18787,474258,11004,0.1301547527237604,0.3291480753883504,0.19899332266459
2021-04-09,Sacramento,067,1510023.0,865016,18555,453015,9416,386730,6867,25206,2268,186959,7407,537627,9669,350668,11095,0.1238120214062964,0.356038947751127,0.2322269263448305
2021-04-09,San Benito,069,59416.0,33121,884,13204,516,17756,264,2077,102,7681,299,21322,401,13641,582,0.1292749427763565,0.3588595664467483,0.2295846236703918
2021-04-09,San Bernardino,071,2135413.0,950136,22256,509062,11290,407899,8274,33053,2690,234165,11912,607793,14590,373628,10306,0.1096579443882752,0.2846255033569618,0.1749675589686866
2021-04-09,San Diego,073,3302833.0,2132138,39234,1044132,23420,1026088,10432,61325,5377,510635,20646,1355303,26354,844668,18319,0.1546051526068681,0.4103456033047992,0.2557404506979311
2021-04-09,San Francisco,075,870044.0,729682,16109,438306,7845,255893,4872,35347,3387,137017,6611,450434,9983,313417,9470,0.1574828399483244,0.5177140466459168,0.3602312066975923
2021-04-09,San Joaquin,077,732212.0,376213,9476,193985,4645,169507,3267,12692,1564,78333,3328,229585,4877,151252,6055,0.1069813114234675,0.3135499008483882,0.2065685894249206
2021-04-09,San Luis Obispo,079,281455.0,179253,3688,87547,1731,84418,1184,7192,773,43802,1456,114915,2226,71113,2224,0.1556270096463022,0.4082890693005986,0.2526620596542964
2021-04-09,San Mateo,081,765935.0,588143,11644,323205,5633,240138,3472,24601,2535,114986,5170,363227,7701,248241,6456,0.1501250106079497,0.4742269252612819,0.3241019146533322
2021-04-09,Santa Barbara,083,443738.0,268780,7270,140670,4755,114224,1141,13654,1372,76616,3251,179156,4620,102540,4014,0.1726604437753809,0.403742749099694,0.231082305324313
2021-04-09,Santa Clara,085,1922200.0,1258338,29120,672277,14423,520058,7243,64077,7409,313891,14775,815711,22153,501820,14246,0.1632977837894079,0.4243632296327125,0.2610654458433045
2021-04-09,Santa Cruz,087,273765.0,194485,3645,76632,1433,112792,1764,5038,448,40471,1982,119792,2428,79321,1658,0.1478311690683615,0.4375723704637189,0.2897412013953573
2021-04-09,Shasta,089,179085.0,81455,2587,34864,2080,42929,295,3633,212,19097,2015,52033,2225,32936,567,0.1066365133874975,0.2905491805567188,0.1839126671692213
2021-04-09,Sierra,091,2930.0,2158,2,111,2,2039,0,8,0,271,2,1214,2,943,0,0.0924914675767918,0.4143344709897611,0.3218430034129693
2021-04-09,Siskiyou,093,43540.0,23404,547,8576,378,14121,132,675,37,3616,88,13820,126,10204,457,0.0830500689021589,0.3174092788240698,0.2343592099219109
2021-04-09,Solano,095,438530.0,283162,6570,136880,1737,139632,3960,6623,873,57747,1559,173511,2431,115764,4993,0.1316831231614712,0.395665062823524,0.2639819396620527
2021-04-09,Sonoma,097,501317.0,385125,6934,188743,3859,184485,2172,11864,903,80228,3523,238112,4421,157884,3398,0.1600344692081058,0.4749729213252293,0.3149384521171235
2021-04-09,Stanislaus,099,539301.0,270032,4740,137323,1993,123091,2357,9441,388,63669,1904,168598,2284,104929,2782,0.1180583755639244,0.3126231918724423,0.1945648163085178
2021-04-09,Sutter,101,95872.0,50682,580,18328,253,30076,260,2277,67,9868,246,31311,314,21443,332,0.1029289052069425,0.3265917056074766,0.223662800400534
2021-04-09,Tehama,103,63373.0,24509,505,6176,240,17577,226,751,39,6173,263,15692,302,9519,241,0.0974074132517002,0.2476133369100405,0.1502059236583403
2021-04-09,Trinity,105,12862.0,5984,167,621,13,5075,150,286,4,1223,91,3744,95,2521,76,0.095086300730835,0.2910900326543306,0.1960037319234955
2021-04-09,Tulare,107,460477.0,224622,4927,120441,3019,97575,1458,6568,449,43911,1836,137305,2285,93394,3082,0.0953598116735472,0.2981799308108765,0.2028201191373293
2021-04-09,Tuolumne,109,53932.0,35022,274,8800,46,25809,185,408,43,5179,114,20028,157,14849,157,0.0960283319735963,0.3713565230289994,0.2753281910554031
2021-04-09,Ventura,111,848112.0,546432,11537,259190,4449,267277,5310,19703,1771,124932,4981,344918,6746,219986,6522,0.1473060161865414,0.4066892108589431,0.2593831946724018
2021-04-09,Yolo,113,214977.0,148133,2590,68127,974,75360,1060,4636,556,29683,830,91125,1381,61442,1758,0.1380752359554743,0.4238825548779636,0.2858073189224894
2021-04-09,Yuba,115,75493.0,27664,432,8657,187,17268,174,1730,71,6154,176,17742,247,11588,256,0.081517491687971,0.2350151669691229,0.1534976752811519
2021-04-08,Alameda,001,1643700.0,1148018,25978,673941,11750,403782,6148,69926,8068,218637,11094,716956,19142,498319,14787,0.1330151487497718,0.4361842185313622,0.3031690697815903
2021-04-08,Alpine,003,1148.0,1205,31,28,0,1174,30,3,1,237,10,718,11,481,21,0.2064459930313588,0.6254355400696864,0.4189895470383275
2021-04-08,Amador,005,37829.0,24898,503,6210,90,18178,389,510,24,4946,204,14820,229,9874,296,0.1307462528747786,0.3917629331993973,0.2610166803246186
2021-04-08,Butte,007,227075.0,119104,2830,49883,1234,64947,1325,4268,271,21572,434,72357,704,50785,2393,0.0949994495210833,0.3186480237806892,0.2236485742596058
2021-04-08,Calaveras,009,45235.0,27934,994,9995,886,17501,82,438,26,3718,437,15753,465,12035,545,0.0821929921520946,0.3482480380236542,0.2660550458715596
2021-04-08,Colusa,011,21464.0,10925,510,2331,38,7906,387,687,85,2356,139,6969,224,4613,367,0.1097651882221393,0.324683190458442,0.2149180022363026
2021-04-08,Contra Costa,013,1133247.0,852239,18881,518282,12485,306394,3452,27397,2941,201065,9914,539683,12846,338618,8934,0.1774238096372635,0.4762271596571621,0.2988033500198985
2021-04-08,Del Norte,015,27424.0,11903,233,4689,57,6668,107,515,69,2698,107,7499,176,4801,126,0.0983809801633605,0.2734466161026838,0.1750656359393232
2021-04-08,El Dorado,017,186661.0,116071,2722,51848,1726,60303,751,3907,245,21480,1116,70586,1360,49106,1603,0.1150749219172724,0.3781507652910892,0.2630758433738167
2021-04-08,Fresno,019,978130.0,537529,11217,244830,5304,270997,4668,21500,1236,113512,3489,335158,4709,221646,7673,0.1160500138018463,0.3426517947512089,0.2266017809493625
2021-04-08,Glenn,021,27897.0,13772,677,4320,214,8671,427,767,35,2597,164,8546,199,5949,510,0.0930924472165465,0.3063411836398179,0.2132487364232713
2021-04-08,Humboldt,023,135768.0,82928,1802,39218,1100,40355,522,3257,176,17521,746,51727,922,34206,1050,0.1290510282246184,0.3809955217724353,0.2519444935478168
2021-04-08,Imperial,025,180216.0,102316,2411,45427,1158,47370,897,9504,356,27749,1138,69683,1491,41934,1270,0.1539763395037066,0.3866637812402894,0.2326874417365827
2021-04-08,Inyo,027,18085.0,12153,199,4343,19,7358,162,337,17,2011,88,7185,105,5174,110,0.1111971246889687,0.3972905722974841,0.2860934476085153
2021-04-08,Kern,029,883053.0,376140,8844,174463,4912,182714,2983,18856,944,95238,3749,244469,4689,149231,5058,0.1078508311505651,0.2768452176709665,0.1689943865204013
2021-04-08,Kings,031,150075.0,57223,1684,21060,646,32898,781,3243,257,12776,385,36594,641,23818,1292,0.0851307679493586,0.2438380809595202,0.1587073130101615
2021-04-08,Lake,033,64148.0,34157,575,10748,458,22237,50,1171,67,6231,101,20740,168,14509,473,0.0971347508885701,0.3233148344453451,0.2261800835567749
2021-04-08,Lassen,035,31185.0,7957,157,1128,10,6235,99,585,48,2027,28,5265,76,3238,127,0.0649991983325316,0.1688311688311688,0.1038319704986371
2021-04-08,Los Angeles,037,10098052.0,6058835,137335,3077427,60634,2723954,51486,255538,25181,1485770,60917,3891237,85959,2405467,76004,0.1471343185794646,0.3853453121453524,0.2382109935658877
2021-04-08,Madera,039,155013.0,74312,1781,34617,694,36653,815,3004,272,15463,554,46151,824,30688,1218,0.099752923948314,0.2977234167456923,0.1979704927973782
2021-04-08,Marin,041,260295.0,240376,5056,137191,1984,96563,2464,6611,607,46700,2275,146647,2876,99947,2773,0.1794118212028659,0.5633876947309783,0.3839758735281123
2021-04-08,Mariposa,043,17540.0,8726,286,1256,19,7103,250,348,17,2793,146,5901,163,3108,139,0.1592360319270239,0.3364310148232611,0.1771949828962371
2021-04-08,Mendocino,045,87422.0,67602,1514,33710,930,32084,468,1802,116,7192,1025,38170,1142,30978,487,0.0822676214225252,0.4366177849969115,0.3543501635743863
2021-04-08,Merced,047,269075.0,124268,2682,69340,1459,48218,992,6113,221,29506,1019,78395,1242,48889,1604,0.1096571587847254,0.2913499953544551,0.1816928365697296
2021-04-08,Modoc,049,8938.0,4414,94,440,1,3723,92,248,1,419,26,2538,27,2119,67,0.0468784963078988,0.2839561423137167,0.2370776460058178
2021-04-08,Mono,051,14174.0,12042,26,7143,4,4718,3,142,18,1212,5,6667,23,5455,20,0.085508677860872,0.4703682799492027,0.3848596020883307
2021-04-08,Monterey,053,433212.0,244224,6918,101518,3633,131248,2438,10964,839,69033,3391,161691,4230,92658,3512,0.1593515415085454,0.3732375834464419,0.2138860419378964
2021-04-08,Napa,055,140530.0,112191,1891,52758,1088,56446,429,2979,374,20167,983,67597,1357,47430,904,0.1435067245428022,0.4810147299509001,0.3375080054080979
2021-04-08,Nevada,057,99092.0,65063,1344,33486,907,29923,344,1653,93,14642,740,40609,831,25967,602,0.1477616760182456,0.4098110846486094,0.2620494086303637
2021-04-08,Orange,059,3164182.0,1957672,40310,1018483,22246,879488,12372,58810,5690,513679,19216,1262375,24873,748696,20981,0.1623417995551457,0.3989577717084542,0.2366159721533085
2021-04-08,Placer,061,380077.0,251125,4837,133963,2673,111974,1599,5179,565,45677,1588,150780,2154,105103,3246,0.1201782796643838,0.3967090878953475,0.2765308082309637
2021-04-08,Plumas,063,18699.0,11181,166,955,6,9519,140,686,20,2388,44,7099,63,4711,123,0.127707364030162,0.3796459703727472,0.2519386063425852
2021-04-08,Riverside,065,2383286.0,1194934,27804,613980,15216,544011,9460,36460,3120,302413,16637,765667,19751,463254,11095,0.1268890934617163,0.3212652614919065,0.1943761680301902
2021-04-08,Sacramento,067,1510023.0,846461,15265,443599,6882,379863,5370,22938,3012,188385,6008,527958,9006,339573,9233,0.1247563778829859,0.3496357340252433,0.2248793561422574
2021-04-08,San Benito,069,59416.0,32237,876,12688,431,17492,183,1975,260,7862,229,20921,488,13059,643,0.1323212602665948,0.3521105426147839,0.219789282348189
2021-04-08,San Bernardino,071,2135413.0,927880,22295,497772,11391,399625,8183,30363,2718,229881,12119,593203,14827,363322,10158,0.1076517750898772,0.2777931013813253,0.170141326291448
2021-04-08,San Diego,073,3302833.0,2092904,36238,1020712,22143,1015656,9854,55948,4232,502600,21315,1328949,25853,826349,14664,0.1521723926096172,0.4023663927301198,0.2501940001205026
2021-04-08,San Francisco,075,870044.0,713573,14626,430461,6968,251021,3146,31960,4510,136504,4666,440451,9167,303947,9939,0.1568932145960434,0.5062399143031847,0.3493466997071413
2021-04-08,San Joaquin,077,732212.0,366737,9205,189340,4961,166240,2086,11128,2158,79511,3348,224708,5486,145197,5754,0.1085901350974854,0.3068892615799796,0.1982991264824941
2021-04-08,San Luis Obispo,079,281455.0,175565,4058,85816,2206,83234,1430,6419,421,43800,2132,112689,2552,68889,1913,0.1556199037146257,0.400380167344691,0.2447602636300652
2021-04-08,San Mateo,081,765935.0,576499,10516,317572,5218,236666,2604,22066,2694,113741,4613,355526,7308,241785,5896,0.1484995463061487,0.464172547278816,0.3156730009726674
2021-04-08,Santa Barbara,083,443738.0,261510,7415,135915,4954,113083,748,12282,1709,76010,3453,174536,5160,98526,3945,0.1712947730417498,0.3933311999423083,0.2220364269005584
2021-04-08,Santa Clara,085,1922200.0,1229218,30979,657854,16893,512815,6253,56668,7785,305984,16704,793558,24465,487574,14192,0.1591842680262199,0.4128384143169285,0.2536541462907085
2021-04-08,Santa Cruz,087,273765.0,190840,4068,75199,2205,111028,1359,4590,504,39701,2328,117364,2829,77663,1736,0.1450185377970156,0.4287034500392672,0.2836849122422515
2021-04-08,Shasta,089,179085.0,78868,1112,32784,253,42634,708,3421,151,17439,189,49808,340,32369,920,0.0973783398944635,0.2781249127509283,0.1807465728564648
2021-04-08,Sierra,091,2930.0,2156,49,109,2,2039,47,8,0,269,16,1212,16,943,33,0.0918088737201365,0.4136518771331058,0.3218430034129693
2021-04-08,Siskiyou,093,43540.0,22857,344,8198,174,13989,126,638,44,3947,63,13694,107,9747,281,0.0906522737712448,0.3145153881488287,0.2238631143775838
2021-04-08,Solano,095,438530.0,276592,6644,135143,1852,135672,3909,5750,883,60309,1801,171080,2675,110771,4815,0.137525368845917,0.3901215424258317,0.2525961735799147
2021-04-08,Sonoma,097,501317.0,378191,7844,184884,4230,182313,2812,10961,802,79205,4251,233691,5045,154486,3554,0.1579938442143394,0.4661541499689817,0.3081603057546422
2021-04-08,Stanislaus,099,539301.0,265292,5697,135330,3153,120734,2087,9053,454,64167,2521,166314,2972,102147,3117,0.1189817930988446,0.3083880801259408,0.1894062870270962
2021-04-08,Sutter,101,95872.0,50102,1065,18075,582,29816,368,2210,115,9886,568,30997,681,21111,492,0.1031166555407209,0.3233165053404539,0.2201998497997329
2021-04-08,Tehama,103,63373.0,24004,658,5936,198,17351,413,712,47,6112,245,15390,292,9278,412,0.0964448582203777,0.2428479005254603,0.1464030423050826
2021-04-08,Trinity,105,12862.0,5817,91,608,11,4925,76,282,4,1204,52,3649,56,2445,39,0.0936090810138392,0.2837039340693515,0.1900948530555123
2021-04-08,Tulare,107,460477.0,219695,4877,117422,2616,96117,1793,6119,467,44708,1531,135020,1995,90312,3332,0.0970906255904203,0.2932176851395401,0.1961270595491197
2021-04-08,Tuolumne,109,53932.0,34748,1468,8754,44,25624,1404,365,20,5179,245,19871,266,14692,1200,0.0960283319735963,0.3684454498257064,0.2724171178521101
2021-04-08,Ventura,111,848112.0,534895,10640,254741,5341,261967,4258,17932,1036,124708,5264,338172,6288,213464,5354,0.1470419001263984,0.3987350727262437,0.2516931725998453
2021-04-08,Yolo,113,214977.0,145543,2446,67153,1035,74300,948,4080,463,30060,865,89744,1328,59684,1580,0.1398289119301134,0.4174586118515004,0.2776296999213869
2021-04-08,Yuba,115,75493.0,27232,766,8470,304,17094,193,1659,269,6163,279,17495,548,11332,487,0.0816367080391559,0.2317433404421602,0.1501066324030042
2021-04-07,Alameda,001,1643700.0,1122040,23205,662191,11920,397634,5710,61858,5570,214282,11588,697814,17139,483532,11558,0.1303656384985094,0.4245385410963071,0.2941729025977976
2021-04-07,Alpine,003,1148.0,1174,115,28,0,1144,115,2,0,247,23,707,24,460,91,0.2151567944250871,0.6158536585365854,0.4006968641114982
2021-04-07,Amador,005,37829.0,24395,120,6120,44,17789,53,486,23,5013,49,14591,72,9578,66,0.1325173808453831,0.3857093764043459,0.2531919955589627
2021-04-07,Butte,007,227075.0,116274,3102,48649,1348,63622,1353,3997,401,23261,724,71653,1124,48392,2376,0.1024375206429593,0.3155477265220742,0.2131102058791148
2021-04-07,Calaveras,009,45235.0,26940,779,9109,678,17419,65,412,36,3798,619,15288,656,11490,154,0.0839615342102354,0.3379683873107107,0.2540068531004752
2021-04-07,Colusa,011,21464.0,10415,396,2293,40,7519,334,602,22,2499,162,6745,185,4246,234,0.1164275065225493,0.3142471114424152,0.1978196049198658
2021-04-07,Contra Costa,013,1133247.0,833358,18701,505797,12572,302942,3323,24456,2805,197153,10429,526837,13239,329684,8259,0.1739717819680969,0.4648915902711412,0.2909198083030442
2021-04-07,Del Norte,015,27424.0,11670,435,4632,116,6561,259,446,60,2648,289,7323,349,4675,146,0.0965577596266044,0.2670288798133022,0.1704711201866977
2021-04-07,El Dorado,017,186661.0,113349,1651,50122,600,59552,599,3662,452,21723,541,69226,989,47503,1104,0.1163767471512528,0.3708648298251911,0.2544880826739383
2021-04-07,Fresno,019,978130.0,526312,10787,239526,5554,266329,3966,20264,1260,116476,3482,330449,4724,213973,7260,0.1190802858515739,0.3378375062619488,0.2187572204103749
2021-04-07,Glenn,021,27897.0,13095,162,4106,46,8244,61,732,55,2908,74,8347,129,5439,88,0.1042405993476001,0.2992078001218769,0.1949672007742768
2021-04-07,Humboldt,023,135768.0,81126,1560,38118,1089,39833,309,3081,161,17649,1011,50805,1167,33156,541,0.1299938129750751,0.3742045253668022,0.244210712391727
2021-04-07,Imperial,025,180216.0,99905,2467,44269,633,46473,1390,9148,444,27528,1725,68192,2166,40664,746,0.1527500332933812,0.3783903759932525,0.2256403426998712
2021-04-07,Inyo,027,18085.0,11954,204,4324,2,7196,74,320,127,2016,43,7080,169,5064,159,0.1114735969035111,0.3914846557920929,0.2800110588885817
2021-04-07,Kern,029,883053.0,367296,9526,169551,5542,179731,2992,17912,988,95607,4571,239780,5557,144173,4927,0.1082686996137264,0.271535230614697,0.1632665310009705
2021-04-07,Kings,031,150075.0,55539,1408,20414,659,32117,555,2986,194,13427,336,35953,529,22526,1067,0.0894685990338164,0.2395668832250541,0.1500982841912377
2021-04-07,Lake,033,64148.0,33582,529,10290,52,22187,423,1104,53,6536,343,20572,396,14036,185,0.101889380806884,0.3206958907526345,0.2188065099457504
2021-04-07,Lassen,035,31185.0,7800,119,1118,6,6136,87,537,26,2078,34,5189,60,3111,84,0.0666345999679333,0.166394099727433,0.0997594997594997
2021-04-07,Los Angeles,037,10098052.0,5921500,124565,3016793,56787,2672468,45839,230357,21904,1475815,55280,3805278,77112,2329463,68994,0.1461484848760929,0.3768328782620648,0.2306843933859718
2021-04-07,Madera,039,155013.0,72531,1251,33923,396,35838,707,2732,147,15857,417,45327,564,29470,830,0.1022946462554753,0.2924077335449285,0.1901130872894531
2021-04-07,Marin,041,260295.0,235320,3951,135207,2002,94099,1297,6004,652,46597,1413,143771,2064,97174,2533,0.1790161163295491,0.5523386926372001,0.3733225763076509
2021-04-07,Mariposa,043,17540.0,8440,100,1237,6,6853,75,331,18,2769,30,5738,48,2969,69,0.1578677309007981,0.3271379703534777,0.1692702394526795
2021-04-07,Mendocino,045,87422.0,66088,503,32780,189,31616,74,1686,240,6537,120,37028,357,30491,382,0.074775228203427,0.4235547116286518,0.3487794834252247
2021-04-07,Merced,047,269075.0,121586,2016,67881,1191,47226,704,5892,113,29868,584,77153,696,47285,1377,0.1110025085942581,0.2867341819195391,0.175731673325281
2021-04-07,Modoc,049,8938.0,4320,11,439,1,3631,4,247,6,459,3,2511,9,2052,8,0.0513537704184381,0.2809353322891027,0.2295815618706645
2021-04-07,Mono,051,14174.0,12016,32,7139,6,4715,6,124,19,1209,5,6644,24,5435,26,0.085297022717652,0.4687455905178496,0.3834485678001975
2021-04-07,Monterey,053,433212.0,237306,5937,97885,1509,128810,3885,10125,524,68315,2687,157461,3207,89146,3221,0.1576941543632217,0.3634733109886153,0.2057791566253935
2021-04-07,Napa,055,140530.0,110300,1787,51670,725,56017,824,2605,238,19714,526,66240,763,46526,1260,0.1402832135487084,0.4713584288052373,0.3310752152565288
2021-04-07,Nevada,057,99092.0,63719,1208,32579,839,29579,283,1560,86,14413,641,39778,726,25365,564,0.1454506922859564,0.4014249384410447,0.2559742461550882
2021-04-07,Orange,059,3164182.0,1917362,37326,996237,20704,867116,11825,53120,4793,509787,16212,1237502,20976,727715,21020,0.1611117818128034,0.3910969722980536,0.2299851904852502
2021-04-07,Placer,061,380077.0,246288,4673,131290,2677,110375,1536,4614,460,46769,2097,148626,2554,101857,2570,0.1230513816937094,0.3910418152111283,0.2679904335174188
2021-04-07,Plumas,063,18699.0,11015,302,949,9,9379,99,666,194,2448,27,7036,220,4588,273,0.1309160917696133,0.3762768062463233,0.2453607144767099
2021-04-07,Riverside,065,2383286.0,1167130,25144,598764,13423,534551,9116,33340,2591,293757,13694,745916,16277,452159,11371,0.1232571332185897,0.3129779640378872,0.1897208308192974
2021-04-07,Sacramento,067,1510023.0,831196,15203,436717,8119,374493,5377,19926,1707,188612,6990,518952,8685,330340,8170,0.1249067067190367,0.3436715864592791,0.2187648797402423
2021-04-07,San Benito,069,59416.0,31361,959,12257,521,17309,244,1715,194,8017,275,20433,468,12416,683,0.1349299851891746,0.3438972667295005,0.2089672815403258
2021-04-07,San Bernardino,071,2135413.0,905585,21466,486381,11469,391442,7437,27645,2559,225212,11552,578376,14101,353164,9883,0.1054653127989761,0.2708497138492647,0.1653844010502886
2021-04-07,San Diego,073,3302833.0,2056666,37137,998569,22675,1005802,9756,51716,4696,491411,20351,1303096,25254,811685,16499,0.1487846948362209,0.3945388701154433,0.2457541752792224
2021-04-07,San Francisco,075,870044.0,698947,17264,423493,10193,247875,4697,27450,2370,137276,6877,431284,9233,294008,10375,0.157780526042361,0.4957036655617417,0.3379231395193806
2021-04-07,San Joaquin,077,732212.0,357532,8775,184379,4801,164154,2390,8970,1584,79779,3569,219222,5133,139443,5103,0.1089561493119479,0.2993968959809454,0.1904407466689975
2021-04-07,San Luis Obispo,079,281455.0,171507,4376,83610,2373,81804,1633,5998,370,43161,2466,110137,2836,66976,1894,0.1533495585439946,0.3913129985255191,0.2379634399815245
2021-04-07,San Mateo,081,765935.0,565983,11626,312354,5439,234062,4458,19372,1727,112329,4894,348218,6623,235889,6709,0.1466560478369574,0.4546312676663163,0.3079752198293589
2021-04-07,Santa Barbara,083,443738.0,254095,6013,130961,3268,112335,2203,10573,539,74795,4042,169376,4579,94581,1957,0.1685566708282815,0.3817027164678256,0.213146045639544
2021-04-07,Santa Clara,085,1922200.0,1198239,31881,640961,16434,506562,8820,48883,6591,295711,19263,769093,25831,473382,12510,0.1538398709811674,0.4001108105296015,0.2462709395484341
2021-04-07,Santa Cruz,087,273765.0,186772,4339,72994,1780,109669,2176,4086,383,38608,1681,114535,2062,75927,2650,0.1410260624988585,0.4183697696929848,0.2773437071941264
2021-04-07,Shasta,089,179085.0,77756,622,32531,194,41926,270,3270,158,18019,234,49468,391,31449,387,0.1006170254348493,0.2762263729513918,0.1756093475165424
2021-04-07,Sierra,091,2930.0,2107,11,107,2,1992,5,8,4,286,1,1196,5,910,9,0.0976109215017064,0.4081911262798635,0.310580204778157
2021-04-07,Siskiyou,093,43540.0,22513,113,8024,13,13863,62,594,38,4121,64,13587,103,9466,49,0.094648598989435,0.3120578778135048,0.2174092788240698
2021-04-07,Solano,095,438530.0,269948,6139,133291,4737,131763,987,4867,415,62449,3437,168405,3853,105956,2690,0.1424053086447905,0.3840216176772398,0.2416163090324493
2021-04-07,Sonoma,097,501317.0,370347,7020,180654,3965,179501,2187,10159,868,77714,3393,228646,4255,150932,3608,0.1550196781677062,0.4560906572089117,0.3010709790412054
2021-04-07,Stanislaus,099,539301.0,259595,6061,132177,3328,118647,2286,8599,445,64312,2462,163342,2904,99030,3555,0.1192506596501768,0.30287724294967,0.1836265832994932
2021-04-07,Sutter,101,95872.0,49037,1473,17493,875,29448,523,2095,75,9697,596,30316,672,20619,866,0.101145277036048,0.3162132843791722,0.2150680073431241
2021-04-07,Tehama,103,63373.0,23346,452,5738,305,16938,95,665,52,6232,323,15098,375,8866,129,0.0983384091016679,0.2382402600476543,0.1399018509459864
2021-04-07,Trinity,105,12862.0,5726,25,597,11,4849,10,278,4,1187,20,3593,24,2406,5,0.0922873581091587,0.2793500233245218,0.187062665215363
2021-04-07,Tulare,107,460477.0,214818,3994,114806,1875,94324,1669,5652,448,46045,1182,133025,1624,86980,2805,0.0999941365149616,0.2888852211945439,0.1888910846795822
2021-04-07,Tuolumne,109,53932.0,33280,152,8710,46,24220,87,345,18,6113,65,19605,84,13492,86,0.1133464362530594,0.3635133130608915,0.250166876807832
2021-04-07,Ventura,111,848112.0,524255,11651,249400,5467,257709,4642,16896,1537,123774,5230,331884,6756,208110,6403,0.1459406304827664,0.3913209576093723,0.2453803271266059
2021-04-07,Yolo,113,214977.0,143097,3043,66118,1563,73352,1114,3617,365,30312,1750,88416,2121,58104,1288,0.1410011303534796,0.4112812068267768,0.2702800764732971
2021-04-07,Yuba,115,75493.0,26466,808,8166,413,16901,337,1390,57,6102,362,16947,418,10845,445,0.0808286861033473,0.2244843892811254,0.143655703177778
2021-04-06,Alameda,001,1643700.0,1098835,22695,650271,10964,391924,5806,56288,5919,208701,10293,680675,16206,471974,12370,0.1269702500456287,0.4141114558617753,0.2871412058161465
2021-04-06,Alpine,003,1148.0,1059,2,28,1,1029,1,2,0,314,1,683,1,369,1,0.2735191637630662,0.5949477351916377,0.3214285714285714
2021-04-06,Amador,005,37829.0,24275,513,6076,48,17736,448,463,17,5007,210,14519,227,9512,296,0.1323587723704036,0.3838060747045917,0.251447302334188
2021-04-06,Butte,007,227075.0,113172,2205,47301,607,62269,1178,3596,420,24513,772,70529,1188,46016,1427,0.1079511174722008,0.31059782010349,0.2026467026312892
2021-04-06,Calaveras,009,45235.0,26161,705,8431,606,17354,78,376,21,3296,109,14632,130,11336,585,0.0728639327954017,0.323466342433956,0.2506024096385542
2021-04-06,Colusa,011,21464.0,10019,130,2253,36,7185,44,580,50,2548,34,6560,84,4012,96,0.1187103988073052,0.3056280283265002,0.1869176295191949
2021-04-06,Contra Costa,013,1133247.0,814657,17593,493225,12117,299619,3190,21651,2285,192173,9662,513598,11949,321425,7911,0.1695773295671641,0.4532092297619142,0.2836319001947501
2021-04-06,Del Norte,015,27424.0,11235,380,4516,116,6302,227,386,37,2445,149,6974,187,4529,229,0.0891554842473745,0.2543028004667444,0.1651473162193699
2021-04-06,El Dorado,017,186661.0,111698,1478,49522,574,58953,688,3210,215,21838,469,68237,684,46399,1007,0.1169928372825603,0.3655664546959461,0.2485736174133857
2021-04-06,Fresno,019,978130.0,515525,9865,233972,4117,262363,4476,19004,1267,119012,3548,325725,4813,206713,6286,0.1216729882530952,0.3330078823878216,0.2113348941347264
2021-04-06,Glenn,021,27897.0,12933,140,4060,53,8183,50,677,37,2867,35,8218,71,5351,103,0.1027709072660142,0.2945836469871312,0.1918127397211169
2021-04-06,Humboldt,023,135768.0,79566,881,37029,337,39524,405,2920,136,17023,600,49638,734,32615,270,0.125383006304873,0.3656089800247481,0.240225973719875
2021-04-06,Imperial,025,180216.0,97438,1538,43636,615,45083,654,8704,269,26108,757,66026,1026,39918,778,0.1448705997247747,0.3663714653526879,0.2215008656279131
2021-04-06,Inyo,027,18085.0,11750,248,4322,3,7122,178,193,65,2006,110,6911,175,4905,136,0.1109206524744263,0.3821398949405585,0.2712192424661321
2021-04-06,Kern,029,883053.0,357770,7208,164009,2484,176739,3335,16924,1388,94977,3563,234223,4946,139246,3619,0.1075552656522315,0.2652422901003677,0.1576870244481361
2021-04-06,Kings,031,150075.0,54131,1296,19755,505,31562,479,2792,311,13965,278,35424,587,21459,1013,0.0930534732633683,0.2360419790104947,0.1429885057471264
2021-04-06,Lake,033,64148.0,33053,487,10238,24,21764,439,1051,24,6325,309,20176,333,13851,177,0.0986001122404439,0.3145226663341023,0.2159225540936584
2021-04-06,Lassen,035,31185.0,7681,157,1112,5,6049,122,511,30,2102,46,5129,76,3027,110,0.067404200737534,0.1644700978034311,0.097065897065897
2021-04-06,Los Angeles,037,10098052.0,5796935,125154,2960006,58961,2626629,45171,208453,20980,1467697,56581,3728166,77473,2260469,68244,0.145344567447266,0.3691965539492171,0.223851986501951
2021-04-06,Madera,039,155013.0,71280,1724,33527,888,35131,475,2585,361,16123,529,44763,888,28640,1189,0.1040106313664015,0.2887693290240173,0.1847586976576158
2021-04-06,Marin,041,260295.0,231369,4061,133205,2167,92802,1321,5352,573,47066,2231,141707,2800,94641,1827,0.1808179181313509,0.5444092279913175,0.3635913098599665
2021-04-06,Mariposa,043,17540.0,8340,47,1231,21,6778,10,313,16,2790,16,5690,32,2900,30,0.1590649942987457,0.3244013683010262,0.1653363740022805
2021-04-06,Mendocino,045,87422.0,65585,404,32591,129,31542,181,1446,94,6562,112,36671,207,30109,291,0.0750611974102628,0.4194710713550365,0.3444098739447736
2021-04-06,Merced,047,269075.0,119570,2740,66690,1130,46522,739,5779,865,30549,899,76457,1757,45908,1807,0.1135334014679921,0.284147542506736,0.1706141410387438
2021-04-06,Modoc,049,8938.0,4309,25,438,6,3627,9,241,10,458,7,2502,17,2044,18,0.0512418885656746,0.2799283956142314,0.2286865070485567
2021-04-06,Mono,051,14174.0,11984,23,7133,2,4709,8,105,13,1211,4,6620,16,5409,18,0.0854381261464653,0.4670523493720897,0.3816142232256244
2021-04-06,Monterey,053,433212.0,231369,3671,96376,1438,124925,1743,9601,485,68329,1237,154254,1722,85925,2423,0.1577264711042168,0.3560704689620786,0.1983439978578617
2021-04-06,Napa,055,140530.0,108513,2291,50945,581,55193,1449,2367,261,20211,491,65477,753,45266,1799,0.1438198249484095,0.4659289831352736,0.322109158186864
2021-04-06,Nevada,057,99092.0,62511,1117,31740,676,29296,293,1474,148,14251,457,39052,605,24801,660,0.1438158478989222,0.3940984135954467,0.2502825656965244
2021-04-06,Orange,059,3164182.0,1880036,34349,975533,16094,855291,14702,48327,3548,509831,14250,1216526,17782,706695,19998,0.1611256874604558,0.3844677708172286,0.2233420833567727
2021-04-06,Placer,061,380077.0,241615,4368,128613,2527,108839,1537,4154,304,46785,1523,146072,1828,99287,2838,0.1230934784267398,0.3843221242011487,0.2612286457744088
2021-04-06,Plumas,063,18699.0,10713,134,940,7,9280,100,472,27,2501,18,6816,44,4315,115,0.133750467939462,0.3645114712016685,0.2307610032622065
2021-04-06,Riverside,065,2383286.0,1141986,24168,585341,12491,525435,9423,30749,2248,288851,13263,729639,15499,440788,10836,0.1211986307979822,0.3061483179106494,0.1849496871126671
2021-04-06,Sacramento,067,1510023.0,815993,15924,428598,8944,369116,5593,18219,1387,188097,6772,510267,8160,322170,9128,0.1245656523112561,0.3379200184368052,0.2133543661255491
2021-04-06,San Benito,069,59416.0,30402,487,11736,166,17065,132,1521,186,8232,168,19965,354,11733,317,0.1385485391140433,0.3360206005116466,0.1974720613976033
2021-04-06,San Bernardino,071,2135413.0,884119,20102,474912,11264,384005,6695,25086,2143,220994,10569,564275,12708,343281,9501,0.1034900508707215,0.2642463073887814,0.1607562565180599
2021-04-06,San Diego,073,3302833.0,2019529,39882,975894,21207,996046,12621,47020,6044,482656,22496,1277842,28738,795186,17116,0.1461339401659121,0.3868927069579358,0.2407587667920237
2021-04-06,San Francisco,075,870044.0,681683,16492,413300,9716,243178,4639,25080,2136,138418,6120,422051,8251,283633,10345,0.1590931033373024,0.4850915585878415,0.325998455250539
2021-04-06,San Joaquin,077,732212.0,348757,7671,179578,4809,161764,2565,7386,297,79749,3338,214089,3635,134340,4218,0.108915177571523,0.2923866311942443,0.1834714536227213
2021-04-06,San Luis Obispo,079,281455.0,167131,4232,81237,2243,80171,1653,5628,335,42219,1997,107301,2331,65082,2221,0.1500026647243786,0.3812367874082891,0.2312341226839104
2021-04-06,San Mateo,081,765935.0,554357,13495,306915,8329,229604,3275,17645,1887,112415,7542,341595,9427,229180,5934,0.1467683289051943,0.4459843198182613,0.299215990913067
2021-04-06,Santa Barbara,083,443738.0,248082,5544,127693,2865,110132,2094,10034,579,72173,3351,164797,3922,92624,2168,0.1626477786441549,0.3713835641752566,0.2087357855311017
2021-04-06,Santa Clara,085,1922200.0,1166358,30423,624527,16783,497742,8032,42292,5579,282390,17984,743262,23552,460872,12341,0.1469097908646342,0.386672562688586,0.2397627718239517
2021-04-06,Santa Cruz,087,273765.0,182433,3266,71214,1600,107493,1283,3703,383,39196,1848,112473,2228,73277,1410,0.1431738900151589,0.4108377623143937,0.2676638722992347
2021-04-06,Shasta,089,179085.0,77134,1119,32337,481,41656,475,3112,163,18015,520,49077,683,31062,595,0.1005946896725018,0.2740430521819247,0.1734483625094229
2021-04-06,Sierra,091,2930.0,2096,8,105,0,1987,8,4,0,290,1,1191,1,901,7,0.098976109215017,0.4064846416382252,0.3075085324232082
2021-04-06,Siskiyou,093,43540.0,22400,226,8011,35,13801,138,556,53,4067,131,13484,184,9417,95,0.0934083601286173,0.3096922370234267,0.2162838768948093
2021-04-06,Solano,095,438530.0,263809,6306,128554,1702,130776,4107,4452,497,61286,1589,164552,2086,103266,4704,0.1397532665952158,0.3752354456935671,0.2354821790983513
2021-04-06,Sonoma,097,501317.0,363327,7016,176689,3543,177314,3049,9291,424,77067,4037,224391,4462,147324,2962,0.1537290776095763,0.4476030136620142,0.2938739360524379
2021-04-06,Stanislaus,099,539301.0,253534,5508,128849,3796,116361,1422,8154,289,64963,2799,160438,3083,95475,2672,0.1204577777530544,0.2974924949147137,0.1770347171616592
2021-04-06,Sutter,101,95872.0,47564,511,16618,202,28925,252,2020,57,9891,262,29644,319,19753,249,0.1031688084112149,0.3092039385847797,0.2060351301735647
2021-04-06,Tehama,103,63373.0,22894,556,5433,123,16843,370,613,63,5986,146,14723,209,8737,410,0.0944566297950231,0.2323229135436226,0.1378662837485995
2021-04-06,Trinity,105,12862.0,5701,128,586,19,4839,108,274,1,1168,31,3569,32,2401,97,0.0908101383921629,0.2774840615767376,0.1866739231845747
2021-04-06,Tulare,107,460477.0,210824,3503,112931,1488,92655,1512,5204,501,47226,902,131401,1402,84175,2595,0.1025588683039543,0.2853584435270382,0.1827995752230838
2021-04-06,Tuolumne,109,53932.0,33128,674,8664,527,24133,120,327,27,6115,499,19521,525,13406,169,0.1133835199881332,0.361955796187792,0.2485722761996588
2021-04-06,Ventura,111,848112.0,512604,11131,243933,5612,253067,3973,15359,1545,123421,5647,325128,7188,201707,5461,0.1455244118701303,0.3833550285811308,0.2378306167110004
2021-04-06,Yolo,113,214977.0,140054,2650,64555,1363,72238,1106,3252,181,29479,1122,86295,1303,56816,1519,0.1371262972317969,0.4014150350967778,0.2642887378649809
2021-04-06,Yuba,115,75493.0,25658,368,7753,123,16564,184,1333,61,6129,174,16529,233,10400,193,0.0811863351569019,0.2189474520816499,0.137761116924748
2021-04-05,Alameda,001,1643700.0,1076140,18275,639307,7728,386118,5698,50369,4845,204865,7401,664469,12237,459604,10827,0.1246364908438279,0.4042519924560443,0.2796155016122163
2021-04-05,Alpine,003,1148.0,1057,0,27,0,1028,0,2,0,314,0,682,0,368,0,0.2735191637630662,0.5940766550522648,0.3205574912891986
2021-04-05,Amador,005,37829.0,23762,149,6028,52,17288,80,446,17,5076,43,14292,60,9216,105,0.134182769832668,0.3778053874012001,0.243622617568532
2021-04-05,Butte,007,227075.0,110967,2010,46694,428,61091,1396,3176,186,24752,594,69341,778,44589,1412,0.1090036331608499,0.3053660684795772,0.1963624353187273
2021-04-05,Calaveras,009,45235.0,25456,253,7825,102,17276,142,355,9,3751,97,14502,105,10751,153,0.0829225157510777,0.3205924615894772,0.2376699458383994
2021-04-05,Colusa,011,21464.0,9889,108,2217,27,7141,56,530,25,2560,35,6476,60,3916,73,0.1192694744688781,0.3017144986954901,0.182445024226612
2021-04-05,Contra Costa,013,1133247.0,797064,12439,481108,7997,296429,3422,19366,1017,188135,6538,501649,7555,313514,5880,0.1660141169577329,0.4426651912601577,0.2766510743024248
2021-04-05,Del Norte,015,27424.0,10855,49,4400,4,6075,40,349,5,2487,41,6787,46,4300,8,0.0906869894982497,0.2474839556592765,0.1567969661610268
2021-04-05,El Dorado,017,186661.0,110220,1490,48948,442,58265,950,2995,98,22161,599,67553,696,45392,887,0.1187232469557111,0.3619020577410385,0.2431788107853274
2021-04-05,Fresno,019,978130.0,505660,8512,229855,4540,257887,3109,17737,855,120485,2398,320912,3251,200427,6092,0.1231789230470387,0.3280872685634833,0.2049083455164446
2021-04-05,Glenn,021,27897.0,12793,77,4007,26,8133,31,640,18,2899,29,8147,47,5248,45,0.1039179840126178,0.2920385704556045,0.1881205864429867
2021-04-05,Humboldt,023,135768.0,78685,808,36692,476,39119,284,2784,48,16559,447,48904,495,32345,360,0.1219654115844676,0.3602026987213482,0.2382372871368805
2021-04-05,Imperial,025,180216.0,95900,3616,43021,2381,44429,1008,8435,227,25860,823,65000,1045,39140,2780,0.1434944732987082,0.3606782971545257,0.2171838238558174
2021-04-05,Inyo,027,18085.0,11502,110,4319,0,6944,100,128,8,1967,29,6736,37,4769,78,0.1087641692009953,0.3724633674315731,0.2636991982305778
2021-04-05,Kern,029,883053.0,350562,5563,161525,2256,173404,2442,15536,862,93650,2879,229277,3736,135627,2652,0.106052524593654,0.2596412672852026,0.1535887426915485
2021-04-05,Kings,031,150075.0,52835,1106,19250,344,31083,501,2481,261,14391,253,34837,513,20446,852,0.0958920539730135,0.2321306013659836,0.1362385473929701
2021-04-05,Lake,033,64148.0,32566,640,10214,71,21325,549,1027,20,6169,399,19843,418,13674,240,0.0961682359543555,0.3093315458003367,0.2131633098459811
2021-04-05,Lassen,035,31185.0,7524,25,1107,0,5927,10,481,15,2136,10,5053,25,2917,15,0.0684944684944685,0.1620330286996953,0.0935385602052268
2021-04-05,Los Angeles,037,10098052.0,5671781,98458,2901045,46246,2581458,41331,187473,10849,1458468,45593,3650693,56376,2192225,52574,0.1444306287985049,0.3615244801670659,0.217093851368561
2021-04-05,Madera,039,155013.0,69556,771,32639,277,34656,431,2224,63,16424,349,43875,413,27451,420,0.1059524039919232,0.2830407772251359,0.1770883732332127
2021-04-05,Marin,041,260295.0,227308,2329,131038,1608,91481,330,4779,391,46093,1322,138907,1711,92814,1003,0.1770798517067174,0.5336522023089187,0.3565723506022013
2021-04-05,Mariposa,043,17540.0,8293,37,1210,23,6768,10,297,4,2788,15,5658,20,2870,22,0.1589509692132269,0.3225769669327252,0.1636259977194983
2021-04-05,Mendocino,045,87422.0,65181,212,32462,141,31361,47,1352,24,6646,119,36464,141,29818,93,0.0760220539452311,0.417103246322436,0.3410811923772048
2021-04-05,Merced,047,269075.0,116830,1623,65560,873,45783,516,4914,229,30599,398,74700,628,44101,1203,0.1137192232648889,0.2776177645637833,0.1638985412988943
2021-04-05,Modoc,049,8938.0,4284,11,432,0,3618,9,231,2,459,9,2485,11,2026,2,0.0513537704184381,0.2780264041172521,0.226672633698814
2021-04-05,Mono,051,14174.0,11961,517,7131,21,4701,493,92,3,1213,26,6604,29,5391,491,0.0855792295752786,0.4659235219415832,0.3803442923663045
2021-04-05,Monterey,053,433212.0,227698,4141,94938,2530,123182,1360,9116,246,69030,1486,152532,1729,83502,2642,0.1593446164926179,0.3520955098196726,0.1927508933270546
2021-04-05,Napa,055,140530.0,106222,1315,50364,782,53744,314,2106,219,21257,558,64724,777,43467,755,0.1512630754998932,0.4605706966484025,0.3093076211485092
2021-04-05,Nevada,057,99092.0,61394,1020,31064,648,29003,333,1326,39,14306,625,38447,665,24141,393,0.1443708876599523,0.3879929762241149,0.2436220885641626
2021-04-05,Orange,059,3164182.0,1845687,31115,959439,14561,840589,13035,44779,3513,512047,13266,1198744,16764,686697,17779,0.161826026442221,0.3788479929409876,0.2170219664987665
2021-04-05,Placer,061,380077.0,237247,3067,126086,1914,107302,961,3850,192,47795,1733,144244,1927,96449,1330,0.1257508346992846,0.3795125724524241,0.2537617377531395
2021-04-05,Plumas,063,18699.0,10579,20,933,8,9180,9,445,3,2572,7,6772,10,4200,13,0.137547462431146,0.3621584041927376,0.2246109417615915
2021-04-05,Riverside,065,2383286.0,1117818,18804,572850,9496,516012,7342,28501,1961,284188,9927,714140,11891,429952,8838,0.119242088444274,0.2996451118329902,0.1804030233887162
2021-04-05,Sacramento,067,1510023.0,800069,12377,419654,7672,363523,3801,16832,903,189065,5330,502107,6228,313042,7022,0.1252067021495699,0.332516127237797,0.2073094250882271
2021-04-05,San Benito,069,59416.0,29915,372,11570,180,16933,151,1335,41,8195,155,19611,195,11416,216,0.1379258112292985,0.3300626093981419,0.1921367981688434
2021-04-05,San Bernardino,071,2135413.0,864017,12211,463648,5459,377310,4912,22943,1838,217787,6138,551567,7973,333780,6053,0.1019882336578451,0.2582952337557184,0.1563070000978733
2021-04-05,San Diego,073,3302833.0,1979647,30895,954687,16157,983425,11898,40976,2830,471034,19524,1249104,22646,778070,11147,0.1426151428183017,0.3781916917991312,0.2355765489808295
2021-04-05,San Francisco,075,870044.0,665191,16444,403584,9976,238539,4505,22944,1961,140512,5960,413800,7920,273288,10453,0.1614998781670812,0.475608130163532,0.3141082519964507
2021-04-05,San Joaquin,077,732212.0,341086,5355,174769,3114,159199,1987,7089,254,80332,2715,210454,2975,130122,2566,0.1097113950604469,0.2874222219794267,0.1777108269189797
2021-04-05,San Luis Obispo,079,281455.0,162899,3697,78994,1963,78518,1614,5293,119,42109,2029,104970,2145,62861,1662,0.149611838482173,0.3729548240393668,0.2233429855571938
2021-04-05,San Mateo,081,765935.0,540862,9188,298586,4895,226329,2543,15758,1748,108922,3858,332168,5611,223246,5321,0.1422078897034343,0.433676486908158,0.2914685972047236
2021-04-05,Santa Barbara,083,443738.0,242538,3615,124828,2359,108038,973,9455,280,70419,2199,160875,2475,90456,1399,0.1586949956956582,0.3625450153018222,0.203850019606164
2021-04-05,Santa Clara,085,1922200.0,1135935,22805,607744,15022,489710,5169,36713,2584,271179,14588,719710,17163,448531,8145,0.1410774112995526,0.3744199354905837,0.2333425241910311
2021-04-05,Santa Cruz,087,273765.0,179167,2243,69614,741,106210,1303,3320,199,38378,1327,110245,1525,71867,913,0.1401859258853396,0.4026993954669151,0.2625134695815754
2021-04-05,Shasta,089,179085.0,76015,446,31856,73,41181,318,2949,55,17927,247,48394,302,30467,200,0.1001033029008571,0.2702292207610911,0.1701259178602339
2021-04-05,Sierra,091,2930.0,2088,1,105,0,1979,1,4,0,296,0,1190,0,894,1,0.1010238907849829,0.4061433447098976,0.3051194539249147
2021-04-05,Siskiyou,093,43540.0,22174,453,7976,332,13663,83,503,38,3978,28,13300,66,9322,422,0.0913642627468994,0.3054662379421222,0.2141019751952227
2021-04-05,Solano,095,438530.0,257503,3210,126852,2234,126669,763,3955,212,63904,1511,162466,1721,98562,1695,0.1457232116388844,0.3704786445625156,0.2247554329236312
2021-04-05,Sonoma,097,501317.0,356311,4588,173146,731,174265,3499,8867,357,75567,1670,219929,2025,144362,2910,0.150736958850388,0.4387024577263488,0.2879654988759607
2021-04-05,Stanislaus,099,539301.0,248026,3614,125053,2337,114939,1013,7865,260,64552,2127,157355,2385,92803,1448,0.1196956801489335,0.2917758357577679,0.1720801556088344
2021-04-05,Sutter,101,95872.0,47053,387,16416,145,28673,202,1963,40,9821,171,29325,211,19504,211,0.102438668224299,0.305876585447263,0.2034379172229639
2021-04-05,Tehama,103,63373.0,22338,155,5310,20,16473,78,550,57,6187,68,14514,125,8327,87,0.0976283275211841,0.2290249790920423,0.1313966515708582
2021-04-05,Trinity,105,12862.0,5573,60,567,6,4731,51,273,3,1233,54,3537,57,2304,6,0.0958637847924117,0.2749961125796921,0.1791323277872803
2021-04-05,Tulare,107,460477.0,207321,3405,111443,2357,91143,770,4703,277,48419,846,129999,1122,81580,2554,0.1051496600264508,0.2823137746293517,0.1771641146029009
2021-04-05,Tuolumne,109,53932.0,32454,147,8137,17,24013,120,300,10,5759,51,18996,61,13237,97,0.1067826151449974,0.3522213157309204,0.245438700585923
2021-04-05,Ventura,111,848112.0,501473,9569,238321,4920,249094,3505,13814,1144,121694,4804,317940,5944,196246,4747,0.14348812421001,0.3748797328654706,0.2313916086554606
2021-04-05,Yolo,113,214977.0,137404,1982,63192,772,71132,1102,3071,108,29695,906,84992,1016,55297,1077,0.1381310558803965,0.3953539215823088,0.2572228657019123
2021-04-05,Yuba,115,75493.0,25290,271,7630,89,16380,153,1272,29,6089,128,16296,157,10207,143,0.0806564847071913,0.2158610732120859,0.1352045885048945
2021-04-04,Alameda,001,1643700.0,1057865,10004,631579,4027,380420,2275,45524,3698,203455,3404,652232,7090,448777,6577,0.1237786700736144,0.3968072032609357,0.2730285331873213
2021-04-04,Alpine,003,1148.0,1057,1,27,1,1028,0,2,0,314,1,682,1,368,0,0.2735191637630662,0.5940766550522648,0.3205574912891986
2021-04-04,Amador,005,37829.0,23613,40,5976,3,17208,30,429,7,5121,4,14232,11,9111,35,0.1353723333950144,0.376219302651405,0.2408469692563906
2021-04-04,Butte,007,227075.0,108957,208,46266,33,59695,151,2990,24,25386,116,68563,140,43177,92,0.1117956622261367,0.301939887702301,0.1901442254761642
2021-04-04,Calaveras,009,45235.0,25203,97,7723,35,17134,62,346,0,3799,33,14397,33,10598,59,0.0839836409859622,0.3182712501381673,0.2342876091522051
2021-04-04,Colusa,011,21464.0,9781,19,2190,1,7085,7,505,11,2573,3,6416,14,3843,16,0.1198751397689154,0.2989191203876258,0.1790439806187104
2021-04-04,Contra Costa,013,1133247.0,784625,3506,473111,1396,293007,1491,18349,618,186460,821,494094,1441,307634,2679,0.1645360631883428,0.4359985069450878,0.271462443756745
2021-04-04,Del Norte,015,27424.0,10806,4,4396,0,6035,0,344,4,2449,0,6741,4,4292,4,0.089301341890315,0.2458065927654609,0.1565052508751458
2021-04-04,El Dorado,017,186661.0,108730,280,48506,89,57315,143,2897,48,22352,89,66857,138,44505,191,0.1197464923042306,0.3581733731202554,0.2384268808160247
2021-04-04,Fresno,019,978130.0,497148,1515,225315,544,254778,922,16882,48,123326,525,317661,572,194335,981,0.1260834449408565,0.3247635794832997,0.1986801345424432
2021-04-04,Glenn,021,27897.0,12716,10,3981,5,8102,4,622,1,2897,7,8100,8,5203,3,0.1038462917159551,0.2903538014840305,0.1865075097680754
2021-04-04,Humboldt,023,135768.0,77877,485,36216,372,38835,104,2736,9,16424,394,48409,403,31985,88,0.1209710682929703,0.3565567733191915,0.2355857050262212
2021-04-04,Imperial,025,180216.0,92284,132,40640,82,43421,33,8208,17,27595,38,63955,55,36360,91,0.1531218093842944,0.3548796999156567,0.2017578905313623
2021-04-04,Inyo,027,18085.0,11392,5,4319,4,6844,0,120,1,2008,1,6699,2,4691,4,0.1110312413602433,0.370417473043959,0.2593862316837158
2021-04-04,Kern,029,883053.0,344999,1359,159269,889,170962,380,14674,90,92566,462,225541,551,132975,891,0.1048249652059389,0.2554104906500515,0.1505855254441126
2021-04-04,Kings,031,150075.0,51729,158,18906,81,30582,71,2220,6,14730,41,34324,47,19594,117,0.0981509245377311,0.2287123105114109,0.1305613859736798
2021-04-04,Lake,033,64148.0,31926,19,10143,11,20776,6,1007,2,5991,14,19425,16,13434,5,0.0933934027561264,0.3028153644696639,0.2094219617135374
2021-04-04,Lassen,035,31185.0,7499,5,1107,1,5917,0,466,4,2126,1,5028,5,2902,4,0.0681738015071348,0.1612313612313612,0.0930575597242263
2021-04-04,Los Angeles,037,10098052.0,5573323,39824,2854799,20813,2540127,12229,176624,6771,1454666,16261,3594317,23017,2139651,23463,0.1440541205373076,0.3559416212156562,0.2118875006783486
2021-04-04,Madera,039,155013.0,68785,189,32362,65,34225,121,2161,3,16431,83,43462,86,27031,106,0.1059975614948423,0.2803764845529085,0.1743789230580661
2021-04-04,Marin,041,260295.0,224979,1664,129430,1233,91151,228,4388,203,45385,1184,137196,1387,91811,479,0.1743598609270251,0.5270788912579958,0.3527190303309706
2021-04-04,Mariposa,043,17540.0,8256,2,1187,1,6758,0,293,1,2790,0,5638,1,2848,2,0.1590649942987457,0.321436716077537,0.1623717217787913
2021-04-04,Mendocino,045,87422.0,64969,74,32321,36,31314,32,1328,6,6598,51,36323,57,29725,23,0.0754729930681064,0.415490379995882,0.3400173869277756
2021-04-04,Merced,047,269075.0,115207,403,64687,156,45267,242,4685,3,31174,118,74072,122,42898,281,0.1158561739292018,0.2752838427947598,0.1594276688655579
2021-04-04,Modoc,049,8938.0,4273,0,432,0,3609,0,229,0,450,0,2474,0,2024,0,0.0503468337435667,0.2767957037368538,0.2264488699932871
2021-04-04,Mono,051,14174.0,11444,4,7110,2,4208,1,89,1,1675,1,6575,2,4900,3,0.1181741216311556,0.46387752222379,0.3457034005926344
2021-04-04,Monterey,053,433212.0,223557,818,92408,180,121822,616,8870,19,69943,497,150803,514,80860,315,0.1614521296732315,0.348104392306769,0.1866522626335374
2021-04-04,Napa,055,140530.0,104907,374,49582,153,53430,161,1887,60,21235,123,63947,183,42712,250,0.1511065252970896,0.4550416281221091,0.3039351028250195
2021-04-04,Nevada,057,99092.0,60374,152,30416,57,28670,87,1287,8,14034,79,37782,87,23748,70,0.1416259637508578,0.3812820409316594,0.2396560771808016
2021-04-04,Orange,059,3164182.0,1814572,18773,944878,10908,827554,7080,41266,784,513062,7894,1181980,8679,668918,10829,0.1621468044505657,0.3735499411854311,0.2114031367348654
2021-04-04,Placer,061,380077.0,234180,736,124172,365,106341,311,3658,60,47198,280,142317,339,95119,454,0.1241801003480873,0.3744425471680738,0.2502624468199865
2021-04-04,Plumas,063,18699.0,10559,5,925,1,9171,2,442,2,2575,0,6762,2,4187,5,0.1377078988181186,0.3616236162361623,0.2239157174180437
2021-04-04,Riverside,065,2383286.0,1099014,3540,563354,2108,508670,1141,26540,290,281135,1727,702249,2017,421114,1793,0.1179610839823672,0.2946557819749706,0.1766946979926034
2021-04-04,Sacramento,067,1510023.0,787692,3815,411982,1584,359722,2032,15929,199,189859,1460,495879,1653,306020,2351,0.1257325219549636,0.3283916867491422,0.2026591647941786
2021-04-04,San Benito,069,59416.0,29543,140,11390,104,16782,31,1294,5,8216,99,19416,104,11200,41,0.1382792513800996,0.3267806651407028,0.1885014137606032
2021-04-04,San Bernardino,071,2135413.0,851806,2536,458189,1531,372398,750,21105,255,215867,1262,543594,1516,327727,1267,0.1010891101627647,0.2545615297836999,0.1534724196209351
2021-04-04,San Diego,073,3302833.0,1948752,9185,938530,5330,971527,2906,38146,947,459535,4763,1226458,5762,766923,4329,0.1391335862273387,0.3713351537907003,0.2322015675633615
2021-04-04,San Francisco,075,870044.0,648747,9035,393608,4792,234034,2565,20983,1676,143045,3440,405880,5117,262835,5586,0.1644112251794162,0.4665051422686668,0.3020939170892506
2021-04-04,San Joaquin,077,732212.0,335731,2408,171655,1431,157212,765,6835,211,79923,1439,207479,1649,127556,950,0.1091528136659874,0.283359191053957,0.1742063773879696
2021-04-04,San Luis Obispo,079,281455.0,159202,402,77031,139,76904,222,5174,41,41626,229,102825,271,61199,171,0.1478957559823062,0.3653337123163561,0.2174379563340498
2021-04-04,San Mateo,081,765935.0,531674,5521,293691,2674,223786,1602,14010,1245,108632,1718,326557,2964,217925,3800,0.1418292674965891,0.4263508000026111,0.2845215325060221
2021-04-04,Santa Barbara,083,443738.0,238923,936,122469,452,107065,442,9175,41,69343,484,158400,525,89057,448,0.156270141389739,0.3569673996817942,0.2006972582920552
2021-04-04,Santa Clara,085,1922200.0,1113130,7888,592722,4205,484541,2492,34129,1183,262161,4014,702547,5189,440386,3844,0.136385911975861,0.3654911039433982,0.2291051919675372
2021-04-04,Santa Cruz,087,273765.0,176924,899,68873,466,104907,376,3121,57,37766,513,108720,570,70954,384,0.1379504319398024,0.3971289244424963,0.2591784925026939
2021-04-04,Shasta,089,179085.0,75569,287,31783,170,40863,96,2894,21,17825,209,48092,230,30267,77,0.0995337409609961,0.2685428707038557,0.1690091297428595
2021-04-04,Sierra,091,2930.0,2087,2,105,0,1978,2,4,0,297,2,1190,2,893,0,0.1013651877133105,0.4061433447098976,0.304778156996587
2021-04-04,Siskiyou,093,43540.0,21721,4,7644,0,13580,4,465,0,4334,2,13234,2,8900,2,0.0995406522737712,0.3039503904455673,0.204409738171796
2021-04-04,Solano,095,438530.0,254293,803,124618,301,125906,198,3743,304,63878,246,160745,548,96867,555,0.1456639226506738,0.3665541696121132,0.2208902469614393
2021-04-04,Sonoma,097,501317.0,351723,1105,172415,702,170766,300,8510,103,76452,649,217904,753,141452,454,0.1525023089183091,0.4346630974014446,0.2821607884831354
2021-04-04,Stanislaus,099,539301.0,244412,1327,122716,496,113926,801,7605,30,63615,521,154970,553,91355,789,0.1179582459517041,0.2873534445513729,0.1693951985996688
2021-04-04,Sutter,101,95872.0,46666,119,16271,24,28471,89,1923,6,9821,53,29114,59,19293,66,0.102438668224299,0.3036757343124165,0.2012370660881174
2021-04-04,Tehama,103,63373.0,22183,41,5290,9,16395,29,493,3,6149,27,14389,30,8240,14,0.0970287030754422,0.2270525302573651,0.1300238271819229
2021-04-04,Trinity,105,12862.0,5513,9,561,7,4680,2,270,0,1182,7,3480,7,2298,2,0.0918986160783704,0.2705644534287047,0.1786658373503343
2021-04-04,Tulare,107,460477.0,203916,1614,109086,1131,90373,475,4426,8,49851,336,128877,343,79026,1278,0.1082594787578967,0.2798771708467524,0.1716176920888557
2021-04-04,Tuolumne,109,53932.0,32307,40,8120,5,23893,32,290,3,5795,8,18935,11,13140,30,0.1074501223763257,0.3510902618111696,0.2436401394348439
2021-04-04,Ventura,111,848112.0,491904,1771,233401,997,245589,630,12670,143,120497,1164,311996,1307,191499,603,0.1420767540136208,0.3678712245552474,0.2257944705416265
2021-04-04,Yolo,113,214977.0,135422,421,62420,173,70030,182,2963,66,29756,150,83976,216,54220,269,0.1384148071654177,0.3906278346055624,0.2522130274401447
2021-04-04,Yuba,115,75493.0,25019,59,7541,14,16227,39,1243,6,6075,31,16139,37,10064,28,0.0804710370497926,0.2137814101969719,0.1333103731471792
2021-04-03,Alameda,001,1643700.0,1047861,20429,627552,9902,378145,5672,41826,4850,202942,10153,645142,14994,442200,10240,0.1234665693253026,0.392493764068869,0.2690271947435663
2021-04-03,Alpine,003,1148.0,1056,0,26,0,1028,0,2,0,313,0,681,0,368,0,0.2726480836236933,0.5932055749128919,0.3205574912891986
2021-04-03,Amador,005,37829.0,23573,92,5973,25,17178,48,422,19,5145,23,14221,42,9076,67,0.1360067672949324,0.3759285204472759,0.2399217531523434
2021-04-03,Butte,007,227075.0,108749,346,46233,54,59544,216,2966,76,25338,163,68423,240,43085,184,0.1115842783221402,0.3013233513156446,0.1897390729935043
2021-04-03,Calaveras,009,45235.0,25106,162,7688,43,17072,115,346,4,3825,42,14364,46,10539,117,0.0845584171548579,0.3175417265391843,0.2329833093843263
2021-04-03,Colusa,011,21464.0,9762,61,2189,9,7078,31,494,21,2575,12,6402,33,3827,48,0.1199683190458442,0.2982668654491241,0.1782985464032799
2021-04-03,Contra Costa,013,1133247.0,781119,10983,471715,6480,291516,2947,17731,1553,187698,6147,492653,7695,304955,4820,0.1656284993474503,0.4347269394933319,0.2690984401458817
2021-04-03,Del Norte,015,27424.0,10802,104,4396,80,6035,2,340,22,2449,3,6737,25,4288,101,0.089301341890315,0.2456607351225204,0.1563593932322053
2021-04-03,El Dorado,017,186661.0,108450,774,48417,306,57172,347,2849,121,22405,238,66719,359,44314,534,0.1200304294951811,0.3574340649626863,0.2374036354675052
2021-04-03,Fresno,019,978130.0,495633,6562,224771,3564,253856,2637,16834,360,123735,2102,317089,2457,193354,4435,0.1265015897682312,0.3241787901403699,0.1976772003721386
2021-04-03,Glenn,021,27897.0,12706,95,3976,4,8098,83,621,8,2892,83,8092,91,5200,12,0.1036670609742983,0.2900670322973796,0.1863999713230813
2021-04-03,Humboldt,023,135768.0,77392,1688,35844,1523,38731,151,2727,14,16109,671,48006,685,31897,1011,0.1186509339461434,0.3535884744564256,0.2349375405102822
2021-04-03,Imperial,025,180216.0,92152,1605,40558,481,43388,1037,8191,87,27631,723,63900,810,36269,880,0.1533215696719492,0.3545745105872952,0.201252940915346
2021-04-03,Inyo,027,18085.0,11387,76,4315,37,6844,26,119,13,2010,1,6697,14,4687,74,0.1111418302460602,0.3703068841581421,0.2591650539120818
2021-04-03,Kern,029,883053.0,343640,6057,158380,3710,170582,2168,14584,179,92906,2662,224990,2841,132084,3389,0.1052099930581743,0.2547865190424583,0.149576525984284
2021-04-03,Kings,031,150075.0,51571,494,18825,343,30511,143,2214,8,14800,173,34277,181,19477,318,0.0986173579876728,0.2283991337664501,0.1297817757787772
2021-04-03,Lake,033,64148.0,31907,38,10132,8,20770,28,1005,2,5980,13,19409,15,13429,25,0.0932219243000561,0.3025659412608343,0.2093440169607782
2021-04-03,Lassen,035,31185.0,7494,13,1106,1,5917,3,462,9,2125,1,5023,10,2898,12,0.0681417348084014,0.1610710277376944,0.0929292929292929
2021-04-03,Los Angeles,037,10098052.0,5533499,101412,2833986,46722,2527898,40706,169853,13957,1455112,49630,3571300,63529,2116188,51504,0.1440982874716826,0.3536622707033,0.2095639832316173
2021-04-03,Madera,039,155013.0,68596,983,32297,780,34104,179,2158,24,16451,397,43376,421,26925,587,0.1061265829317541,0.2798216923741879,0.1736951094424338
2021-04-03,Marin,041,260295.0,223315,3830,128197,2473,90923,977,4185,380,44477,1429,135809,1809,91332,2390,0.1708715111700186,0.5217503217503218,0.3508788105803031
2021-04-03,Mariposa,043,17540.0,8254,10,1186,7,6758,3,292,0,2791,5,5637,5,2846,4,0.1591220068415051,0.3213797035347776,0.1622576966932725
2021-04-03,Mendocino,045,87422.0,64895,713,32285,13,31282,675,1322,25,6564,64,36266,89,29702,644,0.0750840749468097,0.4148383702042964,0.3397542952574867
2021-04-03,Merced,047,269075.0,114804,1209,64531,676,45025,505,4682,22,31333,724,73950,746,42617,463,0.1164470872433336,0.2748304376103317,0.158383350366998
2021-04-03,Modoc,049,8938.0,4273,5,432,1,3609,1,229,3,450,0,2474,2,2024,4,0.0503468337435667,0.2767957037368538,0.2264488699932871
2021-04-03,Mono,051,14174.0,11440,783,7108,345,4207,436,88,1,1676,23,6573,24,4897,758,0.1182446733455623,0.4637364187949767,0.3454917454494144
2021-04-03,Monterey,053,433212.0,222739,6050,92228,1152,121206,3826,8851,1069,69744,1196,150289,2263,80545,4845,0.1609927702833716,0.3469179062445177,0.185925135961146
2021-04-03,Napa,055,140530.0,104533,637,49429,368,53269,213,1827,56,21302,207,63764,263,42462,430,0.1515832918238098,0.453739415071515,0.3021561232477051
2021-04-03,Nevada,057,99092.0,60222,325,30359,104,28583,180,1279,41,14017,102,37695,143,23678,223,0.1414544060065393,0.3804040689460299,0.2389496629394905
2021-04-03,Orange,059,3164182.0,1795799,31205,933970,16112,820474,13240,40482,1850,515212,14240,1173301,16088,658089,16893,0.1628262849608524,0.3708070521859994,0.2079807672251469
2021-04-03,Placer,061,380077.0,233444,1870,123807,993,106030,738,3598,138,47313,894,141978,1032,94665,971,0.1244826706167434,0.3735506226369919,0.2490679520202485
2021-04-03,Plumas,063,18699.0,10554,15,924,3,9169,5,440,5,2578,2,6760,7,4182,11,0.1378683352050911,0.3615166586448473,0.2236483234397561
2021-04-03,Riverside,065,2383286.0,1095474,9631,561246,6033,507529,2952,26250,641,280911,6088,700232,6724,419321,3519,0.1178670961017687,0.2938094714608318,0.175942375359063
2021-04-03,Sacramento,067,1510023.0,783877,10625,410398,6339,357690,3724,15730,562,190557,6426,494226,6987,303669,4187,0.1261947665697807,0.3272970014364019,0.2011022348666212
2021-04-03,San Benito,069,59416.0,29403,281,11286,96,16751,117,1289,67,8153,84,19312,150,11159,194,0.1372189309276962,0.3250302948700687,0.1878113639423724
2021-04-03,San Bernardino,071,2135413.0,849270,11314,456658,7020,371648,3129,20850,1163,215618,6099,542078,7259,326460,5199,0.1009725050844965,0.253851596857376,0.1528790917728795
2021-04-03,San Diego,073,3302833.0,1939567,31406,933200,14776,968621,11921,37199,4704,458102,19586,1220696,24468,762594,11596,0.1386997162738776,0.3695905908654782,0.2308908745916006
2021-04-03,San Francisco,075,870044.0,639712,10961,388816,5121,231469,3920,19307,1919,143514,4912,400763,6824,257249,6028,0.1649502783767257,0.4606238305189163,0.2956735521421905
2021-04-03,San Joaquin,077,732212.0,333323,4369,170224,2462,156447,1584,6624,323,79224,1973,205830,2294,126606,2348,0.1081981721140871,0.2811071110552681,0.1729089389411809
2021-04-03,San Luis Obispo,079,281455.0,158800,1150,76892,556,76682,459,5133,135,41526,498,102554,632,61028,651,0.1475404593984828,0.3643708585741948,0.2168303991757119
2021-04-03,San Mateo,081,765935.0,526153,10262,291017,5874,222184,2479,12765,1906,109468,5121,323593,7021,214125,5124,0.1429207439273567,0.4224810199298896,0.2795602760025328
2021-04-03,Santa Barbara,083,443738.0,237987,3833,122017,2103,106623,1657,9134,72,69266,2485,157875,2557,88609,1346,0.1560966155704492,0.3557842690957276,0.1996876535252784
2021-04-03,Santa Clara,085,1922200.0,1105242,15990,588517,9721,482049,3678,32946,2552,260816,8826,697358,11365,436542,7089,0.1356861929039642,0.3627915929663927,0.2271054000624284
2021-04-03,Santa Cruz,087,273765.0,176025,2125,68407,1166,104531,830,3064,129,37580,822,108150,949,70570,1301,0.1372710171132175,0.3950468467481234,0.2577758296349058
2021-04-03,Shasta,089,179085.0,75282,505,31613,361,40767,126,2873,18,17672,378,47862,396,30190,127,0.0986793980512047,0.2672585643688751,0.1685791663176704
2021-04-03,Sierra,091,2930.0,2085,0,105,0,1976,0,4,0,295,0,1188,0,893,0,0.1006825938566552,0.4054607508532423,0.304778156996587
2021-04-03,Siskiyou,093,43540.0,21717,33,7644,7,13576,17,465,9,4334,8,13232,17,8898,25,0.0995406522737712,0.3039044556729444,0.2043638033991731
2021-04-03,Solano,095,438530.0,253490,1575,124317,994,125708,421,3439,160,63885,591,160197,751,96312,982,0.1456798850705767,0.3653045401682895,0.2196246550977128
2021-04-03,Sonoma,097,501317.0,350618,3883,171713,1930,170466,1717,8407,236,76153,1696,217151,1930,140998,2173,0.1519058799123109,0.433161053784332,0.2812551738720211
2021-04-03,Stanislaus,099,539301.0,243085,4227,122220,2966,113125,1222,7575,38,63851,1894,154417,1933,90566,2299,0.1183958494421482,0.2863280431521544,0.1679321937100061
2021-04-03,Sutter,101,95872.0,46547,926,16247,83,28382,221,1917,622,9828,133,29055,750,19227,788,0.1025116822429906,0.3030603304405874,0.2005486481975968
2021-04-03,Tehama,103,63373.0,22142,78,5281,13,16366,58,490,7,6133,41,14359,48,8226,37,0.0967762296246035,0.2265791425370426,0.129802912912439
2021-04-03,Trinity,105,12862.0,5504,17,554,12,4678,5,270,0,1177,8,3473,8,2296,9,0.091509874047582,0.270020214585601,0.1785103405380189
2021-04-03,Tulare,107,460477.0,202302,3661,107955,2095,89898,1185,4418,380,50786,817,128534,1196,77748,2822,0.1102899819100628,0.2791322910807706,0.1688423091707077
2021-04-03,Tuolumne,109,53932.0,32267,443,8115,38,23861,404,287,1,5814,240,18924,241,13110,200,0.1078024178595268,0.3508863012682637,0.2430838834087369
2021-04-03,Ventura,111,848112.0,490133,8159,232404,4058,244959,2899,12527,1200,119793,3414,310689,4612,190896,4729,0.1412466749674571,0.3663301545078952,0.225083479540438
2021-04-03,Yolo,113,214977.0,135001,1815,62247,1094,69848,509,2897,211,29809,797,83760,1010,53951,1016,0.1386613451671574,0.3896230759569628,0.2509617307898054
2021-04-03,Yuba,115,75493.0,24960,651,7527,60,16188,119,1237,472,6066,88,16102,560,10036,563,0.0803518206986078,0.2132912985309896,0.1329394778323818
2021-04-02,Alameda,001,1643700.0,1027432,24440,617650,10064,372473,8501,36976,5869,198188,11728,630148,17581,431960,12661,0.1205743140475756,0.3833716614954067,0.2627973474478311
2021-04-02,Alpine,003,1148.0,1056,96,26,0,1028,96,2,0,313,35,681,35,368,61,0.2726480836236933,0.5932055749128919,0.3205574912891986
2021-04-02,Amador,005,37829.0,23481,625,5948,43,17130,569,403,13,5170,377,14179,390,9009,240,0.1366676359406804,0.3748182611224193,0.2381506251817388
2021-04-02,Butte,007,227075.0,108403,1016,46179,415,59328,478,2890,123,25282,559,68183,681,42901,454,0.1113376637674777,0.3002664317956622,0.1889287680281845
2021-04-02,Calaveras,009,45235.0,24944,417,7645,234,16957,173,342,10,3896,106,14318,118,10422,308,0.0861279982314579,0.3165248148557533,0.2303968166242953
2021-04-02,Colusa,011,21464.0,9701,84,2180,16,7047,54,473,14,2590,35,6369,49,3779,49,0.1206671636228102,0.2967294073797987,0.1760622437569884
2021-04-02,Contra Costa,013,1133247.0,770136,17840,465235,12972,288569,3781,16178,1086,184823,11567,484958,12649,300135,6257,0.1630915413850643,0.4279367163557459,0.2648451749706816
2021-04-02,Del Norte,015,27424.0,10698,233,4316,83,6033,102,318,48,2525,52,6712,100,4187,181,0.0920726371061843,0.2447491248541423,0.152676487747958
2021-04-02,El Dorado,017,186661.0,107676,1931,48111,589,56825,1243,2728,99,22580,724,66360,824,43780,1203,0.1209679579558665,0.3555107922919088,0.2345428343360423
2021-04-02,Fresno,019,978130.0,489071,12374,221207,4697,251219,6856,16474,819,125713,4084,314632,4896,188919,8174,0.1285238158526985,0.3216668540991483,0.1931430382464498
2021-04-02,Glenn,021,27897.0,12611,172,3972,28,8015,134,613,10,2813,135,8001,145,5188,37,0.1008352152561207,0.2868050327992257,0.185969817543105
2021-04-02,Humboldt,023,135768.0,75704,1758,34321,1116,38580,531,2713,109,16435,616,47321,726,30886,1134,0.1210520888574627,0.3485431029403099,0.2274910140828472
2021-04-02,Imperial,025,180216.0,90547,2349,40077,550,42351,1659,8104,139,27701,1490,63090,1629,35389,849,0.1537099924535002,0.3500799041150619,0.1963699116615616
2021-04-02,Inyo,027,18085.0,11311,83,4278,2,6818,79,106,1,2070,50,6683,51,4613,32,0.1144594968205695,0.3695327619574233,0.2550732651368537
2021-04-02,Kern,029,883053.0,337583,8525,154670,4513,168414,3409,14405,603,93454,4178,222149,4774,128695,4320,0.1058305673611889,0.251569271606574,0.145738704245385
2021-04-02,Kings,031,150075.0,51077,1186,18482,467,30368,583,2206,136,14937,398,34096,533,19159,781,0.0995302348825587,0.2271930701316008,0.1276628352490421
2021-04-02,Lake,033,64148.0,31869,226,10124,41,20742,157,1003,28,5990,97,19394,125,13404,128,0.0933778138055746,0.3023321070025566,0.2089542931969819
2021-04-02,Lassen,035,31185.0,7481,26,1105,4,5914,3,453,19,2127,1,5013,20,2886,25,0.0682058682058682,0.1607503607503607,0.0925444925444925
2021-04-02,Los Angeles,037,10098052.0,5432087,137293,2787264,61511,2487192,59820,155896,15925,1443087,71897,3507771,87784,2064684,64976,0.1429074637365701,0.347371057308875,0.2044635935723048
2021-04-02,Madera,039,155013.0,67613,1628,31517,469,33925,1098,2134,60,16617,483,42955,541,26338,1136,0.1071974608581215,0.2771057911271958,0.1699083302690742
2021-04-02,Marin,041,260295.0,219485,3801,125724,1869,89946,1539,3805,392,45058,1955,134000,2346,88942,1841,0.1731035939991164,0.5148005148005148,0.3416969208013984
2021-04-02,Mariposa,043,17540.0,8244,362,1179,17,6755,341,292,4,2790,301,5632,305,2842,59,0.1590649942987457,0.3210946408209806,0.1620296465222349
2021-04-02,Mendocino,045,87422.0,64182,1332,32272,1098,30607,157,1297,77,7119,158,36177,235,29058,1171,0.0814325913385646,0.4138203198279609,0.3323877284893962
2021-04-02,Merced,047,269075.0,113595,2627,63855,803,44520,1370,4660,447,31050,787,73204,1218,42154,1769,0.1153953358728979,0.2720579764006318,0.1566626405277339
2021-04-02,Modoc,049,8938.0,4268,3,431,0,3608,0,226,3,452,0,2472,3,2020,3,0.0505705974490937,0.2765719400313269,0.2260013425822331
2021-04-02,Mono,051,14174.0,10657,25,6763,7,3771,17,87,1,2410,11,6549,12,4139,14,0.1700296317200507,0.4620431776492169,0.292013545929166
2021-04-02,Monterey,053,433212.0,216689,4920,91076,2255,117380,2577,7782,78,72326,3201,148026,3281,75700,1697,0.1669529006583381,0.3416941358965125,0.1747412352381744
2021-04-02,Napa,055,140530.0,103896,1904,49061,849,53056,911,1771,144,21469,469,63501,612,42032,1432,0.1527716501814559,0.4518679285561802,0.2990962783747242
2021-04-02,Nevada,057,99092.0,59897,1354,30255,665,28403,649,1238,40,14097,820,37552,860,23455,531,0.1422617365680377,0.3789609655673515,0.2366992289993137
2021-04-02,Orange,059,3164182.0,1764594,41281,917858,20828,807234,18518,38632,1933,516017,22117,1157213,24043,641196,19060,0.1630806951054016,0.365722641744375,0.2026419466389733
2021-04-02,Placer,061,380077.0,231574,2908,122814,1518,105292,1319,3460,71,47252,1597,140946,1669,93694,1309,0.124322176822065,0.3708353833565304,0.2465132065344653
2021-04-02,Plumas,063,18699.0,10539,375,921,6,9164,365,435,4,2582,28,6753,32,4171,340,0.1380822503877212,0.3611423070752446,0.2230600566875234
2021-04-02,Riverside,065,2383286.0,1085843,26910,555213,14557,504577,11313,25609,1024,277706,16608,693508,17657,415802,10227,0.1165223141494558,0.2909881566878671,0.1744658425384112
2021-04-02,Sacramento,067,1510023.0,773252,17424,404059,9848,353966,6803,15168,772,187757,9010,487239,9784,299482,8397,0.1243404901779641,0.3226699195972511,0.198329429419287
2021-04-02,San Benito,069,59416.0,29122,615,11190,275,16634,203,1222,136,8197,280,19162,416,10965,332,0.1379594721960414,0.3225057223643463,0.1845462501683048
2021-04-02,San Bernardino,071,2135413.0,837956,19248,449638,9671,368519,8267,19687,1309,213558,11477,534819,12788,321261,7748,0.1000078205012332,0.2504522544350905,0.1504444339338572
2021-04-02,San Diego,073,3302833.0,1908161,36691,918424,21330,956700,12451,32495,2901,445230,24333,1196228,27433,750998,12106,0.1348024559522083,0.3621824052260589,0.2273799492738506
2021-04-02,San Francisco,075,870044.0,628751,15189,383695,6757,227549,6525,17388,1904,142718,6796,393939,8697,251221,8371,0.1640353821186055,0.4527805490297042,0.2887451669110987
2021-04-02,San Joaquin,077,732212.0,328954,6848,167762,3039,154863,3306,6301,503,79278,2596,203536,3102,124258,4168,0.108271921246852,0.2779741386374438,0.1697022173905918
2021-04-02,San Luis Obispo,079,281455.0,157650,1806,76336,704,76223,783,4998,319,41545,960,101922,1280,60377,845,0.1476079657494093,0.3621253841644312,0.2145174184150219
2021-04-02,San Mateo,081,765935.0,515891,11179,285143,5287,219705,4150,10859,1740,107571,5711,316572,7447,209001,5459,0.1404440324570622,0.413314445742785,0.2728704132857227
2021-04-02,Santa Barbara,083,443738.0,234154,6619,119914,4480,104966,1543,9062,594,68055,3287,155318,3882,87263,3323,0.1533675276852557,0.3500218597460663,0.1966543320608106
2021-04-02,Santa Clara,085,1922200.0,1089252,26385,578796,14838,478371,9240,30394,2273,256540,16467,685993,18739,429453,9828,0.1334616585162834,0.3568790968681719,0.2234174383518884
2021-04-02,Santa Cruz,087,273765.0,173900,3162,67241,1346,103701,1636,2935,180,37932,1741,107201,1922,69269,1413,0.1385567914086899,0.3915803700253867,0.2530235786166968
2021-04-02,Shasta,089,179085.0,74777,727,31252,182,40641,491,2855,53,17403,378,47466,431,30063,348,0.0971773180333361,0.2650473238964737,0.1678700058631376
2021-04-02,Sierra,091,2930.0,2085,6,105,2,1976,4,4,0,295,5,1188,5,893,1,0.1006825938566552,0.4054607508532423,0.304778156996587
2021-04-02,Siskiyou,093,43540.0,21684,366,7637,195,13559,149,456,5,4342,64,13215,69,8873,284,0.0997243913642627,0.30351401010565,0.2037896187413872
2021-04-02,Solano,095,438530.0,251915,6750,123323,2288,125287,4292,3279,170,64116,2516,159446,2683,95330,4223,0.1462066449273709,0.3635920005472829,0.2173853556199119
2021-04-02,Sonoma,097,501317.0,346735,6113,169783,3614,168749,2370,8171,128,76396,3588,215221,3714,138825,2511,0.1523906031512995,0.4293111943141764,0.276920591162877
2021-04-02,Stanislaus,099,539301.0,238858,5007,119254,1263,111903,3565,7537,178,64217,2070,152484,2246,88267,2820,0.1190745057027522,0.2827437738850846,0.1636692681823323
2021-04-02,Sutter,101,95872.0,45621,522,16164,100,28161,310,1295,112,9866,207,28305,317,18439,313,0.102908044058745,0.2952373998664886,0.1923293558077436
2021-04-02,Tehama,103,63373.0,22064,508,5268,250,16308,250,483,8,6122,309,14311,317,8189,199,0.0966026541271519,0.2258217221845265,0.1292190680573746
2021-04-02,Trinity,105,12862.0,5487,264,542,7,4673,180,270,77,1178,85,3465,163,2287,179,0.0915876224537396,0.2693982273363396,0.1778106048825999
2021-04-02,Tulare,107,460477.0,198641,5435,105860,3071,88713,2226,4038,138,52412,1539,127338,1676,74926,3878,0.1138211028998191,0.2765349843748982,0.1627138814750791
2021-04-02,Tuolumne,109,53932.0,31824,180,8077,12,23457,141,286,26,5773,86,18683,112,12910,87,0.1070422012905139,0.3464177111918712,0.2393755099013572
2021-04-02,Ventura,111,848112.0,481974,12041,228346,4737,242060,5911,11327,1388,119910,5685,306077,7068,186167,6315,0.1413846284452996,0.3608921934838794,0.2195075650385798
2021-04-02,Yolo,113,214977.0,133186,3439,61153,1538,69339,1744,2686,157,29815,2031,82750,2188,52935,1403,0.1386892551296185,0.3849248989426775,0.246235643813059
2021-04-02,Yuba,115,75493.0,24309,542,7467,109,16069,349,765,84,6069,210,15542,294,9473,331,0.0803915594823361,0.2058733922350416,0.1254818327527055
2021-04-01,Alameda,001,1643700.0,1002992,23848,607586,10291,363972,7824,31107,5724,193268,11110,612567,16802,419299,12678,0.1175810671047028,0.3726756707428363,0.2550946036381334
2021-04-01,Alpine,003,1148.0,960,17,26,0,932,17,2,0,339,8,646,8,307,9,0.2952961672473868,0.5627177700348432,0.2674216027874564
2021-04-01,Amador,005,37829.0,22856,634,5905,97,16561,537,390,0,5020,233,13789,234,8769,392,0.1327024240661926,0.364508710248751,0.2318062861825583
2021-04-01,Butte,007,227075.0,107387,3410,45764,2741,58850,532,2767,136,25055,2278,67502,2410,42447,1116,0.1103379940548277,0.2972674226577122,0.1869294286028845
2021-04-01,Calaveras,009,45235.0,24527,722,7411,454,16784,264,332,4,4086,153,14200,158,10114,558,0.0903282856195423,0.3139162153199956,0.2235879297004532
2021-04-01,Colusa,011,21464.0,9617,447,2164,82,6993,309,459,56,2590,321,6320,377,3730,126,0.1206671636228102,0.2944465150950429,0.1737793514722325
2021-04-01,Contra Costa,013,1133247.0,752296,17859,452263,12368,284788,4073,15092,1416,178431,11323,472309,12736,293878,6507,0.1574511117170396,0.4167749837414085,0.2593238720243689
2021-04-01,Del Norte,015,27424.0,10465,171,4233,61,5931,74,270,36,2606,73,6612,109,4006,96,0.0950262543757292,0.2411026837806301,0.1460764294049008
2021-04-01,El Dorado,017,186661.0,105745,3228,47522,1750,55582,1396,2629,82,22959,1495,65536,1577,42577,1728,0.1229983767364366,0.351096372568453,0.2280979958320163
2021-04-01,Fresno,019,978130.0,476697,12377,216510,4238,244363,7233,15655,900,128991,3905,309736,4750,180745,8392,0.1318751086256428,0.3166613844785458,0.184786275852903
2021-04-01,Glenn,021,27897.0,12439,682,3944,209,7881,464,603,9,2705,258,7856,267,5151,423,0.0969638312363336,0.2816073412911782,0.1846435100548446
2021-04-01,Humboldt,023,135768.0,73946,2137,33205,727,38049,1314,2604,96,16843,1477,46595,1572,29752,653,0.1240572152495433,0.3431957456838135,0.2191385304342702
2021-04-01,Imperial,025,180216.0,88198,2667,39527,507,40692,1831,7965,328,26921,1002,61461,1327,34540,1649,0.1493818528876459,0.3410407510986816,0.1916588982110356
2021-04-01,Inyo,027,18085.0,11228,196,4276,5,6739,186,105,1,2051,118,6632,119,4581,73,0.1134089024053082,0.3667127453690904,0.2533038429637821
2021-04-01,Kern,029,883053.0,329058,8063,150157,3951,165005,3790,13802,319,93000,4229,217375,4544,124375,3780,0.1053164419349688,0.2461630275872456,0.1408465856522768
2021-04-01,Kings,031,150075.0,49891,972,18015,512,29785,364,2070,95,15185,367,33563,462,18378,600,0.1011827419623521,0.2236415125770448,0.1224587706146926
2021-04-01,Lake,033,64148.0,31643,455,10083,240,20585,205,975,10,5993,178,19269,188,13276,273,0.0934245806572301,0.3003834881835754,0.2069589075263453
2021-04-01,Lassen,035,31185.0,7455,147,1101,8,5911,119,434,20,2132,43,4993,63,2861,103,0.068366201699535,0.1601090267756934,0.0917428250761584
2021-04-01,Los Angeles,037,10098052.0,5294794,138879,2725753,65405,2427372,57566,139971,15849,1420279,72983,3419987,88751,1999708,65338,0.1406488102853897,0.3386778954990527,0.198029085213663
2021-04-01,Madera,039,155013.0,65985,1433,31048,639,32827,742,2074,50,17212,488,42414,535,25202,938,0.1110358486062459,0.2736157612587331,0.1625799126524872
2021-04-01,Marin,041,260295.0,215684,4524,123855,2313,88407,1951,3413,260,44553,2133,131654,2392,87101,2379,0.171163487581398,0.5057876639966192,0.3346241764152212
2021-04-01,Mariposa,043,17540.0,7882,60,1162,14,6414,37,288,9,2544,35,5327,44,2783,23,0.1450399087799316,0.3037058152793614,0.1586659064994298
2021-04-01,Mendocino,045,87422.0,62850,1729,31174,419,30450,1230,1220,80,8055,361,35942,439,27887,1360,0.0921392784424973,0.4111322092837043,0.318992930841207
2021-04-01,Merced,047,269075.0,110968,2779,63052,1170,43150,1234,4213,362,31601,1075,71986,1433,40385,1639,0.1174430920747003,0.2675313574282263,0.1500882653535259
2021-04-01,Modoc,049,8938.0,4265,166,431,4,3608,157,223,5,452,32,2469,37,2017,134,0.0505705974490937,0.2762362944730365,0.2256656970239427
2021-04-01,Mono,051,14174.0,10632,11,6756,1,3754,10,86,0,2412,8,6537,8,4125,3,0.1701707351488641,0.4611965570763369,0.2910258219274728
2021-04-01,Monterey,053,433212.0,211769,6348,88821,2135,114803,3798,7704,411,70742,3117,144745,3523,74003,3215,0.1632964922485988,0.33412047681043,0.1708239845618311
2021-04-01,Napa,055,140530.0,101992,1790,48212,855,52145,818,1627,117,22289,489,62889,605,40600,1297,0.1586067031950473,0.4475129865509143,0.2889062833558671
2021-04-01,Nevada,057,99092.0,58543,1311,29590,752,27754,503,1198,56,13768,590,36692,646,22924,714,0.1389415896338756,0.3702821620312437,0.2313405723973681
2021-04-01,Orange,059,3164182.0,1723313,42176,897030,22083,788716,18030,36699,2046,511034,26237,1133170,28270,622136,15773,0.1615058805087697,0.3581241534146898,0.19661827290592
2021-04-01,Placer,061,380077.0,228666,3067,121296,1490,103973,1517,3389,60,46892,1672,139277,1731,92385,1390,0.1233750003288807,0.3664441678922955,0.2430691675634148
2021-04-01,Plumas,063,18699.0,10164,324,915,17,8799,303,431,4,2890,71,6721,74,3831,252,0.154553719450238,0.3594309856142039,0.2048772661639659
2021-04-01,Riverside,065,2383286.0,1058933,26001,540656,12701,493264,12456,24585,830,270276,16383,675851,17211,405575,9521,0.1134047697171048,0.2835794780819423,0.1701747083648374
2021-04-01,Sacramento,067,1510023.0,755828,17800,394211,10630,347163,6891,14396,277,186370,7333,477455,7613,291085,10426,0.1234219611224464,0.3161905480909893,0.1927685869685428
2021-04-01,San Benito,069,59416.0,28507,1023,10915,406,16431,558,1086,39,8113,585,18746,619,10633,407,0.1365457115928369,0.3155042412818096,0.1789585296889726
2021-04-01,San Bernardino,071,2135413.0,818708,20156,439967,10604,360252,8098,18378,1447,208518,12763,522031,14200,313513,7341,0.0976476213266473,0.2444637173230658,0.1468160959964184
2021-04-01,San Diego,073,3302833.0,1871470,36209,897094,21197,944249,13376,29594,1624,429903,23910,1168795,25775,738892,11809,0.1301618943494872,0.3538765054121719,0.2237146110626846
2021-04-01,San Francisco,075,870044.0,613562,14492,376938,7690,221024,5034,15484,1765,142392,5856,385242,7617,242850,8603,0.1636606884249532,0.4427845028527293,0.279123814427776
2021-04-01,San Joaquin,077,732212.0,322106,6930,164723,3151,151557,3677,5798,99,80344,2984,200434,3082,120090,3857,0.1097277837566169,0.2737376606775087,0.1640098769208917
2021-04-01,San Luis Obispo,079,281455.0,155844,4050,75632,2535,75440,1388,4679,127,41110,2760,100642,2886,59532,1266,0.1460624256097777,0.3575775878914924,0.2115151622817146
2021-04-01,San Mateo,081,765935.0,504712,10924,279856,5433,215555,4261,9119,1227,105583,5796,309125,7022,203542,5089,0.1378485119494474,0.4035916885897628,0.2657431766403154
2021-04-01,Santa Barbara,083,443738.0,227535,7114,115434,5159,103423,1668,8468,280,67496,4158,151436,4434,83940,2929,0.1521077753088534,0.3412734541553799,0.1891656788465265
2021-04-01,Santa Clara,085,1922200.0,1062867,32723,563958,20210,469131,9293,28121,3170,247629,19997,667254,23155,419625,12603,0.1288258245760066,0.3471303714493809,0.2183045468733742
2021-04-01,Santa Cruz,087,273765.0,170738,3859,65895,2062,102065,1641,2755,155,37423,1893,105279,2048,67856,1944,0.1366975325552937,0.3845597501506766,0.2478622175953829
2021-04-01,Shasta,089,179085.0,74050,868,31070,227,40150,625,2802,14,17320,537,47035,551,29715,329,0.0967138509646257,0.2626406455035318,0.1659267945389061
2021-04-01,Sierra,091,2930.0,2079,59,103,1,1972,58,4,0,291,6,1183,6,892,49,0.0993174061433447,0.4037542662116041,0.3044368600682594
2021-04-01,Siskiyou,093,43540.0,21318,807,7442,655,13410,152,451,0,4557,199,13146,199,8589,608,0.1046623794212218,0.3019292604501608,0.1972668810289389
2021-04-01,Solano,095,438530.0,245165,5672,121035,2150,120995,3359,3109,163,65656,3573,156763,3737,91107,2094,0.1497183773059996,0.3574738330330878,0.2077554557270882
2021-04-01,Sonoma,097,501317.0,340622,7111,166169,4098,166379,2624,8043,389,75193,3763,211507,4146,136314,3323,0.1499909239064304,0.4219027082664262,0.2719117843599957
2021-04-01,Stanislaus,099,539301.0,233851,5609,117991,3480,108338,1998,7359,128,64791,2424,150238,2557,85447,3121,0.120138846395612,0.2785791237175529,0.1584402773219408
2021-04-01,Sutter,101,95872.0,45099,1383,16064,739,27851,461,1183,183,9862,399,27988,582,18126,980,0.1028663217623498,0.2919309078771696,0.1890645861148197
2021-04-01,Tehama,103,63373.0,21556,574,5018,273,16058,297,475,4,6004,423,13994,427,7990,150,0.0947406624272166,0.2208195919397851,0.1260789295125684
2021-04-01,Trinity,105,12862.0,5223,45,535,13,4493,21,193,11,1194,22,3302,33,2108,23,0.0928315969522624,0.2567252371326388,0.1638936401803763
2021-04-01,Tulare,107,460477.0,193206,4616,102789,2477,86487,2058,3900,80,54614,1559,125662,1640,71048,3046,0.1186031006977547,0.2728952803288764,0.1542921796311216
2021-04-01,Tuolumne,109,53932.0,31644,1264,8065,36,23316,1228,260,0,5748,222,18571,222,12823,1021,0.1065786546020915,0.3443410220277386,0.2377623674256471
2021-04-01,Ventura,111,848112.0,469933,11193,223609,5351,236149,4895,9939,939,119157,5540,299009,6471,179852,5597,0.1404967740109796,0.3525583885147245,0.2120616145037447
2021-04-01,Yolo,113,214977.0,129747,3880,59615,1898,67595,1486,2529,496,29030,1553,80562,2047,51532,2321,0.1350377017076245,0.3747470659651963,0.2397093642575717
2021-04-01,Yuba,115,75493.0,23767,642,7358,296,15720,317,681,29,6106,289,15248,318,9142,352,0.0808816711483183,0.2019789914296689,0.1210973202813505
2021-03-31,Alameda,001,1643700.0,979144,19767,597295,10445,356148,7156,25383,2164,189144,9156,595765,11309,406621,10586,0.1150720934477094,0.3624536107562207,0.2473815173085113
2021-03-31,Alpine,003,1148.0,943,0,26,0,915,0,2,0,340,0,638,0,298,0,0.2961672473867596,0.5557491289198606,0.259581881533101
2021-03-31,Amador,005,37829.0,22222,210,5808,65,16024,140,390,5,5178,45,13555,50,8377,161,0.1368791139073197,0.3583229797245499,0.2214438658172301
2021-03-31,Butte,007,227075.0,103977,1811,43023,1314,58318,425,2631,72,23761,1055,65092,1127,41331,754,0.1046394363095893,0.2866541891445557,0.1820147528349664
2021-03-31,Calaveras,009,45235.0,23805,331,6957,144,16520,179,328,8,4486,144,14042,152,9556,182,0.0991709959102464,0.3104233447551675,0.2112523488449209
2021-03-31,Colusa,011,21464.0,9170,232,2082,38,6684,194,403,0,2339,65,5943,65,3604,167,0.1089731643682445,0.2768822213939619,0.1679090570257174
2021-03-31,Contra Costa,013,1133247.0,734437,18499,439895,12914,280715,4148,13676,1436,172202,11452,459573,12886,287371,7016,0.1519545165352301,0.4055364805730789,0.2535819640378488
2021-03-31,Del Norte,015,27424.0,10294,359,4172,104,5857,237,234,16,2593,193,6503,209,3910,164,0.0945522170361727,0.2371280630105017,0.142575845974329
2021-03-31,El Dorado,017,186661.0,102517,1617,45772,622,54186,925,2547,70,23110,661,63959,729,40849,954,0.1238073298653709,0.342647901811305,0.218840571945934
2021-03-31,Fresno,019,978130.0,464320,9924,212272,3478,237130,5409,14755,1033,132633,3633,304986,4663,172353,6256,0.1355985400713606,0.3118051792706491,0.1762066391992884
2021-03-31,Glenn,021,27897.0,11757,132,3735,38,7417,94,594,0,2861,41,7589,41,4728,90,0.1025558303760261,0.2720364196867046,0.1694805893106785
2021-03-31,Humboldt,023,135768.0,71809,1918,32478,553,36735,1267,2508,97,15924,1420,45023,1517,29099,493,0.117288315361499,0.3316171704672677,0.2143288551057686
2021-03-31,Imperial,025,180216.0,85531,1801,39020,802,38861,942,7637,57,27243,1161,60134,1217,32891,639,0.1511685976827806,0.3336773649398499,0.1825087672570693
2021-03-31,Inyo,027,18085.0,11032,150,4271,1,6553,141,104,8,2005,104,6513,110,4508,44,0.1108653580315178,0.3601327066629803,0.2492673486314625
2021-03-31,Kern,029,883053.0,320995,8592,146206,4645,161215,3281,13483,663,92236,4324,212831,4981,120595,4235,0.1044512617022987,0.2410172435856058,0.1365659818833071
2021-03-31,Kings,031,150075.0,48919,967,17503,492,29421,401,1975,74,15323,432,33101,505,17778,531,0.1021022821922372,0.2205630518074296,0.1184607696151924
2021-03-31,Lake,033,64148.0,31188,622,9843,63,20380,557,965,2,6078,434,19081,436,13003,180,0.0947496414541373,0.2974527654798279,0.2027031240256906
2021-03-31,Lassen,035,31185.0,7308,129,1093,3,5792,106,414,20,2172,50,4930,70,2758,79,0.0696488696488696,0.1580888247554914,0.0884399551066217
2021-03-31,Los Angeles,037,10098052.0,5155915,126518,2660348,63996,2369806,53491,124122,9005,1396866,69297,3331236,78263,1934370,56866,0.1383302442887004,0.3298889726454171,0.1915587283567167
2021-03-31,Madera,039,155013.0,64552,1423,30409,546,32085,747,2024,129,17615,419,41879,549,24264,999,0.1136356305600175,0.270164437821344,0.1565288072613264
2021-03-31,Marin,041,260295.0,211160,5884,121542,4155,86456,1675,3153,54,44540,2495,129262,2549,84722,3388,0.1711135442478726,0.4965980906279413,0.3254845463800688
2021-03-31,Mariposa,043,17540.0,7822,96,1148,14,6377,71,279,11,2523,72,5283,83,2760,24,0.143842645381984,0.3011972633979475,0.1573546180159635
2021-03-31,Mendocino,045,87422.0,61121,935,30755,299,29220,577,1140,59,8976,156,35503,215,26527,776,0.1026743840223284,0.4061105900116675,0.303436205989339
2021-03-31,Merced,047,269075.0,108189,2573,61882,1633,41916,750,3851,180,31807,1039,70553,1217,38746,1477,0.118208677877915,0.2622057047291647,0.1439970268512496
2021-03-31,Modoc,049,8938.0,4099,10,427,2,3451,4,218,4,549,4,2432,8,1883,6,0.0614231371671514,0.2720966659207876,0.2106735287536361
2021-03-31,Mono,051,14174.0,10621,137,6755,11,3744,125,86,1,2407,31,6529,32,4122,106,0.1698179765768308,0.4606321433610836,0.2908141667842528
2021-03-31,Monterey,053,433212.0,205421,5612,86686,2477,111005,2316,7293,809,70434,3416,141222,4220,70788,2177,0.162585523946705,0.3259881997728595,0.1634026758261544
2021-03-31,Napa,055,140530.0,100202,2033,47357,997,51327,967,1510,69,22981,811,62284,882,39303,1220,0.1635309186650537,0.4432078559738134,0.2796769373087597
2021-03-31,Nevada,057,99092.0,57232,1245,28838,684,27251,544,1142,17,13836,697,36046,712,22210,543,0.1396278206111492,0.363762967747144,0.2241351471359948
2021-03-31,Orange,059,3164182.0,1681137,38199,874947,19919,770686,17487,34653,785,498537,23703,1104900,24486,606363,14401,0.1575563605380474,0.3491897747980362,0.1916334142599888
2021-03-31,Placer,061,380077.0,225599,4168,119806,1869,102456,2211,3329,88,46551,1666,137546,1753,90995,2497,0.12247781370617,0.3618898275875677,0.2394120138813977
2021-03-31,Plumas,063,18699.0,9840,307,898,4,8496,300,427,3,3068,286,6647,288,3579,20,0.1640729450772768,0.3554735547355473,0.1914006096582705
2021-03-31,Riverside,065,2383286.0,1032932,18652,527955,8679,480808,9620,23755,340,262586,11475,658640,11821,396054,7118,0.1101781322090592,0.2763579360597091,0.1661798038506499
2021-03-31,Sacramento,067,1510023.0,738028,13673,383581,7974,340272,5290,14119,409,189183,5501,469842,5912,280659,8154,0.1252848466546536,0.3111489030299538,0.1858640563753002
2021-03-31,San Benito,069,59416.0,27484,645,10509,395,15873,223,1047,25,7901,359,18127,384,10226,282,0.1329776491180826,0.305086172074862,0.1721085229567793
2021-03-31,San Bernardino,071,2135413.0,798552,16968,429363,9515,352154,6796,16931,657,201659,10954,507831,11610,306172,5973,0.0944355962991702,0.2378139498073674,0.1433783535081972
2021-03-31,San Diego,073,3302833.0,1835261,31129,875897,19337,930873,11034,27970,750,415937,20721,1143020,21673,727083,10170,0.1259334032329215,0.3460725988870766,0.220139195654155
2021-03-31,San Francisco,075,870044.0,599070,12724,369248,8388,215990,4010,13719,324,143378,4911,377625,5230,234247,7791,0.1647939644431776,0.4340297732068723,0.2692358087636947
2021-03-31,San Joaquin,077,732212.0,315176,7085,161572,4302,147880,2711,5699,72,81119,3407,197352,3480,116233,3591,0.1107862203842603,0.2695284972111902,0.1587422768269299
2021-03-31,San Luis Obispo,079,281455.0,151794,3950,73097,2496,74052,1302,4552,149,39490,2483,97756,2631,58266,1453,0.1403066209518395,0.3473237284823506,0.207017107530511
2021-03-31,San Mateo,081,765935.0,493788,7499,274423,4693,211294,2648,7892,155,103650,3875,302103,4031,198453,3613,0.1353247991017514,0.3944238088088415,0.25909900970709
2021-03-31,Santa Barbara,083,443738.0,220421,8569,110275,5416,101755,3073,8188,72,65991,4818,147002,4890,81011,3734,0.1487161342954626,0.3312810712627722,0.1825649369673095
2021-03-31,Santa Clara,085,1922200.0,1030144,21393,543748,12325,459838,7855,24951,1190,237077,12713,644099,13897,407022,8611,0.123336281344293,0.3350842784309645,0.2117479970866715
2021-03-31,Santa Cruz,087,273765.0,166879,4186,63833,2893,100424,1243,2600,48,37319,2262,103231,2310,65912,1911,0.1363176446952678,0.3770788815224736,0.2407612368272058
2021-03-31,Shasta,089,179085.0,73182,635,30843,216,39525,410,2788,9,17098,378,46484,387,29386,257,0.0954742161543401,0.2595638942401653,0.1640896780858251
2021-03-31,Sierra,091,2930.0,2020,8,102,0,1914,8,4,0,334,8,1177,8,843,0,0.1139931740614334,0.4017064846416382,0.2877133105802048
2021-03-31,Siskiyou,093,43540.0,20511,176,6787,8,13258,166,451,2,4966,45,12947,47,7981,129,0.1140560404225999,0.2973587505741846,0.1833027101515847
2021-03-31,Solano,095,438530.0,239493,3234,118885,2199,117636,871,2946,163,64013,1866,153026,2023,89013,1356,0.1459717693202289,0.3489521811506624,0.2029804118304335
2021-03-31,Sonoma,097,501317.0,333511,5949,162071,3499,163755,2225,7654,225,74370,3402,207361,3627,132991,2537,0.1483492480805558,0.4136324920160297,0.265283243935474
2021-03-31,Stanislaus,099,539301.0,228242,5302,114511,3529,106340,1655,7231,118,65355,2670,147681,2789,82326,2594,0.1211846445676904,0.2738378011537156,0.1526531565860252
2021-03-31,Sutter,101,95872.0,43716,1244,15325,179,27390,1048,1000,17,10260,405,27406,421,17146,828,0.1070176902536715,0.2858603137516688,0.1788426234979973
2021-03-31,Tehama,103,63373.0,20982,433,4745,320,15761,109,471,4,5727,347,13567,351,7840,85,0.0903697158095719,0.2140817067205276,0.1237119909109557
2021-03-31,Trinity,105,12862.0,5178,58,522,6,4472,19,182,33,1184,21,3269,53,2085,37,0.0920541128906857,0.2541595397294355,0.1621054268387498
2021-03-31,Tulare,107,460477.0,188590,4039,100312,2376,84429,1544,3820,119,56020,1559,124022,1676,68002,2469,0.1216564562399424,0.2693337560833657,0.1476772998434232
2021-03-31,Tuolumne,109,53932.0,30380,92,8029,13,22088,78,260,1,6547,41,18349,42,11802,48,0.1213936067640732,0.3402247274345472,0.2188311206704739
2021-03-31,Ventura,111,848112.0,458740,10972,218258,4937,231254,5380,9000,648,118283,4640,292538,5285,174255,6299,0.1394662497406003,0.3449285000094327,0.2054622502688324
2021-03-31,Yolo,113,214977.0,125867,2422,57717,1294,66109,1086,2033,42,29304,1183,78515,1225,49211,1236,0.1363122566600147,0.3652251171055508,0.228912860445536
2021-03-31,Yuba,115,75493.0,23125,691,7062,129,15403,551,652,10,6140,249,14930,258,8790,440,0.0813320440305723,0.1977666803544699,0.1164346363238975
2021-03-30,Alameda,001,1643700.0,959377,19212,586850,10105,348992,7346,23219,1759,188421,9539,584456,11298,396035,9644,0.1146322321591531,0.3555734014722881,0.240941169313135
2021-03-30,Alpine,003,1148.0,943,0,26,0,915,0,2,0,340,0,638,0,298,0,0.2961672473867596,0.5557491289198606,0.259581881533101
2021-03-30,Amador,005,37829.0,22012,545,5743,30,15884,514,385,1,5289,250,13505,251,8216,286,0.1398133706944407,0.357001242433054,0.2171878717386132
2021-03-30,Butte,007,227075.0,102166,1038,41709,459,57893,486,2559,93,23388,480,63965,572,40577,557,0.1029968072222833,0.2816910712319718,0.1786942640096884
2021-03-30,Calaveras,009,45235.0,23474,569,6813,32,16341,523,320,14,4516,351,13890,366,9374,209,0.0998341991820493,0.3070631148446999,0.2072289156626506
2021-03-30,Colusa,011,21464.0,8938,153,2044,84,6490,67,403,2,2441,65,5878,67,3437,85,0.1137253074916138,0.2738538948937756,0.1601285874021617
2021-03-30,Contra Costa,013,1133247.0,715938,17277,426981,9532,276567,6387,12240,1355,166332,10451,446687,11802,280355,6806,0.1467747101911586,0.3941656143806248,0.2473909041894662
2021-03-30,Del Norte,015,27424.0,9935,338,4068,121,5620,206,218,11,2548,127,6294,138,3746,211,0.0929113185530921,0.2295070011668611,0.1365956826137689
2021-03-30,El Dorado,017,186661.0,100900,1402,45150,442,53261,862,2477,98,23335,688,63230,786,39895,708,0.1250127236005378,0.338742426109364,0.2137297025088261
2021-03-30,Fresno,019,978130.0,454396,11195,208794,4333,231721,5898,13722,960,134226,3734,300323,4689,166097,7430,0.1372271579442405,0.3070379192949812,0.1698107613507407
2021-03-30,Glenn,021,27897.0,11625,71,3697,39,7323,31,594,1,2910,43,7548,44,4638,27,0.1043122916442628,0.2705667276051188,0.166254435960856
2021-03-30,Humboldt,023,135768.0,69891,980,31925,316,35468,549,2411,112,14900,570,43506,680,28606,404,0.1097460373578457,0.3204436980731837,0.2106976607153379
2021-03-30,Imperial,025,180216.0,83730,2325,38218,770,37919,657,7580,898,26665,737,58917,1628,32252,1578,0.147961335286545,0.3269243574377414,0.1789630221511963
2021-03-30,Inyo,027,18085.0,10882,233,4270,2,6412,222,96,5,1939,117,6403,122,4464,112,0.1072159247995576,0.3540503179430467,0.246834393143489
2021-03-30,Kern,029,883053.0,312403,5697,141561,1919,157934,3384,12820,390,91490,3044,207850,3432,116360,2641,0.1036064652970999,0.2353765855503576,0.1317701202532577
2021-03-30,Kings,031,150075.0,47952,1046,17011,560,29020,441,1901,45,15349,443,32596,488,17247,602,0.1022755289022155,0.2171980676328502,0.1149225387306346
2021-03-30,Lake,033,64148.0,30566,468,9780,319,19823,145,963,4,5822,367,18645,371,12823,100,0.090758870112864,0.2906559830392218,0.1998971129263577
2021-03-30,Lassen,035,31185.0,7179,167,1090,4,5686,138,394,25,2181,50,4860,75,2679,115,0.0699374699374699,0.1558441558441558,0.0859066859066859
2021-03-30,Los Angeles,037,10098052.0,5029397,113312,2596352,54229,2316315,53026,115117,6032,1375469,57979,3252973,63975,1877504,55013,0.1362113207577065,0.3221386659526015,0.185927345194895
2021-03-30,Madera,039,155013.0,63129,1091,29863,612,31338,448,1895,31,18065,461,41330,490,23265,628,0.1165386128905317,0.2666227993781166,0.1500841864875849
2021-03-30,Marin,041,260295.0,205276,4678,117387,3634,84781,1009,3099,35,45379,2877,126713,2913,81334,1798,0.1743368101577057,0.4868053554620719,0.3124685453043662
2021-03-30,Mariposa,043,17540.0,7726,39,1134,14,6306,9,268,16,2464,14,5200,30,2736,26,0.140478905359179,0.2964652223489167,0.1559863169897377
2021-03-30,Mendocino,045,87422.0,60186,724,30456,635,28643,52,1081,37,9537,111,35288,148,25751,609,0.109091533023724,0.4036512548328796,0.2945597218091556
2021-03-30,Merced,047,269075.0,105616,2387,60249,976,41166,1343,3671,62,32067,992,69336,1052,37269,1371,0.1191749512217783,0.2576828021926972,0.1385078509709189
2021-03-30,Modoc,049,8938.0,4089,55,425,8,3447,41,214,6,547,23,2424,29,1877,32,0.0611993734616245,0.2712016110986798,0.2100022376370552
2021-03-30,Mono,051,14174.0,10484,21,6744,2,3619,16,85,2,2481,12,6497,14,4016,8,0.1750388034429236,0.4583744885000705,0.2833356850571469
2021-03-30,Monterey,053,433212.0,199809,4721,84209,2189,108689,2464,6484,57,68391,2798,137002,2855,68611,1905,0.1578695881000526,0.3162470107014579,0.1583774226014053
2021-03-30,Napa,055,140530.0,98169,2882,46360,946,50360,1931,1441,4,23319,2008,61402,2012,38083,872,0.1659360990535828,0.436931616025048,0.2709955169714652
2021-03-30,Nevada,057,99092.0,55987,1120,28154,495,26707,589,1125,36,13667,520,35334,556,21667,598,0.1379223347999838,0.3565777257498083,0.2186553909498244
2021-03-30,Orange,059,3164182.0,1642938,31831,855028,14397,753199,16755,33868,670,488452,20443,1080414,21111,591962,11295,0.1543691228886328,0.3414512818794873,0.1870821589908545
2021-03-30,Placer,061,380077.0,221431,4047,117937,2117,100245,1879,3241,51,47295,2087,135793,2135,88498,1953,0.1244353117920842,0.3572776042749232,0.232842292482839
2021-03-30,Plumas,063,18699.0,9533,179,894,5,8196,170,424,4,2800,22,6359,26,3559,157,0.149740627841061,0.3400716615861811,0.19033103374512
2021-03-30,Riverside,065,2383286.0,1014280,18786,519276,9704,471188,8849,23415,229,257883,11734,646819,11964,388936,7016,0.1082048063052441,0.2713979774143766,0.1631931711091325
2021-03-30,Sacramento,067,1510023.0,724355,12125,375607,6162,334982,5536,13710,427,191425,5983,463930,6412,272505,6126,0.1267695922512438,0.3072337308769469,0.180464138625703
2021-03-30,San Benito,069,59416.0,26839,626,10114,306,15650,226,1022,94,7799,308,17743,400,9944,313,0.1312609398141914,0.2986232664602127,0.1673623266460212
2021-03-30,San Bernardino,071,2135413.0,781584,17319,419848,9604,345358,6991,16274,724,196022,10420,496221,11139,300199,6870,0.0917958259128327,0.2323770624230535,0.1405812365102207
2021-03-30,San Diego,073,3302833.0,1804132,34111,856560,18576,919839,14769,27220,754,404434,22180,1121347,23157,716913,11644,0.1224506355604416,0.3395106564576531,0.2170600208972115
2021-03-30,San Francisco,075,870044.0,586346,12145,360860,7556,211980,4281,13395,307,145939,5145,372395,5453,226456,6967,0.1677374937359489,0.4280185829682177,0.2602810892322687
2021-03-30,San Joaquin,077,732212.0,308091,6699,157270,3306,145169,3295,5627,98,81230,3435,193872,3533,112642,3185,0.1109378158238324,0.2647757753219013,0.1538379594980688
2021-03-30,San Luis Obispo,079,281455.0,147844,3585,70601,1970,72750,1473,4403,141,38312,2331,95125,2467,56813,1242,0.1361212271944005,0.3379758753619584,0.2018546481675578
2021-03-30,San Mateo,081,765935.0,486289,7412,269730,4191,208646,3063,7737,155,103232,3874,298072,4030,194840,3525,0.1347790608863676,0.3891609601336928,0.2543818992473252
2021-03-30,Santa Barbara,083,443738.0,211852,6816,104859,3481,98682,3179,8116,151,64835,4437,142112,4590,77277,2369,0.1461109934240475,0.320261054946838,0.1741500615227904
2021-03-30,Santa Clara,085,1922200.0,1008751,26483,531423,15631,451983,8827,23761,1992,231791,16040,630202,18021,398411,10367,0.1205863073561544,0.327854541671002,0.2072682343148475
2021-03-30,Santa Cruz,087,273765.0,162693,2655,60940,786,99181,1647,2552,222,36920,1619,100921,1841,64001,1029,0.1348601903092068,0.368640987708436,0.2337807973992292
2021-03-30,Shasta,089,179085.0,72547,1238,30627,766,39115,455,2779,17,16968,593,46097,610,29129,641,0.0947483038780467,0.2574029092330457,0.162654605354999
2021-03-30,Sierra,091,2930.0,2012,54,102,0,1906,54,4,0,326,24,1169,24,843,30,0.1112627986348122,0.3989761092150171,0.2877133105802048
2021-03-30,Siskiyou,093,43540.0,20335,110,6779,8,13092,100,449,2,5048,42,12900,45,7852,68,0.1159393661001378,0.296279283417547,0.1803399173174092
2021-03-30,Solano,095,438530.0,236259,3165,116686,2080,116765,976,2783,107,63346,1926,151003,2030,87657,1229,0.1444507787380567,0.3443390417987367,0.19988826306068
2021-03-30,Sonoma,097,501317.0,327562,6122,158572,3346,161530,2710,7429,65,73280,3132,203734,3198,130454,2978,0.1461749751155456,0.4063975488563124,0.2602225737407668
2021-03-30,Stanislaus,099,539301.0,222940,3748,110982,1999,104685,1716,7113,31,65160,2165,144892,2197,79732,1543,0.1208230654124505,0.2686662921077469,0.1478432266952963
2021-03-30,Sutter,101,95872.0,42472,481,15146,161,26342,311,983,9,10667,294,26985,303,16318,180,0.1112629339118825,0.2814690420560747,0.1702061081441922
2021-03-30,Tehama,103,63373.0,20549,428,4425,256,15652,170,467,2,5461,287,13216,289,7755,140,0.0861723446893787,0.208543070392754,0.1223707257033752
2021-03-30,Trinity,105,12862.0,5120,82,516,7,4453,75,149,0,1168,68,3216,68,2048,14,0.0908101383921629,0.2500388742030788,0.1592287358109158
2021-03-30,Tulare,107,460477.0,184551,5002,97936,2830,82885,1929,3701,242,56813,1501,122346,1735,65533,3491,0.1233785835123144,0.2656940520373438,0.1423154685250295
2021-03-30,Tuolumne,109,53932.0,30288,179,8016,17,22010,160,259,2,6553,85,18307,87,11754,90,0.1215048579692946,0.3394459689979975,0.2179411110287028
2021-03-30,Ventura,111,848112.0,447768,9174,213321,4516,225874,4526,8352,128,119297,4366,287253,4494,167956,4785,0.140661846548569,0.3386970117154338,0.1980351651668647
2021-03-30,Yolo,113,214977.0,123445,2287,56423,1142,65023,1116,1991,28,29315,1125,77290,1155,47975,1145,0.1363634249245268,0.3595268331030761,0.2231634081785493
2021-03-30,Yuba,115,75493.0,22434,292,6933,77,14852,208,642,7,6322,193,14672,200,8350,98,0.0837428635767554,0.1943491449538368,0.1106062813770813
2021-03-29,Alameda,001,1643700.0,940165,15175,576745,9626,341646,4559,21460,985,186767,6037,573158,7021,386391,9105,0.1136259658088459,0.3486998844071302,0.2350739185982843
2021-03-29,Alpine,003,1148.0,943,18,26,0,915,18,2,0,340,2,638,2,298,16,0.2961672473867596,0.5557491289198606,0.259581881533101
2021-03-29,Amador,005,37829.0,21467,195,5713,35,15370,159,384,1,5324,56,13254,57,7930,135,0.1407385867984879,0.3503661212297443,0.2096275344312564
2021-03-29,Butte,007,227075.0,101128,1792,41250,387,57407,1336,2466,69,23373,1344,63393,1413,40020,439,0.1029307497522844,0.2791720797093471,0.1762413299570626
2021-03-29,Calaveras,009,45235.0,22905,210,6781,25,15818,182,306,3,4359,57,13524,59,9165,140,0.0963634353929479,0.2989720349287056,0.2026085995357577
2021-03-29,Colusa,011,21464.0,8785,74,1960,20,6423,48,401,6,2459,25,5811,31,3352,44,0.1145639209839731,0.2707323891166605,0.1561684681326872
2021-03-29,Contra Costa,013,1133247.0,698661,11369,417449,8790,270180,2460,10885,119,161336,7038,434885,7159,273549,4319,0.1423661390676525,0.3837512916425104,0.2413851525748579
2021-03-29,Del Norte,015,27424.0,9597,60,3947,5,5414,40,207,15,2621,34,6156,49,3535,26,0.0955732205367561,0.2244749124854142,0.1289016919486581
2021-03-29,El Dorado,017,186661.0,99498,1363,44708,466,52399,879,2379,18,23257,817,62444,836,39187,545,0.1245948537723466,0.3345315839945141,0.2099367302221674
2021-03-29,Fresno,019,978130.0,443201,6130,204461,2061,225823,3475,12762,592,136967,2847,295634,3433,158667,3257,0.1400294439389447,0.3022440779855438,0.1622146340465991
2021-03-29,Glenn,021,27897.0,11554,61,3658,22,7292,36,593,3,2893,44,7504,47,4611,17,0.1037029071226296,0.2689894970785389,0.1652865899559092
2021-03-29,Humboldt,023,135768.0,68911,490,31609,132,34919,263,2299,94,14624,200,42826,293,28202,287,0.1077131577396735,0.3154351540863827,0.2077219963467091
2021-03-29,Imperial,025,180216.0,81405,1739,37448,429,37262,444,6682,866,26615,367,57289,1232,30674,1368,0.14768389044258,0.3178907533182403,0.1702068628756603
2021-03-29,Inyo,027,18085.0,10649,103,4268,2,6190,96,91,4,1929,78,6281,82,4352,23,0.1066629803704727,0.3473043959082112,0.2406414155377384
2021-03-29,Kern,029,883053.0,306706,4361,139642,1732,154550,2346,12430,280,90699,2591,204418,2869,113719,1751,0.1027107093232229,0.2314900691124994,0.1287793597892765
2021-03-29,Kings,031,150075.0,46906,525,16451,223,28579,236,1856,66,15463,273,32108,337,16645,248,0.1030351490921206,0.2139463601532567,0.110911211061136
2021-03-29,Lake,033,64148.0,30098,993,9461,293,19678,700,959,0,5551,191,18274,191,12723,798,0.0865342645133129,0.2848724823844858,0.1983382178711729
2021-03-29,Lassen,035,31185.0,7012,55,1086,1,5548,29,369,25,2221,23,4785,48,2564,32,0.0712201378868045,0.1534391534391534,0.0822190155523488
2021-03-29,Los Angeles,037,10098052.0,4916085,86973,2542123,48488,2263289,36637,109085,1832,1366507,47296,3188998,49129,1822491,39462,0.1353238228521699,0.3158032856238015,0.1804794627716316
2021-03-29,Madera,039,155013.0,62038,707,29251,188,30890,488,1864,31,18203,506,40840,537,22637,199,0.1174288608052227,0.263461774173779,0.1460329133685561
2021-03-29,Marin,041,260295.0,200598,2718,113753,2099,83772,590,3064,28,44264,1142,123800,1169,79536,1574,0.170053208859179,0.4756142069574905,0.3055609980983115
2021-03-29,Mariposa,043,17540.0,7687,22,1120,6,6297,16,252,0,2460,11,5170,11,2710,11,0.1402508551881414,0.2947548460661345,0.1545039908779931
2021-03-29,Mendocino,045,87422.0,59462,197,29821,104,28591,49,1044,44,9998,93,35140,137,25142,102,0.1143648051977763,0.4019583171284116,0.2875935119306353
2021-03-29,Merced,047,269075.0,103229,2046,59273,946,39823,919,3609,170,32386,656,68284,826,35898,1351,0.1203604942859797,0.253773111585989,0.1334126173000092
2021-03-29,Modoc,049,8938.0,4034,15,417,2,3406,5,208,8,550,6,2395,14,1845,9,0.0615350190199149,0.2679570373685388,0.2064220183486238
2021-03-29,Mono,051,14174.0,10463,15,6742,3,3603,9,83,2,2475,9,6483,11,4008,4,0.1746154931564837,0.4573867644983773,0.2827712713418936
2021-03-29,Monterey,053,433212.0,195088,3359,82020,1460,106225,1878,6427,14,67441,1997,134147,2011,66706,1354,0.155676666389666,0.3096567038770856,0.1539800374874195
2021-03-29,Napa,055,140530.0,95287,1233,45414,890,48429,336,1437,6,22179,736,59390,742,37211,494,0.1578239521810289,0.4226143883868213,0.2647904362057923
2021-03-29,Nevada,057,99092.0,54867,905,27659,537,26118,348,1089,20,13709,396,34778,416,21069,507,0.1383461833447705,0.3509667783473943,0.2126205950026238
2021-03-29,Orange,059,3164182.0,1611107,27468,840631,12618,736444,14259,33198,580,478636,17848,1059303,18429,580667,9520,0.1512668993123657,0.3347794153433652,0.1835125160309994
2021-03-29,Placer,061,380077.0,217384,3568,115820,1980,98366,1549,3190,39,47113,1698,133658,1737,86545,1867,0.1239564614538633,0.3516603214611776,0.2277038600073143
2021-03-29,Plumas,063,18699.0,9354,15,889,7,8026,7,420,1,2931,5,6333,6,3402,10,0.1567463500721963,0.3386812128990855,0.1819348628268891
2021-03-29,Riverside,065,2383286.0,995494,17958,509572,8585,462339,9225,23186,141,252935,10838,634855,10981,381920,7062,0.1061286811570243,0.266378017577412,0.1602493364203876
2021-03-29,Sacramento,067,1510023.0,712230,11204,369445,5979,329446,4822,13283,403,191139,4885,457518,5290,266379,6310,0.1265801911626511,0.302987437939687,0.1764072467770358
2021-03-29,San Benito,069,59416.0,26213,359,9808,120,15424,217,928,22,7712,143,17343,165,9631,216,0.1297966877608725,0.2918910731116197,0.1620943853507472
2021-03-29,San Bernardino,071,2135413.0,764265,12288,410244,6242,338367,5644,15550,401,191753,7981,485082,8382,293329,4291,0.08979668101674,0.2271607412711264,0.1373640602543863
2021-03-29,San Diego,073,3302833.0,1770021,27557,837984,13503,905070,13385,26466,663,392921,16405,1098190,17355,705269,10900,0.1189648401841691,0.3324994027854269,0.2135345626012577
2021-03-29,San Francisco,075,870044.0,574201,11918,353304,8142,207699,3575,13088,201,147453,4246,366942,4446,219489,7652,0.169477635613831,0.4217510838532304,0.2522734482393994
2021-03-29,San Joaquin,077,732212.0,301392,4368,153964,2285,141874,2052,5529,31,80882,2102,190339,2135,109457,2219,0.1104625436349035,0.2599506700245284,0.1494881263896248
2021-03-29,San Luis Obispo,079,281455.0,144259,2702,68631,1359,71277,1211,4262,132,37087,1676,92658,1808,55571,1015,0.1317688440425645,0.3292107086390364,0.1974418645964719
2021-03-29,San Mateo,081,765935.0,478877,6216,265539,3850,205583,2109,7582,255,102727,2705,294042,2962,191315,3502,0.1341197360089302,0.3838994170523608,0.2497796810434305
2021-03-29,Santa Barbara,083,443738.0,205036,4117,101378,2110,95503,1924,7965,82,62614,3214,137522,3293,74908,894,0.1411057876494688,0.3099171132515133,0.1688113256020444
2021-03-29,Santa Clara,085,1922200.0,982268,21340,515792,13032,443156,7542,21769,755,224137,11204,612181,11958,388044,10074,0.1166044116116949,0.3184793465820414,0.2018749349703464
2021-03-29,Santa Cruz,087,273765.0,160038,1960,60154,848,97534,1031,2330,80,36108,1212,99080,1294,62972,745,0.1318941427866966,0.3619162420324,0.2300220992457034
2021-03-29,Shasta,089,179085.0,71309,431,29861,50,38660,365,2762,16,16999,160,45487,176,28488,271,0.0949214060362397,0.2539967054750537,0.1590752994388139
2021-03-29,Sierra,091,2930.0,1958,1,102,1,1852,0,4,0,332,0,1145,0,813,1,0.1133105802047781,0.3907849829351535,0.2774744027303754
2021-03-29,Siskiyou,093,43540.0,20225,97,6771,12,12992,83,447,2,5071,44,12855,46,7784,53,0.1164676159853008,0.2952457510335324,0.1787781350482315
2021-03-29,Solano,095,438530.0,233094,3791,114606,2104,115789,1669,2676,18,62545,1491,148973,1510,86428,2284,0.1426242218320297,0.3397099400269081,0.1970857181948783
2021-03-29,Sonoma,097,501317.0,321440,3117,155226,1159,158820,1921,7364,36,73060,1573,200536,1609,127476,1543,0.1457361310308647,0.400018351661723,0.2542822206308583
2021-03-29,Stanislaus,099,539301.0,219192,3111,108983,1748,102969,1323,7082,40,64506,1971,142695,2009,78189,1105,0.1196103845533384,0.2645925002920447,0.1449821157387062
2021-03-29,Sutter,101,95872.0,41991,425,14985,140,26031,231,974,54,10544,198,26682,252,16138,220,0.1099799732977303,0.2783085781041388,0.1683286048064085
2021-03-29,Tehama,103,63373.0,20121,132,4169,30,15482,102,465,0,5312,85,12927,85,7615,47,0.0838211856784435,0.2039827686869802,0.1201615830085367
2021-03-29,Trinity,105,12862.0,5038,9,509,1,4378,7,149,1,1114,3,3148,4,2034,6,0.0866117244596485,0.244751982584357,0.1581402581247084
2021-03-29,Tulare,107,460477.0,179549,2967,95106,1735,80956,1123,3459,109,58569,1225,120611,1333,62042,1737,0.1271920204483611,0.2619262199849286,0.1347341995365675
2021-03-29,Tuolumne,109,53932.0,30109,222,7999,90,21850,132,257,0,6556,107,18220,108,11664,110,0.1215604835719053,0.3378328265222873,0.2162723429503819
2021-03-29,Ventura,111,848112.0,438594,8693,208805,4343,221348,4298,8224,51,119588,4216,282759,4267,163171,4453,0.1410049616088441,0.3333981832588149,0.1923932216499707
2021-03-29,Yolo,113,214977.0,121158,2026,55281,835,63907,1161,1963,30,29305,929,76135,959,46830,1073,0.1363169083204249,0.3541541653293143,0.2178372570088893
2021-03-29,Yuba,115,75493.0,22142,312,6856,93,14644,185,635,34,6220,181,14472,215,8252,127,0.0823917449299935,0.1916998927052839,0.1093081477752904
2021-03-28,Alameda,001,1643700.0,924990,10841,567119,8835,337087,1797,20475,208,188851,3497,566137,3708,377286,7328,0.114893837074892,0.3444284236782868,0.2295345866033948
2021-03-28,Alpine,003,1148.0,925,1,26,1,897,0,2,0,354,1,636,1,282,0,0.3083623693379791,0.554006968641115,0.2456445993031359
2021-03-28,Amador,005,37829.0,21272,71,5678,16,15211,53,383,2,5402,9,13197,11,7795,60,0.1428004969732216,0.348859340717439,0.2060588437442174
2021-03-28,Butte,007,227075.0,99336,241,40863,52,56071,183,2397,6,22399,100,61980,106,39581,140,0.0986414180336893,0.2729494660354508,0.1743080480017615
2021-03-28,Calaveras,009,45235.0,22695,116,6756,10,15636,104,303,2,4440,6,13465,8,9025,107,0.0981540842268155,0.2976677351608268,0.1995136509340112
2021-03-28,Colusa,011,21464.0,8711,16,1940,7,6375,9,395,0,2472,6,5780,6,3308,10,0.1151695862840104,0.2692881103242638,0.1541185240402534
2021-03-28,Contra Costa,013,1133247.0,687292,4489,408659,3193,267720,1231,10766,62,158496,1663,427726,1724,269230,2817,0.1398600658108956,0.3774340457111291,0.2375739799002335
2021-03-28,Del Norte,015,27424.0,9537,4,3942,2,5374,2,192,0,2598,0,6107,0,3509,4,0.0947345390898483,0.2226881563593932,0.1279536172695449
2021-03-28,El Dorado,017,186661.0,98135,704,44242,191,51520,504,2361,9,22966,154,61608,163,38642,548,0.123035877874864,0.3300528766051827,0.2070169987303186
2021-03-28,Fresno,019,978130.0,437071,3442,202400,1333,222348,1410,12170,699,136791,1085,292201,1787,155410,2351,0.1398495087565047,0.2987343195689734,0.1588848108124687
2021-03-28,Glenn,021,27897.0,11493,15,3636,11,7256,4,590,0,2863,12,7457,12,4594,3,0.1026275226726888,0.2673047281069649,0.164677205434276
2021-03-28,Humboldt,023,135768.0,68421,273,31477,80,34656,120,2205,73,14618,78,42533,151,27915,195,0.1076689647044959,0.3132770608685404,0.2056080961640445
2021-03-28,Imperial,025,180216.0,79666,285,37019,99,36818,173,5816,13,26751,196,56057,210,29306,88,0.1484385404181648,0.3110545123629422,0.1626159719447773
2021-03-28,Inyo,027,18085.0,10546,2,4266,0,6094,2,87,0,1870,2,6199,2,4329,0,0.103400608238872,0.3427702515897152,0.2393696433508432
2021-03-28,Kern,029,883053.0,302345,4762,137910,4243,152204,505,12150,13,89581,2968,201549,2981,111968,1786,0.1014446471502843,0.2282411135005486,0.1267964663502643
2021-03-28,Kings,031,150075.0,46381,677,16228,603,28343,66,1790,8,15374,308,31771,316,16397,368,0.1024421122771947,0.2117008162585374,0.1092587039813426
2021-03-28,Lake,033,64148.0,29105,16,9168,9,18978,7,959,0,6158,7,18083,7,11925,9,0.0959967574982852,0.2818949928290827,0.1858982353307975
2021-03-28,Lassen,035,31185.0,6957,14,1085,1,5519,1,344,12,2205,1,4737,13,2532,13,0.0707070707070707,0.1518999518999519,0.0811928811928811
2021-03-28,Los Angeles,037,10098052.0,4829112,43198,2493635,29249,2226652,13330,107253,611,1356840,20230,3139869,20841,1783029,22839,0.1343665095010404,0.3109380898414862,0.1765715803404458
2021-03-28,Madera,039,155013.0,61331,449,29063,153,30402,235,1833,60,17865,211,40303,271,22438,237,0.1152483985214143,0.2599975485926987,0.1447491500712843
2021-03-28,Marin,041,260295.0,197880,2378,111654,1706,83182,667,3036,5,44669,825,122631,830,77962,1550,0.1716091357882402,0.471123148735089,0.2995140129468487
2021-03-28,Mariposa,043,17540.0,7665,7,1114,0,6281,4,252,3,2460,1,5159,4,2699,6,0.1402508551881414,0.2941277080957811,0.1538768529076397
2021-03-28,Mendocino,045,87422.0,59265,33,29717,12,28542,17,1000,4,9963,4,35003,8,25040,29,0.1139644483082061,0.4003912058749513,0.2864267575667452
2021-03-28,Merced,047,269075.0,101183,580,58327,244,38904,324,3439,12,32911,185,67458,199,34547,385,0.1223116231533958,0.2507033355012543,0.1283917123478584
2021-03-28,Modoc,049,8938.0,4019,0,415,0,3401,0,200,0,545,0,2381,0,1836,0,0.0609756097560975,0.26639069142985,0.2054150816737525
2021-03-28,Mono,051,14174.0,10448,3,6739,1,3594,2,81,0,2468,1,6472,1,4004,2,0.174121631155637,0.456610695639904,0.2824890644842669
2021-03-28,Monterey,053,433212.0,191729,1204,80560,399,104347,795,6413,9,66784,656,132136,664,65352,542,0.1541600879015355,0.3050146348669935,0.150854546965458
2021-03-28,Napa,055,140530.0,94054,498,44524,384,48093,107,1431,7,21931,180,58648,186,36717,315,0.156059204440333,0.417334377001352,0.261275172561019
2021-03-28,Nevada,057,99092.0,53962,218,27122,64,25770,141,1069,13,13800,37,34362,50,20562,176,0.1392645218584749,0.3467686594276026,0.2075041375691276
2021-03-28,Orange,059,3164182.0,1583639,25382,828013,13222,722185,12093,32618,65,469727,18611,1040874,18679,571147,6715,0.1484513217002056,0.3289551612391449,0.1805038395389392
2021-03-28,Placer,061,380077.0,213816,1156,113840,555,96817,590,3151,11,47243,318,131921,329,84678,825,0.1242984974097353,0.3470901948815634,0.2227916974718281
2021-03-28,Plumas,063,18699.0,9339,12,882,3,8019,8,419,1,2935,2,6327,3,3392,10,0.1569602652548264,0.3383603401251404,0.1814000748703139
2021-03-28,Riverside,065,2383286.0,977536,4947,500987,3197,453114,1634,23045,112,249016,2861,623874,2974,374858,2073,0.1044843128353038,0.2617705134843237,0.1572862006490198
2021-03-28,Sacramento,067,1510023.0,701026,6799,363466,3340,324624,3187,12880,272,192159,2640,452228,2913,260069,4147,0.1272556775625272,0.2994841800422907,0.1722285024797635
2021-03-28,San Benito,069,59416.0,25854,754,9688,616,15207,130,906,6,7763,124,17178,130,9415,627,0.130655042412818,0.2891140433553251,0.158459000942507
2021-03-28,San Bernardino,071,2135413.0,751977,3780,404002,2635,332723,1010,15149,134,187662,2582,476700,2715,289038,1193,0.0878808923613371,0.2232355052629163,0.1353546129015792
2021-03-28,San Diego,073,3302833.0,1742464,15509,824481,9601,891685,5839,25803,61,386466,9228,1080835,9455,694369,6104,0.1170104573861288,0.3272448228535926,0.2102343654674638
2021-03-28,San Francisco,075,870044.0,562283,6818,345162,5423,204124,1348,12887,47,150659,2813,362496,2859,211837,3988,0.1731625067237978,0.4166409974667948,0.2434784907429969
2021-03-28,San Joaquin,077,732212.0,297024,2919,151679,1917,139822,977,5498,24,80966,1226,188204,1252,107238,1643,0.1105772645080932,0.257034847830956,0.1464575833228627
2021-03-28,San Luis Obispo,079,281455.0,141557,645,67272,182,70066,407,4130,56,36294,408,90850,464,54556,233,0.1289513421328454,0.3227869464035103,0.1938356042706649
2021-03-28,San Mateo,081,765935.0,472661,4311,261689,2789,203474,1404,7327,115,103267,1955,291080,2071,187813,2346,0.1348247566699524,0.3800322481672726,0.2452074914973202
2021-03-28,Santa Barbara,083,443738.0,200919,2800,99268,1643,93579,1128,7883,29,60215,1826,134229,1856,74014,971,0.1356994442666618,0.3024960674992901,0.1667966232326282
2021-03-28,Santa Clara,085,1922200.0,960928,12485,502760,8673,435614,3082,21014,724,222253,6580,600223,7303,377970,5872,0.1156242846738112,0.3122583498075122,0.1966340651337009
2021-03-28,Santa Cruz,087,273765.0,158078,877,59306,541,96503,320,2250,16,35559,441,97786,457,62227,434,0.1298887732179058,0.357189560389385,0.2273007871714792
2021-03-28,Shasta,089,179085.0,70878,406,29811,299,38295,97,2746,10,17094,298,45311,308,28217,107,0.0954518803919926,0.2530139319317642,0.1575620515397716
2021-03-28,Sierra,091,2930.0,1957,0,101,0,1852,0,4,0,333,0,1145,0,812,0,0.1136518771331058,0.3907849829351535,0.2771331058020478
2021-03-28,Siskiyou,093,43540.0,20128,8,6759,6,12909,2,445,0,5078,7,12809,7,7731,1,0.1166283876894809,0.2941892512632062,0.1775608635737253
2021-03-28,Solano,095,438530.0,229303,1448,112502,1126,114120,304,2658,18,63319,539,147463,557,84144,908,0.1443892094041456,0.3362666180192917,0.191877408615146
2021-03-28,Sonoma,097,501317.0,318323,1562,154067,977,156899,557,7328,28,72994,804,198927,831,125933,753,0.1456044778054604,0.3968088056060337,0.2512043278005733
2021-03-28,Stanislaus,099,539301.0,216081,1177,107235,475,101646,583,7042,118,63602,278,140686,396,77084,868,0.1179341406746881,0.2608673078670352,0.1429331671923471
2021-03-28,Sutter,101,95872.0,41566,130,14845,73,25800,57,920,0,10512,74,26430,74,15918,56,0.1096461949265687,0.2756800734312417,0.1660338785046729
2021-03-28,Tehama,103,63373.0,19989,41,4139,16,15380,25,465,0,5274,23,12842,23,7568,18,0.0832215612327016,0.2026415034793997,0.1194199422466981
2021-03-28,Trinity,105,12862.0,5029,4,508,3,4371,1,148,0,1116,1,3144,1,2028,3,0.0867672212719639,0.2444409889597263,0.1576737676877624
2021-03-28,Tulare,107,460477.0,176582,1493,93371,1082,79833,378,3350,33,58973,674,119278,706,60305,815,0.1280693715429869,0.2590313957048886,0.1309620241619016
2021-03-28,Tuolumne,109,53932.0,29887,57,7909,11,21718,46,257,0,6558,8,18112,8,11554,45,0.1215975673069791,0.3358303048283023,0.2142327375213231
2021-03-28,Ventura,111,848112.0,429901,2565,204462,1450,217050,1104,8173,10,119774,1367,278492,1377,158718,1194,0.1412242722659271,0.3283670081310015,0.1871427358650744
2021-03-28,Yolo,113,214977.0,119132,1104,54446,854,62746,230,1933,20,29419,253,75176,272,45757,851,0.1368471976071859,0.3496932229959484,0.2128460253887625
2021-03-28,Yuba,115,75493.0,21830,112,6763,46,14459,62,601,4,6132,37,14257,41,8125,75,0.0812260739406302,0.1888519465380896,0.1076258725974593
2021-03-27,Alameda,001,1643700.0,914149,18632,558284,12648,335290,5035,20267,947,192471,7513,562429,8448,369958,11067,0.1170961854352984,0.3421725375676827,0.2250763521323842
2021-03-27,Alpine,003,1148.0,924,0,25,0,897,0,2,0,353,0,635,0,282,0,0.3074912891986063,0.5531358885017421,0.2456445993031359
2021-03-27,Amador,005,37829.0,21201,103,5662,16,15158,85,381,2,5451,29,13186,31,7735,72,0.1440957995188876,0.3485685585133098,0.2044727589944222
2021-03-27,Butte,007,227075.0,99095,325,40811,85,55888,213,2391,27,22433,139,61874,165,39441,184,0.0987911482990201,0.2724826599141253,0.1736915116151051
2021-03-27,Calaveras,009,45235.0,22579,226,6746,22,15532,200,301,4,4539,31,13457,37,8918,190,0.1003426550237647,0.2974908809550127,0.1971482259312479
2021-03-27,Colusa,011,21464.0,8695,62,1933,5,6366,57,395,0,2476,23,5774,23,3298,38,0.115355944837868,0.2690085724934774,0.1536526276556094
2021-03-27,Contra Costa,013,1133247.0,682803,10964,405466,7156,266489,3275,10704,533,159589,5676,426002,6205,266413,5278,0.1408245510466826,0.3759127533538584,0.2350882023071757
2021-03-27,Del Norte,015,27424.0,9533,111,3940,86,5372,7,192,18,2602,17,6107,35,3505,94,0.0948803967327888,0.2226881563593932,0.1278077596266044
2021-03-27,El Dorado,017,186661.0,97431,1513,44051,199,51016,1309,2352,5,23351,470,61445,475,38094,1040,0.1250984404883719,0.3291796358103728,0.2040811953220008
2021-03-27,Fresno,019,978130.0,433629,10266,201067,4899,220938,4214,11471,1153,137355,2763,290414,3909,153059,7474,0.1404261192275055,0.2969073640518131,0.1564812448243076
2021-03-27,Glenn,021,27897.0,11478,171,3625,20,7252,145,590,6,2854,157,7445,163,4591,13,0.1023049073377065,0.2668745743269886,0.164569666989282
2021-03-27,Humboldt,023,135768.0,68148,2320,31397,1574,34536,565,2132,180,14662,1311,42382,1490,27720,1004,0.1079930469624653,0.3121648694832361,0.2041718225207707
2021-03-27,Imperial,025,180216.0,79381,730,36920,354,36645,307,5803,69,26629,468,55847,537,29218,262,0.1477615749988902,0.3098892440182891,0.1621276690193989
2021-03-27,Inyo,027,18085.0,10544,52,4266,42,6092,5,87,4,1868,43,6197,47,4329,8,0.103290019353055,0.3426596627038982,0.2393696433508432
2021-03-27,Kern,029,883053.0,297583,5817,133667,4058,151699,1632,12137,127,88386,3456,198568,3583,110182,2352,0.1000913874931629,0.224865325184332,0.1247739376911691
2021-03-27,Kings,031,150075.0,45704,660,15625,274,28277,374,1782,12,15426,146,31455,158,16029,512,0.1027886056971514,0.2095952023988006,0.1068065967016491
2021-03-27,Lake,033,64148.0,29089,304,9159,6,18971,295,959,3,6160,14,18076,17,11916,289,0.0960279353993889,0.2817858701752198,0.1857579347758308
2021-03-27,Lassen,035,31185.0,6943,18,1084,2,5518,1,332,15,2205,2,4724,17,2519,16,0.0707070707070707,0.1514830848164181,0.0807760141093474
2021-03-27,Los Angeles,037,10098052.0,4785914,85809,2464386,45410,2213322,38229,106642,2151,1358838,43164,3119028,45324,1760190,42412,0.1345643694447206,0.3088742264349599,0.1743098569902393
2021-03-27,Madera,039,155013.0,60882,945,28910,614,30167,306,1773,25,17831,409,40032,434,22201,534,0.1150290620786643,0.2582493081225445,0.1432202460438802
2021-03-27,Marin,041,260295.0,195502,3729,109948,2669,82515,1041,3031,19,45389,1116,121801,1135,76412,2604,0.1743752281065713,0.4679344589792351,0.2935592308726637
2021-03-27,Mariposa,043,17540.0,7658,239,1114,11,6277,228,249,0,2462,92,5155,92,2693,146,0.1403648802736602,0.2938996579247434,0.1535347776510832
2021-03-27,Mendocino,045,87422.0,59232,177,29705,44,28525,123,996,10,9984,84,34995,94,25011,92,0.1142046624419482,0.4002996957287639,0.2860950332868157
2021-03-27,Merced,047,269075.0,100603,3795,58083,2022,38580,1326,3427,442,33097,1604,67259,2044,34162,2129,0.1230028802378519,0.2499637647496051,0.1269608845117532
2021-03-27,Modoc,049,8938.0,4019,2,415,0,3401,1,200,1,545,1,2381,2,1836,1,0.0609756097560975,0.26639069142985,0.2054150816737525
2021-03-27,Mono,051,14174.0,10445,345,6738,342,3592,2,81,0,2469,317,6471,317,4002,26,0.1741921828700437,0.4565401439254974,0.2823479610554536
2021-03-27,Monterey,053,433212.0,190525,5178,80161,1646,103552,3262,6404,266,66662,3235,131472,3502,64810,1937,0.153878470587149,0.3034818980083654,0.1496034274212164
2021-03-27,Napa,055,140530.0,93556,945,44140,450,47986,470,1424,25,22060,292,58462,317,36402,649,0.1569771579022272,0.4160108161958301,0.2590336582936028
2021-03-27,Nevada,057,99092.0,53744,636,27058,88,25629,531,1056,17,13926,419,34312,436,20386,216,0.1405360674928349,0.3462640778266661,0.2057280103338311
2021-03-27,Orange,059,3164182.0,1558257,29192,814791,14024,710092,14829,32553,334,457763,19662,1022195,19996,564432,9468,0.144670249688545,0.3230518977732634,0.1783816480847182
2021-03-27,Placer,061,380077.0,212660,1673,113285,509,96227,1142,3140,22,47739,651,131592,673,83853,1019,0.1256034961336782,0.3462245808086256,0.2206210846749474
2021-03-27,Plumas,063,18699.0,9327,18,879,1,8011,16,418,1,2942,6,6324,7,3382,12,0.1573346168244291,0.3381999037381678,0.1808652869137387
2021-03-27,Riverside,065,2383286.0,972589,9647,497790,5077,451480,3504,22933,1065,248115,4907,620900,5966,372785,4713,0.1041062633691466,0.260522656533878,0.1564163931647313
2021-03-27,Sacramento,067,1510023.0,694227,10432,360126,3720,321437,6391,12608,321,193393,5556,449315,5874,255922,4853,0.1280728836580635,0.297555070353233,0.1694821866951695
2021-03-27,San Benito,069,59416.0,25100,373,9072,206,15077,124,900,41,8260,226,17048,266,8788,141,0.1390197926484448,0.2869260805170324,0.1479062878685876
2021-03-27,San Bernardino,071,2135413.0,748197,11072,401367,7083,331713,3223,15015,765,186140,6236,473985,6999,287845,4813,0.0871681496740911,0.2219640884456543,0.1347959387715631
2021-03-27,San Diego,073,3302833.0,1726955,25967,814880,11406,885846,14152,25742,405,383115,15787,1071380,16419,688265,9951,0.1159958738452716,0.3243821289178109,0.2083862550725392
2021-03-27,San Francisco,075,870044.0,555465,9166,339739,6077,202776,2729,12840,359,151788,3820,359637,4177,207849,5315,0.1744601422456795,0.4133549567608075,0.2388948145151279
2021-03-27,San Joaquin,077,732212.0,294105,4868,149762,2725,138845,2065,5474,78,81357,1773,186952,1857,105595,3033,0.1111112628582978,0.2553249605305567,0.1442136976722588
2021-03-27,San Luis Obispo,079,281455.0,140912,1053,67090,530,69659,432,4074,90,36063,467,90386,557,54323,582,0.1281306070242134,0.32113837025457,0.1930077632303565
2021-03-27,San Mateo,081,765935.0,468350,10775,258900,8232,202070,2417,7212,119,103542,4723,289009,4840,185467,6025,0.135183794969547,0.377328363372871,0.242144568403324
2021-03-27,Santa Barbara,083,443738.0,198119,3057,97625,1258,92451,1755,7854,43,59330,1583,132373,1626,73043,1471,0.1337050241358639,0.2983134191797862,0.1646083950439223
2021-03-27,Santa Clara,085,1922200.0,948443,16262,494087,10676,432532,4738,20290,834,220822,8452,592920,9279,372098,7735,0.1148798252002913,0.3084590573301425,0.1935792321298512
2021-03-27,Santa Cruz,087,273765.0,157201,2950,58765,1801,96183,1128,2234,21,35536,1397,97329,1419,61793,1545,0.129804759556554,0.3555202454660018,0.2257154859094478
2021-03-27,Shasta,089,179085.0,70472,1536,29512,362,38198,315,2736,858,16893,526,45003,1382,28110,1009,0.0943295083340313,0.2512940782310076,0.1569645698969763
2021-03-27,Sierra,091,2930.0,1957,1,101,1,1852,0,4,0,333,0,1145,0,812,1,0.1136518771331058,0.3907849829351535,0.2771331058020478
2021-03-27,Siskiyou,093,43540.0,20120,39,6753,4,12907,30,445,5,5072,10,12802,15,7730,29,0.1164905833716123,0.2940284795590261,0.1775378961874138
2021-03-27,Solano,095,438530.0,227855,4311,111376,1176,113816,3088,2640,47,63670,1660,146906,1707,83236,2648,0.1451896107449889,0.3349964654641644,0.1898068547191754
2021-03-27,Sonoma,097,501317.0,316761,3985,153090,1546,156342,2059,7300,380,72916,1025,198096,1404,125180,2953,0.1454488876299826,0.3951511718134434,0.2497022841834607
2021-03-27,Stanislaus,099,539301.0,214904,4243,106760,2525,101063,1628,6924,89,64074,1298,140290,1389,76216,2904,0.1188093476555763,0.2601330240440867,0.1413236763885103
2021-03-27,Sutter,101,95872.0,41436,934,14772,65,25743,867,920,2,10494,810,26356,812,15862,117,0.1094584445927903,0.2749082109479305,0.1654497663551402
2021-03-27,Tehama,103,63373.0,19948,526,4123,404,15355,82,465,40,5269,438,12819,478,7550,87,0.0831426632793145,0.2022785728938191,0.1191359096145046
2021-03-27,Trinity,105,12862.0,5025,31,505,5,4370,17,148,9,1118,19,3143,28,2025,12,0.0869227180842792,0.2443632405535686,0.1574405224692893
2021-03-27,Tulare,107,460477.0,175089,3670,92289,1846,79455,1721,3317,103,59082,985,118572,1087,59490,2683,0.1283060826056458,0.2574982029504188,0.1291921203447729
2021-03-27,Tuolumne,109,53932.0,29830,604,7898,57,21672,546,257,1,6595,307,18104,314,11509,288,0.1222836164058444,0.3356819698880071,0.2133983534821627
2021-03-27,Ventura,111,848112.0,427336,8840,203012,3988,215946,4809,8163,43,119591,2327,277115,2370,157524,6488,0.1410084988775067,0.3267434018148546,0.1857349029373479
2021-03-27,Yolo,113,214977.0,118028,1732,53592,491,62516,1221,1913,20,29998,736,74904,756,44906,994,0.1395405089846821,0.3484279713643785,0.2088874623796964
2021-03-27,Yuba,115,75493.0,21718,463,6717,30,14397,431,597,2,6166,407,14216,409,8050,56,0.0816764468228842,0.1883088498271363,0.106632403004252
2021-03-26,Alameda,001,1643700.0,895517,21370,545636,12830,330255,6949,19320,1588,195090,8576,553981,10153,358891,12766,0.1186895418872057,0.3370329135487011,0.2183433716614954
2021-03-26,Alpine,003,1148.0,924,0,25,0,897,0,2,0,353,0,635,0,282,0,0.3074912891986063,0.5531358885017421,0.2456445993031359
2021-03-26,Amador,005,37829.0,21098,768,5646,45,15073,717,379,6,5492,276,13155,282,7663,481,0.1451796240979143,0.3477490813925824,0.2025694572946681
2021-03-26,Butte,007,227075.0,98770,1232,40726,447,55675,535,2364,250,22452,568,61709,818,39257,663,0.098874821094352,0.2717560277441374,0.1728812066497853
2021-03-26,Calaveras,009,45235.0,22353,473,6724,33,15332,432,297,8,4692,94,13420,102,8728,373,0.1037249917099591,0.2966729302531226,0.1929479385431634
2021-03-26,Colusa,011,21464.0,8633,304,1928,52,6309,249,395,3,2491,251,5751,254,3260,52,0.1160547894148341,0.2679370108087961,0.1518822213939619
2021-03-26,Contra Costa,013,1133247.0,671839,15633,398310,11204,263214,4006,10171,423,158662,8782,419797,9198,261135,6823,0.1400065475575933,0.3704373362559089,0.2304307886983155
2021-03-26,Del Norte,015,27424.0,9422,236,3854,116,5365,120,174,0,2661,188,6072,188,3411,47,0.097031796966161,0.2214119019836639,0.1243801050175029
2021-03-26,El Dorado,017,186661.0,95918,1890,43852,732,49707,1035,2347,123,23916,918,60970,1041,37054,960,0.1281253180900134,0.3266349157027981,0.1985095976127846
2021-03-26,Fresno,019,978130.0,423363,12489,196168,5537,216724,6234,10318,713,140920,4358,286505,5072,145585,8083,0.1440708290309059,0.2929109627554619,0.148840133724556
2021-03-26,Glenn,021,27897.0,11307,252,3605,38,7107,176,584,38,2704,199,7282,237,4578,51,0.0969279850880023,0.2610316521489766,0.1641036670609743
2021-03-26,Humboldt,023,135768.0,65828,2079,29823,446,33971,1575,1952,58,14176,1600,40892,1658,26716,476,0.1044134111130752,0.3011902657474515,0.1967768546343763
2021-03-26,Imperial,025,180216.0,78651,3809,36566,1294,36338,1507,5734,1008,26354,1340,55310,2344,28956,2452,0.1462356283570826,0.3069094863941048,0.1606738580370222
2021-03-26,Inyo,027,18085.0,10492,90,4224,4,6087,82,83,4,1829,70,6150,74,4321,20,0.101133536079624,0.3400608238871993,0.2389272878075753
2021-03-26,Kern,029,883053.0,291766,10023,129609,4490,150067,4251,12010,1280,87155,4658,194985,5935,107830,5334,0.0986973601810989,0.220807811082687,0.122110450901588
2021-03-26,Kings,031,150075.0,45044,1487,15351,394,27903,998,1770,95,15780,412,31297,507,15517,1072,0.1051474262868565,0.2085423954689322,0.1033949691820756
2021-03-26,Lake,033,64148.0,28785,77,9153,40,18676,33,956,4,6432,33,18059,37,11627,43,0.1002681299494918,0.2815208580158383,0.1812527280663465
2021-03-26,Lassen,035,31185.0,6925,72,1082,5,5517,30,317,37,2204,15,4707,51,2503,55,0.0706750040083373,0.1509379509379509,0.0802629469296136
2021-03-26,Los Angeles,037,10098052.0,4700105,119363,2418976,65114,2175093,49870,104491,4326,1355926,64832,3073704,69144,1717778,54179,0.1342759969942717,0.3043858360008445,0.1701098390065727
2021-03-26,Madera,039,155013.0,59937,1537,28296,584,29861,817,1748,135,17931,725,39598,860,21667,802,0.115674169263223,0.2554495429415597,0.1397753736783366
2021-03-26,Marin,041,260295.0,191773,4370,107279,2384,81474,1763,3012,223,46858,2370,120666,2592,73808,1985,0.1800188247949442,0.463574021782977,0.2835551969880328
2021-03-26,Mariposa,043,17540.0,7419,506,1103,14,6049,491,249,1,2516,244,5063,246,2547,263,0.1434435575826682,0.288654503990878,0.1452109464082098
2021-03-26,Mendocino,045,87422.0,59055,556,29661,396,28402,136,986,24,9982,115,34901,139,24919,440,0.1141817849054013,0.3992244515110613,0.2850426666056599
2021-03-26,Merced,047,269075.0,96808,2308,56061,1399,37254,861,2985,43,33182,889,65215,929,32033,1347,0.1233187772925764,0.2423673696924649,0.1190485923998885
2021-03-26,Modoc,049,8938.0,4017,6,415,3,3400,0,199,3,544,2,2379,5,1835,4,0.060863727903334,0.2661669277243231,0.205303199820989
2021-03-26,Mono,051,14174.0,10100,21,6396,3,3590,11,81,5,2178,8,6154,13,3976,10,0.1536616339777056,0.4341752504585861,0.2805136164808804
2021-03-26,Monterey,053,433212.0,185347,5665,78515,2702,100290,2859,6138,94,65097,2842,127970,2936,62873,2810,0.1502659206116174,0.2953980960822877,0.1451321754706702
2021-03-26,Napa,055,140530.0,92611,1342,43690,870,47516,467,1399,5,22392,603,58145,608,35753,737,0.1593396427809008,0.4137550700917953,0.2544154273108944
2021-03-26,Nevada,057,99092.0,53108,1267,26970,483,25098,742,1039,42,13706,863,33876,906,20170,404,0.1383159084487143,0.3418641262664998,0.2035482178177854
2021-03-26,Orange,059,3164182.0,1529065,36018,800767,18699,695263,16425,32219,891,447235,24761,1002199,25649,554964,11179,0.1413430074502667,0.3167324129901503,0.1753894055398836
2021-03-26,Placer,061,380077.0,210987,3855,112776,1711,95085,1909,3118,234,48085,1521,130919,1755,82834,2328,0.1265138379854608,0.3444538869755339,0.217940048990073
2021-03-26,Plumas,063,18699.0,9309,300,878,11,7995,287,417,2,2947,47,6317,49,3370,252,0.1576020108027167,0.3378255521685652,0.1802235413658484
2021-03-26,Riverside,065,2383286.0,962942,24824,492713,12396,447976,12248,21868,172,246862,15231,614934,15405,368072,9523,0.1035805186620489,0.2580193900354384,0.1544388713733895
2021-03-26,Sacramento,067,1510023.0,683795,18671,356406,9083,315046,9073,12287,513,192372,9140,443441,9656,251069,9482,0.1273967350166189,0.2936650633798293,0.1662683283632103
2021-03-26,San Benito,069,59416.0,24727,1072,8866,563,14953,504,859,5,8135,344,16782,350,8647,727,0.1369159822270095,0.2824491719402181,0.1455331897132085
2021-03-26,San Bernardino,071,2135413.0,737125,18820,394284,8929,328490,9102,14250,789,183954,11077,466986,11867,283032,7717,0.0861444601114632,0.2186865023299942,0.132542042218531
2021-03-26,San Diego,073,3302833.0,1700988,32725,803474,18402,871694,13776,25337,543,376647,17579,1054961,18345,678314,14830,0.114037555032301,0.3194109420609519,0.2053733870286508
2021-03-26,San Francisco,075,870044.0,546299,12388,333662,8541,200047,3605,12481,236,152926,5660,355460,5891,202534,6697,0.1757681220719871,0.4085540501399929,0.2327859280680057
2021-03-26,San Joaquin,077,732212.0,289237,6782,147037,2735,136780,3885,5396,162,82533,3383,185095,3547,102562,3296,0.1127173550829541,0.2527888097982551,0.140071454715301
2021-03-26,San Luis Obispo,079,281455.0,139859,3460,66560,1882,69227,1083,3984,493,36088,1865,89829,2357,53741,1583,0.1282194311701693,0.3191593682826739,0.1909399371125046
2021-03-26,San Mateo,081,765935.0,457575,11524,250668,7845,199653,3495,7093,181,104727,4214,284169,4396,179442,7290,0.1367309236423456,0.3710092893000059,0.2342783656576602
2021-03-26,Santa Barbara,083,443738.0,195062,5204,96367,3262,90696,1616,7811,322,59175,2141,130747,2462,71572,3046,0.1333557189152157,0.294649094736083,0.1612933758208672
2021-03-26,Santa Clara,085,1922200.0,932181,22851,483411,14480,427794,7940,19456,409,219278,13270,583641,13677,364363,9523,0.1140765789199875,0.303631776089897,0.1895551971699094
2021-03-26,Santa Cruz,087,273765.0,154251,3027,56964,1739,95055,1255,2213,33,35662,2013,95910,2047,60248,1002,0.1302650083100469,0.3503369678373788,0.2200719595273318
2021-03-26,Shasta,089,179085.0,68936,1788,29150,1358,37883,399,1878,30,16520,1411,43621,1441,27101,375,0.092246698495128,0.2435770723399503,0.1513303738448222
2021-03-26,Sierra,091,2930.0,1956,11,100,0,1852,11,4,0,334,7,1145,7,811,4,0.1139931740614334,0.3907849829351535,0.2767918088737201
2021-03-26,Siskiyou,093,43540.0,20081,334,6749,44,12877,288,440,2,5086,115,12787,117,7701,218,0.1168121267799724,0.2936839687643546,0.1768718419843822
2021-03-26,Solano,095,438530.0,223544,3325,110200,2148,110728,1133,2593,44,64611,1752,145199,1796,80588,1566,0.147335416049073,0.3311039153535676,0.1837684993044945
2021-03-26,Sonoma,097,501317.0,312776,7684,151544,3545,154283,4007,6920,131,74465,3781,196692,3913,122227,3880,0.1485387489353044,0.3923505486548431,0.2438117997195387
2021-03-26,Stanislaus,099,539301.0,210661,4817,104235,1424,99435,3314,6835,75,65589,2326,138901,2402,73312,2426,0.1216185395539782,0.2575574679075321,0.1359389283535539
2021-03-26,Sutter,101,95872.0,40502,512,14707,190,24876,306,918,16,9799,296,25544,312,15745,214,0.1022091955941255,0.2664385847797063,0.1642293891855807
2021-03-26,Tehama,103,63373.0,19422,595,3719,460,15273,121,425,14,4878,500,12341,514,7463,94,0.0769728433244441,0.1947359285500134,0.1177630852255692
2021-03-26,Trinity,105,12862.0,4994,83,500,6,4353,77,139,0,1102,77,3115,77,2013,6,0.0856787435857564,0.2421862851811538,0.1565075415953973
2021-03-26,Tulare,107,460477.0,171419,5389,90443,3194,77734,2078,3214,117,60678,2526,117485,2643,56807,2859,0.1317720537616428,0.2551376073072053,0.1233655535455625
2021-03-26,Tuolumne,109,53932.0,29226,293,7841,22,21126,245,256,26,6569,111,17790,136,11221,164,0.121801527849885,0.329859823481421,0.208058295631536
2021-03-26,Ventura,111,848112.0,418496,10137,199024,3434,211137,6037,8120,664,123709,3947,274745,4608,151036,6170,0.1458639896617428,0.3239489595713773,0.1780849699096345
2021-03-26,Yolo,113,214977.0,116296,2397,53101,1283,61295,1095,1893,19,30236,1035,74148,1053,43912,1358,0.1406476041623057,0.3449113160942798,0.2042637119319741
2021-03-26,Yuba,115,75493.0,21255,414,6687,142,13966,242,595,30,5813,232,13807,262,7994,180,0.0770005166041884,0.1828911289788457,0.1058906123746572
2021-03-25,Alameda,001,1643700.0,874147,21016,532806,11696,323306,7873,17732,1442,197703,9436,543828,10869,346125,11526,0.1202792480379631,0.3308559956196386,0.2105767475816755
2021-03-25,Alpine,003,1148.0,924,33,25,0,897,32,2,1,353,25,635,26,282,6,0.3074912891986063,0.5531358885017421,0.2456445993031359
2021-03-25,Amador,005,37829.0,20330,630,5601,95,14356,528,373,7,5691,403,12873,410,7182,223,0.1504401385180681,0.3402944830685453,0.1898543445504771
2021-03-25,Butte,007,227075.0,97538,1558,40279,1248,55140,217,2114,93,22297,1050,60891,1142,38594,505,0.0981922272376968,0.2681536937135307,0.169961466475834
2021-03-25,Calaveras,009,45235.0,21880,775,6691,115,14900,655,289,5,4963,454,13318,458,8355,309,0.1097159279319111,0.294418039128993,0.1847021111970819
2021-03-25,Colusa,011,21464.0,8329,117,1876,71,6060,41,392,5,2289,55,5497,60,3208,61,0.1066436824450242,0.2561032426388371,0.1494595601938129
2021-03-25,Contra Costa,013,1133247.0,656206,15926,387106,12341,259208,3275,9748,310,156287,9576,410599,9882,254312,6323,0.1379107996756223,0.3623208356165955,0.2244100359409731
2021-03-25,Del Norte,015,27424.0,9186,198,3738,89,5245,108,174,0,2520,82,5884,82,3364,115,0.0918903150525087,0.2145565927654609,0.1226662777129521
2021-03-25,El Dorado,017,186661.0,94028,2512,43120,1668,48672,736,2224,108,23835,1334,59929,1443,36094,1174,0.1276913763453533,0.3210579606880923,0.1933665843427389
2021-03-25,Fresno,019,978130.0,410874,12405,190631,5753,210490,5790,9605,861,143931,4575,281433,5432,137502,7793,0.1471491519532168,0.2877255579524194,0.1405764059992025
2021-03-25,Glenn,021,27897.0,11055,521,3567,276,6931,150,546,94,2518,385,7045,479,4527,135,0.090260601498369,0.2525361149944438,0.1622755134960748
2021-03-25,Humboldt,023,135768.0,63749,1845,29377,1209,32396,573,1894,62,12994,910,39234,971,26240,929,0.095707383183077,0.2889782570266926,0.1932708738436155
2021-03-25,Imperial,025,180216.0,74842,3419,35272,822,34831,946,4726,1651,26462,1284,52966,2931,26504,2125,0.146834909220047,0.2939028721090247,0.1470679628889776
2021-03-25,Inyo,027,18085.0,10402,334,4220,111,6005,219,79,3,1775,266,6076,269,4301,67,0.0981476361625656,0.3359690351119712,0.2378213989494055
2021-03-25,Kern,029,883053.0,281743,6953,125119,3078,145816,3538,10730,336,86554,3230,189050,3563,102496,3697,0.09801676683053,0.2140868101914607,0.1160700433609307
2021-03-25,Kings,031,150075.0,43557,1139,14957,481,26905,626,1675,32,16345,441,30790,472,14445,695,0.1089122105613859,0.2051640846243544,0.0962518740629685
2021-03-25,Lake,033,64148.0,28708,676,9113,487,18643,185,952,4,6438,161,18022,165,11584,515,0.1003616636528029,0.2809440668454199,0.180582403192617
2021-03-25,Lassen,035,31185.0,6853,144,1077,16,5487,128,280,0,2208,61,4656,61,2448,83,0.0708032708032708,0.1493025493025493,0.0784992784992785
2021-03-25,Los Angeles,037,10098052.0,4580742,113963,2353862,61478,2125223,48431,100165,4019,1340961,62503,3004560,66515,1663599,51175,0.1327940279966868,0.2975385747666976,0.1647445467700106
2021-03-25,Madera,039,155013.0,58400,1212,27712,555,29044,630,1613,27,17873,646,38738,673,20865,563,0.115300007096179,0.2499016211543548,0.1346016140581757
2021-03-25,Marin,041,260295.0,187403,4689,104895,2839,79711,1777,2789,73,46251,2179,118074,2250,71823,2501,0.1776868552987956,0.4536160894369849,0.2759292341381893
2021-03-25,Mariposa,043,17540.0,6913,77,1089,14,5558,54,248,9,2533,48,4817,57,2284,27,0.1444127708095781,0.2746294184720638,0.1302166476624857
2021-03-25,Mendocino,045,87422.0,58499,2044,29265,56,28266,1968,962,20,10283,167,34762,185,24479,1865,0.1176248541557045,0.3976344627210542,0.2800096085653497
2021-03-25,Merced,047,269075.0,94500,3691,54662,2604,36393,1058,2942,26,33600,2096,64286,2132,30686,1557,0.1248722475146334,0.2389148007061228,0.1140425531914893
2021-03-25,Modoc,049,8938.0,4011,76,412,3,3400,71,196,2,543,44,2374,46,1831,32,0.0607518460505705,0.2656075184605057,0.2048556724099351
2021-03-25,Mono,051,14174.0,10079,25,6393,5,3579,14,76,6,2175,18,6141,24,3966,7,0.1534499788344857,0.4332580781712996,0.2798080993368139
2021-03-25,Monterey,053,433212.0,179682,5548,75813,1302,97431,3859,6044,375,64971,2712,125034,3086,60063,2815,0.1499750699426608,0.2886208138278718,0.1386457438852109
2021-03-25,Napa,055,140530.0,91269,2011,42820,1092,47049,862,1394,57,22521,765,57537,822,35016,1242,0.1602575962427951,0.4094285917597666,0.2491709955169714
2021-03-25,Nevada,057,99092.0,51841,979,26487,499,24356,448,997,32,13204,522,32970,552,19766,453,0.1332499091753118,0.3327211076575304,0.1994711984822185
2021-03-25,Orange,059,3164182.0,1493047,33583,782068,17912,678838,14932,31328,731,432765,24369,976550,25107,543785,9141,0.1367699455973139,0.3086263685211533,0.1718564229238394
2021-03-25,Placer,061,380077.0,207132,3960,111065,1910,93176,1947,2884,103,48658,1706,129164,1808,80506,2246,0.1280214272371125,0.3398364015712605,0.2118149743341481
2021-03-25,Plumas,063,18699.0,9009,341,867,10,7708,325,415,3,3150,190,6268,191,3118,148,0.1684582063211936,0.3352050911813466,0.1667468848601529
2021-03-25,Riverside,065,2383286.0,938118,21749,480317,12018,435728,9523,21696,198,240980,14325,599529,14527,358549,7368,0.1011124976188338,0.2515556253005304,0.1504431276816966
2021-03-25,Sacramento,067,1510023.0,665124,14528,347323,8551,305973,5130,11774,846,192198,8596,433785,9439,241587,5907,0.1272815049836989,0.2872704587943362,0.1599889538106373
2021-03-25,San Benito,069,59416.0,23655,775,8303,453,14449,314,854,4,8512,446,16432,450,7920,323,0.1432610744580584,0.2765585027601993,0.1332974283021408
2021-03-25,San Bernardino,071,2135413.0,718305,17444,385355,8495,319388,8631,13461,317,179804,10855,455119,11167,275315,6542,0.084201042140326,0.2131292635195159,0.1289282213791898
2021-03-25,San Diego,073,3302833.0,1668263,31124,785072,18771,857918,11639,24794,706,373132,18106,1036616,19054,663484,12744,0.1129733171492473,0.3138566194536629,0.2008833023044156
2021-03-25,San Francisco,075,870044.0,533911,12350,325121,8909,196442,2844,12245,597,153732,5495,349569,6090,195837,6817,0.1766945120016918,0.4017831282096077,0.2250886162079159
2021-03-25,San Joaquin,077,732212.0,282455,6026,144302,3529,132895,2448,5234,49,82282,3479,181548,3530,99266,2463,0.1123745581880657,0.2479445843553506,0.1355700261672849
2021-03-25,San Luis Obispo,079,281455.0,136399,3800,64678,2375,68144,1410,3491,13,35314,2654,87472,2667,52158,1136,0.1254694356113766,0.3107850278019576,0.185315592190581
2021-03-25,San Mateo,081,765935.0,446051,10396,242823,5141,196158,4927,6912,325,107621,4452,279773,4779,172152,5908,0.1405093121478976,0.3652698988817588,0.2247605867338612
2021-03-25,Santa Barbara,083,443738.0,189858,5802,93105,3363,89080,2217,7489,214,59759,2868,128285,3080,68526,2917,0.1346718108433355,0.289100775682948,0.1544289648396125
2021-03-25,Santa Clara,085,1922200.0,909330,23766,468931,13587,419854,9192,19047,976,215124,14149,569964,15119,354840,9546,0.1119155134741442,0.2965164915201332,0.1846009780459889
2021-03-25,Santa Cruz,087,273765.0,151224,2646,55225,1293,93800,1240,2180,112,34617,1259,93863,1372,59246,1372,0.1264478658703632,0.3428597519770606,0.2164118861066973
2021-03-25,Shasta,089,179085.0,67148,1117,27792,417,37484,678,1848,22,15454,775,42180,798,26726,338,0.0862942178295222,0.2355306139542675,0.1492363961247452
2021-03-25,Sierra,091,2930.0,1945,89,100,2,1841,87,4,0,331,44,1138,44,807,44,0.1129692832764505,0.38839590443686,0.2754266211604095
2021-03-25,Siskiyou,093,43540.0,19747,562,6705,313,12589,248,438,1,5187,390,12670,391,7483,173,0.1191318327974276,0.2909967845659164,0.1718649517684887
2021-03-25,Solano,095,438530.0,220219,5029,108052,4089,109595,904,2549,36,64381,2280,143403,2316,79022,2743,0.1468109365379791,0.3270084144756345,0.1801974779376553
2021-03-25,Sonoma,097,501317.0,305092,7420,147999,4288,150276,2968,6789,164,74432,4255,192779,4419,118347,3139,0.1484729223226022,0.3845451081850406,0.2360721858624383
2021-03-25,Stanislaus,099,539301.0,205844,4338,102811,2849,96121,1471,6760,15,65613,1870,136499,1885,70886,2375,0.1216630416038538,0.2531035544158086,0.1314405128119547
2021-03-25,Sutter,101,95872.0,39990,1053,14517,681,24570,325,902,47,9701,367,25232,414,15531,679,0.1011869993324432,0.2631842456608811,0.1619972463284379
2021-03-25,Tehama,103,63373.0,18827,607,3259,415,15152,179,411,13,4458,549,11827,562,7369,58,0.0703454152399286,0.1866252189418206,0.1162798037018919
2021-03-25,Trinity,105,12862.0,4911,113,494,7,4276,100,139,6,1031,87,3038,93,2007,26,0.0801586067485616,0.2361996579070129,0.1560410511584512
2021-03-25,Tulare,107,460477.0,166030,3594,87249,1843,75656,1585,3097,165,60894,1661,114842,1825,53948,1925,0.13224113256471,0.2493979069530074,0.1171567743882973
2021-03-25,Tuolumne,109,53932.0,28933,1293,7819,26,20881,1264,230,3,6597,306,17654,310,11057,961,0.1223207001409182,0.3273381294964029,0.2050174293554847
2021-03-25,Ventura,111,848112.0,408359,8910,195590,3940,205100,4847,7456,118,125271,4411,270137,4528,144866,4485,0.1477057275454185,0.3185157149055785,0.1708099873601599
2021-03-25,Yolo,113,214977.0,113899,2595,51818,1470,60200,1094,1874,31,30541,1262,73095,1293,42554,1331,0.1420663605874116,0.3400131176823567,0.197946757094945
2021-03-25,Yuba,115,75493.0,20841,527,6545,278,13724,227,565,22,5731,257,13545,279,7814,270,0.0759143231822818,0.1794206085332415,0.1035062853509597
2021-03-24,Alameda,001,1643700.0,853131,19653,521110,11884,315433,6750,16290,1017,198360,8497,532959,9509,334599,11131,0.1206789560138711,0.3242434750866946,0.2035645190728235
2021-03-24,Alpine,003,1148.0,891,18,25,0,865,18,1,0,333,8,609,8,276,10,0.2900696864111498,0.5304878048780488,0.2404181184668989
2021-03-24,Amador,005,37829.0,19700,356,5506,48,13828,57,366,251,5504,39,12463,286,6959,308,0.1454968410478733,0.3294562372782785,0.1839593962304052
2021-03-24,Butte,007,227075.0,95980,2325,39031,1306,54923,892,2021,127,21660,1713,59749,1834,38089,604,0.0953869866784102,0.2631245183309479,0.1677375316525377
2021-03-24,Calaveras,009,45235.0,21105,160,6576,58,14245,87,284,15,4814,48,12860,62,8046,109,0.1064220183486238,0.2842931358461368,0.177871117497513
2021-03-24,Colusa,011,21464.0,8212,381,1805,56,6019,313,387,11,2290,69,5437,79,3147,311,0.1066902720834886,0.2533078643309728,0.1466175922474841
2021-03-24,Contra Costa,013,1133247.0,640280,15614,374765,12115,255933,3277,9438,221,152728,9252,400717,9476,247989,6339,0.1347702663232287,0.3536007595872744,0.2188304932640457
2021-03-24,Del Norte,015,27424.0,8988,406,3649,108,5137,251,174,41,2553,224,5802,265,3249,176,0.0930936406067678,0.2115665110851808,0.118472870478413
2021-03-24,El Dorado,017,186661.0,91516,1525,41452,672,47936,653,2116,200,23566,656,58486,853,34920,855,0.1262502611686426,0.3133273688665549,0.1870771076979122
2021-03-24,Fresno,019,978130.0,398469,9241,184878,4081,204700,4303,8744,855,146292,5001,276001,5862,129709,4215,0.1495629415312893,0.2821721039125678,0.1326091623812785
2021-03-24,Glenn,021,27897.0,10534,214,3291,106,6781,103,452,5,2174,121,6566,126,4392,92,0.0779295264723805,0.2353658099437215,0.157436283471341
2021-03-24,Humboldt,023,135768.0,61904,1428,28168,401,31823,981,1832,46,12952,1038,38263,1084,25311,388,0.0953980319368334,0.2818263508337753,0.1864283188969418
2021-03-24,Imperial,025,180216.0,71423,2444,34450,668,33885,1332,3075,444,25656,1337,50035,1785,24379,1097,0.1423624983353309,0.2776390553557952,0.1352765570204643
2021-03-24,Inyo,027,18085.0,10068,144,4109,2,5786,135,76,4,1573,86,5807,90,4234,55,0.0869781586950511,0.321094829969588,0.2341166712745369
2021-03-24,Kern,029,883053.0,274790,7317,122041,3746,142278,3075,10394,494,86688,3650,185487,4143,98799,3647,0.0981685131017051,0.2100519447870059,0.1118834316853008
2021-03-24,Kings,031,150075.0,42418,1169,14476,486,26279,655,1643,26,16568,516,30318,542,13750,649,0.1103981342662002,0.2020189905047476,0.0916208562385473
2021-03-24,Lake,033,64148.0,28032,432,8626,66,18458,358,948,8,6788,327,17857,336,11069,102,0.10581779634595,0.2783718900043649,0.1725540936584149
2021-03-24,Lassen,035,31185.0,6709,170,1061,5,5359,163,280,2,2230,83,4595,85,2365,87,0.0715087381754048,0.147346480679814,0.0758377425044091
2021-03-24,Los Angeles,037,10098052.0,4466779,107544,2292384,57309,2076792,46965,96146,3246,1325621,60650,2938045,63893,1612424,46589,0.1312749231237866,0.2909516607757615,0.1596767376519748
2021-03-24,Madera,039,155013.0,57188,1002,27157,535,28414,435,1586,32,17763,639,38065,670,20302,359,0.1145903891931644,0.2455600498022746,0.1309696606091102
2021-03-24,Marin,041,260295.0,182714,4550,102056,2946,77934,1496,2716,108,46502,1785,115824,1894,69322,2761,0.1786511458153249,0.4449720509422002,0.2663209051268753
2021-03-24,Mariposa,043,17540.0,6836,76,1075,8,5504,66,239,2,2503,69,4760,71,2257,10,0.1427023945267959,0.2713797035347776,0.1286773090079817
2021-03-24,Mendocino,045,87422.0,56455,961,29209,878,26298,29,942,54,11963,109,34577,162,22614,851,0.1368419848550708,0.3955182905904692,0.2586763057353984
2021-03-24,Merced,047,269075.0,90809,1806,52058,1198,35335,563,2916,41,33025,1010,62154,1053,29129,771,0.1227352968503205,0.2309913592864443,0.1082560624361237
2021-03-24,Modoc,049,8938.0,3935,31,409,3,3329,18,194,10,529,2,2328,12,1799,29,0.0591855001118818,0.2604609532333855,0.2012754531215037
2021-03-24,Mono,051,14174.0,10054,13,6388,1,3565,8,70,4,2158,6,6117,10,3959,7,0.1522505996895724,0.4315648370255397,0.2793142373359673
2021-03-24,Monterey,053,433212.0,174134,5434,74511,2287,93572,2806,5669,339,64700,3935,121948,4268,57248,1487,0.14934951017054,0.2814972807770791,0.132147770606539
2021-03-24,Napa,055,140530.0,89258,1728,41728,944,46187,773,1337,11,22941,818,56715,830,33774,907,0.1632462819326834,0.4035793069095567,0.2403330249768732
2021-03-24,Nevada,057,99092.0,50862,1084,25988,594,23908,483,965,7,13105,660,32418,668,19313,421,0.1322508376054575,0.3271505267831914,0.1948996891777338
2021-03-24,Orange,059,3164182.0,1459464,30133,764156,16882,663906,12314,30597,933,416799,22232,951443,23166,534644,7830,0.1317240917241802,0.3006916163482379,0.1689675246240576
2021-03-24,Placer,061,380077.0,203172,3924,109155,2060,91229,1766,2781,98,49096,1959,127356,2057,78260,1958,0.12917382530382,0.335079470738824,0.2059056454350039
2021-03-24,Plumas,063,18699.0,8668,682,857,7,7383,674,412,1,3107,232,6077,233,2970,450,0.1661586181079202,0.3249906412107599,0.1588320231028397
2021-03-24,Riverside,065,2383286.0,916369,19265,468299,10760,426205,8357,21498,138,233821,12951,585002,13096,351181,6259,0.0981086617384569,0.2454602594904682,0.1473515977520113
2021-03-24,Sacramento,067,1510023.0,650596,12055,338772,7326,300843,4102,10928,625,188666,6614,424346,7253,235680,5416,0.124942467763736,0.2810195606292089,0.1560770928654729
2021-03-24,San Benito,069,59416.0,22880,614,7850,323,14135,282,850,9,8385,364,15982,373,7597,247,0.1411236030698801,0.2689847852430321,0.127861182173152
2021-03-24,San Bernardino,071,2135413.0,700861,15513,376860,7961,310757,7234,13144,318,175179,10073,443952,10391,268773,5415,0.0820351847628538,0.2078998301499522,0.1258646453870984
2021-03-24,San Diego,073,3302833.0,1637139,30133,766301,20120,846279,9588,24088,417,366822,17130,1017562,17796,650740,12729,0.1110628360561978,0.3080876326474878,0.1970247965912899
2021-03-24,San Francisco,075,870044.0,521561,12620,316212,9574,193598,2479,11648,565,154459,5961,343479,6526,189020,6627,0.1775301019258796,0.3947834822146926,0.2172533802888129
2021-03-24,San Joaquin,077,732212.0,276429,7329,140773,4539,130447,2688,5185,102,81215,3094,178018,3199,96803,4129,0.1109173299536199,0.2431235762320202,0.1322062462784002
2021-03-24,San Luis Obispo,079,281455.0,132599,3665,62303,2250,66734,1328,3478,84,33783,2673,84805,2756,51022,984,0.1200298449130411,0.301309267911389,0.1812794229983478
2021-03-24,San Mateo,081,765935.0,435655,9753,237682,5674,191231,3920,6587,154,108750,4145,274994,4302,166244,5574,0.1419833275669606,0.3590304660317128,0.2170471384647522
2021-03-24,Santa Barbara,083,443738.0,184056,5507,89742,3165,86863,1561,7275,780,59596,2920,125205,3694,65609,2574,0.1343044769661376,0.2821597429113576,0.1478552659452199
2021-03-24,Santa Clara,085,1922200.0,885564,23478,455344,14975,410662,8033,18071,447,209551,14418,554845,14864,345294,9001,0.109016231401519,0.2886510248673395,0.1796347934658204
2021-03-24,Santa Cruz,087,273765.0,148578,3106,53932,2072,92560,1008,2068,26,34617,2061,92491,2087,57874,1035,0.1264478658703632,0.3378481544390261,0.2114002885686629
2021-03-24,Shasta,089,179085.0,66031,628,27375,171,36806,420,1826,36,14994,375,41382,411,26388,251,0.0837256051595611,0.2310746293659435,0.1473490242063824
2021-03-24,Sierra,091,2930.0,1856,3,98,0,1754,3,4,0,331,2,1094,2,763,1,0.1129692832764505,0.3733788395904437,0.2604095563139931
2021-03-24,Siskiyou,093,43540.0,19185,155,6392,50,12341,105,437,0,4969,115,12279,116,7310,40,0.1141249425815342,0.2820165365181442,0.16789159393661
2021-03-24,Solano,095,438530.0,215190,2922,103963,1818,108691,1067,2513,37,64808,1369,141087,1406,76279,1546,0.1477846441520534,0.3217271338334891,0.1739424896814357
2021-03-24,Sonoma,097,501317.0,297672,7022,143711,4364,147308,2561,6625,95,73152,4199,188360,4289,115208,2801,0.1459196476480949,0.3757303263204719,0.2298106786723769
2021-03-24,Stanislaus,099,539301.0,201506,4488,99962,3024,94650,1382,6745,81,66103,2489,134614,2571,68511,1928,0.1225716251221488,0.2496082892484901,0.1270366641263413
2021-03-24,Sutter,101,95872.0,38937,1702,13836,779,24245,851,855,72,9966,296,24818,368,14852,1395,0.1039511014686248,0.2588659879839786,0.1549148865153538
2021-03-24,Tehama,103,63373.0,18220,106,2844,21,14973,80,398,5,3954,68,11265,73,7311,38,0.06239250153851,0.1777570889811118,0.1153645874426017
2021-03-24,Trinity,105,12862.0,4798,12,487,2,4176,10,133,0,964,9,2945,9,1981,3,0.0749494635359975,0.2289690561343492,0.1540195925983517
2021-03-24,Tulare,107,460477.0,162436,3298,85406,2029,74071,1226,2932,43,60994,1735,113017,1777,52023,1554,0.1324582986772412,0.2454346253993141,0.1129763267220729
2021-03-24,Tuolumne,109,53932.0,27640,117,7793,21,19617,78,227,18,7248,79,17344,97,10096,35,0.134391455907439,0.3215901505599644,0.1871986946525254
2021-03-24,Ventura,111,848112.0,399449,9070,191650,3480,200253,5501,7338,85,125228,4386,265609,4470,140381,4654,0.1476550266945875,0.3131767974041164,0.1655217707095289
2021-03-24,Yolo,113,214977.0,111304,2897,50348,1433,59106,1412,1843,52,30579,1357,71802,1411,41223,1536,0.1422431236829986,0.3339985207719895,0.1917553970889909
2021-03-24,Yuba,115,75493.0,20314,770,6267,260,13497,431,543,79,5722,190,13266,269,7544,579,0.0757951068310969,0.1757249016465102,0.0999297948154133
2021-03-23,Alameda,001,1643700.0,833478,19668,509226,11919,308683,6918,15273,824,199982,9818,523450,10644,323468,9826,0.1216657540913792,0.3184583561477155,0.1967926020563363
2021-03-23,Alpine,003,1148.0,873,0,25,0,847,0,1,0,335,0,601,0,266,0,0.2918118466898954,0.5235191637630662,0.2317073170731707
2021-03-23,Amador,005,37829.0,19344,448,5458,49,13771,392,115,7,5526,268,12177,275,6651,169,0.1460784054561315,0.3218958999709218,0.1758174945147902
2021-03-23,Butte,007,227075.0,93655,1851,37725,512,54031,1227,1894,112,20430,1502,57915,1612,37485,347,0.0899702741385004,0.2550478916657492,0.1650776175272487
2021-03-23,Calaveras,009,45235.0,20945,303,6518,210,14158,82,269,11,4861,108,12798,119,7937,182,0.1074610368077815,0.2829225157510777,0.1754614789432961
2021-03-23,Colusa,011,21464.0,7831,90,1749,16,5706,71,376,3,2522,60,5358,63,2836,29,0.1174990682072307,0.2496272828922847,0.132128214685054
2021-03-23,Contra Costa,013,1133247.0,624666,16326,362650,11241,252656,4903,9217,182,149591,9293,391241,9474,241650,7015,0.1320021142787053,0.3452389461432503,0.2132368318645449
2021-03-23,Del Norte,015,27424.0,8582,335,3541,165,4886,151,133,19,2464,156,5537,175,3073,179,0.0898483080513418,0.2019034422403734,0.1120551341890315
2021-03-23,El Dorado,017,186661.0,89991,1202,40780,484,47283,621,1916,97,23568,752,57633,849,34065,448,0.1262609757796219,0.3087575872838997,0.1824966115042778
2021-03-23,Fresno,019,978130.0,389228,10829,180797,5410,200397,4895,7889,522,144645,5148,270139,5671,125494,5658,0.147879116272888,0.2761790355065278,0.1282999192336397
2021-03-23,Glenn,021,27897.0,10320,171,3185,67,6678,57,447,47,2140,105,6440,152,4300,66,0.0767107574291142,0.2308491952539699,0.1541384378248557
2021-03-23,Humboldt,023,135768.0,60476,448,27767,56,30842,350,1786,41,12256,338,37179,379,24923,109,0.0902716398562253,0.2738421424783454,0.18357050262212
2021-03-23,Imperial,025,180216.0,68979,1665,33782,581,32553,1063,2631,20,24968,1003,48250,1023,23282,658,0.1385448572823722,0.2677342744262441,0.1291894171438718
2021-03-23,Inyo,027,18085.0,9924,206,4107,5,5651,194,72,7,1538,112,5717,119,4179,94,0.085042853193254,0.3161183301078241,0.2310754769145701
2021-03-23,Kern,029,883053.0,267473,4824,118295,1718,139203,2900,9900,205,86192,2485,181344,2690,95152,2320,0.0976068254113852,0.205360267164032,0.1077534417526467
2021-03-23,Kings,031,150075.0,41249,1078,13990,516,25624,509,1617,53,16675,582,29776,634,13101,496,0.1111111111111111,0.198407462935199,0.0872963518240879
2021-03-23,Lake,033,64148.0,27600,430,8560,25,18100,391,940,14,6554,364,17521,378,10967,65,0.1021699819168173,0.2731340026189437,0.1709640207021263
2021-03-23,Lassen,035,31185.0,6539,108,1056,10,5196,97,278,1,2232,57,4510,58,2278,51,0.0715728715728715,0.1446208112874779,0.0730479397146063
2021-03-23,Los Angeles,037,10098052.0,4359235,99047,2235075,53957,2029827,41743,92900,3316,1308317,58737,2874152,62051,1565835,40069,0.1295613252932347,0.2846244008250304,0.1550630755317956
2021-03-23,Madera,039,155013.0,56186,1446,26622,878,27979,480,1554,88,17452,679,37395,766,19943,756,0.1125841058491868,0.2412378316657312,0.1286537258165444
2021-03-23,Marin,041,260295.0,178164,4347,99110,2289,76438,1922,2608,136,47369,1867,113930,2003,66561,2472,0.1819819819819819,0.4376956914270347,0.2557137094450527
2021-03-23,Mariposa,043,17540.0,6760,60,1067,39,5438,9,237,12,2442,37,4689,49,2247,23,0.139224629418472,0.2673318129988598,0.1281071835803877
2021-03-23,Mendocino,045,87422.0,55494,177,28331,37,26269,109,888,30,12652,120,34415,150,21763,55,0.1447232961954656,0.3936652101301732,0.2489419139347075
2021-03-23,Merced,047,269075.0,89003,2097,50860,1313,34772,712,2875,65,32743,1416,61101,1480,28358,640,0.1216872619158227,0.2270779522437982,0.1053906903279754
2021-03-23,Modoc,049,8938.0,3904,63,406,5,3311,55,184,3,546,41,2316,44,1770,22,0.061087491608861,0.2591183710002238,0.1980308793913627
2021-03-23,Mono,051,14174.0,10041,52,6387,8,3557,38,66,5,2155,19,6107,24,3952,32,0.1520389445463524,0.4308593198814731,0.2788203753351206
2021-03-23,Monterey,053,433212.0,168700,4235,72224,2471,90766,1716,5330,44,61919,2630,117680,2674,55761,1597,0.1429300204057136,0.271645291450837,0.1287152710451234
2021-03-23,Napa,055,140530.0,87530,1939,40784,1235,45414,689,1326,15,23018,1013,55885,1028,32867,916,0.1637942076424962,0.3976730947128727,0.2338788870703764
2021-03-23,Nevada,057,99092.0,49778,900,25394,412,23425,460,958,28,12858,651,31750,679,18892,246,0.1297582044968312,0.3204093165946797,0.1906511120978484
2021-03-23,Orange,059,3164182.0,1429331,26992,747274,14129,651592,12204,29664,656,401463,20999,928277,21657,526814,5925,0.1268773414424328,0.2933702928592603,0.1664929514168275
2021-03-23,Placer,061,380077.0,199248,3641,107095,2133,89463,1413,2683,95,48997,2565,125299,2660,76302,1073,0.1289133517681943,0.3296674094986016,0.2007540577304072
2021-03-23,Plumas,063,18699.0,7986,32,850,3,6709,29,411,0,3324,17,5844,17,2520,15,0.1777635167656024,0.3125300818225573,0.1347665650569549
2021-03-23,Riverside,065,2383286.0,897104,19021,457539,10706,417848,7893,21360,418,226984,11909,571906,12330,344922,7073,0.0952399334364402,0.2399653251854792,0.1447253917490389
2021-03-23,Sacramento,067,1510023.0,638541,11709,331446,6914,296741,3983,10303,810,186829,7413,417093,8224,230264,4268,0.1237259300023907,0.2762163225328355,0.1524903925304449
2021-03-23,San Benito,069,59416.0,22266,489,7527,200,13853,277,841,11,8259,215,15609,225,7350,273,0.1390029621650733,0.2627070149454692,0.1237040527803958
2021-03-23,San Bernardino,071,2135413.0,685348,15850,368899,8923,303523,6296,12826,631,170203,9635,433561,10265,263358,6190,0.0797049563714372,0.2030337925263169,0.1233288361548796
2021-03-23,San Diego,073,3302833.0,1607006,26499,746181,13929,836691,12248,23671,320,361755,17135,999766,17725,638011,9119,0.1095286985445525,0.3026995309784055,0.193170832433853
2021-03-23,San Francisco,075,870044.0,508941,11713,306638,7728,191119,3334,11083,651,154560,5951,336953,6601,182393,5742,0.1776461880088823,0.3872827121386964,0.2096365241298141
2021-03-23,San Joaquin,077,732212.0,269100,5695,136234,2806,127759,2714,5083,173,82145,3801,174819,3975,92674,1829,0.112187453906792,0.2387546229780446,0.1265671690712526
2021-03-23,San Luis Obispo,079,281455.0,128934,3438,60053,2276,65406,1130,3394,30,32011,2246,82049,2276,50038,1184,0.1137339894476914,0.2915172940612176,0.1777833046135261
2021-03-23,San Mateo,081,765935.0,425902,10062,232008,4699,187311,5161,6433,199,110022,4475,270692,4673,160670,5559,0.1436440429018128,0.3534138014322364,0.2097697585304236
2021-03-23,Santa Barbara,083,443738.0,178549,4549,86577,2302,85302,2135,6495,110,58476,3716,121511,3824,63035,823,0.1317804650491957,0.2738350107495865,0.1420545457003907
2021-03-23,Santa Clara,085,1922200.0,862086,20136,440369,12759,402629,6816,17624,548,203688,10774,539981,11321,336293,9302,0.1059660805327229,0.2809182187077307,0.1749521381750078
2021-03-23,Santa Cruz,087,273765.0,145472,2604,51860,1417,91552,1101,2042,85,33565,1620,90404,1705,56839,974,0.1226051540554855,0.3302248278633134,0.2076196738078279
2021-03-23,Shasta,089,179085.0,65403,1312,27204,656,36386,598,1790,58,14834,744,40971,801,26137,568,0.0828321746656615,0.2287796297847391,0.1459474551190775
2021-03-23,Sierra,091,2930.0,1853,21,98,0,1751,21,4,0,330,12,1092,12,762,9,0.1126279863481228,0.3726962457337884,0.2600682593856655
2021-03-23,Siskiyou,093,43540.0,19030,167,6342,18,12236,140,437,9,4893,118,12163,127,7270,48,0.1123794212218649,0.2793523197060175,0.1669728984841525
2021-03-23,Solano,095,438530.0,212268,3743,102145,1782,107624,1911,2476,50,64948,1311,139681,1361,74733,2425,0.1481038925501105,0.3185209677787152,0.1704170752286046
2021-03-23,Sonoma,097,501317.0,290650,6016,139347,3703,144747,2237,6530,76,71664,4458,184071,4534,112407,1551,0.1429514658389801,0.3671748614150328,0.2242233955760526
2021-03-23,Stanislaus,099,539301.0,197018,3920,96938,1997,93268,1668,6664,253,65460,2668,132043,2930,66583,1195,0.1213793410358964,0.2448410071555587,0.1234616661196623
2021-03-23,Sutter,101,95872.0,37235,386,13057,121,23394,228,783,37,10993,246,24450,283,13457,139,0.1146633010680907,0.2550275367156208,0.14036423564753
2021-03-23,Tehama,103,63373.0,18114,115,2823,41,14893,67,393,7,3919,83,11192,90,7273,32,0.0618402158648004,0.1766051788616603,0.1147649629968598
2021-03-23,Trinity,105,12862.0,4786,96,485,2,4166,93,133,1,958,78,2936,79,1978,18,0.0744829730990514,0.2282693204789301,0.1537863473798787
2021-03-23,Tulare,107,460477.0,159138,3907,83377,2229,72845,1610,2889,68,60771,2094,111240,2160,50469,1803,0.1319740182462968,0.2415755835796359,0.1096015653333391
2021-03-23,Tuolumne,109,53932.0,27523,735,7772,641,19539,78,209,15,7186,674,17247,688,10061,46,0.1332418601201513,0.3197915894088852,0.1865497292887339
2021-03-23,Ventura,111,848112.0,390379,8390,188170,3963,194752,4345,7253,79,125412,4603,261139,4683,135727,3760,0.1478719791725621,0.3079062670967985,0.1600342879242364
2021-03-23,Yolo,113,214977.0,108407,1767,48915,971,57694,739,1791,57,30704,1072,70391,1129,39687,692,0.1428245812342715,0.3274350279332207,0.1846104466989492
2021-03-23,Yuba,115,75493.0,19544,287,6007,86,13066,172,464,28,6032,188,12997,216,6965,96,0.0799014478163538,0.1721616573722067,0.0922602095558528
2021-03-22,Alameda,001,1643700.0,813810,15377,497307,10279,301765,4081,14449,1010,199164,6964,512806,7971,313642,8370,0.1211680963679503,0.3119827219078907,0.1908146255399403
2021-03-22,Alpine,003,1148.0,873,25,25,0,847,25,1,0,335,15,601,15,266,9,0.2918118466898954,0.5235191637630662,0.2317073170731707
2021-03-22,Amador,005,37829.0,18896,124,5409,39,13379,57,108,28,5420,54,11902,83,6482,72,0.1432763223981601,0.3146263448676941,0.1713500224695339
2021-03-22,Butte,007,227075.0,91804,1546,37213,392,52804,1056,1782,98,19165,1254,56303,1352,37138,290,0.0843994275019266,0.2479489155565341,0.1635494880546075
2021-03-22,Calaveras,009,45235.0,20642,91,6308,46,14076,23,258,22,4924,23,12679,44,7755,66,0.1088537636785674,0.2802918094395932,0.1714380457610257
2021-03-22,Colusa,011,21464.0,7741,73,1733,11,5635,49,373,13,2488,47,5295,60,2807,26,0.1159150204994409,0.2466921356690272,0.1307771151695863
2021-03-22,Contra Costa,013,1133247.0,608340,12134,351409,9139,247753,2729,9035,264,147132,6897,381767,7160,234635,5213,0.1298322431032246,0.3368788975395478,0.2070466544363232
2021-03-22,Del Norte,015,27424.0,8247,42,3376,4,4735,37,114,1,2468,39,5362,40,2894,3,0.0899941656942823,0.1955221703617269,0.1055280046674445
2021-03-22,El Dorado,017,186661.0,88789,1502,40296,509,46662,913,1819,80,23167,1154,56784,1233,33617,345,0.1241126962782798,0.304209234923203,0.1800965386449231
2021-03-22,Fresno,019,978130.0,378399,5850,175387,2983,195502,2254,7367,611,144632,3846,264468,4456,119836,1981,0.1478658256060032,0.2703812376677946,0.1225154120617913
2021-03-22,Glenn,021,27897.0,10149,129,3118,57,6621,64,400,8,2054,108,6288,115,4234,19,0.0736279886726171,0.2254005807076029,0.1517725920349858
2021-03-22,Humboldt,023,135768.0,60028,141,27711,26,30492,62,1745,50,11986,70,36800,120,24814,64,0.0882829532732308,0.2710506157562901,0.1827676624830593
2021-03-22,Imperial,025,180216.0,67314,1232,33201,453,31490,753,2611,26,24603,679,47227,708,22624,548,0.1365195099214276,0.2620577529187197,0.1255382429972921
2021-03-22,Inyo,027,18085.0,9718,58,4102,2,5457,51,65,5,1513,39,5598,44,4085,18,0.0836604921205418,0.3095382914017141,0.2258777992811722
2021-03-22,Kern,029,883053.0,262649,4028,116577,1571,136303,2107,9695,350,85822,1908,178654,2258,92832,2105,0.0971878245133644,0.2023140173919345,0.1051261928785701
2021-03-22,Kings,031,150075.0,40171,450,13474,202,25115,170,1564,78,16537,264,29142,342,12605,185,0.110191570881226,0.1941829085457271,0.083991337664501
2021-03-22,Lake,033,64148.0,27170,339,8535,256,17709,69,926,14,6241,249,17143,263,10902,90,0.0972906403940886,0.2672413793103448,0.1699507389162561
2021-03-22,Lassen,035,31185.0,6431,40,1046,5,5099,35,277,0,2225,36,4452,36,2227,4,0.071348404681738,0.1427609427609427,0.0714125380792047
2021-03-22,Los Angeles,037,10098052.0,4260188,72959,2181118,43048,1988084,27659,89584,2223,1286335,50240,2812101,52457,1525766,22490,0.1273844697967489,0.2784795522938483,0.1510950824970994
2021-03-22,Madera,039,155013.0,54740,1377,25744,865,27499,446,1466,65,17442,656,36629,721,19187,716,0.1125195951307309,0.2362963106320115,0.1237767155012805
2021-03-22,Marin,041,260295.0,173817,2506,96821,2164,74516,174,2472,168,47838,918,111927,1086,64089,1584,0.1837837837837838,0.430000576269233,0.2462167924854492
2021-03-22,Mariposa,043,17540.0,6700,42,1028,8,5429,25,225,9,2416,27,4640,36,2224,15,0.1377423033067275,0.2645381984036488,0.1267958950969213
2021-03-22,Mendocino,045,87422.0,55317,667,28294,618,26160,21,858,28,12557,145,34265,172,21708,518,0.1436366132094896,0.3919493948891583,0.2483127816796687
2021-03-22,Merced,047,269075.0,86906,1339,49547,685,34060,572,2810,76,31903,895,59621,972,27718,422,0.1185654557279568,0.2215776270556536,0.1030121713276967
2021-03-22,Modoc,049,8938.0,3841,19,401,1,3256,13,181,5,524,14,2272,19,1748,5,0.0586260908480644,0.2541955694786306,0.1955694786305661
2021-03-22,Mono,051,14174.0,9989,14,6379,3,3519,6,61,5,2163,8,6083,13,3920,6,0.1526033582616057,0.4291660787357133,0.2765627204741075
2021-03-22,Monterey,053,433212.0,164465,2632,69753,1509,89050,1054,5286,66,60842,2354,115006,2419,54164,272,0.1404439396877279,0.2654727939207593,0.1250288542330314
2021-03-22,Napa,055,140530.0,85591,1313,39549,1127,44725,177,1311,9,22906,425,54857,434,31951,879,0.1629972247918593,0.3903579306909556,0.2273607058990962
2021-03-22,Nevada,057,99092.0,48878,840,24982,543,22965,293,930,4,12425,544,31071,548,18646,294,0.1253885278327211,0.3135570984539619,0.1881685706212408
2021-03-22,Orange,059,3164182.0,1402339,23526,733145,12259,639388,10925,29008,341,385731,19480,906620,19828,520889,3954,0.121905440331814,0.28652586987727,0.1646204295454559
2021-03-22,Placer,061,380077.0,195607,3389,104962,2157,88050,1137,2588,95,47410,2160,122639,2255,75229,1224,0.1247378820607403,0.3226688276322955,0.1979309455715552
2021-03-22,Plumas,063,18699.0,7954,206,847,5,6680,200,411,0,3322,196,5827,196,2505,9,0.1776565591742873,0.3116209422963795,0.133964383122092
2021-03-22,Riverside,065,2383286.0,878083,16810,446833,9980,409955,6255,20942,569,221727,10467,559576,11030,337849,6285,0.0930341553636449,0.2347917958650367,0.1417576405013917
2021-03-22,Sacramento,067,1510023.0,626832,9627,324532,4971,292758,3790,9493,865,182873,6312,408869,7178,225996,3296,0.1211061023573813,0.270770047873443,0.1496639455160616
2021-03-22,San Benito,069,59416.0,21777,369,7327,185,13576,159,830,25,8307,227,15384,252,7077,140,0.1398108253669045,0.2589201561868857,0.1191093308199811
2021-03-22,San Bernardino,071,2135413.0,669498,9934,359976,4741,297227,4749,12195,441,166128,7101,423296,7542,257168,2808,0.0777966604118266,0.1982267598820462,0.1204300994702195
2021-03-22,San Diego,073,3302833.0,1580507,23076,732252,13392,824443,9362,23351,317,353149,14456,982041,14998,628892,8395,0.1069230566607515,0.2973329260062498,0.1904098693454982
2021-03-22,San Francisco,075,870044.0,497228,10242,298910,7091,187785,2292,10432,856,153701,5144,330352,5999,176651,5081,0.1766588816197801,0.3796957395258171,0.2030368579060369
2021-03-22,San Joaquin,077,732212.0,263405,4358,133428,2225,125045,1715,4910,418,79999,2535,170844,2953,90845,1767,0.1092566087417305,0.2333258673717448,0.1240692586300142
2021-03-22,San Luis Obispo,079,281455.0,125496,2829,57777,1202,64276,1572,3364,48,30919,1937,79773,1987,48854,881,0.1098541507523405,0.2834307438133982,0.1735765930610577
2021-03-22,San Mateo,081,765935.0,415840,5526,227309,3763,182150,1317,6234,445,110908,2857,266019,3300,155111,2653,0.1448007990234158,0.3473127615267614,0.2025119625033455
2021-03-22,Santa Barbara,083,443738.0,174000,2850,84275,1963,83167,842,6385,45,55475,2249,117687,2294,62212,594,0.1250174652610324,0.2652173129188845,0.1401998476578521
2021-03-22,Santa Clara,085,1922200.0,841950,16965,427610,9453,395813,7111,17076,370,201669,9165,528660,9533,326991,7727,0.1049157215690354,0.2750286130475496,0.1701128914785142
2021-03-22,Santa Cruz,087,273765.0,142868,1337,50443,809,90451,500,1957,28,32834,930,88699,958,55865,399,0.1199349807316494,0.323996858619619,0.2040618778879696
2021-03-22,Shasta,089,179085.0,64091,354,26548,41,35788,278,1732,35,14601,203,40170,238,25569,150,0.0815311165089203,0.2243068933746544,0.1427757768657341
2021-03-22,Sierra,091,2930.0,1832,0,98,0,1730,0,4,0,327,0,1080,0,753,0,0.1116040955631399,0.3686006825938566,0.2569965870307167
2021-03-22,Siskiyou,093,43540.0,18863,213,6324,21,12096,171,428,21,4814,144,12036,165,7222,68,0.1105649977032613,0.2764354616444648,0.1658704639412035
2021-03-22,Solano,095,438530.0,208525,2767,100363,2115,105713,599,2426,53,66012,1579,138320,1630,72308,1183,0.1505301803753449,0.3154174172804597,0.1648872369051148
2021-03-22,Sonoma,097,501317.0,284634,4708,135644,3189,142510,1420,6454,99,68681,3373,179537,3472,110856,1325,0.1370011389998743,0.3581306837789263,0.2211295447790519
2021-03-22,Stanislaus,099,539301.0,193098,2983,94941,1417,91600,873,6411,691,63725,1351,129113,2036,65388,1579,0.1181622136803009,0.2394080485665704,0.1212458348862694
2021-03-22,Sutter,101,95872.0,36849,301,12936,127,23166,145,746,29,10849,218,24167,247,13318,83,0.1131612983978638,0.2520756842456609,0.138914385847797
2021-03-22,Tehama,103,63373.0,17999,110,2782,11,14826,83,386,16,3861,65,11102,81,7241,45,0.0609249996055102,0.1751850157006927,0.1142600160951824
2021-03-22,Trinity,105,12862.0,4690,3,483,0,4073,3,132,0,897,2,2857,2,1960,1,0.0697403203234333,0.2221271963924739,0.1523868760690405
2021-03-22,Tulare,107,460477.0,155231,2628,81148,1805,71235,696,2821,126,60414,1704,109080,1829,48666,917,0.1311987352245606,0.2368847955489633,0.1056860603244027
2021-03-22,Tuolumne,109,53932.0,26788,173,7131,78,19461,76,194,19,6544,97,16559,116,10015,71,0.1213379811614625,0.3070347845434992,0.1856968033820366
2021-03-22,Ventura,111,848112.0,381989,7503,184207,3719,190407,3664,7174,117,124489,4844,256456,4962,131967,2642,0.1467836795140264,0.3023845907144339,0.1556009112004075
2021-03-22,Yolo,113,214977.0,106640,1426,47944,516,56955,847,1734,63,30267,913,69262,975,38995,509,0.1407918056350214,0.3221833033301237,0.1813914976951022
2021-03-22,Yuba,115,75493.0,19257,205,5921,69,12894,128,436,8,5912,155,12781,163,6869,50,0.0783118964672221,0.1693004649437696,0.0909885684765474
2021-03-21,Alameda,001,1643700.0,798433,9295,487028,7267,297684,1444,13439,582,199563,3337,504835,3915,305272,5928,0.121410841394415,0.3071332968303218,0.1857224554359068
2021-03-21,Alpine,003,1148.0,848,0,25,0,822,0,1,0,329,0,586,0,257,0,0.2865853658536585,0.5104529616724739,0.2238675958188153
2021-03-21,Amador,005,37829.0,18772,57,5370,34,13322,22,80,1,5409,28,11819,29,6410,28,0.142985540194031,0.3124322609638108,0.1694467207697798
2021-03-21,Butte,007,227075.0,90258,84,36821,46,51748,9,1684,29,18103,27,54951,57,36848,58,0.0797225586260046,0.2419949355939667,0.1622723769679621
2021-03-21,Calaveras,009,45235.0,20551,46,6262,29,14053,6,236,11,4946,8,12635,19,7689,38,0.1093401127445562,0.2793191113076158,0.1699789985630596
2021-03-21,Colusa,011,21464.0,7668,6,1722,4,5586,2,360,0,2454,1,5235,1,2781,5,0.1143309727916511,0.2438967573611628,0.1295657845695117
2021-03-21,Contra Costa,013,1133247.0,596206,4859,342270,4235,245024,517,8771,107,145185,1866,374607,1971,229422,2982,0.1281141710500888,0.3305607691880058,0.202446598137917
2021-03-21,Del Norte,015,27424.0,8205,3,3372,1,4698,2,113,0,2431,1,5322,1,2891,2,0.0886449824970828,0.194063593932322,0.1054186114352392
2021-03-21,El Dorado,017,186661.0,87287,1098,39787,428,45749,665,1739,5,22279,902,55551,907,33272,195,0.1193554090034876,0.2976036772544881,0.1782482682510004
2021-03-21,Fresno,019,978130.0,372549,1890,172404,1285,193248,219,6756,385,142157,992,260012,1376,117855,889,0.1453354871029413,0.2658256060032919,0.1204901189003506
2021-03-21,Glenn,021,27897.0,10020,6,3061,5,6557,0,392,1,1958,3,6173,4,4215,2,0.0701867584328063,0.2212782736494963,0.1510915152166899
2021-03-21,Humboldt,023,135768.0,59887,263,27685,37,30430,195,1695,31,11930,209,36680,240,24750,54,0.087870484944906,0.270166755052737,0.182296270107831
2021-03-21,Imperial,025,180216.0,66082,320,32748,125,30737,187,2585,8,24443,174,46519,183,22076,145,0.1356316864207395,0.2581291339281751,0.1224974475074355
2021-03-21,Inyo,027,18085.0,9660,1,4100,0,5406,1,60,0,1487,1,5554,1,4067,0,0.0822228366049212,0.3071053359137407,0.2248824993088194
2021-03-21,Kern,029,883053.0,258621,3192,115006,2031,134196,258,9345,902,85669,1941,176396,2839,90727,1233,0.0970145619798585,0.1997569794791479,0.1027424174992894
2021-03-21,Kings,031,150075.0,39721,1425,13272,1096,24945,316,1486,13,16380,592,28800,605,12420,830,0.1091454272863568,0.191904047976012,0.0827586206896551
2021-03-21,Lake,033,64148.0,26831,15,8279,10,17640,4,912,1,6068,11,16880,12,10812,4,0.0945937519486188,0.2631414853152086,0.1685477333665897
2021-03-21,Lassen,035,31185.0,6391,37,1041,2,5064,33,277,1,2193,14,4416,15,2223,22,0.0703222703222703,0.1416065416065416,0.0712842712842712
2021-03-21,Los Angeles,037,10098052.0,4187229,35700,2138070,26529,1960425,8231,87361,923,1256368,22366,2759644,23290,1503276,13203,0.124416867728548,0.2732847879967344,0.1488679202681863
2021-03-21,Madera,039,155013.0,53363,1131,24879,925,27053,156,1401,49,17437,379,35908,428,18471,749,0.112487339771503,0.2316450878313432,0.1191577480598401
2021-03-21,Marin,041,260295.0,171311,1585,94657,1186,74342,375,2304,24,48336,804,110841,828,62505,778,0.1856969976372961,0.4258283870224169,0.2401313893851207
2021-03-21,Mariposa,043,17540.0,6658,18,1020,9,5404,8,216,1,2395,12,4604,13,2209,7,0.1365450399087799,0.2624857468643101,0.1259407069555302
2021-03-21,Mendocino,045,87422.0,54650,16,27676,6,26139,5,830,5,12903,5,34093,10,21190,11,0.1475944270320972,0.3899819267461279,0.2423874997140307
2021-03-21,Merced,047,269075.0,85567,613,48862,370,33488,225,2734,14,31353,466,58649,481,27296,134,0.1165214159620923,0.2179652513239803,0.1014438353618879
2021-03-21,Modoc,049,8938.0,3822,3,400,1,3243,0,176,2,510,1,2253,3,1743,2,0.0570597449093757,0.2520698142761244,0.1950100693667487
2021-03-21,Mono,051,14174.0,9975,0,6376,0,3513,0,56,0,2156,0,6070,0,3914,0,0.1521094962607591,0.4282489064484266,0.2761394101876676
2021-03-21,Monterey,053,433212.0,161833,680,68244,238,87996,426,5220,15,58695,589,112587,604,53892,89,0.1354879366222542,0.2598889227445223,0.124400986122268
2021-03-21,Napa,055,140530.0,84278,745,38422,717,44548,25,1302,3,23351,235,54423,238,31072,507,0.1661638084394791,0.3872696221447377,0.2211058137052586
2021-03-21,Nevada,057,99092.0,48038,82,24439,43,22672,38,926,1,12171,42,30523,43,18352,39,0.1228252532999636,0.3080268841076979,0.1852016308077342
2021-03-21,Orange,059,3164182.0,1378813,19435,720886,11158,628463,7516,28667,758,369857,16255,886792,17010,516935,3115,0.1168886619037716,0.2802594793851934,0.1633708174814217
2021-03-21,Placer,061,380077.0,192218,1361,102805,618,86913,729,2493,14,46379,812,120384,826,74005,544,0.1220252738260931,0.3167358193208218,0.1947105454947287
2021-03-21,Plumas,063,18699.0,7748,5,842,1,6480,1,411,1,3135,3,5631,4,2496,1,0.1676560243863308,0.3011390983475052,0.1334830739611744
2021-03-21,Riverside,065,2383286.0,861273,4055,436853,3093,403700,673,20373,284,216982,2638,548546,2920,331564,1389,0.0910432067322176,0.2301637319230675,0.1391205251908499
2021-03-21,Sacramento,067,1510023.0,617205,5898,319561,2827,288968,3024,8628,47,178991,3359,401691,3405,222700,2525,0.1185352805884413,0.2660164778947075,0.1474811973062662
2021-03-21,San Benito,069,59416.0,21408,114,7142,61,13417,48,805,5,8195,84,15132,89,6937,29,0.1379258112292985,0.2546788743772721,0.1167530631479736
2021-03-21,San Bernardino,071,2135413.0,659564,2958,355235,2375,292478,524,11754,59,161394,2306,415754,2364,254360,636,0.0755797590442691,0.1946948904029337,0.1191151313586645
2021-03-21,San Diego,073,3302833.0,1557431,16894,718860,12249,815081,3914,23034,726,346546,7808,967043,8647,620497,8894,0.1049238638465826,0.292791975858301,0.1878681120117184
2021-03-21,San Francisco,075,870044.0,486986,6737,291819,6149,185493,438,9576,149,152783,3589,324353,3738,171570,3128,0.1756037625683298,0.3728006859423201,0.1971969233739902
2021-03-21,San Joaquin,077,732212.0,259047,2256,131203,1598,123330,443,4492,215,78813,1204,167891,1416,89078,1024,0.1076368592702659,0.2292928823892533,0.1216560231189873
2021-03-21,San Luis Obispo,079,281455.0,122667,215,56575,55,62704,156,3316,4,29813,176,77786,180,47973,39,0.1059245705352543,0.2763710006928283,0.170446430157574
2021-03-21,San Mateo,081,765935.0,410314,4365,223546,3332,180833,789,5789,244,110261,2309,262719,2550,152458,2048,0.1439560798240059,0.343004301931626,0.1990482221076201
2021-03-21,Santa Barbara,083,443738.0,171150,1209,82312,406,82325,770,6340,32,53775,856,115393,888,61618,346,0.1211863757442454,0.2600475956532909,0.1388612199090454
2021-03-21,Santa Clara,085,1922200.0,824985,8660,418157,4011,388702,3252,16706,1387,199863,5528,519127,6908,319264,3091,0.1039761731349495,0.2700691915513474,0.1660930184163978
2021-03-21,Santa Cruz,087,273765.0,141531,845,49634,462,89951,263,1929,120,32275,458,87741,578,55466,385,0.11789308348401,0.3204975069859185,0.2026044235019085
2021-03-21,Shasta,089,179085.0,63737,312,26507,297,35510,6,1697,9,14513,286,39932,295,25419,26,0.0810397297372755,0.2229779155149789,0.1419381857777033
2021-03-21,Sierra,091,2930.0,1832,1,98,0,1730,0,4,1,327,0,1080,1,753,1,0.1116040955631399,0.3686006825938566,0.2569965870307167
2021-03-21,Siskiyou,093,43540.0,18650,7,6303,1,11925,1,407,5,4717,2,11871,7,7154,5,0.1083371612310519,0.2726458429030776,0.1643086816720257
2021-03-21,Solano,095,438530.0,205758,1719,98248,1609,105114,79,2373,31,65565,382,136690,412,71125,1330,0.1495108658472624,0.3117004537887944,0.1621895879415319
2021-03-21,Sonoma,097,501317.0,279926,1432,132455,633,141090,760,6355,39,66534,1224,176065,1262,109531,203,0.1327184196825561,0.3512049262243251,0.218486506541769
2021-03-21,Stanislaus,099,539301.0,190115,1059,93524,923,90727,56,5720,77,63268,754,127077,829,63809,286,0.117314820480585,0.2356327913354509,0.1183179708548658
2021-03-21,Sutter,101,95872.0,36548,73,12809,50,23021,20,717,3,10685,30,23920,33,13235,43,0.1114506842456608,0.2494993324432576,0.1380486481975968
2021-03-21,Tehama,103,63373.0,17889,15,2771,7,14743,8,370,0,3825,15,11021,15,7196,0,0.0603569343411231,0.1739068688558218,0.1135499345146986
2021-03-21,Trinity,105,12862.0,4687,7,483,2,4070,4,132,1,896,4,2855,5,1959,3,0.0696625719172756,0.2219716995801586,0.1523091276628829
2021-03-21,Tulare,107,460477.0,152603,2049,79343,1751,70539,270,2695,28,59502,1005,107251,1033,47749,1035,0.1292181802782766,0.2329128273507688,0.1036946470724922
2021-03-21,Tuolumne,109,53932.0,26615,840,7053,393,19385,435,175,12,6499,40,16443,52,9944,787,0.1205035971223021,0.304883927909219,0.1843803307869168
2021-03-21,Ventura,111,848112.0,374486,2857,180488,1562,186743,912,7057,383,122169,1306,251494,1686,129325,1539,0.1440481917482596,0.2965339483464448,0.1524857565981851
2021-03-21,Yolo,113,214977.0,105214,319,47428,225,56108,86,1671,7,29801,174,68287,181,38486,142,0.1386241318838759,0.3176479344301948,0.1790238025463189
2021-03-21,Yuba,115,75493.0,19052,70,5852,41,12766,29,428,0,5799,48,12618,48,6819,22,0.0768150689467897,0.167141324361199,0.0903262554144092
2021-03-20,Alameda,001,1643700.0,789138,15992,479761,10466,296240,4661,12857,863,201576,6328,500920,7189,299344,9620,0.122635517430188,0.304751475330048,0.18211595789986
2021-03-20,Alpine,003,1148.0,848,0,25,0,822,0,1,0,329,0,586,0,257,0,0.2865853658536585,0.5104529616724739,0.2238675958188153
2021-03-20,Amador,005,37829.0,18715,121,5336,54,13300,66,79,1,5408,51,11790,52,6382,70,0.1429591054482011,0.3116656533347431,0.168706547886542
2021-03-20,Butte,007,227075.0,90174,246,36775,45,51739,182,1655,19,18104,121,54894,140,36790,125,0.0797269624573378,0.2417439172079709,0.162016954750633
2021-03-20,Calaveras,009,45235.0,20505,91,6233,27,14047,63,225,1,4965,20,12616,21,7651,70,0.1097601414833646,0.2788990825688073,0.1691389410854427
2021-03-20,Colusa,011,21464.0,7662,56,1718,10,5584,42,360,4,2458,38,5234,42,2776,18,0.1145173313455087,0.2438501677226984,0.1293328363771897
2021-03-20,Contra Costa,013,1133247.0,591347,11246,338035,6741,244507,4174,8664,329,146196,5237,372636,5568,226440,5979,0.1290062978326878,0.32882151905101,0.1998152212183222
2021-03-20,Del Norte,015,27424.0,8202,160,3371,156,4696,3,113,1,2432,10,5321,11,2889,150,0.0886814469078179,0.1940271295215869,0.1053456826137689
2021-03-20,El Dorado,017,186661.0,86189,1123,39359,285,45084,825,1734,13,21567,525,54644,539,33077,587,0.1155410074948703,0.2927446011753928,0.1772035936805224
2021-03-20,Fresno,019,978130.0,370659,7816,171119,4706,193029,2781,6371,329,141670,3831,258636,4153,116966,3963,0.144837598274258,0.2644188400314886,0.1195812417572306
2021-03-20,Glenn,021,27897.0,10014,135,3056,1,6557,133,391,0,1956,131,6169,131,4213,3,0.0701150661361436,0.2211348890561709,0.1510198229200272
2021-03-20,Humboldt,023,135768.0,59624,1451,27648,814,30235,622,1664,15,11744,377,36440,394,24696,1071,0.0865005008543986,0.2683990336456308,0.1818985327912321
2021-03-20,Imperial,025,180216.0,65762,1900,32623,613,30550,1268,2577,19,24405,1372,46336,1391,21931,520,0.1354208283393261,0.2571136857992631,0.1216928574599369
2021-03-20,Inyo,027,18085.0,9659,21,4100,2,5405,10,60,9,1486,3,5553,12,4067,18,0.0821675421620127,0.3070500414708322,0.2248824993088194
2021-03-20,Kern,029,883053.0,255429,6416,112975,3969,133938,2258,8443,189,84063,4032,173557,4220,89494,2370,0.0951958715954761,0.1965419969129825,0.1013461253175064
2021-03-20,Kings,031,150075.0,38296,657,12176,262,24629,365,1473,30,16605,470,28195,500,11590,185,0.1106446776611694,0.1878727303015159,0.0772280526403464
2021-03-20,Lake,033,64148.0,26816,249,8269,4,17636,242,911,3,6060,24,16868,27,10808,224,0.094469040344204,0.2629544179085863,0.1684853775643823
2021-03-20,Lassen,035,31185.0,6354,15,1039,2,5031,11,276,2,2200,10,4401,12,2201,5,0.0705467372134038,0.1411255411255411,0.0705788039121372
2021-03-20,Los Angeles,037,10098052.0,4151529,78975,2111541,38943,1952194,35353,86438,4663,1246281,53041,2736354,57693,1490073,25656,0.1234179621970653,0.2709784025671486,0.1475604403700832
2021-03-20,Madera,039,155013.0,52232,1196,23954,787,26897,357,1352,50,17758,596,35480,644,17722,594,0.1145581338339365,0.2288840290814318,0.1143258952474953
2021-03-20,Marin,041,260295.0,169726,3626,93471,2042,73967,1479,2280,105,48286,1922,110013,2029,61727,1695,0.1855049078929675,0.4226473808563361,0.2371424729633685
2021-03-20,Mariposa,043,17540.0,6640,449,1011,11,5396,433,215,2,2389,37,4591,41,2202,407,0.1362029646522234,0.2617445838084378,0.1255416191562143
2021-03-20,Mendocino,045,87422.0,54634,88,27670,16,26134,50,825,22,12904,22,34083,45,21179,65,0.1476058658003706,0.3898675390633936,0.242261673263023
2021-03-20,Merced,047,269075.0,84954,2634,48492,1660,33263,565,2720,405,31006,1013,58168,1414,27162,1581,0.1152318126916287,0.2161776456378333,0.1009458329462045
2021-03-20,Modoc,049,8938.0,3819,5,399,1,3243,1,174,3,509,1,2250,4,1741,4,0.0569478630566122,0.251734168717834,0.1947863056612217
2021-03-20,Mono,051,14174.0,9975,6,6376,2,3513,2,56,1,2156,4,6070,5,3914,1,0.1521094962607591,0.4282489064484266,0.2761394101876676
2021-03-20,Monterey,053,433212.0,161153,3519,68006,488,87570,2319,5205,711,58180,2369,111983,3077,53803,1142,0.1342991422213604,0.2584946862044449,0.1241955439830845
2021-03-20,Napa,055,140530.0,83533,1058,37705,550,44523,342,1299,166,23620,390,54185,556,30565,666,0.1680779904646694,0.3855760335871344,0.2174980431224649
2021-03-20,Nevada,057,99092.0,47956,872,24396,102,22634,320,925,450,12167,212,30480,658,18313,655,0.1227848867718887,0.3075929439308925,0.1848080571590037
2021-03-20,Orange,059,3164182.0,1359378,26533,709728,14046,620947,12252,27909,232,355962,22359,869782,22599,513820,4083,0.1124973215826396,0.2748836824177623,0.1623863608351226
2021-03-20,Placer,061,380077.0,190857,2302,102187,998,86184,1211,2479,92,46097,1366,119558,1458,73461,929,0.1212833189064321,0.3145625754781268,0.1932792565716946
2021-03-20,Plumas,063,18699.0,7743,717,841,5,6479,711,410,1,3132,690,5627,691,2495,25,0.1674955879993582,0.3009251831648751,0.1334295951655168
2021-03-20,Riverside,065,2383286.0,857218,11276,433760,7079,403027,2925,20089,1256,215451,7038,545626,8295,330175,4198,0.0904008163518772,0.2289385327652661,0.1385377164133889
2021-03-20,Sacramento,067,1510023.0,611307,13509,316734,7644,285944,5508,8581,356,178111,8402,398286,8759,220175,5079,0.1179525080081561,0.2637615453539449,0.1458090373457887
2021-03-20,San Benito,069,59416.0,21294,268,7081,166,13369,90,800,12,8135,199,15043,211,6908,69,0.1369159822270095,0.2531809613572102,0.1162649791302006
2021-03-20,San Bernardino,071,2135413.0,656606,9759,352860,6064,291954,3052,11695,641,159666,5648,413390,6288,253724,4069,0.0747705478986968,0.1935878445996161,0.1188172967009192
2021-03-20,San Diego,073,3302833.0,1540537,28340,706611,8727,811167,17794,22308,1815,346793,21655,958396,23614,611603,6472,0.1049986481302566,0.2901739203889509,0.1851752722586943
2021-03-20,San Francisco,075,870044.0,480249,9124,285670,6703,185055,1941,9427,480,152173,5161,320615,5642,168442,3937,0.1749026486016799,0.3685043515040618,0.1936017029023819
2021-03-20,San Joaquin,077,732212.0,256791,3878,129605,2239,122887,1384,4277,255,78421,1833,166475,2090,88054,2011,0.1071014951953805,0.2273590162411979,0.1202575210458173
2021-03-20,San Luis Obispo,079,281455.0,122452,911,56520,525,62548,342,3312,44,29672,422,77606,466,47934,488,0.1054236023520633,0.2757314668419463,0.1703078644898829
2021-03-20,San Mateo,081,765935.0,405949,8695,220214,6668,180044,1670,5545,353,109759,5464,260169,5819,150410,3208,0.1433006717280187,0.3396750376990214,0.1963743659710027
2021-03-20,Santa Barbara,083,443738.0,169941,2314,81906,866,81555,1406,6308,37,53233,1381,114505,1418,61272,924,0.119964934263011,0.2580464147762869,0.1380814805132758
2021-03-20,Santa Clara,085,1922200.0,816325,12220,414146,6862,385450,4459,15319,868,196046,6855,512219,7728,316173,5290,0.1019904276350015,0.2664753927791072,0.1644849651441057
2021-03-20,Santa Cruz,087,273765.0,140686,2269,49172,1645,89688,523,1809,101,32082,1075,87163,1176,55081,1190,0.1171880992822311,0.3183862071484667,0.2011981078662356
2021-03-20,Shasta,089,179085.0,63425,734,26210,482,35504,240,1688,12,14244,536,39637,548,25393,198,0.0795376497194069,0.2213306530418516,0.1417930033224446
2021-03-20,Sierra,091,2930.0,1831,2,98,0,1730,2,3,0,327,1,1079,1,752,1,0.1116040955631399,0.368259385665529,0.2566552901023891
2021-03-20,Siskiyou,093,43540.0,18643,32,6302,8,11924,20,402,4,4715,5,11864,9,7149,26,0.108291226458429,0.2724850711988976,0.1641938447404685
2021-03-20,Solano,095,438530.0,204039,5729,96639,1725,105035,3947,2342,57,66483,2651,136278,2708,69795,3070,0.1516042232002371,0.3107609513602262,0.159156728159989
2021-03-20,Sonoma,097,501317.0,278494,3846,131822,1795,140330,1202,6316,849,65475,2051,174803,2902,109328,1782,0.1306059838385692,0.348687556974928,0.2180815731363588
2021-03-20,Stanislaus,099,539301.0,189056,3607,92601,2718,90671,818,5643,71,62725,3068,126248,3139,63523,505,0.1163079616021479,0.234095616362662,0.117787654760514
2021-03-20,Sutter,101,95872.0,36475,945,12759,118,23001,817,714,10,10695,850,23887,860,13192,95,0.1115549899866488,0.2491551234979973,0.1376001335113484
2021-03-20,Tehama,103,63373.0,17874,66,2764,20,14735,42,370,4,3810,45,11006,49,7196,21,0.0601202404809619,0.1736701749956606,0.1135499345146986
2021-03-20,Trinity,105,12862.0,4680,104,481,5,4066,99,131,0,894,69,2850,69,1956,35,0.0695070751049603,0.2215829575493702,0.1520758824444099
2021-03-20,Tulare,107,460477.0,150554,4588,77592,2877,70269,1322,2667,386,59504,2035,106218,2420,46714,2541,0.1292225236005272,0.2306695014083222,0.1014469778077949
2021-03-20,Tuolumne,109,53932.0,25775,105,6660,12,18950,83,163,10,7234,36,16391,45,9157,66,0.1341318697619224,0.3039197507973003,0.1697878810353779
2021-03-20,Ventura,111,848112.0,371629,9016,178926,5999,185831,2987,6674,28,122022,4597,249808,4626,127786,4390,0.1438748655837908,0.294546003358047,0.1506711377742562
2021-03-20,Yolo,113,214977.0,104895,2761,47203,845,56022,1869,1664,47,29762,1062,68106,1110,38344,1694,0.1384427171278787,0.3168059838959516,0.1783632667680728
2021-03-20,Yuba,115,75493.0,18982,561,5811,85,12737,456,428,20,5773,472,12570,492,6797,87,0.0764706661544779,0.1665055038215463,0.0900348376670684
2021-03-19,Alameda,001,1643700.0,773146,19789,469295,10876,291579,7129,11994,1781,204007,7755,493731,9535,289724,11974,0.1241144977794001,0.3003778061690089,0.1762633083896088
2021-03-19,Alpine,003,1148.0,848,2,25,1,822,1,1,0,329,1,586,1,257,1,0.2865853658536585,0.5104529616724739,0.2238675958188153
2021-03-19,Amador,005,37829.0,18594,561,5282,65,13234,477,78,19,5426,386,11738,405,6312,169,0.1434349308731396,0.3102910465515874,0.1668561156784477
2021-03-19,Butte,007,227075.0,89928,699,36730,312,51557,300,1636,87,18089,342,54754,429,36665,354,0.0796609049873389,0.2411273808213145,0.1614664758339755
2021-03-19,Calaveras,009,45235.0,20414,246,6206,57,13984,113,224,76,5014,58,12595,135,7581,186,0.1108433734939759,0.2784348402785453,0.1675914667845694
2021-03-19,Colusa,011,21464.0,7606,93,1708,20,5542,68,356,5,2434,62,5192,67,2758,31,0.113399180022363,0.2418934029071934,0.1284942228848304
2021-03-19,Contra Costa,013,1133247.0,580101,16243,331294,9421,240333,5372,8335,1449,146607,8203,367068,9653,220461,8016,0.1293689725187889,0.3239082035955092,0.1945392310767202
2021-03-19,Del Norte,015,27424.0,8042,281,3215,164,4693,104,112,6,2571,91,5310,97,2739,183,0.09375,0.1936260210035005,0.0998760210035005
2021-03-19,El Dorado,017,186661.0,85066,1157,39074,378,44259,615,1721,160,21615,641,54105,800,32490,510,0.1157981581583726,0.2898570135164817,0.174058855358109
2021-03-19,Fresno,019,978130.0,362843,11449,166413,6052,190248,4769,6042,625,141480,6614,254483,7239,113003,4800,0.1446433500659421,0.2601729831413002,0.115529633075358
2021-03-19,Glenn,021,27897.0,9879,97,3055,14,6424,76,391,7,1828,77,6038,84,4210,19,0.0655267591497293,0.2164390436247625,0.1509122844750331
2021-03-19,Humboldt,023,135768.0,58173,1110,26834,64,29613,721,1649,324,12421,452,36046,776,23625,655,0.0914869483236108,0.2654970243356314,0.1740100760120205
2021-03-19,Imperial,025,180216.0,63862,4335,32010,2934,29282,1373,2558,25,23534,2262,44945,2289,21411,2053,0.1305877391574555,0.2493951702401562,0.1188074310827007
2021-03-19,Inyo,027,18085.0,9638,49,4098,5,5395,38,51,6,1492,37,5541,43,4049,12,0.0824993088194636,0.3063865081559303,0.2238871993364667
2021-03-19,Kern,029,883053.0,249013,9317,109006,5117,131680,3419,8254,779,82213,4710,169337,5491,87124,4583,0.0931008671053719,0.1917631218058259,0.0986622547004539
2021-03-19,Kings,031,150075.0,37639,1014,11914,474,24264,459,1443,79,16290,725,27695,804,11405,287,0.1085457271364317,0.1845410628019323,0.0759953356655005
2021-03-19,Lake,033,64148.0,26567,585,8265,308,17394,256,908,21,6257,472,16841,493,10584,112,0.0975400636029182,0.2625335162436865,0.1649934526407682
2021-03-19,Lassen,035,31185.0,6339,14,1037,7,5020,5,274,2,2193,3,4389,5,2196,11,0.0703222703222703,0.1407407407407407,0.0704184704184704
2021-03-19,Los Angeles,037,10098052.0,4072554,112531,2072598,58871,1916841,48530,81775,5096,1214244,67767,2678661,72826,1464417,44346,0.1202453700971236,0.2652651224216314,0.1450197523245077
2021-03-19,Madera,039,155013.0,51036,1604,23167,596,26540,922,1302,86,17708,989,34836,1074,17128,610,0.1142355802416571,0.2247295388128737,0.1104939585712166
2021-03-19,Marin,041,260295.0,166100,4559,91429,2366,72488,1959,2175,233,47952,2323,107984,2554,60032,2231,0.1842217484008528,0.4148523790314835,0.2306306306306306
2021-03-19,Mariposa,043,17540.0,6191,354,1000,15,4963,328,213,10,2755,306,4550,316,1795,45,0.1570695553021664,0.2594070695553022,0.1023375142531356
2021-03-19,Mendocino,045,87422.0,54546,1935,27654,866,26084,1009,803,59,12924,343,34038,404,21114,1583,0.1478346411658392,0.3893527944910892,0.2415181533252499
2021-03-19,Merced,047,269075.0,82320,2925,46832,1682,32698,1047,2315,186,31173,1395,56754,1578,25581,1464,0.1158524574932639,0.2109226052215924,0.0950701477283285
2021-03-19,Modoc,049,8938.0,3814,4,398,0,3242,0,171,4,509,0,2246,4,1737,4,0.0569478630566122,0.25128664130678,0.1943387782501678
2021-03-19,Mono,051,14174.0,9969,16,6374,1,3511,12,55,3,2152,12,6065,15,3913,3,0.1518272894031325,0.4278961478763934,0.2760688584732609
2021-03-19,Monterey,053,433212.0,157634,5707,67518,2659,85251,2876,4494,166,56245,4266,108906,4431,52661,1426,0.1298325069480993,0.2513919282014348,0.1215594212533355
2021-03-19,Napa,055,140530.0,82475,1481,37155,900,44181,556,1133,25,23730,688,53629,713,29899,791,0.1688607414786878,0.381619583007187,0.2127588415284992
2021-03-19,Nevada,057,99092.0,47084,976,24294,469,22314,468,475,39,12164,391,29822,430,17658,585,0.1227546118758325,0.3009526500625681,0.1781980381867355
2021-03-19,Orange,059,3164182.0,1332845,34934,695682,19271,608695,15160,27677,496,337446,25533,847183,26031,509737,9288,0.1066455722205612,0.2677415521610324,0.1610959799404711
2021-03-19,Placer,061,380077.0,188555,3608,101189,2129,84973,1202,2387,277,45568,2192,118100,2468,72532,1410,0.1198914956706141,0.3107265106807305,0.1908350150101163
2021-03-19,Plumas,063,18699.0,7026,166,836,5,5768,158,409,2,2466,153,4936,155,2470,11,0.1318787100914487,0.2639713353655276,0.1320926252740788
2021-03-19,Riverside,065,2383286.0,845942,25016,426681,13290,400102,10681,18833,1041,211354,14470,537331,15584,325977,10451,0.0886817612321811,0.2254580440618541,0.1367762828296729
2021-03-19,Sacramento,067,1510023.0,597798,15939,309090,8155,280436,6376,8225,1406,174431,7909,389527,9313,215096,8003,0.1155154590360544,0.2579609714554017,0.1424455124193472
2021-03-19,San Benito,069,59416.0,21026,798,6915,409,13279,365,788,24,7993,569,14832,594,6839,227,0.134526053588259,0.2496297293658274,0.1151036757775683
2021-03-19,San Bernardino,071,2135413.0,646847,17510,346796,8733,288902,8156,11054,619,157447,9853,407102,10477,249655,7612,0.0737314046509972,0.1906432151532279,0.1169118105022307
2021-03-19,San Diego,073,3302833.0,1512197,31073,697884,14893,793373,15087,20493,1087,329651,19619,934782,20920,605131,11209,0.099808558289202,0.2830243006534088,0.1832157423642067
2021-03-19,San Francisco,075,870044.0,471125,12919,278967,9372,183114,3059,8947,487,150468,6527,314973,7019,164505,6368,0.1729429775965353,0.3620196219961289,0.1890766443995936
2021-03-19,San Joaquin,077,732212.0,252913,8391,127366,4882,121503,2946,4022,563,78342,4899,164385,5460,86043,3399,0.106993602945595,0.2245046516582629,0.1175110487126679
2021-03-19,San Luis Obispo,079,281455.0,121541,2660,55995,1598,62206,737,3268,323,29694,974,77140,1298,47446,1676,0.1055017676005045,0.2740757847613295,0.1685740171608249
2021-03-19,San Mateo,081,765935.0,397254,7637,213546,4905,178374,2050,5192,680,107148,3600,254350,4281,147202,4013,0.1398917662725949,0.3320777872795994,0.1921860210070045
2021-03-19,Santa Barbara,083,443738.0,167627,4496,81040,2731,80149,1422,6271,340,52739,2991,113087,3329,60348,1494,0.1188516647210741,0.2548508354028728,0.1359991706817987
2021-03-19,Santa Clara,085,1922200.0,804105,20129,407284,10349,380991,8730,14451,1017,193608,10157,504491,11173,310883,9876,0.1007220892727083,0.2624549994797627,0.1617329102070544
2021-03-19,Santa Cruz,087,273765.0,138417,3271,47527,1324,89165,1745,1708,202,32096,1703,85987,1901,53891,1559,0.1172392380326192,0.3140905521158658,0.1968513140832465
2021-03-19,Shasta,089,179085.0,62691,624,25728,211,35264,356,1676,57,13894,378,39089,435,25195,245,0.0775832705140017,0.2182706536002457,0.1406873830862439
2021-03-19,Sierra,091,2930.0,1829,3,98,1,1728,2,3,0,327,0,1078,0,751,3,0.1116040955631399,0.3679180887372014,0.2563139931740614
2021-03-19,Siskiyou,093,43540.0,18611,65,6294,5,11904,47,398,13,4732,19,11855,32,7123,46,0.1086816720257234,0.2722783647220946,0.1635966926963711
2021-03-19,Solano,095,438530.0,198310,3755,94914,2741,101088,930,2285,84,66845,1618,133570,1702,66725,2130,0.1524297083437849,0.3045857752035208,0.1521560668597359
2021-03-19,Sonoma,097,501317.0,274648,7639,130027,3306,139128,4092,5467,241,64355,2956,171901,3198,107546,4658,0.1283718684983752,0.3428988045488184,0.2145269360504431
2021-03-19,Stanislaus,099,539301.0,185449,5844,89883,1656,89853,2801,5572,1386,60091,3000,123109,4368,63018,2773,0.1114238616282929,0.2282751190893397,0.1168512574610468
2021-03-19,Sutter,101,95872.0,35530,469,12641,164,22184,274,704,31,9930,282,23027,312,13097,185,0.103575600801068,0.2401848297730307,0.1366092289719626
2021-03-19,Tehama,103,63373.0,17808,352,2744,26,14693,312,366,14,3782,305,10957,319,7175,47,0.0596784119419942,0.1728969750524671,0.1132185631104729
2021-03-19,Trinity,105,12862.0,4576,472,476,4,3967,361,131,107,860,28,2781,135,1921,444,0.0668636292955994,0.2162183175244907,0.1493546882288913
2021-03-19,Tulare,107,460477.0,145966,5285,74715,3448,68947,1599,2281,238,59625,2729,103798,2962,44173,2538,0.1294852945966899,0.2254140814850687,0.0959287868883787
2021-03-19,Tuolumne,109,53932.0,25670,153,6648,27,18867,97,153,29,7255,82,16346,111,9091,67,0.1345212489801973,0.3030853667581399,0.1685641177779425
2021-03-19,Ventura,111,848112.0,362613,8890,172927,3898,182844,4854,6646,128,121786,5116,245182,5244,123396,3741,0.1435966004489973,0.2890915350802724,0.1454949346312751
2021-03-19,Yolo,113,214977.0,102134,2136,46358,883,54153,1174,1617,78,30346,1091,66996,1170,36650,1039,0.1411592868074259,0.3116426408406481,0.1704833540332221
2021-03-19,Yuba,115,75493.0,18421,351,5726,131,12281,167,408,53,5368,189,12078,242,6710,161,0.0711059303511583,0.1599883432901063,0.0888824129389479
2021-03-18,Alameda,001,1643700.0,753357,19660,458419,10662,284450,8083,10213,909,206446,8836,484196,9744,277750,10784,0.125598345196812,0.2945768692583805,0.1689785240615684
2021-03-18,Alpine,003,1148.0,846,31,24,0,821,31,1,0,329,30,585,30,256,1,0.2865853658536585,0.509581881533101,0.2229965156794425
2021-03-18,Amador,005,37829.0,18033,539,5217,120,12757,415,59,4,5190,252,11333,256,6143,281,0.1371963308572788,0.2995849744904703,0.1623886436331914
2021-03-18,Butte,007,227075.0,89229,1901,36418,1537,51257,233,1549,131,18014,1061,54325,1190,36311,836,0.0793306176373444,0.239238137179346,0.1599075195420015
2021-03-18,Calaveras,009,45235.0,20168,696,6149,584,13871,95,148,17,5065,551,12460,567,7395,137,0.1119708190560406,0.2754504255554327,0.163479606499392
2021-03-18,Colusa,011,21464.0,7513,406,1688,44,5474,229,351,133,2398,199,5125,332,2727,206,0.1117219530376444,0.2387718971300782,0.1270499440924338
2021-03-18,Contra Costa,013,1133247.0,563858,15983,321873,8955,234961,6511,6886,497,144970,8677,357415,9171,212445,7246,0.1279244507155104,0.3153902017830182,0.1874657510675078
2021-03-18,Del Norte,015,27424.0,7761,294,3051,111,4589,178,106,3,2657,140,5213,143,2556,152,0.0968859393232205,0.1900889731621937,0.0932030338389731
2021-03-18,El Dorado,017,186661.0,83909,3054,38696,1777,43644,1226,1561,51,21325,1965,53305,2017,31980,1085,0.1142445395663797,0.285571169124777,0.1713266295583973
2021-03-18,Fresno,019,978130.0,351394,12720,160361,6880,185479,5142,5417,695,139041,7082,247244,7778,108203,5588,0.142149816486561,0.2527721264044656,0.1106223099179045
2021-03-18,Glenn,021,27897.0,9782,541,3041,231,6348,53,384,256,1763,54,5954,308,4191,484,0.0631967595081908,0.2134279671649281,0.1502312076567372
2021-03-18,Humboldt,023,135768.0,57063,1750,26770,1153,28892,552,1325,44,12300,1014,35270,1058,22970,730,0.0905957221141948,0.2597813917859878,0.169185669671793
2021-03-18,Imperial,025,180216.0,59527,2013,29076,1297,27909,632,2533,83,23298,1379,42656,1464,19358,625,0.1292781994939406,0.2366937452834376,0.107415545789497
2021-03-18,Inyo,027,18085.0,9589,209,4093,18,5357,182,45,6,1461,104,5498,110,4037,101,0.0807851810893005,0.3040088471108653,0.2232236660215648
2021-03-18,Kern,029,883053.0,239696,7470,103889,3811,128261,3068,7475,589,81305,4484,163846,5072,82541,2940,0.0920726162529315,0.1855449219922247,0.0934723057392931
2021-03-18,Kings,031,150075.0,36625,1252,11440,490,23805,555,1364,207,15773,761,26891,968,11118,488,0.1051007829418624,0.179183741462602,0.0740829585207396
2021-03-18,Lake,033,64148.0,25982,746,7957,373,17138,334,887,39,5876,346,16348,384,10472,398,0.0916006734426638,0.254848163621625,0.1632474901789611
2021-03-18,Lassen,035,31185.0,6325,85,1030,4,5015,80,272,1,2199,78,4384,79,2185,7,0.0705146705146705,0.1405804072470739,0.0700657367324034
2021-03-18,Los Angeles,037,10098052.0,3960023,106095,2013727,51265,1868311,49115,76679,5691,1185764,65871,2605835,71563,1420071,39869,0.1174250241531733,0.2580532364063881,0.1406282122532147
2021-03-18,Madera,039,155013.0,49432,1980,22571,718,25618,1194,1216,67,17244,996,33762,1063,16518,981,0.1112422829053047,0.2178010876507131,0.1065588047454084
2021-03-18,Marin,041,260295.0,161541,4532,89063,2290,70529,2164,1942,77,47629,2102,105430,2179,57801,2417,0.1829808486524904,0.4050404348911811,0.2220595862386907
2021-03-18,Mariposa,043,17540.0,5837,74,985,20,4635,43,203,11,2484,42,4234,53,1750,32,0.1416191562143671,0.2413911060433295,0.0997719498289623
2021-03-18,Mendocino,045,87422.0,52611,1293,26788,246,25075,1009,744,38,14103,275,33634,313,19531,1012,0.1613209489602159,0.3847315321086225,0.2234105831484066
2021-03-18,Merced,047,269075.0,79395,2398,45150,1488,31651,747,2129,149,31059,1443,55176,1591,24117,911,0.1154287837963393,0.2050580693115302,0.0896292855151909
2021-03-18,Modoc,049,8938.0,3810,67,398,3,3242,57,167,7,509,34,2242,41,1733,32,0.0569478630566122,0.2508391138957261,0.1938912508391139
2021-03-18,Mono,051,14174.0,9953,25,6373,1,3499,15,52,8,2140,11,6050,18,3910,12,0.1509806688302525,0.4268378721602935,0.2758572033300409
2021-03-18,Monterey,053,433212.0,151927,4728,64859,2299,82375,2247,4328,177,53240,3231,104475,3443,51235,1482,0.1228959493273501,0.2411636796764632,0.1182677303491131
2021-03-18,Napa,055,140530.0,80994,2161,36255,972,43625,1174,1108,15,23808,1261,52916,1276,29108,894,0.1694157831068099,0.3765459332526862,0.2071301501458763
2021-03-18,Nevada,057,99092.0,46108,1026,23825,551,21846,452,436,23,12319,489,29392,512,17073,530,0.1243188148387357,0.2966132482945142,0.1722944334557784
2021-03-18,Orange,059,3164182.0,1297911,28973,676411,14635,593535,13994,27181,339,320703,22079,821152,22434,500449,6810,0.1013541572513844,0.259514781387417,0.1581606241360326
2021-03-18,Placer,061,380077.0,184947,4251,99060,2410,83771,1799,2110,42,44510,2955,115632,2995,71122,1290,0.1171078491989781,0.3042330896107894,0.1871252404118112
2021-03-18,Plumas,063,18699.0,6860,66,831,5,5610,43,407,18,2322,15,4781,33,2459,51,0.1241777635167656,0.2556821220386117,0.131504358521846
2021-03-18,Riverside,065,2383286.0,820926,23597,413391,12192,389421,9657,17792,1745,206221,12776,521747,14530,315526,10742,0.0865280121647171,0.2189191729402178,0.1323911607755007
2021-03-18,Sacramento,067,1510023.0,581859,16067,300935,8481,274060,6960,6819,626,173121,10063,380214,10689,207093,5965,0.1146479225813116,0.2517935157279061,0.1371455931465944
2021-03-18,San Benito,069,59416.0,20228,797,6506,539,12914,201,764,53,7626,573,14238,616,6612,218,0.128349266190925,0.2396324222431668,0.1112831560522418
2021-03-18,San Bernardino,071,2135413.0,629337,17087,338063,8438,280746,8244,10435,401,154582,9850,396625,10252,242043,7193,0.072389743810682,0.1857369042897088,0.1133471604790267
2021-03-18,San Diego,073,3302833.0,1481124,32105,682991,18016,778286,13118,19406,969,319940,17128,913862,18389,593922,14645,0.0968683551363329,0.2766903443195584,0.1798219891832254
2021-03-18,San Francisco,075,870044.0,458206,10495,269595,7105,180055,2749,8460,638,149817,5757,307954,6389,158137,4710,0.1721947395763892,0.3539522139110206,0.1817574743346313
2021-03-18,San Joaquin,077,732212.0,244522,8177,122484,4833,118557,2837,3459,507,76281,3913,158925,4416,82644,4146,0.104178844378404,0.2170477949009303,0.1128689505225262
2021-03-18,San Luis Obispo,079,281455.0,118881,2984,54397,1518,61469,1251,2945,214,30072,1390,75842,1602,45770,1588,0.1068447886873567,0.2694640351033024,0.1626192464159457
2021-03-18,San Mateo,081,765935.0,389617,7532,208641,4243,176324,3074,4512,211,106880,4395,250069,4606,143189,3113,0.1395418671297172,0.3264885401502738,0.1869466730205565
2021-03-18,Santa Barbara,083,443738.0,163131,5261,78309,2760,78727,2280,5931,216,50904,3952,109758,4167,58854,1286,0.1147163416250129,0.2473486606961765,0.1326323190711636
2021-03-18,Santa Clara,085,1922200.0,783976,19974,396935,9372,372261,9364,13434,1205,192311,9155,493318,10361,301007,10701,0.100047341587764,0.2566423889293517,0.1565950473415877
2021-03-18,Santa Cruz,087,273765.0,135146,3791,46203,2005,87420,1629,1506,157,31754,1959,84086,2116,52332,1826,0.1159899914159954,0.3071466403667379,0.1911566489507424
2021-03-18,Shasta,089,179085.0,62067,1531,25517,605,34908,824,1619,102,13704,1072,38654,1174,24950,454,0.076522321802496,0.2158416394449563,0.1393193176424602
2021-03-18,Sierra,091,2930.0,1826,145,97,0,1726,145,3,0,330,57,1078,57,748,88,0.1126279863481228,0.3679180887372014,0.2552901023890785
2021-03-18,Siskiyou,093,43540.0,18546,919,6289,775,11857,130,385,14,4746,793,11823,807,7077,126,0.1090032154340836,0.2715434083601286,0.162540192926045
2021-03-18,Solano,095,438530.0,194555,5366,92173,1914,100158,3410,2201,42,67273,3805,131868,3848,64595,1554,0.1534056963035596,0.3007046268214261,0.1472989305178665
2021-03-18,Sonoma,097,501317.0,267009,7335,126721,3002,135036,3717,5226,615,65815,3115,168703,3728,102888,4203,0.1312841974239852,0.336519607354229,0.2052354099302437
2021-03-18,Stanislaus,099,539301.0,179605,5459,88227,3365,87052,2028,4186,65,58496,2842,118741,2900,60245,2474,0.1084663295636388,0.2201757460119673,0.1117094164483284
2021-03-18,Sutter,101,95872.0,35061,1015,12477,180,21910,617,673,218,9803,587,22715,805,12912,425,0.1022509178905207,0.2369304906542056,0.1346795727636849
2021-03-18,Tehama,103,63373.0,17456,542,2718,40,14381,474,352,28,3510,338,10638,366,7128,203,0.0553863632777365,0.1678632856263708,0.1124769223486342
2021-03-18,Trinity,105,12862.0,4104,13,472,3,3606,8,24,2,1169,6,2646,8,1477,7,0.0908878867983206,0.2057222826932047,0.1148343958948841
2021-03-18,Tulare,107,460477.0,140681,4789,71267,3456,67348,1240,2043,92,59201,2478,100836,2568,41635,2297,0.1285645102795579,0.2189816212318965,0.0904171109523385
2021-03-18,Tuolumne,109,53932.0,25517,971,6621,40,18770,916,124,15,7211,317,16235,331,9024,630,0.1337054068085737,0.3010272194615441,0.1673218126529704
2021-03-18,Ventura,111,848112.0,353723,7741,169029,3347,177990,4220,6518,169,120283,4896,239938,5063,119655,2826,0.1418244288490199,0.2829083894579961,0.1410839606089761
2021-03-18,Yolo,113,214977.0,99998,3080,45475,1067,52979,1781,1539,232,30215,1293,65826,1525,35611,1789,0.1405499192936918,0.3062001981607334,0.1656502788670416
2021-03-18,Yuba,115,75493.0,18070,612,5595,174,12114,323,355,115,5287,371,11836,486,6549,240,0.0700329831904944,0.1567827480693574,0.0867497648788629
2021-03-17,Alameda,001,1643700.0,733697,17963,447757,10172,276367,7047,9304,737,207486,8300,474452,9035,266966,9616,0.1262310640627851,0.2886487801910324,0.1624177161282472
2021-03-17,Alpine,003,1148.0,815,23,24,0,790,22,1,1,300,19,555,20,255,4,0.2613240418118467,0.4834494773519164,0.2221254355400697
2021-03-17,Amador,005,37829.0,17494,392,5097,53,12342,336,55,3,5215,256,11077,259,5862,131,0.1378571995030267,0.292817679558011,0.1549604800549842
2021-03-17,Butte,007,227075.0,87328,2011,34881,1379,51024,546,1418,86,17660,1127,53135,1212,35475,878,0.0777716613453704,0.2339975778927667,0.1562259165473962
2021-03-17,Calaveras,009,45235.0,19472,312,5565,63,13776,234,131,15,4635,56,11893,68,7258,248,0.1024649054935337,0.2629158837183596,0.1604509782248259
2021-03-17,Colusa,011,21464.0,7107,239,1644,49,5245,190,218,0,2272,126,4793,127,2521,112,0.1058516585911293,0.2233041371598956,0.1174524785687663
2021-03-17,Contra Costa,013,1133247.0,547875,15707,312918,10787,228450,4680,6389,236,143045,8682,348244,8918,205199,6988,0.1262257919059128,0.3072975264880472,0.1810717345821343
2021-03-17,Del Norte,015,27424.0,7467,291,2940,95,4411,186,103,1,2666,165,5070,166,2404,117,0.0972141190198366,0.1848745624270711,0.0876604434072345
2021-03-17,El Dorado,017,186661.0,80855,1257,36919,419,42418,733,1510,104,20393,790,51288,893,30895,461,0.1092515308500436,0.2747654839521914,0.1655139531021477
2021-03-17,Fresno,019,978130.0,338674,8920,153481,4048,180337,4140,4722,727,136851,5713,239466,6441,102615,3175,0.1399108502959729,0.2448202181714087,0.1049093678754357
2021-03-17,Glenn,021,27897.0,9241,417,2810,98,6295,310,128,9,1939,113,5646,121,3707,303,0.0695056816145105,0.2023873534788687,0.1328816718643581
2021-03-17,Humboldt,023,135768.0,55313,764,25617,396,28340,254,1281,114,11972,350,34212,464,22240,414,0.0881798361911496,0.2519886865829945,0.1638088503918449
2021-03-17,Imperial,025,180216.0,57514,1797,27779,774,27277,828,2450,194,22459,1086,41192,1283,18733,694,0.1246226750122075,0.2285701602521418,0.1039474852399343
2021-03-17,Inyo,027,18085.0,9380,112,4075,3,5175,100,39,8,1452,90,5388,98,3936,21,0.0802875311031241,0.2979264583909317,0.2176389272878075
2021-03-17,Kern,029,883053.0,232226,7645,100078,4216,125193,2874,6886,551,79173,4527,158774,5072,79601,3068,0.0896582651324439,0.1798012123847606,0.0901429472523166
2021-03-17,Kings,031,150075.0,35373,1190,10950,439,23250,687,1157,64,15293,788,25923,853,10630,402,0.1019023821422622,0.1727336331834082,0.0708312510411461
2021-03-17,Lake,033,64148.0,25236,260,7584,128,16804,108,848,24,5890,87,15964,111,10074,173,0.0918189187503897,0.248862006609715,0.1570430878593253
2021-03-17,Lassen,035,31185.0,6240,1058,1026,10,4935,1045,271,3,2127,1039,4305,1042,2178,16,0.0682058682058682,0.138047138047138,0.0698412698412698
2021-03-17,Los Angeles,037,10098052.0,3853928,100894,1962462,46451,1819196,45763,70988,8655,1154070,66519,2534272,75118,1380202,34064,0.1142863990005201,0.2509664240192069,0.1366800250186867
2021-03-17,Madera,039,155013.0,47452,1494,21853,987,24424,443,1149,64,17162,867,32699,932,15537,624,0.1107132950139665,0.210943598278854,0.1002303032648874
2021-03-17,Marin,041,260295.0,157009,4250,86773,2317,68365,1888,1865,45,47867,2018,103251,2063,55384,2221,0.1838951958354943,0.3966691638333429,0.2127739679978486
2021-03-17,Mariposa,043,17540.0,5763,76,965,12,4592,56,192,8,2463,55,4181,63,1718,22,0.1404218928164196,0.2383694412770809,0.0979475484606613
2021-03-17,Mendocino,045,87422.0,51318,1674,26542,1457,24066,67,706,150,14802,211,33321,363,18519,1456,0.1693166479833451,0.3811511976390382,0.211834549655693
2021-03-17,Merced,047,269075.0,76997,2433,43662,1474,30904,763,1980,185,30379,1894,53585,2075,23206,510,0.1129016073585431,0.1991452197342748,0.0862436123757316
2021-03-17,Modoc,049,8938.0,3743,14,395,2,3185,6,160,6,500,4,2201,10,1701,10,0.0559409263817408,0.2462519579324233,0.1903110315506825
2021-03-17,Mono,051,14174.0,9928,40,6372,11,3484,22,44,7,2134,22,6032,29,3898,18,0.1505573585438126,0.4255679413009736,0.275010582757161
2021-03-17,Monterey,053,433212.0,147199,6181,62560,2524,80128,3388,4151,264,51279,4433,101032,4703,49753,1736,0.1183692972493836,0.2332160697302937,0.11484677248091
2021-03-17,Napa,055,140530.0,78833,2581,35283,1897,42451,506,1093,178,23426,1629,51640,1806,28214,947,0.1666975023126734,0.3674660214900733,0.2007685191773998
2021-03-17,Nevada,057,99092.0,45082,1062,23274,469,21394,579,413,14,12337,588,28880,602,16543,471,0.1245004642150728,0.2914463327009244,0.1669458684858515
2021-03-17,Orange,059,3164182.0,1268938,28452,661776,14125,579541,13730,26842,591,305079,20036,798718,20632,493639,8326,0.0964163881850032,0.2524247973093836,0.1560084091243803
2021-03-17,Placer,061,380077.0,180696,3615,96650,1817,81972,1692,2068,105,42805,2298,112637,2403,69832,1311,0.1126219160854248,0.2963531073966591,0.1837311913112343
2021-03-17,Plumas,063,18699.0,6794,79,826,8,5567,68,389,3,2340,58,4748,61,2408,21,0.125140381838601,0.2539173217819134,0.1287769399433124
2021-03-17,Riverside,065,2383286.0,797329,22009,401199,11356,379764,9557,16047,1087,202433,13138,507217,14235,304784,8800,0.0849386099695966,0.2128225483638975,0.1278839383943009
2021-03-17,Sacramento,067,1510023.0,565792,14365,292454,7005,267100,6703,6193,656,168397,9092,369525,9751,201128,5251,0.1115194934116897,0.2447148156021464,0.1331953221904567
2021-03-17,San Benito,069,59416.0,19431,810,5967,477,12713,310,711,22,7228,562,13622,576,6394,245,0.121650733809075,0.2292648444863336,0.1076141106772586
2021-03-17,San Bernardino,071,2135413.0,612250,17765,329625,8764,272502,8235,10034,763,151523,10483,386373,11239,234850,7246,0.0709572340338847,0.1809359594607694,0.1099787254268846
2021-03-17,San Diego,073,3302833.0,1449019,27215,664975,12560,765168,13898,18437,752,316196,17117,895473,18213,579277,9816,0.0957347828364316,0.2711226998155825,0.1753879169791509
2021-03-17,San Francisco,075,870044.0,447711,13841,262490,8495,177306,4686,7822,657,148138,9631,301565,10287,153427,4171,0.1702649521173641,0.346608907135731,0.1763439550183669
2021-03-17,San Joaquin,077,732212.0,236345,8505,117651,5103,115720,3325,2952,77,76011,4521,154509,4600,78498,3843,0.1038100987145799,0.2110167547103844,0.1072066559958044
2021-03-17,San Luis Obispo,079,281455.0,115897,3510,52879,1488,60218,1748,2731,273,30058,1982,74240,2255,44182,1517,0.1067950471656215,0.2637721838304525,0.1569771366648309
2021-03-17,San Mateo,081,765935.0,382085,11110,204398,4575,173250,6380,4301,153,105387,4979,245463,5133,140076,6104,0.1375926155613727,0.3204749750305182,0.1828823594691455
2021-03-17,Santa Barbara,083,443738.0,157870,3428,75549,1002,76447,2013,5715,409,48023,2377,105591,2786,57568,1034,0.1082237716850934,0.2379579842159112,0.1297342125308177
2021-03-17,Santa Clara,085,1922200.0,764002,20870,387563,11769,362897,8891,12229,184,192651,10448,482957,10631,290306,10340,0.1002242222453438,0.2512522110082197,0.1510279887628758
2021-03-17,Santa Cruz,087,273765.0,131355,3970,44198,2397,85791,1551,1349,21,31464,2592,81970,2613,50506,1365,0.1149306887293847,0.2994173835223641,0.1844866947929793
2021-03-17,Shasta,089,179085.0,60536,724,24912,190,34084,475,1517,59,12984,375,37480,433,24496,344,0.072501884579948,0.2092860931959684,0.1367842086160203
2021-03-17,Sierra,091,2930.0,1681,1,97,0,1581,1,3,0,361,0,1021,0,660,1,0.1232081911262798,0.3484641638225256,0.2252559726962457
2021-03-17,Siskiyou,093,43540.0,17627,202,5514,9,11727,184,371,9,4065,37,11016,46,6951,165,0.0933624253559944,0.2530087276067983,0.1596463022508038
2021-03-17,Solano,095,438530.0,189189,6930,90259,1731,96748,5101,2159,97,64979,5073,128020,5170,63041,1855,0.1481745832668232,0.2919298565662554,0.1437552732994322
2021-03-17,Sonoma,097,501317.0,259674,6984,123719,3651,131319,3144,4611,189,66290,3318,164975,3506,98685,3644,0.1322317016977282,0.3290831948647263,0.1968514931669981
2021-03-17,Stanislaus,099,539301.0,174146,4855,84862,2816,85024,1855,4121,184,58070,2845,115841,3030,57771,1941,0.1076764181783456,0.2147984149853236,0.1071219968069779
2021-03-17,Sutter,101,95872.0,34046,1507,12297,553,21293,929,455,25,9423,258,21910,283,12487,1240,0.0982872997329773,0.2285338785046729,0.1302465787716956
2021-03-17,Tehama,103,63373.0,16914,478,2678,39,13907,406,324,33,3347,376,10272,407,6925,99,0.0528142899973174,0.1620879554384359,0.1092736654411184
2021-03-17,Trinity,105,12862.0,4091,102,469,2,3598,100,22,0,1168,27,2638,27,1470,75,0.0908101383921629,0.2051002954439434,0.1142901570517804
2021-03-17,Tulare,107,460477.0,135892,4160,67811,2689,66108,1396,1951,75,58930,2334,98268,2409,39338,1817,0.1279759901145985,0.2134047954620969,0.0854288053474983
2021-03-17,Tuolumne,109,53932.0,24546,182,6581,39,17854,130,109,13,7510,82,15904,95,8394,97,0.1392494252021063,0.2948898613068308,0.1556404361047244
2021-03-17,Ventura,111,848112.0,345982,7960,165682,2863,173770,4735,6349,358,118046,4612,234875,4970,116829,3321,0.1391868055162525,0.2769386590450318,0.1377518535287792
2021-03-17,Yolo,113,214977.0,96918,2584,44408,1043,51198,1464,1307,77,30479,1793,64301,1869,33822,790,0.1417779576419803,0.2991064160352037,0.1573284583932234
2021-03-17,Yuba,115,75493.0,17458,754,5421,173,11791,552,240,28,5041,201,11350,229,6309,550,0.0667744029247744,0.150345065105374,0.0835706621805995
2021-03-16,Alameda,001,1643700.0,715734,17630,437585,11384,269320,5662,8567,565,208067,7390,465417,7955,257350,10170,0.1265845348907951,0.283152035042891,0.1565675001520959
2021-03-16,Alpine,003,1148.0,792,0,24,0,768,0,0,0,284,0,535,0,251,0,0.2473867595818815,0.4660278745644599,0.2186411149825784
2021-03-16,Amador,005,37829.0,17102,462,5044,63,12006,389,52,10,5087,133,10818,143,5731,322,0.1344735520367971,0.285971080388062,0.1514975283512649
2021-03-16,Butte,007,227075.0,85317,1714,33502,436,50478,1201,1332,77,17326,1118,51923,1194,34597,592,0.0763007816800616,0.2286601343168556,0.152359352636794
2021-03-16,Calaveras,009,45235.0,19160,742,5502,585,13542,137,116,20,4815,579,11825,600,7010,157,0.1064441251243506,0.2614126229689399,0.1549684978445893
2021-03-16,Colusa,011,21464.0,6868,320,1595,17,5055,256,218,47,2257,198,4666,245,2409,122,0.1051528140141632,0.2173872530749161,0.1122344390607529
2021-03-16,Contra Costa,013,1133247.0,532168,14917,302131,8911,223770,5583,6153,420,141115,7280,339326,7699,198211,7607,0.1245227209955111,0.2994281034937661,0.174905382498255
2021-03-16,Del Norte,015,27424.0,7176,285,2845,135,4225,150,102,0,2617,260,4904,260,2287,25,0.0954273628938156,0.1788214702450408,0.0833941073512252
2021-03-16,El Dorado,017,186661.0,79598,1281,36500,452,41685,684,1406,145,19961,591,50395,735,30434,687,0.1069371748785231,0.269981410149951,0.1630442352714279
2021-03-16,Fresno,019,978130.0,329754,10360,149433,4608,176197,5346,3995,401,133585,5420,233025,5817,99440,4891,0.1365718258309222,0.2382352039095008,0.1016633780785785
2021-03-16,Glenn,021,27897.0,8824,119,2712,32,5985,77,119,10,2121,74,5525,84,3404,45,0.0760296806108183,0.1980499695307739,0.1220202889199555
2021-03-16,Humboldt,023,135768.0,54549,654,25221,210,28086,184,1167,260,11922,275,33748,533,21826,377,0.0878115608980024,0.2485710918625891,0.1607595309645866
2021-03-16,Imperial,025,180216.0,55717,1387,27005,401,26449,448,2256,538,21870,664,39909,1206,18039,720,0.1213543747502996,0.2214509255559994,0.1000965508056998
2021-03-16,Inyo,027,18085.0,9268,170,4072,3,5075,160,31,6,1375,67,5290,73,3915,101,0.0760298589991705,0.2925076029858999,0.2164777439867293
2021-03-16,Kern,029,883053.0,224581,4516,95862,1047,122319,2920,6335,548,77169,2426,153702,2971,76533,2064,0.0873888656739742,0.1740575027772964,0.0866686371033222
2021-03-16,Kings,031,150075.0,34183,1232,10511,494,22563,676,1093,61,14842,766,25070,826,10228,463,0.0988972180576378,0.1670498084291187,0.0681525903714809
2021-03-16,Lake,033,64148.0,24976,1104,7456,823,16696,264,824,17,5952,372,15853,389,9901,729,0.0927854336846043,0.2471316330984598,0.1543461994138554
2021-03-16,Lassen,035,31185.0,5182,97,1016,8,3890,84,268,5,1101,74,3263,79,2162,23,0.0353054353054353,0.1046336379669713,0.069328202661536
2021-03-16,Los Angeles,037,10098052.0,3753034,102760,1916011,45707,1773433,51054,62333,5975,1113016,65530,2459154,71491,1346138,36917,0.1102208623999955,0.243527563534036,0.1333067011340405
2021-03-16,Madera,039,155013.0,45958,960,20866,536,23981,377,1085,47,16854,760,31767,808,14913,199,0.1087263648855257,0.2049311993187668,0.096204834433241
2021-03-16,Marin,041,260295.0,152759,4368,84456,2357,66477,1649,1820,362,48025,1452,101188,1812,53163,2907,0.1845021994275725,0.388743540982347,0.2042413415547743
2021-03-16,Mariposa,043,17540.0,5687,84,953,34,4536,16,184,34,2422,24,4118,57,1696,60,0.1380843785632839,0.2347776510832383,0.0966932725199544
2021-03-16,Mendocino,045,87422.0,49644,588,25085,389,23999,154,556,45,15895,113,32958,158,17063,472,0.1818192217062066,0.3769989247557823,0.1951797030495756
2021-03-16,Merced,047,269075.0,74564,1774,42188,947,30141,594,1795,223,28814,1185,51510,1408,22696,566,0.107085385115674,0.1914336151630586,0.0843482300473845
2021-03-16,Modoc,049,8938.0,3729,175,393,2,3179,169,154,4,500,42,2191,46,1691,133,0.0559409263817408,0.2451331394047885,0.1891922130230476
2021-03-16,Mono,051,14174.0,9888,22,6361,7,3462,9,37,5,2123,9,6003,14,3880,12,0.1497812896853393,0.4235219415831804,0.2737406518978411
2021-03-16,Monterey,053,433212.0,141018,3738,60036,649,76740,2691,3887,390,48312,2232,96329,2623,48017,1497,0.1115204564970499,0.2223599530945587,0.1108394965975088
2021-03-16,Napa,055,140530.0,76252,1937,33386,412,41945,1396,915,128,22567,1442,49834,1571,27267,492,0.1605849284850209,0.3546146730235537,0.1940297445385327
2021-03-16,Nevada,057,99092.0,44020,1066,22805,481,20815,521,399,64,12206,675,28278,739,16072,390,0.1231784604206192,0.2853711702256489,0.1621927098050296
2021-03-16,Orange,059,3164182.0,1240486,27580,647651,11664,565811,15602,26251,306,292773,17556,778086,17874,485313,9921,0.0925272313665901,0.2459043127102044,0.1533770813436142
2021-03-16,Placer,061,380077.0,177081,3746,94833,2027,80280,1584,1963,135,41713,2341,110234,2477,68521,1395,0.1097488140560991,0.290030704304654,0.1802818902485549
2021-03-16,Plumas,063,18699.0,6715,70,818,6,5499,63,386,1,2300,51,4687,52,2387,17,0.1230012300123001,0.2506551152468046,0.1276538852345045
2021-03-16,Riverside,065,2383286.0,775320,21401,389843,10368,370207,10179,14960,849,196998,11421,492982,12297,295984,9926,0.0826581450988257,0.2068497024696154,0.1241915573707897
2021-03-16,Sacramento,067,1510023.0,551427,14549,285449,6596,260397,7280,5537,671,163897,8897,359774,9567,195877,5617,0.1085394063534131,0.2382572980676453,0.1297178917142321
2021-03-16,San Benito,069,59416.0,18621,525,5490,225,12403,267,689,33,6897,353,13046,386,6149,170,0.1160798438131143,0.2195704860643597,0.1034906422512454
2021-03-16,San Bernardino,071,2135413.0,594485,16501,320861,8121,264267,7441,9271,937,147530,9896,375134,10839,227604,6564,0.0690873381402098,0.1756728089601402,0.1065854708199303
2021-03-16,San Diego,073,3302833.0,1421804,30331,652415,16003,751270,13862,17685,458,307799,15492,877260,16394,569461,14485,0.0931924199618933,0.2656083428983542,0.1724159229364609
2021-03-16,San Francisco,075,870044.0,433870,12518,253995,8450,172620,3562,7165,504,142022,8696,291278,9201,149256,3800,0.1632354225763294,0.3347853671768324,0.1715499446005029
2021-03-16,San Joaquin,077,732212.0,227840,7348,112548,4170,112395,2916,2875,262,75254,4160,149909,4420,74655,3088,0.1027762451311915,0.2047344211785657,0.1019581760473742
2021-03-16,San Luis Obispo,079,281455.0,112387,2906,51391,1524,58470,1269,2458,113,29320,1430,71985,1541,42665,1469,0.1041729583770052,0.255760245865236,0.1515872874882308
2021-03-16,San Mateo,081,765935.0,370975,12019,199823,4465,166870,7416,4148,132,106358,4850,240330,4983,133972,7147,0.1388603471573958,0.3137733619693577,0.1749130148119618
2021-03-16,Santa Barbara,083,443738.0,154442,3773,74547,1221,74434,2208,5306,343,46271,2733,102805,3077,56534,1029,0.1042754959007342,0.231679504572518,0.1274040086717838
2021-03-16,Santa Clara,085,1922200.0,743132,18839,375794,10616,354006,7966,12045,228,192360,8791,472326,9017,279966,9980,0.1000728332119446,0.2457215690354801,0.1456487358235355
2021-03-16,Santa Cruz,087,273765.0,127385,2338,41801,1121,84240,1146,1328,71,30216,1297,79357,1367,49141,1025,0.1103720344090734,0.2898727010392125,0.179500666630139
2021-03-16,Shasta,089,179085.0,59812,1119,24722,144,33609,901,1458,74,12895,827,37047,901,24152,289,0.0720049138677164,0.2068682469218527,0.1348633330541363
2021-03-16,Sierra,091,2930.0,1680,30,97,0,1580,29,3,1,362,18,1021,19,659,12,0.1235494880546075,0.3484641638225256,0.2249146757679181
2021-03-16,Siskiyou,093,43540.0,17425,252,5505,27,11543,208,362,17,4184,132,10970,149,6786,119,0.0960955443270555,0.2519522278364722,0.1558566835094166
2021-03-16,Solano,095,438530.0,182259,3216,88528,1378,91647,1604,2062,234,61664,1623,122850,1857,61186,1589,0.1406152372699701,0.2801404692951451,0.139525232025175
2021-03-16,Sonoma,097,501317.0,252690,6505,120068,2356,128175,3901,4422,248,66428,2931,161469,3178,95041,3560,0.1325069766235735,0.3220896159515835,0.18958263932801
2021-03-16,Stanislaus,099,539301.0,169291,4972,82046,2369,83169,2153,3937,447,56981,3427,112811,3865,55830,1489,0.105657137665237,0.2091800311885199,0.1035228935232829
2021-03-16,Sutter,101,95872.0,32539,406,11744,88,20364,270,430,48,10380,220,21627,267,11247,183,0.1082693591455273,0.2255820260347129,0.1173126668891855
2021-03-16,Tehama,103,63373.0,16436,447,2639,21,13501,389,291,37,3039,335,9865,370,6826,108,0.0479541760686727,0.1556656620327268,0.1077114859640541
2021-03-16,Trinity,105,12862.0,3989,121,467,9,3498,112,22,0,1216,107,2611,107,1395,14,0.0945420618877313,0.2030010884776862,0.1084590265899549
2021-03-16,Tulare,107,460477.0,131732,3525,65122,2122,64712,1319,1876,84,58338,1926,95859,2011,37521,1593,0.1266903667284142,0.2081732638112218,0.0814828970828076
2021-03-16,Tuolumne,109,53932.0,24364,841,6542,47,17724,784,96,10,7512,674,15809,684,8297,156,0.1392865089371801,0.2931283838908254,0.1538418749536453
2021-03-16,Ventura,111,848112.0,338022,8296,162819,2497,169035,4675,5991,1120,116397,4036,229905,5157,113508,4245,0.1372424868413605,0.2710785839606089,0.1338360971192484
2021-03-16,Yolo,113,214977.0,94334,2080,43365,783,49734,1219,1230,78,29400,1276,62432,1354,33032,805,0.1367588160593924,0.2904124627285709,0.1536536466691785
2021-03-16,Yuba,115,75493.0,16704,328,5248,87,11239,213,212,27,5362,197,11121,224,5759,129,0.0710264527837018,0.147311671280781,0.0762852184970792
2021-03-15,Alameda,001,1643700.0,698104,14689,426201,9586,263658,4554,8002,544,210282,6212,457462,6750,247180,8434,0.1279321043986128,0.2783123441017217,0.1503802397031088
2021-03-15,Alpine,003,1148.0,792,21,24,0,768,21,0,0,284,21,535,21,251,1,0.2473867595818815,0.4660278745644599,0.2186411149825784
2021-03-15,Amador,005,37829.0,16640,205,4981,32,11617,166,42,7,5266,55,10675,62,5409,148,0.1392053715403526,0.2821909117343836,0.142985540194031
2021-03-15,Butte,007,227075.0,83603,1770,33066,367,49277,1105,1255,298,16724,1155,50729,1451,34005,609,0.0736496752174391,0.2234019597049433,0.1497522844875041
2021-03-15,Calaveras,009,45235.0,18418,385,4917,56,13405,303,96,26,4372,58,11225,83,6853,319,0.0966508234773958,0.2481485575328838,0.151497734055488
2021-03-15,Colusa,011,21464.0,6548,92,1578,26,4799,57,171,9,2134,31,4421,40,2287,60,0.0994222884830413,0.2059727916511368,0.1065505031680954
2021-03-15,Contra Costa,013,1133247.0,517251,9912,293220,5423,218187,3703,5733,784,141023,4818,331627,5603,190604,5080,0.1244415383407147,0.2926343506755368,0.1681928123348219
2021-03-15,Del Norte,015,27424.0,6891,44,2710,1,4075,43,102,0,2382,36,4644,36,2262,8,0.0868582263710618,0.169340723453909,0.0824824970828471
2021-03-15,El Dorado,017,186661.0,78317,1443,36048,303,41001,1006,1261,134,19913,622,49660,756,29747,817,0.1066800242150208,0.2660437906150722,0.1593637664000514
2021-03-15,Fresno,019,978130.0,319394,7261,144825,3224,170851,3849,3594,182,132659,4999,227208,5183,94549,2250,0.1356251214051302,0.2322881416580618,0.0966630202529316
2021-03-15,Glenn,021,27897.0,8705,80,2680,16,5908,60,109,4,2082,63,5441,67,3359,17,0.0746316808258952,0.1950388930709395,0.1204072122450442
2021-03-15,Humboldt,023,135768.0,53895,295,25011,52,27902,219,907,22,11766,64,33215,86,21449,228,0.0866625419833834,0.2446452772376406,0.1579827352542572
2021-03-15,Imperial,025,180216.0,54330,869,26604,302,26001,253,1718,314,21384,464,38703,782,17319,400,0.1186576108669596,0.2147589559195631,0.0961013450526035
2021-03-15,Inyo,027,18085.0,9098,54,4069,16,4915,35,25,3,1403,30,5217,33,3814,24,0.0775781034006082,0.2884711086535803,0.210893005252972
2021-03-15,Kern,029,883053.0,220065,4375,94815,1149,119399,2502,5787,720,76262,2217,150731,2937,74469,2132,0.0863617472563934,0.170693038809675,0.0843312915532816
2021-03-15,Kings,031,150075.0,32951,717,10017,274,21887,326,1032,117,14479,470,24244,587,9765,246,0.0964784274529401,0.1615458937198067,0.0650674662668665
2021-03-15,Lake,033,64148.0,23872,616,6633,14,16432,584,807,18,6292,456,15464,474,9172,160,0.0980856768722329,0.2410675313337906,0.1429818544615576
2021-03-15,Lassen,035,31185.0,5085,37,1008,6,3806,30,263,1,1045,14,3184,15,2139,22,0.0335097001763668,0.1021003687670354,0.0685906685906685
2021-03-15,Los Angeles,037,10098052.0,3650274,77347,1870304,37955,1722379,33735,56358,5630,1078442,46138,2387663,51761,1309221,30951,0.1067970337249204,0.2364478812349154,0.129650847509995
2021-03-15,Madera,039,155013.0,44998,763,20330,236,23604,480,1038,47,16245,523,30959,570,14714,238,0.1047976621315631,0.1997187332675324,0.0949210711359692
2021-03-15,Marin,041,260295.0,148391,3303,82099,1820,64828,1436,1458,47,49120,1218,99376,1265,50256,2079,0.1887089648283678,0.3817822086478803,0.1930732438195124
2021-03-15,Mariposa,043,17540.0,5603,84,919,12,4520,32,150,40,2425,29,4061,66,1636,52,0.1382554161915621,0.2315279361459521,0.0932725199543899
2021-03-15,Mendocino,045,87422.0,49056,621,24696,54,23845,509,511,58,16209,214,32800,271,16591,405,0.1854109949440644,0.37519159936858,0.1897806044245155
2021-03-15,Merced,047,269075.0,72790,1833,41241,729,29547,832,1572,261,27972,1227,50102,1483,22130,575,0.1039561460559323,0.1862008733624454,0.082244727306513
2021-03-15,Modoc,049,8938.0,3554,12,391,0,3010,12,150,0,587,12,2145,12,1558,0,0.0656746475721637,0.2399865741776684,0.1743119266055046
2021-03-15,Mono,051,14174.0,9866,31,6354,24,3453,3,32,3,2121,15,5989,18,3868,15,0.149640186256526,0.4225342175814872,0.2728940313249612
2021-03-15,Monterey,053,433212.0,137280,4178,59387,1316,74049,2544,3497,312,47186,2330,93706,2644,46520,1835,0.1089212671855811,0.2163051808352492,0.107383913649668
2021-03-15,Napa,055,140530.0,74315,1014,32974,439,40549,499,787,76,21488,507,48263,583,26775,505,0.1529068526293318,0.3434355653597096,0.1905287127303778
2021-03-15,Nevada,057,99092.0,42954,934,22324,497,20294,423,335,14,11857,388,27539,402,15682,540,0.1196564808460824,0.2779134541638073,0.1582569733177249
2021-03-15,Orange,059,3164182.0,1212906,24051,635987,10563,550209,12678,25945,802,284820,14717,760212,15515,475392,9243,0.0900137855534226,0.240255459388872,0.1502416738354494
2021-03-15,Placer,061,380077.0,173335,3292,92806,1564,78696,1595,1828,133,40631,1798,107757,1931,67126,1490,0.1069020224849175,0.2835136038223834,0.1766115813374658
2021-03-15,Plumas,063,18699.0,6645,37,812,3,5436,27,385,7,2265,9,4635,16,2370,28,0.1211294721642868,0.2478742178726135,0.1267447457083266
2021-03-15,Riverside,065,2383286.0,753919,18993,379475,7968,360028,9318,14111,1703,194627,9165,480685,10877,286058,9752,0.081663300166241,0.2016900195780112,0.1200267194117701
2021-03-15,Sacramento,067,1510023.0,536878,12558,278853,5049,253117,6840,4866,668,159947,7176,350207,7850,190260,5359,0.1059235521578148,0.2319216329817492,0.1259980808239344
2021-03-15,San Benito,069,59416.0,18096,326,5265,99,12136,210,656,17,6681,188,12660,205,5979,137,0.1124444594048741,0.2130739194829675,0.1006294600780934
2021-03-15,San Bernardino,071,2135413.0,577984,11621,312740,5512,256826,4102,8334,2006,143255,5470,364295,7472,221040,6123,0.067085383483195,0.1705969758543195,0.1035115923711244
2021-03-15,San Diego,073,3302833.0,1391473,22347,636412,10367,737408,11140,17227,833,305890,9014,860866,10266,554976,12971,0.0926144313079105,0.2606447253009765,0.1680302939930659
2021-03-15,San Francisco,075,870044.0,421352,12313,245545,9303,169058,2045,6661,963,136621,8390,282077,9348,145456,3904,0.1570276905535812,0.3242100399520024,0.1671823493984212
2021-03-15,San Joaquin,077,732212.0,220492,6488,108378,3728,109479,2330,2613,430,73922,3186,145489,3613,71567,3198,0.1009570998563257,0.1986979180892965,0.0977408182329707
2021-03-15,San Luis Obispo,079,281455.0,109481,3108,49867,1116,57201,1890,2345,100,29248,1514,70444,1616,41196,1587,0.1039171448366523,0.2502851255085182,0.1463679806718658
2021-03-15,San Mateo,081,765935.0,358956,7303,195358,4730,159454,2387,4016,185,108522,3795,235347,3982,126825,3496,0.1416856521767513,0.3072675879807033,0.165581935803952
2021-03-15,Santa Barbara,083,443738.0,150669,2178,73326,721,72226,1152,4963,304,44223,1290,99728,1594,55505,886,0.0996601598240403,0.2247452325471336,0.1250850727230933
2021-03-15,Santa Clara,085,1922200.0,724293,13290,365178,6748,346040,6137,11817,364,193323,6027,463309,6390,269986,7185,0.1005738216626781,0.2410305899490167,0.1404567682863385
2021-03-15,Santa Cruz,087,273765.0,125047,1285,40680,457,83094,791,1257,37,29874,552,77990,590,48116,728,0.1091227877924497,0.2848793673406023,0.1757565795481526
2021-03-15,Shasta,089,179085.0,58693,498,24578,49,32708,352,1384,97,12283,211,36146,307,23863,287,0.0685875422285507,0.2018371164530809,0.1332495742245302
2021-03-15,Sierra,091,2930.0,1650,2,97,0,1551,0,2,2,355,0,1002,2,647,2,0.1211604095563139,0.3419795221843003,0.2208191126279863
2021-03-15,Siskiyou,093,43540.0,17173,523,5478,253,11335,198,345,72,4154,333,10821,405,6667,189,0.0954065227377124,0.2485300872760679,0.1531235645383555
2021-03-15,Solano,095,438530.0,179043,4132,87150,2515,90043,1286,1828,331,61396,2574,120993,2905,59597,1550,0.1400041046222607,0.2759058673294871,0.1359017627072264
2021-03-15,Sonoma,097,501317.0,246185,5375,117712,1591,124274,3388,4174,395,66810,2191,158291,2587,91481,3172,0.1332689695342468,0.3157503136737832,0.1824813441395364
2021-03-15,Stanislaus,099,539301.0,164319,3758,79677,1909,81016,1480,3490,366,54605,1586,108946,1950,54341,2068,0.1012514347275454,0.2020133469064585,0.100761912178913
2021-03-15,Sutter,101,95872.0,32133,345,11656,71,20094,223,382,51,10296,163,21360,214,11064,182,0.1073931909212283,0.2227970627503337,0.1154038718291054
2021-03-15,Tehama,103,63373.0,15989,173,2618,18,13112,128,254,27,2777,87,9495,114,6718,86,0.0438199233111893,0.1498272134820822,0.1060072901708929
2021-03-15,Trinity,105,12862.0,3868,69,458,1,3386,67,22,1,1123,16,2504,17,1381,53,0.0873114601150676,0.1946820090188151,0.1073705489037474
2021-03-15,Tulare,107,460477.0,128207,2833,63000,1659,63393,1055,1792,119,57920,2038,93848,2158,35928,787,0.1257826123780341,0.2038060532882206,0.0780234409101866
2021-03-15,Tuolumne,109,53932.0,23523,341,6495,80,16940,259,86,2,6984,102,15125,105,8141,230,0.1294964028776978,0.280445746495587,0.1509493436178892
2021-03-15,Ventura,111,848112.0,329726,7165,160322,2062,164360,3762,4871,1335,115485,2987,224748,4323,109263,4157,0.1361671571679212,0.2649980191295489,0.1288308619616277
2021-03-15,Yolo,113,214977.0,92254,1677,42582,766,48515,717,1152,193,28851,1059,61078,1251,32227,614,0.1342050544942017,0.2841141145331826,0.1499090600389809
2021-03-15,Yuba,115,75493.0,16376,211,5161,59,11026,137,185,15,5267,114,10897,129,5630,97,0.0697680579656392,0.1443445087624018,0.0745764507967626
2021-03-14,Alameda,001,1643700.0,683415,10886,416615,8013,259104,2050,7458,820,211966,3271,450712,4087,238746,7595,0.1289566222546693,0.2742057553081463,0.1452491330534769
2021-03-14,Alpine,003,1148.0,771,0,24,0,747,0,0,0,264,0,514,0,250,0,0.229965156794425,0.4477351916376306,0.2177700348432055
2021-03-14,Amador,005,37829.0,16435,113,4949,22,11451,89,35,2,5352,18,10613,20,5261,95,0.1414787596817256,0.2805519574929287,0.139073197811203
2021-03-14,Butte,007,227075.0,81833,173,32699,24,48172,105,957,43,15882,25,49278,68,33396,146,0.0699416492348343,0.2170120004403831,0.1470703512055488
2021-03-14,Calaveras,009,45235.0,18033,189,4861,16,13102,172,70,1,4608,8,11142,9,6534,177,0.1018680225489112,0.2463136951475627,0.1444456725986515
2021-03-14,Colusa,011,21464.0,6456,26,1552,0,4742,23,162,3,2154,9,4381,12,2227,17,0.1003540812523294,0.2041092061125605,0.103755124860231
2021-03-14,Contra Costa,013,1133247.0,507339,4702,287797,2785,214484,1398,4949,518,140500,1792,326024,2311,185524,2899,0.1239800325966007,0.2876901505144068,0.1637101179178061
2021-03-14,Del Norte,015,27424.0,6847,3,2709,0,4032,3,102,0,2354,1,4608,1,2254,2,0.0858372228704784,0.1680280046674445,0.0821907817969661
2021-03-14,El Dorado,017,186661.0,76874,1046,35745,216,39995,718,1127,112,19974,294,48904,406,28930,752,0.1070068198498883,0.2619936676649113,0.1549868478150229
2021-03-14,Fresno,019,978130.0,312133,1810,141601,489,167002,1031,3412,290,129726,675,222025,963,92299,1126,0.1326265424841278,0.2269892550070031,0.0943627125228752
2021-03-14,Glenn,021,27897.0,8625,1,2664,0,5848,1,105,0,2032,0,5374,0,3342,1,0.0728393734093271,0.1926372011327383,0.1197978277234111
2021-03-14,Humboldt,023,135768.0,53600,151,24959,20,27683,122,885,8,11908,32,33129,40,21221,117,0.0877084438159212,0.2440118437334276,0.1563033999175063
2021-03-14,Imperial,025,180216.0,53461,245,26302,63,25748,166,1404,16,21002,167,37921,185,16919,76,0.1165379322590669,0.2104197185599503,0.0938817863008833
2021-03-14,Inyo,027,18085.0,9044,438,4053,436,4880,2,22,0,1394,2,5184,2,3790,436,0.0770804534144318,0.2866463920376002,0.2095659386231683
2021-03-14,Kern,029,883053.0,215690,2379,93666,1574,116897,545,5067,259,75457,1822,147794,2079,72337,551,0.0854501371944832,0.1673670776272771,0.0819169404327939
2021-03-14,Kings,031,150075.0,32234,682,9743,103,21561,188,915,391,14138,201,23657,591,9519,480,0.0942062302182242,0.1576345160752957,0.0634282858570714
2021-03-14,Lake,033,64148.0,23256,21,6619,6,15848,14,789,1,5978,8,14990,9,9012,13,0.0931907463989524,0.2336783687722142,0.1404876223732618
2021-03-14,Lassen,035,31185.0,5048,10,1002,0,3776,8,262,2,1052,0,3169,2,2117,10,0.0337341670675004,0.1016193682860349,0.0678852012185345
2021-03-14,Los Angeles,037,10098052.0,3572927,39886,1832349,26719,1688644,10483,50728,2671,1057632,24061,2335902,26723,1278270,15702,0.1047362402174201,0.2313220411223867,0.1265858009049666
2021-03-14,Madera,039,155013.0,44235,594,20094,458,23124,102,991,34,15913,285,30389,320,14476,309,0.1026559062788282,0.1960416223155477,0.0933857160367195
2021-03-14,Marin,041,260295.0,145088,2331,80279,1132,63392,1082,1411,117,49934,721,98111,838,48177,1610,0.1918361858660366,0.376922338116368,0.1850861522503313
2021-03-14,Mariposa,043,17540.0,5519,18,907,2,4488,5,110,11,2411,2,3995,13,1584,15,0.1374572405929304,0.2277651083238312,0.0903078677309008
2021-03-14,Mendocino,045,87422.0,48435,114,24642,7,23336,99,453,7,16343,18,32529,25,16186,95,0.1869437898927043,0.3720916931664798,0.1851479032737754
2021-03-14,Merced,047,269075.0,70957,304,40512,177,28715,93,1311,34,27064,161,48619,194,21555,133,0.1005816222242869,0.180689398866487,0.0801077766422001
2021-03-14,Modoc,049,8938.0,3542,0,391,0,2998,0,150,0,575,0,2133,0,1558,0,0.064332065339002,0.2386439919445066,0.1743119266055046
2021-03-14,Mono,051,14174.0,9835,10,6330,10,3450,0,29,0,2118,1,5971,1,3853,9,0.149428531113306,0.4212642867221673,0.2718357556088613
2021-03-14,Monterey,053,433212.0,133102,2313,58071,1372,71505,907,3185,28,46377,532,91062,560,44685,1765,0.1070538212237888,0.2102019334644469,0.1031481122406581
2021-03-14,Napa,055,140530.0,73301,649,32535,352,40050,145,711,152,21410,209,47680,359,26270,437,0.1523518110012097,0.3392869849854124,0.1869351739842026
2021-03-14,Nevada,057,99092.0,42020,177,21827,36,19871,136,321,5,11995,40,27137,45,15142,137,0.1210491260646671,0.2738566180922779,0.1528074920276107
2021-03-14,Orange,059,3164182.0,1188855,19461,625424,8468,537531,8410,25143,2579,278548,11951,744697,14530,466149,7451,0.0880315986880653,0.2353521384041752,0.1473205397161099
2021-03-14,Placer,061,380077.0,170043,1745,91242,707,77101,881,1695,157,40190,900,105826,1058,65636,845,0.1057417312807667,0.2784330543547755,0.1726913230740087
2021-03-14,Plumas,063,18699.0,6608,15,809,4,5409,6,378,5,2277,2,4619,7,2342,13,0.1217712177121771,0.2470185571420931,0.125247339429916
2021-03-14,Riverside,065,2383286.0,734926,4990,371507,1714,350710,1897,12408,1376,193502,2160,469808,3534,276306,2815,0.0811912628194853,0.1971261527152008,0.1159348898957154
2021-03-14,Sacramento,067,1510023.0,524320,9642,273804,3595,246277,5411,4198,633,157456,4516,342357,5151,184901,5098,0.1042739084106666,0.2267230366689779,0.1224491282583113
2021-03-14,San Benito,069,59416.0,17770,242,5166,45,11926,176,639,21,6613,181,12455,202,5842,58,0.1112999865356133,0.2096236703918136,0.0983236838562003
2021-03-14,San Bernardino,071,2135413.0,566363,3374,307228,1702,252724,1081,6328,590,141906,1859,356823,2445,214917,1498,0.0664536555692037,0.1670978869192985,0.1006442313500948
2021-03-14,San Diego,073,3302833.0,1369126,13773,626045,5518,726268,7517,16394,737,308595,4748,850600,5751,542005,8812,0.093433425183774,0.2575364845876252,0.1641030594038511
2021-03-14,San Francisco,075,870044.0,409039,7645,236242,4941,167013,2427,5698,274,131177,3952,272729,4226,141552,3673,0.1507705357430199,0.3134657557548813,0.1626952200118614
2021-03-14,San Joaquin,077,732212.0,214004,2276,104650,714,107149,1244,2183,318,73507,1028,141876,1345,68369,1231,0.1003903241137812,0.1937635548174572,0.0933732307036759
2021-03-14,San Luis Obispo,079,281455.0,106373,558,48751,74,55311,368,2245,112,29219,162,68828,274,39609,392,0.1038141088273436,0.2445435327139329,0.1407294238865893
2021-03-14,San Mateo,081,765935.0,351653,5074,190628,3417,157067,1546,3831,111,108036,2674,231365,2784,123329,2395,0.1410511335818313,0.3020687134025733,0.1610175798207419
2021-03-14,Santa Barbara,083,443738.0,148491,926,72605,476,71074,382,4659,54,43515,581,98134,634,54619,327,0.0980646237194019,0.2211530227296287,0.1230883990102267
2021-03-14,Santa Clara,085,1922200.0,711003,6697,358430,3475,339903,1895,11453,1311,194118,3218,456919,4522,262801,3440,0.1009874102590781,0.2377062740609718,0.1367188638018936
2021-03-14,Santa Cruz,087,273765.0,123762,1703,40223,190,82303,1500,1220,13,30012,462,77400,475,47388,1238,0.109626869760561,0.2827242342885321,0.173097364527971
2021-03-14,Shasta,089,179085.0,58195,992,24529,14,32356,956,1287,22,12263,851,35839,874,23576,140,0.0684758634168132,0.2001228466929112,0.1316469832760979
2021-03-14,Sierra,091,2930.0,1648,0,97,0,1551,0,0,0,355,0,1000,0,645,0,0.1211604095563139,0.3412969283276451,0.220136518771331
2021-03-14,Siskiyou,093,43540.0,16650,22,5225,1,11137,5,273,16,3938,3,10416,19,6478,19,0.0904455672944418,0.2392282958199356,0.1487827285254938
2021-03-14,Solano,095,438530.0,174911,4128,84635,3214,88757,434,1497,479,60041,1553,118088,2031,58047,2567,0.1369142361982076,0.2692814630698014,0.1323672268715937
2021-03-14,Sonoma,097,501317.0,240810,1417,116121,404,120886,871,3779,142,67395,847,155704,989,88309,567,0.1344358958503302,0.3105899061871032,0.1761540103367729
2021-03-14,Stanislaus,099,539301.0,160561,1032,77768,613,79536,357,3124,59,54723,484,106996,542,52273,526,0.1014702364727675,0.1983975553540601,0.0969273188812926
2021-03-14,Sutter,101,95872.0,31788,142,11585,21,19871,109,331,12,10264,46,21146,58,10882,97,0.1070594125500667,0.2205649198931909,0.1135055073431241
2021-03-14,Tehama,103,63373.0,15816,66,2600,1,12984,54,227,11,2749,21,9381,32,6632,45,0.0433780947722216,0.1480283401448566,0.104650245372635
2021-03-14,Trinity,105,12862.0,3799,4,457,0,3319,4,21,0,1159,4,2487,4,1328,0,0.0901104027367439,0.1933602861141346,0.1032498833773907
2021-03-14,Tulare,107,460477.0,125374,1881,61341,996,62338,664,1673,221,56549,1342,91690,1562,35141,532,0.1228052649752322,0.1991196085797987,0.0763143436045665
2021-03-14,Tuolumne,109,53932.0,23182,167,6415,13,16681,145,84,9,7109,6,15020,15,7911,159,0.1318141363198101,0.2784988504042127,0.1466847140844026
2021-03-14,Ventura,111,848112.0,322561,2134,158260,487,160598,1153,3536,494,115319,729,220425,1223,105106,1402,0.1359714283019223,0.2599008149866998,0.1239293866847774
2021-03-14,Yolo,113,214977.0,90577,1094,41816,229,47798,714,959,151,28214,539,59827,690,31613,554,0.1312419468129148,0.2782948873600431,0.1470529405471283
2021-03-14,Yuba,115,75493.0,16165,113,5102,21,10889,82,170,10,5235,53,10768,63,5533,60,0.0693441776058707,0.1426357410620852,0.0732915634562144
2021-03-13,Alameda,001,1643700.0,672529,16288,408602,10361,257054,4835,6638,1086,215474,5084,446625,6169,231151,11167,0.1310908316602786,0.2717192918415769,0.1406284601812983
2021-03-13,Alpine,003,1148.0,771,0,24,0,747,0,0,0,264,0,514,0,250,0,0.229965156794425,0.4477351916376306,0.2177700348432055
2021-03-13,Amador,005,37829.0,16322,136,4927,16,11362,113,33,7,5427,37,10593,44,5166,97,0.1434613656189695,0.2800232625763303,0.1365618969573607
2021-03-13,Butte,007,227075.0,81660,276,32675,69,48067,145,914,62,15960,59,49210,121,33250,217,0.0702851480788285,0.2167125399097214,0.1464273918308928
2021-03-13,Calaveras,009,45235.0,17844,220,4845,17,12930,196,69,7,4776,30,11133,37,6357,182,0.1055819608710069,0.2461147341660219,0.1405327732950149
2021-03-13,Colusa,011,21464.0,6430,61,1552,12,4719,41,159,8,2159,19,4369,27,2210,42,0.1005870294446515,0.2035501304509877,0.1029631010063362
2021-03-13,Contra Costa,013,1133247.0,502637,8360,285012,3415,213086,4493,4431,451,141088,3292,323713,3735,182625,5049,0.1244988956511687,0.2856508775227289,0.1611519818715602
2021-03-13,Del Norte,015,27424.0,6844,93,2709,90,4029,3,102,0,2355,89,4607,89,2252,4,0.0858736872812135,0.1679915402567094,0.0821178529754959
2021-03-13,El Dorado,017,186661.0,75828,1188,35529,365,39277,540,1015,283,20320,447,48498,728,28178,737,0.1088604475493006,0.2598186016361211,0.1509581540868205
2021-03-13,Fresno,019,978130.0,310323,8489,141112,4124,165971,3331,3122,1032,129889,3993,221062,5024,91173,4478,0.132793186999683,0.226004723298539,0.0932115362988559
2021-03-13,Glenn,021,27897.0,8624,13,2664,3,5847,2,105,8,2033,0,5374,8,3341,13,0.0728752195576585,0.1926372011327383,0.1197619815750797
2021-03-13,Humboldt,023,135768.0,53449,1607,24939,1048,27561,503,877,56,11985,669,33089,726,21104,933,0.0882755877673678,0.2437172234989099,0.155441635731542
2021-03-13,Imperial,025,180216.0,53216,1264,26239,132,25582,895,1388,237,20893,874,37736,1117,16843,369,0.1159331024992231,0.2093931726372797,0.0934600701380565
2021-03-13,Inyo,027,18085.0,8606,587,3617,549,4878,25,22,9,1828,64,5182,73,3354,518,0.1010782416367155,0.2865358031517832,0.1854575615150677
2021-03-13,Kern,029,883053.0,213311,4757,92092,2584,116352,1833,4808,340,73929,3297,145715,3627,71786,1437,0.0837197767291431,0.1650127455543438,0.0812929688252007
2021-03-13,Kings,031,150075.0,31552,693,9640,339,21373,311,524,43,14027,548,23066,592,9039,142,0.0934666000333166,0.1536964850907879,0.0602298850574712
2021-03-13,Lake,033,64148.0,23235,282,6613,25,15834,24,788,233,5982,19,14981,251,8999,261,0.0932531022011598,0.2335380682172476,0.1402849660160878
2021-03-13,Lassen,035,31185.0,5038,49,1002,0,3768,3,260,46,1060,2,3167,47,2107,47,0.0339907006573673,0.1015552348885682,0.0675645342312009
2021-03-13,Los Angeles,037,10098052.0,3533041,77714,1805630,36907,1678161,28778,48057,12010,1046611,45735,2309179,57726,1262568,31745,0.103644841599152,0.2286756891329139,0.1250308475337619
2021-03-13,Madera,039,155013.0,43641,1899,19636,1330,23022,366,957,202,15902,813,30069,1016,14167,1079,0.1025849444885267,0.1939772793249598,0.091392334836433
2021-03-13,Marin,041,260295.0,142757,4105,79147,2851,62310,1175,1294,79,50706,2333,97273,2407,46567,1757,0.1948020515184694,0.3737029140014214,0.178900862482952
2021-03-13,Mariposa,043,17540.0,5501,36,905,9,4483,12,99,15,2413,8,3982,23,1569,29,0.1375712656784492,0.2270239452679589,0.0894526795895097
2021-03-13,Mendocino,045,87422.0,48321,829,24635,576,23237,193,446,60,16413,143,32504,203,16091,683,0.1877445036718446,0.371805723959644,0.1840612202877994
2021-03-13,Merced,047,269075.0,70653,1104,40335,341,28622,485,1277,275,27003,679,48425,953,21422,414,0.1003549196320728,0.1799684102945275,0.0796134906624547
2021-03-13,Modoc,049,8938.0,3542,8,391,1,2998,4,150,3,575,3,2133,6,1558,5,0.064332065339002,0.2386439919445066,0.1743119266055046
2021-03-13,Mono,051,14174.0,9825,786,6320,367,3450,416,29,1,2126,769,5970,770,3844,15,0.1499929448285593,0.4211937350077607,0.2712007901792013
2021-03-13,Monterey,053,433212.0,130789,5633,56699,1076,70598,4165,3157,374,47582,4073,90502,4446,42920,1539,0.109835369288016,0.2089092638246401,0.0990738945366241
2021-03-13,Napa,055,140530.0,72652,1205,32183,320,39905,859,559,26,21488,837,47321,864,25833,366,0.1529068526293318,0.3367323703123888,0.183825517683057
2021-03-13,Nevada,057,99092.0,41843,966,21791,71,19735,889,316,6,12087,748,27092,754,15005,215,0.1219775562103903,0.273402494651435,0.1514249384410446
2021-03-13,Orange,059,3164182.0,1169394,28841,616956,10589,529121,14185,22564,4065,271469,14376,730167,18436,458698,14386,0.0857943696032655,0.2307601143044237,0.1449657447011581
2021-03-13,Placer,061,380077.0,168298,2282,90535,776,76220,1376,1538,130,39977,1194,104768,1324,64791,1085,0.1051813185222994,0.2756494078831394,0.17046808936084
2021-03-13,Plumas,063,18699.0,6593,28,805,4,5403,13,373,11,2283,7,4612,18,2329,21,0.1220920904861222,0.2466442055724905,0.1245521150863682
2021-03-13,Riverside,065,2383286.0,729936,8946,369793,2622,348813,5024,11032,1296,192783,4464,466274,5830,273491,4451,0.0808895785063144,0.1956433260632588,0.1147537475569445
2021-03-13,Sacramento,067,1510023.0,514678,13895,270209,3677,240866,9760,3565,456,157403,8417,337206,8872,179803,5455,0.1042388096075357,0.2233118303496039,0.1190730207420681
2021-03-13,San Benito,069,59416.0,17528,229,5121,107,11750,99,618,22,6469,134,12253,156,5784,91,0.1088763969301198,0.2062239127507742,0.0973475158206543
2021-03-13,San Bernardino,071,2135413.0,562989,8691,305526,4652,251643,3457,5738,581,140959,5032,354378,5618,213419,3641,0.0660101816369948,0.1659529093435321,0.0999427277065373
2021-03-13,San Diego,073,3302833.0,1355353,26306,620527,7396,718751,17089,15657,1813,311656,10015,844849,12353,533193,15965,0.0943602053146495,0.2557952521365749,0.1614350468219253
2021-03-13,San Francisco,075,870044.0,401394,7029,231301,4067,164586,1843,5424,1118,130624,4305,268503,5425,137879,2712,0.1501349357044011,0.3086085301433031,0.1584735944389019
2021-03-13,San Joaquin,077,732212.0,211728,3422,103936,1599,105905,1694,1865,129,73393,2018,140531,2146,67138,1374,0.1002346315001666,0.1919266551217407,0.091692023621574
2021-03-13,San Luis Obispo,079,281455.0,105815,1002,48677,285,54943,599,2133,113,29337,576,68554,689,39217,423,0.1042333587962551,0.243570020074257,0.1393366612780018
2021-03-13,San Mateo,081,765935.0,346579,8349,187211,3520,155521,3200,3720,1626,107647,4007,228581,5630,120934,4290,0.140543257587132,0.2984339402168591,0.157890682629727
2021-03-13,Santa Barbara,083,443738.0,147565,3647,72129,1990,70692,1423,4605,222,43208,2611,97500,2831,54292,1018,0.0973727740243116,0.219724251698074,0.1223514776737624
2021-03-13,Santa Clara,085,1922200.0,704306,11376,354955,6468,338008,3200,10142,1654,193036,4898,452397,6533,259361,6378,0.1004245135781916,0.2353537613151597,0.134929247736968
2021-03-13,Santa Cruz,087,273765.0,122059,3061,40033,1261,80803,1754,1207,44,30775,1108,76925,1152,46150,1948,0.1124139316567128,0.2809891695432214,0.1685752378865085
2021-03-13,Shasta,089,179085.0,57203,827,24515,430,31400,298,1265,99,11529,465,34965,562,23436,361,0.064377251026049,0.1952424826199849,0.1308652315939358
2021-03-13,Sierra,091,2930.0,1648,24,97,1,1551,23,0,0,355,23,1000,23,645,1,0.1211604095563139,0.3412969283276451,0.220136518771331
2021-03-13,Siskiyou,093,43540.0,16628,428,5224,377,11132,29,257,22,3938,378,10397,400,6459,50,0.0904455672944418,0.2387919154800183,0.1483463481855765
2021-03-13,Solano,095,438530.0,170783,4715,81421,822,88323,3804,1018,88,60577,2243,116057,2331,55480,2465,0.1381365014936264,0.2646500809522724,0.1265135794586459
2021-03-13,Sonoma,097,501317.0,239393,3609,115717,1767,120015,1588,3637,254,66973,2085,154715,2336,87742,1518,0.1335941131060785,0.3086171025518783,0.1750229894457997
2021-03-13,Stanislaus,099,539301.0,159529,3544,77155,2100,79179,1369,3065,74,54707,2449,106454,2525,51747,1063,0.101440568439517,0.1973925507277012,0.0959519822881841
2021-03-13,Sutter,101,95872.0,31646,1006,11564,748,19762,238,319,20,10303,779,21088,799,10785,225,0.1074662049399198,0.2199599465954606,0.1124937416555407
2021-03-13,Tehama,103,63373.0,15750,73,2599,12,12930,49,216,12,2762,12,9349,25,6587,62,0.043583229451028,0.1475233932431792,0.1039401637921512
2021-03-13,Trinity,105,12862.0,3795,12,457,6,3315,4,21,2,1155,6,2483,8,1328,6,0.0897994091121132,0.1930492924895039,0.1032498833773907
2021-03-13,Tulare,107,460477.0,123493,4242,60345,1971,61674,2162,1452,109,55519,3215,90128,3323,34609,1024,0.1205684540161615,0.1957274739020624,0.0751590198859009
2021-03-13,Tuolumne,109,53932.0,23015,137,6402,11,16536,125,75,1,7253,15,15005,17,7752,117,0.1344841652451235,0.2782207223911592,0.1437365571460357
2021-03-13,Ventura,111,848112.0,320427,7397,157773,2556,159445,3991,3042,846,115498,3962,219202,4806,103704,3422,0.1361824853321259,0.2584587884619012,0.1222763031297753
2021-03-13,Yolo,113,214977.0,89483,1969,41587,734,47084,1053,808,182,28078,1031,59137,1213,31059,938,0.1306093209971299,0.2750852416770166,0.1444759206798866
2021-03-13,Yuba,115,75493.0,16052,486,5081,348,10807,123,160,15,5232,382,10705,397,5473,104,0.0693044388221424,0.141801226603791,0.0724967877816486
2021-03-12,Alameda,001,1643700.0,656241,21595,398241,12573,252219,7248,5552,1766,220472,7307,440456,9067,219984,14238,0.1341315325180994,0.2679661738760114,0.133834641357912
2021-03-12,Alpine,003,1148.0,771,18,24,0,747,18,0,0,264,15,514,15,250,2,0.229965156794425,0.4477351916376306,0.2177700348432055
2021-03-12,Amador,005,37829.0,16186,604,4911,74,11249,522,26,8,5480,302,10549,310,5069,290,0.1448624071479552,0.2788601337598139,0.1339977266118586
2021-03-12,Butte,007,227075.0,81384,1188,32606,331,47922,485,852,372,16056,366,49089,738,33033,820,0.0707079158868215,0.216179676318397,0.1454717604315754
2021-03-12,Calaveras,009,45235.0,17624,469,4828,228,12734,231,62,10,4921,231,11096,241,6175,227,0.1087874433513872,0.2452967834641317,0.1365093401127445
2021-03-12,Colusa,011,21464.0,6369,124,1540,17,4678,94,151,13,2174,23,4342,36,2168,101,0.1012858740216176,0.2022922102124487,0.1010063361908311
2021-03-12,Contra Costa,013,1133247.0,494277,13218,281597,5477,208593,7129,3980,610,142402,6546,319978,7162,177576,6668,0.1256583957424992,0.2823550382220293,0.15669664247953
2021-03-12,Del Norte,015,27424.0,6751,180,2619,89,4026,91,102,0,2270,125,4518,125,2248,55,0.0827742123687281,0.1647462077012835,0.0819719953325554
2021-03-12,El Dorado,017,186661.0,74640,1870,35164,645,38737,969,732,254,20329,751,47770,1007,27441,1107,0.1089086632987072,0.2559184832396697,0.1470098199409625
2021-03-12,Fresno,019,978130.0,301834,12220,136988,5199,162640,6587,2090,429,129343,9092,216038,9523,86695,3093,0.1322349789905227,0.220868391727071,0.0886334127365483
2021-03-12,Glenn,021,27897.0,8611,403,2661,14,5845,328,97,61,2038,41,5366,102,3328,362,0.0730544502993153,0.1923504319460874,0.119295981646772
2021-03-12,Humboldt,023,135768.0,51842,1800,23891,1109,27058,468,821,223,12192,1074,32363,1295,20171,721,0.0898002474809969,0.2383698662424135,0.1485696187614165
2021-03-12,Imperial,025,180216.0,51952,5519,26107,3569,24687,1594,1151,354,20145,3538,36619,3899,16474,1961,0.1117825276335064,0.2031950548231011,0.0914125271895947
2021-03-12,Inyo,027,18085.0,8019,172,3068,3,4853,161,13,6,2273,69,5109,75,2836,101,0.1256842687309925,0.2824993088194636,0.1568150400884711
2021-03-12,Kern,029,883053.0,208554,8015,89508,3157,114519,3488,4468,1366,71739,4377,142088,5731,70349,3599,0.0812397443868035,0.16090540431888,0.0796656599320765
2021-03-12,Kings,031,150075.0,30859,1577,9301,478,21062,1007,481,91,13577,1025,22474,1116,8897,550,0.0904680992836914,0.149751790771281,0.0592836914875895
2021-03-12,Lake,033,64148.0,22953,845,6588,200,15810,620,555,25,5992,360,14730,385,8738,481,0.0934089917066783,0.2296252416287335,0.1362162499220552
2021-03-12,Lassen,035,31185.0,4989,21,1002,9,3765,7,214,5,1060,6,3120,11,2060,15,0.0339907006573673,0.1000481000481,0.0660573993907327
2021-03-12,Los Angeles,037,10098052.0,3455327,102020,1768723,46541,1649383,41443,36047,13997,1020630,58695,2251453,72650,1230823,42971,0.1010719691283031,0.222959141030369,0.1218871719020658
2021-03-12,Madera,039,155013.0,41742,1593,18306,821,22656,624,755,148,15965,799,29053,949,13088,794,0.1029913620147987,0.1874229903298433,0.0844316283150445
2021-03-12,Marin,041,260295.0,138652,4084,76296,1597,61135,2134,1215,353,50056,1560,94866,1912,44810,2510,0.1923048848421982,0.3644557137094451,0.1721508288672467
2021-03-12,Mariposa,043,17540.0,5465,265,896,13,4471,225,84,27,2419,107,3959,132,1540,157,0.1379133409350057,0.2257126567844926,0.0877993158494868
2021-03-12,Mendocino,045,87422.0,47492,2259,24059,1078,23044,1067,386,114,16893,1332,32301,1448,15408,919,0.1932351124430921,0.3694836540001373,0.1762485415570451
2021-03-12,Merced,047,269075.0,69549,2659,39994,1167,28137,1202,1002,287,26464,1654,47472,1940,21008,984,0.0983517606615256,0.176426646845675,0.0780748861841494
2021-03-12,Modoc,049,8938.0,3534,10,390,1,2994,4,147,5,574,4,2127,9,1553,6,0.0642201834862385,0.2379727008279257,0.1737525173416871
2021-03-12,Mono,051,14174.0,9039,14,5953,2,3034,5,28,7,1371,3,5200,10,3829,11,0.0967264004515309,0.3668689149146324,0.2701425144631014
2021-03-12,Monterey,053,433212.0,125156,4727,55623,2108,66433,2438,2783,170,44675,2826,86056,2992,41381,1882,0.103125028854233,0.1986463902200308,0.0955213613657978
2021-03-12,Napa,055,140530.0,71447,1575,31863,951,39046,528,533,96,20990,825,46457,920,25467,744,0.1493631253113214,0.33058421689319,0.1812210915818686
2021-03-12,Nevada,057,99092.0,40877,1605,21720,745,18846,819,310,41,11548,512,26338,554,14790,1090,0.1165381665522948,0.2657934041093125,0.1492552375570177
2021-03-12,Orange,059,3164182.0,1140553,30596,606367,14827,514936,11738,18499,4029,267419,15123,711731,19166,444312,15367,0.0845144179443534,0.2249336479380768,0.1404192299937235
2021-03-12,Placer,061,380077.0,166016,3797,89759,1522,74844,1508,1408,767,39738,1303,103444,2071,63706,2488,0.1045524985726576,0.2721659032248728,0.1676134046522152
2021-03-12,Plumas,063,18699.0,6565,587,801,9,5390,303,362,274,2286,28,4594,301,2308,557,0.1222525268730948,0.2456815872506551,0.1234290603775603
2021-03-12,Riverside,065,2383286.0,720990,21781,367171,8246,343789,8790,9736,4737,191404,7240,460444,12025,269040,14482,0.08031096561638,0.1931971236351826,0.1128861580188026
2021-03-12,Sacramento,067,1510023.0,500783,18458,266532,8499,231106,9073,3109,886,153986,8931,328334,9817,174348,9481,0.101975930167951,0.2174364231538195,0.1154604929858684
2021-03-12,San Benito,069,59416.0,17299,559,5014,135,11651,324,596,100,6404,241,12097,337,5693,312,0.1077824155109734,0.2035983573448229,0.0958159418338494
2021-03-12,San Bernardino,071,2135413.0,554298,16153,300874,7300,248186,6773,5157,2078,138982,7476,348760,9554,209778,8638,0.0650843654131542,0.1633220365334481,0.0982376711202938
2021-03-12,San Diego,073,3302833.0,1329047,27621,613131,9684,701662,14729,13844,3201,315268,9819,832496,13497,517228,17486,0.0954538119244902,0.2520551296417348,0.1566013177172445
2021-03-12,San Francisco,075,870044.0,394365,11483,227234,6527,162743,3454,4306,1499,127911,6244,263078,7745,135167,5219,0.1470167026035465,0.3023732133087522,0.1553565107052057
2021-03-12,San Joaquin,077,732212.0,208306,6986,102337,3448,104211,3181,1736,357,72621,3938,138385,4295,65764,2974,0.0991802920465657,0.1889958099566792,0.0898155179101134
2021-03-12,San Luis Obispo,079,281455.0,104813,3310,48392,1295,54344,1674,2020,336,29071,1631,67865,1967,38794,1670,0.103288269883285,0.2411220266117141,0.137833756728429
2021-03-12,San Mateo,081,765935.0,338230,10744,183691,6661,152321,3651,2094,427,106307,3619,222951,4053,116644,7098,0.1387937618727437,0.2910834470287948,0.1522896851560511
2021-03-12,Santa Barbara,083,443738.0,143918,3927,70139,2216,69269,1217,4383,472,41395,2201,94669,2674,53274,1701,0.0932870297337618,0.2133443608615895,0.1200573311278276
2021-03-12,Santa Clara,085,1922200.0,692930,18442,348487,9380,334808,7373,8488,1621,192881,6069,445864,7686,252983,12245,0.1003438768078243,0.2319550515034855,0.1316111746956612
2021-03-12,Santa Cruz,087,273765.0,118998,3111,38772,862,79049,1969,1163,280,31571,911,75773,1186,44202,2191,0.1153215348930652,0.2767811809398571,0.1614596460467919
2021-03-12,Shasta,089,179085.0,56376,1558,24085,867,31102,444,1166,247,11328,385,34403,633,23075,1172,0.0632548789680877,0.1921043080101627,0.128849429042075
2021-03-12,Sierra,091,2930.0,1624,19,96,0,1528,19,0,0,333,0,977,0,644,19,0.1136518771331058,0.3334470989761092,0.2197952218430034
2021-03-12,Siskiyou,093,43540.0,16200,712,4847,149,11103,523,235,40,3588,191,9997,231,6409,519,0.0824069820854386,0.2296049609554432,0.1471979788700046
2021-03-12,Solano,095,438530.0,166068,6301,80599,1635,84519,4481,930,184,60711,3253,113726,3437,53015,3038,0.1384420678174811,0.2593345951246208,0.1208925273071397
2021-03-12,Sonoma,097,501317.0,235784,7619,113950,2284,118427,3946,3383,1389,66155,2080,152379,3461,86224,5513,0.1319624110094012,0.3039573762709024,0.1719949652615012
2021-03-12,Stanislaus,099,539301.0,155985,6118,75055,1378,77810,2972,2991,1763,53245,2609,103929,4357,50684,3436,0.0987296519012573,0.1927105642303648,0.0939809123291074
2021-03-12,Sutter,101,95872.0,30640,698,10816,111,19524,403,299,183,9729,199,20289,381,10560,495,0.1014790554072096,0.2116259178905206,0.110146862483311
2021-03-12,Tehama,103,63373.0,15677,361,2587,40,12881,250,204,71,2799,202,9324,273,6525,158,0.0441670743060925,0.1471289034762438,0.1029618291701513
2021-03-12,Trinity,105,12862.0,3783,418,451,7,3311,406,19,5,1153,86,2475,90,1322,331,0.0896439122997978,0.1924273052402425,0.1027833929404447
2021-03-12,Tulare,107,460477.0,119251,4520,58374,2442,59512,1714,1343,364,53220,3172,86805,3534,33585,1338,0.1155758050890706,0.1885110439826527,0.0729352388935821
2021-03-12,Tuolumne,109,53932.0,22878,355,6391,51,16411,285,74,19,7353,118,14988,137,7635,228,0.1363383519988133,0.277905510643032,0.1415671586442186
2021-03-12,Ventura,111,848112.0,313030,8924,155217,3107,155454,4944,2196,863,114114,4173,214396,5037,100282,4719,0.1345506253890995,0.2527920840643688,0.1182414586752693
2021-03-12,Yolo,113,214977.0,87514,2904,40853,1360,46031,1462,626,82,27803,1374,57924,1459,30121,1525,0.1293301143843294,0.2694427775994641,0.1401126632151346
2021-03-12,Yuba,115,75493.0,15566,484,4733,88,10684,339,145,57,4939,164,10308,221,5369,317,0.0654232842780125,0.1365424608904137,0.0711191766124011
2021-03-11,Alameda,001,1643700.0,634646,20016,385668,11683,244971,6609,3786,1719,225643,6745,431389,8463,205746,13230,0.1372774837257407,0.2624499604550708,0.1251724767293301
2021-03-11,Alpine,003,1148.0,753,30,24,1,729,29,0,0,251,25,499,25,248,5,0.2186411149825784,0.4346689895470383,0.2160278745644599
2021-03-11,Amador,005,37829.0,15582,490,4837,132,10727,344,18,14,5460,289,10239,304,4779,198,0.1443337122313569,0.270665362552539,0.1263316503211821
2021-03-11,Butte,007,227075.0,80196,2884,32275,1349,47437,1406,480,129,16138,2015,48351,2145,32213,866,0.0710690300561488,0.2129296487944511,0.1418606187383023
2021-03-11,Calaveras,009,45235.0,17155,883,4600,431,12503,438,52,14,4907,429,10855,444,5948,435,0.1084779484912125,0.2399690505139825,0.1314911020227699
2021-03-11,Colusa,011,21464.0,6245,454,1523,61,4584,366,138,27,2239,339,4306,366,2067,114,0.1043142005218039,0.2006149832277301,0.0963007827059262
2021-03-11,Contra Costa,013,1133247.0,481059,13089,276120,6910,201464,5578,3370,597,141908,6640,312816,7237,170908,6418,0.1252224801830492,0.2760351450301655,0.1508126648471163
2021-03-11,Del Norte,015,27424.0,6571,157,2530,58,3935,92,102,7,2200,103,4393,110,2193,54,0.0802217036172695,0.1601881563593932,0.0799664527421236
2021-03-11,El Dorado,017,186661.0,72770,3104,34519,1867,37768,1047,478,190,20429,1297,46763,1486,26334,1800,0.1094443938476703,0.2505236766116114,0.141079282763941
2021-03-11,Fresno,019,978130.0,289614,11822,131789,4683,156053,6567,1661,570,122913,6343,206515,6917,83602,5440,0.1256612106775173,0.2111324670544815,0.0854712563769642
2021-03-11,Glenn,021,27897.0,8208,600,2647,181,5517,394,36,25,2298,412,5264,440,2966,188,0.0823744488654694,0.1886941248162885,0.106319675950819
2021-03-11,Humboldt,023,135768.0,50042,1558,22782,485,26590,971,598,101,11618,685,31068,786,19450,870,0.0855724471156679,0.2288315361499028,0.1432590890342348
2021-03-11,Imperial,025,180216.0,46433,2028,22538,557,23093,1195,797,276,18207,1284,32720,1565,14513,743,0.1010287654814223,0.1815599058907089,0.0805311404092866
2021-03-11,Inyo,027,18085.0,7847,265,3065,4,4692,253,7,5,2299,76,5034,81,2735,186,0.1271219242466132,0.278352225601327,0.1512303013547138
2021-03-11,Kern,029,883053.0,200539,6471,86351,2498,111031,2932,3102,1039,69607,3808,136357,4845,66750,2641,0.0788253932663158,0.154415420138995,0.0755900268726792
2021-03-11,Kings,031,150075.0,29282,1257,8823,454,20055,684,390,119,13011,786,21358,906,8347,468,0.0866966516741629,0.1423155089122105,0.0556188572380476
2021-03-11,Lake,033,64148.0,22108,597,6388,49,15190,74,530,474,6088,50,14345,522,8257,545,0.0949055309596558,0.2236234956662717,0.1287179647066159
2021-03-11,Lassen,035,31185.0,4968,163,993,9,3758,148,209,6,1064,95,3109,101,2045,67,0.0341189674523007,0.099695366362033,0.0655763989097322
2021-03-11,Los Angeles,037,10098052.0,3353307,96342,1722182,47635,1607940,41670,22050,7006,990951,55779,2178803,62771,1187852,40259,0.0981328874123444,0.2157646841192737,0.1176317967069292
2021-03-11,Madera,039,155013.0,40149,1697,17485,881,22032,494,607,321,15810,784,28104,1106,12294,910,0.1019914458787327,0.1813009231483811,0.0793094772696483
2021-03-11,Marin,041,260295.0,134568,4628,74699,1899,59001,2589,862,140,50654,3275,92954,3416,42300,1340,0.1946022781843677,0.3571102018863213,0.1625079237019535
2021-03-11,Mariposa,043,17540.0,5200,493,883,12,4246,457,57,22,2444,198,3827,222,1383,291,0.1393386545039908,0.2181870011402508,0.0788483466362599
2021-03-11,Mendocino,045,87422.0,45233,849,22981,628,21977,168,272,53,16364,392,30853,445,14489,452,0.1871840040264464,0.3529203175402072,0.1657363135137608
2021-03-11,Merced,047,269075.0,66890,2333,38827,887,26935,1232,715,209,25508,1287,45532,1497,20024,1004,0.0947988479048592,0.16921676112608,0.0744179132212208
2021-03-11,Modoc,049,8938.0,3524,208,389,1,2990,99,142,108,571,24,2118,132,1547,184,0.063884537927948,0.2369657641530543,0.1730812262251063
2021-03-11,Mono,051,14174.0,9025,15,5951,0,3029,5,21,10,1372,0,5190,10,3818,15,0.0967969521659376,0.3661633977705658,0.2693664456046282
2021-03-11,Monterey,053,433212.0,120429,4394,53515,1492,63995,2504,2613,384,43565,2484,83064,2869,39499,1890,0.1005627729610444,0.1917398410016343,0.0911770680405898
2021-03-11,Napa,055,140530.0,69872,1932,30912,1095,38518,698,437,139,20814,995,45537,1133,24723,935,0.148110723688892,0.3240375720486729,0.1759268483597808
2021-03-11,Nevada,057,99092.0,39272,1201,20975,749,18027,420,269,32,12084,585,25784,617,13700,610,0.1219472813143341,0.2602026399709361,0.1382553586566019
2021-03-11,Orange,059,3164182.0,1109957,30571,591540,16508,503198,9631,14470,4428,263620,13848,692565,18283,428945,16633,0.0833137916845491,0.2188764742356792,0.1355626825511301
2021-03-11,Placer,061,380077.0,162219,3744,88237,1718,73336,1897,641,129,40155,1791,101373,1921,61218,1948,0.1056496446772627,0.2667170073432489,0.1610673626659861
2021-03-11,Plumas,063,18699.0,5978,202,792,14,5087,182,88,6,2542,157,4293,163,1751,45,0.1359430985614204,0.229584469757741,0.0936413711963206
2021-03-11,Riverside,065,2383286.0,699209,19933,358925,9753,334999,8281,4999,1884,193861,7704,448419,9646,254558,12163,0.0813418951816945,0.1881515688843051,0.1068096737026106
2021-03-11,Sacramento,067,1510023.0,482325,15593,258033,10326,222033,4352,2223,914,153650,9058,318517,9967,164867,6492,0.1017534170009331,0.210935197675797,0.1091817806748638
2021-03-11,San Benito,069,59416.0,16740,500,4879,128,11327,215,496,156,6379,213,11760,369,5381,286,0.1073616534266864,0.1979264844486333,0.0905648310219469
2021-03-11,San Bernardino,071,2135413.0,538145,16189,293574,7633,241413,6932,3079,1620,138066,7479,339206,9093,201140,8669,0.064655408579043,0.1588479605584493,0.0941925519794063
2021-03-11,San Diego,073,3302833.0,1301426,29126,603447,11325,686933,14191,10643,3604,319257,9957,818999,14039,499742,18776,0.0966615629673071,0.247968637833036,0.1513070748657289
2021-03-11,San Francisco,075,870044.0,382882,10748,220707,6564,159289,3100,2807,1077,125385,6905,255333,7984,129948,3819,0.1441134011613205,0.2934713646666145,0.1493579635052939
2021-03-11,San Joaquin,077,732212.0,201320,5516,98889,2560,101030,2312,1379,644,71300,2997,134090,3637,62790,2477,0.0973761697431891,0.1831300224525137,0.0857538527093246
2021-03-11,San Luis Obispo,079,281455.0,101503,3472,47097,1368,52670,1771,1684,331,28774,1853,65898,2184,37124,1610,0.1022330390293297,0.2341333428079089,0.1319003037785791
2021-03-11,San Mateo,081,765935.0,327486,9288,177030,5809,148670,3076,1667,397,109352,3711,218898,4111,109546,5536,0.1427692950446186,0.2857918752896786,0.1430225802450599
2021-03-11,Santa Barbara,083,443738.0,139991,5644,67923,3050,68052,1474,3911,1111,40422,2276,91995,3386,51573,3351,0.0910942943809184,0.2073182824098905,0.116223988028972
2021-03-11,Santa Clara,085,1922200.0,674488,17782,339107,8079,327435,8136,6867,1534,197440,6219,438178,7750,240738,11488,0.1027156383310789,0.2279565081677244,0.1252408698366455
2021-03-11,Santa Cruz,087,273765.0,115887,3219,37910,1183,77080,1854,883,181,32576,1536,74587,1716,42011,1673,0.1189925666173543,0.2724489982284075,0.1534564316110532
2021-03-11,Shasta,089,179085.0,54818,1536,23218,472,30658,803,919,261,11867,930,33770,1193,21903,606,0.0662646229444118,0.1885696736186727,0.1223050506742608
2021-03-11,Sierra,091,2930.0,1605,159,96,1,1509,158,0,0,352,37,977,37,625,122,0.120136518771331,0.3334470989761092,0.2133105802047781
2021-03-11,Siskiyou,093,43540.0,15488,521,4698,201,10580,270,195,49,3876,278,9766,327,5890,240,0.0890215893431327,0.2242994947175011,0.1352779053743684
2021-03-11,Solano,095,438530.0,159767,6170,78964,1802,80038,4126,746,242,60312,5060,110289,5304,49977,1106,0.1375322098830182,0.2514970469523179,0.1139648370692997
2021-03-11,Sonoma,097,501317.0,228165,7778,111666,3118,114481,3817,1994,843,68207,2565,148918,3406,80711,5184,0.1360556294719708,0.2970535609205353,0.1609979314485644
2021-03-11,Stanislaus,099,539301.0,149867,5908,73677,3037,74838,2366,1228,505,52324,3764,99572,4260,47248,1936,0.0970218857372784,0.1846315879258521,0.0876097021885737
2021-03-11,Sutter,101,95872.0,29942,931,10705,456,19121,457,116,18,9843,664,19908,681,10065,260,0.1026681408544726,0.2076518691588785,0.1049837283044058
2021-03-11,Tehama,103,63373.0,15316,554,2547,33,12631,452,133,69,2684,376,9051,445,6367,178,0.0423524213781894,0.1428210752213087,0.1004686538431193
2021-03-11,Trinity,105,12862.0,3365,21,444,6,2905,13,14,2,1394,7,2385,9,991,14,0.1083812781837972,0.1854299486860519,0.0770486705022547
2021-03-11,Tulare,107,460477.0,114731,4337,55932,2031,57798,1984,979,319,51024,3318,83271,3638,32247,1013,0.1108068372578869,0.1808363935658024,0.0700295563079154
2021-03-11,Tuolumne,109,53932.0,22523,1305,6340,49,16126,1252,55,4,7444,1229,14851,1234,7407,70,0.138025661944671,0.2753652747904769,0.1373396128458058
2021-03-11,Ventura,111,848112.0,304106,6739,152110,2959,150510,3437,1333,333,113796,3501,209359,3837,95563,3213,0.1341756749108608,0.246853009979814,0.1126773350689531
2021-03-11,Yolo,113,214977.0,84610,2697,39493,1604,44569,1011,544,82,27869,1795,56465,1878,28596,902,0.1296371239714016,0.2626560050610065,0.1330188810896049
2021-03-11,Yuba,115,75493.0,15082,441,4645,203,10345,225,88,13,5035,293,10087,306,5052,147,0.0666949253573179,0.1336150371557627,0.0669201117984448
2021-03-10,Alameda,001,1643700.0,614630,17797,373985,12148,238362,5038,2067,599,230410,7903,422926,8504,192516,9850,0.1401776479892924,0.2573012106832147,0.1171235626939222
2021-03-10,Alpine,003,1148.0,723,73,23,0,700,73,0,0,231,72,474,72,243,1,0.2012195121951219,0.4128919860627177,0.2116724738675958
2021-03-10,Amador,005,37829.0,15092,534,4705,82,10383,451,4,1,5354,100,9935,101,4581,428,0.1415316291733855,0.2626291998202437,0.1210975706468582
2021-03-10,Butte,007,227075.0,77312,2429,30926,1034,46031,1295,351,99,14859,1647,46206,1747,31347,782,0.0654365297809093,0.2034834305846086,0.1380469008036992
2021-03-10,Calaveras,009,45235.0,16272,456,4169,44,12065,408,38,4,4898,57,10411,61,5513,384,0.1082789875096717,0.230153642091301,0.1218746545816292
2021-03-10,Colusa,011,21464.0,5791,375,1462,36,4218,300,111,39,1987,216,3940,254,1953,158,0.0925736116287737,0.1835631755497577,0.0909895639209839
2021-03-10,Contra Costa,013,1133247.0,467970,13028,269210,6589,195886,4896,2773,1497,141089,5924,305579,7417,164490,7034,0.1244997780713295,0.2696490703262396,0.14514929225491
2021-03-10,Del Norte,015,27424.0,6414,240,2472,97,3843,114,95,28,2144,136,4283,161,2139,99,0.0781796966161026,0.1561770711785297,0.077997374562427
2021-03-10,El Dorado,017,186661.0,69666,1047,32652,364,36721,622,288,60,20743,595,45277,656,24534,447,0.1111265877714144,0.2425627206540198,0.1314361328826053
2021-03-10,Fresno,019,978130.0,277792,7125,127106,3034,149486,3682,1091,393,121436,5524,199598,5918,78162,1573,0.1241511864476092,0.2040608099127927,0.0799096234651835
2021-03-10,Glenn,021,27897.0,7608,195,2466,82,5123,111,11,2,2046,105,4824,107,2778,90,0.0733412194859662,0.1729218195504893,0.099580600064523
2021-03-10,Humboldt,023,135768.0,48484,731,22297,476,25619,90,497,162,11702,433,30282,594,18580,294,0.086191149608155,0.2230422485416298,0.1368510989334747
2021-03-10,Imperial,025,180216.0,44405,931,21981,408,21898,328,521,195,17385,407,31155,604,13770,522,0.0964675722466373,0.1728758822746038,0.0764083100279664
2021-03-10,Inyo,027,18085.0,7582,100,3061,11,4439,83,2,2,2404,34,4953,36,2549,62,0.1329278407520044,0.2738733757257395,0.1409455349737351
2021-03-10,Kern,029,883053.0,194068,6333,83853,2658,108099,2569,2063,1100,67403,3648,131512,4745,64109,2651,0.076329506835943,0.148928773244641,0.072599266408698
2021-03-10,Kings,031,150075.0,28025,869,8369,265,19371,493,271,111,12573,573,20452,683,7879,295,0.0837781109445277,0.1362785274029651,0.0525004164584374
2021-03-10,Lake,033,64148.0,21511,219,6339,55,15116,149,56,15,6111,148,13823,164,7712,71,0.0952640768223483,0.2154860634782066,0.1202219866558583
2021-03-10,Lassen,035,31185.0,4805,116,984,4,3610,110,203,2,1030,71,3008,73,1978,45,0.0330286996953663,0.0964566297899631,0.0634279300945967
2021-03-10,Los Angeles,037,10098052.0,3256965,86347,1674547,42405,1566270,38802,15044,5096,968439,54057,2116032,59149,1147593,32027,0.0959035465454129,0.2095485347074861,0.1136449881620732
2021-03-10,Madera,039,155013.0,38452,1221,16604,570,21538,572,286,78,15614,777,26998,854,11384,437,0.1007270357969976,0.1741660376871617,0.073439001890164
2021-03-10,Marin,041,260295.0,129940,4563,72800,2559,56412,1698,722,305,48578,3267,89538,3572,40960,1293,0.1866267119998463,0.3439866305537947,0.1573599185539484
2021-03-10,Mariposa,043,17540.0,4707,37,871,10,3789,17,35,10,2513,10,3605,20,1092,25,0.1432725199543899,0.2055302166476625,0.0622576966932725
2021-03-10,Mendocino,045,87422.0,44384,1209,22353,1043,21809,101,219,65,16371,273,30408,341,14037,933,0.1872640754043604,0.3478300656585298,0.1605659902541694
2021-03-10,Merced,047,269075.0,64557,3109,37940,2083,25703,811,506,207,25015,1468,44035,1680,19020,1597,0.092966644987457,0.1636532565269906,0.0706866115395335
2021-03-10,Modoc,049,8938.0,3316,11,388,4,2891,3,34,4,623,5,1986,9,1363,6,0.0697023942716491,0.2221973595882747,0.1524949653166256
2021-03-10,Mono,051,14174.0,9010,292,5951,91,3024,197,11,3,1377,9,5180,12,3803,281,0.0971497107379709,0.3654578806264992,0.2683081698885283
2021-03-10,Monterey,053,433212.0,116035,3477,52023,1083,61491,1866,2229,522,42586,1608,80195,2127,37609,1856,0.098302909430025,0.1851172174362667,0.0868143080062417
2021-03-10,Napa,055,140530.0,67940,1554,29817,935,37820,511,298,108,20616,819,44404,928,23788,734,0.146701771863659,0.3159752366042838,0.1692734647406247
2021-03-10,Nevada,057,99092.0,38071,1081,20226,668,17607,353,237,60,12077,360,25167,418,13090,715,0.121876639890203,0.2539761030153796,0.1320994631251766
2021-03-10,Orange,059,3164182.0,1079386,26071,575032,12815,493567,9675,10042,3578,261970,12962,674282,16539,412312,13006,0.0827923298975849,0.2130983615986691,0.1303060317010842
2021-03-10,Placer,061,380077.0,158475,3381,86519,1397,71439,1879,512,105,40182,1767,99452,1872,59270,1611,0.1057206829142515,0.261662768333785,0.1559420854195334
2021-03-10,Plumas,063,18699.0,5776,311,778,4,4905,291,82,16,2424,109,4130,125,1706,201,0.1296326006738328,0.220867426065565,0.0912348253917321
2021-03-10,Riverside,065,2383286.0,679276,16758,349172,8865,326718,6847,3115,1023,196378,6388,438773,7433,242395,10293,0.0823980000721692,0.1841042157760336,0.1017062157038643
2021-03-10,Sacramento,067,1510023.0,466732,12156,247707,7645,217681,4140,1309,369,150175,7081,308550,7452,158375,5044,0.099452127550375,0.2043346359624986,0.1048825084121235
2021-03-10,San Benito,069,59416.0,16240,459,4751,136,11112,221,340,102,6296,260,11391,363,5095,199,0.1059647233068533,0.1917160360845563,0.0857513127777029
2021-03-10,San Bernardino,071,2135413.0,521956,14562,285941,8006,234481,5999,1459,555,137642,6446,330113,6999,192471,8079,0.0644568521405461,0.1545897678809673,0.0901329157404211
2021-03-10,San Diego,073,3302833.0,1272300,25919,592122,10873,672742,12600,7039,2440,323994,10019,804960,13015,480966,15531,0.0980957862538009,0.2437180444787853,0.1456222582249844
2021-03-10,San Francisco,075,870044.0,372134,12216,214143,6985,156189,4627,1730,603,121220,7442,247349,8046,126129,4757,0.1393262869464073,0.2842948172736091,0.1449685303272018
2021-03-10,San Joaquin,077,732212.0,195804,5175,96329,2632,98718,2385,735,157,70140,3514,130453,3673,60313,1616,0.0957919291134261,0.1781628817883345,0.0823709526749083
2021-03-10,San Luis Obispo,079,281455.0,98031,3264,45729,1255,50899,1706,1353,303,28200,1835,63714,2142,35514,1433,0.1001936366381837,0.226373665417207,0.1261800287790233
2021-03-10,San Mateo,081,765935.0,318198,7409,171221,3017,145594,4078,1270,309,110777,4849,214787,5161,104010,2534,0.1446297662334271,0.2804245791091933,0.1357948128757662
2021-03-10,Santa Barbara,083,443738.0,134347,2872,64873,595,66578,1224,2800,1048,40387,1103,88609,2151,48222,1758,0.091015419008514,0.1996876535252784,0.1086722345167644
2021-03-10,Santa Clara,085,1922200.0,656706,16738,331028,7486,319299,6972,5333,2205,201178,6775,430428,8959,229250,9835,0.104660285090001,0.2239246696493601,0.119264384559359
2021-03-10,Santa Cruz,087,273765.0,112668,4166,36727,2014,75226,1992,702,160,32533,1926,72871,2087,40338,2228,0.1188354975983051,0.2661808485379796,0.1473453509396745
2021-03-10,Shasta,089,179085.0,53282,801,22746,260,29855,333,658,207,11280,149,32577,356,21297,651,0.0629868498199179,0.1819080324985342,0.1189211826786163
2021-03-10,Sierra,091,2930.0,1446,6,95,0,1351,6,0,0,437,4,940,4,503,2,0.1491467576791809,0.3208191126279863,0.1716723549488054
2021-03-10,Siskiyou,093,43540.0,14967,300,4497,7,10310,262,146,31,3789,25,9439,55,5650,274,0.0870234267340376,0.216789159393661,0.1297657326596233
2021-03-10,Solano,095,438530.0,153597,2570,77162,1815,75912,663,504,91,56114,1317,104985,1407,48871,1241,0.1279593186327047,0.2394020933573529,0.1114427747246482
2021-03-10,Sonoma,097,501317.0,220387,6287,108548,3250,110664,2667,1151,369,69985,2456,145512,2824,75527,3812,0.1396022875745287,0.2902594565913384,0.1506571690168097
2021-03-10,Stanislaus,099,539301.0,143959,5216,70640,2457,72472,2515,723,241,50000,3329,95312,3567,45312,1832,0.0927126039076508,0.1767324740729203,0.0840198701652694
2021-03-10,Sutter,101,95872.0,29011,1602,10249,696,18664,842,98,64,9422,532,19227,596,9805,1064,0.0982768691588785,0.2005486481975968,0.1022717790387182
2021-03-10,Tehama,103,63373.0,14762,391,2514,28,12179,341,64,22,2417,77,8606,99,6189,313,0.0381392706673188,0.1357991573698578,0.0976598867025389
2021-03-10,Trinity,105,12862.0,3344,125,438,3,2892,118,12,4,1399,36,2376,40,977,89,0.1087700202145856,0.1847302130306328,0.0759601928160472
2021-03-10,Tulare,107,460477.0,110394,3046,53901,1429,55814,1440,660,177,48399,2614,79633,2792,31234,427,0.1051062268039446,0.1729358903919196,0.067829663587975
2021-03-10,Tuolumne,109,53932.0,21218,109,6291,17,14874,81,51,11,6280,54,13617,65,7337,53,0.1164429281317214,0.2524846102499444,0.1360416821182229
2021-03-10,Ventura,111,848112.0,297367,7200,149151,3069,147073,3882,1000,246,113172,4615,205522,4861,92350,2573,0.1334399230290339,0.2423288433603109,0.108888920331277
2021-03-10,Yolo,113,214977.0,81913,2295,37889,1101,43558,903,462,291,26893,1006,54587,1294,27694,1287,0.1250971034110626,0.253920186810682,0.1288230833996194
2021-03-10,Yuba,115,75493.0,14641,746,4442,240,10120,477,75,29,4876,247,9781,276,4905,499,0.0645887698197183,0.1295616812154769,0.0649729113957585
2021-03-09,Alameda,001,1643700.0,596833,15125,361837,10520,233324,4131,1468,457,231756,8112,414422,8568,182666,6955,0.1409965322139076,0.2521275171868345,0.1111309849729269
2021-03-09,Alpine,003,1148.0,650,0,23,0,627,0,0,0,160,0,402,0,242,0,0.1393728222996515,0.3501742160278746,0.2108013937282229
2021-03-09,Amador,005,37829.0,14558,398,4623,60,9932,338,3,0,5681,284,9834,284,4153,103,0.1501757910597689,0.2599592904914219,0.1097834994316529
2021-03-09,Butte,007,227075.0,74883,1972,29892,283,44736,1585,252,104,13894,1436,44459,1540,30565,533,0.0611868325443135,0.1957899372454035,0.1346031047010899
2021-03-09,Calaveras,009,45235.0,15816,394,4125,151,11657,237,34,6,5221,41,10350,47,5129,331,0.1154194760694152,0.2288051287719686,0.1133856527025533
2021-03-09,Colusa,011,21464.0,5416,298,1426,75,3918,200,72,23,1891,94,3686,117,1795,204,0.0881010063361908,0.1717294073797987,0.0836284010436079
2021-03-09,Contra Costa,013,1133247.0,454942,11699,262621,6230,190990,5145,1276,323,140706,6144,298162,6470,157456,5539,0.1241618111497317,0.2631041599933642,0.1389423488436325
2021-03-09,Del Norte,015,27424.0,6174,195,2375,118,3729,73,67,3,2082,183,4122,186,2040,10,0.075918903150525,0.150306301050175,0.0743873978996499
2021-03-09,El Dorado,017,186661.0,68619,1060,32288,264,36099,728,228,68,20534,618,44621,686,24087,433,0.1100069109240816,0.2390483282528219,0.1290414173287403
2021-03-09,Fresno,019,978130.0,270667,8858,124072,3878,145804,4668,698,308,117091,4755,193680,5062,76589,4075,0.1197090366311226,0.198010489403249,0.0783014527721264
2021-03-09,Glenn,021,27897.0,7413,86,2384,10,5012,72,9,4,2029,52,4717,56,2688,34,0.072731834964333,0.1690862816790335,0.0963544467147005
2021-03-09,Humboldt,023,135768.0,47753,537,21821,215,25529,165,335,151,11402,257,29688,407,18286,273,0.0839814978492723,0.2186671380590419,0.1346856402097696
2021-03-09,Imperial,025,180216.0,43474,851,21573,415,21570,177,326,259,17303,506,30551,767,13248,345,0.0960125627025347,0.1695243485595063,0.0735117858569716
2021-03-09,Inyo,027,18085.0,7482,206,3050,3,4356,202,0,0,2430,86,4917,86,2487,119,0.1343654962676251,0.271882775781034,0.1375172795134089
2021-03-09,Kern,029,883053.0,187735,3938,81195,848,105530,2618,963,471,65309,2410,126767,2880,61458,1512,0.0739581882401169,0.1435553698362386,0.0695971815961216
2021-03-09,Kings,031,150075.0,27156,730,8104,408,18878,258,160,64,12185,601,19769,665,7584,129,0.0811927369648509,0.131727469598534,0.0505347326336831
2021-03-09,Lake,033,64148.0,21292,899,6284,37,14967,844,41,18,6018,399,13659,417,7641,498,0.0938143044210263,0.2129294755877034,0.119115171166677
2021-03-09,Lassen,035,31185.0,4689,132,980,5,3500,109,201,18,1002,81,2935,99,1933,51,0.0321308321308321,0.0941157607824274,0.0619849286515953
2021-03-09,Los Angeles,037,10098052.0,3170618,84560,1632142,40533,1527468,40538,9948,3456,941317,53179,2056883,56638,1115566,31122,0.0932176819846045,0.2036910683367445,0.1104733863521399
2021-03-09,Madera,039,155013.0,37231,656,16034,312,20966,290,208,52,15197,421,26144,474,10947,235,0.0980369388373878,0.1686568223310303,0.0706198834936424
2021-03-09,Marin,041,260295.0,125377,2379,70241,1420,54714,831,417,128,46299,1603,85966,1729,39667,771,0.177871261453351,0.3302637392189631,0.1523924777656121
2021-03-09,Mariposa,043,17540.0,4670,51,861,20,3772,20,25,11,2518,16,3585,27,1067,33,0.143557582668187,0.2043899657924743,0.0608323831242873
2021-03-09,Mendocino,045,87422.0,43175,925,21310,593,21708,292,154,40,16963,810,30067,850,13104,112,0.1940358262222324,0.3439294456772894,0.149893619455057
2021-03-09,Merced,047,269075.0,61448,1972,35857,1194,24892,658,299,115,24932,1126,42355,1239,17423,809,0.0926581808046083,0.1574096441512589,0.0647514633466505
2021-03-09,Modoc,049,8938.0,3305,129,384,10,2888,108,30,10,620,61,1977,71,1357,67,0.0693667487133587,0.2211904229134034,0.1518236742000447
2021-03-09,Mono,051,14174.0,8718,14,5860,4,2827,6,8,3,1646,6,5168,9,3522,7,0.1161281219133625,0.3646112600536193,0.2484831381402568
2021-03-09,Monterey,053,433212.0,112558,2200,50940,723,59625,1158,1707,308,42315,1608,78068,1914,35753,579,0.0976773496579042,0.1802073811436433,0.082530031485739
2021-03-09,Napa,055,140530.0,66386,1737,28882,625,37309,1061,190,51,20422,1261,43476,1312,23054,470,0.145321283711663,0.3093716644132925,0.1640503807016295
2021-03-09,Nevada,057,99092.0,36990,873,19558,440,17254,381,177,52,12374,482,24749,534,12375,391,0.1248738545997658,0.2497578008315504,0.1248839462317846
2021-03-09,Orange,059,3164182.0,1053315,22858,562217,10424,483892,9714,6464,2716,258437,13276,657743,15984,399306,9520,0.0816757695985882,0.2078714182686078,0.1261956486700196
2021-03-09,Placer,061,380077.0,155094,3250,85122,1730,69560,1426,407,94,39921,1855,97580,1950,57659,1393,0.1050339799566929,0.2567374505692267,0.1517034706125337
2021-03-09,Plumas,063,18699.0,5465,130,774,4,4614,112,66,14,2500,15,4005,29,1505,114,0.1336969891438044,0.2141825766083747,0.0804855874645703
2021-03-09,Riverside,065,2383286.0,662518,15290,340307,7120,319871,7623,2092,545,199238,6011,431340,6595,232102,9250,0.0835980239048104,0.1809854125774246,0.0973873886726141
2021-03-09,Sacramento,067,1510023.0,454576,10083,240062,4746,213541,5024,940,312,147767,5703,301098,6015,153331,4363,0.0978574498534128,0.1993996117939925,0.1015421619405797
2021-03-09,San Benito,069,59416.0,15781,462,4615,96,10891,255,238,111,6132,150,11028,236,4896,310,0.1032045240339302,0.1856065706207082,0.0824020465867779
2021-03-09,San Bernardino,071,2135413.0,507394,13421,277935,7606,228482,5553,904,261,138722,5350,323114,5610,184392,8046,0.0649626091065288,0.1513121817653072,0.0863495726587784
2021-03-09,San Diego,073,3302833.0,1246381,26563,581249,12297,660142,12483,4599,1777,326510,10418,791945,12815,465435,15761,0.0988575565279867,0.2397774879928836,0.1409199314648969
2021-03-09,San Francisco,075,870044.0,359918,9162,207158,5894,151562,2815,1127,450,117931,6509,239303,6956,121372,2647,0.1355460183622897,0.2750470091167803,0.1395009907544905
2021-03-09,San Joaquin,077,732212.0,190629,4512,93697,1967,96333,2402,578,142,68083,2786,126780,2935,58697,1644,0.0929826334449585,0.1731465750356454,0.0801639415906868
2021-03-09,San Luis Obispo,079,281455.0,94767,3115,44474,1027,49193,1766,1050,322,27491,1572,61572,1896,34081,1539,0.0976745838588762,0.2187632125917109,0.1210886287328347
2021-03-09,San Mateo,081,765935.0,310789,5719,168204,2993,141516,2407,961,310,108150,3941,209626,4249,101476,1756,0.141199971276936,0.2736864094211649,0.1324864381442289
2021-03-09,Santa Barbara,083,443738.0,131475,2918,64278,418,65354,1689,1752,806,39994,774,86458,1578,46464,2136,0.0901297612555156,0.1948401984955086,0.1047104372399929
2021-03-09,Santa Clara,085,1922200.0,639968,15981,323542,6763,312327,7733,3128,1388,202054,7072,421469,8461,219415,8773,0.1051160129018832,0.2192638643221308,0.1141478514202476
2021-03-09,Santa Cruz,087,273765.0,108502,1855,34713,280,73234,1403,542,172,32674,706,70784,879,38110,1146,0.119350537870071,0.2585575219622669,0.1392069840921958
2021-03-09,Shasta,089,179085.0,52481,1261,22486,604,29522,465,451,190,11575,659,32221,847,20646,597,0.0646341122930452,0.1799201496496077,0.1152860373565625
2021-03-09,Sierra,091,2930.0,1440,46,95,0,1345,46,0,0,435,10,936,10,501,36,0.1484641638225255,0.3194539249146758,0.1709897610921501
2021-03-09,Siskiyou,093,43540.0,14667,245,4490,2,10048,191,115,52,4008,40,9384,93,5376,205,0.0920532843362425,0.2155259531465319,0.1234726688102893
2021-03-09,Solano,095,438530.0,151027,3399,75347,1618,75249,1723,413,56,55948,2443,103578,2496,47630,953,0.1275807812464369,0.2361936469568786,0.1086128657104417
2021-03-09,Sonoma,097,501317.0,214100,5843,105298,3194,107997,2374,782,273,70973,2717,142688,2990,71715,3105,0.141573096463914,0.2846262943407066,0.1430531978767925
2021-03-09,Stanislaus,099,539301.0,138743,2785,68183,1074,69957,1610,482,98,48265,1674,91745,1772,43480,1070,0.0894954765520553,0.1701183569101485,0.0806228803580931
2021-03-09,Sutter,101,95872.0,27409,407,9553,148,17822,247,34,12,9890,193,18631,205,8741,214,0.1031583778371161,0.1943320260347129,0.0911736481975968
2021-03-09,Tehama,103,63373.0,14371,417,2486,17,11838,377,42,23,2631,345,8507,368,5876,72,0.0415161030722863,0.1342369778927934,0.0927208748205071
2021-03-09,Trinity,105,12862.0,3219,100,435,1,2774,96,8,3,1448,93,2336,96,888,7,0.1125796921163116,0.1816202767843259,0.0690405846680143
2021-03-09,Tulare,107,460477.0,107348,3375,52472,2271,54374,924,483,179,46034,2885,76841,3064,30807,483,0.0999702482425832,0.1668726125300503,0.0669023642874671
2021-03-09,Tuolumne,109,53932.0,21109,884,6274,22,14793,849,40,13,6268,71,13552,84,7284,797,0.1162204257212786,0.2512793888600459,0.1350589631387673
2021-03-09,Ventura,111,848112.0,290167,7055,146082,3070,143191,3755,754,226,110884,3942,200661,4171,89777,3092,0.1307421661290018,0.2365972890372969,0.1058551229082951
2021-03-09,Yolo,113,214977.0,79618,1623,36788,717,42655,841,171,65,26886,995,53293,1060,26407,625,0.1250645417881913,0.2479009382399047,0.1228363964517134
2021-03-09,Yuba,115,75493.0,13895,201,4202,53,9643,126,46,22,5099,96,9505,118,4406,105,0.0675426860768548,0.125905713112474,0.0583630270356192
2021-03-08,Alameda,001,1643700.0,581708,12411,351317,7664,229193,4326,1011,409,230143,9062,405854,9473,175711,3291,0.1400152095881243,0.2469148871448561,0.1068996775567317
2021-03-08,Alpine,003,1148.0,650,27,23,0,627,27,0,0,160,25,402,25,242,2,0.1393728222996515,0.3501742160278746,0.2108013937282229
2021-03-08,Amador,005,37829.0,14160,168,4563,79,9594,88,3,1,5500,101,9550,101,4050,65,0.1453911020645536,0.2524518226757249,0.1070607206111713
2021-03-08,Butte,007,227075.0,72911,1309,29609,140,43151,1086,148,83,12887,1126,42919,1209,30032,181,0.0567521743917208,0.1890080369921832,0.1322558626004624
2021-03-08,Calaveras,009,45235.0,15422,200,3974,37,11420,155,28,8,5505,144,10303,152,4798,53,0.1216978003758152,0.2277661103128108,0.1060683099369956
2021-03-08,Colusa,011,21464.0,5118,132,1351,23,3718,72,49,37,1978,50,3569,87,1591,82,0.0921543048825941,0.1662784196794632,0.0741241147968691
2021-03-08,Contra Costa,013,1133247.0,443243,8751,256391,4215,185845,4188,953,348,139775,5878,291692,6227,151917,2865,0.123340277979999,0.2573949015527947,0.1340546235727956
2021-03-08,Del Norte,015,27424.0,5979,31,2257,0,3656,29,64,2,1906,8,3936,10,2030,22,0.0695011668611435,0.1435239206534422,0.0740227537922987
2021-03-08,El Dorado,017,186661.0,67559,1421,32024,413,35371,933,160,75,20281,918,43935,993,23654,500,0.1086515126352049,0.2353732166869351,0.1267217040517301
2021-03-08,Fresno,019,978130.0,261809,5492,120194,2166,141136,3157,390,163,116104,4147,188618,4309,72514,1329,0.1186999683068712,0.1928353081901178,0.0741353398832466
2021-03-08,Glenn,021,27897.0,7327,25,2374,6,4940,18,5,1,2007,22,4661,23,2654,3,0.0719432197010431,0.1670788973724773,0.0951356776714342
2021-03-08,Humboldt,023,135768.0,47216,300,21606,11,25364,199,184,90,11268,188,29281,278,18013,112,0.0829945200636379,0.2156693771728242,0.1326748571091862
2021-03-08,Imperial,025,180216.0,42623,552,21158,418,21393,94,67,40,16881,425,29784,469,12903,127,0.0936709282194699,0.1652683446530829,0.071597416433613
2021-03-08,Inyo,027,18085.0,7276,176,3047,5,4154,170,0,0,2463,79,4831,79,2368,96,0.1361902128836052,0.267127453690904,0.1309372408072988
2021-03-08,Kern,029,883053.0,183797,3051,80347,977,102912,1824,492,250,63941,1608,123887,1857,59946,1455,0.0724090173522993,0.1402939574408331,0.0678849400885337
2021-03-08,Kings,031,150075.0,26426,397,7696,102,18620,237,96,58,11649,270,19104,328,7455,124,0.0776211894052973,0.1272963518240879,0.0496751624187906
2021-03-08,Lake,033,64148.0,20393,352,6247,265,14123,69,23,18,6099,300,13242,318,7143,52,0.0950770094157261,0.2064288832075824,0.1113518737918563
2021-03-08,Lassen,035,31185.0,4557,87,975,3,3391,4,183,80,954,2,2836,82,1882,84,0.0305916305916305,0.0909411576078242,0.0603495270161936
2021-03-08,Los Angeles,037,10098052.0,3086058,56775,1591609,30370,1486930,24141,6492,2230,915801,42293,2000245,44534,1084444,14317,0.0906908579991467,0.1980822637871145,0.1073914057879678
2021-03-08,Madera,039,155013.0,36575,634,15722,342,20676,216,156,73,14958,310,25670,384,10712,322,0.0964951326662925,0.165599014276222,0.0691038816099294
2021-03-08,Marin,041,260295.0,122998,1938,68821,1391,53883,416,289,130,45341,1405,84237,1535,38896,531,0.174190821952016,0.3236212758600818,0.1494304539080658
2021-03-08,Mariposa,043,17540.0,4619,43,841,4,3752,28,14,11,2524,13,3558,24,1034,29,0.1438996579247434,0.2028506271379703,0.0589509692132269
2021-03-08,Mendocino,045,87422.0,42250,150,20717,36,21416,65,114,49,16225,74,29217,123,12992,74,0.1855940152364393,0.334206492644872,0.1486124774084326
2021-03-08,Merced,047,269075.0,59476,1687,34663,1019,24234,589,184,73,24502,1411,41116,1486,16614,263,0.0910601133512961,0.1528049800241568,0.0617448666728607
2021-03-08,Modoc,049,8938.0,3176,9,374,1,2780,3,20,4,616,1,1906,5,1290,7,0.0689192213023047,0.2132468113671962,0.1443275900648915
2021-03-08,Mono,051,14174.0,8704,504,5856,12,2821,488,5,3,1644,493,5159,496,3515,9,0.1159870184845491,0.3639762946239593,0.2479892761394102
2021-03-08,Monterey,053,433212.0,110358,1826,50217,357,58467,1028,1399,430,40980,1177,76154,1608,35174,635,0.0945957175701504,0.1757892209818749,0.0811935034117245
2021-03-08,Napa,055,140530.0,64649,757,28257,355,36248,347,139,55,19580,555,42164,611,22584,199,0.1393296804952679,0.3000355795915463,0.1607058990962784
2021-03-08,Nevada,057,99092.0,36117,955,19118,617,16873,287,125,51,12231,425,24215,478,11984,530,0.1234307512210874,0.2443688693335486,0.1209381181124611
2021-03-08,Orange,059,3164182.0,1030457,19554,551793,9031,474178,8933,3748,1580,251973,12170,641759,13779,389786,7329,0.079632903543475,0.2028198757214344,0.1231869721779594
2021-03-08,Placer,061,380077.0,151844,2974,83392,1836,68134,1016,313,122,39364,1661,95630,1782,56266,1308,0.1035684874380717,0.2516069112311452,0.1480384237930735
2021-03-08,Plumas,063,18699.0,5335,35,770,5,4502,5,52,25,2585,7,3976,32,1391,28,0.1382426867746938,0.2126316915343066,0.0743890047596128
2021-03-08,Riverside,065,2383286.0,647228,12314,333187,4890,312248,6982,1547,433,201893,5465,424745,5922,222852,6799,0.0847120320431538,0.1782182247535545,0.0935061927104006
2021-03-08,Sacramento,067,1510023.0,444493,9513,235316,4510,208517,4745,628,258,146115,6095,295083,6350,148968,3411,0.096763426782241,0.1954162287594295,0.0986528019771884
2021-03-08,San Benito,069,59416.0,15319,321,4519,74,10636,190,127,54,6206,175,10792,229,4586,143,0.1044499798034199,0.1816345765450383,0.0771845967416184
2021-03-08,San Bernardino,071,2135413.0,493973,8407,270329,3710,222929,4498,643,199,141158,3706,317504,3907,176346,4688,0.0661033720409119,0.1486850553031193,0.0825816832622073
2021-03-08,San Diego,073,3302833.0,1219818,23415,568952,11365,647659,11122,2822,926,329456,11277,779130,12844,449674,11774,0.0997495180652488,0.2358974855828314,0.1361479675175826
2021-03-08,San Francisco,075,870044.0,350756,9121,201264,6185,148747,2701,677,231,113622,6957,232347,7190,118725,2163,0.1305933952765607,0.2670520111626538,0.1364586158860931
2021-03-08,San Joaquin,077,732212.0,186117,3575,91730,1389,93931,2034,436,152,66792,2269,123845,2423,57053,1264,0.0912194828820068,0.1691381730974089,0.0779186902154021
2021-03-08,San Luis Obispo,079,281455.0,91652,2815,43447,785,47427,1698,728,331,27134,1567,59676,1899,32542,1243,0.0964061750546268,0.2120267893624202,0.1156206143077934
2021-03-08,San Mateo,081,765935.0,305070,4748,165211,2648,139109,1862,651,235,105657,3401,205377,3636,99720,1336,0.1379451258918837,0.268138941293974,0.1301938154020902
2021-03-08,Santa Barbara,083,443738.0,128557,1711,63860,428,63665,910,946,370,40552,858,84880,1228,44328,844,0.0913872600498492,0.1912840459911028,0.0998967859412536
2021-03-08,Santa Clara,085,1922200.0,623987,13573,316779,6901,304594,5959,1740,610,202366,8518,413008,9126,210642,4923,0.1052783269170741,0.2148621371345333,0.1095838102174591
2021-03-08,Santa Cruz,087,273765.0,106647,1132,34433,223,71831,767,370,142,32941,663,69905,805,36964,467,0.1203258268953299,0.2553467389914708,0.1350209120961408
2021-03-08,Shasta,089,179085.0,51220,601,21882,66,29057,390,261,143,11325,164,31374,307,20049,435,0.0632381271463271,0.175190551972527,0.1119524248261998
2021-03-08,Sierra,091,2930.0,1394,3,95,1,1299,2,0,0,461,2,926,2,465,1,0.1573378839590443,0.3160409556313993,0.1587030716723549
2021-03-08,Siskiyou,093,43540.0,14422,432,4488,23,9857,375,63,33,4120,72,9291,105,5171,358,0.0946256316031235,0.2133899862195682,0.1187643546164446
2021-03-08,Solano,095,438530.0,147628,2267,73729,1397,73526,608,357,260,54405,1677,101082,1936,46677,584,0.1240622078307071,0.2305019040886598,0.1064396962579527
2021-03-08,Sonoma,097,501317.0,208257,4229,102104,690,105623,3336,509,203,71088,2442,139698,2645,68610,1777,0.1418024922354518,0.2786620042807246,0.1368595120452727
2021-03-08,Stanislaus,099,539301.0,135958,2105,67109,917,68347,1076,384,110,47563,1327,89973,1437,42410,743,0.0881937915931919,0.1668326222276613,0.0786388306344694
2021-03-08,Sutter,101,95872.0,27002,235,9405,73,17575,147,22,15,9899,166,18426,181,8527,69,0.1032522530040053,0.1921937583444593,0.0889415053404539
2021-03-08,Tehama,103,63373.0,13954,70,2469,12,11461,42,19,16,2335,27,8139,43,5804,43,0.0368453442317706,0.1284300885235037,0.091584744291733
2021-03-08,Trinity,105,12862.0,3119,4,434,1,2678,2,5,1,1359,1,2240,2,881,3,0.1056600839682786,0.1741564297931892,0.0684963458249105
2021-03-08,Tulare,107,460477.0,103973,1824,50201,1051,53450,596,304,175,43453,1471,73777,1645,30324,353,0.0943651908781546,0.1602186428420963,0.0658534519639417
2021-03-08,Tuolumne,109,53932.0,20225,224,6252,95,13944,121,27,8,6981,158,13468,166,6487,66,0.1294407772750871,0.2497218719869465,0.1202810947118593
2021-03-08,Ventura,111,848112.0,283112,6932,143012,3460,139436,3290,528,178,109805,4651,196490,4830,86685,2273,0.1294699285000094,0.2316793065066878,0.1022093780066783
2021-03-08,Yolo,113,214977.0,77995,1390,36071,524,41814,819,106,46,26451,914,52233,961,25782,475,0.1230410695097615,0.2429701782051103,0.1199291086953488
2021-03-08,Yuba,115,75493.0,13694,179,4149,54,9517,110,24,15,5086,110,9387,125,4301,68,0.0673704846806988,0.1243426542858278,0.0569721696051289
2021-03-07,Alameda,001,1643700.0,569297,10131,343653,8609,224867,1288,602,230,223961,7140,396381,7370,172420,2968,0.1362541826367342,0.241151670012776,0.1048974873760418
2021-03-07,Alpine,003,1148.0,623,0,23,0,600,0,0,0,137,0,377,0,240,0,0.1193379790940766,0.328397212543554,0.2090592334494773
2021-03-07,Amador,005,37829.0,13992,107,4484,46,9506,61,2,0,5464,41,9449,41,3985,65,0.1444394512146765,0.2497819133469031,0.1053424621322266
2021-03-07,Butte,007,227075.0,71602,80,29469,6,42065,51,65,23,11859,51,41710,74,29851,30,0.0522250357811295,0.1836838049102719,0.1314587691291423
2021-03-07,Calaveras,009,45235.0,15222,152,3937,56,11265,89,20,7,5406,80,10151,87,4745,70,0.1195092295788659,0.2244058804023433,0.1048966508234773
2021-03-07,Colusa,011,21464.0,4986,9,1328,5,3646,4,12,0,1973,7,3482,7,1509,2,0.091921356690272,0.16222512113306,0.0703037644427879
2021-03-07,Contra Costa,013,1133247.0,434492,4387,252176,2680,181657,1506,605,200,136413,3460,285465,3660,149052,923,0.1203735813992889,0.251900071211307,0.131526489812018
2021-03-07,Del Norte,015,27424.0,5948,0,2257,0,3627,0,62,0,1918,0,3926,0,2008,0,0.069938739789965,0.143159276546091,0.073220536756126
2021-03-07,El Dorado,017,186661.0,66138,926,31611,214,34438,672,85,40,19788,282,42942,322,23154,644,0.1060103610288169,0.2300534123357316,0.1240430513069146
2021-03-07,Fresno,019,978130.0,256317,1614,118028,712,137979,820,227,82,113124,1332,184309,1415,71185,282,0.1156533385132855,0.1884299632973122,0.0727766247840266
2021-03-07,Glenn,021,27897.0,7302,5,2368,0,4922,5,4,0,1987,3,4638,3,2651,1,0.0712262967344158,0.166254435960856,0.0950281392264401
2021-03-07,Humboldt,023,135768.0,46916,422,21595,318,25165,74,94,30,11102,161,29003,191,17901,261,0.0817718460903894,0.2136217665429261,0.1318499204525366
2021-03-07,Imperial,025,180216.0,42071,204,20740,135,21299,64,27,5,16539,136,29315,145,12776,67,0.0917732054867492,0.1626659120166911,0.0708927065299418
2021-03-07,Inyo,027,18085.0,7100,6,3042,3,3984,3,0,0,2480,4,4752,4,2272,2,0.1371302184130494,0.2627591927011335,0.125628974288084
2021-03-07,Kern,029,883053.0,180746,2137,79370,1622,101088,439,242,75,63539,1914,122030,1990,58491,222,0.071953778538774,0.1381910259067122,0.0662372473679382
2021-03-07,Kings,031,150075.0,26029,467,7594,321,18383,138,38,8,11445,455,18776,463,7331,11,0.0762618690654672,0.1251107779443611,0.0488489088788938
2021-03-07,Lake,033,64148.0,20041,7,5982,4,14054,2,5,1,5833,6,12924,7,7091,1,0.0909303485689343,0.2014715969320945,0.1105412483631601
2021-03-07,Lassen,035,31185.0,4470,58,972,0,3387,1,103,56,956,1,2754,57,1798,56,0.0306557639890973,0.0883116883116883,0.0576559243225909
2021-03-07,Los Angeles,037,10098052.0,3029283,29895,1561239,21704,1462789,6443,4262,1734,885584,22172,1955711,23911,1070127,7635,0.0876984986807356,0.1936721062636635,0.1059736075829278
2021-03-07,Madera,039,155013.0,35941,167,15380,29,20460,111,83,27,14896,111,25286,138,10390,55,0.0960951662118661,0.1631218026875165,0.0670266364756504
2021-03-07,Marin,041,260295.0,121060,1471,67430,1192,53467,223,159,56,44337,1005,82702,1062,38365,465,0.1703336598858986,0.3177241207091953,0.1473904608232966
2021-03-07,Mariposa,043,17540.0,4576,4,837,1,3724,3,3,0,2529,0,3534,0,1005,4,0.1441847206385405,0.2014823261117445,0.0572976054732041
2021-03-07,Mendocino,045,87422.0,42100,561,20681,38,21351,502,65,21,16176,153,29094,173,12918,408,0.1850335155910411,0.3327995241472398,0.1477660085561986
2021-03-07,Merced,047,269075.0,57789,376,33644,143,23645,196,111,36,23279,326,39630,362,16351,48,0.0865149121992009,0.1472823562203846,0.0607674440211836
2021-03-07,Modoc,049,8938.0,3167,7,373,1,2777,0,16,6,618,1,1901,7,1283,6,0.0691429850078317,0.2126874021033788,0.1435444170955471
2021-03-07,Mono,051,14174.0,8200,2,5844,1,2333,1,2,0,1157,1,4663,1,3506,1,0.0816283335685057,0.3289826442782559,0.2473543107097502
2021-03-07,Monterey,053,433212.0,108532,676,49860,126,57439,227,969,318,40007,287,74546,605,34539,384,0.092349704070986,0.1720774124447152,0.0797277083737292
2021-03-07,Napa,055,140530.0,63892,568,27902,306,35901,220,84,42,19168,400,41553,440,22385,166,0.1363979221518537,0.2956877535045897,0.159289831352736
2021-03-07,Nevada,057,99092.0,35162,250,18501,125,16586,97,74,28,12283,84,23737,112,11454,166,0.1239555160860614,0.2395450692285956,0.1155895531425342
2021-03-07,Orange,059,3164182.0,1010903,17234,542762,9226,465245,7087,2168,916,245523,9916,627980,10852,382457,7264,0.0775944620126149,0.1984651957441133,0.1208707337314983
2021-03-07,Placer,061,380077.0,148870,1463,81556,821,67118,586,191,56,38890,586,93848,642,54958,876,0.1023213717220457,0.2469183875898831,0.1445970158678373
2021-03-07,Plumas,063,18699.0,5300,17,765,4,4497,4,27,9,2581,4,3944,13,1363,13,0.1380287715920637,0.2109203700732659,0.0728915984812022
2021-03-07,Riverside,065,2383286.0,634914,4587,328297,2849,305266,1263,1114,474,202770,2083,418823,2556,216053,2485,0.0850800113792469,0.1757334201602325,0.0906534087809855
2021-03-07,Sacramento,067,1510023.0,434980,8524,230806,2518,203772,5856,370,150,143176,3804,288733,3952,145557,4700,0.0948170988124021,0.1912109947994169,0.0963938959870147
2021-03-07,San Benito,069,59416.0,14998,651,4445,592,10446,29,73,30,6120,609,10563,639,4443,43,0.1030025582334724,0.1777803958529689,0.0747778376194964
2021-03-07,San Bernardino,071,2135413.0,485566,1915,266619,1130,218431,635,444,150,141939,1142,313597,1292,171658,771,0.0664691092542754,0.1468554326493282,0.0803863233950528
2021-03-07,San Diego,073,3302833.0,1196403,18568,557587,9463,636537,8431,1896,669,328386,6866,766286,8027,437900,11433,0.0994255537594543,0.232008702831781,0.1325831490723266
2021-03-07,San Francisco,075,870044.0,341635,6242,195079,4656,146046,1409,446,174,108595,3504,225157,3680,116562,2740,0.1248155265710699,0.2587880612934518,0.1339725347223818
2021-03-07,San Joaquin,077,732212.0,182542,1651,90341,672,91897,854,284,125,65633,1238,121422,1349,55789,383,0.0896366079769247,0.1658290221957575,0.0761924142188328
2021-03-07,San Luis Obispo,079,281455.0,88837,308,42662,52,45729,133,397,123,26478,128,57777,252,31299,178,0.0940754294647457,0.2052797072356149,0.1112042777708692
2021-03-07,San Mateo,081,765935.0,300322,3822,162563,2506,137247,1148,416,168,103357,2189,201741,2357,98384,1625,0.1349422601134561,0.2633918021764249,0.1284495420629688
2021-03-07,Santa Barbara,083,443738.0,126846,773,63432,147,62755,379,576,244,40168,457,83652,701,43484,312,0.0905218845354691,0.1885166472107414,0.0979947626752723
2021-03-07,Santa Clara,085,1922200.0,610414,7423,309878,4646,298635,2374,1130,396,198163,5763,403882,6159,205719,1638,0.1030917698470502,0.2101144521901987,0.1070226823431484
2021-03-07,Santa Cruz,087,273765.0,105515,1425,34210,138,71064,1189,228,98,32603,579,69100,676,36497,843,0.1190911913502456,0.2524062608441547,0.133315069493909
2021-03-07,Shasta,089,179085.0,50619,110,21816,5,28667,66,118,39,11453,41,31067,80,19614,69,0.0639528715414468,0.1734762822123572,0.1095234106709104
2021-03-07,Sierra,091,2930.0,1391,0,94,0,1297,0,0,0,460,0,924,0,464,0,0.1569965870307167,0.315358361774744,0.1583617747440273
2021-03-07,Siskiyou,093,43540.0,13990,14,4465,4,9482,1,30,9,4373,2,9186,11,4813,12,0.1004363803399173,0.2109784106568672,0.1105420303169499
2021-03-07,Solano,095,438530.0,145361,3715,72332,789,72918,2899,97,27,53053,1959,99146,1987,46093,1753,0.1209791804437552,0.2260871548126696,0.1051079743689143
2021-03-07,Sonoma,097,501317.0,204028,1879,101414,1444,102287,336,306,99,70220,438,137053,536,66833,1434,0.1400710528468015,0.2733859015353558,0.1333148486885543
2021-03-07,Stanislaus,099,539301.0,133853,1090,66192,448,67271,551,274,91,46869,823,88536,915,41667,258,0.0869069406509537,0.1641680619913554,0.0772611213404017
2021-03-07,Sutter,101,95872.0,26767,69,9332,24,17428,44,7,1,9787,48,18245,49,8458,21,0.1020840287049399,0.1903058244325767,0.0882217957276368
2021-03-07,Tehama,103,63373.0,13884,11,2457,4,11419,7,3,0,2335,6,8096,6,5761,5,0.0368453442317706,0.1277515661243747,0.0909062218926041
2021-03-07,Trinity,105,12862.0,3115,5,433,3,2676,1,4,1,1360,3,2238,4,878,2,0.1057378323744363,0.1740009329808738,0.0682631006064375
2021-03-07,Tulare,107,460477.0,102149,1182,49150,719,52854,430,129,33,42161,1114,72132,1147,29971,66,0.0915594047042523,0.1566462602909591,0.0650868555867068
2021-03-07,Tuolumne,109,53932.0,20001,67,6157,14,13823,39,19,14,6881,41,13302,55,6421,26,0.1275865905213973,0.2466439219758214,0.119057331454424
2021-03-07,Ventura,111,848112.0,276180,1798,139552,650,136146,1002,350,145,107248,1310,191660,1457,84412,485,0.1264549965098949,0.2259843039598543,0.0995293074499594
2021-03-07,Yolo,113,214977.0,76605,956,35547,683,40995,247,60,26,25965,787,51272,813,25307,169,0.1207803625504123,0.238499932550924,0.1177195700005116
2021-03-07,Yuba,115,75493.0,13515,61,4095,34,9407,26,9,1,5029,43,9262,44,4233,18,0.0666154477898613,0.1226868716304823,0.0560714238406209
2021-03-06,Alameda,001,1643700.0,559166,15156,335044,10588,223579,4284,372,269,219559,9882,389011,10151,169452,5209,0.133576078359798,0.2366678834337166,0.1030918050739186
2021-03-06,Alpine,003,1148.0,623,0,23,0,600,0,0,0,137,0,377,0,240,0,0.1193379790940766,0.328397212543554,0.2090592334494773
2021-03-06,Amador,005,37829.0,13885,106,4438,47,9445,58,2,1,5488,58,9408,59,3920,46,0.1450738851145946,0.2486980887678765,0.1036242036532818
2021-03-06,Butte,007,227075.0,71522,266,29463,32,42014,210,42,24,11815,194,41636,217,29821,69,0.0520312672024661,0.1833579213916107,0.1313266541891445
2021-03-06,Calaveras,009,45235.0,15070,180,3881,52,11176,122,13,6,5389,128,10064,133,4675,48,0.119133414391511,0.2224825909141151,0.1033491765226041
2021-03-06,Colusa,011,21464.0,4977,274,1323,9,3642,265,12,0,1968,40,3475,40,1507,234,0.09168840849795,0.1618989936638091,0.0702105851658591
2021-03-06,Contra Costa,013,1133247.0,430105,7924,249496,4454,180151,3142,405,328,133676,5178,281805,5505,148129,2723,0.1179583974190975,0.2486704134226695,0.130712016003572
2021-03-06,Del Norte,015,27424.0,5948,470,2257,84,3627,338,62,48,1918,166,3926,166,2008,293,0.069938739789965,0.143159276546091,0.073220536756126
2021-03-06,El Dorado,017,186661.0,65212,767,31397,234,33766,502,45,31,20110,398,42620,429,22510,369,0.1077354133964781,0.2283283599680704,0.1205929465715923
2021-03-06,Fresno,019,978130.0,254703,7253,117316,4040,137159,3088,145,122,111991,6174,182894,6296,70903,1056,0.1144950057763283,0.1869833253248545,0.0724883195485262
2021-03-06,Glenn,021,27897.0,7297,33,2368,2,4917,30,4,1,1985,9,4635,10,2650,24,0.0711546044377531,0.1661468975158619,0.0949922930781087
2021-03-06,Humboldt,023,135768.0,46494,1826,21277,960,25091,814,64,51,11172,787,28812,838,17640,1035,0.0822874315007954,0.2122149549231041,0.1299275234223086
2021-03-06,Imperial,025,180216.0,41867,891,20605,365,21235,523,22,3,16461,779,29170,785,12709,109,0.0913403915301638,0.1618613219691925,0.0705209304390287
2021-03-06,Inyo,027,18085.0,7094,26,3039,3,3981,23,0,0,2478,25,4748,25,2270,1,0.1370196295272325,0.2625380149294996,0.125518385402267
2021-03-06,Kern,029,883053.0,178609,4835,77748,1955,100649,2768,167,111,61771,3511,120040,3622,58269,1315,0.06995163370715,0.1359374805362758,0.0659858468291257
2021-03-06,Kings,031,150075.0,25562,539,7273,199,18245,327,30,13,10993,501,18313,514,7320,37,0.0732500416458437,0.1220256538397468,0.048775612193903
2021-03-06,Lake,033,64148.0,20034,36,5978,7,14052,27,4,2,5827,25,12917,27,7090,11,0.0908368148656232,0.2013624742782316,0.1105256594126083
2021-03-06,Lassen,035,31185.0,4412,58,972,3,3386,31,47,24,955,6,2697,30,1742,52,0.0306236972903639,0.0864838864838864,0.0558601891935225
2021-03-06,Los Angeles,037,10098052.0,2999388,70549,1539535,35569,1456346,33055,2528,1903,869308,44646,1931800,46554,1062492,25689,0.0860867026630482,0.1913042238245554,0.1052175211615071
2021-03-06,Madera,039,155013.0,35774,850,15351,642,20349,171,56,36,14813,520,25148,555,10335,328,0.0955597272486823,0.1622315547728255,0.0666718275241431
2021-03-06,Marin,041,260295.0,119589,3305,66238,2361,53244,869,103,75,43740,2665,81640,2739,37900,627,0.1680401083386158,0.3136441345396569,0.1456040262010411
2021-03-06,Mariposa,043,17540.0,4572,18,836,8,3721,10,3,0,2533,7,3534,8,1001,11,0.1444127708095781,0.2014823261117445,0.0570695553021664
2021-03-06,Mendocino,045,87422.0,41539,262,20643,35,20849,196,44,31,16411,207,28921,238,12510,54,0.1877216261352977,0.330820617235936,0.1430989911006382
2021-03-06,Merced,047,269075.0,57413,1251,33501,701,23449,523,75,22,22965,950,39268,972,16303,292,0.0853479513146892,0.145937006410852,0.0605890550961627
2021-03-06,Modoc,049,8938.0,3160,12,372,0,2777,2,10,10,617,1,1894,11,1277,11,0.0690311031550682,0.2119042291340344,0.1428731259789662
2021-03-06,Mono,051,14174.0,8198,469,5843,20,2332,448,2,0,1157,462,4662,462,3505,6,0.0816283335685057,0.3289120925638493,0.2472837589953435
2021-03-06,Monterey,053,433212.0,107856,5390,49734,1219,57212,3834,651,330,39786,4397,73941,4726,34155,981,0.0918395612309908,0.1706808675659954,0.0788413063350045
2021-03-06,Napa,055,140530.0,63324,701,27596,320,35681,349,42,32,18894,563,41113,595,22219,136,0.134448160535117,0.2925567494485163,0.1581085889133992
2021-03-06,Nevada,057,99092.0,34912,425,18376,161,16489,237,46,27,12337,160,23625,187,11288,265,0.1245004642150728,0.2384148064424978,0.113914342227425
2021-03-06,Orange,059,3164182.0,993669,26358,533536,14486,458158,10948,1252,920,241935,13909,617128,14843,375193,12369,0.0764605196540527,0.195035557373122,0.1185750377190692
2021-03-06,Placer,061,380077.0,147407,2545,80735,1570,66532,873,135,102,39124,949,93206,1051,54082,1589,0.1029370364426155,0.2452292561770378,0.1422922197344222
2021-03-06,Plumas,063,18699.0,5283,24,761,4,4493,11,18,9,2581,4,3931,13,1350,20,0.1380287715920637,0.2102251457297181,0.0721963741376544
2021-03-06,Riverside,065,2383286.0,630327,10169,325448,5281,304003,4385,640,500,202699,4914,416267,5434,213568,5227,0.0850502205778072,0.1746609513084036,0.0896107307305963
2021-03-06,Sacramento,067,1510023.0,426456,8667,228288,3452,197916,5081,220,131,143924,4233,284781,4365,140857,4410,0.0953124555056446,0.1885938161206816,0.0932813606150369
2021-03-06,San Benito,069,59416.0,14347,226,3853,85,10417,124,43,15,5524,158,9924,173,4400,62,0.0929715901440689,0.1670257169785916,0.0740541268345226
2021-03-06,San Bernardino,071,2135413.0,483651,9885,265489,5528,217796,4124,294,232,141418,4542,312305,4776,170887,5334,0.0662251283475374,0.1462503974640971,0.0800252691165596
2021-03-06,San Diego,073,3302833.0,1177835,23820,548124,9645,628106,13451,1227,719,331792,10355,758259,11805,426467,13131,0.1004567896711701,0.2295783649975642,0.129121575326394
2021-03-06,San Francisco,075,870044.0,335393,7733,190423,4940,144637,2574,272,218,107655,4718,221477,4937,113822,3017,0.1237351214421339,0.2545583901503832,0.1308232687082492
2021-03-06,San Joaquin,077,732212.0,180891,3557,89669,2299,91043,1126,159,132,64667,2873,120073,3003,55406,653,0.0883173179352427,0.1639866596013176,0.0756693416660748
2021-03-06,San Luis Obispo,079,281455.0,88529,910,42610,334,45596,462,274,113,26404,657,57525,765,31121,254,0.0938125099927164,0.2043843598443801,0.1105718498516636
2021-03-06,San Mateo,081,765935.0,296500,8174,160057,5676,136099,2307,248,187,102625,5943,199384,6131,96759,2210,0.1339865654396261,0.2603145175504449,0.1263279521108188
2021-03-06,Santa Barbara,083,443738.0,126073,2618,63285,799,62376,1589,332,230,39779,1775,82951,2003,43172,841,0.0896452411107455,0.186936886180584,0.0972916450698385
2021-03-06,Santa Clara,085,1922200.0,602991,9963,305232,6469,296261,2891,734,475,193642,7258,397723,7739,204081,2545,0.1007397773384663,0.2069103111018624,0.1061705337633961
2021-03-06,Santa Cruz,087,273765.0,104090,3689,34072,1176,69875,2408,130,103,32770,1886,68424,1989,35654,1797,0.119701203587018,0.2499369897539861,0.130235786166968
2021-03-06,Shasta,089,179085.0,50509,2782,21811,401,28601,2332,79,48,11442,718,30987,766,19545,2057,0.0638914481949912,0.1730295669654075,0.1091381187704162
2021-03-06,Sierra,091,2930.0,1391,0,94,0,1297,0,0,0,460,0,924,0,464,0,0.1569965870307167,0.315358361774744,0.1583617747440273
2021-03-06,Siskiyou,093,43540.0,13976,47,4461,5,9481,35,21,7,4374,27,9175,34,4801,20,0.1004593477262287,0.2107257694074414,0.1102664216812126
2021-03-06,Solano,095,438530.0,141646,3978,71543,862,70019,3074,70,41,52819,2662,97159,2703,44340,1305,0.1204455795498597,0.2215561079059585,0.1011105283560987
2021-03-06,Sonoma,097,501317.0,202149,2868,99970,1255,101951,1467,207,146,71118,1945,136517,2087,65399,908,0.1418623346106355,0.2723167177654059,0.1304543831547703
2021-03-06,Stanislaus,099,539301.0,132763,3452,65744,2001,66720,1347,183,103,46212,2489,87621,2591,41409,933,0.0856886970356072,0.1624714213398454,0.0767827243042382
2021-03-06,Sutter,101,95872.0,26698,1039,9308,50,17384,984,6,5,9759,870,18196,875,8437,168,0.1017919726301735,0.1897947263017356,0.088002753671562
2021-03-06,Tehama,103,63373.0,13873,356,2453,18,11412,335,3,2,2334,90,8090,93,5756,264,0.0368295646410932,0.1276568885803102,0.090827323939217
2021-03-06,Trinity,105,12862.0,3110,199,430,7,2675,191,3,1,1358,25,2234,26,876,174,0.1055823355621209,0.1736899393562432,0.0681076037941222
2021-03-06,Tulare,107,460477.0,100967,3131,48431,1452,52424,1619,96,60,41080,2864,70985,2922,29905,263,0.0892118390277907,0.154155364980227,0.0649435259524362
2021-03-06,Tuolumne,109,53932.0,19934,1077,6143,611,13784,464,5,2,6852,208,13247,209,6395,851,0.1270488763628272,0.245624119261292,0.1185752428984647
2021-03-06,Ventura,111,848112.0,274382,7855,138902,4425,135144,3263,205,163,106276,5345,190203,5510,83927,2492,0.1253089214632029,0.2242663704793706,0.0989574490161676
2021-03-06,Yolo,113,214977.0,75649,1528,34864,1171,40748,334,34,23,25321,872,50459,895,25138,656,0.1177846932462542,0.2347181326374449,0.1169334393911906
2021-03-06,Yuba,115,75493.0,13454,477,4061,33,9381,439,8,4,5003,365,9218,369,4215,111,0.0662710449975494,0.1221040361358006,0.0558329911382512
2021-03-05,Alameda,001,1643700.0,544010,16832,324456,10935,219295,5853,103,19,214617,11170,378860,11193,164243,5593,0.1305694469793758,0.2304921822717041,0.0999227352923282
2021-03-05,Alpine,003,1148.0,623,27,23,1,600,26,0,0,137,20,377,20,240,7,0.1193379790940766,0.328397212543554,0.2090592334494773
2021-03-05,Amador,005,37829.0,13779,530,4391,93,9387,437,1,0,5475,238,9349,238,3874,287,0.1447302334188056,0.2471384387639112,0.1024082053451056
2021-03-05,Butte,007,227075.0,71256,1440,29431,658,41804,779,18,2,11667,775,41419,777,29752,660,0.0513795001651436,0.1824022899922933,0.1310227898271496
2021-03-05,Calaveras,009,45235.0,14890,489,3829,276,11054,209,7,4,5304,158,9931,162,4627,321,0.1172543384547363,0.219542389742456,0.1022880512877196
2021-03-05,Colusa,011,21464.0,4703,119,1314,24,3377,86,12,9,2162,49,3435,58,1273,70,0.1007267983600447,0.1600354081252329,0.0593086097651882
2021-03-05,Contra Costa,013,1133247.0,422181,12103,245042,7286,177009,4792,77,23,130894,6986,276300,7010,145406,5106,0.1155035045316687,0.2438126904373009,0.1283091859056322
2021-03-05,Del Norte,015,27424.0,5478,133,2173,16,3289,116,14,0,2045,79,3760,79,1715,53,0.0745697199533255,0.1371061843640607,0.0625364644107351
2021-03-05,El Dorado,017,186661.0,64445,1690,31163,480,33264,1204,14,6,20050,1101,42191,1107,22141,582,0.1074139750671002,0.2260300759130188,0.1186161008459185
2021-03-05,Fresno,019,978130.0,247450,9864,113276,3823,134071,6037,23,3,106751,8444,176598,8448,69847,1366,0.1091378446627748,0.1805465531166613,0.0714087084538865
2021-03-05,Glenn,021,27897.0,7264,360,2366,46,4887,313,3,0,1999,38,4625,38,2626,321,0.0716564505143922,0.1657884360325483,0.094131985518156
2021-03-05,Humboldt,023,135768.0,44668,998,20317,194,24277,782,13,10,11369,401,27974,411,16605,584,0.0837384361557951,0.2060426610099581,0.1223042248541629
2021-03-05,Imperial,025,180216.0,40976,3597,20240,2329,20712,1267,19,1,15785,2128,28385,2135,12600,1466,0.0875893372397567,0.1575054379189417,0.0699161006791849
2021-03-05,Inyo,027,18085.0,7068,146,3036,50,3958,93,0,0,2454,39,4723,39,2269,104,0.1356925628974288,0.2611556538567874,0.1254630909593586
2021-03-05,Kern,029,883053.0,173774,6933,75793,2942,97881,3972,56,19,59464,4256,116418,4276,56954,2634,0.0673391064862471,0.1318358014751096,0.0644966949888625
2021-03-05,Kings,031,150075.0,25023,1245,7074,377,17918,854,17,14,10516,1007,17799,1021,7283,238,0.070071630851241,0.1186006996501749,0.0485290687989338
2021-03-05,Lake,033,64148.0,19998,1044,5971,55,14025,989,2,0,5811,181,12890,181,7079,859,0.0905873916567936,0.2009415726133316,0.110354180956538
2021-03-05,Lassen,035,31185.0,4354,40,969,0,3355,17,23,23,977,7,2667,30,1690,33,0.0313291646624979,0.0855218855218855,0.0541927208593875
2021-03-05,Los Angeles,037,10098052.0,2928839,95146,1503966,46328,1423291,48705,625,48,848443,62048,1885246,62136,1036803,32772,0.0840204625605017,0.1866940277194057,0.1026735651589039
2021-03-05,Madera,039,155013.0,34924,1438,14709,469,20178,952,20,15,14586,1094,24593,1110,10007,341,0.094095333939734,0.1586512098985246,0.0645558759587905
2021-03-05,Marin,041,260295.0,116284,3264,63877,1246,52375,2002,28,15,41628,1875,78901,1890,37273,1385,0.1599262375381778,0.3031214583453389,0.1431952208071611
2021-03-05,Mariposa,043,17540.0,4554,98,828,13,3711,83,3,1,2536,52,3526,57,990,44,0.1445838084378563,0.2010262257696693,0.0564424173318129
2021-03-05,Mendocino,045,87422.0,41277,498,20608,426,20653,62,13,10,16227,382,28683,392,12456,114,0.1856168927729862,0.3280981903868591,0.1424812976138729
2021-03-05,Merced,047,269075.0,56162,2506,32800,1565,22926,912,53,24,22285,1861,38296,1887,16011,589,0.082820774876893,0.1423246306791786,0.0595038558022856
2021-03-05,Modoc,049,8938.0,3148,4,372,1,2775,3,0,0,617,1,1883,2,1266,3,0.0690311031550682,0.2106735287536361,0.1416424255985679
2021-03-05,Mono,051,14174.0,7729,49,5823,36,1884,12,2,1,701,17,4200,18,3499,31,0.0494567517990687,0.2963172005079723,0.2468604487089036
2021-03-05,Monterey,053,433212.0,102466,3985,48515,1712,53378,1944,321,310,36041,3172,69215,3482,33174,788,0.0831948330147826,0.1597716591414827,0.0765768261267001
2021-03-05,Napa,055,140530.0,62623,1971,27276,805,35332,1160,10,6,18435,1526,40518,1532,22083,442,0.1311819540311677,0.2883227780545079,0.1571408240233402
2021-03-05,Nevada,057,99092.0,34487,1319,18215,544,16252,758,19,17,12415,423,23438,440,11023,894,0.1252876115125338,0.2365276712549953,0.1112400597424615
2021-03-05,Orange,059,3164182.0,967311,25327,519050,13404,447210,11849,332,67,239461,15009,602285,15115,362824,10224,0.075678643011053,0.1903446135525706,0.1146659705415175
2021-03-05,Placer,061,380077.0,144862,3091,79165,1108,65659,1963,33,20,39662,1823,92155,1843,52493,1263,0.1043525390907631,0.2424640270261026,0.1381114879353394
2021-03-05,Plumas,063,18699.0,5259,396,757,8,4482,383,9,5,2588,379,3918,384,1330,17,0.1384031231616664,0.2095299213861703,0.0711267982245039
2021-03-05,Riverside,065,2383286.0,620158,19696,320167,7955,299618,11676,140,60,202492,9617,410833,9732,208341,10001,0.0849633657060042,0.1723809060263854,0.0874175403203811
2021-03-05,Sacramento,067,1510023.0,417789,11263,224836,5291,192835,5935,89,37,143969,7294,280416,7330,136447,3948,0.0953422563762273,0.1857031316741533,0.0903608752979259
2021-03-05,San Benito,069,59416.0,14121,634,3768,338,10293,284,28,12,5413,404,9751,416,4338,227,0.0911034064898344,0.1641140433553251,0.0730106368654907
2021-03-05,San Bernardino,071,2135413.0,473766,15140,259961,7663,213672,7468,62,5,141976,7160,307529,7173,165553,7949,0.0664864361132951,0.1440138277700847,0.0775273916567895
2021-03-05,San Diego,073,3302833.0,1154015,29560,538479,15127,614655,14333,508,94,333118,13340,746454,14519,413336,15682,0.1008582631940518,0.2260041606705516,0.1251458974764997
2021-03-05,San Francisco,075,870044.0,327660,10494,185483,6169,142063,4316,54,6,105735,6403,216540,6411,110805,4065,0.1215283364979242,0.2488839644891522,0.127355627991228
2021-03-05,San Joaquin,077,732212.0,177334,5123,87370,2070,89917,3049,27,4,62317,3422,117070,3429,54753,1609,0.0851078649352919,0.1598853883847847,0.0747775234494927
2021-03-05,San Luis Obispo,079,281455.0,87619,2487,42276,1075,45134,1264,161,145,25893,1356,56760,1502,30867,1115,0.0919969444493791,0.2016663409781315,0.1096693965287523
2021-03-05,San Mateo,081,765935.0,288326,9862,154381,6503,133792,3345,61,8,98704,6750,193253,6762,94549,3075,0.1288673320843152,0.25230992186021,0.1234425897758948
2021-03-05,Santa Barbara,083,443738.0,123455,4170,62486,2309,60787,1776,102,81,38617,3336,80948,3419,42331,830,0.0870265787469182,0.1824229612969815,0.0953963825500633
2021-03-05,Santa Clara,085,1922200.0,593028,19031,298763,10386,293370,8390,259,142,188448,10228,389984,10376,201536,8653,0.0980376651753199,0.202884195193008,0.104846530017688
2021-03-05,Santa Cruz,087,273765.0,100401,2732,32896,499,67467,2214,27,18,32578,1112,66435,1130,33857,1615,0.118999872153124,0.24267163443099,0.123671762277866
2021-03-05,Shasta,089,179085.0,47727,1940,21410,186,26269,1720,31,30,12733,754,30221,784,17488,1180,0.0711003154926431,0.1687522684758634,0.0976519529832202
2021-03-05,Sierra,091,2930.0,1391,12,94,0,1297,12,0,0,460,10,924,10,464,2,0.1569965870307167,0.315358361774744,0.1583617747440273
2021-03-05,Siskiyou,093,43540.0,13929,371,4456,10,9446,347,14,12,4360,116,9141,128,4781,251,0.1001378043178686,0.2099448782728525,0.1098070739549839
2021-03-05,Solano,095,438530.0,137668,5202,70681,1763,66945,3418,29,19,51421,4085,94456,4104,43035,1104,0.1172576562606891,0.2153923334777552,0.0981346772170661
2021-03-05,Sonoma,097,501317.0,199281,6756,98715,3000,100484,3735,61,17,69939,2801,134430,2819,64491,3929,0.1395105292659136,0.2681536831984553,0.1286431539325417
2021-03-05,Stanislaus,099,539301.0,129311,4159,63743,1207,65373,2931,80,16,44554,2924,85030,2938,40476,1181,0.0826143470900295,0.157667054205351,0.0750527071153215
2021-03-05,Sutter,101,95872.0,25659,370,9258,87,16400,282,1,1,9052,224,17321,225,8269,145,0.094417556742323,0.180667973965287,0.0862504172229639
2021-03-05,Tehama,103,63373.0,13517,468,2435,29,11077,439,1,0,2505,226,7997,226,5492,242,0.0395278746469316,0.1261893866473103,0.0866615120003787
2021-03-05,Trinity,105,12862.0,2911,397,423,3,2484,393,2,1,1506,121,2208,122,702,273,0.1170890996734567,0.1716684807961437,0.0545793811226869
2021-03-05,Tulare,107,460477.0,97836,3656,46979,1828,50805,1806,36,22,38421,3088,68063,3110,29642,561,0.0834373920955878,0.1478097711720672,0.0643723790764793
2021-03-05,Tuolumne,109,53932.0,18857,110,5532,18,13320,92,3,0,7494,67,13038,67,5544,44,0.138952755321516,0.2417488689460802,0.1027961136245642
2021-03-05,Ventura,111,848112.0,266527,10279,134477,4889,131881,5368,42,13,103258,7098,184693,7119,81435,3148,0.1217504291885977,0.2177695870356745,0.0960191578470768
2021-03-05,Yolo,113,214977.0,74121,2586,33693,1440,40414,1135,11,10,25082,1510,49564,1521,24482,1075,0.1166729464082204,0.2305548965703308,0.1138819501621103
2021-03-05,Yuba,115,75493.0,12977,343,4028,63,8942,279,4,1,4745,266,8849,267,4104,77,0.0628535095969162,0.1172161657372206,0.0543626561403044
2021-03-04,Alameda,001,1643700.0,527178,18120,313521,11613,213442,6485,84,6,209017,11276,367667,11286,158650,6787,0.1271624992395205,0.2236825454766685,0.0965200462371479
2021-03-04,Alpine,003,1148.0,596,9,22,0,574,9,0,0,124,9,357,9,233,0,0.1080139372822299,0.3109756097560975,0.2029616724738676
2021-03-04,Amador,005,37829.0,13249,522,4298,123,8950,399,1,0,5524,403,9111,403,3587,114,0.1460255359644717,0.2408469692563906,0.0948214332919189
2021-03-04,Butte,007,227075.0,69816,3285,28773,738,41025,2547,16,0,11550,637,40642,637,29092,2643,0.0508642518991522,0.1789805130463503,0.128116261147198
2021-03-04,Calaveras,009,45235.0,14401,803,3553,92,10845,710,3,1,5463,378,9769,378,4306,405,0.1207693157952912,0.2159610920747209,0.0951917762794296
2021-03-04,Colusa,011,21464.0,4584,151,1290,60,3291,91,3,0,2174,80,3377,80,1203,71,0.1012858740216176,0.1573332090942974,0.0560473350726798
2021-03-04,Contra Costa,013,1133247.0,410078,12726,237756,7671,172217,5048,54,6,128990,6644,269290,6651,140300,6058,0.1138233765454486,0.2376269251098833,0.1238035485644347
2021-03-04,Del Norte,015,27424.0,5345,128,2157,86,3173,42,14,0,2019,96,3681,96,1662,31,0.0736216452742123,0.134225495915986,0.0606038506417736
2021-03-04,El Dorado,017,186661.0,62755,2594,30683,1586,32060,1007,8,1,19525,1185,41084,1186,21559,1404,0.104601389685044,0.2200995387359973,0.1154981490509533
2021-03-04,Fresno,019,978130.0,237586,10806,109453,4268,128034,6521,20,0,99669,8935,168150,8936,68481,1833,0.1018974982875487,0.1719096643595432,0.0700121660719945
2021-03-04,Glenn,021,27897.0,6904,542,2320,201,4574,341,3,0,2282,360,4587,360,2305,181,0.0818009104921676,0.1644262823959565,0.0826253719037889
2021-03-04,Humboldt,023,135768.0,43670,964,20123,124,23495,840,3,0,11542,309,27563,309,16021,654,0.0850126686700842,0.2030154381002887,0.1180027694302044
2021-03-04,Imperial,025,180216.0,37379,914,17911,160,19445,752,18,2,15116,594,26250,603,11134,315,0.0838771252275047,0.1456585430816353,0.0617814178541306
2021-03-04,Inyo,027,18085.0,6922,156,2986,5,3865,147,0,0,2519,48,4684,48,2165,102,0.1392867016864805,0.2589991705833563,0.1197124688968758
2021-03-04,Kern,029,883053.0,166841,5927,72851,2343,93909,3580,37,4,57822,3804,112142,3808,54320,2104,0.0654796484469222,0.1269935100158201,0.0615138615688979
2021-03-04,Kings,031,150075.0,23778,863,6697,356,17064,506,3,0,9733,715,16778,715,7045,145,0.0648542395468932,0.1117974346160253,0.0469431950691321
2021-03-04,Lake,033,64148.0,18954,586,5916,505,13036,81,2,0,6489,560,12709,560,6220,25,0.1011567001309471,0.198119972563447,0.0969632724324998
2021-03-04,Lassen,035,31185.0,4314,142,969,17,3338,125,0,0,980,92,2637,92,1657,50,0.031425364758698,0.0845598845598845,0.0531345198011864
2021-03-04,Los Angeles,037,10098052.0,2833693,96509,1457638,49058,1374586,47389,577,25,819079,59636,1823110,59682,1004031,36583,0.0811125749798079,0.1805407617231521,0.0994281867433441
2021-03-04,Madera,039,155013.0,33486,1234,14240,541,19226,693,5,0,13817,956,23483,956,9666,278,0.0891344596904775,0.1514905201499229,0.0623560604594453
2021-03-04,Marin,041,260295.0,113020,3523,62631,1757,50373,1765,13,1,41123,2369,77011,2372,35888,1146,0.1579861311204594,0.2958604660097197,0.1378743348892602
2021-03-04,Mariposa,043,17540.0,4456,58,815,10,3628,48,2,0,2523,23,3469,23,946,33,0.143842645381984,0.1977765108323831,0.053933865450399
2021-03-04,Mendocino,045,87422.0,40779,1886,20182,165,20591,1721,3,0,15949,1649,28291,1651,12342,235,0.182436915192972,0.3236141932236737,0.1411772780307016
2021-03-04,Merced,047,269075.0,53656,3335,31235,2612,22014,711,29,2,20987,1939,36409,1941,15422,1347,0.0779968410294527,0.1353117160642943,0.0573148750348415
2021-03-04,Modoc,049,8938.0,3144,171,371,1,2772,170,0,0,618,143,1881,143,1263,28,0.0691429850078317,0.2104497650481092,0.1413067800402774
2021-03-04,Mono,051,14174.0,7680,14,5787,2,1872,11,1,0,714,5,4182,5,3468,8,0.0503739240863553,0.2950472696486524,0.2446733455622971
2021-03-04,Monterey,053,433212.0,98481,4885,46803,1538,51434,3337,11,0,33347,3150,65733,3151,32386,1721,0.0769761687118547,0.1517340239882551,0.0747578552764004
2021-03-04,Napa,055,140530.0,60652,1779,26471,827,34172,952,4,0,17345,1518,38986,1518,21641,259,0.1234256030740767,0.2774211912047249,0.1539955881306482
2021-03-04,Nevada,057,99092.0,33168,1217,17671,666,15494,551,2,0,12869,501,22998,501,10129,712,0.1298692124490372,0.2320873531667541,0.1022181407177168
2021-03-04,Orange,059,3164182.0,941984,25832,505646,14788,435361,11026,265,12,234570,13139,587170,13176,352600,12617,0.0741329038595125,0.1855677075465317,0.1114348036870192
2021-03-04,Placer,061,380077.0,141771,3787,78057,1570,63696,2216,13,0,39082,1928,90312,1930,51230,1843,0.1028265325184107,0.237615009590162,0.1347884770717512
2021-03-04,Plumas,063,18699.0,4863,250,749,9,4099,240,4,0,2221,227,3534,227,1313,22,0.1187764051553559,0.188994063853682,0.0702176586983261
2021-03-04,Riverside,065,2383286.0,600462,19514,312212,7842,287942,11659,80,6,202761,9205,401101,9254,198340,10238,0.0850762350804729,0.1682974682853841,0.0832212332049112
2021-03-04,Sacramento,067,1510023.0,406526,14272,219545,6723,186900,7544,52,4,140587,7813,273086,7821,132499,6436,0.0931025553915403,0.1808489009770049,0.0877463455854646
2021-03-04,San Benito,069,59416.0,13487,658,3430,146,10009,495,16,15,5224,449,9335,457,4111,207,0.0879224451326242,0.1571125622727884,0.0691901171401642
2021-03-04,San Bernardino,071,2135413.0,458626,14505,252298,7150,206204,7351,57,3,142752,6215,300356,6221,157604,8266,0.0668498318592234,0.140654758587683,0.0738049267284595
2021-03-04,San Diego,073,3302833.0,1124455,28967,523352,14537,600322,14411,414,12,334281,12603,731935,13840,397654,15936,0.1012103851451163,0.2216082375342622,0.1203978523891459
2021-03-04,San Francisco,075,870044.0,317166,10258,179314,6366,137747,3886,48,2,103389,5759,210129,5759,106740,4476,0.1188319211442179,0.241515371636377,0.122683450492159
2021-03-04,San Joaquin,077,732212.0,172211,6286,85300,2481,86868,3800,23,4,60497,4038,113641,4044,53144,2181,0.0826222460161811,0.1552023184542181,0.072580072438037
2021-03-04,San Luis Obispo,079,281455.0,85132,2366,41201,1230,43870,1132,16,0,25506,1284,55258,1288,29752,1074,0.0906219466699827,0.1963297862891048,0.105707839619122
2021-03-04,San Mateo,081,765935.0,278464,9318,147878,4370,130447,4933,53,4,95017,4016,186491,4021,91474,5261,0.124053607682114,0.2434814964716327,0.1194278887895187
2021-03-04,Santa Barbara,083,443738.0,119285,3693,60177,2458,59011,1231,21,0,36028,3057,77529,3058,41501,625,0.0811920547710585,0.1747179642041024,0.0935259094330438
2021-03-04,Santa Clara,085,1922200.0,573997,20687,288377,11382,284980,9184,117,8,186725,11766,379608,11778,192883,8731,0.0971412964311726,0.1974862137134533,0.1003449172822807
2021-03-04,Santa Cruz,087,273765.0,97669,2972,32397,1401,65253,1569,9,1,33063,1914,65305,1916,32242,1048,0.1207714645772834,0.2385440067210929,0.1177725421438094
2021-03-04,Shasta,089,179085.0,45787,3126,21224,2530,24549,596,1,0,13129,1341,29437,1342,16308,1781,0.0733115559650445,0.1643744590557556,0.0910629030907111
2021-03-04,Sierra,091,2930.0,1379,106,94,2,1285,104,0,0,452,54,914,54,462,52,0.1542662116040955,0.3119453924914676,0.157679180887372
2021-03-04,Siskiyou,093,43540.0,13558,833,4446,615,9099,217,2,0,4483,631,9013,631,4530,201,0.1029627928341754,0.2070050528249885,0.104042259990813
2021-03-04,Solano,095,438530.0,132466,4596,68918,3537,63527,1056,10,3,48421,3273,90352,3278,41931,1318,0.1104166191594645,0.20603379472328,0.0956171755638154
2021-03-04,Sonoma,097,501317.0,192525,6224,95715,2804,96749,3419,44,1,71049,2674,131611,2675,60562,3533,0.1417246971477129,0.2625304946770207,0.1208057975293078
2021-03-04,Stanislaus,099,539301.0,125152,5434,62536,3041,62442,2371,64,19,42797,3924,82092,3937,39295,1437,0.0793564261887146,0.1522192615997374,0.0728628354110227
2021-03-04,Sutter,101,95872.0,25289,1280,9171,850,16118,430,0,0,8972,937,17096,937,8124,335,0.0935831108144192,0.1783210947930574,0.0847379839786381
2021-03-04,Tehama,103,63373.0,13049,793,2406,82,10638,711,1,0,2521,243,7771,243,5250,546,0.0397803480977703,0.1226231991542139,0.0828428510564436
2021-03-04,Trinity,105,12862.0,2514,25,420,19,2091,6,1,0,1657,6,2086,6,429,19,0.1288291090032654,0.1621831752449074,0.033354066241642
2021-03-04,Tulare,107,460477.0,94180,3101,45151,1405,48999,1695,14,0,35872,2711,64953,2712,29081,383,0.0779018278871691,0.1410559050723488,0.0631540771851797
2021-03-04,Tuolumne,109,53932.0,18747,1189,5514,83,13228,1106,3,0,7471,1103,12971,1104,5500,78,0.1385262923681673,0.240506563821108,0.1019802714529407
2021-03-04,Ventura,111,848112.0,256248,8509,129588,3928,126513,4579,29,0,99287,5671,177574,5674,78287,2820,0.1170682645688305,0.2093756484992548,0.0923073839304242
2021-03-04,Yolo,113,214977.0,71535,3153,32253,1560,39279,1593,1,0,24636,1650,48043,1650,23407,1500,0.1145983058652786,0.2234797210864418,0.1088814152211632
2021-03-04,Yuba,115,75493.0,12634,512,3965,290,8663,222,3,0,4555,350,8582,350,4027,162,0.060336719960791,0.1136794139854026,0.0533426940246115
2021-03-03,Alameda,001,1643700.0,509058,16316,301908,10636,206957,5667,78,5,204518,11007,356381,11015,151863,5275,0.1244253817606619,0.2168163290138103,0.0923909472531483
2021-03-03,Alpine,003,1148.0,587,28,22,0,565,28,0,0,115,17,348,17,233,11,0.1001742160278745,0.3031358885017421,0.2029616724738676
2021-03-03,Amador,005,37829.0,12727,268,4175,96,8551,172,1,0,5235,176,8708,176,3473,90,0.1383858944196251,0.2301937666869333,0.0918078722673081
2021-03-03,Butte,007,227075.0,66531,2945,28035,927,38478,2018,16,0,13556,537,40005,537,26449,2405,0.0596983375536716,0.1761752724870637,0.116476934933392
2021-03-03,Calaveras,009,45235.0,13598,596,3461,121,10135,475,2,0,5490,230,9391,230,3901,346,0.1213661987399137,0.2076047308500055,0.0862385321100917
2021-03-03,Colusa,011,21464.0,4433,261,1230,47,3200,214,3,0,2165,187,3297,187,1132,74,0.1008665672754379,0.1536060380171449,0.052739470741707
2021-03-03,Contra Costa,013,1133247.0,397352,12138,230085,7647,167169,4487,48,1,128397,6892,262639,6894,134242,5219,0.1133001013900764,0.2317579486202037,0.1184578472301272
2021-03-03,Del Norte,015,27424.0,5217,187,2071,113,3131,74,14,0,1954,142,3585,142,1631,45,0.0712514585764294,0.1307249124854142,0.0594734539089848
2021-03-03,El Dorado,017,186661.0,60161,1844,29097,527,31053,1317,7,0,19743,1238,39898,1238,20155,604,0.1057692822817835,0.213745774425295,0.1079764921435115
2021-03-03,Fresno,019,978130.0,226780,7302,105185,1869,121513,5428,20,3,92566,6213,159214,6217,66648,1073,0.0946356823735086,0.1627738644147505,0.0681381820412419
2021-03-03,Glenn,021,27897.0,6362,217,2119,40,4233,177,3,0,2103,121,4227,121,2124,95,0.0753844499408538,0.1515216689966663,0.0761372190558124
2021-03-03,Humboldt,023,135768.0,42706,1806,19999,1135,22655,669,3,0,11887,1229,27254,1230,15367,573,0.0875537681927994,0.2007394967886394,0.1131857285958399
2021-03-03,Imperial,025,180216.0,36465,1075,17751,130,18693,944,16,1,14828,637,25647,643,10819,435,0.0822790429262662,0.1423125582634172,0.0600335153371509
2021-03-03,Inyo,027,18085.0,6766,98,2981,4,3718,91,0,0,2573,43,4636,43,2063,52,0.1422726016035388,0.2563450373237489,0.1140724357202101
2021-03-03,Kern,029,883053.0,160914,6213,70508,2918,90329,3291,33,2,56118,4016,108334,4016,52216,2180,0.0635499794463073,0.1226811980707839,0.0591312186244766
2021-03-03,Kings,031,150075.0,22915,800,6341,342,16558,456,3,1,9163,548,16063,549,6900,250,0.0610561385973679,0.1070331500916208,0.0459770114942528
2021-03-03,Lake,033,64148.0,18368,382,5411,204,12955,178,2,0,5954,151,12149,151,6195,231,0.092816611585708,0.1893901602544116,0.0965735486687036
2021-03-03,Lassen,035,31185.0,4172,139,952,7,3213,130,0,0,938,86,2545,86,1607,51,0.0300785634118967,0.0816097482764149,0.0515311848645182
2021-03-03,Los Angeles,037,10098052.0,2737184,91425,1408580,46223,1327197,45130,552,36,795980,56406,1763428,56463,967448,34736,0.0788251040893827,0.1746305128949623,0.0958054088055795
2021-03-03,Madera,039,155013.0,32252,1392,13699,736,18533,655,5,0,13139,971,22527,971,9388,415,0.0847606329791694,0.1453232954655416,0.0605626624863721
2021-03-03,Marin,041,260295.0,109497,4555,60874,2528,48608,2024,12,3,39897,2941,74639,2945,34742,1610,0.1532760905895234,0.2867477285387733,0.1334716379492498
2021-03-03,Mariposa,043,17540.0,4398,72,805,4,3580,67,2,1,2533,60,3446,61,913,11,0.1444127708095781,0.1964652223489167,0.0520524515393386
2021-03-03,Mendocino,045,87422.0,38893,2088,20017,1403,18870,685,3,0,14533,1391,26640,1391,12107,692,0.1662396193177918,0.3047287868042369,0.138489167486445
2021-03-03,Merced,047,269075.0,50321,2600,28623,2051,21303,538,27,1,20393,1488,34468,1499,14075,1058,0.075789278082319,0.1280981139087615,0.0523088358264424
2021-03-03,Modoc,049,8938.0,2973,16,370,8,2602,8,0,0,503,4,1738,4,1235,12,0.0562765719400313,0.1944506601029313,0.1381740881628999
2021-03-03,Mono,051,14174.0,7666,113,5785,3,1861,110,1,0,717,105,4177,106,3460,8,0.0505855792295752,0.2946945110766191,0.2441089318470438
2021-03-03,Monterey,053,433212.0,93596,3453,45265,1292,48097,2146,11,1,31917,1419,62582,1421,30665,2016,0.0736752444530622,0.1444604489256992,0.0707852044726369
2021-03-03,Napa,055,140530.0,58873,1628,25644,706,33220,921,4,0,16086,1421,37468,1421,21382,204,0.1144666619227211,0.2666192272112716,0.1521525652885504
2021-03-03,Nevada,057,99092.0,31951,1113,17005,559,14943,552,2,2,13080,569,22497,571,9417,541,0.1319985468049893,0.2270314455253703,0.095032898720381
2021-03-03,Orange,059,3164182.0,916152,23043,490858,10952,424335,12070,253,10,234011,12311,573994,12338,339983,10643,0.0739562389268379,0.1814035981495375,0.1074473592226995
2021-03-03,Placer,061,380077.0,137984,3589,76487,1571,61480,2017,13,1,38995,1911,88382,1914,49387,1662,0.1025976315325578,0.2325370911683685,0.1299394596358106
2021-03-03,Plumas,063,18699.0,4613,177,740,14,3859,163,4,0,2016,159,3307,159,1291,18,0.1078132520455639,0.1768543772394245,0.0690411251938606
2021-03-03,Riverside,065,2383286.0,580948,17952,304370,8883,276283,9053,74,4,203745,7741,391847,7776,188102,10144,0.0854891104131019,0.1644145939681599,0.078925483555058
2021-03-03,Sacramento,067,1510023.0,392254,11767,212822,5436,179356,6327,48,3,139202,6996,265265,7001,126063,4754,0.0921853508191597,0.1756695096697202,0.0834841588505605
2021-03-03,San Benito,069,59416.0,12829,448,3284,75,9514,372,1,0,4974,257,8878,257,3904,187,0.0837148242897536,0.149421031372021,0.0657062070822674
2021-03-03,San Bernardino,071,2135413.0,444121,13974,245148,7265,198853,6705,54,3,144797,6524,294135,6533,149338,7424,0.0678074920401814,0.1377415048049253,0.0699340127647438
2021-03-03,San Diego,073,3302833.0,1095488,34779,508815,16461,585911,18286,402,20,336377,13978,718095,15224,381718,20186,0.1018449918600183,0.2174178954854817,0.1155729036254633
2021-03-03,San Francisco,075,870044.0,306908,12435,172948,7199,133861,5230,46,1,102106,6698,204370,6699,102264,5715,0.1173572830799361,0.2348961661709063,0.1175388830909701
2021-03-03,San Joaquin,077,732212.0,165925,6440,82819,3742,83068,2695,19,2,58634,4585,109597,4587,50963,1765,0.0800779009357945,0.1496793278449411,0.0696014269091465
2021-03-03,San Luis Obispo,079,281455.0,82766,2482,39971,406,42738,2072,16,1,25292,917,53970,920,28678,1555,0.0898616119806008,0.1917535662894601,0.1018919543088593
2021-03-03,San Mateo,081,765935.0,269146,9206,143508,4238,125514,4957,49,2,96257,3807,182470,3809,86213,5376,0.1256725440148315,0.2382317037346511,0.1125591597198195
2021-03-03,Santa Barbara,083,443738.0,115592,4836,57719,2237,57780,2596,21,2,33595,4179,74471,4184,40876,646,0.0757090895979158,0.1678265102380233,0.0921174206401074
2021-03-03,Santa Clara,085,1922200.0,553310,20847,276995,10367,275796,10385,109,8,183678,12785,367830,12793,184152,7916,0.0955561335969202,0.1913588596399958,0.0958027260430756
2021-03-03,Santa Cruz,087,273765.0,94697,2315,30996,616,63684,1699,8,0,32195,1184,63389,1184,31194,1129,0.1176008620532208,0.231545303453692,0.1139444414004712
2021-03-03,Shasta,089,179085.0,42661,720,18694,198,23953,522,1,0,13568,254,28095,254,14527,466,0.0757629058826814,0.1568808107881732,0.0811179049054918
2021-03-03,Sierra,091,2930.0,1273,0,92,0,1181,0,0,0,450,0,860,0,410,0,0.1535836177474402,0.2935153583617747,0.1399317406143344
2021-03-03,Siskiyou,093,43540.0,12725,360,3831,15,8882,344,2,0,4053,157,8382,157,4329,201,0.0930868167202572,0.1925126320624713,0.099425815342214
2021-03-03,Solano,095,438530.0,127870,2419,65381,1337,62471,1080,7,1,46461,1465,87074,1467,40613,942,0.1059471415866645,0.198558821517342,0.0926116799306775
2021-03-03,Sonoma,097,501317.0,186301,5325,92911,2720,93330,2605,43,0,71907,2392,128936,2393,57029,2923,0.1434361890779686,0.2571945495564682,0.1137583604784996
2021-03-03,Stanislaus,099,539301.0,119718,3760,59495,2212,60071,1540,45,4,40297,2866,78155,2871,37858,840,0.0747207959933321,0.144919071168049,0.0701982751747169
2021-03-03,Sutter,101,95872.0,24009,1474,8321,538,15688,936,0,0,8370,652,16159,652,7789,813,0.0873039052069425,0.1685476468624833,0.0812437416555407
2021-03-03,Tehama,103,63373.0,12256,221,2324,44,9927,177,1,0,2824,69,7528,69,4704,152,0.0445615640730279,0.1187887586196014,0.0742271945465734
2021-03-03,Trinity,105,12862.0,2489,8,401,2,2085,6,1,0,1670,5,2080,5,410,3,0.1298398382833152,0.1617166848079614,0.0318768465246462
2021-03-03,Tulare,107,460477.0,91079,4163,43746,2758,47304,1404,14,1,33543,2166,62241,2167,28698,1990,0.072844029126319,0.1351663601005044,0.0623223309741854
2021-03-03,Tuolumne,109,53932.0,17558,111,5431,24,12122,87,3,0,6445,61,11867,61,5422,47,0.1195023362753096,0.2200363420603723,0.1005340057850626
2021-03-03,Ventura,111,848112.0,247739,8982,125660,4038,121934,4933,29,3,96433,6256,171900,6264,75467,2707,0.1137031429811157,0.2026854943686682,0.0889823513875525
2021-03-03,Yolo,113,214977.0,68382,1936,30693,689,37686,1246,1,1,24486,890,46393,891,21907,1045,0.1139005568037511,0.2158044814096391,0.101903924605888
2021-03-03,Yuba,115,75493.0,12122,663,3675,168,8441,494,3,1,4367,188,8232,189,3865,474,0.0578464228471513,0.1090432225504351,0.0511967997032837
2021-03-02,Alameda,001,1643700.0,492742,15822,291272,11267,201290,4540,73,4,198778,10214,345366,10219,146588,5572,0.1209332603273103,0.2101149844862201,0.0891817241589097
2021-03-02,Alpine,003,1148.0,559,0,22,0,537,0,0,0,109,0,331,0,222,0,0.0949477351916376,0.2883275261324042,0.1933797909407665
2021-03-02,Amador,005,37829.0,12459,416,4079,78,8379,338,1,0,5149,345,8532,345,3383,69,0.1361125062782521,0.2255412514208676,0.0894287451426154
2021-03-02,Butte,007,227075.0,63586,1848,27108,213,36460,1635,16,0,15424,315,39468,316,24044,1529,0.0679246944842012,0.1738104150611031,0.1058857205769019
2021-03-02,Calaveras,009,45235.0,13002,312,3340,120,9660,192,2,0,5606,241,9161,243,3555,63,0.1239305847242179,0.2025201724328506,0.0785895877086327
2021-03-02,Colusa,011,21464.0,4172,58,1183,14,2986,44,3,0,2052,27,3110,27,1058,30,0.0956019381289601,0.1448937756243011,0.049291837495341
2021-03-02,Contra Costa,013,1133247.0,385214,11475,222438,7388,162682,4082,47,1,126722,6168,255745,6171,129023,5289,0.1118220476206864,0.2256745440314424,0.113852496410756
2021-03-02,Del Norte,015,27424.0,5030,231,1958,151,3057,79,14,1,1857,196,3443,197,1586,35,0.0677144107351225,0.1255469661610268,0.0578325554259043
2021-03-02,El Dorado,017,186661.0,58317,1011,28570,324,29736,685,7,1,19109,530,38660,531,19551,479,0.1023727506013575,0.2071134302291319,0.1047406796277744
2021-03-02,Fresno,019,978130.0,219478,10115,103316,3476,116085,6637,17,1,87422,8631,152997,8634,65575,1450,0.0893766677231042,0.1564178585668571,0.0670411908437528
2021-03-02,Glenn,021,27897.0,6145,41,2079,10,4056,31,3,0,2077,22,4106,22,2029,19,0.0744524500842384,0.1471842850485715,0.072731834964333
2021-03-02,Humboldt,023,135768.0,40900,333,18864,52,21986,278,3,0,11230,169,26024,170,14794,162,0.0827146308408461,0.1916799245772199,0.1089652937363738
2021-03-02,Imperial,025,180216.0,35390,881,17621,340,17749,540,15,1,14620,490,25004,495,10384,389,0.0811248723753717,0.138744617570027,0.0576197451946553
2021-03-02,Inyo,027,18085.0,6668,210,2977,1,3627,209,0,0,2582,120,4593,120,2011,90,0.1427702515897152,0.253967376278684,0.1111971246889687
2021-03-02,Kern,029,883053.0,154701,4660,67590,1445,87038,3208,31,5,54282,3013,104318,3016,50036,1628,0.0614708290442363,0.1181333396749685,0.0566625106307322
2021-03-02,Kings,031,150075.0,22115,623,5999,264,16102,359,2,0,8864,541,15514,541,6650,80,0.059063801432617,0.1033749791770781,0.0443111777444611
2021-03-02,Lake,033,64148.0,17986,762,5207,19,12777,743,2,0,6034,282,11998,282,5964,478,0.0940637276298559,0.1870362287210825,0.0929725010912265
2021-03-02,Lassen,035,31185.0,4033,99,945,4,3083,95,0,0,903,79,2459,79,1556,20,0.0289562289562289,0.0788520121853455,0.0498957832291165
2021-03-02,Los Angeles,037,10098052.0,2645759,84094,1362357,40178,1282067,43875,516,20,774253,51197,1706965,51242,932712,32631,0.0766735009881113,0.1690390384204795,0.0923655374323681
2021-03-02,Madera,039,155013.0,30860,809,12963,369,17878,439,5,1,12583,682,21556,683,8973,124,0.081173837033023,0.1390593047034765,0.0578854676704534
2021-03-02,Marin,041,260295.0,104942,2775,58346,1798,46584,976,9,1,38562,1818,71694,1818,33132,953,0.1481472944159511,0.2754336425978217,0.1272863481818705
2021-03-02,Mariposa,043,17540.0,4326,19,801,12,3513,7,1,0,2483,9,3385,9,902,10,0.1415621436716077,0.1929874572405929,0.0514253135689851
2021-03-02,Mendocino,045,87422.0,36805,101,18614,35,18185,66,3,0,13834,54,25249,54,11415,47,0.1582439202946626,0.2888174601358925,0.1305735398412299
2021-03-02,Merced,047,269075.0,47721,1977,26572,1094,20765,870,26,1,19952,1419,32969,1432,13017,523,0.0741503298336895,0.1225271764377961,0.0483768466041066
2021-03-02,Modoc,049,8938.0,2957,198,362,11,2594,187,0,0,511,23,1734,23,1223,175,0.0571716267621391,0.1940031326918773,0.1368315059297382
2021-03-02,Mono,051,14174.0,7553,13,5782,7,1751,5,1,0,619,10,4071,10,3452,2,0.0436715112177225,0.2872160293495132,0.2435445181317906
2021-03-02,Monterey,053,433212.0,90143,3135,43973,1884,45951,1239,10,0,32512,2127,61161,2127,28649,991,0.075048705945357,0.1411802997146893,0.0661315937693323
2021-03-02,Napa,055,140530.0,57245,1584,24938,1092,32299,492,4,0,14869,1203,36047,1204,21178,377,0.1058065893403543,0.2565075072938163,0.1507009179534618
2021-03-02,Nevada,057,99092.0,30838,855,16446,355,14391,500,0,0,13050,557,21926,557,8876,297,0.1316957978444274,0.2212691236426754,0.089573325798248
2021-03-02,Orange,059,3164182.0,893109,23139,479906,11196,412265,11931,243,5,232316,10328,561656,10355,329340,12739,0.0734205554547747,0.1775043281328318,0.104083772678057
2021-03-02,Placer,061,380077.0,134395,3088,74916,1881,59463,1207,12,0,38743,1965,86468,1966,47725,1116,0.1019346079873288,0.2275012694796054,0.1255666614922765
2021-03-02,Plumas,063,18699.0,4436,24,726,3,3696,20,4,0,1875,14,3148,14,1273,9,0.1002727418578533,0.1683512487298786,0.0680785068720252
2021-03-02,Riverside,065,2383286.0,562996,16480,295487,7978,267230,8487,70,5,206113,9481,384071,9511,177958,6950,0.0864826965794285,0.1611518718273845,0.0746691752479559
2021-03-02,Sacramento,067,1510023.0,380487,10029,207386,4551,173029,5476,45,1,136955,5968,258264,5971,121309,4050,0.0906972940147269,0.1710331564486104,0.0803358624338834
2021-03-02,San Benito,069,59416.0,12381,322,3209,106,9142,214,1,0,4904,232,8621,232,3717,88,0.0825366904537498,0.14509559714555,0.0625589066918001
2021-03-02,San Bernardino,071,2135413.0,430147,14597,237883,5866,192148,8729,51,1,145688,6629,287602,6636,141914,7935,0.0682247415371171,0.134682143454217,0.0664574019170998
2021-03-02,San Diego,073,3302833.0,1060709,27150,492354,14608,567625,12519,382,14,341339,12850,702871,13865,361532,13897,0.1033473384818427,0.2128085192318231,0.1094611807499804
2021-03-02,San Francisco,075,870044.0,294473,12204,165749,7991,128631,4208,45,2,101122,6779,197671,6781,96549,5409,0.1162263057960287,0.2271965555764996,0.1109702497804708
2021-03-02,San Joaquin,077,732212.0,159485,4912,79077,1890,80373,3022,17,0,55812,3070,105010,3072,49198,1780,0.0762238258864918,0.1434147487339732,0.0671909228474813
2021-03-02,San Luis Obispo,079,281455.0,80284,3162,39565,1966,40666,1196,15,0,25927,1961,53050,1961,27123,1196,0.092117745287879,0.1884848377182853,0.0963670924304062
2021-03-02,San Mateo,081,765935.0,259940,6793,139270,4803,120557,1987,47,1,97824,3792,178661,3793,80837,2976,0.1277184095256124,0.2332586968868115,0.105540287361199
2021-03-02,Santa Barbara,083,443738.0,110756,2795,55482,490,55184,2302,19,1,30057,2254,70287,2255,40230,528,0.0677359162388616,0.1583975228625901,0.0906616066237284
2021-03-02,Santa Clara,085,1922200.0,532463,18980,266628,10959,265411,7937,101,7,178801,12002,355037,12011,176236,6856,0.0930189366351056,0.1847034647799396,0.091684528144834
2021-03-02,Santa Cruz,087,273765.0,92382,1599,30380,408,61985,1191,8,0,32140,867,62205,869,30065,730,0.1173999598195532,0.2272204262780121,0.1098204664584589
2021-03-02,Shasta,089,179085.0,41941,1040,18496,482,23431,558,1,0,13780,329,27841,329,14061,710,0.0769467012870983,0.1554624898791076,0.0785157885920093
2021-03-02,Sierra,091,2930.0,1273,55,92,0,1181,55,0,0,450,37,860,37,410,18,0.1535836177474402,0.2935153583617747,0.1399317406143344
2021-03-02,Siskiyou,093,43540.0,12365,213,3816,2,8538,211,2,0,4097,76,8225,76,4128,137,0.0940973817179604,0.1889067524115755,0.094809370693615
2021-03-02,Solano,095,438530.0,125451,2796,64044,1552,61391,1243,6,0,45936,1410,85607,1410,39671,1380,0.1047499600939502,0.1952135543748432,0.0904635942808929
2021-03-02,Sonoma,097,501317.0,180976,4799,90191,1711,90725,3081,43,4,72437,2704,126543,2709,54106,2081,0.1444934043728818,0.2524211227626432,0.1079277183897613
2021-03-02,Stanislaus,099,539301.0,115958,2550,57283,1505,58531,1043,41,2,38266,1733,75284,1737,37018,781,0.0709548100226033,0.1395955134516717,0.0686407034290683
2021-03-02,Sutter,101,95872.0,22535,367,7783,63,14752,304,0,0,8531,177,15507,177,6976,190,0.0889832276368491,0.1617469125500667,0.0727636849132176
2021-03-02,Tehama,103,63373.0,12035,194,2280,22,9750,172,1,0,2907,39,7459,39,4552,154,0.0458712700992536,0.1176999668628595,0.0718286967636059
2021-03-02,Trinity,105,12862.0,2481,9,399,3,2079,6,1,0,1668,2,2075,2,407,7,0.1296843414709998,0.161327942777173,0.0316436013061732
2021-03-02,Tulare,107,460477.0,86916,2943,40988,1316,45900,1627,13,0,33366,2709,60074,2709,26708,231,0.0724596451071389,0.1304603704419547,0.0580007253348158
2021-03-02,Tuolumne,109,53932.0,17447,729,5407,86,12035,643,3,0,6431,121,11806,121,5375,596,0.119242750129793,0.2189052881406215,0.0996625380108284
2021-03-02,Ventura,111,848112.0,238757,8051,121622,4200,117001,3840,26,3,92876,5588,165636,5590,72760,2438,0.1095091214367913,0.1952996774010979,0.0857905559643066
2021-03-02,Yolo,113,214977.0,66446,1620,30004,811,36440,809,0,0,24640,1026,45502,1026,20862,590,0.1146169125069193,0.2116598519841657,0.0970429394772464
2021-03-02,Yuba,115,75493.0,11459,194,3507,52,7947,142,2,0,4652,98,8043,98,3391,96,0.0616216073013392,0.1065396791755527,0.0449180718742135
2021-03-01,Alameda,001,1643700.0,476920,14583,280005,10006,196750,4542,69,22,194131,8859,335147,8884,141016,5662,0.1181061020867555,0.2038979132445093,0.0857918111577538
2021-03-01,Alpine,003,1148.0,559,35,22,0,537,35,0,0,109,26,331,26,222,8,0.0949477351916376,0.2883275261324042,0.1933797909407665
2021-03-01,Amador,005,37829.0,12043,225,4001,78,8041,147,1,0,4873,137,8187,137,3314,86,0.1288165164291945,0.2164212641095456,0.087604747680351
2021-03-01,Butte,007,227075.0,61738,1750,26895,222,34825,1518,16,10,16637,375,39152,385,22515,1369,0.0732665418914455,0.172418804359793,0.0991522624683474
2021-03-01,Calaveras,009,45235.0,12690,305,3220,57,9468,247,2,1,5426,180,8918,181,3492,109,0.1199513650934011,0.1971482259312479,0.0771968608378468
2021-03-01,Colusa,011,21464.0,4114,50,1169,17,2942,33,3,0,2055,31,3083,31,1028,19,0.0957417070443533,0.1436358553857622,0.0478941483414088
2021-03-01,Contra Costa,013,1133247.0,373739,9371,215050,7050,158600,2307,46,13,125840,5812,249574,5831,123734,3531,0.1110437530388344,0.2202291292189611,0.1091853761801266
2021-03-01,Del Norte,015,27424.0,4799,34,1807,5,2978,29,13,0,1695,9,3246,9,1551,24,0.0618071761960326,0.1183634772462077,0.056556301050175
2021-03-01,El Dorado,017,186661.0,57306,1243,28246,500,29051,741,6,2,19057,703,38129,705,19072,537,0.1020941707158967,0.2042687010141379,0.1021745302982412
2021-03-01,Fresno,019,978130.0,209363,5377,99840,1441,109448,3926,16,4,80238,3856,144363,3864,64125,1488,0.0820320407307822,0.1475908110373876,0.0655587703066054
2021-03-01,Glenn,021,27897.0,6104,30,2069,8,4025,21,3,1,2074,12,4084,13,2010,16,0.0743449116392443,0.1463956697852815,0.0720507581460372
2021-03-01,Humboldt,023,135768.0,40567,301,18812,56,21708,242,3,1,11222,213,25854,214,14632,85,0.0826557067939426,0.1904277885805197,0.1077720817865771
2021-03-01,Imperial,025,180216.0,34509,707,17281,410,17209,288,14,9,14514,583,24509,594,9995,116,0.0805366893061659,0.1359979136147734,0.0554612243086074
2021-03-01,Inyo,027,18085.0,6458,23,2976,3,3418,20,0,0,2552,17,4473,17,1921,6,0.1411114183024606,0.2473320431296654,0.1062206248272048
2021-03-01,Kern,029,883053.0,150041,4173,66145,1895,83830,2271,26,5,52894,2790,101302,2795,48408,1365,0.0598990094592283,0.1147179161386689,0.0548189066794405
2021-03-01,Kings,031,150075.0,21492,322,5735,94,15743,227,2,0,8403,233,14973,233,6570,87,0.055992003998001,0.0997701149425287,0.0437781109445277
2021-03-01,Lake,033,64148.0,17224,614,5188,64,12034,550,2,0,6230,448,11716,448,5486,165,0.0971191619380183,0.1826401446654611,0.0855209827274427
2021-03-01,Lassen,035,31185.0,3934,32,941,3,2988,29,0,0,844,10,2380,10,1536,20,0.0270642937309603,0.0763187429854096,0.0492544492544492
2021-03-01,Los Angeles,037,10098052.0,2561665,62544,1322179,35975,1238192,26403,496,107,755642,36682,1655723,36813,900081,25558,0.0748304722534603,0.1639645943593873,0.0891341221059269
2021-03-01,Madera,039,155013.0,30051,400,12594,125,17439,274,4,0,12024,210,20873,210,8849,186,0.0775676878713398,0.1346532226329404,0.0570855347616006
2021-03-01,Marin,041,260295.0,102167,2795,56548,1721,45608,1071,8,2,37697,1860,69876,1862,32179,926,0.1448241418390672,0.2684492594940356,0.1236251176549684
2021-03-01,Mariposa,043,17540.0,4307,92,789,26,3506,65,1,0,2484,20,3376,20,892,70,0.1416191562143671,0.1924743443557582,0.0508551881413911
2021-03-01,Mendocino,045,87422.0,36704,603,18579,545,18119,56,3,2,13827,554,25195,556,11368,45,0.1581638489167486,0.2881997666491272,0.1300359177323785
2021-03-01,Merced,047,269075.0,45744,1275,25478,327,19895,911,25,2,19043,840,31537,845,12494,382,0.0707720895661061,0.1172052401746724,0.0464331506085663
2021-03-01,Modoc,049,8938.0,2759,8,351,1,2407,7,0,0,663,2,1711,2,1048,6,0.0741776683821884,0.1914298500783173,0.1172521816961288
2021-03-01,Mono,051,14174.0,7540,7,5775,2,1746,5,1,0,611,4,4061,4,3450,3,0.0431070975024693,0.2865105122054466,0.2434034147029772
2021-03-01,Monterey,053,433212.0,87008,1526,42089,215,44712,1291,10,6,31376,884,59034,889,27658,619,0.0724264332474631,0.1362704634220658,0.0638440301746027
2021-03-01,Napa,055,140530.0,55661,1219,23846,893,31807,325,4,1,14042,925,34843,927,20801,290,0.0999217248985981,0.2479399416494698,0.1480182167508717
2021-03-01,Nevada,057,99092.0,29983,911,16091,486,13891,425,0,0,12790,404,21369,404,8579,501,0.1290719735195575,0.2156480846082428,0.0865761110886852
2021-03-01,Orange,059,3164182.0,869970,20866,468710,9610,400334,11193,238,41,234700,8209,551301,8261,316601,12533,0.0741739887275763,0.174231760372823,0.1000577716452467
2021-03-01,Placer,061,380077.0,131307,3359,73035,2210,58256,1148,12,1,37893,1700,84502,1701,46609,1654,0.0996982190450882,0.2223286334084935,0.1226304143634053
2021-03-01,Plumas,063,18699.0,4412,36,723,9,3676,24,4,1,1870,18,3134,19,1264,15,0.1000053478795657,0.1676025455906733,0.0675971977111075
2021-03-01,Riverside,065,2383286.0,546516,15209,287509,6442,258743,8725,65,18,203552,8870,374560,8910,171008,6241,0.0854081297838362,0.1571611632007237,0.0717530334168874
2021-03-01,Sacramento,067,1510023.0,370458,9103,202835,3830,167553,5266,44,7,135034,4939,252293,4947,117259,4137,0.089425127961627,0.1670789120430616,0.0776537840814345
2021-03-01,San Benito,069,59416.0,12059,261,3103,73,8928,187,1,0,4760,177,8389,177,3629,84,0.0801131008482563,0.1411909250033661,0.0610778241551097
2021-03-01,San Bernardino,071,2135413.0,415550,9049,232017,4654,183419,4381,50,10,146987,4035,280966,4054,133979,4990,0.0688330547767574,0.1315745478743456,0.0627414930975881
2021-03-01,San Diego,073,3302833.0,1033559,25774,477746,14954,555106,10767,368,42,341371,14947,689006,15727,347635,10196,0.1033570271339786,0.2086106079235613,0.1052535807895827
2021-03-01,San Francisco,075,870044.0,282269,12621,157758,8442,124423,4161,43,15,99750,6083,190890,6100,91140,6519,0.1146493740546455,0.2194026968751005,0.104753322820455
2021-03-01,San Joaquin,077,732212.0,154573,4800,77187,1951,77351,2842,17,5,54520,2573,101938,2580,47418,2120,0.0744593095988593,0.139219242514463,0.0647599329156036
2021-03-01,San Luis Obispo,079,281455.0,77122,3126,37599,1942,39470,1178,15,5,25162,2144,51089,2151,25927,975,0.0893997264216304,0.1815174717095095,0.092117745287879
2021-03-01,San Mateo,081,765935.0,253147,6402,134467,4054,118570,2336,46,7,97007,3163,174868,3170,77861,3224,0.1266517393773623,0.2283065795400393,0.101654840162677
2021-03-01,Santa Barbara,083,443738.0,107961,1850,54992,573,52882,1265,18,6,28330,1234,68032,1239,39702,595,0.0638439800062198,0.1533156952976756,0.0894717152914557
2021-03-01,Santa Clara,085,1922200.0,513483,15709,255669,8944,257474,6698,94,14,173646,9661,343026,9673,169380,5953,0.090337113723858,0.1784548954323171,0.088117781708459
2021-03-01,Santa Cruz,087,273765.0,90783,1905,29972,1260,60794,643,8,1,32001,692,61336,693,29335,1208,0.116892225083557,0.2240461709860647,0.1071539459025076
2021-03-01,Shasta,089,179085.0,40901,641,18014,73,22873,567,1,0,14161,309,27512,309,13351,331,0.0790741826506966,0.1536253734260267,0.0745511907753301
2021-03-01,Sierra,091,2930.0,1218,0,92,0,1126,0,0,0,431,0,823,0,392,0,0.147098976109215,0.2808873720136519,0.1337883959044368
2021-03-01,Siskiyou,093,43540.0,12152,303,3814,5,8327,298,2,0,4158,55,8149,55,3991,248,0.0954983922829582,0.1871612310519063,0.0916628387689481
2021-03-01,Solano,095,438530.0,122655,2985,62492,1300,60148,1684,6,1,45906,2259,84197,2260,38291,721,0.104681549722938,0.1919982669372676,0.0873167172143297
2021-03-01,Sonoma,097,501317.0,176177,4444,88480,1429,87644,3012,39,2,71809,2290,123834,2293,52025,2140,0.1432407039857016,0.2470173562835491,0.1037766522978474
2021-03-01,Stanislaus,099,539301.0,113408,3316,55778,1731,57488,1576,39,8,37310,1751,73547,1761,36237,1476,0.069182145035889,0.1363746775919199,0.0671925325560308
2021-03-01,Sutter,101,95872.0,22168,285,7720,71,14448,214,0,0,8544,172,15330,172,6786,113,0.0891188251001335,0.1599007009345794,0.0707818758344459
2021-03-01,Tehama,103,63373.0,11841,78,2258,13,9578,65,1,0,3022,36,7420,36,4398,42,0.0476859230271566,0.1170845628264402,0.0693986397992836
2021-03-01,Trinity,105,12862.0,2472,11,396,2,2073,9,1,0,1673,6,2073,6,400,5,0.1300730835017882,0.1611724459648577,0.0310993624630695
2021-03-01,Tulare,107,460477.0,83973,1891,39672,833,44273,1056,13,1,30888,1654,57365,1655,26477,228,0.0670782688386173,0.1245773404534862,0.0574990716148689
2021-03-01,Tuolumne,109,53932.0,16718,147,5321,22,11392,124,3,1,6906,93,11685,94,4779,50,0.1280501372098197,0.2166617221686568,0.088611584958837
2021-03-01,Ventura,111,848112.0,230706,7517,117422,3004,113161,4495,23,10,89724,4945,160046,4967,70322,2534,0.105792631161922,0.188708566793065,0.082915935631143
2021-03-01,Yolo,113,214977.0,64826,1205,29193,406,35631,799,0,0,24204,712,44476,712,20272,488,0.1125887885680793,0.2068872484033175,0.0942984598352381
2021-03-01,Yuba,115,75493.0,11265,178,3455,50,7805,128,2,0,4650,92,7945,92,3295,84,0.0615951147788536,0.1052415455737618,0.0436464307949081
2021-02-28,Alameda,001,1643700.0,462337,10461,269999,8714,192208,1743,47,2,190909,6595,326263,6599,135354,3850,0.1161458903692888,0.198493034008639,0.0823471436393502
2021-02-28,Alpine,003,1148.0,524,1,22,1,502,0,0,0,91,0,305,0,214,1,0.0792682926829268,0.2656794425087108,0.1864111498257839
2021-02-28,Amador,005,37829.0,11818,126,3923,55,7894,71,1,0,4822,64,8050,64,3228,62,0.1274683443918686,0.2127997039308467,0.085331359538978
2021-02-28,Butte,007,227075.0,59988,166,26673,26,33307,140,6,0,17621,150,38767,150,21146,15,0.0775999119233733,0.1707233292964879,0.0931234173731146
2021-02-28,Calaveras,009,45235.0,12385,110,3163,16,9221,94,1,0,5354,102,8737,102,3383,9,0.1183596772410743,0.1931468995247043,0.0747872222836299
2021-02-28,Colusa,011,21464.0,4064,30,1152,17,2909,13,3,0,2043,20,3052,20,1009,10,0.0951826313827804,0.1421915765933656,0.0470089452105851
2021-02-28,Contra Costa,013,1133247.0,364368,4635,208000,3851,156293,783,33,1,123540,3858,243743,3861,120203,774,0.1090141866689256,0.2150837372611619,0.1060695505922362
2021-02-28,Del Norte,015,27424.0,4765,3,1802,0,2949,3,13,0,1710,3,3237,3,1527,0,0.0623541423570595,0.1180352975495915,0.055681155192532
2021-02-28,El Dorado,017,186661.0,56063,1015,27746,263,28310,752,4,0,18889,529,37424,529,18535,486,0.1011941433936387,0.2004918006439481,0.0992976572503093
2021-02-28,Fresno,019,978130.0,203986,1756,98399,589,105522,1167,12,0,77862,1629,140499,1631,62637,115,0.0796029157678427,0.1436404158956375,0.0640375001277948
2021-02-28,Glenn,021,27897.0,6074,4,2061,2,4004,2,2,0,2077,2,4071,2,1994,1,0.0744524500842384,0.1459296698569738,0.0714772197727354
2021-02-28,Humboldt,023,135768.0,40266,143,18756,22,21466,121,2,0,11093,124,25640,124,14547,16,0.081705556537623,0.1888515703258499,0.1071460137882269
2021-02-28,Imperial,025,180216.0,33802,142,16871,112,16921,30,5,0,14036,109,23915,111,9879,31,0.0778843165978603,0.1327018688684689,0.0548175522706086
2021-02-28,Inyo,027,18085.0,6435,5,2973,2,3398,3,0,0,2541,1,4456,1,1915,4,0.1405031794304672,0.2463920376002212,0.1058888581697539
2021-02-28,Kern,029,883053.0,145868,982,64250,535,81559,445,21,1,51464,715,98507,716,47043,260,0.0582796276101207,0.1115527607063222,0.0532731330962014
2021-02-28,Kings,031,150075.0,21170,1485,5641,876,15516,608,2,0,8257,956,14740,957,6483,527,0.0550191570881226,0.0982175578877228,0.0431984007996001
2021-02-28,Lake,033,64148.0,16610,15,5124,6,11484,9,2,0,5947,10,11268,10,5321,5,0.0927074889318451,0.1756562948182328,0.0829488058863877
2021-02-28,Lassen,035,31185.0,3902,4,938,1,2959,3,0,0,854,1,2370,1,1516,3,0.027384960718294,0.075998075998076,0.0486131152797819
2021-02-28,Los Angeles,037,10098052.0,2499121,29329,1286204,20359,1211789,8960,389,3,744387,19770,1618910,19785,874523,9440,0.0737159008489954,0.1603190397514292,0.0866031389024338
2021-02-28,Madera,039,155013.0,29651,204,12469,32,17165,172,4,0,12000,197,20663,197,8663,6,0.0774128621470457,0.1332984975453671,0.0558856353983214
2021-02-28,Marin,041,260295.0,99372,1717,54827,976,44537,741,6,0,36761,1328,68014,1329,31253,384,0.1412282218252367,0.2612958374152404,0.1200676155900036
2021-02-28,Mariposa,043,17540.0,4215,6,763,2,3441,4,1,0,2534,5,3356,5,822,1,0.1444697833523375,0.1913340935005701,0.0468643101482326
2021-02-28,Mendocino,045,87422.0,36101,45,18034,19,18063,26,1,0,13316,27,24639,27,11323,18,0.1523186383290247,0.2818398114890988,0.1295211731600741
2021-02-28,Merced,047,269075.0,44469,350,25151,83,18984,265,23,2,18580,272,30692,274,12112,72,0.0690513797268419,0.1140648518071169,0.045013472080275
2021-02-28,Modoc,049,8938.0,2751,0,350,0,2400,0,0,0,667,0,1709,0,1042,0,0.0746251957932423,0.1912060863727903,0.116580890579548
2021-02-28,Mono,051,14174.0,7533,3,5773,0,1741,1,1,1,610,1,4057,2,3447,1,0.0430365457880626,0.2862283053478199,0.2431917595597573
2021-02-28,Monterey,053,433212.0,85482,1659,41874,99,43421,1556,4,1,31106,1128,58145,1131,27039,522,0.0718031818139848,0.1342183503688725,0.0624151685548876
2021-02-28,Napa,055,140530.0,54442,742,22953,621,31482,121,3,0,13405,616,33916,617,20511,123,0.0953888849356009,0.2413434853767878,0.1459546004411869
2021-02-28,Nevada,057,99092.0,29072,384,15605,241,13466,143,0,0,12887,162,20965,162,8078,221,0.1300508618253744,0.2115710652726758,0.0815202034473015
2021-02-28,Orange,059,3164182.0,849104,20523,459100,8020,389141,12500,197,0,238972,5225,543040,5239,304068,15191,0.0755241006996437,0.1716209750260889,0.0960968743264451
2021-02-28,Placer,061,380077.0,127948,1685,70825,922,57108,762,11,1,37846,790,82801,791,44955,889,0.0995745598918114,0.2178532244781978,0.1182786645863864
2021-02-28,Plumas,063,18699.0,4376,13,714,3,3652,10,3,0,1866,6,3115,6,1249,6,0.0997914326969356,0.1665864484731803,0.0667950157762447
2021-02-28,Riverside,065,2383286.0,531307,5300,281067,3442,250018,1856,47,0,200883,2571,365650,2581,164767,2715,0.0842882474029554,0.1534226274144186,0.0691343800114631
2021-02-28,Sacramento,067,1510023.0,361355,7166,199005,2769,162287,4397,37,0,134224,3268,247346,3271,113122,3889,0.0888887122911372,0.1638028030036628,0.0749140907125255
2021-02-28,San Benito,069,59416.0,11798,267,3030,37,8741,230,1,0,4667,245,8212,245,3545,18,0.0785478658947085,0.1382119294466137,0.0596640635519052
2021-02-28,San Bernardino,071,2135413.0,406501,1990,227363,885,179038,1104,40,1,147923,1201,276912,1202,128989,779,0.0692713774806091,0.1296760860779624,0.0604047085973533
2021-02-28,San Diego,073,3302833.0,1007785,15513,462792,10067,544339,5442,326,2,335840,9175,673279,9660,337439,5912,0.1016824041663626,0.2038489381691414,0.1021665340027788
2021-02-28,San Francisco,075,870044.0,269648,8636,149316,6244,120262,2390,28,1,100169,4132,184790,4134,84621,4493,0.1151309588940329,0.2123915572086009,0.097260598314568
2021-02-28,San Joaquin,077,732212.0,149773,3307,75236,1207,74509,2100,12,0,54060,2154,99358,2155,45298,1078,0.0738310762456774,0.1356956728379212,0.0618645965922437
2021-02-28,San Luis Obispo,079,281455.0,73996,618,35657,73,38292,542,10,0,23986,183,48938,183,24952,430,0.0852214385958679,0.1738750421914693,0.0886536035956014
2021-02-28,San Mateo,081,765935.0,246745,4640,130413,2881,116234,1758,39,0,97061,2764,171698,2765,74637,1866,0.1267222414434645,0.2241678471410759,0.0974456056976114
2021-02-28,Santa Barbara,083,443738.0,106111,1198,54419,250,51617,947,12,1,27686,981,66793,982,39107,214,0.0623926731539782,0.1505235071145585,0.0881308339605803
2021-02-28,Santa Clara,085,1922200.0,497774,5773,246725,3908,250776,1862,80,1,169926,2800,333353,2804,163427,2950,0.0884018312350431,0.1734226407241702,0.085020809489127
2021-02-28,Santa Cruz,087,273765.0,88878,1336,28712,370,60151,966,7,0,32516,500,60643,500,28127,832,0.1187734005442624,0.2215148028418534,0.102741402297591
2021-02-28,Shasta,089,179085.0,40260,165,17941,9,22306,156,1,0,14183,139,27203,139,13020,26,0.0791970293436077,0.1518999357846832,0.0727029064410754
2021-02-28,Sierra,091,2930.0,1218,1,92,1,1126,0,0,0,431,1,823,1,392,0,0.147098976109215,0.2808873720136519,0.1337883959044368
2021-02-28,Siskiyou,093,43540.0,11849,5,3809,4,8029,1,2,0,4351,2,8094,2,3743,3,0.0999310978410656,0.1858980248047772,0.0859669269637115
2021-02-28,Solano,095,438530.0,119670,1985,61192,1595,58464,389,5,1,44367,1639,81937,1641,37570,344,0.1011720976900098,0.1868446856543452,0.0856725879643354
2021-02-28,Sonoma,097,501317.0,171733,2640,87051,1947,84632,692,37,1,71656,760,121541,761,49885,1867,0.1429355078722644,0.2424434040736699,0.0995078962014055
2021-02-28,Stanislaus,099,539301.0,110092,890,54047,290,55912,599,31,0,37025,801,71786,801,34761,63,0.0686536831936154,0.1331093396822924,0.064455656488677
2021-02-28,Sutter,101,95872.0,21883,103,7649,49,14234,54,0,0,8485,79,15158,79,6673,24,0.0885034212283044,0.1581066421895861,0.0696032209612817
2021-02-28,Tehama,103,63373.0,11763,22,2245,2,9513,20,1,0,3028,18,7384,18,4356,4,0.0477806005712211,0.1165164975620532,0.068735896990832
2021-02-28,Trinity,105,12862.0,2461,1,394,1,2064,0,1,0,1672,1,2067,1,395,0,0.1299953350956305,0.1607059555279116,0.0307106204322811
2021-02-28,Tulare,107,460477.0,82082,1429,38839,1133,43217,296,12,0,29461,1398,55710,1398,26249,25,0.063979308412798,0.1209832412910959,0.0570039328782979
2021-02-28,Tuolumne,109,53932.0,16571,63,5299,8,11268,55,2,0,6862,57,11591,57,4729,4,0.1272342950381962,0.2149187866201883,0.0876844915819921
2021-02-28,Ventura,111,848112.0,223189,2683,114418,1741,108666,941,13,0,87291,2179,155079,2179,67788,497,0.1029239062765295,0.1828520289773048,0.0799281227007753
2021-02-28,Yolo,113,214977.0,63621,1878,28787,1563,34832,315,0,0,23980,709,43764,710,19784,1166,0.1115468166361983,0.2035752661912669,0.0920284495550686
2021-02-28,Yuba,115,75493.0,11087,78,3405,23,7677,55,2,0,4642,56,7853,56,3211,21,0.0614891446889115,0.1040228895394275,0.0425337448505159
2021-02-27,Alameda,001,1643700.0,451876,15700,261285,11508,190465,4190,45,2,188160,9591,319664,9599,131504,6087,0.1144734440591348,0.1944783111273346,0.0800048670681997
2021-02-27,Alpine,003,1148.0,523,0,21,0,502,0,0,0,92,0,305,0,213,0,0.0801393728222996,0.2656794425087108,0.1855400696864111
2021-02-27,Amador,005,37829.0,11692,331,3868,113,7823,218,1,0,4820,113,7986,113,3166,209,0.1274154749002088,0.2111078801977319,0.083692405297523
2021-02-27,Butte,007,227075.0,59822,269,26647,54,33167,215,6,0,17486,206,38617,206,21131,59,0.0770053946933832,0.1700627545964989,0.0930573599031157
2021-02-27,Calaveras,009,45235.0,12275,225,3147,24,9127,201,1,0,5261,196,8635,196,3374,28,0.1163037470984856,0.1908920084005747,0.074588261302089
2021-02-27,Colusa,011,21464.0,4034,60,1135,5,2896,55,3,0,2033,43,3032,43,999,16,0.0947167349981364,0.1412597838240775,0.0465430488259411
2021-02-27,Contra Costa,013,1133247.0,359733,7390,204149,4809,155510,2581,32,0,120453,4648,239882,4649,119429,2728,0.1062901556324437,0.2116767130201977,0.1053865573877539
2021-02-27,Del Norte,015,27424.0,4762,156,1802,148,2946,7,13,1,1707,147,3234,148,1527,9,0.0622447491248541,0.1179259043173862,0.055681155192532
2021-02-27,El Dorado,017,186661.0,55048,1801,27483,470,27558,1331,4,0,18846,1333,36895,1333,18049,466,0.1009637792575846,0.1976577860399333,0.0966940067823487
2021-02-27,Fresno,019,978130.0,202230,7643,97810,3322,104355,4320,12,1,76346,6830,138868,6834,62522,765,0.0780530195372803,0.1419729483810945,0.0639199288438142
2021-02-27,Glenn,021,27897.0,6070,15,2059,5,4002,10,2,0,2076,7,4069,7,1993,8,0.074416603935907,0.1458579775603111,0.071441373624404
2021-02-27,Humboldt,023,135768.0,40123,1844,18734,1179,21345,665,2,0,10985,946,25516,950,14531,896,0.0809100819044252,0.1879382475988451,0.1070281656944198
2021-02-27,Imperial,025,180216.0,33660,1151,16759,986,16891,165,5,0,13956,332,23804,336,9848,815,0.0774404048475163,0.1320859413148666,0.0546455364673502
2021-02-27,Inyo,027,18085.0,6430,17,2971,4,3395,13,0,0,2544,4,4455,4,1911,13,0.1406690627591927,0.2463367431573127,0.10566768039812
2021-02-27,Kern,029,883053.0,144886,4176,63715,2084,81114,2091,20,0,51008,2752,97791,2752,46783,1409,0.0577632373141815,0.1107419373469089,0.0529787000327273
2021-02-27,Kings,031,150075.0,19685,1596,4765,74,14908,1522,2,0,7827,600,13783,600,5956,993,0.0521539230384807,0.0918407462935199,0.0396868232550391
2021-02-27,Lake,033,64148.0,16595,409,5118,99,11475,310,2,0,5942,326,11258,326,5316,83,0.0926295441790858,0.1755004053127143,0.0828708611336284
2021-02-27,Lassen,035,31185.0,3898,8,937,8,2956,0,0,0,856,4,2369,4,1513,4,0.0274490941157607,0.0759660092993426,0.0485169151835818
2021-02-27,Los Angeles,037,10098052.0,2469792,66135,1265845,29197,1202829,36913,386,17,734042,32337,1599125,32372,865083,33600,0.0726914458352957,0.158359750969791,0.0856683051344952
2021-02-27,Madera,039,155013.0,29447,1029,12437,393,16993,636,4,0,11809,390,20466,390,8657,481,0.0761807074245385,0.1320276363917865,0.0558469289672479
2021-02-27,Marin,041,260295.0,97655,2806,53851,1657,43796,1149,6,0,35816,1937,66685,1938,30869,865,0.1375977256574271,0.2561900920109875,0.1185923663535603
2021-02-27,Mariposa,043,17540.0,4209,181,761,8,3437,173,1,0,2530,170,3351,170,821,12,0.1442417331812998,0.1910490307867731,0.0468072976054732
2021-02-27,Mendocino,045,87422.0,36056,206,18015,146,18037,60,1,0,13307,81,24612,81,11305,124,0.1522156894145638,0.2815309647457162,0.1293152753311523
2021-02-27,Merced,047,269075.0,44119,2817,25068,1296,18719,1516,21,0,18378,2474,30418,2475,12040,313,0.0683006596673789,0.1130465483601226,0.0447458886927436
2021-02-27,Modoc,049,8938.0,2751,1,350,1,2400,0,0,0,667,1,1709,1,1042,0,0.0746251957932423,0.1912060863727903,0.116580890579548
2021-02-27,Mono,051,14174.0,7530,126,5773,123,1740,3,0,0,609,2,4055,2,3446,123,0.0429659940736559,0.2860872019190066,0.2431212078453506
2021-02-27,Monterey,053,433212.0,83823,1174,41775,240,41865,931,3,0,30497,907,57014,907,26517,258,0.0703974035806949,0.1316076193641912,0.0612102157834963
2021-02-27,Napa,055,140530.0,53700,1215,22332,450,31361,765,3,0,12911,939,33299,939,20388,273,0.0918736212908275,0.2369529637799758,0.1450793424891482
2021-02-27,Nevada,057,99092.0,28688,502,15364,134,13323,368,0,0,12946,219,20803,219,7857,283,0.1306462681144794,0.2099362208856416,0.0792899527711621
2021-02-27,Orange,059,3164182.0,828581,27129,451080,11046,376641,16068,197,14,248924,7912,537801,7938,288877,19123,0.0786693053686545,0.1699652548431158,0.0912959494744613
2021-02-27,Placer,061,380077.0,126263,3037,69903,1622,56346,1414,10,0,37944,1542,82010,1543,44066,1486,0.0998324023816226,0.2157720672390068,0.1159396648573841
2021-02-27,Plumas,063,18699.0,4363,47,711,6,3642,41,3,0,1866,38,3109,38,1243,9,0.0997914326969356,0.1662655756992352,0.0664741430022995
2021-02-27,Riverside,065,2383286.0,526007,12882,277625,5982,248162,6898,47,0,201017,5995,363069,6004,162052,6842,0.0843444722958134,0.1523396688437728,0.0679951965479594
2021-02-27,Sacramento,067,1510023.0,354189,11597,196236,7085,157890,4505,37,3,134842,8531,244075,8535,109233,3039,0.0892979775804739,0.16163661083308,0.072338633252606
2021-02-27,San Benito,069,59416.0,11531,122,2993,49,8511,72,1,0,4440,98,7967,98,3527,23,0.0747273461693819,0.1340884610206005,0.0593611148512185
2021-02-27,San Bernardino,071,2135413.0,404511,7022,226478,3909,177934,3109,39,2,147500,4943,275710,4947,128210,2063,0.0690732893355992,0.1291131973065631,0.0600399079709639
2021-02-27,San Diego,073,3302833.0,992272,21364,452725,9671,538897,11685,324,4,332092,10930,663619,11499,331527,10099,0.1005476207849443,0.200924176305614,0.1003765555206696
2021-02-27,San Francisco,075,870044.0,261012,10172,143072,6582,117872,3589,27,1,100528,4928,180656,4931,80128,5227,0.1155435817039138,0.2076400733755994,0.0920964916716855
2021-02-27,San Joaquin,077,732212.0,146466,5858,74029,1821,72409,4036,12,1,52983,2774,97203,2778,44220,2945,0.0723601907644234,0.1327525361507323,0.0603923453863088
2021-02-27,San Luis Obispo,079,281455.0,73378,641,35584,385,37750,255,10,0,24233,569,48755,569,24522,70,0.0860990211579115,0.1732248494430726,0.087125828285161
2021-02-27,San Mateo,081,765935.0,242105,7318,127532,3775,114476,3540,39,0,96162,3903,168933,3908,72771,3397,0.1255485126022443,0.2205578802378792,0.0950093676356348
2021-02-27,Santa Barbara,083,443738.0,104913,1804,54169,617,50670,1187,11,0,26918,963,65811,964,38893,842,0.060661922125218,0.1483104895230969,0.0876485673978789
2021-02-27,Santa Clara,085,1922200.0,492001,8852,242817,6174,248914,2673,79,1,170072,4912,330549,4918,160477,3907,0.0884777858703568,0.1719638955363645,0.0834861096660077
2021-02-27,Santa Cruz,087,273765.0,87542,2666,28342,926,59185,1739,7,1,32848,1256,60143,1257,27295,1409,0.1199861194820375,0.219688418899421,0.0997022994173835
2021-02-27,Shasta,089,179085.0,40095,866,17932,80,22150,786,1,0,14070,248,27064,248,12994,614,0.0785660440572912,0.151123768043108,0.0725577239858168
2021-02-27,Sierra,091,2930.0,1217,0,91,0,1126,0,0,0,430,0,822,0,392,0,0.1467576791808873,0.2805460750853242,0.1337883959044368
2021-02-27,Siskiyou,093,43540.0,11844,36,3805,8,8028,28,2,0,4352,29,8092,29,3740,7,0.0999540652273771,0.1858520900321543,0.0858980248047772
2021-02-27,Solano,095,438530.0,117685,4116,59597,1593,58075,2522,4,1,43070,3303,80296,3305,37226,807,0.0982144893165803,0.1831026383599753,0.0848881490433949
2021-02-27,Sonoma,097,501317.0,169093,4426,85104,2063,83940,2363,36,0,72762,2914,120780,2914,48018,1505,0.1451416967707059,0.2409254024898417,0.0957837057191358
2021-02-27,Stanislaus,099,539301.0,109202,2261,53757,785,55313,1475,31,1,36287,1747,70985,1748,34698,341,0.0672852451599385,0.1316240837676918,0.0643388386077533
2021-02-27,Sutter,101,95872.0,21780,920,7600,53,14180,867,0,0,8430,742,15079,742,6649,176,0.0879297396528705,0.157282626835781,0.0693528871829105
2021-02-27,Tehama,103,63373.0,11741,335,2243,7,9493,328,1,0,3014,43,7366,43,4352,292,0.0475596863017373,0.1162324649298597,0.0686727786281223
2021-02-27,Trinity,105,12862.0,2460,12,393,8,2064,4,1,0,1671,4,2066,4,395,8,0.1299175866894728,0.160628207121754,0.0307106204322811
2021-02-27,Tulare,107,460477.0,80653,3217,37706,1619,42921,1596,12,0,28088,3055,54312,3055,26224,150,0.0609976176877455,0.1179472590379106,0.0569496413501651
2021-02-27,Tuolumne,109,53932.0,16508,988,5291,590,11213,398,2,0,6809,261,11534,263,4725,710,0.1262515760587406,0.2138619001705851,0.0876103241118445
2021-02-27,Ventura,111,848112.0,220506,11023,112677,5509,107725,5513,13,0,85609,8252,152900,8261,67291,2752,0.1009406776463485,0.1802827928386816,0.079342115192333
2021-02-27,Yolo,113,214977.0,61743,1819,27224,837,34517,982,0,0,24436,1328,43054,1328,18618,491,0.1136679737832419,0.2002725873000367,0.0866046135167948
2021-02-27,Yuba,115,75493.0,11009,476,3382,58,7622,418,2,0,4607,389,7797,389,3190,87,0.0610255255454148,0.1032810989098327,0.0422555733644178
2021-02-26,Alameda,001,1643700.0,436176,19184,249777,11103,186275,8078,43,1,184648,12029,310065,12033,125417,7105,0.1123368011194256,0.1886384376711078,0.0763016365516821
2021-02-26,Alpine,003,1148.0,523,29,21,1,502,28,0,0,92,28,305,28,213,1,0.0801393728222996,0.2656794425087108,0.1855400696864111
2021-02-26,Amador,005,37829.0,11361,667,3755,88,7605,579,1,0,4916,521,7873,521,2957,136,0.129953210499881,0.208120753918951,0.07816754341907
2021-02-26,Butte,007,227075.0,59553,990,26593,323,32952,667,6,0,17339,425,38411,425,21072,560,0.076358031487394,0.1691555653418474,0.0927975338544533
2021-02-26,Calaveras,009,45235.0,12050,847,3123,56,8926,791,1,0,5093,408,8439,408,3346,419,0.1125898087763899,0.1865590803581297,0.0739692715817398
2021-02-26,Colusa,011,21464.0,3974,104,1130,15,2841,89,3,0,2006,55,2989,55,983,49,0.0934588147595974,0.1392564293701081,0.0457976146105106
2021-02-26,Contra Costa,013,1133247.0,352343,11837,199340,7461,152929,4375,32,0,118532,5946,235233,5947,116701,5868,0.1045950265034895,0.2075743416924995,0.1029793151890099
2021-02-26,Del Norte,015,27424.0,4606,219,1654,179,2939,40,12,0,1568,171,3086,171,1518,48,0.0571761960326721,0.1125291715285881,0.0553529754959159
2021-02-26,El Dorado,017,186661.0,53247,2539,27013,1574,26227,964,4,0,17979,1686,35562,1686,17583,848,0.0963189953980745,0.1905164978222553,0.0941975024241807
2021-02-26,Fresno,019,978130.0,194587,9416,94488,3867,100035,5537,11,0,70277,7962,132034,7966,61757,1406,0.071848322820075,0.1349861470356701,0.063137824215595
2021-02-26,Glenn,021,27897.0,6055,301,2054,22,3992,279,2,0,2077,20,4062,20,1985,281,0.0744524500842384,0.1456070545219916,0.0711546044377531
2021-02-26,Humboldt,023,135768.0,38279,2300,17555,116,20680,2184,2,0,10931,449,24566,451,13635,1849,0.0805123445878262,0.1809410170290495,0.1004286724412232
2021-02-26,Imperial,025,180216.0,32509,2467,15773,1453,16726,1012,5,1,14435,1903,23468,1907,9033,553,0.0800983264527012,0.1302215119634216,0.0501231855107204
2021-02-26,Inyo,027,18085.0,6413,93,2967,48,3382,44,0,0,2553,19,4451,19,1898,73,0.1411667127453691,0.2461155653856787,0.1049488526403096
2021-02-26,Kern,029,883053.0,140710,7260,61631,3703,79023,3551,20,2,49665,4567,95039,4569,45374,2677,0.0562423772978518,0.1076254766135215,0.0513830993156696
2021-02-26,Kings,031,150075.0,18089,1060,4691,150,13386,909,2,0,8220,943,13183,943,4963,116,0.0547726136931534,0.0878427452940196,0.0330701316008662
2021-02-26,Lake,033,64148.0,16186,1049,5019,316,11165,733,2,0,5699,354,10932,354,5233,691,0.0888414291949866,0.1704184074328116,0.081576978237825
2021-02-26,Lassen,035,31185.0,3890,69,929,17,2956,52,0,0,856,39,2365,39,1509,30,0.0274490941157607,0.0758377425044091,0.0483886483886483
2021-02-26,Los Angeles,037,10098052.0,2403657,90464,1236648,41985,1165916,48447,369,8,735270,49134,1566753,49173,831483,40984,0.0728130534483284,0.1551539841545676,0.0823409307062391
2021-02-26,Madera,039,155013.0,28418,1129,12044,217,16357,910,4,0,11900,716,20076,716,8176,405,0.076767754962487,0.1295117183720075,0.0527439634095204
2021-02-26,Marin,041,260295.0,94849,3835,52194,2086,42647,1749,6,0,34743,2757,64747,2758,30004,1071,0.1334754797441364,0.2487446935208129,0.1152692137766764
2021-02-26,Mariposa,043,17540.0,4028,448,753,10,3264,438,1,0,2372,339,3181,339,809,109,0.1352337514253135,0.1813568985176739,0.0461231470923603
2021-02-26,Mendocino,045,87422.0,35850,1477,17869,792,17977,685,1,0,13350,1085,24531,1085,11181,389,0.1527075564503214,0.2806044245155681,0.1278968680652467
2021-02-26,Merced,047,269075.0,41302,2359,23772,1496,17203,854,21,1,16216,1819,27943,1824,11727,495,0.0602657251695623,0.1038483694137322,0.0435826442441698
2021-02-26,Modoc,049,8938.0,2750,1,349,0,2400,1,0,0,666,0,1708,0,1042,1,0.0745133139404788,0.1910942045200268,0.116580890579548
2021-02-26,Mono,051,14174.0,7404,515,5650,508,1737,5,0,0,730,15,4053,15,3323,497,0.0515027515168618,0.2859460984901933,0.2344433469733314
2021-02-26,Monterey,053,433212.0,82649,5662,41535,3257,40934,2392,3,0,29848,2795,56107,2797,26259,2846,0.0688992918017044,0.1295139562154326,0.0606146644137281
2021-02-26,Napa,055,140530.0,52485,1593,21882,580,30596,1013,3,0,12245,622,32360,622,20115,969,0.0871344196968618,0.2302711164875827,0.1431366967907208
2021-02-26,Nevada,057,99092.0,28186,1364,15230,926,12955,438,0,0,13010,496,20584,496,7574,867,0.1312921325636782,0.2077261534735397,0.0764340209098615
2021-02-26,Orange,059,3164182.0,801452,30036,440034,15087,360573,14943,183,3,260109,12075,529863,12096,269754,17790,0.0822041842093786,0.167456549591648,0.0852523653822694
2021-02-26,Placer,061,380077.0,123226,4393,68281,2523,54932,1870,10,0,37887,2503,80467,2503,42580,1885,0.0996824327702018,0.2117123635473864,0.1120299307771846
2021-02-26,Plumas,063,18699.0,4316,255,705,11,3601,244,3,0,1837,244,3071,245,1234,11,0.0982405476228675,0.1642333814642494,0.0659928338413819
2021-02-26,Riverside,065,2383286.0,513125,20014,271643,7231,241264,12776,47,4,201855,9876,357065,9906,155210,10048,0.0846960876705523,0.1498204579727317,0.0651243703021794
2021-02-26,Sacramento,067,1510023.0,342592,15096,189151,7146,153385,7948,34,0,129346,10255,235540,10258,106194,4804,0.0856582979199654,0.155984379045882,0.0703260811259166
2021-02-26,San Benito,069,59416.0,11409,687,2944,88,8439,598,1,0,4365,421,7869,421,3504,265,0.0734650599165208,0.1324390736501952,0.0589740137336744
2021-02-26,San Bernardino,071,2135413.0,397489,14488,222569,6736,174825,7750,37,1,144616,7977,270763,7983,126147,6459,0.0677227309190306,0.1267965494262702,0.0590738185072395
2021-02-26,San Diego,073,3302833.0,970908,33986,443054,12774,527212,21200,320,2,330692,11821,652120,12715,321428,21506,0.1001237422539983,0.197442619714651,0.0973188774606527
2021-02-26,San Francisco,075,870044.0,250840,13409,136490,8578,114283,4829,26,0,100824,7821,175725,7821,74901,5575,0.1158837943828128,0.2019725439173191,0.0860887495345063
2021-02-26,San Joaquin,077,732212.0,140608,6101,72208,3123,68373,2976,11,1,53150,3993,94425,3997,41275,2012,0.072588266786122,0.1289585529873861,0.0563702862012641
2021-02-26,San Luis Obispo,079,281455.0,72737,2755,35199,1194,37495,1559,10,1,23734,1376,48186,1377,24452,1369,0.084326091204633,0.1712032118811177,0.0868771206764846
2021-02-26,San Mateo,081,765935.0,234787,10352,123757,4024,110936,6325,39,0,95651,7103,165025,7105,69374,3228,0.1248813541619066,0.2154556196021855,0.0905742654402788
2021-02-26,Santa Barbara,083,443738.0,103109,3925,53552,2325,49483,1597,11,0,26796,2098,64847,2098,38051,1821,0.0603869851128368,0.1461380364088719,0.085751051296035
2021-02-26,Santa Clara,085,1922200.0,483149,15922,236643,9113,246241,6801,78,1,169061,8591,325631,8598,156570,7268,0.0879518260326709,0.1694053688481947,0.0814535428155238
2021-02-26,Santa Cruz,087,273765.0,84876,2783,27416,780,57446,2002,6,0,33000,1241,58886,1242,25886,1538,0.1205413402005369,0.215096889668146,0.094555549467609
2021-02-26,Shasta,089,179085.0,39229,835,17852,110,21364,725,1,0,14436,350,26816,350,12380,484,0.0806097663120864,0.1497389507775637,0.0691291844654772
2021-02-26,Sierra,091,2930.0,1217,9,91,5,1126,4,0,0,430,4,822,4,392,5,0.1467576791808873,0.2805460750853242,0.1337883959044368
2021-02-26,Siskiyou,093,43540.0,11808,677,3797,6,8000,671,2,0,4330,365,8063,365,3733,311,0.0994487827285254,0.1851860358291226,0.0857372531005971
2021-02-26,Solano,095,438530.0,113569,3784,58004,2401,55553,1383,3,0,40572,2253,76991,2253,36419,1521,0.0925181857569607,0.1755660958201263,0.0830479100631655
2021-02-26,Sonoma,097,501317.0,164667,6997,83041,3063,81577,3931,36,0,71353,4389,117866,4389,46513,2585,0.1423310998829084,0.2351127131136586,0.0927816132307502
2021-02-26,Stanislaus,099,539301.0,106941,4303,52972,1294,53838,3006,30,1,34880,2516,69237,2517,34357,1713,0.0646763124859772,0.1283828511350804,0.0637065386491032
2021-02-26,Sutter,101,95872.0,20860,415,7547,70,13313,345,0,0,7864,176,14337,176,6473,235,0.0820260347129506,0.1495431408544726,0.067517106141522
2021-02-26,Tehama,103,63373.0,11406,505,2236,21,9165,484,1,0,3263,80,7323,80,4060,425,0.0514888043804143,0.1155539425307307,0.0640651381503163
2021-02-26,Trinity,105,12862.0,2448,26,385,3,2060,23,1,0,1675,10,2062,10,387,16,0.1302285803141035,0.1603172134971233,0.0300886331830197
2021-02-26,Tulare,107,460477.0,77436,4094,36087,1994,41325,2100,12,0,25183,3561,51257,3561,26074,526,0.054688942118716,0.1113128343000844,0.0566238921813684
2021-02-26,Tuolumne,109,53932.0,15520,175,4701,18,10815,157,2,0,7256,130,11271,131,4015,41,0.1345397908477341,0.2089853890083809,0.0744455981606467
2021-02-26,Ventura,111,848112.0,209483,9873,107168,2931,102212,6939,13,0,80100,6340,144639,6344,64539,3509,0.0944450732922067,0.1705423340313543,0.0760972607391476
2021-02-26,Yolo,113,214977.0,59924,2739,26387,1098,33535,1641,0,0,23599,1243,41726,1243,18127,1492,0.1097745340199184,0.1940951822753131,0.0843206482553947
2021-02-26,Yuba,115,75493.0,10533,288,3324,80,7204,208,2,0,4305,156,7408,156,3103,130,0.0570251546501,0.0981283032863974,0.0411031486362974
2021-02-25,Alameda,001,1643700.0,416992,16513,238674,9551,178197,6962,42,0,179720,10401,298032,10409,118312,6072,0.1093386871083531,0.181317758715094,0.0719790716067408
2021-02-25,Alpine,003,1148.0,494,5,20,0,474,5,0,0,65,5,277,5,212,0,0.0566202090592334,0.2412891986062717,0.1846689895470383
2021-02-25,Amador,005,37829.0,10694,553,3667,140,7026,413,1,0,4531,260,7352,261,2821,288,0.1197758333553623,0.1943482513415633,0.074572417986201
2021-02-25,Butte,007,227075.0,58563,2213,26270,655,32285,1558,6,0,17474,720,37986,720,20512,1486,0.0769525487173841,0.1672839370252119,0.0903313883078278
2021-02-25,Calaveras,009,45235.0,11203,582,3067,113,8135,469,1,0,5104,372,8031,372,2927,199,0.1128329833093843,0.1775395158616116,0.0647065325522272
2021-02-25,Colusa,011,21464.0,3870,156,1115,66,2752,88,3,2,2000,86,2934,86,934,70,0.093179276928811,0.1366939992545658,0.0435147223257547
2021-02-25,Contra Costa,013,1133247.0,340506,12532,191879,7911,148554,4621,32,0,118453,5838,229286,5842,110833,6677,0.1045253153107839,0.2023265889960441,0.0978012736852601
2021-02-25,Del Norte,015,27424.0,4387,501,1475,150,2899,351,12,0,1445,228,2915,228,1470,273,0.052691073512252,0.1062937572928821,0.0536026837806301
2021-02-25,El Dorado,017,186661.0,50708,1988,25439,1178,25263,810,4,0,17141,715,33876,718,16735,1265,0.0918295733977638,0.1814840807667375,0.0896545073689737
2021-02-25,Fresno,019,978130.0,185171,9157,90621,4003,94498,5145,11,1,63717,7536,124068,7542,60351,1578,0.0651416478382219,0.1268420353122795,0.0617003874740576
2021-02-25,Glenn,021,27897.0,5754,344,2032,224,3713,120,2,0,2338,227,4042,227,1704,119,0.0838082947987238,0.1448901315553643,0.0610818367566405
2021-02-25,Humboldt,023,135768.0,35979,890,17439,331,18496,557,2,0,12329,243,24115,243,11786,643,0.0908093217842201,0.1776191738848624,0.0868098521006422
2021-02-25,Imperial,025,180216.0,30042,1045,14320,436,15714,608,4,1,13081,600,21561,607,8480,437,0.0725851200781284,0.1196397656145958,0.0470546455364673
2021-02-25,Inyo,027,18085.0,6320,137,2919,1,3338,136,0,0,2607,73,4432,73,1825,64,0.1441526126624274,0.2450649709704174,0.10091235830799
2021-02-25,Kern,029,883053.0,133450,5653,57928,2585,75472,3068,18,0,47773,3330,90470,3332,42697,2291,0.054099810543648,0.1024513817403938,0.0483515711967458
2021-02-25,Kings,031,150075.0,17029,889,4541,143,12477,746,2,0,7393,636,12240,636,4847,250,0.0492620356488422,0.081559220389805,0.0322971847409628
2021-02-25,Lake,033,64148.0,15137,778,4703,491,10432,287,2,0,6036,496,10578,496,4542,277,0.0940949055309596,0.1648999189374571,0.0708050134064974
2021-02-25,Lassen,035,31185.0,3821,143,912,15,2904,128,0,0,847,92,2326,92,1479,51,0.0271604938271604,0.0745871412538079,0.0474266474266474
2021-02-25,Los Angeles,037,10098052.0,2313193,80813,1194663,37093,1117469,43697,361,1,727081,40333,1517580,40354,790499,40218,0.0720021049604418,0.1502844310962154,0.0782823261357735
2021-02-25,Madera,039,155013.0,27289,1095,11827,343,15447,751,4,0,11589,621,19360,621,7771,469,0.0747614716185094,0.1248927509305671,0.0501312793120577
2021-02-25,Marin,041,260295.0,91014,4256,50108,1998,40898,2258,6,0,33056,2984,61989,2986,28933,1262,0.1269943717704911,0.23814902322365,0.1111546514531589
2021-02-25,Mariposa,043,17540.0,3580,28,743,12,2826,16,1,0,2142,19,2842,19,700,9,0.1221208665906499,0.1620296465222349,0.0399087799315849
2021-02-25,Mendocino,045,87422.0,34373,1763,17077,563,17292,1200,1,0,12654,1311,23446,1312,10792,449,0.1447461737320125,0.2681933609388941,0.1234471872068815
2021-02-25,Merced,047,269075.0,38943,1936,22276,982,16349,950,20,0,14887,1396,26119,1400,11232,516,0.055326581808046,0.0970695902629378,0.0417430084548917
2021-02-25,Modoc,049,8938.0,2749,173,349,3,2399,170,0,0,667,15,1708,15,1041,158,0.0746251957932423,0.1910942045200268,0.1164690087267845
2021-02-25,Mono,051,14174.0,6889,9,5142,3,1732,6,0,0,1212,2,4038,2,2826,7,0.085508677860872,0.2848878227740934,0.1993791449132214
2021-02-25,Monterey,053,433212.0,76987,4818,38278,2592,38542,2213,3,0,29897,1675,53310,1676,23413,3120,0.0690124003951875,0.1230575330323259,0.0540451326371384
2021-02-25,Napa,055,140530.0,50892,2686,21302,1312,29583,1374,3,0,12592,1943,31738,1943,19146,740,0.0896036433501743,0.2258450152992243,0.13624137194905
2021-02-25,Nevada,057,99092.0,26822,947,14304,514,12517,433,0,0,13381,467,20088,467,6707,476,0.135036128042627,0.2027207039922496,0.0676845759496225
2021-02-25,Orange,059,3164182.0,771416,24904,424947,13361,345630,11538,180,0,265803,8685,517767,8711,251964,16138,0.0840037014305751,0.1636337606370303,0.0796300592064552
2021-02-25,Placer,061,380077.0,118833,3945,65758,1659,53062,2286,10,0,37269,2128,77964,2131,40695,1813,0.0980564464569021,0.2051268558739413,0.1070704094170391
2021-02-25,Plumas,063,18699.0,4061,234,694,10,3357,223,3,0,1603,168,2826,168,1223,65,0.0857265094390074,0.1511310765281565,0.0654045670891491
2021-02-25,Riverside,065,2383286.0,493111,18433,264412,7951,228488,10476,43,1,201997,8411,347159,8429,145162,9973,0.0847556692734317,0.1456640117887656,0.0609083425153338
2021-02-25,Sacramento,067,1510023.0,327496,11808,182005,6800,145437,5006,34,1,123892,6813,225282,6813,101390,4967,0.0820464324053342,0.1491911050361484,0.0671446726308142
2021-02-25,San Benito,069,59416.0,10722,422,2856,79,7841,342,1,0,4209,288,7448,288,3239,133,0.0708395045105695,0.1253534401508011,0.0545139356402315
2021-02-25,San Bernardino,071,2135413.0,383001,13853,215833,6642,167075,7209,36,1,143092,7916,262780,7919,119688,5906,0.0670090516448106,0.1230581625193815,0.0560491108745708
2021-02-25,San Diego,073,3302833.0,936922,33811,430280,15156,506012,18646,318,3,339483,9753,639405,11006,299922,23426,0.10278539665796,0.1935928943425235,0.0908074976845635
2021-02-25,San Francisco,075,870044.0,237431,10919,127912,7460,109454,3457,26,0,98578,6925,167904,6927,69326,3987,0.1133023157449508,0.1929833433711398,0.079681027626189
2021-02-25,San Joaquin,077,732212.0,134507,7123,69085,4306,65397,2815,10,2,51165,4362,90428,4366,39263,2607,0.0698773032946742,0.123499751438108,0.0536224481434338
2021-02-25,San Luis Obispo,079,281455.0,69982,2235,34005,1318,35936,917,9,0,23726,1266,46809,1267,23083,965,0.0842976674779272,0.1663107779218702,0.082013110443943
2021-02-25,San Mateo,081,765935.0,224435,9722,119733,4380,104611,5340,39,0,91774,6278,157920,6278,66146,3417,0.119819566934531,0.2061793755344774,0.0863598085999464
2021-02-25,Santa Barbara,083,443738.0,99184,3684,51227,2045,47886,1635,11,0,26519,1072,62749,1077,36230,2601,0.0597627428798074,0.141410021228743,0.0816472783489356
2021-02-25,Santa Clara,085,1922200.0,467227,16407,227530,10402,239440,5997,77,1,167731,8786,317033,8793,149302,7571,0.0872599105191967,0.1649323691603371,0.0776724586411403
2021-02-25,Santa Cruz,087,273765.0,82093,3263,26636,1414,55444,1849,6,0,33296,1561,57644,1562,24348,1698,0.1216225594944569,0.210560151955144,0.088937592460687
2021-02-25,Shasta,089,179085.0,38394,550,17742,207,20639,343,1,0,14570,164,26466,164,11896,385,0.0813580143507273,0.1477845715721584,0.0664265572214311
2021-02-25,Sierra,091,2930.0,1208,119,86,0,1122,119,0,0,431,53,818,53,387,65,0.147098976109215,0.2791808873720136,0.1320819112627986
2021-02-25,Siskiyou,093,43540.0,11131,317,3791,20,7329,297,2,0,4276,143,7698,143,3422,173,0.0982085438677078,0.1768029398254478,0.07859439595774
2021-02-25,Solano,095,438530.0,109785,2816,55603,1660,54170,1156,3,0,39840,1528,74738,1528,34898,1281,0.0908489727042619,0.1704284769571067,0.0795795042528447
2021-02-25,Sonoma,097,501317.0,157670,6339,79978,2487,77646,3850,36,1,69549,3375,113477,3376,43928,2945,0.1387325783885246,0.2263577736242736,0.087625195235749
2021-02-25,Stanislaus,099,539301.0,102638,4113,51678,2802,50832,1307,29,1,34076,3026,66720,3028,32644,1026,0.0631854938151422,0.1237156986543692,0.060530204839227
2021-02-25,Sutter,101,95872.0,20445,867,7477,541,12968,326,0,0,7923,657,14161,657,6238,206,0.0826414385847797,0.1477073598130841,0.0650659212283044
2021-02-25,Tehama,103,63373.0,10901,418,2215,68,8681,349,1,0,3608,51,7243,51,3635,365,0.0569327631641235,0.1142915752765373,0.0573588121124138
2021-02-25,Trinity,105,12862.0,2422,39,382,26,2037,13,1,0,1681,3,2052,3,371,36,0.1306950707510496,0.1595397294355465,0.0288446586844969
2021-02-25,Tulare,107,460477.0,73342,3719,34093,2065,39225,1650,12,2,22148,3252,47696,3255,25548,453,0.048097950603396,0.1035795490328507,0.0554815984294546
2021-02-25,Tuolumne,109,53932.0,15345,1060,4683,38,10658,1022,2,0,7166,1009,11140,1010,3974,42,0.1328710227694133,0.2065564043610472,0.0736853815916339
2021-02-25,Ventura,111,848112.0,199610,7909,104237,2700,95273,5207,13,0,77265,4772,138295,4775,61030,3119,0.0911023544060218,0.1630621898994472,0.0719598354934254
2021-02-25,Yolo,113,214977.0,57185,1437,25289,508,31894,929,0,0,23848,914,40483,914,16635,522,0.110932797462054,0.1883131683854552,0.0773803709234011
2021-02-25,Yuba,115,75493.0,10245,371,3244,148,6996,223,2,0,4279,236,7252,236,2973,133,0.0566807518577881,0.0960618865325261,0.039381134674738
2021-02-24,Alameda,001,1643700.0,400479,15393,229123,8573,171235,6818,42,0,175383,9872,287623,9874,112240,5488,0.1067001277605402,0.1749850946036381,0.0682849668430978
2021-02-24,Alpine,003,1148.0,489,0,20,0,469,0,0,0,60,0,272,0,212,0,0.0522648083623693,0.2369337979094076,0.1846689895470383
2021-02-24,Amador,005,37829.0,10141,416,3527,72,6613,344,1,0,4558,186,7091,186,2533,218,0.12048957149277,0.1874487826799545,0.0669592111871844
2021-02-24,Butte,007,227075.0,56350,2274,25615,664,30727,1610,6,0,18240,772,37266,772,19026,1497,0.0803258835186612,0.1641131784652647,0.0837872949466035
2021-02-24,Calaveras,009,45235.0,10621,116,2954,55,7666,61,1,0,4931,76,7659,76,2728,40,0.1090085111086548,0.1693157952912567,0.0603072841826019
2021-02-24,Colusa,011,21464.0,3714,346,1049,59,2664,287,1,0,1984,190,2848,190,864,155,0.0924338427133805,0.1326872903466269,0.0402534476332463
2021-02-24,Contra Costa,013,1133247.0,327974,11368,183968,8287,143933,3081,32,0,119288,5564,223444,5565,104156,5778,0.1052621361450769,0.1971714904164758,0.0919093542713989
2021-02-24,Del Norte,015,27424.0,3886,158,1325,103,2548,55,12,0,1490,85,2687,85,1197,73,0.0543319719953325,0.0979798716452742,0.0436478996499416
2021-02-24,El Dorado,017,186661.0,48720,1130,24261,492,24453,638,4,0,17688,467,33158,468,15470,659,0.0947600195005919,0.1776375354251825,0.0828775159245905
2021-02-24,Fresno,019,978130.0,176014,4411,86618,1584,89353,2820,10,1,57753,3554,116526,3559,58773,835,0.0590442988150859,0.1191314038011307,0.0600871049860448
2021-02-24,Glenn,021,27897.0,5410,263,1808,45,3593,218,2,0,2230,58,3815,58,1585,204,0.0799369107789368,0.1367530558841452,0.0568161451052084
2021-02-24,Humboldt,023,135768.0,35089,1296,17108,774,17939,522,2,0,12729,622,23872,622,11143,673,0.0937555241293972,0.1758293559601673,0.0820738318307701
2021-02-24,Imperial,025,180216.0,28997,894,13884,420,15106,474,3,0,12911,752,20954,757,8043,142,0.0716418076086474,0.1162715852088604,0.044629777600213
2021-02-24,Inyo,027,18085.0,6183,119,2918,0,3202,118,0,0,2598,58,4359,58,1761,60,0.143654962676251,0.2410284766380978,0.0973735139618468
2021-02-24,Kern,029,883053.0,127797,5457,55343,2404,72404,3050,18,2,46732,3201,87138,3203,40406,2232,0.052920945854892,0.0986781087884872,0.0457571629335951
2021-02-24,Kings,031,150075.0,16140,790,4398,165,11731,625,2,0,7007,545,11604,545,4597,245,0.0466899883391637,0.0773213393303348,0.030631350991171
2021-02-24,Lake,033,64148.0,14359,1016,4212,435,10145,581,2,0,5817,465,10082,465,4265,548,0.0906809253601047,0.1571677994637401,0.0664868741036353
2021-02-24,Lassen,035,31185.0,3678,132,897,9,2776,122,0,0,806,89,2234,89,1428,41,0.0258457591790925,0.0716370049703383,0.0457912457912457
2021-02-24,Los Angeles,037,10098052.0,2232380,71353,1157570,31893,1073772,39442,360,7,726945,29582,1477226,29613,750281,41534,0.0719886370163275,0.1462882147962795,0.074299577779952
2021-02-24,Madera,039,155013.0,26194,950,11484,307,14696,643,4,0,11437,395,18739,395,7302,553,0.0737809086979801,0.1208866353144575,0.0471057266164773
2021-02-24,Marin,041,260295.0,86758,3709,48110,1686,38640,2023,6,0,31332,2339,59003,2340,27671,1360,0.1203711173860427,0.226677423692349,0.1063063063063063
2021-02-24,Mariposa,043,17540.0,3552,34,731,3,2810,31,1,0,2132,14,2823,14,691,20,0.1215507411630558,0.1609464082098061,0.0393956670467502
2021-02-24,Mendocino,045,87422.0,32610,1950,16514,1872,16092,78,1,0,11791,1508,22134,1512,10343,441,0.1348745167120404,0.2531856969641509,0.1183111802521104
2021-02-24,Merced,047,269075.0,37007,943,21294,337,15399,600,20,0,14003,485,24719,485,10716,431,0.052041252438911,0.0918665799498281,0.039825327510917
2021-02-24,Modoc,049,8938.0,2576,95,346,2,2229,93,0,0,810,31,1693,31,883,64,0.0906243007384202,0.1894159767285746,0.0987916759901544
2021-02-24,Mono,051,14174.0,6880,14,5139,5,1726,9,0,0,1217,7,4036,7,2819,8,0.0858614364329053,0.28474671934528,0.1988852829123747
2021-02-24,Monterey,053,433212.0,72169,2819,35686,1456,36329,1357,3,0,31341,1982,51634,1982,20293,828,0.0723456413949752,0.1191887574674755,0.0468431160725003
2021-02-24,Napa,055,140530.0,48206,1230,19990,688,28209,541,3,0,11389,620,29795,620,18406,604,0.0810431936241372,0.2120187860243364,0.1309755924001992
2021-02-24,Nevada,057,99092.0,25875,598,13790,323,12084,275,0,0,13390,276,19621,278,6231,320,0.1351269527307956,0.1980079118395027,0.062880959108707
2021-02-24,Orange,059,3164182.0,746512,23065,411586,13808,334092,9252,180,1,273230,5814,509056,5832,235826,17178,0.0863509115468073,0.1608807584393059,0.0745298468924986
2021-02-24,Placer,061,380077.0,114888,3508,64099,1246,50776,2261,10,0,36951,1892,75833,1894,38882,1611,0.0972197738879227,0.1995200972434533,0.1023003233555305
2021-02-24,Plumas,063,18699.0,3827,478,684,13,3134,464,3,0,1500,464,2658,464,1158,13,0.0802181934862826,0.1421466388576929,0.0619284453714102
2021-02-24,Riverside,065,2383286.0,474678,15799,256461,8646,218012,7147,42,0,203541,6587,338730,6597,135189,9172,0.0854035143075568,0.1421272981924955,0.0567237838849386
2021-02-24,Sacramento,067,1510023.0,315688,10369,175205,5747,140431,4622,33,0,122046,5547,218469,5547,96423,4800,0.0808239344698723,0.1446792532299177,0.0638553187600453
2021-02-24,San Benito,069,59416.0,10300,415,2777,80,7499,335,1,0,4054,262,7160,263,3106,151,0.0682307795879897,0.1205062609398141,0.0522754813518244
2021-02-24,San Bernardino,071,2135413.0,369148,13145,209191,7561,159866,5580,35,3,141079,6411,254861,6417,113782,6709,0.0660663768554373,0.1193497463956621,0.0532833695402247
2021-02-24,San Diego,073,3302833.0,903111,29675,415124,13280,487366,16385,315,3,351903,6685,628399,7777,276496,22490,0.1065458047682096,0.1902606035485294,0.0837147987803198
2021-02-24,San Francisco,075,870044.0,226512,9784,120452,5489,105997,4294,26,0,95638,5257,160977,5258,65339,4508,0.1099231762991297,0.1850216770646082,0.0750985007654785
2021-02-24,San Joaquin,077,732212.0,127384,6323,64779,3757,62582,2566,8,0,49406,4334,86062,4337,36656,1864,0.067474993581094,0.1175369974816036,0.0500620039005096
2021-02-24,San Luis Obispo,079,281455.0,67747,2754,32687,1355,35019,1399,9,0,23424,862,45542,862,22118,1889,0.0832246717947807,0.1618091702048285,0.0785844984100477
2021-02-24,San Mateo,081,765935.0,214713,7651,115353,3459,99271,4191,39,0,88913,5019,151642,5021,62729,2613,0.1160842630249303,0.1979828575531866,0.0818985945282563
2021-02-24,Santa Barbara,083,443738.0,95500,3437,49182,1171,46251,2261,11,1,28043,769,61672,771,33629,2653,0.0631972019525035,0.1389829133407551,0.0757857113882516
2021-02-24,Santa Clara,085,1922200.0,450820,15632,217128,10068,233443,5559,76,0,166509,9520,308240,9523,141731,6084,0.0866241806263656,0.1603579232129851,0.0737337425866195
2021-02-24,Santa Cruz,087,273765.0,78830,3163,25222,1648,53595,1515,6,0,33432,1025,56082,1025,22650,2131,0.1221193359267985,0.2048545285189852,0.0827351925921867
2021-02-24,Shasta,089,179085.0,37844,925,17535,537,20296,386,1,0,14791,283,26302,283,11511,638,0.082592065220426,0.1468688053159114,0.0642767400954853
2021-02-24,Sierra,091,2930.0,1089,1,86,0,1003,1,0,0,443,1,765,1,322,0,0.1511945392491467,0.2610921501706484,0.1098976109215017
2021-02-24,Siskiyou,093,43540.0,10814,185,3771,4,7032,181,2,0,4306,58,7555,58,3249,127,0.0988975654570509,0.1735186035829122,0.0746210381258612
2021-02-24,Solano,095,438530.0,106969,2678,53943,1330,53014,1348,3,0,39593,1467,73210,1467,33617,1208,0.0902857273162611,0.166944108726883,0.0766583814106218
2021-02-24,Sonoma,097,501317.0,151331,5986,77491,2660,73796,3326,35,0,69118,3024,110101,3025,40983,2946,0.1378728429317178,0.2196235116702605,0.0817506687385426
2021-02-24,Stanislaus,099,539301.0,98525,4171,48876,2791,49525,1377,28,1,32074,2615,63692,2621,31618,1481,0.0594732811546798,0.1181010233617219,0.058627742207042
2021-02-24,Sutter,101,95872.0,19578,1059,6936,383,12642,676,0,0,7472,216,13504,216,6032,838,0.0779372496662216,0.1408544726301735,0.0629172229639519
2021-02-24,Tehama,103,63373.0,10483,359,2147,37,8332,322,1,0,3922,42,7192,42,3270,316,0.0618875546368327,0.113486816151989,0.0515992615151563
2021-02-24,Trinity,105,12862.0,2383,30,356,7,2024,23,1,0,1714,6,2049,6,335,24,0.1332607681542528,0.1593064842170735,0.0260457160628207
2021-02-24,Tulare,107,460477.0,69623,2573,32028,1578,37575,994,10,1,19346,2155,44441,2156,25095,416,0.0420129561302736,0.0965107920699622,0.0544978359396886
2021-02-24,Tuolumne,109,53932.0,14285,126,4645,71,9636,55,2,0,6198,43,10130,43,3932,78,0.1149224949936957,0.1878291181487799,0.0729066231550841
2021-02-24,Ventura,111,848112.0,191701,7488,101537,2801,90066,4686,13,0,75609,4438,133520,4442,57911,3035,0.0891497821042503,0.1574320372780953,0.0682822551738449
2021-02-24,Yolo,113,214977.0,55748,2109,24781,617,30965,1492,0,0,23456,1332,39569,1332,16113,774,0.1091093465812621,0.1840615507705475,0.0749522041892853
2021-02-24,Yuba,115,75493.0,9874,502,3096,149,6773,353,2,0,4176,108,7016,108,2840,394,0.0553163869497834,0.0929357688792338,0.0376193819294504
2021-02-23,Alameda,001,1643700.0,385086,13672,220550,8244,164417,5424,42,1,170997,8383,277749,8387,106752,5257,0.1040317576200036,0.1689779156780434,0.0649461580580397
2021-02-23,Alpine,003,1148.0,489,0,20,0,469,0,0,0,60,0,272,0,212,0,0.0522648083623693,0.2369337979094076,0.1846689895470383
2021-02-23,Amador,005,37829.0,9725,335,3455,64,6269,271,1,0,4590,90,6905,90,2315,243,0.1213354833593275,0.1825319199555896,0.0611964365962621
2021-02-23,Butte,007,227075.0,54076,1701,24951,317,29117,1384,6,0,18965,452,36494,452,17529,1241,0.0835186612352746,0.1607134206759881,0.0771947594407134
2021-02-23,Calaveras,009,45235.0,10505,143,2899,52,7605,91,1,0,4895,94,7583,95,2688,47,0.1082126671824914,0.167635680336023,0.0594230131535315
2021-02-23,Colusa,011,21464.0,3368,24,990,8,2377,16,1,0,1949,18,2658,18,709,7,0.0908032053671263,0.1238352590383898,0.0330320536712635
2021-02-23,Contra Costa,013,1133247.0,316606,12649,175681,7804,140852,4844,32,0,119501,6416,217879,6421,98378,6215,0.1054500916393337,0.1922608222214574,0.0868107305821237
2021-02-23,Del Norte,015,27424.0,3728,112,1222,91,2493,21,12,0,1478,32,2602,32,1124,79,0.053894399066511,0.0948803967327888,0.0409859976662777
2021-02-23,El Dorado,017,186661.0,47590,941,23769,519,23815,422,4,0,17879,368,32690,368,14811,572,0.0957832648491115,0.1751303164560352,0.0793470516069237
2021-02-23,Fresno,019,978130.0,171603,4871,85034,2380,86533,2491,9,0,55029,3901,112967,3902,57938,946,0.056259392923231,0.1154928281516771,0.0592334352284461
2021-02-23,Glenn,021,27897.0,5147,45,1763,12,3375,33,2,0,2376,26,3757,26,1381,19,0.0851704484353156,0.1346739792809262,0.0495035308456106
2021-02-23,Humboldt,023,135768.0,33793,210,16334,76,17417,134,2,0,12780,58,23250,58,10470,150,0.0941311649284072,0.171248011313417,0.0771168463850097
2021-02-23,Imperial,025,180216.0,28103,1215,13464,584,14632,631,3,0,12296,1018,20197,1024,7901,198,0.0682292360278776,0.11207107027123,0.0438418342433524
2021-02-23,Inyo,027,18085.0,6064,202,2918,20,3084,181,0,0,2600,92,4301,92,1701,109,0.143765551562068,0.2378213989494055,0.0940558473873375
2021-02-23,Kern,029,883053.0,122340,3737,52939,1221,69354,2515,16,0,45761,2065,83935,2066,38174,1665,0.0518213516063022,0.0950509199334581,0.0432295683271559
2021-02-23,Kings,031,150075.0,15350,447,4233,79,11106,368,2,0,6707,328,11059,328,4352,120,0.0446909878394136,0.0736898217557887,0.0289988339163751
2021-02-23,Lake,033,64148.0,13343,231,3777,23,9564,207,2,1,5900,35,9617,35,3717,195,0.0919748082559082,0.1499189374571304,0.0579441292012221
2021-02-23,Lassen,035,31185.0,3546,148,888,10,2654,138,0,0,758,47,2145,47,1387,101,0.0243065576398909,0.0687830687830687,0.0444765111431778
2021-02-23,Los Angeles,037,10098052.0,2161027,61034,1125677,26267,1034330,34752,353,4,738866,22893,1447613,22919,708747,37943,0.0731691617353525,0.1433556689943763,0.0701865072590238
2021-02-23,Madera,039,155013.0,25244,806,11177,512,14053,293,4,0,11595,539,18344,539,6749,261,0.0748001780495829,0.1183384619354505,0.0435382838858676
2021-02-23,Marin,041,260295.0,83049,3002,46424,1724,36617,1278,6,0,30352,2001,56663,2002,26311,995,0.1166061583972031,0.2176876236577729,0.1010814652605697
2021-02-23,Mariposa,043,17540.0,3518,49,728,41,2779,8,1,0,2138,25,2809,25,671,24,0.1218928164196123,0.1601482326111744,0.0382554161915621
2021-02-23,Mendocino,045,87422.0,30660,899,14642,878,16014,21,1,0,10720,655,20622,656,9902,244,0.1226235958911944,0.2358902793347212,0.1132666834435268
2021-02-23,Merced,047,269075.0,36064,1159,20957,436,14799,715,20,2,13949,607,24234,610,10285,528,0.0518405648982625,0.0900641085199293,0.0382235436216668
2021-02-23,Modoc,049,8938.0,2481,87,344,1,2136,86,0,0,843,15,1662,15,819,72,0.0943164018796151,0.1859476392929067,0.0916312374132915
2021-02-23,Mono,051,14174.0,6866,160,5134,130,1717,29,0,0,1218,27,4029,27,2811,132,0.0859319881473119,0.2842528573444334,0.1983208691971215
2021-02-23,Monterey,053,433212.0,69350,1144,34230,693,34972,446,3,0,30187,374,49652,374,19465,763,0.0696818186015161,0.1146136302780163,0.0449318116765001
2021-02-23,Napa,055,140530.0,46976,1182,19302,317,27668,865,3,0,11373,330,29175,330,17802,852,0.080929338931189,0.2076069166725966,0.1266775777414075
2021-02-23,Nevada,057,99092.0,25277,551,13467,259,11809,292,0,0,13432,238,19343,239,5911,310,0.1355508012755822,0.1952024381382957,0.0596516368627134
2021-02-23,Orange,059,3164182.0,723447,14779,397778,8064,324840,6712,179,1,284576,3871,503224,3886,218648,10846,0.0899366724164412,0.1590376280504724,0.0691009556340311
2021-02-23,Placer,061,380077.0,111380,2917,62853,1826,48515,1090,10,1,36668,968,73939,969,37271,1946,0.0964751879224472,0.1945368964709782,0.0980617085485309
2021-02-23,Plumas,063,18699.0,3349,26,671,4,2670,22,3,0,1049,17,2194,17,1145,9,0.0560992566447403,0.1173324776726028,0.0612332210278624
2021-02-23,Riverside,065,2383286.0,458879,12261,247815,8223,210865,4034,42,1,206116,5891,332133,5900,126017,6332,0.0864839553456865,0.1393592711911201,0.0528753158454335
2021-02-23,Sacramento,067,1510023.0,305319,7876,169458,4869,135809,3006,33,0,121299,3627,212922,3628,91623,4230,0.0803292400181984,0.1410057992494154,0.060676559231217
2021-02-23,San Benito,069,59416.0,9885,399,2697,105,7164,293,1,0,3942,242,6897,242,2955,155,0.0663457654503837,0.1160798438131143,0.0497340783627305
2021-02-23,San Bernardino,071,2135413.0,356003,10036,201630,6031,154286,4004,32,0,141371,5038,248444,5043,107073,4977,0.0662031185536474,0.1163447070894482,0.0501415885358008
2021-02-23,San Diego,073,3302833.0,873436,26233,401844,14629,470981,11592,312,4,366616,9266,620622,10271,254006,16542,0.1110004653580729,0.1879059583091243,0.0769054929510514
2021-02-23,San Francisco,075,870044.0,216728,6120,114963,3462,101703,2658,26,0,94888,3088,155719,3088,60831,3030,0.1090611509302977,0.1789783045455172,0.0699171536152194
2021-02-23,San Joaquin,077,732212.0,121061,4857,61022,2861,60016,1996,8,0,46933,2849,81725,2855,34792,1904,0.064097556445401,0.1116138495408433,0.0475162930954423
2021-02-23,San Luis Obispo,079,281455.0,64993,1932,31332,1787,33620,145,9,0,24451,1395,44680,1396,20229,537,0.0868735677106464,0.1587465136522712,0.0718729459416247
2021-02-23,San Mateo,081,765935.0,207062,4540,111894,3233,95080,1307,39,0,86505,2583,146621,2583,60116,1946,0.1129403931142982,0.1914274709994973,0.0784870778851991
2021-02-23,Santa Barbara,083,443738.0,92063,3359,48011,1129,43990,2226,10,1,29925,455,60901,457,30976,2896,0.0674384434057935,0.1372454015657888,0.0698069581599953
2021-02-23,Santa Clara,085,1922200.0,435188,13305,207060,8618,227884,4678,76,1,163070,7472,298717,7475,135647,5802,0.0848350847986681,0.1554037040890646,0.0705686192903964
2021-02-23,Santa Cruz,087,273765.0,75667,2115,23574,950,52080,1165,6,0,34538,730,55057,730,20519,1384,0.1261592972074589,0.2011104414369988,0.0749511442295399
2021-02-23,Shasta,089,179085.0,36919,932,16998,485,19910,447,1,0,15146,321,26019,321,10873,610,0.0845743641287656,0.1452885501298266,0.0607141860010609
2021-02-23,Sierra,091,2930.0,1088,6,86,1,1002,5,0,0,442,5,764,5,322,1,0.1508532423208191,0.2607508532423208,0.1098976109215017
2021-02-23,Siskiyou,093,43540.0,10629,275,3767,16,6851,259,2,0,4375,183,7497,183,3122,92,0.1004823151125401,0.1721864951768488,0.0717041800643086
2021-02-23,Solano,095,438530.0,104291,3183,52613,1173,51666,2010,3,0,39334,2183,71743,2184,32409,994,0.0896951177798554,0.1635988415843842,0.0739037238045287
2021-02-23,Sonoma,097,501317.0,145345,3592,74831,2174,70470,1418,35,0,69039,1658,107076,1658,38037,1930,0.1377152580104006,0.2135894055058974,0.0758741474954968
2021-02-23,Stanislaus,099,539301.0,94354,3719,46085,721,48148,2994,27,1,30934,1129,61071,1129,30137,2488,0.0573594337855854,0.1132410286648828,0.0558815948792974
2021-02-23,Sutter,101,95872.0,18519,244,6553,39,11966,205,0,0,8094,110,13288,110,5194,132,0.0844250667556742,0.1386014686248331,0.0541764018691588
2021-02-23,Tehama,103,63373.0,10124,93,2110,27,8010,66,1,0,4196,38,7150,38,2954,54,0.0662111624824452,0.1128240733435374,0.0466129108610922
2021-02-23,Trinity,105,12862.0,2353,13,349,4,2001,9,1,0,1732,6,2043,6,311,7,0.1346602394650909,0.1588399937801275,0.0241797543150365
2021-02-23,Tulare,107,460477.0,67050,2078,30450,994,36581,1084,9,0,17606,1506,42285,1506,24679,572,0.0382342657722318,0.0918286906837909,0.0535944249115591
2021-02-23,Tuolumne,109,53932.0,14159,60,4574,32,9581,28,2,0,6233,25,10087,25,3854,33,0.1155714603574872,0.1870318178446933,0.0714603574872061
2021-02-23,Ventura,111,848112.0,184213,6243,98736,3071,85380,3169,13,0,74202,3539,129078,3541,54876,2681,0.0874908031014771,0.1521945214782953,0.0647037183768181
2021-02-23,Yolo,113,214977.0,53639,1152,24164,868,29473,284,0,0,22898,422,38237,422,15339,730,0.1065137200723798,0.1778655391041832,0.0713518190318034
2021-02-23,Yuba,115,75493.0,9372,147,2947,33,6420,114,2,0,4462,59,6908,60,2446,87,0.0591048176652139,0.0915051726650153,0.0324003549998013
2021-02-22,Alameda,001,1643700.0,371414,11479,212306,8436,158993,3038,41,1,167867,7139,269362,7143,101495,4320,0.1021275171868345,0.1638754030540853,0.0617478858672507
2021-02-22,Alpine,003,1148.0,489,26,20,0,469,26,0,0,60,8,272,8,212,17,0.0522648083623693,0.2369337979094076,0.1846689895470383
2021-02-22,Amador,005,37829.0,9390,74,3391,29,5998,45,1,0,4743,37,6815,37,2072,37,0.125379999471305,0.1801527928308969,0.0547727933595918
2021-02-22,Butte,007,227075.0,52375,1575,24634,316,27733,1259,6,0,19754,384,36042,385,16288,1185,0.0869932841572167,0.1587228889133546,0.0717296047561378
2021-02-22,Calaveras,009,45235.0,10362,81,2847,44,7514,37,1,0,4847,35,7488,35,2641,44,0.1071515419476069,0.1655355366419807,0.0583839946943738
2021-02-22,Colusa,011,21464.0,3344,45,982,27,2361,18,1,0,1938,27,2640,27,702,17,0.0902907193440178,0.1229966455460305,0.0327059262020126
2021-02-22,Contra Costa,013,1133247.0,303957,8172,167877,5551,136008,2618,32,0,119295,3788,211458,3788,92163,4362,0.1052683130862027,0.1865948023687687,0.0813264892825659
2021-02-22,Del Norte,015,27424.0,3616,4,1131,2,2472,2,12,0,1525,4,2570,4,1045,0,0.0556082263710618,0.0937135355892648,0.038105309218203
2021-02-22,El Dorado,017,186661.0,46649,940,23250,465,23393,475,4,0,18083,289,32322,289,14239,649,0.0968761551689962,0.1731588280358511,0.0762826728668548
2021-02-22,Fresno,019,978130.0,166732,2483,82654,1180,84042,1301,9,1,52073,1286,109065,1287,56992,1183,0.0532372997454326,0.1115035833682639,0.0582662836228313
2021-02-22,Glenn,021,27897.0,5102,37,1751,16,3342,20,2,1,2369,14,3731,15,1362,22,0.0849195253969961,0.1337419794243108,0.0488224540273147
2021-02-22,Humboldt,023,135768.0,33583,162,16258,100,17283,60,2,0,12872,37,23192,38,10320,121,0.094808791467798,0.1708208119733663,0.0760120205055683
2021-02-22,Imperial,025,180216.0,26888,898,12880,623,14001,275,3,0,11470,801,19173,806,7703,93,0.0636458472055755,0.1063889998668264,0.0427431526612509
2021-02-22,Inyo,027,18085.0,5862,63,2898,21,2903,42,0,0,2617,25,4209,26,1592,38,0.1447055570915123,0.2327343102018247,0.0880287531103124
2021-02-22,Kern,029,883053.0,118603,2828,51718,1239,66839,1587,16,1,45360,1502,81869,1503,36509,1314,0.0513672452276363,0.0927113095136984,0.0413440642860621
2021-02-22,Kings,031,150075.0,14903,155,4154,32,10738,123,2,0,6499,67,10731,67,4232,88,0.0433050141595868,0.0715042478760619,0.028199233716475
2021-02-22,Lake,033,64148.0,13112,142,3754,22,9357,120,1,0,6060,45,9582,45,3522,97,0.094469040344204,0.1493733241878156,0.0549042838436116
2021-02-22,Lassen,035,31185.0,3398,27,878,13,2516,13,0,0,812,10,2098,10,1286,16,0.0260381593714927,0.0672759339426006,0.0412377745711079
2021-02-22,Los Angeles,037,10098052.0,2099993,38488,1099410,28087,999578,10382,349,10,753890,19052,1424694,19075,670804,19308,0.074656973443987,0.1410860233241025,0.0664290498801155
2021-02-22,Madera,039,155013.0,24438,990,10665,907,13760,83,4,0,11317,895,17805,895,6488,92,0.0730067800765097,0.1148613342106791,0.0418545541341693
2021-02-22,Marin,041,260295.0,80047,1938,44700,1490,35339,448,6,0,29345,1256,54661,1256,25316,683,0.1127374709464261,0.2099963502948577,0.0972588793484315
2021-02-22,Mariposa,043,17540.0,3469,27,687,10,2771,17,1,0,2137,23,2784,23,647,5,0.1218358038768529,0.1587229190421892,0.0368871151653363
2021-02-22,Mendocino,045,87422.0,29761,270,13764,35,15993,235,1,0,10308,134,19966,134,9658,135,0.1179108233625403,0.2283864473473496,0.1104756239848093
2021-02-22,Merced,047,269075.0,34905,897,20521,321,14084,573,18,0,13867,502,23624,503,9757,377,0.0515358171513518,0.0877970825977887,0.0362612654464368
2021-02-22,Modoc,049,8938.0,2394,20,343,8,2050,12,0,0,900,3,1647,3,747,17,0.1006936674871335,0.1842694115014544,0.0835757440143208
2021-02-22,Mono,051,14174.0,6706,280,5004,280,1688,0,0,0,1323,25,4002,25,2679,254,0.0933399181600112,0.2823479610554536,0.1890080428954423
2021-02-22,Monterey,053,433212.0,68206,1195,33537,990,34526,202,3,0,30576,730,49278,730,18702,458,0.0705797623334533,0.1137503116257167,0.0431705492922633
2021-02-22,Napa,055,140530.0,45794,499,18985,209,26803,290,3,0,11895,156,28845,156,16950,343,0.0846438482886216,0.2052586636305415,0.1206148153419198
2021-02-22,Nevada,057,99092.0,24726,551,13208,366,11517,185,0,0,13503,376,19104,377,5601,174,0.1362673071489121,0.1927905380858192,0.0565232309369071
2021-02-22,Orange,059,3164182.0,708668,10903,389714,8798,318128,2101,178,0,291536,4307,499338,4314,207802,6542,0.0921362930450903,0.15780950653281,0.0656732134877197
2021-02-22,Placer,061,380077.0,108463,2678,61027,1859,47425,819,9,0,37645,640,72970,640,35325,2033,0.0990457196831168,0.1919874130768239,0.092941693393707
2021-02-22,Plumas,063,18699.0,3323,10,667,5,2648,5,3,0,1041,1,2177,1,1136,8,0.0556714262794801,0.1164233381464249,0.0607519118669447
2021-02-22,Riverside,065,2383286.0,446618,13043,239592,8233,206831,4806,41,1,206548,5095,326233,5102,119685,7910,0.0866652176868407,0.1368836975503569,0.0502184798635161
2021-02-22,Sacramento,067,1510023.0,297443,6613,164589,4035,132803,2578,33,0,121901,2857,209294,2857,87393,3734,0.0807279094424389,0.1386031868388759,0.057875277396437
2021-02-22,San Benito,069,59416.0,9486,146,2592,39,6871,106,1,0,3855,102,6655,102,2800,42,0.0648815133970647,0.1120068668372155,0.0471253534401508
2021-02-22,San Bernardino,071,2135413.0,345967,9152,195599,5637,150282,3515,32,0,141305,4215,243401,4216,102096,4926,0.066172211183504,0.1139831030344013,0.0478108918508972
2021-02-22,San Diego,073,3302833.0,847203,13382,387215,11237,459389,2140,308,3,372887,5936,610351,6259,237464,7180,0.1128991384063317,0.1847962037438768,0.071897065337545
2021-02-22,San Francisco,075,870044.0,210608,5581,111501,3426,99045,2151,26,0,94830,2768,152631,2769,57801,2804,0.1089944876351081,0.1754290587602466,0.0664345711251385
2021-02-22,San Joaquin,077,732212.0,116204,3990,58161,2742,58020,1248,8,0,45982,2675,78870,2679,32888,1245,0.0627987522739316,0.1077147055770733,0.0449159533031417
2021-02-22,San Luis Obispo,079,281455.0,63061,2472,29545,1913,33475,559,9,0,23592,1500,43284,1500,19692,972,0.0838215700556039,0.1537865733420973,0.0699650032864934
2021-02-22,San Mateo,081,765935.0,202522,4683,108661,3391,93773,1291,39,0,85868,2880,144038,2880,58170,1793,0.1121087298530554,0.1880551221709414,0.0759463923178859
2021-02-22,Santa Barbara,083,443738.0,88704,1019,46882,295,41764,722,9,1,32364,311,60444,312,28080,709,0.0729349300713484,0.1362155145603937,0.0632805844890453
2021-02-22,Santa Clara,085,1922200.0,421883,11158,198442,6721,223206,4429,75,0,161397,5161,291242,5162,129845,5964,0.0839647279159296,0.1515149308084486,0.0675502028925189
2021-02-22,Santa Cruz,087,273765.0,73552,1229,22624,940,50915,289,6,0,35192,488,54327,488,19135,739,0.1285482074041605,0.1984439208810476,0.0698957134768871
2021-02-22,Shasta,089,179085.0,35987,456,16513,92,19463,364,1,0,15435,194,25698,194,10263,262,0.0861881229583717,0.1434961052014406,0.0573079822430689
2021-02-22,Sierra,091,2930.0,1082,0,85,0,997,0,0,0,438,0,759,0,321,0,0.1494880546075085,0.2590443686006826,0.109556313993174
2021-02-22,Siskiyou,093,43540.0,10354,224,3751,4,6592,220,2,0,4284,86,7314,86,3030,139,0.0983922829581993,0.1679834634818557,0.0695911805236564
2021-02-22,Solano,095,438530.0,101108,1895,51440,1106,49656,787,3,0,38144,980,69559,980,31415,909,0.0869815063963696,0.1586185665746927,0.071637060178323
2021-02-22,Sonoma,097,501317.0,141753,3111,72657,1472,69052,1639,35,0,69311,1273,105418,1273,36107,1830,0.1382578288787334,0.2102821169040746,0.0720242880253412
2021-02-22,Stanislaus,099,539301.0,90635,2280,45364,1577,45154,697,26,1,32293,1448,59942,1449,27649,778,0.0598793623597953,0.1111475780686481,0.0512682157088527
2021-02-22,Sutter,101,95872.0,18275,214,6514,126,11761,88,0,0,8116,79,13178,79,5062,135,0.0846545393858478,0.1374541054739652,0.0527995660881174
2021-02-22,Tehama,103,63373.0,10031,51,2083,17,7944,34,1,0,4212,27,7112,27,2900,24,0.0664636359332838,0.1122244488977955,0.0457608129645117
2021-02-22,Trinity,105,12862.0,2340,8,345,0,1992,8,1,0,1733,5,2037,5,304,3,0.1347379878712486,0.1583735033431814,0.0236355154719328
2021-02-22,Tulare,107,460477.0,64972,1192,29456,751,35497,440,9,1,16672,229,40779,230,24107,958,0.036205934281191,0.088558169029072,0.052352234747881
2021-02-22,Tuolumne,109,53932.0,14099,89,4542,62,9553,27,2,0,6241,49,10062,49,3821,38,0.1157197952977824,0.1865682711562708,0.0708484758584884
2021-02-22,Ventura,111,848112.0,177970,5751,95665,2580,82211,3168,13,0,73342,3644,125537,3645,52195,2093,0.0864767860848567,0.1480193653668383,0.0615425792819816
2021-02-22,Yolo,113,214977.0,52487,1405,23296,608,29189,797,0,0,23206,688,37815,688,14609,715,0.1079464314787163,0.1759025384110858,0.0679561069323695
2021-02-22,Yuba,115,75493.0,9225,146,2914,92,6306,54,2,0,4489,47,6848,47,2359,99,0.0594624667187686,0.0907103969904494,0.0312479302716808
2021-02-21,Alameda,001,1643700.0,359935,7915,203870,6936,155955,975,40,2,165044,5292,262219,5295,97175,2607,0.1004100504958325,0.1595297195351949,0.0591196690393624
2021-02-21,Alpine,003,1148.0,463,0,20,0,443,0,0,0,69,0,264,0,195,0,0.0601045296167247,0.229965156794425,0.1698606271777003
2021-02-21,Amador,005,37829.0,9316,60,3362,41,5953,19,1,0,4743,24,6778,24,2035,34,0.125379999471305,0.1791747072351899,0.0537947077638848
2021-02-21,Butte,007,227075.0,50800,28,24318,21,26474,7,6,0,20554,17,35657,17,15103,11,0.0905163492238247,0.1570274138500495,0.0665110646262248
2021-02-21,Calaveras,009,45235.0,10281,29,2803,15,7477,14,1,0,4856,21,7453,21,2597,7,0.1073505029291477,0.1647617994915441,0.0574112965623963
2021-02-21,Colusa,011,21464.0,3299,6,955,2,2343,4,1,0,1928,3,2613,3,685,3,0.0898248229593738,0.1217387253074916,0.0319139023481177
2021-02-21,Contra Costa,013,1133247.0,295785,2514,162326,1868,133390,645,32,1,119869,1657,207670,1657,87801,853,0.1057748222585191,0.183252194799545,0.0774773725410259
2021-02-21,Del Norte,015,27424.0,3612,2,1129,2,2470,0,12,0,1521,0,2566,0,1045,2,0.0554623687281213,0.0935676779463243,0.038105309218203
2021-02-21,El Dorado,017,186661.0,45709,384,22785,253,22918,131,4,0,18443,183,32033,183,13590,200,0.0988047851452633,0.1716105667493477,0.0728057816040844
2021-02-21,Fresno,019,978130.0,164249,221,81474,195,82741,25,8,1,51969,142,107778,143,55809,73,0.0531309744103544,0.1101878073466717,0.0570568329363172
2021-02-21,Glenn,021,27897.0,5065,0,1735,0,3322,0,1,0,2376,0,3716,0,1340,0,0.0851704484353156,0.1332042871993404,0.0480338387640248
2021-02-21,Humboldt,023,135768.0,33421,496,16158,486,17223,10,2,0,12955,167,23154,167,10199,328,0.0954201284544222,0.1705409227505745,0.0751207942961522
2021-02-21,Imperial,025,180216.0,25990,645,12257,606,13726,39,3,0,10757,627,18367,627,7610,17,0.0596894837306343,0.1019165889821103,0.042227105251476
2021-02-21,Inyo,027,18085.0,5799,443,2877,441,2861,0,0,0,2629,439,4183,439,1554,2,0.1453690904064141,0.231296654686204,0.0859275642797898
2021-02-21,Kern,029,883053.0,115775,282,50479,164,65252,117,15,1,45171,97,80366,99,35195,184,0.0511532150391879,0.0910092599198462,0.0398560448806583
2021-02-21,Kings,031,150075.0,14748,7,4122,5,10615,2,2,0,6520,6,10664,6,4144,1,0.0434449441945693,0.0710578044311177,0.0276128602365483
2021-02-21,Lake,033,64148.0,12970,9,3732,9,9237,0,1,0,6112,4,9537,4,3425,5,0.0952796657729001,0.1486718214129825,0.0533921556400823
2021-02-21,Lassen,035,31185.0,3371,21,865,0,2503,21,0,0,818,18,2088,18,1270,3,0.0262305595638928,0.0669552669552669,0.040724707391374
2021-02-21,Los Angeles,037,10098052.0,2061505,24716,1071323,22837,989196,1866,339,5,754123,11595,1405619,11604,651496,13031,0.0746800472011829,0.1391970451330613,0.0645169979318783
2021-02-21,Madera,039,155013.0,23448,990,9758,847,13677,143,4,0,10514,984,16910,984,6396,6,0.0678265693845032,0.1090876249088786,0.0412610555243753
2021-02-21,Marin,041,260295.0,78109,1372,43210,1162,34891,210,6,0,28772,969,53405,969,24633,401,0.1105361224764209,0.2051710559173245,0.0946349334409036
2021-02-21,Mariposa,043,17540.0,3442,253,677,8,2754,243,1,0,2119,248,2761,248,642,2,0.1208095781071835,0.1574116305587229,0.0366020524515393
2021-02-21,Mendocino,045,87422.0,29491,326,13729,10,15758,316,1,0,10309,312,19832,313,9523,14,0.1179222621308137,0.2268536523987097,0.1089313902678959
2021-02-21,Merced,047,269075.0,34008,106,20200,81,13511,21,18,0,13741,25,23121,25,9380,69,0.0510675462231719,0.0859277153210071,0.0348601690978351
2021-02-21,Modoc,049,8938.0,2374,0,335,0,2038,0,0,0,914,0,1644,0,730,0,0.1022600134258223,0.183933765943164,0.0816737525173416
2021-02-21,Mono,051,14174.0,6426,12,4724,12,1688,0,0,0,1552,10,3977,10,2425,2,0.1094962607591364,0.2805841681952871,0.1710879074361507
2021-02-21,Monterey,053,433212.0,67011,1378,32547,1333,34324,41,3,0,30304,1273,48548,1273,18244,95,0.06995189422269,0.1120652244166828,0.0421133301939927
2021-02-21,Napa,055,140530.0,45295,909,18776,835,26513,74,3,0,12082,203,28689,203,16607,704,0.0859745250124528,0.2041485803742973,0.1181740553618444
2021-02-21,Nevada,057,99092.0,24175,139,12842,117,11332,22,0,0,13300,24,18727,24,5427,114,0.1342187058491099,0.188985992814758,0.054767286965648
2021-02-21,Orange,059,3164182.0,697765,5029,380916,4259,316027,768,178,1,293764,1064,495024,1067,201260,3937,0.0928404244762153,0.1564461209879836,0.0636056965117682
2021-02-21,Placer,061,380077.0,105785,1217,59168,804,46606,413,9,0,39038,438,72330,439,33292,779,0.1027107665025771,0.1903035437556074,0.0875927772530303
2021-02-21,Plumas,063,18699.0,3313,4,662,3,2643,1,3,0,1048,2,2176,2,1128,2,0.0560457778490828,0.1163698593507674,0.0603240815016845
2021-02-21,Riverside,065,2383286.0,433575,4675,231359,4072,202025,599,40,1,209356,1260,321131,1264,111775,3390,0.087843422904343,0.1347429557342257,0.0468995328298827
2021-02-21,Sacramento,067,1510023.0,290830,5328,160554,2816,130225,2512,33,0,122778,3002,206437,3002,83659,2320,0.0813086952980186,0.1367111626776545,0.0554024673796359
2021-02-21,San Benito,069,59416.0,9340,39,2553,19,6765,18,1,0,3795,25,6553,25,2758,12,0.0638716843947758,0.1102901575333243,0.0464184731385485
2021-02-21,San Bernardino,071,2135413.0,336815,1251,189962,780,146767,471,32,0,142015,433,239185,435,97170,815,0.066504699559289,0.1120087776931207,0.0455040781338317
2021-02-21,San Diego,073,3302833.0,833821,12057,375978,10385,457249,1667,305,1,373808,5096,604092,5437,230284,6758,0.1131779899256184,0.1829011639401689,0.0697231740145505
2021-02-21,San Francisco,075,870044.0,205027,3085,108075,1627,96894,1457,26,0,94865,1336,149862,1337,54997,1742,0.1090347154856536,0.1722464610985191,0.0632117456128655
2021-02-21,San Joaquin,077,732212.0,112214,757,55419,557,56772,200,8,0,44548,443,76191,443,31643,303,0.0608403030816211,0.1040559291571293,0.0432156260755081
2021-02-21,San Luis Obispo,079,281455.0,60589,63,27632,57,32916,6,9,0,23064,37,41784,37,18720,27,0.0819456040930166,0.1484571245847471,0.0665115204917304
2021-02-21,San Mateo,081,765935.0,197839,2668,105270,1828,92482,839,39,0,84781,1586,141158,1586,56377,1077,0.1106895493742941,0.1842950119788232,0.0736054626045291
2021-02-21,Santa Barbara,083,443738.0,87685,168,46587,132,41042,34,8,0,32761,70,60132,70,27371,97,0.0738296021526215,0.1355123969549599,0.0616827948023383
2021-02-21,Santa Clara,085,1922200.0,410725,3513,191721,2584,218777,928,75,1,162199,1324,286080,1325,123881,2179,0.0843819581729268,0.1488294662366039,0.064447508063677
2021-02-21,Santa Cruz,087,273765.0,72323,832,21684,349,50626,482,6,0,35443,470,53839,470,18396,356,0.1294650521432615,0.1966613701532336,0.067196318009972
2021-02-21,Shasta,089,179085.0,35531,40,16421,9,19099,31,1,0,15503,14,25504,14,10001,26,0.086567830918279,0.1424128207275874,0.0558449898093084
2021-02-21,Sierra,091,2930.0,1082,0,85,0,997,0,0,0,438,0,759,0,321,0,0.1494880546075085,0.2590443686006826,0.109556313993174
2021-02-21,Siskiyou,093,43540.0,10130,2,3747,2,6372,0,2,0,4337,1,7228,1,2891,1,0.0996095544327055,0.1660082682590721,0.0663987138263665
2021-02-21,Solano,095,438530.0,99213,2426,50334,2033,48869,393,3,0,38073,2044,68579,2044,30506,380,0.0868196018516407,0.1563838277882927,0.069564225936652
2021-02-21,Sonoma,097,501317.0,138642,621,71185,488,67413,133,35,0,69868,160,104145,160,34277,459,0.139368902311312,0.2077428054504435,0.0683739031391315
2021-02-21,Stanislaus,099,539301.0,88355,953,43787,717,44457,236,25,0,31622,331,58493,335,26871,565,0.0586351592153546,0.1084607668074044,0.0498256075920497
2021-02-21,Sutter,101,95872.0,18061,33,6388,29,11673,4,0,0,8172,8,13099,8,4927,25,0.0852386515353805,0.1366300901201602,0.0513914385847797
2021-02-21,Tehama,103,63373.0,9980,5,2066,2,7910,3,1,0,4209,2,7085,2,2876,3,0.0664162971612516,0.1117983999495053,0.0453821027882536
2021-02-21,Trinity,105,12862.0,2332,0,345,0,1984,0,1,0,1731,0,2032,0,301,0,0.1345824910589333,0.157984761312393,0.0234022702534598
2021-02-21,Tulare,107,460477.0,63780,99,28705,95,35057,3,8,1,17400,47,40549,48,23149,51,0.0377869035804177,0.0880586869702504,0.0502717833898327
2021-02-21,Tuolumne,109,53932.0,14010,989,4480,42,9526,947,2,0,6230,476,10013,476,3783,502,0.1155158347548765,0.1856597196469628,0.0701438848920863
2021-02-21,Ventura,111,848112.0,172219,1151,93085,850,79043,299,13,0,71790,463,121892,463,50102,685,0.084646839096723,0.1437215839417435,0.0590747448450204
2021-02-21,Yolo,113,214977.0,51082,355,22688,252,28392,103,0,0,23233,112,37127,112,13894,242,0.1080720263097912,0.1727021960488796,0.0646301697390883
2021-02-21,Yuba,115,75493.0,9079,27,2822,16,6252,11,2,0,4541,16,6801,16,2260,11,0.0601512723033923,0.0900878227120395,0.0299365504086471
2021-02-20,Alameda,001,1643700.0,352020,12155,196934,9804,154980,2349,38,0,162356,9243,256924,9247,94568,2906,0.098774715580702,0.1563083287704569,0.0575336131897548
2021-02-20,Alpine,003,1148.0,463,0,20,0,443,0,0,0,69,0,264,0,195,0,0.0601045296167247,0.229965156794425,0.1698606271777003
2021-02-20,Amador,005,37829.0,9256,103,3321,33,5934,70,1,0,4753,62,6754,62,2001,41,0.1256443469296042,0.1785402733352719,0.0528959264056676
2021-02-20,Butte,007,227075.0,50772,501,24297,41,26467,460,6,0,20548,141,35640,141,15092,360,0.0904899262358251,0.1569525487173841,0.0664626224815589
2021-02-20,Calaveras,009,45235.0,10252,77,2788,25,7463,52,1,0,4842,59,7432,59,2590,17,0.1070410080689731,0.1642975572012822,0.057256549132309
2021-02-20,Colusa,011,21464.0,3293,29,953,4,2339,25,1,0,1928,12,2610,12,682,17,0.0898248229593738,0.1215989563920984,0.0317741334327245
2021-02-20,Contra Costa,013,1133247.0,293271,6780,160458,3139,132745,3640,31,1,119065,4780,206013,4785,86948,1982,0.1050653564492118,0.1817900245930498,0.076724668143838
2021-02-20,Del Norte,015,27424.0,3610,10,1127,6,2470,4,12,0,1523,7,2566,7,1043,3,0.0555352975495916,0.0935676779463243,0.0380323803967327
2021-02-20,El Dorado,017,186661.0,45325,1112,22532,467,22787,645,4,0,18460,705,31850,705,13390,403,0.098895859338587,0.1706301798447453,0.0717343205061582
2021-02-20,Fresno,019,978130.0,164028,4674,81279,2570,82716,2103,7,0,51899,3117,107635,3119,55736,1527,0.0530594092809749,0.1100416100109392,0.0569822007299643
2021-02-20,Glenn,021,27897.0,5065,11,1735,1,3322,10,1,0,2376,3,3716,3,1340,8,0.0851704484353156,0.1332042871993404,0.0480338387640248
2021-02-20,Humboldt,023,135768.0,32925,1756,15672,1030,17213,726,2,0,13116,477,22987,478,9871,1275,0.096605974898356,0.1693108832714631,0.072704908373107
2021-02-20,Imperial,025,180216.0,25345,1106,11651,224,13687,882,3,0,10147,361,17740,366,7593,738,0.0563046566342611,0.098437430638789,0.0421327740045279
2021-02-20,Inyo,027,18085.0,5356,515,2436,510,2861,2,0,0,2192,512,3744,512,1552,0,0.121205418855405,0.2070223942493779,0.0858169753939729
2021-02-20,Kern,029,883053.0,115493,2642,50315,992,65135,1648,14,0,45256,1354,80267,1354,35011,1278,0.0512494720022467,0.0908971488687541,0.0396476768665074
2021-02-20,Kings,031,150075.0,14741,174,4117,36,10613,138,2,0,6515,138,10658,138,4143,34,0.0434116275195735,0.0710178244211227,0.0276061969015492
2021-02-20,Lake,033,64148.0,12961,300,3723,63,9237,237,1,0,6113,257,9533,257,3420,41,0.095295254723452,0.1486094656107751,0.053314210887323
2021-02-20,Lassen,035,31185.0,3350,8,865,0,2482,8,0,0,803,6,2070,6,1267,2,0.0257495590828924,0.0663780663780663,0.0406285072951739
2021-02-20,Los Angeles,037,10098052.0,2036789,35913,1048486,26484,987330,9394,334,2,755550,16597,1394015,16610,638465,19200,0.074821361585383,0.1380479126073028,0.0632265510219198
2021-02-20,Madera,039,155013.0,22458,1063,8911,971,13534,92,4,0,9536,977,15926,978,6390,81,0.061517421119519,0.1027397702128208,0.0412223490933018
2021-02-20,Marin,041,260295.0,76737,2698,42048,2190,34681,508,6,0,28204,1254,52436,1255,24232,1436,0.1083539829808486,0.2014483566722372,0.0930943736913886
2021-02-20,Mariposa,043,17540.0,3189,276,669,8,2511,266,1,0,1873,214,2513,214,640,59,0.1067844925883694,0.1432725199543899,0.0364880273660205
2021-02-20,Mendocino,045,87422.0,29165,712,13719,585,15442,127,1,0,10010,618,19519,618,9509,92,0.1145020704170575,0.2232733179291254,0.1087712475120679
2021-02-20,Merced,047,269075.0,33902,300,20119,41,13490,253,18,0,13785,137,23096,138,9311,152,0.0512310694044411,0.0858348044225587,0.0346037350181176
2021-02-20,Modoc,049,8938.0,2374,1,335,1,2038,0,0,0,914,0,1644,0,730,1,0.1022600134258223,0.183933765943164,0.0816737525173416
2021-02-20,Mono,051,14174.0,6414,10,4712,10,1688,0,0,0,1544,8,3967,8,2423,2,0.1089318470438831,0.2798786510512205,0.1709468040073374
2021-02-20,Monterey,053,433212.0,65633,1181,31214,731,34283,447,3,1,29126,1076,47275,1077,18149,100,0.0672326713018106,0.1091267093247647,0.0418940380229541
2021-02-20,Napa,055,140530.0,44386,908,17941,654,26439,254,3,0,12583,301,28486,301,15903,607,0.089539600085391,0.2027040489575179,0.1131644488721269
2021-02-20,Nevada,057,99092.0,24036,397,12725,144,11310,253,0,0,13390,243,18703,243,5313,155,0.1351269527307956,0.1887437936463084,0.0536168409155128
2021-02-20,Orange,059,3164182.0,692736,8641,376657,5950,315259,2161,177,2,296634,4017,493957,4028,197323,4064,0.0937474519480864,0.1561089090324134,0.062361457084327
2021-02-20,Placer,061,380077.0,104568,2167,58364,1336,46193,831,9,0,39378,983,71891,987,32513,1178,0.1036053220794733,0.1891485146430855,0.0855431925636121
2021-02-20,Plumas,063,18699.0,3309,107,659,5,2642,101,3,1,1048,12,2174,13,1126,94,0.0560457778490828,0.1162629017594523,0.0602171239103695
2021-02-20,Riverside,065,2383286.0,428900,8750,227287,4693,201426,4042,39,3,211482,2251,319867,2258,108385,6462,0.0887354685925231,0.1342125955508487,0.0454771269583256
2021-02-20,Sacramento,067,1510023.0,285502,8343,157738,5914,127713,2428,33,0,122096,4825,203435,4826,81339,3505,0.0808570465482976,0.1347231134889998,0.0538660669407022
2021-02-20,San Benito,069,59416.0,9301,53,2534,28,6747,25,1,0,3782,40,6528,40,2746,13,0.0636528881109465,0.1098693954490373,0.0462165073380907
2021-02-20,San Bernardino,071,2135413.0,335564,4677,189182,3556,146296,1119,32,1,142395,2101,238750,2105,96355,2573,0.0666826510843569,0.1118050700262665,0.0451224189419095
2021-02-20,San Diego,073,3302833.0,821764,10680,365593,6611,455582,4059,304,0,375129,5649,598655,6067,223526,4827,0.1135779495966038,0.1812550013882022,0.0676770517915983
2021-02-20,San Francisco,075,870044.0,201942,4786,106448,2344,95437,2442,26,0,95270,1775,148525,1776,53255,2999,0.1095002091848228,0.1707097572076814,0.0612095480228586
2021-02-20,San Joaquin,077,732212.0,111457,1692,54862,732,56572,960,8,0,44408,1110,75748,1111,31340,571,0.0606491016263049,0.1034509131235216,0.0428018114972166
2021-02-20,San Luis Obispo,079,281455.0,60526,306,27575,118,32910,187,9,0,23054,247,41747,247,18693,56,0.0819100744346343,0.1483256648487324,0.0664155904140981
2021-02-20,San Mateo,081,765935.0,195171,3925,103442,2526,91643,1397,39,1,84272,2374,139572,2375,55300,1542,0.1100250021215899,0.1822243401855248,0.0721993380639349
2021-02-20,Santa Barbara,083,443738.0,87517,2367,46455,1542,41008,822,8,1,32788,1752,60062,1754,27274,606,0.0738904488684764,0.135354646210151,0.0614641973416745
2021-02-20,Santa Clara,085,1922200.0,407212,7167,189137,5371,217849,1790,74,0,163053,3792,284755,3793,121702,3351,0.0848262407657892,0.1481401519092706,0.0633139111434814
2021-02-20,Santa Cruz,087,273765.0,71491,2312,21335,1429,50144,883,6,0,35329,1596,53369,1596,18040,711,0.1290486366043869,0.1949445692473471,0.0658959326429602
2021-02-20,Shasta,089,179085.0,35491,825,16412,135,19068,690,1,0,15515,339,25490,339,9975,486,0.0866348382053215,0.1423346455593712,0.0556998073540497
2021-02-20,Sierra,091,2930.0,1082,4,85,2,997,2,0,0,438,2,759,2,321,1,0.1494880546075085,0.2590443686006826,0.109556313993174
2021-02-20,Siskiyou,093,43540.0,10128,27,3745,5,6372,22,2,0,4337,18,7227,18,2890,9,0.0996095544327055,0.1659853008727606,0.0663757464400551
2021-02-20,Solano,095,438530.0,96787,2857,48301,430,48476,2427,3,0,36409,2302,66535,2302,30126,554,0.0830251066061615,0.1517228011766583,0.0686976945704968
2021-02-20,Sonoma,097,501317.0,138021,3144,70697,2816,67280,328,35,0,70167,1216,103985,1216,33818,1919,0.1399653313173102,0.2074236461161301,0.0674583147988199
2021-02-20,Stanislaus,099,539301.0,87402,798,43070,397,44221,400,25,0,31852,476,58158,477,26306,291,0.0590616371933298,0.1078395923612231,0.0487779551678932
2021-02-20,Sutter,101,95872.0,18028,625,6359,64,11669,561,0,0,8189,515,13091,515,4902,108,0.08541597129506,0.1365466455273698,0.0511306742323097
2021-02-20,Tehama,103,63373.0,9975,289,2064,9,7907,280,1,0,4210,33,7083,33,2873,255,0.066432076751929,0.1117668407681504,0.0453347640162214
2021-02-20,Trinity,105,12862.0,2332,142,345,13,1984,129,1,0,1731,114,2032,114,301,28,0.1345824910589333,0.157984761312393,0.0234022702534598
2021-02-20,Tulare,107,460477.0,63681,2997,28610,1870,35054,1127,7,0,17403,1253,40501,1254,23098,1739,0.0377934185637936,0.0879544472362354,0.0501610286724418
2021-02-20,Tuolumne,109,53932.0,13021,923,4438,345,8579,578,2,0,6256,386,9537,386,3281,528,0.1159979233108358,0.1768337906993992,0.0608358673885633
2021-02-20,Ventura,111,848112.0,171068,5003,92235,3231,78744,1769,13,0,72012,2756,121429,2760,49417,2232,0.0849085969777576,0.1431756654781444,0.0582670685003867
2021-02-20,Yolo,113,214977.0,50727,2506,22436,937,28289,1569,0,0,23363,1330,37015,1331,13652,1175,0.1086767421631151,0.1721812100829391,0.0635044679198239
2021-02-20,Yuba,115,75493.0,9052,393,2806,31,6241,362,2,0,4536,332,6785,332,2249,61,0.0600850409971785,0.0898758825321553,0.0297908415349767
2021-02-19,Alameda,001,1643700.0,339865,18048,187130,11704,152631,6339,38,0,156015,11739,247677,11746,91662,6275,0.094916955648841,0.1506826063150209,0.0557656506661799
2021-02-19,Alpine,003,1148.0,463,36,20,2,443,34,0,0,69,2,264,2,195,32,0.0601045296167247,0.229965156794425,0.1698606271777003
2021-02-19,Amador,005,37829.0,9153,200,3288,78,5864,122,1,0,4732,110,6692,110,1960,90,0.1250892172671759,0.1769013190938169,0.0518121018266409
2021-02-19,Butte,007,227075.0,50271,1204,24256,396,26007,808,6,0,20767,400,35499,400,14732,799,0.091454365297809,0.1563316084993944,0.0648772432015853
2021-02-19,Calaveras,009,45235.0,10175,452,2763,50,7411,402,1,0,4800,104,7373,104,2573,331,0.1061125234884492,0.1629932574334033,0.0568807339449541
2021-02-19,Colusa,011,21464.0,3264,168,949,20,2314,148,1,0,1933,132,2598,132,665,36,0.0900577711516958,0.1210398807305255,0.0309821095788296
2021-02-19,Contra Costa,013,1133247.0,286491,11824,157319,7338,129105,4483,30,1,116262,5352,201228,5357,84966,6452,0.1025919327384056,0.1775676441234788,0.0749757113850731
2021-02-19,Del Norte,015,27424.0,3600,47,1121,21,2466,26,12,0,1519,33,2559,33,1040,12,0.0553894399066511,0.0933124270711785,0.0379229871645274
2021-02-19,El Dorado,017,186661.0,44213,1256,22065,672,22142,584,4,0,18158,694,31145,694,12987,560,0.0972779530807185,0.1668532794745554,0.0695753263938369
2021-02-19,Fresno,019,978130.0,159354,4423,78709,1545,80613,2878,7,0,50307,2210,104516,2210,54209,2196,0.0514318137670861,0.1068528723175856,0.0554210585504994
2021-02-19,Glenn,021,27897.0,5054,302,1734,18,3312,284,1,0,2381,29,3713,29,1332,272,0.0853496791769724,0.1330967487543463,0.0477470695773739
2021-02-19,Humboldt,023,135768.0,31169,520,14642,442,16487,78,2,0,13913,110,22509,110,8596,410,0.1024762830711213,0.1657901714689764,0.0633138883978551
2021-02-19,Imperial,025,180216.0,24239,827,11427,420,12805,407,3,0,10519,226,17374,227,6855,599,0.0583688462733608,0.096406534380965,0.0380376881076042
2021-02-19,Inyo,027,18085.0,4841,55,1926,5,2859,49,0,0,1680,10,3232,10,1552,44,0.0928946640862593,0.1787116394802322,0.0858169753939729
2021-02-19,Kern,029,883053.0,112851,4271,49323,1951,63487,2320,14,0,45180,1755,78913,1756,33733,2502,0.0511634069529235,0.0893638320689698,0.0382004251160462
2021-02-19,Kings,031,150075.0,14567,238,4081,35,10475,203,2,0,6411,140,10520,140,4109,97,0.0427186406796601,0.0700982841912377,0.0273796435115775
2021-02-19,Lake,033,64148.0,12661,428,3660,28,9000,400,1,0,5897,94,9276,94,3379,334,0.0919280414042526,0.1446031053189499,0.0526750639146972
2021-02-19,Lassen,035,31185.0,3342,68,865,52,2474,16,0,0,799,13,2064,13,1265,55,0.0256212922879589,0.0661856661856661,0.0405643738977072
2021-02-19,Los Angeles,037,10098052.0,2000876,62425,1022002,38574,977936,23829,332,3,758140,29311,1377405,29329,619265,32947,0.075077846697561,0.1364030409033346,0.0613251942057735
2021-02-19,Madera,039,155013.0,21395,908,7940,581,13442,324,4,0,8639,742,14948,743,6309,162,0.0557308096740273,0.0964306219478366,0.0406998122738093
2021-02-19,Marin,041,260295.0,74039,2830,39858,2185,34173,645,6,0,28385,1265,51181,1266,22796,1554,0.109049347855318,0.1966269040895906,0.0875775562342726
2021-02-19,Mariposa,043,17540.0,2913,89,661,5,2245,83,1,0,1718,66,2299,66,581,22,0.0979475484606613,0.1310718358038768,0.0331242873432155
2021-02-19,Mendocino,045,87422.0,28453,788,13134,164,15315,624,1,0,9484,636,18901,638,9417,156,0.1084852783052321,0.2162041591361442,0.1077188808309121
2021-02-19,Merced,047,269075.0,33602,1330,20078,459,13237,867,18,1,13799,535,22958,538,9159,767,0.0512830995075722,0.0853219362631236,0.0340388367555514
2021-02-19,Modoc,049,8938.0,2373,4,334,3,2038,1,0,0,915,1,1644,1,729,3,0.1023718952785858,0.183933765943164,0.0815618706645782
2021-02-19,Mono,051,14174.0,6404,58,4702,56,1688,2,0,0,1538,55,3959,55,2421,3,0.1085085367574432,0.2793142373359673,0.170805700578524
2021-02-19,Monterey,053,433212.0,64452,3123,30483,1606,33836,1509,2,0,28149,1437,46198,1437,18049,1675,0.0649774244480762,0.1066406286067791,0.0416632041587029
2021-02-19,Napa,055,140530.0,43478,1539,17287,612,26185,926,3,0,12889,692,28185,692,15296,847,0.0917170710880239,0.2005621575464313,0.1088450864584074
2021-02-19,Nevada,057,99092.0,23639,1176,12581,684,11057,492,0,0,13302,759,18460,761,5158,415,0.1342388891131473,0.186291527065757,0.0520526379526097
2021-02-19,Orange,059,3164182.0,684095,19276,370707,11455,313098,7815,175,1,296670,7245,489929,7253,193259,11958,0.0937588292961656,0.1548359101973274,0.0610770809011618
2021-02-19,Placer,061,380077.0,102401,3641,57028,1931,45362,1710,9,0,39569,1371,70904,1371,31335,2262,0.1041078518300239,0.1865516724242719,0.082443820594248
2021-02-19,Plumas,063,18699.0,3202,44,654,6,2541,38,2,0,1129,8,2161,8,1032,35,0.0603775602973421,0.1155676774159046,0.0551901171185624
2021-02-19,Riverside,065,2383286.0,420150,15799,222594,8458,197384,7338,36,1,215686,7319,317609,7324,101923,8429,0.090499419708755,0.1332651641473159,0.0427657444385608
2021-02-19,Sacramento,067,1510023.0,277159,10284,151824,6315,125285,3968,33,1,120775,6032,198609,6040,77834,4237,0.0799822254363013,0.1315271356793903,0.051544910243089
2021-02-19,San Benito,069,59416.0,9248,373,2506,51,6722,320,1,0,3755,190,6488,190,2733,180,0.0631984650599165,0.1091961761141779,0.0459977110542614
2021-02-19,San Bernardino,071,2135413.0,330887,11848,185626,6068,145177,5778,31,0,142863,6906,236645,6908,93782,4917,0.0669018124362828,0.1108193122360873,0.0439174997998045
2021-02-19,San Diego,073,3302833.0,811084,16338,358982,11284,451523,5048,304,0,373889,6425,592588,6715,218699,9658,0.1132025143263374,0.1794180934973097,0.0662155791709723
2021-02-19,San Francisco,075,870044.0,197156,5936,104104,2809,92995,3125,26,0,96493,3069,146749,3069,50256,2854,0.110905885219598,0.1686684811342874,0.0577625959146893
2021-02-19,San Joaquin,077,732212.0,109765,4673,54130,2656,55612,2017,8,0,43868,2524,74637,2524,30769,2023,0.0599116102986566,0.1019335930031193,0.0420219827044626
2021-02-19,San Luis Obispo,079,281455.0,60220,1515,27457,1376,32723,139,9,0,22863,1147,41500,1147,18637,364,0.0812314579595317,0.1474480822866888,0.0662166243271571
2021-02-19,San Mateo,081,765935.0,191246,7809,100916,5781,90246,2027,38,0,83439,5742,137197,5744,53758,2059,0.1089374424722724,0.1791235548708441,0.0701861123985716
2021-02-19,Santa Barbara,083,443738.0,85150,3610,44913,2649,40186,960,7,1,31640,2318,58308,2321,26668,1292,0.0713033366536109,0.1314018632616544,0.0600985266080434
2021-02-19,Santa Clara,085,1922200.0,400045,15268,183766,9753,216059,5509,74,1,162611,8819,280962,8824,118351,6416,0.0845962959109353,0.1461668921027988,0.0615705961918634
2021-02-19,Santa Cruz,087,273765.0,69179,3112,19906,1100,49261,2012,6,0,34444,1858,51773,1858,17329,1253,0.1258159370262816,0.189114751703103,0.0632988146768213
2021-02-19,Shasta,089,179085.0,34666,1341,16277,940,18378,401,1,0,15662,868,25151,868,9489,472,0.0874556774715917,0.1404416897004216,0.0529860122288298
2021-02-19,Sierra,091,2930.0,1078,2,83,1,995,1,0,0,437,0,757,0,320,2,0.1491467576791809,0.2583617747440273,0.1092150170648464
2021-02-19,Siskiyou,093,43540.0,10101,102,3740,33,6350,69,2,0,4328,37,7209,37,2881,63,0.0994028479559026,0.1655718879191548,0.0661690399632521
2021-02-19,Solano,095,438530.0,93930,2637,47871,1536,46049,1100,3,0,34661,1243,64233,1244,29572,1390,0.0790390623218479,0.1464734453743187,0.0674343830524707
2021-02-19,Sonoma,097,501317.0,134877,5826,67881,1777,66952,4048,35,0,70870,3572,102769,3574,31899,2219,0.1413676376424497,0.2049980351753481,0.0636303975328983
2021-02-19,Stanislaus,099,539301.0,86604,2936,42673,1165,43821,1764,25,5,31666,1531,57681,1540,26015,1335,0.0587167463067934,0.1069551141199441,0.0482383678131507
2021-02-19,Sutter,101,95872.0,17403,661,6295,367,11108,294,0,0,7782,456,12576,456,4794,204,0.0811707276368491,0.1311748998664886,0.0500041722296395
2021-02-19,Tehama,103,63373.0,9686,252,2055,39,7627,213,1,0,4432,61,7050,61,2618,191,0.0699351458823158,0.1112461142757956,0.0413109683934798
2021-02-19,Trinity,105,12862.0,2190,323,332,2,1855,321,1,0,1645,310,1918,310,273,13,0.1278961281293733,0.1491214430104183,0.0212253148810449
2021-02-19,Tulare,107,460477.0,60684,2381,26740,896,33927,1484,7,1,17888,989,39247,990,21359,1391,0.0388466742095696,0.085231184185095,0.0463845099755253
2021-02-19,Tuolumne,109,53932.0,12098,159,4093,27,8001,132,2,0,6398,48,9151,48,2753,109,0.1186308685010754,0.1696766298301565,0.051045761329081
2021-02-19,Ventura,111,848112.0,166065,6611,89004,3823,76975,2786,13,0,71484,3042,118669,3045,47185,3560,0.0842860376931348,0.1399213783085253,0.0556353406153904
2021-02-19,Yolo,113,214977.0,48221,1777,21499,759,26720,1018,0,0,23207,1134,35684,1134,12477,640,0.1079510831391265,0.1659898500769849,0.0580387669378584
2021-02-19,Yuba,115,75493.0,8659,238,2775,84,5879,154,2,0,4265,143,6453,143,2188,94,0.0564953042003894,0.0854781237995575,0.0289828195991681
2021-02-18,Alameda,001,1643700.0,321817,15919,175426,10062,146292,5856,38,0,150544,11404,235931,11411,85387,4495,0.0915884893837074,0.1435365334306746,0.0519480440469672
2021-02-18,Alpine,003,1148.0,427,2,18,0,409,2,0,0,99,1,262,1,163,1,0.0862369337979094,0.2282229965156794,0.14198606271777
2021-02-18,Amador,005,37829.0,8953,406,3210,99,5742,307,1,0,4712,333,6582,333,1870,72,0.1245605223505776,0.1739934970525258,0.0494329747019482
2021-02-18,Butte,007,227075.0,49067,1602,23860,782,25199,820,6,0,21166,779,35099,779,13933,821,0.0932114939997798,0.1545700759660905,0.0613585819663106
2021-02-18,Calaveras,009,45235.0,9723,520,2713,97,7009,423,1,0,5027,101,7269,101,2242,399,0.1111307615784237,0.1606941527578202,0.0495633911793964
2021-02-18,Colusa,011,21464.0,3096,154,929,40,2166,114,1,0,1837,124,2466,124,629,30,0.0855851658591129,0.114890048453224,0.029304882594111
2021-02-18,Contra Costa,013,1133247.0,274667,11853,149981,6174,124622,5678,29,0,117357,5476,195871,5477,78514,6354,0.1035581828145144,0.172840519321913,0.0692823365073986
2021-02-18,Del Norte,015,27424.0,3553,81,1100,25,2440,56,12,0,1498,53,2526,53,1028,28,0.0546236872812135,0.0921091015169194,0.0374854142357059
2021-02-18,El Dorado,017,186661.0,42957,2154,21393,1054,21558,1100,4,0,18024,1097,30451,1097,12427,1057,0.0965600741451079,0.1631353094647516,0.0665752353196436
2021-02-18,Fresno,019,978130.0,154931,7208,77164,3189,77735,4018,7,0,50293,2563,102306,2564,52013,4598,0.0514175007412102,0.1045934589471747,0.0531759582059644
2021-02-18,Glenn,021,27897.0,4752,189,1716,147,3028,41,1,0,2624,162,3684,162,1060,27,0.0940602932214933,0.1320572104527368,0.0379969172312435
2021-02-18,Humboldt,023,135768.0,30649,1031,14200,602,16409,429,2,0,14213,280,22399,280,8186,750,0.1046859348300041,0.1649799658240528,0.0602940309940486
2021-02-18,Imperial,025,180216.0,23412,717,11007,355,12398,362,3,0,10891,176,17147,179,6256,536,0.0604330359124606,0.0951469347893638,0.0347138988769032
2021-02-18,Inyo,027,18085.0,4786,126,1921,8,2810,117,0,0,1714,82,3222,82,1508,43,0.0947746751451479,0.1781586950511473,0.0833840199059994
2021-02-18,Kern,029,883053.0,108580,3861,47372,1569,61167,2290,14,0,45926,1619,77157,1621,31231,2225,0.0520082033581223,0.08737527645566,0.0353670730975377
2021-02-18,Kings,031,150075.0,14329,377,4046,29,10272,347,2,0,6368,219,10380,219,4012,156,0.0424321172746959,0.0691654172913543,0.0267333000166583
2021-02-18,Lake,033,64148.0,12233,482,3632,77,8600,405,1,0,6137,114,9182,114,3045,367,0.0956693895366963,0.1431377439670761,0.0474683544303797
2021-02-18,Lassen,035,31185.0,3274,62,813,11,2458,51,0,0,841,14,2051,14,1210,48,0.0269680936347603,0.0657687991021324,0.0388007054673721
2021-02-18,Los Angeles,037,10098052.0,1938451,72290,983428,37166,954107,35097,329,7,761758,28821,1348076,28838,586318,43247,0.0754361336226036,0.1334986193376702,0.0580624857150666
2021-02-18,Madera,039,155013.0,20487,1327,7359,576,13118,751,4,0,8058,1096,14205,1097,6147,230,0.0519827369317412,0.0916374755665653,0.0396547386348241
2021-02-18,Marin,041,260295.0,71209,2452,37673,1602,33528,849,6,1,28673,1079,49915,1080,21242,1371,0.1101557847826504,0.1917631917631917,0.0816074069805413
2021-02-18,Mariposa,043,17540.0,2824,67,656,8,2162,59,1,0,1674,25,2233,25,559,41,0.0954389965792474,0.1273090079817559,0.0318700114025085
2021-02-18,Mendocino,045,87422.0,27665,1827,12970,700,14691,1127,1,0,9002,1214,18263,1215,9261,611,0.1029717919974377,0.2089062249776944,0.1059344329802566
2021-02-18,Merced,047,269075.0,32272,1351,19619,915,12370,432,17,0,14028,466,22420,470,8392,858,0.0521341633373594,0.0833224937285143,0.0311883303911548
2021-02-18,Modoc,049,8938.0,2369,187,331,4,2037,183,0,0,917,23,1643,24,726,163,0.1025956589841127,0.1838218840904005,0.0812262251062877
2021-02-18,Mono,051,14174.0,6346,6,4646,0,1686,6,0,0,1486,2,3904,2,2418,4,0.1048398476082968,0.2754338930436009,0.170594045435304
2021-02-18,Monterey,053,433212.0,61329,2379,28877,1200,32327,1175,2,0,28387,953,44761,953,16374,1413,0.0655268090449941,0.103323545977489,0.0377967369324949
2021-02-18,Napa,055,140530.0,41939,1920,16675,501,25259,1418,3,0,13044,668,27493,668,14449,1247,0.0928200384259588,0.1956379420764249,0.102817903650466
2021-02-18,Nevada,057,99092.0,22463,1063,11897,599,10565,464,0,0,12956,596,17699,596,4743,467,0.1307471844346667,0.1786117950995034,0.0478646106648367
2021-02-18,Orange,059,3164182.0,664819,15828,359252,10268,305283,5554,174,3,301375,7055,482676,7067,181301,8716,0.0952457854826302,0.1525436905968114,0.0572979051141811
2021-02-18,Placer,061,380077.0,98760,3878,55097,2098,43652,1780,9,0,40460,1648,69533,1649,29073,2226,0.106452113650655,0.1829445086127284,0.0764923949620734
2021-02-18,Plumas,063,18699.0,3158,138,648,8,2503,130,2,0,1156,25,2153,25,997,111,0.0618214877800951,0.1151398470506444,0.0533183592705492
2021-02-18,Riverside,065,2383286.0,404351,15878,214136,9067,190046,6803,35,6,216791,8036,310285,8050,93494,7820,0.0909630652804573,0.1301920961227481,0.0392290308422908
2021-02-18,Sacramento,067,1510023.0,266875,9856,145509,5938,121317,3918,32,0,118972,5815,192569,5815,73597,4027,0.0787882038882851,0.1275271966056146,0.0487389927173294
2021-02-18,San Benito,069,59416.0,8875,327,2455,50,6402,276,1,0,3745,77,6298,77,2553,249,0.0630301602262017,0.1059983842735963,0.0429682240473946
2021-02-18,San Bernardino,071,2135413.0,319039,12742,179558,7651,139399,5090,31,1,140872,7772,229737,7777,88865,4940,0.0659694401036239,0.1075843408277462,0.0416149007241222
2021-02-18,San Diego,073,3302833.0,794746,24403,347698,12528,446475,11867,304,2,376832,7782,585873,8284,209041,16247,0.1140935675524617,0.1773849904006651,0.0632914228482033
2021-02-18,San Francisco,075,870044.0,191220,5617,101295,2722,89870,2895,26,0,96278,2866,143680,2871,47402,2747,0.1106587712805329,0.1651410733250272,0.0544823020444943
2021-02-18,San Joaquin,077,732212.0,105092,3752,51474,1513,53595,2238,8,0,43367,2009,72113,2010,28746,1634,0.0592273822335607,0.098486503908704,0.0392591216751432
2021-02-18,San Luis Obispo,079,281455.0,58705,2921,26081,1506,32584,1414,9,0,22080,1136,40353,1138,18273,1775,0.0784494857081949,0.143372830470235,0.0649233447620401
2021-02-18,San Mateo,081,765935.0,183437,6835,95135,4723,88219,2109,38,0,79754,4493,131453,4495,51699,2329,0.1041263292577046,0.1716242239876751,0.0674978947299705
2021-02-18,Santa Barbara,083,443738.0,81540,3326,42264,2671,39226,649,6,0,30611,1552,55987,1552,25376,1732,0.0689844007049204,0.1261712992802059,0.0571868985752854
2021-02-18,Santa Clara,085,1922200.0,384777,14640,174013,8601,210550,6032,73,0,160203,7358,272138,7362,111935,7238,0.0833435646654874,0.1415763188013734,0.0582327541358859
2021-02-18,Santa Cruz,087,273765.0,66067,2821,18806,625,47249,2196,6,0,33839,1215,49915,1215,16076,1604,0.1236060124559384,0.1823279089730243,0.0587218965170858
2021-02-18,Shasta,089,179085.0,33325,973,15337,499,17977,474,1,0,15266,463,24283,464,9017,507,0.0852444369991903,0.1355948292710165,0.0503503922718262
2021-02-18,Sierra,091,2930.0,1076,138,82,0,994,138,0,0,439,85,757,85,318,53,0.1498293515358361,0.2583617747440273,0.1085324232081911
2021-02-18,Siskiyou,093,43540.0,9999,272,3707,92,6281,179,2,0,4354,125,7172,125,2818,146,0.1,0.1647220946256316,0.0647220946256316
2021-02-18,Solano,095,438530.0,91293,3149,46335,903,44949,2246,3,0,34807,873,62989,873,28182,2270,0.0793719927941075,0.1436366953230109,0.0642647025289033
2021-02-18,Sonoma,097,501317.0,129051,7246,66104,3295,62904,3951,35,0,69515,4086,99195,4087,29680,3140,0.138664757029983,0.1978688135451221,0.0592040565151391
2021-02-18,Stanislaus,099,539301.0,83668,3496,41508,1985,42057,1506,20,2,31461,1688,56141,1689,24680,1653,0.058336624630772,0.1040995659195885,0.0457629412888164
2021-02-18,Sutter,101,95872.0,16742,735,5928,63,10814,672,0,0,7530,500,12120,500,4590,233,0.0785422229639519,0.1264185580774365,0.0478763351134846
2021-02-18,Tehama,103,63373.0,9434,447,2016,32,7414,414,1,1,4562,166,6989,166,2427,281,0.0719864926703801,0.1102835592444732,0.038297066574093
2021-02-18,Trinity,105,12862.0,1867,6,330,3,1534,3,1,0,1348,2,1608,2,260,4,0.1048048515005442,0.1250194371015394,0.0202145856009951
2021-02-18,Tulare,107,460477.0,58303,2407,25844,483,32443,1924,6,0,18289,655,38257,655,19968,1743,0.0397175103208195,0.0830812396710367,0.0433637293502172
2021-02-18,Tuolumne,109,53932.0,11939,713,4066,45,7869,668,2,0,6459,634,9103,635,2644,68,0.1197619224208262,0.1687866201883853,0.0490246977675591
2021-02-18,Ventura,111,848112.0,159454,6104,85181,1870,74189,4231,13,1,71999,3854,115624,3856,43625,2237,0.0848932688135529,0.1363310506159563,0.0514377818024034
2021-02-18,Yolo,113,214977.0,46444,2446,20740,780,25702,1666,0,0,22713,1682,34550,1683,11837,763,0.1056531628964959,0.160714867171837,0.055061704275341
2021-02-18,Yuba,115,75493.0,8421,337,2691,57,5725,280,2,0,4216,200,6310,200,2094,137,0.0558462373994939,0.0835839084418422,0.0277376710423482
2021-02-17,Alameda,001,1643700.0,305898,14270,165364,8440,140436,5829,38,0,143628,10410,224520,10411,80892,3842,0.0873809089249863,0.1365942690271947,0.0492133601022084
2021-02-17,Alpine,003,1148.0,425,25,18,0,407,25,0,0,99,3,261,3,162,22,0.0862369337979094,0.2273519163763066,0.1411149825783972
2021-02-17,Amador,005,37829.0,8547,280,3111,91,5435,189,1,0,4451,111,6249,111,1798,164,0.1176610536889687,0.1651907266911628,0.047529673002194
2021-02-17,Butte,007,227075.0,47465,1571,23078,870,24379,701,6,0,21208,869,34320,869,13112,702,0.0933964549157767,0.151139491357481,0.0577430364417042
2021-02-17,Calaveras,009,45235.0,9203,541,2616,52,6586,489,1,0,5325,212,7168,212,1843,311,0.1177185807449983,0.1584613684094175,0.0407427876644191
2021-02-17,Colusa,011,21464.0,2942,231,889,141,2052,90,1,0,1743,81,2342,81,599,150,0.0812057398434588,0.1091129332836377,0.0279071934401789
2021-02-17,Contra Costa,013,1133247.0,262814,12575,143807,6322,118944,6252,29,1,118234,5775,190394,5778,72160,6776,0.1043320652955622,0.1680075041010477,0.0636754388054854
2021-02-17,Del Norte,015,27424.0,3472,92,1075,18,2384,74,12,0,1473,25,2473,25,1000,67,0.0537120770128354,0.0901764877479579,0.0364644107351225
2021-02-17,El Dorado,017,186661.0,40803,988,20339,440,20458,548,4,0,17984,477,29354,477,11370,513,0.0963457819255227,0.1572583453426264,0.0609125634171037
2021-02-17,Fresno,019,978130.0,147723,5714,73975,2793,73717,2920,7,0,52327,3202,99742,3202,47415,2464,0.0534969789291811,0.1019721304939016,0.0484751515647204
2021-02-17,Glenn,021,27897.0,4563,385,1569,15,2987,370,1,0,2489,305,3522,305,1033,80,0.0892210631967595,0.1262501344230562,0.0370290712262967
2021-02-17,Humboldt,023,135768.0,29618,464,13598,277,15980,186,2,0,14683,129,22119,129,7436,333,0.1081477225855871,0.1629176241824288,0.0547699015968416
2021-02-17,Imperial,025,180216.0,22695,483,10652,316,12036,167,3,0,11248,117,16968,119,5720,365,0.0624139920983708,0.0941536822479691,0.0317396901495982
2021-02-17,Inyo,027,18085.0,4660,56,1913,8,2693,46,0,0,1675,23,3140,23,1465,31,0.0926181918717169,0.1736245507326513,0.0810063588609344
2021-02-17,Kern,029,883053.0,104719,4139,45803,2096,58877,2041,14,1,46530,1938,75536,1940,29006,2191,0.0526921940132698,0.0855395995483849,0.0328474055351151
2021-02-17,Kings,031,150075.0,13952,459,4017,35,9925,424,2,0,6305,302,10161,303,3856,156,0.0420123271697484,0.0677061469265367,0.0256938197567882
2021-02-17,Lake,033,64148.0,11751,356,3555,53,8195,303,1,0,6390,73,9068,73,2678,282,0.0996133940263141,0.1413606036041653,0.0417472095778512
2021-02-17,Lassen,035,31185.0,3212,139,802,76,2407,63,0,0,875,5,2037,5,1162,134,0.0280583613916947,0.0653198653198653,0.0372615039281706
2021-02-17,Los Angeles,037,10098052.0,1866161,68454,946262,36768,919010,31660,322,7,776167,26670,1319238,26689,543071,41572,0.0768630424957209,0.1306428210114188,0.0537797785156978
2021-02-17,Madera,039,155013.0,19160,706,6783,349,12367,357,4,0,7191,403,13108,405,5917,296,0.0463896576416171,0.0845606497519562,0.0381709921103391
2021-02-17,Marin,041,260295.0,68757,2163,36071,973,32679,1190,5,0,28964,1108,48835,1108,19871,1054,0.1112737470946426,0.187614053285695,0.0763403061910524
2021-02-17,Mariposa,043,17540.0,2757,37,648,10,2103,27,1,0,1690,26,2208,26,518,11,0.0963511972633979,0.1258836944127708,0.0295324971493728
2021-02-17,Mendocino,045,87422.0,25838,1422,12270,1240,13564,182,1,0,8398,924,17048,924,8650,497,0.0960627759602845,0.1950081215254741,0.0989453455651895
2021-02-17,Merced,047,269075.0,30921,1998,18704,1728,11938,262,17,2,14416,1347,21950,1350,7534,606,0.0535761404812784,0.0815757688376846,0.0279996283564062
2021-02-17,Modoc,049,8938.0,2182,26,327,2,1854,24,0,0,1056,11,1619,11,563,15,0.1181472365182367,0.181136719624077,0.0629894831058402
2021-02-17,Mono,051,14174.0,6340,11,4646,7,1680,4,0,0,1488,4,3902,4,2414,7,0.1049809510371102,0.2752927896147876,0.1703118385776774
2021-02-17,Monterey,053,433212.0,58950,2135,27677,1243,31152,889,2,0,28847,1720,43808,1721,14961,408,0.0665886448205497,0.1011236992511749,0.0345350544306251
2021-02-17,Napa,055,140530.0,40019,1048,16174,531,23841,516,3,1,13623,464,26825,465,13202,582,0.0969401551270191,0.1908845086458407,0.0939443535188216
2021-02-17,Nevada,057,99092.0,21400,1280,11298,820,10101,460,0,0,12827,874,17103,874,4276,403,0.1294453639042506,0.1725971824163403,0.0431518185120897
2021-02-17,Orange,059,3164182.0,648991,18936,348984,9928,299729,8998,171,6,303024,9504,475609,9524,172585,9358,0.0957669312321478,0.1503102539613713,0.0545433227292235
2021-02-17,Placer,061,380077.0,94882,3608,52999,1983,41872,1624,9,1,41037,1555,67884,1555,26847,2050,0.1079702270855642,0.1786059140647816,0.0706356869792173
2021-02-17,Plumas,063,18699.0,3020,154,640,3,2373,150,2,0,1242,18,2128,18,886,135,0.066420664206642,0.1138028771592063,0.0473822129525643
2021-02-17,Riverside,065,2383286.0,388473,15425,205069,8460,183243,6963,29,0,216561,7517,302235,7532,85674,7870,0.0908665598673428,0.1268144066637407,0.0359478467963979
2021-02-17,Sacramento,067,1510023.0,257019,8995,139571,5072,117399,3921,32,1,117184,5136,186754,5139,69570,3843,0.0776041159637965,0.1236762618847527,0.0460721459209561
2021-02-17,San Benito,069,59416.0,8548,391,2405,33,6126,358,1,0,3917,284,6221,284,2304,107,0.0659250033660966,0.1047024370539922,0.0387774336878955
2021-02-17,San Bernardino,071,2135413.0,306297,12024,171907,6519,134309,5494,30,10,138035,7159,221960,7171,83925,4834,0.0646408914809453,0.1039424223791837,0.0393015308982384
2021-02-17,San Diego,073,3302833.0,770343,23841,335170,11185,434608,12644,302,5,384795,7890,577589,8292,192794,15615,0.1165045280824068,0.1748768405789817,0.0583723124965749
2021-02-17,San Francisco,075,870044.0,185603,5592,98573,2677,86975,2915,26,0,96154,3111,140809,3113,44655,2472,0.110516249752886,0.1618412402131386,0.0513249904602525
2021-02-17,San Joaquin,077,732212.0,101340,3709,49961,1355,51357,2354,8,0,42991,1988,70103,1989,27112,1633,0.0587138697535686,0.0957413973002354,0.0370275275466668
2021-02-17,San Luis Obispo,079,281455.0,55784,2877,24575,1287,31170,1590,9,0,22717,1058,39215,1058,16498,1814,0.0807127249471496,0.1393295553463253,0.0586168303991757
2021-02-17,San Mateo,081,765935.0,176602,7158,90412,2003,86110,5153,38,0,77588,5017,126958,5018,49370,2133,0.1012984130507158,0.1657555797815741,0.0644571667308583
2021-02-17,Santa Barbara,083,443738.0,78214,1511,39593,385,38577,1123,6,0,30791,541,54435,541,23644,964,0.0693900454772861,0.1226737399095862,0.0532836944323001
2021-02-17,Santa Clara,085,1922200.0,370137,14343,165412,5628,204518,8710,73,1,160079,7110,264776,7115,104697,7206,0.0832790552491936,0.1377463323275413,0.0544672770783477
2021-02-17,Santa Cruz,087,273765.0,63246,2779,18181,919,45053,1860,6,0,34228,1109,48700,1112,14472,1664,0.1250269391631508,0.1778897959929136,0.0528628568297627
2021-02-17,Shasta,089,179085.0,32352,1034,14838,459,17503,575,1,0,15309,412,23819,413,8510,621,0.0854845464444258,0.1330038808387078,0.047519334394282
2021-02-17,Sierra,091,2930.0,938,4,82,0,856,4,0,0,407,1,672,1,265,3,0.1389078498293515,0.2293515358361774,0.0904436860068259
2021-02-17,Siskiyou,093,43540.0,9727,286,3615,4,6102,282,2,0,4375,246,7047,246,2672,40,0.1004823151125401,0.1618511713367018,0.0613688562241616
2021-02-17,Solano,095,438530.0,88144,3440,45432,1483,42703,1956,3,0,36204,2327,62116,2330,25912,1107,0.0825576357375778,0.1416459535265546,0.0590883177889768
2021-02-17,Sonoma,097,501317.0,121805,5767,62809,3015,58953,2752,35,0,68568,3540,95108,3542,26540,2214,0.1367757327200154,0.1897162872992537,0.0529405545792382
2021-02-17,Stanislaus,099,539301.0,80172,2851,39523,1753,40551,1095,18,2,31425,1807,54452,1810,23027,987,0.0582698715559585,0.100967734159588,0.0426978626036295
2021-02-17,Sutter,101,95872.0,16007,862,5865,442,10142,420,0,0,7263,144,11620,144,4357,717,0.0757572596795727,0.1212032710280373,0.0454460113484646
2021-02-17,Tehama,103,63373.0,8987,334,1984,25,7000,309,0,0,4677,70,6823,70,2146,264,0.0738011455982831,0.1076641471920218,0.0338630015937386
2021-02-17,Trinity,105,12862.0,1861,93,327,2,1531,91,1,0,1350,85,1606,85,256,8,0.1049603483128595,0.124863940289224,0.0199035919763644
2021-02-17,Tulare,107,460477.0,55896,2771,25361,542,30519,2229,6,0,19377,475,37602,475,18225,2289,0.0420802776251582,0.0816588016339578,0.0395785240087995
2021-02-17,Tuolumne,109,53932.0,11226,127,4021,64,7201,63,2,0,5892,73,8468,73,2576,53,0.1092486835274048,0.1570125343024549,0.04776385077505
2021-02-17,Ventura,111,848112.0,153350,5529,83311,1968,69958,3558,12,0,70380,3475,111768,3475,41388,2042,0.0829843228252872,0.1317844812949233,0.048800158469636
2021-02-17,Yolo,113,214977.0,43998,1401,19960,702,24036,699,0,0,21793,977,32867,977,11074,423,0.1013736353191271,0.1528861227014983,0.0515124873823711
2021-02-17,Yuba,115,75493.0,8084,383,2634,152,5445,231,2,0,4153,106,6110,106,1957,276,0.0550117229411998,0.0809346561932894,0.0259229332520895
2021-02-16,Alameda,001,1643700.0,291628,12672,156924,7084,134607,5588,38,0,137059,9205,214109,9211,77050,3440,0.0833844375494311,0.1302603881486889,0.0468759505992577
2021-02-16,Alpine,003,1148.0,400,0,18,0,382,0,0,0,118,0,258,0,140,0,0.102787456445993,0.2247386759581881,0.1219512195121951
2021-02-16,Amador,005,37829.0,8267,477,3020,57,5246,420,1,0,4504,373,6138,374,1634,53,0.1190620952179544,0.1622564699040418,0.0431943746860873
2021-02-16,Butte,007,227075.0,45894,773,22208,440,23678,333,6,0,21041,307,33451,307,12410,465,0.0926610150831223,0.1473125619288781,0.0546515468457558
2021-02-16,Calaveras,009,45235.0,8662,297,2564,146,6097,150,1,1,5424,239,6956,242,1532,50,0.1199071515419476,0.1537747319553443,0.0338675804133967
2021-02-16,Colusa,011,21464.0,2711,79,748,5,1962,74,1,0,1812,78,2261,78,449,1,0.0844204248975028,0.1053391725680208,0.020918747670518
2021-02-16,Contra Costa,013,1133247.0,250239,10690,137485,5059,112692,5629,28,1,119232,4793,184616,4795,65384,5885,0.1052127206160704,0.1629088804117725,0.057696159795702
2021-02-16,Del Norte,015,27424.0,3380,132,1057,2,2310,130,12,0,1515,15,2448,15,933,117,0.0552435822637106,0.0892648774795799,0.0340212952158693
2021-02-16,El Dorado,017,186661.0,39815,1241,19899,551,19910,690,4,0,18020,678,28877,679,10857,559,0.0965386449231494,0.1547029106240725,0.058164265700923
2021-02-16,Fresno,019,978130.0,142009,6810,71182,2426,70797,4384,7,0,51589,4199,96540,4201,44951,2588,0.0527424779937227,0.0986985370042836,0.0459560590105609
2021-02-16,Glenn,021,27897.0,4178,44,1554,9,2617,35,1,0,2264,26,3217,26,953,18,0.0811556798222031,0.1153170591819909,0.0341613793597877
2021-02-16,Humboldt,023,135768.0,29154,579,13321,123,15794,455,2,1,14887,262,21990,264,7103,317,0.1096502857816274,0.1619674739261092,0.0523171881444817
2021-02-16,Imperial,025,180216.0,22212,563,10336,282,11869,281,3,0,11494,342,16849,343,5355,221,0.0637790207306787,0.0934933635193323,0.0297143427886536
2021-02-16,Inyo,027,18085.0,4604,185,1905,51,2647,133,0,0,1683,99,3117,99,1434,85,0.0930605474149847,0.1723527785457561,0.0792922311307713
2021-02-16,Kern,029,883053.0,100580,3008,43707,743,56836,2262,13,2,46781,1654,73596,1656,26815,1338,0.0529764351630083,0.0833426759209243,0.030366240757916
2021-02-16,Kings,031,150075.0,13493,653,3982,40,9501,613,2,0,6158,367,9858,368,3700,283,0.0410328169248708,0.0656871564217891,0.0246543394969182
2021-02-16,Lake,033,64148.0,11395,415,3502,20,7892,395,1,0,6599,168,8995,168,2396,247,0.1028714846916505,0.1402226102138804,0.0373511255222298
2021-02-16,Lassen,035,31185.0,3073,185,726,3,2344,182,0,0,1004,21,2032,21,1028,162,0.0321949655282988,0.0651595318261984,0.0329645662978996
2021-02-16,Los Angeles,037,10098052.0,1797707,67479,909494,34644,887350,32813,315,6,791050,29959,1292549,29984,501499,37360,0.0783368911152368,0.1279998360079746,0.0496629448927377
2021-02-16,Madera,039,155013.0,18454,791,6434,190,12010,601,4,0,7082,235,12703,236,5621,552,0.0456864908104481,0.0819479656544935,0.0362614748440453
2021-02-16,Marin,041,260295.0,66594,2533,35098,1068,31489,1465,5,0,28910,1545,47727,1545,18817,987,0.1110662901707677,0.1833573445513744,0.0722910543806066
2021-02-16,Mariposa,043,17540.0,2720,66,638,38,2076,27,1,0,1675,37,2182,38,507,28,0.0954960091220068,0.1244013683010262,0.0289053591790193
2021-02-16,Mendocino,045,87422.0,24416,218,11030,58,13382,160,1,0,7971,139,16124,139,8153,79,0.0911784219075289,0.1844386996408226,0.0932602777332936
2021-02-16,Merced,047,269075.0,28923,1319,16976,895,11676,414,15,2,13672,764,20600,768,6928,515,0.0508111121434544,0.0765585803214717,0.0257474681780172
2021-02-16,Modoc,049,8938.0,2156,145,325,6,1830,139,0,0,1060,139,1608,139,548,6,0.1185947639292906,0.1799060192436787,0.061311255314388
2021-02-16,Mono,051,14174.0,6329,451,4639,440,1676,9,0,0,1491,47,3898,47,2407,401,0.1051926061803301,0.275010582757161,0.1698179765768308
2021-02-16,Monterey,053,433212.0,56815,1218,26434,285,30263,931,2,0,27534,935,42087,935,14553,276,0.0635577961829312,0.0971510484474114,0.0335932522644802
2021-02-16,Napa,055,140530.0,38971,1293,15643,607,23325,686,2,0,13740,621,26360,621,12620,670,0.0977727175692023,0.1875756066320358,0.0898028890628335
2021-02-16,Nevada,057,99092.0,20120,700,10478,246,9641,454,0,0,12356,511,16229,511,3873,189,0.1246922052234287,0.1637770960319703,0.0390848908085415
2021-02-16,Orange,059,3164182.0,630055,20913,339056,9435,290731,11476,165,0,302858,11155,466085,11176,163227,9700,0.0957144690160047,0.1473003133195246,0.0515858443035198
2021-02-16,Placer,061,380077.0,91274,3594,51016,1790,40248,1804,8,0,41532,1584,66329,1585,24797,2003,0.1092725947636926,0.1745146378233884,0.0652420430596958
2021-02-16,Plumas,063,18699.0,2866,84,637,5,2223,79,2,0,1359,21,2110,21,751,63,0.0726776832985721,0.1128402588373709,0.0401625755387988
2021-02-16,Riverside,065,2383286.0,373048,16409,196609,10155,176280,6251,29,0,216899,9333,294703,9345,77804,7056,0.0910083808657458,0.1236540641786172,0.0326456833128713
2021-02-16,Sacramento,067,1510023.0,248024,9467,134499,4316,113478,5151,31,0,115888,5385,181615,5387,65727,4069,0.0767458508910129,0.1202730024642008,0.0435271515731879
2021-02-16,San Benito,069,59416.0,8157,272,2372,18,5768,254,1,0,3740,135,5937,135,2197,137,0.0629460078093442,0.0999225797764911,0.0369765719671469
2021-02-16,San Bernardino,071,2135413.0,294273,12800,165388,7416,128815,5382,20,0,135698,7909,214789,7913,79091,4873,0.0635464896017772,0.1005842897837561,0.0370378001819788
2021-02-16,San Diego,073,3302833.0,746502,19502,323985,11376,421964,8117,297,1,392118,8957,569297,9793,177179,10298,0.1187217155696337,0.1723662685942643,0.0536445530246306
2021-02-16,San Francisco,075,870044.0,180011,5419,95896,2877,84060,2540,26,0,95513,3179,137696,3183,42183,2235,0.1097795054043243,0.1582632602489069,0.0484837548445825
2021-02-16,San Joaquin,077,732212.0,97631,3542,48606,1490,49003,2049,8,2,42635,1884,68114,1888,25479,1587,0.0582276717671931,0.0930249709100643,0.0347972991428711
2021-02-16,San Luis Obispo,079,281455.0,52907,3072,23288,1213,29580,1855,9,1,23473,1384,38157,1385,14684,1681,0.0833987671208541,0.1355705174894743,0.0521717503686202
2021-02-16,San Mateo,081,765935.0,169444,7272,88409,1949,80957,5320,38,1,74703,5290,121940,5294,47237,1976,0.0975317748895141,0.159204110009335,0.0616723351198208
2021-02-16,Santa Barbara,083,443738.0,76703,2195,39208,479,37454,1716,6,0,31214,741,53894,741,22680,1448,0.0703433106923454,0.1214545520104205,0.051111241318075
2021-02-16,Santa Clara,085,1922200.0,355794,14111,159784,4173,195808,9931,72,1,160170,7003,257661,7007,97491,7075,0.0833263968369576,0.1340448444490687,0.0507184476121111
2021-02-16,Santa Cruz,087,273765.0,60467,1684,17262,218,43193,1465,6,0,34780,523,47588,523,12808,1153,0.1270432670355962,0.173827918104944,0.0467846510693477
2021-02-16,Shasta,089,179085.0,31318,1202,14379,522,16928,680,1,0,15517,411,23406,411,7889,789,0.0866460060864952,0.1306977133763296,0.0440517072898344
2021-02-16,Sierra,091,2930.0,934,41,82,1,852,40,0,0,409,7,671,7,262,34,0.1395904436860068,0.2290102389078498,0.089419795221843
2021-02-16,Siskiyou,093,43540.0,9441,146,3611,6,5820,140,2,0,4169,102,6801,102,2632,44,0.095751033532384,0.1562011943040882,0.0604501607717041
2021-02-16,Solano,095,438530.0,84704,2619,43949,1397,40747,1222,3,0,34981,1675,59786,1675,24805,939,0.0797687729459786,0.1363327480446035,0.0565639750986249
2021-02-16,Sonoma,097,501317.0,116038,5109,59794,2201,56201,2907,35,0,67240,3775,91566,3777,24326,1322,0.1341267102452141,0.1826508975358904,0.0485241872906763
2021-02-16,Stanislaus,099,539301.0,77321,1455,37770,444,39456,1010,16,0,30602,592,52642,593,22040,836,0.0567438220956386,0.0976115378981311,0.0408677158024924
2021-02-16,Sutter,101,95872.0,15145,297,5423,47,9722,250,0,0,7836,211,11476,211,3640,86,0.0817339786381842,0.1197012683578104,0.0379672897196261
2021-02-16,Tehama,103,63373.0,8653,268,1959,28,6691,240,0,0,4871,76,6753,76,1882,192,0.0768623861897022,0.1065595758446025,0.0296971896549003
2021-02-16,Trinity,105,12862.0,1768,7,325,2,1440,5,1,0,1273,3,1521,3,248,4,0.0989737210387187,0.1182553257658218,0.019281604727103
2021-02-16,Tulare,107,460477.0,53125,2888,24819,1606,28290,1282,6,0,21191,1096,37127,1096,15936,1790,0.046019670906473,0.0806272625994349,0.0346075916929618
2021-02-16,Tuolumne,109,53932.0,11099,562,3957,31,7138,531,2,0,5872,140,8395,142,2523,407,0.1088778461766669,0.1556589779722613,0.0467811317955944
2021-02-16,Ventura,111,848112.0,147821,5923,81343,2780,66400,3142,12,0,68947,3258,108293,3259,39346,2653,0.0812946874941045,0.1276871450940442,0.0463924575999396
2021-02-16,Yolo,113,214977.0,42597,1134,19258,424,23337,710,0,0,21239,792,31890,793,10651,342,0.0987966154518855,0.1483414504807491,0.0495448350288635
2021-02-16,Yuba,115,75493.0,7701,208,2482,54,5214,154,2,0,4323,144,6004,144,1681,63,0.0572635873524697,0.0795305525015564,0.0222669651490866
2021-02-15,Alameda,001,1643700.0,278956,5736,149840,3255,129019,2478,38,3,131288,3665,204898,3670,73610,2062,0.0798734562268053,0.1246565675001521,0.0447831112733467
2021-02-15,Alpine,003,1148.0,400,0,18,0,382,0,0,0,118,0,258,0,140,0,0.102787456445993,0.2247386759581881,0.1219512195121951
2021-02-15,Amador,005,37829.0,7790,205,2963,61,4826,144,1,0,4183,182,5764,182,1581,20,0.1105765418065505,0.1523698749636522,0.0417933331571016
2021-02-15,Butte,007,227075.0,45121,266,21768,53,23345,213,6,0,21199,196,33144,196,11945,70,0.0933568204337773,0.1459605857095673,0.0526037652757899
2021-02-15,Calaveras,009,45235.0,8365,424,2418,27,5947,397,0,0,5232,293,6714,294,1482,126,0.1156626506024096,0.1484248922294683,0.0327622416270586
2021-02-15,Colusa,011,21464.0,2632,48,743,11,1888,37,1,0,1735,39,2183,39,448,8,0.0808330227357435,0.1017051807677972,0.0208721580320536
2021-02-15,Contra Costa,013,1133247.0,239549,4605,132426,2524,107063,2079,27,1,120322,2385,179821,2389,59499,2214,0.106174558591375,0.1586776757405932,0.0525031171492181
2021-02-15,Del Norte,015,27424.0,3248,6,1055,0,2180,6,12,0,1617,4,2433,4,816,2,0.0589629521586931,0.0887179113185531,0.0297549591598599
2021-02-15,El Dorado,017,186661.0,38574,1219,19348,405,19220,814,4,0,17900,842,28198,843,10298,376,0.0958957682643937,0.1510653001966131,0.0551695319322193
2021-02-15,Fresno,019,978130.0,135199,2937,68756,282,66413,2653,7,0,49976,1803,92339,1807,42363,1116,0.0510934129410201,0.0944036068825207,0.0433101939415006
2021-02-15,Glenn,021,27897.0,4134,13,1545,3,2582,10,1,0,2256,10,3191,10,935,3,0.0808689106355522,0.1143850593253754,0.0335161486898232
2021-02-15,Humboldt,023,135768.0,28575,312,13198,89,15339,222,1,0,14940,202,21726,202,6786,109,0.1100406575923634,0.1600229803782923,0.0499823227859289
2021-02-15,Imperial,025,180216.0,21649,178,10054,65,11588,112,3,0,11372,133,16506,133,5134,43,0.063102055311404,0.0915900918897323,0.0284880365783282
2021-02-15,Inyo,027,18085.0,4419,33,1854,12,2514,20,0,0,1669,6,3018,6,1349,26,0.0922864252142659,0.1668786286978158,0.0745922034835499
2021-02-15,Kern,029,883053.0,97572,2786,42964,918,54574,1866,11,1,46463,1218,71940,1219,25477,1557,0.0526163208776823,0.0814673637935661,0.0288510429158838
2021-02-15,Kings,031,150075.0,12840,262,3942,8,8888,254,2,0,6073,146,9490,146,3417,114,0.0404664334499417,0.0632350491420956,0.0227686156921539
2021-02-15,Lake,033,64148.0,10980,167,3482,10,7497,157,1,0,6678,9,8827,9,2149,158,0.1041030117852466,0.1376036665211698,0.0335006547359231
2021-02-15,Lassen,035,31185.0,2888,21,723,1,2162,20,0,0,1145,19,2011,19,866,2,0.0367163700497033,0.0644861311527978,0.0277697611030944
2021-02-15,Los Angeles,037,10098052.0,1730228,34715,874850,16988,854537,17710,309,5,798426,18490,1262565,18509,464139,16126,0.0790673290254397,0.1250305504467594,0.0459632214213196
2021-02-15,Madera,039,155013.0,17663,254,6244,101,11409,153,4,0,7398,165,12467,167,5069,88,0.0477250295136536,0.0804255126989349,0.0327004831852812
2021-02-15,Marin,041,260295.0,64061,1244,34030,376,30024,868,5,0,28352,848,46182,849,17830,396,0.1089225686240611,0.1774217714516222,0.068499202827561
2021-02-15,Mariposa,043,17540.0,2654,11,600,4,2049,7,1,0,1665,9,2144,9,479,1,0.0949258836944127,0.1222348916761687,0.0273090079817559
2021-02-15,Mendocino,045,87422.0,24198,341,10972,46,13222,295,1,0,7911,189,15985,189,8074,151,0.090492095811123,0.1828487108508155,0.0923566150396925
2021-02-15,Merced,047,269075.0,27604,311,16081,46,11262,263,13,0,13419,184,19832,185,6413,114,0.0498708538511567,0.0737043575211372,0.0238335036699804
2021-02-15,Modoc,049,8938.0,2011,0,319,0,1691,0,0,0,927,0,1469,0,542,0,0.1037144775117475,0.1643544417095547,0.0606399641978071
2021-02-15,Mono,051,14174.0,5878,128,4199,126,1667,2,0,0,1845,2,3851,2,2006,125,0.1301679130802878,0.2716946521800479,0.1415267390997601
2021-02-15,Monterey,053,433212.0,55597,1425,26149,170,29332,1253,2,1,26875,989,41152,991,14277,434,0.0620366010175156,0.0949927518166625,0.0329561507991468
2021-02-15,Napa,055,140530.0,37678,881,15036,195,22639,686,2,0,13789,241,25739,241,11950,638,0.0981213975663559,0.1831566213619867,0.0850352237956308
2021-02-15,Nevada,057,99092.0,19420,742,10232,434,9187,308,0,0,12034,564,15718,564,3684,176,0.1214426997133976,0.1586202720703992,0.0371775723570015
2021-02-15,Orange,059,3164182.0,609142,17872,329621,7669,279255,10196,165,5,301382,9243,454909,9262,153527,8575,0.0952479977447567,0.1437682788158203,0.0485202810710635
2021-02-15,Placer,061,380077.0,87680,2260,49226,1036,38444,1224,8,0,41950,1517,64744,1518,22794,745,0.1103723719141121,0.1703444302075632,0.059972058293451
2021-02-15,Plumas,063,18699.0,2782,30,632,5,2144,24,2,1,1401,26,2089,27,688,4,0.074923792716188,0.111717204128563,0.0367934114123749
2021-02-15,Riverside,065,2383286.0,356639,10082,186454,5073,170029,5007,29,0,214610,5528,285358,5535,70748,4533,0.0900479422108802,0.1197330072848999,0.0296850650740196
2021-02-15,Sacramento,067,1510023.0,238557,6122,130183,2092,108327,4030,31,0,114570,4219,176228,4222,61658,1893,0.0758730165037221,0.1167055071346595,0.0408324906309374
2021-02-15,San Benito,069,59416.0,7885,118,2354,12,5514,106,1,0,3742,107,5802,107,2060,11,0.0629796687760872,0.097650464521341,0.0346707957452538
2021-02-15,San Bernardino,071,2135413.0,281473,5580,157972,3023,123433,2556,20,0,132658,3102,206876,3102,74218,2460,0.0621228774012333,0.0968786834209588,0.0347558060197254
2021-02-15,San Diego,073,3302833.0,727000,15335,312609,7744,413847,7579,296,3,392623,7377,559504,7909,166881,7723,0.1188746146111535,0.169401238270297,0.0505266236591435
2021-02-15,San Francisco,075,870044.0,174592,2821,93019,1510,81520,1309,26,2,94565,1682,134513,1682,39948,1136,0.1086899053381208,0.1546048245835842,0.0459149192454634
2021-02-15,San Joaquin,077,732212.0,94089,2194,47116,862,46954,1332,6,0,42334,1242,66226,1244,23892,888,0.0578165886382632,0.0904464827126569,0.0326298940743937
2021-02-15,San Luis Obispo,079,281455.0,49835,781,22075,153,27725,625,8,0,23769,506,36772,506,13003,272,0.0844504450089712,0.130649659803521,0.0461992147945497
2021-02-15,San Mateo,081,765935.0,162172,3175,86460,1470,75637,1703,37,0,71385,1771,116646,1772,45261,1394,0.093199814605678,0.1522922963436845,0.0590924817380064
2021-02-15,Santa Barbara,083,443738.0,74508,1022,38729,363,35738,658,6,1,31921,512,53153,514,21232,505,0.0719365932149151,0.1197846476975152,0.0478480544826
2021-02-15,Santa Clara,085,1922200.0,341683,6437,155611,2864,185877,3566,71,2,160238,2764,250654,2770,90416,3653,0.0833617729684736,0.1303995421912392,0.0470377692227655
2021-02-15,Santa Cruz,087,273765.0,58783,1494,17044,265,41728,1229,6,0,35410,519,47065,520,11655,975,0.129344510803061,0.1719175205011597,0.0425730096980987
2021-02-15,Shasta,089,179085.0,30116,395,13857,110,16248,285,1,0,15895,217,22995,217,7100,177,0.0887567356283329,0.1284027137951252,0.0396459781667923
2021-02-15,Sierra,091,2930.0,893,3,81,2,812,1,0,0,436,0,664,0,228,3,0.1488054607508532,0.2266211604095563,0.077815699658703
2021-02-15,Siskiyou,093,43540.0,9295,109,3605,3,5680,106,2,0,4111,104,6699,104,2588,5,0.0944189251263206,0.1538585209003215,0.0594395957740009
2021-02-15,Solano,095,438530.0,82085,1328,42552,304,39525,1023,3,1,34245,670,58111,671,23866,658,0.0780904385104781,0.1325131689964198,0.0544227304859416
2021-02-15,Sonoma,097,501317.0,110929,2192,57593,825,53294,1367,35,0,64785,1610,87789,1610,23004,580,0.1292296092093426,0.1751167425002543,0.0458871332909117
2021-02-15,Stanislaus,099,539301.0,75866,1922,37326,258,38446,1654,16,8,30845,593,52049,603,21204,1212,0.0571944053506298,0.0965119664157863,0.0393175610651565
2021-02-15,Sutter,101,95872.0,14848,214,5376,74,9472,140,0,0,7711,128,11265,128,3554,86,0.0804301568758344,0.1175004172229639,0.0370702603471295
2021-02-15,Tehama,103,63373.0,8385,68,1931,13,6451,55,0,0,4987,59,6677,59,1690,9,0.0786928187082827,0.1053603269531188,0.0266675082448361
2021-02-15,Trinity,105,12862.0,1761,48,323,0,1435,48,1,0,1274,46,1518,46,244,2,0.0990514694448763,0.1180220805473487,0.0189706111024724
2021-02-15,Tulare,107,460477.0,50237,928,23213,292,27008,635,6,1,21885,658,36031,659,14146,268,0.0475268037274391,0.0782471220060936,0.0307203182786545
2021-02-15,Tuolumne,109,53932.0,10537,226,3926,10,6607,215,2,0,6137,207,8253,208,2116,15,0.1137914410739449,0.1530260327820218,0.0392345917080768
2021-02-15,Ventura,111,848112.0,141898,4030,78563,1824,63258,2205,12,0,68341,2111,105034,2111,36693,1914,0.0805801592242534,0.1238444922368743,0.0432643330126209
2021-02-15,Yolo,113,214977.0,41463,553,18834,213,22627,340,0,0,20788,278,31097,278,10309,275,0.0966987166068928,0.1446526837754736,0.0479539671685808
2021-02-15,Yuba,115,75493.0,7493,95,2428,40,5060,55,2,0,4242,76,5860,76,1618,19,0.0561906401918058,0.0776230908825983,0.0214324506907925
2021-02-14,Alameda,001,1643700.0,273220,4049,146585,2560,126541,1488,35,1,129680,2848,201228,2850,71548,1197,0.0788951755186469,0.1224237999634969,0.04352862444485
2021-02-14,Alpine,003,1148.0,400,0,18,0,382,0,0,0,118,0,258,0,140,0,0.102787456445993,0.2247386759581881,0.1219512195121951
2021-02-14,Amador,005,37829.0,7585,138,2902,56,4682,81,1,1,4021,115,5582,116,1561,23,0.1062941129821036,0.147558751222607,0.0412646382405033
2021-02-14,Butte,007,227075.0,44855,168,21715,11,23132,156,6,0,21073,156,32948,157,11875,11,0.0928019376857866,0.1450974347682483,0.0522954970824617
2021-02-14,Calaveras,009,45235.0,7941,245,2391,68,5550,177,0,0,5064,222,6420,222,1356,22,0.1119487122803139,0.1419255001658008,0.0299767878854869
2021-02-14,Colusa,011,21464.0,2584,22,732,8,1851,14,1,0,1704,16,2144,16,440,5,0.079388743943347,0.0998881848676854,0.0204994409243384
2021-02-14,Contra Costa,013,1133247.0,234944,2209,129902,921,104984,1287,26,1,120147,1278,177432,1280,57285,929,0.1060201350632298,0.1565695739763705,0.0505494389131407
2021-02-14,Del Norte,015,27424.0,3242,4,1055,1,2174,3,12,0,1615,3,2429,3,814,1,0.0588900233372228,0.0885720536756126,0.0296820303383897
2021-02-14,El Dorado,017,186661.0,37355,513,18943,159,18406,353,4,0,17433,403,27355,403,9922,109,0.0933939066007361,0.1465490916688542,0.0531551850681181
2021-02-14,Fresno,019,978130.0,132262,1609,68474,288,63760,1321,7,0,49285,854,90532,857,41247,752,0.050386962878145,0.0925562041855377,0.0421692413073926
2021-02-14,Glenn,021,27897.0,4121,1,1542,0,2572,1,1,0,2249,1,3181,1,932,0,0.0806179875972326,0.1140265978420618,0.0334086102448291
2021-02-14,Humboldt,023,135768.0,28263,116,13109,4,15117,112,1,0,14847,114,21524,115,6677,2,0.1093556655471097,0.1585351481939779,0.0491794826468681
2021-02-14,Imperial,025,180216.0,21471,63,9989,39,11476,24,3,0,11282,60,16373,61,5091,5,0.062602654592267,0.0908520886047853,0.0282494340125183
2021-02-14,Inyo,027,18085.0,4386,4,1842,1,2494,3,0,0,1689,2,3012,2,1323,2,0.0933923140724357,0.1665468620403649,0.0731545479679292
2021-02-14,Kern,029,883053.0,94786,361,42046,21,52708,340,10,0,46801,267,70721,267,23920,91,0.0529990838601986,0.0800869256998164,0.0270878418396177
2021-02-14,Kings,031,150075.0,12578,106,3934,4,8634,102,2,0,6041,98,9344,98,3303,8,0.0402532067299683,0.0622622022322172,0.0220089955022488
2021-02-14,Lake,033,64148.0,10813,19,3472,5,7340,14,1,0,6827,8,8818,8,1991,11,0.106425765417472,0.1374633659662031,0.031037600548731
2021-02-14,Lassen,035,31185.0,2867,10,722,0,2142,10,0,0,1128,9,1992,9,864,1,0.0361712361712361,0.0638768638768638,0.0277056277056277
2021-02-14,Los Angeles,037,10098052.0,1695513,22148,857862,14996,836827,7150,304,0,796043,8822,1244056,8833,448013,13286,0.0788313429164357,0.1231976226701942,0.0443662797537584
2021-02-14,Madera,039,155013.0,17409,397,6143,83,11256,314,4,0,7319,92,12300,93,4981,303,0.0472153948378523,0.0793481837007218,0.0321327888628695
2021-02-14,Marin,041,260295.0,62817,847,33654,327,29156,520,5,0,27899,751,45333,751,17434,96,0.1071822355404445,0.1741600875929234,0.0669778520524789
2021-02-14,Mariposa,043,17540.0,2643,13,596,5,2042,8,1,0,1657,6,2135,6,478,7,0.0944697833523375,0.1217217787913341,0.0272519954389965
2021-02-14,Mendocino,045,87422.0,23857,715,10926,8,12927,707,1,0,7873,135,15796,135,7923,580,0.0900574226167326,0.1806867836471369,0.0906293610304042
2021-02-14,Merced,047,269075.0,27293,130,16035,27,10999,103,13,0,13348,101,19647,102,6299,27,0.0496069868995633,0.0730168168726191,0.0234098299730558
2021-02-14,Modoc,049,8938.0,2011,0,319,0,1691,0,0,0,927,0,1469,0,542,0,0.1037144775117475,0.1643544417095547,0.0606399641978071
2021-02-14,Mono,051,14174.0,5750,0,4073,0,1665,0,0,0,1968,0,3849,0,1881,0,0.138845773952307,0.2715535487512346,0.1327077747989276
2021-02-14,Monterey,053,433212.0,54172,664,25979,82,28079,581,1,0,26318,586,40161,586,13843,79,0.0607508563936363,0.0927051882219329,0.0319543318282965
2021-02-14,Napa,055,140530.0,36797,360,14841,74,21953,286,2,0,14186,185,25498,185,11312,175,0.1009464171351312,0.1814416850494556,0.0804952679143243
2021-02-14,Nevada,057,99092.0,18678,246,9798,133,8879,113,0,0,11646,208,15154,208,3508,38,0.1175271464901303,0.1529285916118354,0.035401445121705
2021-02-14,Orange,059,3164182.0,591270,16910,321952,6756,269059,10152,160,1,300695,9845,445647,9854,144952,7026,0.0950308800189116,0.1408411399849945,0.0458102599660828
2021-02-14,Placer,061,380077.0,85420,1129,48190,699,37220,430,8,0,41177,757,63226,757,22049,369,0.1083385734995803,0.1663505026613028,0.0580119291617224
2021-02-14,Plumas,063,18699.0,2752,11,627,6,2120,5,1,0,1378,10,2062,10,684,1,0.073693780416065,0.1102732766458099,0.0365794962297449
2021-02-14,Riverside,065,2383286.0,346557,5061,181381,1237,165022,3822,29,1,213608,2249,279823,2256,66215,2810,0.0896275142807032,0.1174105835388618,0.0277830692581586
2021-02-14,Sacramento,067,1510023.0,232435,3541,128091,2168,104297,1373,31,0,112241,2197,172006,2199,59765,1339,0.0743306558906718,0.1139095232324275,0.0395788673417557
2021-02-14,San Benito,069,59416.0,7767,43,2342,8,5408,35,1,0,3646,30,5695,30,2049,12,0.0613639423724249,0.0958496028005924,0.0344856604281674
2021-02-14,San Bernardino,071,2135413.0,275893,1650,154949,715,120877,935,20,0,132016,916,203774,916,71758,730,0.0618222329825659,0.0954260370242196,0.0336038040416537
2021-02-14,San Diego,073,3302833.0,711665,11082,304865,7458,406268,3621,293,1,392437,5814,551595,6160,159158,5115,0.1188182993206135,0.1670066273408313,0.0481883280202177
2021-02-14,San Francisco,075,870044.0,171771,3539,91509,2344,80211,1194,24,1,94019,2372,132831,2374,38812,1166,0.1080623508696111,0.1526715890230839,0.0446092381534726
2021-02-14,San Joaquin,077,732212.0,91895,1998,46254,287,45622,1710,6,1,41978,757,64982,758,23004,1187,0.0573303906518877,0.0887475212097042,0.0314171305578165
2021-02-14,San Luis Obispo,079,281455.0,49054,340,21922,55,27100,285,8,0,23535,296,36266,296,12731,43,0.0836190510028246,0.1288518590893748,0.0452328080865502
2021-02-14,San Mateo,081,765935.0,158997,4770,84990,3147,73934,1622,37,1,71007,2001,114874,2003,43867,2760,0.0927063001429625,0.1499787841004785,0.0572724839575159
2021-02-14,Santa Barbara,083,443738.0,73486,351,38366,47,35080,304,5,0,31912,294,52639,294,20727,57,0.0719163109762968,0.1186263065142043,0.0467099955379075
2021-02-14,Santa Clara,085,1922200.0,335246,4706,152747,1197,182311,3508,69,0,161121,1502,247884,1506,86763,3200,0.083821142440953,0.1289584850691915,0.0451373426282384
2021-02-14,Santa Cruz,087,273765.0,57289,1428,16779,69,40499,1359,6,0,35865,1177,46545,1177,10680,251,0.1310065201906745,0.17001808120103,0.0390115610103556
2021-02-14,Shasta,089,179085.0,29721,151,13747,4,15963,147,1,0,15855,123,22778,123,6923,27,0.088533378004858,0.1271909986877739,0.0386576206829159
2021-02-14,Sierra,091,2930.0,890,0,79,0,811,0,0,0,439,0,664,0,225,0,0.1498293515358361,0.2266211604095563,0.0767918088737201
2021-02-14,Siskiyou,093,43540.0,9186,7,3602,3,5574,4,2,0,4012,7,6595,7,2583,0,0.0921451538814882,0.151469912723932,0.0593247588424437
2021-02-14,Solano,095,438530.0,80757,748,42248,212,38502,536,2,0,34232,413,57440,414,23208,333,0.0780607940163728,0.1309830570314459,0.052922263015073
2021-02-14,Sonoma,097,501317.0,108737,2350,56768,1845,51927,504,35,0,63755,1580,86179,1580,22424,765,0.1271750209946999,0.1719052016987255,0.0447301807040255
2021-02-14,Stanislaus,099,539301.0,73944,449,37068,178,36792,271,8,0,31454,360,51446,360,19992,84,0.0583236448662249,0.09539385241266,0.0370702075464351
2021-02-14,Sutter,101,95872.0,14634,105,5302,25,9332,80,0,0,7669,93,11137,93,3468,12,0.0799920727636849,0.1161653037383177,0.0361732309746328
2021-02-14,Tehama,103,63373.0,8317,39,1918,3,6396,36,0,0,4937,37,6618,37,1681,2,0.0779038391744118,0.1044293311031511,0.0265254919287393
2021-02-14,Trinity,105,12862.0,1713,3,323,2,1387,1,1,0,1230,3,1472,3,242,0,0.0956305395739387,0.1144456538640957,0.018815114290157
2021-02-14,Tulare,107,460477.0,49309,345,22921,41,26373,304,5,0,21494,300,35372,300,13878,45,0.0466776842274424,0.0768159973245135,0.030138313097071
2021-02-14,Tuolumne,109,53932.0,10311,164,3916,12,6392,152,2,0,5944,161,8045,161,2101,4,0.1102128606393235,0.1491693243343469,0.0389564636950233
2021-02-14,Ventura,111,848112.0,137868,1247,76739,148,61053,1099,12,0,68144,1017,102923,1019,34779,230,0.080347878582074,0.1213554341879374,0.0410075556058633
2021-02-14,Yolo,113,214977.0,40910,576,18621,167,22287,409,0,0,20785,438,30819,438,10034,132,0.0966847616256622,0.1433595221814426,0.0466747605557803
2021-02-14,Yuba,115,75493.0,7398,55,2388,13,5005,42,2,0,4185,47,5784,47,1599,8,0.0554356033009683,0.0766163750281483,0.02118077172718
2021-02-13,Alameda,001,1643700.0,269171,7853,144025,4111,125053,3739,34,0,128027,5821,198378,5821,70351,2019,0.0778895175518647,0.1206899069173206,0.0428003893654559
2021-02-13,Alpine,003,1148.0,400,0,18,0,382,0,0,0,118,0,258,0,140,0,0.102787456445993,0.2247386759581881,0.1219512195121951
2021-02-13,Amador,005,37829.0,7447,189,2846,82,4601,107,0,0,3928,152,5466,152,1538,31,0.1038356816199212,0.1444923207063364,0.0406566390864151
2021-02-13,Butte,007,227075.0,44687,267,21704,47,22976,220,6,0,20927,158,32791,158,11864,108,0.0921589783111306,0.1444060332489265,0.0522470549377958
2021-02-13,Calaveras,009,45235.0,7696,239,2323,50,5373,189,0,0,4864,215,6198,216,1334,20,0.1075273571349618,0.13701779595446,0.0294904388194981
2021-02-13,Colusa,011,21464.0,2562,57,724,7,1837,50,1,0,1693,47,2128,47,435,10,0.0788762579202385,0.0991427506522549,0.0202664927320164
2021-02-13,Contra Costa,013,1133247.0,232735,5087,128981,1456,103697,3631,25,0,119796,3520,176152,3521,56356,1562,0.1057104055867785,0.1554400761705082,0.0497296705837297
2021-02-13,Del Norte,015,27424.0,3238,4,1054,1,2171,3,12,0,1613,3,2426,3,813,1,0.0588170945157526,0.0884626604434072,0.0296455659276546
2021-02-13,El Dorado,017,186661.0,36842,1259,18784,660,18053,599,4,0,17139,659,26952,659,9813,597,0.0918188587867846,0.1443900975565329,0.0525712387697483
2021-02-13,Fresno,019,978130.0,130653,3788,68186,1591,62439,2196,7,0,49180,2077,89675,2078,40495,1691,0.0502796151840757,0.091680042530134,0.0414004273460583
2021-02-13,Glenn,021,27897.0,4120,35,1542,8,2571,27,1,0,2248,13,3180,13,932,21,0.0805821414489013,0.1139907516937305,0.0334086102448291
2021-02-13,Humboldt,023,135768.0,28147,1553,13105,613,15005,939,1,0,14734,925,21409,925,6675,624,0.1085233633845972,0.1576881150197395,0.0491647516351423
2021-02-13,Imperial,025,180216.0,21408,138,9950,69,11452,69,3,0,11226,110,16312,111,5086,32,0.0622919163670262,0.090513605895148,0.0282216895281218
2021-02-13,Inyo,027,18085.0,4382,51,1841,47,2491,4,0,0,1689,5,3010,5,1321,46,0.0933923140724357,0.1664362731545479,0.0730439590821122
2021-02-13,Kern,029,883053.0,94425,2020,42025,750,52368,1270,10,0,46625,1134,70454,1134,23829,885,0.0527997753249238,0.0797845655923257,0.0269847902674018
2021-02-13,Kings,031,150075.0,12472,254,3930,9,8532,245,2,0,5951,225,9246,225,3295,29,0.0396535065800433,0.0616091954022988,0.0219556888222555
2021-02-13,Lake,033,64148.0,10794,250,3467,5,7326,245,1,0,6830,238,8810,238,1980,11,0.1064725322691276,0.1373386543617883,0.0308661220926607
2021-02-13,Lassen,035,31185.0,2857,6,722,1,2132,5,0,0,1120,5,1983,5,863,1,0.0359147025813692,0.0635882635882635,0.0276735610068943
2021-02-13,Los Angeles,037,10098052.0,1673365,34305,842866,20012,829677,14278,304,3,800496,15177,1235223,15198,434727,19020,0.0792723190571805,0.122322899505766,0.0430505804485855
2021-02-13,Madera,039,155013.0,17012,481,6060,53,10942,427,4,0,7529,122,12207,122,4678,357,0.0485701199254256,0.0787482340190822,0.0301781140936566
2021-02-13,Marin,041,260295.0,61970,2332,33327,1239,28636,1093,5,0,27244,1137,44582,1137,17338,1193,0.1046658598897404,0.1712748996331086,0.0666090397433681
2021-02-13,Mariposa,043,17540.0,2630,16,591,5,2034,11,1,0,1658,11,2129,11,471,4,0.0945267958950969,0.1213797035347776,0.0268529076396807
2021-02-13,Mendocino,045,87422.0,23142,640,10918,17,12220,623,1,0,8318,222,15661,227,7343,418,0.09514767449841,0.1791425499302235,0.0839948754318135
2021-02-13,Merced,047,269075.0,27163,384,16008,219,10896,164,13,0,13273,270,19545,270,6272,103,0.0493282542042181,0.0726377404069497,0.0233094862027315
2021-02-13,Modoc,049,8938.0,2011,2,319,0,1691,2,0,0,927,1,1469,1,542,1,0.1037144775117475,0.1643544417095547,0.0606399641978071
2021-02-13,Mono,051,14174.0,5750,515,4073,511,1665,4,0,0,1968,20,3849,20,1881,495,0.138845773952307,0.2715535487512346,0.1327077747989276
2021-02-13,Monterey,053,433212.0,53508,1161,25897,59,27498,1088,1,0,25811,1036,39575,1036,13764,109,0.0595805287018826,0.0913525017774207,0.031771973075538
2021-02-13,Napa,055,140530.0,36437,544,14767,69,21667,475,2,0,14176,335,25313,335,11137,209,0.1008752579520387,0.1801252401622429,0.0792499822102042
2021-02-13,Nevada,057,99092.0,18432,732,9665,291,8766,441,0,0,11476,426,14946,426,3470,303,0.1158115690469462,0.1508295321519396,0.0350179631049933
2021-02-13,Orange,059,3164182.0,574360,22523,315196,12123,258907,10397,159,2,297867,11218,435793,11289,137926,11218,0.0941371261197996,0.1377269069857549,0.0435897808659552
2021-02-13,Placer,061,380077.0,84291,2627,47491,1476,36790,1151,8,0,40789,1926,62469,1927,21680,698,0.1073177277235928,0.1643588009798014,0.0570410732562086
2021-02-13,Plumas,063,18699.0,2741,84,621,7,2115,77,1,0,1369,22,2052,22,683,62,0.0732124712551473,0.1097384886892347,0.0365260174340873
2021-02-13,Riverside,065,2383286.0,341496,6578,180144,2268,161200,4307,28,1,214162,3191,277567,3194,63405,3372,0.0898599664496833,0.1164639913128344,0.0266040248631511
2021-02-13,Sacramento,067,1510023.0,228894,8263,125923,3054,102924,5208,31,0,111381,6140,169807,6142,58426,2107,0.0737611281417567,0.112453254023283,0.0386921258815263
2021-02-13,San Benito,069,59416.0,7724,76,2334,14,5373,62,1,0,3628,60,5665,60,2037,16,0.0610609936717382,0.0953446882994479,0.0342836946277097
2021-02-13,San Bernardino,071,2135413.0,274243,6108,154234,4017,119942,2089,20,1,131830,3802,202858,3804,71028,2288,0.0617351303939799,0.0949970801901084,0.0332619497961284
2021-02-13,San Diego,073,3302833.0,700583,19995,297407,9048,402647,10939,292,0,391392,10522,545435,10835,154043,9293,0.1185019042743002,0.1651415618046689,0.0466396575303686
2021-02-13,San Francisco,075,870044.0,168232,4533,89165,2676,79017,1855,23,1,92811,3140,130457,3144,37646,1389,0.1066739153422125,0.1499429913889412,0.0432690760467286
2021-02-13,San Joaquin,077,732212.0,89897,2342,45967,419,43912,1923,5,0,42407,1006,64224,1012,21817,1290,0.0579162865399638,0.087712301901635,0.0297960153616712
2021-02-13,San Luis Obispo,079,281455.0,48714,437,21867,147,26815,290,8,0,23282,307,35970,307,12688,129,0.0827201506457515,0.1278001812012577,0.0450800305555062
2021-02-13,San Mateo,081,765935.0,154227,6296,81843,4146,72312,2149,36,0,71764,2680,112871,2681,41107,3600,0.0936946346622102,0.147363679685613,0.0536690450234027
2021-02-13,Santa Barbara,083,443738.0,73135,1286,38319,372,34776,914,5,0,31675,578,52345,579,20670,705,0.0713822120260153,0.117963753386007,0.0465815413599917
2021-02-13,Santa Clara,085,1922200.0,330540,6272,151550,1548,178803,4721,69,0,162815,2276,246378,2279,83563,3984,0.0847024243054833,0.1281750078035584,0.0434725834980751
2021-02-13,Santa Cruz,087,273765.0,55861,1692,16710,123,39140,1568,6,0,34939,1285,45368,1285,10429,404,0.1276240571292897,0.1657187734005442,0.0380947162712545
2021-02-13,Shasta,089,179085.0,29570,1358,13743,382,15816,976,1,0,15759,568,22655,569,6896,790,0.0879973197085183,0.1265041739955887,0.0385068542870703
2021-02-13,Sierra,091,2930.0,890,0,79,0,811,0,0,0,439,0,664,0,225,0,0.1498293515358361,0.2266211604095563,0.0767918088737201
2021-02-13,Siskiyou,093,43540.0,9179,39,3599,2,5570,37,2,0,4005,34,6588,34,2583,5,0.0919843821773082,0.1513091410197519,0.0593247588424437
2021-02-13,Solano,095,438530.0,80009,2941,42036,254,37966,2687,2,0,34151,2497,57026,2498,22875,440,0.0778760860146398,0.1300389939114769,0.0521629078968371
2021-02-13,Sonoma,097,501317.0,106387,2025,54923,1151,51423,874,35,0,62940,1189,84599,1189,21659,834,0.125549303135541,0.1687535032723805,0.0432042001368395
2021-02-13,Stanislaus,099,539301.0,73495,1467,36890,690,36521,777,8,0,31178,1035,51086,1039,19908,412,0.0578118712926547,0.094726321664525,0.0369144503718702
2021-02-13,Sutter,101,95872.0,14529,901,5277,51,9252,850,0,0,7588,783,11044,783,3456,118,0.0791471962616822,0.1151952603471295,0.0360480640854472
2021-02-13,Tehama,103,63373.0,8278,418,1915,17,6360,399,0,0,4902,162,6581,162,1679,253,0.0773515535007021,0.1038454862480867,0.0264939327473845
2021-02-13,Trinity,105,12862.0,1710,11,321,6,1386,5,1,0,1227,5,1469,5,242,6,0.0953972943554657,0.1142124086456227,0.018815114290157
2021-02-13,Tulare,107,460477.0,48964,2500,22880,166,26069,2334,5,0,21239,651,35072,651,13833,1844,0.046123910640488,0.07616449898692,0.030040588346432
2021-02-13,Tuolumne,109,53932.0,10147,165,3904,40,6240,125,2,0,5787,127,7884,127,2097,31,0.1073017874360305,0.1461840836609063,0.0388822962248757
2021-02-13,Ventura,111,848112.0,136621,3843,76591,1849,59954,1993,12,0,67355,2364,101904,2364,34549,1471,0.0794175769238025,0.1201539419321976,0.0407363650083951
2021-02-13,Yolo,113,214977.0,40334,2015,18454,696,21878,1319,0,0,20479,1334,30381,1334,9902,681,0.0952613535401461,0.1413220949217823,0.0460607413816361
2021-02-13,Yuba,115,75493.0,7343,427,2375,35,4963,392,2,0,4146,374,5737,374,1591,52,0.0549189991125005,0.0759938007497383,0.0210748016372378
2021-02-12,Alameda,001,1643700.0,261318,12644,139914,5768,121314,6873,34,2,124225,7730,192557,7735,68332,4887,0.075576443389913,0.1171485064184462,0.0415720630285331
2021-02-12,Alpine,003,1148.0,400,2,18,1,382,1,0,0,118,1,258,1,140,1,0.102787456445993,0.2247386759581881,0.1219512195121951
2021-02-12,Amador,005,37829.0,7258,352,2764,130,4494,222,0,0,3807,271,5314,271,1507,76,0.100637077374501,0.1404742393401887,0.0398371619656877
2021-02-12,Butte,007,227075.0,44420,1014,21657,446,22756,568,6,0,20877,305,32633,305,11756,706,0.0919387867444676,0.1437102278982715,0.0517714411538038
2021-02-12,Calaveras,009,45235.0,7457,605,2273,327,5184,278,0,0,4668,513,5982,515,1314,83,0.1031944290925168,0.1322427323974798,0.0290483033049629
2021-02-12,Colusa,011,21464.0,2505,134,717,10,1787,124,1,0,1656,84,2081,84,425,51,0.0771524412970555,0.0969530376444278,0.0198005963473723
2021-02-12,Contra Costa,013,1133247.0,227648,10344,127525,4689,100066,5654,25,0,117837,5560,172631,5564,54794,4768,0.1039817444917127,0.1523330747842262,0.0483513302925134
2021-02-12,Del Norte,015,27424.0,3234,123,1053,12,2168,111,12,0,1611,69,2423,69,812,54,0.0587441656942823,0.0883532672112018,0.0296091015169194
2021-02-12,El Dorado,017,186661.0,35583,1631,18124,849,17454,782,4,0,17077,697,26293,698,9216,932,0.0914867058464274,0.1408596332388662,0.0493729273924387
2021-02-12,Fresno,019,978130.0,126865,5495,66595,1387,60243,4106,7,1,48793,2630,87597,2634,38804,2842,0.049883962254506,0.0895555805465531,0.039671618292047
2021-02-12,Glenn,021,27897.0,4085,402,1534,95,2544,307,1,0,2256,335,3167,335,911,67,0.0808689106355522,0.1135247517654228,0.0326558411298706
2021-02-12,Humboldt,023,135768.0,26594,1238,12492,773,14066,465,1,0,14433,756,20484,756,6051,481,0.1063063461198515,0.1508750220965176,0.044568675976666
2021-02-12,Imperial,025,180216.0,21270,2235,9881,1475,11383,760,3,0,11147,1860,16201,1863,5054,375,0.0618535535135615,0.0898976783415457,0.0280441248279841
2021-02-12,Inyo,027,18085.0,4331,295,1794,47,2487,247,0,0,1730,166,3005,166,1275,128,0.0956593862316837,0.1661598009400055,0.0705004147083218
2021-02-12,Kern,029,883053.0,92405,5077,41275,1923,51098,3152,10,1,46376,2476,69320,2476,22944,2585,0.0525177990449044,0.0785003844616348,0.0259825854167303
2021-02-12,Kings,031,150075.0,12218,738,3921,42,8287,694,2,0,5755,354,9021,354,3266,380,0.0383474929202065,0.0601099450274862,0.0217624521072796
2021-02-12,Lake,033,64148.0,10544,368,3462,31,7081,337,1,0,6603,280,8572,280,1969,87,0.1029338404938579,0.1336284841304483,0.0306946436365903
2021-02-12,Lassen,035,31185.0,2851,27,721,6,2127,21,0,0,1116,11,1978,11,862,16,0.0357864357864357,0.0634279300945967,0.0276414943081609
2021-02-12,Los Angeles,037,10098052.0,1639060,61675,822854,30457,815399,31197,301,5,804318,26521,1220025,26546,415707,34932,0.0796508078983946,0.1208178567509852,0.0411670488525905
2021-02-12,Madera,039,155013.0,16531,853,6007,128,10515,725,4,0,7764,324,12085,324,4321,522,0.0500861218091385,0.0779612032539206,0.027875081444782
2021-02-12,Marin,041,260295.0,59638,3123,32088,1547,27543,1576,5,0,27300,1586,43445,1587,16145,1531,0.1048810004033884,0.1669067788470773,0.0620257784436888
2021-02-12,Mariposa,043,17540.0,2614,202,586,10,2023,192,1,0,1651,139,2118,139,467,58,0.094127708095781,0.1207525655644241,0.0266248574686431
2021-02-12,Mendocino,045,87422.0,22502,1462,10901,165,11597,1297,1,0,8509,655,15434,656,6925,807,0.0973324792386355,0.1765459495321543,0.0792134702935188
2021-02-12,Merced,047,269075.0,26779,1853,15789,1056,10732,777,13,1,13106,772,19275,776,6169,1014,0.0487076094025829,0.0716343027037071,0.0229266933011242
2021-02-12,Modoc,049,8938.0,2009,12,319,4,1689,8,0,0,927,4,1468,4,541,8,0.1037144775117475,0.1642425598567912,0.0605280823450436
2021-02-12,Mono,051,14174.0,5235,94,3562,22,1661,72,0,0,2443,28,3829,28,1386,66,0.1723578382954705,0.2701425144631014,0.0977846761676308
2021-02-12,Monterey,053,433212.0,52347,2772,25838,468,26410,2295,1,0,24884,1594,38539,1594,13655,1167,0.0574406987802738,0.0889610629437781,0.0315203641635042
2021-02-12,Napa,055,140530.0,35893,2185,14698,849,21192,1336,2,0,14050,682,24978,682,10928,1499,0.0999786522450722,0.1777414075286415,0.0777627552835693
2021-02-12,Nevada,057,99092.0,17700,1339,9374,461,8325,878,0,0,11353,1011,14520,1011,3167,328,0.1145702983086424,0.1465304969119606,0.0319601986033181
2021-02-12,Orange,059,3164182.0,551837,25751,303073,12321,248510,13423,157,5,297796,14885,424504,14898,126708,10799,0.0941146874610878,0.1341591602505797,0.0400444727894918
2021-02-12,Placer,061,380077.0,81664,2963,46015,1371,35639,1591,8,1,39560,1637,60542,1638,20982,1305,0.1040841724176943,0.1592887756954512,0.0552046032777568
2021-02-12,Plumas,063,18699.0,2657,128,614,4,2038,122,1,0,1409,123,2030,123,621,3,0.0753516230814482,0.1085619551847692,0.033210332103321
2021-02-12,Riverside,065,2383286.0,334918,18006,177876,10755,156893,7250,27,0,214340,12682,274373,12691,60033,5285,0.0899346532476589,0.1151238248368009,0.025189171589142
2021-02-12,Sacramento,067,1510023.0,220631,10920,122869,4250,97716,6669,31,1,107346,6494,163665,6498,56319,4388,0.0710889834128354,0.1083857663095198,0.0372967828966843
2021-02-12,San Benito,069,59416.0,7648,458,2320,35,5311,423,1,0,3584,235,5605,235,2021,223,0.060320452403393,0.094334859297159,0.0340144068937659
2021-02-12,San Bernardino,071,2135413.0,268135,10653,150217,5982,117853,4671,19,0,130314,5746,199054,5748,68740,4884,0.0610251974676561,0.0932156917654805,0.0321904942978243
2021-02-12,San Diego,073,3302833.0,680588,23935,288359,7557,391708,16372,292,3,389850,11526,534600,12020,144750,12170,0.1180350323495011,0.161861044745526,0.0438260123960248
2021-02-12,San Francisco,075,870044.0,163699,5596,86489,2818,77162,2774,22,1,91056,3636,127313,3639,36257,1950,0.1046567759791458,0.1463293810427978,0.0416726050636519
2021-02-12,San Joaquin,077,732212.0,87555,3203,45548,1200,41989,2003,5,0,42685,1755,63212,1755,20527,1396,0.0582959580012346,0.0863301885246349,0.0280342305234003
2021-02-12,San Luis Obispo,079,281455.0,48277,858,21720,372,26525,484,8,0,23104,437,35663,437,12559,418,0.0820877227265459,0.12670942068892,0.044621697962374
2021-02-12,San Mateo,081,765935.0,147931,6727,77697,3033,70163,3691,36,1,72683,4718,110190,4721,37507,1999,0.0948944753797646,0.1438633826630197,0.0489689072832551
2021-02-12,Santa Barbara,083,443738.0,71849,3312,37947,958,33862,2354,5,0,31801,785,51766,785,19965,2521,0.0716661633666713,0.1166589293682308,0.0449927660015594
2021-02-12,Santa Clara,085,1922200.0,324268,14856,150002,4604,174082,10251,69,0,164520,7049,244099,7051,79579,7765,0.0855894287795234,0.1269893871605452,0.0413999583810217
2021-02-12,Santa Cruz,087,273765.0,54169,3090,16587,419,37572,2671,6,0,34058,1716,44083,1718,10025,1366,0.1244059686227238,0.161024966668493,0.0366189980457691
2021-02-12,Shasta,089,179085.0,28212,2259,13361,1694,14840,563,1,1,15980,1693,22086,1693,6106,563,0.089231370578217,0.1233269118016584,0.0340955412234413
2021-02-12,Sierra,091,2930.0,890,19,79,0,811,19,0,0,439,19,664,19,225,0,0.1498293515358361,0.2266211604095563,0.0767918088737201
2021-02-12,Siskiyou,093,43540.0,9140,1675,3597,1173,5533,501,2,0,3976,503,6554,503,2578,1170,0.0913183279742765,0.150528249885163,0.0592099219108865
2021-02-12,Solano,095,438530.0,77068,4394,41782,1628,35279,2766,2,0,32093,2983,54528,2983,22435,1405,0.0731831345631997,0.1243426903518573,0.0511595557886575
2021-02-12,Sonoma,097,501317.0,104362,6065,53772,3331,50549,2734,35,0,62585,4543,83410,4545,20825,1515,0.124841168362533,0.1663817504692639,0.0415405821067308
2021-02-12,Stanislaus,099,539301.0,72028,3495,36200,997,35744,2495,8,1,30551,1509,50047,1514,19496,1879,0.0566492552396528,0.092799753755324,0.0361504985156712
2021-02-12,Sutter,101,95872.0,13628,652,5226,66,8402,586,0,0,6923,320,10261,321,3338,332,0.0722108644859813,0.1070281208277703,0.034817256341789
2021-02-12,Tehama,103,63373.0,7860,430,1898,103,5961,327,0,0,4993,210,6419,210,1426,219,0.0787874962523472,0.101289192558345,0.0225016963059978
2021-02-12,Trinity,105,12862.0,1699,44,315,17,1381,26,1,1,1228,37,1464,38,236,7,0.0954750427616233,0.1138236666148344,0.018348623853211
2021-02-12,Tulare,107,460477.0,46464,2810,22714,564,23735,2244,5,1,22432,1149,34421,1150,11989,1655,0.0487147023629844,0.0747507475943423,0.0260360452313579
2021-02-12,Tuolumne,109,53932.0,9982,687,3864,28,6115,659,2,0,5691,229,7757,229,2066,444,0.1055217681524883,0.1438292664837202,0.0383074983312319
2021-02-12,Ventura,111,848112.0,132778,6723,74742,2731,57961,3988,12,0,66462,3539,99540,3539,33078,3169,0.0783646499518931,0.1173665742260456,0.0390019242741524
2021-02-12,Yolo,113,214977.0,38319,1921,17758,761,20559,1160,0,0,19826,1426,29047,1426,9221,494,0.0922238192922963,0.1351167799345976,0.0428929606423012
2021-02-12,Yuba,115,75493.0,6916,276,2340,33,4571,243,2,0,3824,152,5363,152,1539,124,0.0506537029923304,0.0710396990449445,0.0203859960526141
2021-02-11,Alameda,001,1643700.0,248674,14093,134146,8095,114441,5995,32,1,121377,8113,184822,8117,63445,5954,0.0738437671107866,0.1124426598527711,0.0385988927419845
2021-02-11,Alpine,003,1148.0,398,7,17,1,381,6,0,0,118,4,257,4,139,3,0.102787456445993,0.2238675958188153,0.1210801393728223
2021-02-11,Amador,005,37829.0,6906,326,2634,128,4272,198,0,0,3612,150,5043,151,1431,163,0.0954823019376668,0.1333104232202807,0.0378281212826138
2021-02-11,Butte,007,227075.0,43406,2251,21211,1376,22188,875,6,0,21278,1019,32328,1019,11050,1228,0.0937047231091049,0.1423670593416272,0.0486623362325222
2021-02-11,Calaveras,009,45235.0,6852,617,1946,103,4906,514,0,0,4236,485,5467,485,1231,118,0.0936443019785564,0.1208577428981983,0.0272134409196418
2021-02-11,Colusa,011,21464.0,2371,131,707,53,1663,78,1,0,1623,88,1997,88,374,43,0.0756149832277301,0.0930395080134178,0.0174245247856876
2021-02-11,Contra Costa,013,1133247.0,217304,9738,122836,4439,94412,5298,25,0,117041,5373,167067,5378,50026,4350,0.1032793380436921,0.1474232890093686,0.0441439509656765
2021-02-11,Del Norte,015,27424.0,3111,176,1041,57,2057,119,12,0,1596,61,2354,61,758,115,0.0581971995332555,0.0858372228704784,0.0276400233372228
2021-02-11,El Dorado,017,186661.0,33952,2200,17275,917,16672,1283,4,0,17311,761,25595,762,8284,1435,0.0927403153310011,0.1371202340071038,0.0443799186761026
2021-02-11,Fresno,019,978130.0,121370,6567,65208,2123,56137,4444,6,0,49001,3315,84963,3317,35962,3236,0.0500966129246623,0.0868626869639005,0.0367660740392381
2021-02-11,Glenn,021,27897.0,3683,269,1439,165,2237,104,1,0,1988,184,2832,185,844,85,0.0712621428827472,0.1015162920744166,0.0302541491916693
2021-02-11,Humboldt,023,135768.0,25356,1352,11719,401,13601,951,1,0,14158,501,19728,501,5570,849,0.1042808320075422,0.1453066996641329,0.0410258676565906
2021-02-11,Imperial,025,180216.0,19035,1119,8406,405,10623,714,3,0,9659,207,14338,207,4679,908,0.0535967949571625,0.079560083455409,0.0259632884982465
2021-02-11,Inyo,027,18085.0,4036,247,1747,58,2240,188,0,0,1692,148,2839,149,1147,98,0.0935581974011611,0.1569809234171965,0.0634227260160354
2021-02-11,Kern,029,883053.0,87328,4337,39352,1553,47946,2783,9,0,46485,2218,66844,2219,20359,2108,0.0526412344445916,0.0756964757494737,0.023055241304882
2021-02-11,Kings,031,150075.0,11480,548,3879,66,7593,481,2,0,5781,359,8667,359,2886,186,0.0385207396301849,0.0577511244377811,0.0192303848075962
2021-02-11,Lake,033,64148.0,10176,191,3431,18,6744,173,1,0,6410,64,8292,64,1882,128,0.0999251730373511,0.1292635779759306,0.0293384049385795
2021-02-11,Lassen,035,31185.0,2824,158,715,10,2106,147,0,0,1121,60,1967,60,846,96,0.0359467692801026,0.0630751964085297,0.0271284271284271
2021-02-11,Los Angeles,037,10098052.0,1577385,60037,792397,32032,784202,27989,296,8,812704,28605,1193479,28616,380775,31205,0.0804812650994469,0.1181890328946612,0.0377077677952143
2021-02-11,Madera,039,155013.0,15678,931,5879,311,9790,620,4,0,7962,393,11761,393,3799,533,0.0513634340345648,0.0758710559759504,0.0245076219413855
2021-02-11,Marin,041,260295.0,56515,2914,30541,1651,25967,1263,5,0,27244,1479,41858,1483,14614,1428,0.1046658598897404,0.1608098503620891,0.0561439904723486
2021-02-11,Mariposa,043,17540.0,2412,414,576,10,1831,402,1,0,1570,383,1979,385,409,28,0.0895096921322691,0.1128278221208665,0.0233181299885974
2021-02-11,Mendocino,045,87422.0,21040,1381,10736,221,10300,1160,1,0,8660,307,14778,307,6118,1073,0.0990597332479238,0.1690421175447827,0.0699823842968589
2021-02-11,Merced,047,269075.0,24926,2628,14733,2079,9955,538,12,3,13344,1816,18499,1821,5155,756,0.0495921211558115,0.0687503484158691,0.0191582272600576
2021-02-11,Modoc,049,8938.0,1997,201,315,2,1681,199,0,0,931,81,1464,81,533,120,0.1041620049228015,0.1637950324457373,0.0596330275229357
2021-02-11,Mono,051,14174.0,5141,13,3540,5,1589,8,0,0,2481,6,3801,6,1320,7,0.1750388034429236,0.268167066459715,0.0931282630167913
2021-02-11,Monterey,053,433212.0,49575,2643,25370,1002,24115,1637,1,0,24457,1595,36945,1597,12488,1041,0.0564550381799211,0.0852815711476136,0.0288265329676924
2021-02-11,Napa,055,140530.0,33708,1518,13849,211,19856,1307,2,0,14867,407,24296,408,9429,1099,0.1057923575037358,0.1728883512417277,0.0670959937379918
2021-02-11,Nevada,057,99092.0,16361,965,8913,544,7447,421,0,0,10670,616,13509,616,2839,351,0.1076777136398498,0.1363278569410245,0.0286501433011746
2021-02-11,Orange,059,3164182.0,526086,23037,290752,11953,235087,11079,152,3,293697,12447,409606,12468,115909,10498,0.0928192499672901,0.1294508343704629,0.0366315844031727
2021-02-11,Placer,061,380077.0,78701,3711,44644,1912,34048,1799,7,0,39227,1563,58904,1563,19677,2137,0.1032080341614988,0.1549791226514627,0.0517710884899638
2021-02-11,Plumas,063,18699.0,2529,348,610,8,1916,340,1,0,1289,288,1907,288,618,60,0.0689341676025455,0.101984063318894,0.0330498957163484
2021-02-11,Riverside,065,2383286.0,316912,16953,167121,9070,149643,7879,27,0,206934,12101,261682,12110,54748,4842,0.086827178945372,0.109798823976644,0.0229716450312719
2021-02-11,Sacramento,067,1510023.0,209711,9818,118619,5810,91047,4007,30,0,105236,5583,157167,5585,51931,4219,0.0696916537032879,0.1040825205973683,0.0343908668940804
2021-02-11,San Benito,069,59416.0,7190,343,2285,38,4888,304,1,0,3572,219,5370,219,1798,123,0.0601184866029352,0.0903796957048606,0.0302612091019254
2021-02-11,San Bernardino,071,2135413.0,257482,12672,144235,7186,113182,5485,19,0,129450,7958,193306,7963,63856,4692,0.0606205918948699,0.0905239408020837,0.0299033489072137
2021-02-11,San Diego,073,3302833.0,656653,24384,280802,10455,375336,13921,289,3,390000,12680,522580,12989,132580,11462,0.1180804479063882,0.1582217447869753,0.040141296880587
2021-02-11,San Francisco,075,870044.0,158103,7125,83671,4240,74388,2883,21,0,89367,5168,123674,5173,34307,1951,0.1027154948485364,0.1421468339532253,0.0394313391046889
2021-02-11,San Joaquin,077,732212.0,84352,3308,44348,1572,39986,1736,5,0,42326,1815,61457,1815,19131,1370,0.0578056628408165,0.083933341709778,0.0261276788689614
2021-02-11,San Luis Obispo,079,281455.0,47419,1370,21348,864,26041,506,8,0,23085,670,35226,670,12141,698,0.0820202163756195,0.125156774617612,0.0431365582419925
2021-02-11,San Mateo,081,765935.0,141204,7179,74664,3701,66472,3477,35,0,69961,3869,105469,3872,35508,3298,0.0913406490106862,0.1376996742543427,0.0463590252436564
2021-02-11,Santa Barbara,083,443738.0,68537,4333,36989,2889,31508,1441,5,0,33537,689,50981,689,17444,3630,0.0755783818379313,0.1148898674443027,0.0393114856063713
2021-02-11,Santa Clara,085,1922200.0,309412,14081,145398,4926,163831,9152,69,0,165234,7878,237048,7880,71814,6171,0.0859608781604411,0.1233211944646758,0.0373603163042347
2021-02-11,Santa Cruz,087,273765.0,51079,1761,16168,297,34901,1463,6,0,33706,1252,42365,1252,8659,504,0.1231201943272514,0.1547495114422954,0.0316293171150439
2021-02-11,Shasta,089,179085.0,25953,889,11667,194,14277,695,0,0,14850,309,20393,309,5543,580,0.0829215177150515,0.1138733003880838,0.0309517826730323
2021-02-11,Sierra,091,2930.0,871,180,79,2,792,178,0,0,420,125,645,125,225,55,0.1433447098976109,0.220136518771331,0.0767918088737201
2021-02-11,Siskiyou,093,43540.0,7465,219,2424,3,5032,215,2,1,4643,185,6051,186,1408,34,0.1066375746440055,0.1389756545705098,0.0323380799265043
2021-02-11,Solano,095,438530.0,72674,2706,40154,1512,32513,1194,2,0,30515,1225,51545,1226,21030,1472,0.0695847490479556,0.1175404191275397,0.047955670079584
2021-02-11,Sonoma,097,501317.0,98297,5704,50441,3053,47815,2651,35,0,59555,4368,78865,4369,19310,1335,0.1187970884689727,0.1573156306289234,0.0385185421599506
2021-02-11,Stanislaus,099,539301.0,68533,5593,35203,3375,33249,2212,7,3,30916,1245,48533,1251,17617,4152,0.0573260572481786,0.0899924161090003,0.0326663588608216
2021-02-11,Sutter,101,95872.0,12976,601,5160,264,7816,337,0,0,6934,308,9940,308,3006,293,0.072325600801068,0.103679906542056,0.0313543057409879
2021-02-11,Tehama,103,63373.0,7430,253,1795,22,5634,231,0,0,5002,94,6209,94,1207,157,0.0789295125684439,0.0979754785160872,0.0190459659476433
2021-02-11,Trinity,105,12862.0,1655,343,298,3,1355,340,0,0,1197,337,1426,337,229,6,0.0930648421707355,0.1108692271808427,0.0178043850101072
2021-02-11,Tulare,107,460477.0,43654,1383,22150,386,21491,996,4,0,22937,880,33271,880,10334,500,0.0498113912312667,0.0722533373002343,0.0224419460689676
2021-02-11,Tuolumne,109,53932.0,9295,157,3836,74,5456,83,2,0,5906,83,7528,83,1622,68,0.1095082696729214,0.1395831788177705,0.030074909144849
2021-02-11,Ventura,111,848112.0,126055,4879,72011,1905,53973,2971,12,0,66092,2632,96001,2635,29909,2238,0.0779283868168355,0.113193776293697,0.0352653894768615
2021-02-11,Yolo,113,214977.0,36398,1597,16997,827,19399,770,0,0,18894,1169,27621,1169,8727,427,0.0878884717900054,0.1284835121896761,0.0405950403996706
2021-02-11,Yuba,115,75493.0,6640,396,2307,68,4328,328,2,0,3796,293,5211,293,1415,101,0.050282807677533,0.0690262673360444,0.0187434596585113
2021-02-10,Alameda,001,1643700.0,234581,11686,126051,6889,108446,4796,31,0,119214,6487,176705,6493,57491,5185,0.0725278335462675,0.107504410780556,0.0349765772342884
2021-02-10,Alpine,003,1148.0,391,34,16,0,375,34,0,0,117,0,253,0,136,34,0.1019163763066202,0.220383275261324,0.1184668989547038
2021-02-10,Amador,005,37829.0,6580,996,2506,83,4074,913,0,0,3624,701,4892,702,1268,39,0.0957995188876258,0.129318776599963,0.033519257712337
2021-02-10,Butte,007,227075.0,41155,1721,19835,1200,21313,521,6,0,21487,648,31309,649,9822,1072,0.0946251238577562,0.1378795552130353,0.043254431355279
2021-02-10,Calaveras,009,45235.0,6235,532,1843,37,4392,495,0,0,3869,449,4982,449,1113,71,0.0855311152868354,0.1101359566707195,0.0246048413838841
2021-02-10,Colusa,011,21464.0,2240,173,654,44,1585,129,1,0,1578,128,1909,128,331,45,0.0735184494968319,0.0889396198285501,0.0154211703317182
2021-02-10,Contra Costa,013,1133247.0,207566,8902,118397,4772,89114,4129,25,1,116013,5390,161689,5393,45676,3500,0.102372210118359,0.1426776333844254,0.0403054232660664
2021-02-10,Del Norte,015,27424.0,2935,147,984,22,1938,125,12,0,1650,87,2293,87,643,58,0.0601662777129521,0.0836128938156359,0.0234466161026837
2021-02-10,El Dorado,017,186661.0,31752,1313,16358,758,15389,555,4,0,17984,688,24833,688,6849,622,0.0963457819255227,0.133037967224005,0.0366921852984822
2021-02-10,Fresno,019,978130.0,114803,3961,63085,1235,51693,2723,6,1,48920,1939,81646,1944,32726,1998,0.0500138018463803,0.0834715221903019,0.0334577203439215
2021-02-10,Glenn,021,27897.0,3414,146,1274,19,2133,127,1,0,1888,75,2647,75,759,71,0.067677528049611,0.0948847546331146,0.0272072265835036
2021-02-10,Humboldt,023,135768.0,24004,586,11318,375,12650,211,1,0,14506,220,19227,220,4721,364,0.1068440280478463,0.1416165812267986,0.0347725531789523
2021-02-10,Imperial,025,180216.0,17916,527,8001,90,9909,437,3,0,10360,149,14131,152,3771,377,0.057486571669552,0.0784114618013938,0.0209248901318417
2021-02-10,Inyo,027,18085.0,3789,181,1689,17,2052,161,0,0,1641,114,2690,114,1049,64,0.0907381808128283,0.1487420514238319,0.0580038706110035
2021-02-10,Kern,029,883053.0,82991,3871,37799,1686,45163,2182,9,0,46374,1883,64625,1883,18251,1971,0.0525155341751854,0.0731836027962081,0.0206680686210227
2021-02-10,Kings,031,150075.0,10932,408,3813,117,7112,291,2,0,5608,272,8308,272,2700,136,0.037367982675329,0.0553589871730801,0.0179910044977511
2021-02-10,Lake,033,64148.0,9985,346,3413,45,6571,301,1,0,6474,262,8228,262,1754,84,0.1009228658726694,0.1282658851406123,0.0273430192679428
2021-02-10,Lassen,035,31185.0,2666,150,705,12,1959,138,0,0,1157,41,1907,41,750,109,0.0371011704345037,0.0611511944845278,0.024050024050024
2021-02-10,Los Angeles,037,10098052.0,1517348,69291,760365,30133,756213,39146,288,3,815293,30774,1164863,30787,349570,38324,0.0807376511826241,0.1153552190065965,0.0346175678239723
2021-02-10,Madera,039,155013.0,14747,457,5568,156,9170,301,4,0,8102,296,11368,296,3266,161,0.052266584092947,0.0733357847406346,0.0210692006476876
2021-02-10,Marin,041,260295.0,53601,2347,28890,1489,24704,858,5,0,27189,1253,40375,1254,13186,1094,0.104454561170979,0.1551124685453043,0.0506579073743252
2021-02-10,Mariposa,043,17540.0,1998,37,566,7,1429,30,1,0,1213,20,1594,23,381,16,0.0691562143671607,0.0908779931584948,0.021721778791334
2021-02-10,Mendocino,045,87422.0,19659,1527,10515,957,9140,570,1,0,9426,754,14471,755,5045,764,0.107821829745373,0.165530415684839,0.057708585939466
2021-02-10,Merced,047,269075.0,22298,1977,12654,1420,9417,521,9,0,12279,1311,16678,1311,4399,583,0.0456341168819102,0.0619827185728886,0.0163486016909783
2021-02-10,Modoc,049,8938.0,1796,8,313,4,1482,4,0,0,970,5,1383,5,413,3,0.1085253971805773,0.1547326023718953,0.0462072051913179
2021-02-10,Mono,051,14174.0,5128,523,3535,171,1581,350,0,0,2482,191,3795,192,1313,330,0.1751093551573303,0.267743756173275,0.0926344010159446
2021-02-10,Monterey,053,433212.0,46932,2222,24368,1133,22478,1084,1,0,23901,1312,35348,1313,11447,903,0.0551716018946843,0.0815951543355216,0.0264235524408372
2021-02-10,Napa,055,140530.0,32190,1762,13638,203,18549,1559,2,0,15558,453,23888,454,8330,1308,0.110709457055433,0.1699850565715505,0.0592755995161175
2021-02-10,Nevada,057,99092.0,15396,702,8369,351,7026,351,0,0,10405,468,12893,468,2488,235,0.1050034311548863,0.1301114116174867,0.0251079804626004
2021-02-10,Orange,059,3164182.0,503049,21782,278799,11589,224008,10187,149,1,291727,13011,397138,13024,105411,8699,0.0921966561973995,0.1255104794856933,0.0333138232882937
2021-02-10,Placer,061,380077.0,74990,3800,42732,2218,32249,1582,7,0,39801,1725,57341,1726,17540,2068,0.1047182544589648,0.1508667980435543,0.0461485435845894
2021-02-10,Plumas,063,18699.0,2181,125,602,18,1576,106,1,0,1061,115,1619,115,558,10,0.0567410021926306,0.0865821701695277,0.0298411679768971
2021-02-10,Riverside,065,2383286.0,299959,12695,158051,7267,141764,5392,27,0,199666,9099,249572,9103,49906,3530,0.0837776078909539,0.1047176041817893,0.0209399962908354
2021-02-10,Sacramento,067,1510023.0,199893,7893,112809,4303,87040,3590,30,0,103870,4539,151582,4542,47712,3330,0.0687870317207089,0.1003839014372628,0.0315968697165539
2021-02-10,San Benito,069,59416.0,6847,354,2247,95,4584,259,1,0,3476,119,5151,119,1675,234,0.0585027601992729,0.086693819846506,0.028191059647233
2021-02-10,San Bernardino,071,2135413.0,244810,12261,137049,6472,107697,5784,19,2,126179,8020,185343,8021,59164,4221,0.0590888038988242,0.0867949197649354,0.0277061158661111
2021-02-10,San Diego,073,3302833.0,632269,23550,270347,9631,361415,13908,286,1,388473,13806,509591,14178,121118,9545,0.1176181175372778,0.1542890603309341,0.0366709427936562
2021-02-10,San Francisco,075,870044.0,150978,7280,79431,4425,71505,2850,21,1,86145,5322,118501,5327,32356,1943,0.0990122338640344,0.136201157642602,0.0371889237785675
2021-02-10,San Joaquin,077,732212.0,81044,2959,42776,1310,38250,1648,5,1,41881,1507,59642,1508,17761,1366,0.0571979153578471,0.0814545514140713,0.0242566360562241
2021-02-10,San Luis Obispo,079,281455.0,46049,1498,20484,496,25535,1001,8,0,23113,565,34556,565,11443,923,0.08211969941909,0.1227762875059956,0.0406565880869055
2021-02-10,San Mateo,081,765935.0,134025,6634,70963,3381,62995,3252,35,0,69387,3360,101597,3360,32210,3265,0.090591238159896,0.1326444149960506,0.0420531768361545
2021-02-10,Santa Barbara,083,443738.0,64204,2814,34100,1512,30067,1302,5,0,36478,750,50292,751,13814,2054,0.0822061667019727,0.1133371493989696,0.0311309826969968
2021-02-10,Santa Clara,085,1922200.0,295331,12978,140472,5118,154679,7855,69,1,163525,6695,229168,6697,65643,6242,0.0850717927374883,0.1192217251066486,0.0341499323691603
2021-02-10,Santa Cruz,087,273765.0,49318,2073,15871,531,33438,1541,6,0,32958,1408,41113,1410,8155,656,0.1203879239493726,0.1501762460504447,0.029788322101072
2021-02-10,Shasta,089,179085.0,25064,1124,11473,797,13582,326,0,0,15121,535,20084,535,4963,588,0.0844347656140938,0.1121478627467403,0.0277130971326465
2021-02-10,Sierra,091,2930.0,691,4,77,1,614,3,0,0,350,3,520,3,170,1,0.1194539249146757,0.1774744027303754,0.0580204778156996
2021-02-10,Siskiyou,093,43540.0,7246,388,2421,44,4817,343,1,0,4491,319,5865,319,1374,67,0.1031465319246669,0.1347037207165824,0.0315571887919154
2021-02-10,Solano,095,438530.0,69968,2374,38642,1524,31319,849,2,0,30761,853,50319,853,19558,1514,0.070145714090256,0.1147447152988393,0.0445990012085832
2021-02-10,Sonoma,097,501317.0,92593,4694,47388,2527,45164,2166,35,0,56521,3610,74496,3611,17975,1073,0.1127450295920545,0.1486005860563276,0.0358555564642731
2021-02-10,Stanislaus,099,539301.0,62940,2050,31828,564,31037,1482,4,0,33817,1040,47282,1041,13465,957,0.0627052425269005,0.0876727467592309,0.0249675042323303
2021-02-10,Sutter,101,95872.0,12375,815,4896,385,7479,430,0,0,6919,183,9632,183,2713,629,0.0721691421895861,0.1004672897196261,0.02829814753004
2021-02-10,Tehama,103,63373.0,7177,268,1773,75,5403,193,0,0,5065,172,6115,172,1050,96,0.0799236267811213,0.09649219699241,0.0165685702112887
2021-02-10,Trinity,105,12862.0,1312,122,295,10,1015,112,0,0,866,100,1089,100,223,22,0.0673301197325454,0.0846680143057067,0.0173378945731612
2021-02-10,Tulare,107,460477.0,42271,2511,21764,1983,20495,527,4,0,22557,2089,32391,2089,9834,419,0.0489861600036483,0.0703422755099603,0.0213561155063119
2021-02-10,Tuolumne,109,53932.0,9138,106,3762,19,5373,87,2,0,5891,38,7445,38,1554,67,0.1092301416598679,0.1380442038122079,0.0288140621523399
2021-02-10,Ventura,111,848112.0,121176,5015,70106,2299,51002,2714,12,1,65695,2577,93366,2580,27671,2427,0.0774602882638142,0.1100868753183541,0.0326265870545399
2021-02-10,Yolo,113,214977.0,34801,1493,16170,472,18629,1020,0,0,18152,854,26452,857,8300,638,0.0844369397656493,0.1230457211701716,0.0386087814045223
2021-02-10,Yuba,115,75493.0,6244,372,2239,185,4000,187,2,0,3604,128,4918,128,1314,243,0.0477395255189222,0.0651451127919144,0.0174055872729922
2021-02-09,Alameda,001,1643700.0,222895,9806,119162,5842,103650,3962,31,2,117906,6078,170212,6081,52306,3713,0.0717320678956013,0.1035541765528989,0.0318221086572975
2021-02-09,Alpine,003,1148.0,357,0,16,0,341,0,0,0,151,0,253,0,102,0,0.1315331010452961,0.220383275261324,0.0888501742160278
2021-02-09,Amador,005,37829.0,5584,178,2423,82,3161,96,0,0,2961,84,4190,84,1229,87,0.0782732824023897,0.1107615850273599,0.0324883026249702
2021-02-09,Butte,007,227075.0,39434,979,18635,464,20792,515,6,0,21910,739,30660,739,8750,239,0.0964879445117252,0.1350214686777496,0.0385335241660244
2021-02-09,Calaveras,009,45235.0,5703,211,1806,84,3897,127,0,0,3491,140,4533,140,1042,68,0.07717475406212,0.1002100143694042,0.0230352603072841
2021-02-09,Colusa,011,21464.0,2067,242,610,15,1456,226,1,1,1495,187,1781,188,286,55,0.0696515095042862,0.0829761461051062,0.0133246366008199
2021-02-09,Contra Costa,013,1133247.0,198664,8909,113625,4918,84985,3989,24,0,114120,5856,156296,5858,42176,3038,0.100701788753908,0.1379187414570698,0.0372169527031618
2021-02-09,Del Norte,015,27424.0,2788,11,962,6,1813,5,12,0,1621,3,2206,4,585,8,0.0591088098016336,0.0804404900816802,0.0213316802800466
2021-02-09,El Dorado,017,186661.0,30439,1018,15600,566,14834,452,4,0,17918,569,24145,569,6227,449,0.0959921997632071,0.1293521410471389,0.0333599412839318
2021-02-09,Fresno,019,978130.0,110842,5369,61850,2086,48970,3282,5,0,48974,3086,79702,3090,30728,2224,0.0500690092319016,0.0814840563115332,0.0314150470796315
2021-02-09,Glenn,021,27897.0,3268,54,1255,20,2006,34,1,0,1884,38,2572,38,688,16,0.0675341434562856,0.0921962935082625,0.0246621500519769
2021-02-09,Humboldt,023,135768.0,23418,529,10943,230,12439,298,1,0,14650,186,19007,186,4357,341,0.10790466089211,0.1399961699369512,0.0320915090448412
2021-02-09,Imperial,025,180216.0,17389,539,7911,189,9472,349,3,0,10585,362,13979,364,3394,175,0.0587350734673946,0.0775680294757402,0.0188329560083455
2021-02-09,Inyo,027,18085.0,3608,237,1672,51,1891,186,0,0,1591,163,2576,163,985,74,0.0879734586674039,0.1424384849322643,0.0544650262648603
2021-02-09,Kern,029,883053.0,79120,3091,36113,1004,42981,2085,9,0,46462,1456,62742,1456,16280,1626,0.0526151884428228,0.0710512279557399,0.0184360395129171
2021-02-09,Kings,031,150075.0,10524,264,3696,64,6821,200,2,0,5472,115,8036,115,2564,147,0.0364617691154422,0.0535465600533066,0.0170847909378644
2021-02-09,Lake,033,64148.0,9639,336,3368,35,6270,301,1,0,6296,278,7966,278,1670,57,0.0981480326744403,0.1241815800960279,0.0260335474215875
2021-02-09,Lassen,035,31185.0,2516,119,693,0,1821,119,0,0,1225,45,1866,45,641,74,0.0392817059483726,0.0598364598364598,0.0205547538880872
2021-02-09,Los Angeles,037,10098052.0,1448057,57903,730232,25541,717067,32339,285,5,822830,28606,1134076,28619,311246,29172,0.0814840327619624,0.112306413157706,0.0308223803957436
2021-02-09,Madera,039,155013.0,14290,488,5412,120,8869,367,4,0,7967,204,11072,204,3105,278,0.0513956893937927,0.0714262674743408,0.020030578080548
2021-02-09,Marin,041,260295.0,51254,1810,27401,1117,23846,693,5,0,27029,875,39121,875,12092,935,0.1038398739891277,0.1502948577575443,0.0464549837684166
2021-02-09,Mariposa,043,17540.0,1961,45,559,24,1399,21,1,0,1206,38,1571,38,365,7,0.0687571265678449,0.0895667046750285,0.0208095781071835
2021-02-09,Mendocino,045,87422.0,18132,169,9558,82,8570,87,1,0,9435,96,13716,96,4281,73,0.1079247786598339,0.1568941456383976,0.0489693669785637
2021-02-09,Merced,047,269075.0,20321,1273,11234,959,8896,292,9,1,11551,768,15367,770,3816,460,0.0429285515190931,0.0571104710582551,0.0141819195391619
2021-02-09,Modoc,049,8938.0,1788,199,309,11,1478,188,0,0,968,66,1378,66,410,133,0.1083016334750503,0.1541731931080778,0.0458715596330275
2021-02-09,Mono,051,14174.0,4605,225,3364,9,1231,216,0,0,2620,16,3603,16,983,209,0.1848454917454494,0.2541978270071963,0.0693523352617468
2021-02-09,Monterey,053,433212.0,44710,989,23235,729,21394,260,1,0,23491,655,34035,655,10544,332,0.0542251830512543,0.0785643056979031,0.0243391226466487
2021-02-09,Napa,055,140530.0,30428,1080,13435,452,16990,628,2,0,16412,452,23434,452,7022,627,0.1167864512915391,0.1667544296591475,0.0499679783676083
2021-02-09,Nevada,057,99092.0,14694,655,8018,363,6675,292,0,0,10172,512,12425,512,2253,143,0.1026520808945222,0.1253885278327211,0.0227364469381988
2021-02-09,Orange,059,3164182.0,481267,18513,267210,12422,213821,6089,148,1,287402,10984,384114,10996,96712,7490,0.0908297942406599,0.1213944077805891,0.0305646135399291
2021-02-09,Placer,061,380077.0,71190,3576,40514,2198,30667,1377,7,1,40143,1640,55615,1640,15472,1933,0.1056180721274899,0.1463256129678986,0.0407075408404086
2021-02-09,Plumas,063,18699.0,2056,173,584,6,1470,167,1,0,956,113,1504,113,548,59,0.0511257286485908,0.0804321086689127,0.0293063800203219
2021-02-09,Riverside,065,2383286.0,287264,10151,150784,4804,136372,5343,27,1,194093,7859,240469,7865,46376,2283,0.0814392397723143,0.1008980877662185,0.0194588479939042
2021-02-09,Sacramento,067,1510023.0,192000,6930,108506,3637,83450,3292,30,1,102658,4088,147040,4089,44382,2834,0.0679843949396797,0.097376000233109,0.0293916052934293
2021-02-09,San Benito,069,59416.0,6493,364,2152,72,4325,291,1,0,3591,215,5032,215,1441,148,0.0604382657869934,0.0846909923252995,0.0242527265383061
2021-02-09,San Bernardino,071,2135413.0,232549,10308,130577,5905,101913,4402,17,1,122379,6882,177322,6885,54943,3419,0.0573092886481444,0.0830387377055398,0.0257294490573954
2021-02-09,San Diego,073,3302833.0,608719,21019,260716,8667,347507,12344,285,3,383840,13177,495413,13401,111573,7630,0.1162153823702258,0.149996381893968,0.0337809995237421
2021-02-09,San Francisco,075,870044.0,143698,6292,75006,4255,68655,2036,20,1,82761,4665,113174,4666,30413,1628,0.0951227753998648,0.1300784787895784,0.0349557033897136
2021-02-09,San Joaquin,077,732212.0,78085,2397,41466,1188,36602,1209,4,0,41739,1724,58134,1725,16395,633,0.0570039824531693,0.0793950385953794,0.0223910561422101
2021-02-09,San Luis Obispo,079,281455.0,44551,1168,19988,472,24534,696,8,0,23471,575,33991,576,10520,579,0.0833916611891776,0.1207688618073937,0.037377200618216
2021-02-09,San Mateo,081,765935.0,127391,6225,67582,3257,59743,2967,35,0,69292,3362,98237,3363,28945,2856,0.0904672067473088,0.1282576197719127,0.0377904130246039
2021-02-09,Santa Barbara,083,443738.0,61390,2441,32588,317,28765,2124,5,0,37781,1117,49541,1117,11760,1316,0.0851425841374865,0.1116447092653773,0.0265021251278907
2021-02-09,Santa Clara,085,1922200.0,282353,11386,135354,3934,146824,7449,68,1,163070,7780,222471,7786,59401,3581,0.0848350847986681,0.1157376963895536,0.0309026115908854
2021-02-09,Santa Cruz,087,273765.0,47245,2366,15340,1025,31897,1341,6,0,32204,2058,39703,2058,7499,309,0.1176337369641846,0.1450258433327854,0.0273921063686008
2021-02-09,Shasta,089,179085.0,23940,1133,10676,666,13256,467,0,0,15174,695,19549,695,4375,437,0.084730714465198,0.1091604545327637,0.0244297400675656
2021-02-09,Sierra,091,2930.0,687,44,76,0,611,44,0,0,348,40,517,40,169,4,0.1187713310580204,0.1764505119453925,0.057679180887372
2021-02-09,Siskiyou,093,43540.0,6858,212,2377,3,4474,209,1,0,4239,181,5546,181,1307,31,0.0973587505741846,0.1273771244832338,0.0300183739090491
2021-02-09,Solano,095,438530.0,67594,2008,37118,1512,30470,496,2,0,31422,715,49466,715,18044,1290,0.0716530225982259,0.1127995804163911,0.0411465578181652
2021-02-09,Sonoma,097,501317.0,87899,3727,44861,1789,42998,1938,35,0,53983,3203,70885,3204,16902,519,0.1076823646515079,0.1413975588300416,0.0337151941785337
2021-02-09,Stanislaus,099,539301.0,60890,1913,31264,805,29555,1103,4,0,33733,1054,46241,1055,12508,788,0.0625494853523357,0.0857424703458736,0.0231929849935379
2021-02-09,Sutter,101,95872.0,11560,259,4511,53,7049,206,0,0,7365,188,9449,188,2084,69,0.0768211782376502,0.098558494659546,0.0217373164218958
2021-02-09,Tehama,103,63373.0,6909,99,1698,49,5210,50,0,0,4989,52,5943,52,954,47,0.0787243778896375,0.0937781073958941,0.0150537295062566
2021-02-09,Trinity,105,12862.0,1190,28,285,2,903,26,0,0,788,11,989,11,201,17,0.0612657440522469,0.0768931736899393,0.0156274296376924
2021-02-09,Tulare,107,460477.0,39760,1456,19781,347,19968,1109,4,0,20887,360,30302,360,9415,1093,0.0453594859243784,0.0658056754191848,0.0204461894948064
2021-02-09,Tuolumne,109,53932.0,9032,862,3743,61,5286,801,2,0,5920,806,7407,807,1487,51,0.109767855818438,0.1373396128458058,0.0275717570273677
2021-02-09,Ventura,111,848112.0,116161,4955,67807,2064,48288,2880,11,1,65542,2583,90786,2587,25244,2361,0.0772798875620201,0.1070448242684928,0.0297649367064727
2021-02-09,Yolo,113,214977.0,33308,879,15698,394,17609,485,0,0,17933,571,25595,571,7662,308,0.0834182261358191,0.1190592481986445,0.0356410220628253
2021-02-09,Yuba,115,75493.0,5872,176,2054,67,3813,109,2,0,3719,98,4790,98,1071,78,0.0492628455618401,0.0634495913528406,0.0141867457910004
2021-02-08,Alameda,001,1643700.0,213089,8304,113320,5834,99688,2470,29,0,115538,5638,164131,5641,48593,2649,0.0702914157084626,0.0998545963375311,0.0295631806290685
2021-02-08,Alpine,003,1148.0,357,32,16,0,341,32,0,0,151,4,253,4,102,28,0.1315331010452961,0.220383275261324,0.0888501742160278
2021-02-08,Amador,005,37829.0,5406,100,2341,67,3065,33,0,0,2964,79,4106,79,1142,21,0.0783525866398794,0.1085410663776467,0.0301884797377673
2021-02-08,Butte,007,227075.0,38455,700,18171,543,20277,157,6,0,21410,237,29921,237,8511,462,0.0942860288450952,0.1317670373224705,0.0374810084773753
2021-02-08,Calaveras,009,45235.0,5492,49,1722,18,3770,31,0,0,3419,37,4393,37,974,10,0.0755830662097933,0.0971150657676577,0.0215319995578644
2021-02-08,Colusa,011,21464.0,1825,58,595,5,1230,53,0,0,1362,54,1593,54,231,4,0.0634550875885203,0.0742172940737979,0.0107622064852776
2021-02-08,Contra Costa,013,1133247.0,189755,6084,108707,3606,80996,2478,24,0,111300,4463,150438,4465,39138,1619,0.0982133639003677,0.1327495241549282,0.0345361602545605
2021-02-08,Del Norte,015,27424.0,2777,34,956,1,1808,33,12,0,1625,30,2202,30,577,4,0.0592546674445741,0.0802946324387397,0.0210399649941656
2021-02-08,El Dorado,017,186661.0,29421,901,15034,429,14382,472,4,0,17798,610,23576,610,5778,290,0.0953493231044513,0.1263038342235389,0.0309545111190875
2021-02-08,Fresno,019,978130.0,105473,4329,59764,2281,45688,2047,5,0,48108,1795,76612,1796,28504,2517,0.0491836463455777,0.0783249670289225,0.0291413206833447
2021-02-08,Glenn,021,27897.0,3214,23,1235,17,1972,6,1,0,1862,6,2534,6,672,17,0.0667455281929956,0.0908341398716707,0.0240886116786751
2021-02-08,Humboldt,023,135768.0,22889,360,10713,148,12141,211,1,0,14805,191,18821,191,4016,167,0.1090463143008661,0.1386261858464439,0.0295798715455777
2021-02-08,Imperial,025,180216.0,16850,314,7722,73,9123,241,3,0,10396,242,13615,242,3219,70,0.0576863319572069,0.0755482310116748,0.0178618990544679
2021-02-08,Inyo,027,18085.0,3371,117,1621,9,1705,107,0,0,1502,93,2413,93,911,23,0.0830522532485485,0.1334254907381808,0.0503732374896322
2021-02-08,Kern,029,883053.0,76029,2619,35109,814,40896,1804,9,0,46632,1279,61286,1280,14654,1331,0.0528077023689404,0.0694024028002849,0.0165947004313444
2021-02-08,Kings,031,150075.0,10260,177,3632,32,6621,145,2,0,5504,66,7921,66,2417,112,0.0366749958354156,0.0527802765284024,0.0161052806929868
2021-02-08,Lake,033,64148.0,9303,278,3333,203,5969,75,1,0,6075,163,7688,163,1613,115,0.0947028746024817,0.1198478518426139,0.0251449772401321
2021-02-08,Lassen,035,31185.0,2397,40,693,4,1702,36,0,0,1254,12,1821,12,567,28,0.0402116402116402,0.0583934583934583,0.0181818181818181
2021-02-08,Los Angeles,037,10098052.0,1390154,49971,704691,23482,684728,26463,280,5,823383,32402,1105457,32410,282074,17418,0.0815387957994274,0.1094723021826387,0.0279335063832113
2021-02-08,Madera,039,155013.0,13802,395,5292,309,8502,86,4,0,8041,275,10868,275,2827,119,0.0518730687103662,0.070110248817841,0.0182371801074748
2021-02-08,Marin,041,260295.0,49444,1586,26284,789,23153,797,5,0,27089,778,38246,778,11157,806,0.1040703816823219,0.1469332872317947,0.0428629055494727
2021-02-08,Mariposa,043,17540.0,1916,42,535,4,1378,38,1,0,1175,24,1533,24,358,18,0.0669897377423033,0.087400228050171,0.0204104903078677
2021-02-08,Mendocino,045,87422.0,17963,762,9476,736,8483,26,1,0,9412,284,13620,284,4208,477,0.1076616869895449,0.1557960238841481,0.0481343368946031
2021-02-08,Merced,047,269075.0,19048,337,10275,217,8604,108,8,2,11241,191,14597,192,3356,123,0.0417764563783331,0.0542488153860447,0.0124723590077116
2021-02-08,Modoc,049,8938.0,1589,11,298,0,1290,11,0,0,1035,11,1312,11,277,0,0.1157977176102036,0.146788990825688,0.0309912732154844
2021-02-08,Mono,051,14174.0,4380,153,3355,152,1015,1,0,0,2813,8,3587,8,774,144,0.1984619726259348,0.2530689995766897,0.0546070269507549
2021-02-08,Monterey,053,433212.0,43721,588,22506,299,21134,288,1,0,23168,462,33380,462,10212,125,0.0534795896697229,0.0770523438870576,0.0235727542173347
2021-02-08,Napa,055,140530.0,29348,840,12983,198,16362,642,2,0,16587,283,22982,283,6395,556,0.1180317369956592,0.163538034583363,0.0455062975877036
2021-02-08,Nevada,057,99092.0,14039,700,7655,414,6383,286,0,0,9803,578,11913,578,2110,121,0.0989282686796108,0.1202216122391313,0.0212933435595204
2021-02-08,Orange,059,3164182.0,462754,15786,254788,8937,207732,6843,147,3,283896,9385,373118,9392,89222,6378,0.0897217669527227,0.1179192600172809,0.0281974930645582
2021-02-08,Placer,061,380077.0,67614,3300,38316,1787,29290,1513,6,0,40436,1947,53975,1948,13539,1338,0.1063889685511093,0.1420106978322813,0.0356217292811719
2021-02-08,Plumas,063,18699.0,1883,18,578,6,1303,12,1,0,902,6,1391,6,489,13,0.0482378736830846,0.0743890047596128,0.0261511310765281
2021-02-08,Riverside,065,2383286.0,277113,12673,145980,5646,131029,7027,26,0,188511,10143,232604,10149,44093,2516,0.0790970953549007,0.0975980222264554,0.0185009268715546
2021-02-08,Sacramento,067,1510023.0,185070,6382,104869,3298,80158,3084,29,0,101403,3949,142951,3949,41548,2423,0.0671532817712048,0.0946680944594883,0.0275148126882835
2021-02-08,San Benito,069,59416.0,6129,176,2080,22,4034,153,1,0,3524,113,4817,113,1293,62,0.059310623401104,0.0810724384004308,0.0217618149993267
2021-02-08,San Bernardino,071,2135413.0,222241,7467,124672,3944,97511,3522,16,0,118913,5694,170437,5694,51524,1767,0.0556861834221295,0.0798145370474002,0.0241283536252706
2021-02-08,San Diego,073,3302833.0,587700,20578,252049,8717,335163,11852,282,4,378069,12602,482012,12799,103943,7804,0.1144680945115905,0.1459389560416769,0.0314708615300864
2021-02-08,San Francisco,075,870044.0,137406,7221,70751,4950,66619,2270,19,0,79723,5891,108508,5892,28785,1322,0.0916309979725163,0.1247155316282854,0.0330845336557691
2021-02-08,San Joaquin,077,732212.0,75688,2068,40278,1079,35393,987,4,1,40647,1632,56409,1632,15762,381,0.0555126111017027,0.0770391635209474,0.0215265524192447
2021-02-08,San Luis Obispo,079,281455.0,43383,904,19516,496,23838,405,8,0,23474,519,33415,519,9941,382,0.0834023200866923,0.1187223534845712,0.0353200333978788
2021-02-08,San Mateo,081,765935.0,121166,5306,64325,2330,56776,2976,35,0,68785,3162,94874,3163,26089,2114,0.089805270682238,0.1238669077663248,0.0340616370840867
2021-02-08,Santa Barbara,083,443738.0,58949,1002,32271,328,26641,673,5,0,37980,690,48424,690,10444,311,0.0855910469691574,0.1091274580946414,0.0235364111254839
2021-02-08,Santa Clara,085,1922200.0,270967,10305,131420,3629,139375,6669,67,1,158865,7458,214685,7460,55820,2815,0.0826474872541879,0.1116871293309749,0.029039642076787
2021-02-08,Santa Cruz,087,273765.0,44879,669,14315,187,30556,482,6,0,30455,483,37645,483,7190,186,0.1112450459335561,0.1375084470257337,0.0262634010921775
2021-02-08,Shasta,089,179085.0,22807,604,10010,172,12789,432,0,0,14916,318,18854,318,3938,284,0.083290057793785,0.1052796158248876,0.0219895580311025
2021-02-08,Sierra,091,2930.0,643,1,76,0,567,1,0,0,312,1,477,1,165,0,0.1064846416382252,0.1627986348122866,0.0563139931740614
2021-02-08,Siskiyou,093,43540.0,6646,234,2374,5,4265,229,1,0,4089,208,5365,208,1276,26,0.093913642627469,0.1232200275608635,0.0293063849333945
2021-02-08,Solano,095,438530.0,65586,1807,35606,1240,29974,567,2,0,31997,740,48751,740,16754,1065,0.0729642213759605,0.1111691332405992,0.0382049118646386
2021-02-08,Sonoma,097,501317.0,84172,3327,43072,1061,41060,2265,35,1,51298,2687,67681,2690,16383,634,0.1023264720725608,0.1350063931604154,0.0326799210878545
2021-02-08,Stanislaus,099,539301.0,58977,2146,30459,1381,28452,762,4,0,33466,1154,45186,1154,11720,926,0.0620544000474688,0.0837862344034222,0.0217318343559533
2021-02-08,Sutter,101,95872.0,11301,145,4458,40,6843,105,0,0,7246,100,9261,100,2015,45,0.0755799399198931,0.0965975467289719,0.0210176068090787
2021-02-08,Tehama,103,63373.0,6810,51,1649,13,5160,38,0,0,4984,34,5891,34,907,16,0.0786454799362504,0.0929575686806684,0.0143120887444179
2021-02-08,Trinity,105,12862.0,1162,32,283,3,877,29,0,0,794,18,978,18,184,14,0.0617322344891929,0.0760379412222049,0.0143057067330119
2021-02-08,Tulare,107,460477.0,38304,980,19434,334,18859,646,4,0,21620,232,29942,232,8322,748,0.0469513135292316,0.0650238774140728,0.0180725638848411
2021-02-08,Tuolumne,109,53932.0,8170,102,3682,42,4485,60,2,0,5164,73,6600,73,1436,27,0.0957502039605429,0.1223763257435288,0.0266261217829859
2021-02-08,Ventura,111,848112.0,111206,3716,65743,1707,45408,2006,10,1,65316,2578,88199,2579,22883,1133,0.0770134133227686,0.103994519591752,0.0269811062689833
2021-02-08,Yolo,113,214977.0,32429,958,15304,347,17124,611,0,0,17670,611,25024,611,7354,342,0.0821948394479409,0.1164031501044297,0.0342083106564888
2021-02-08,Yuba,115,75493.0,5696,107,1987,37,3704,70,2,0,3699,70,4692,70,993,37,0.0489979203369848,0.0621514577510497,0.0131535374140648
2021-02-07,Alameda,001,1643700.0,204785,3653,107486,2947,97218,705,29,0,112546,2676,158490,2676,45944,970,0.0684711322017399,0.096422704873152,0.027951572671412
2021-02-07,Alpine,003,1148.0,325,1,16,1,309,0,0,0,175,1,249,1,74,0,0.1524390243902439,0.2168989547038327,0.0644599303135888
2021-02-07,Amador,005,37829.0,5306,39,2274,36,3032,3,0,0,2906,34,4027,34,1121,4,0.0768193713817441,0.1064527214570831,0.029633350075339
2021-02-07,Butte,007,227075.0,37755,51,17628,42,20120,9,6,0,21635,22,29684,22,8049,28,0.0952768908950787,0.1307233292964879,0.0354464384014092
2021-02-07,Calaveras,009,45235.0,5443,12,1704,4,3739,8,0,0,3392,2,4356,2,964,9,0.0749861832651707,0.0962971150657676,0.0213109318005968
2021-02-07,Colusa,011,21464.0,1767,4,590,3,1177,1,0,0,1312,2,1539,2,227,2,0.0611256056653,0.07170145359672,0.01057584793142
2021-02-07,Contra Costa,013,1133247.0,183671,1061,105101,764,78518,296,24,1,108454,636,145973,637,37519,424,0.0957019961226458,0.1288095181368228,0.0331075220141769
2021-02-07,Del Norte,015,27424.0,2743,1,955,1,1775,0,12,0,1599,1,2172,1,573,0,0.0583065927654609,0.0792007001166861,0.0208941073512252
2021-02-07,El Dorado,017,186661.0,28520,282,14605,192,13910,90,4,0,17478,214,22966,214,5488,67,0.0936349853477694,0.123035877874864,0.0294008925270945
2021-02-07,Fresno,019,978130.0,101144,519,57483,301,43641,217,5,0,48829,266,74816,266,25987,253,0.0499207671781869,0.076488810280842,0.026568043102655
2021-02-07,Glenn,021,27897.0,3191,2,1218,2,1966,0,1,0,1873,1,2528,1,655,1,0.0671398358246406,0.0906190629816826,0.0234792271570419
2021-02-07,Humboldt,023,135768.0,22529,380,10565,8,11930,372,1,0,14781,375,18630,375,3849,5,0.1088695421601555,0.1372193742266219,0.0283498320664663
2021-02-07,Imperial,025,180216.0,16536,60,7649,23,8882,37,3,0,10224,57,13373,57,3149,3,0.0567319216939672,0.0742053979668841,0.0174734762729169
2021-02-07,Inyo,027,18085.0,3254,5,1612,3,1598,2,0,0,1432,5,2320,5,888,0,0.0791816422449543,0.1282831075476914,0.049101465302737
2021-02-07,Kern,029,883053.0,73410,296,34295,159,39092,137,9,0,46683,271,60006,271,13323,22,0.0528654565467757,0.0679528861801047,0.0150874296333289
2021-02-07,Kings,031,150075.0,10083,7,3600,5,6476,2,2,0,5550,3,7855,3,2305,4,0.0369815092453773,0.0523404964184574,0.0153589871730801
2021-02-07,Lake,033,64148.0,9025,3,3130,2,5894,1,1,0,6027,3,7525,3,1498,0,0.093954604975993,0.1173068529026625,0.0233522479266695
2021-02-07,Lassen,035,31185.0,2357,1,689,1,1666,0,0,0,1270,1,1809,1,539,0,0.040724707391374,0.058008658008658,0.0172839506172839
2021-02-07,Los Angeles,037,10098052.0,1340183,11903,681209,9298,658265,2597,275,5,808391,9345,1073047,9357,264656,2539,0.0800541530188198,0.1062627722653834,0.0262086192465635
2021-02-07,Madera,039,155013.0,13407,35,4983,7,8416,28,4,0,7885,28,10593,28,2708,7,0.0508667015024546,0.0683362040603046,0.0174695025578499
2021-02-07,Marin,041,260295.0,47858,1291,25495,1009,22356,282,5,0,27117,497,37468,497,10351,793,0.1041779519391459,0.1439443708100424,0.0397664188708964
2021-02-07,Mariposa,043,17540.0,1874,3,531,1,1340,2,1,0,1169,1,1509,1,340,2,0.0666476624857468,0.0860319270239452,0.0193842645381984
2021-02-07,Mendocino,045,87422.0,17201,36,8740,31,8457,5,1,0,9605,34,13336,34,3731,2,0.1098693692663174,0.1525474136944933,0.0426780444281759
2021-02-07,Merced,047,269075.0,18711,23,10058,16,8496,7,6,0,11172,12,14405,12,3233,10,0.0415200222986156,0.0535352596859611,0.0120152373873455
2021-02-07,Modoc,049,8938.0,1578,0,298,0,1279,0,0,0,1024,0,1301,0,277,0,0.1145670172298053,0.1455582904452897,0.0309912732154844
2021-02-07,Mono,051,14174.0,4227,3,3203,0,1014,3,0,0,2949,3,3579,3,630,0,0.2080570057852405,0.2525045858614364,0.0444475800761958
2021-02-07,Monterey,053,433212.0,43133,339,22207,270,20846,67,1,0,22831,110,32918,110,10087,226,0.0527016795471962,0.0759858914342169,0.0232842118870206
2021-02-07,Napa,055,140530.0,28508,178,12785,160,15720,18,2,0,16860,67,22699,67,5839,111,0.1199743826940866,0.161524229701843,0.0415498470077563
2021-02-07,Nevada,057,99092.0,13339,326,7241,262,6097,64,0,0,9346,260,11335,260,1989,65,0.0943163928470512,0.1143886489323053,0.0200722560852541
2021-02-07,Orange,059,3164182.0,446968,11733,245851,8199,200889,3531,144,1,280882,7647,363726,7673,82844,4067,0.0887692300885347,0.1149510363183912,0.0261818062298565
2021-02-07,Placer,061,380077.0,64314,1192,36529,882,27777,310,6,0,39826,895,52027,895,12201,296,0.1047840306043249,0.1368854205858286,0.0321013899815037
2021-02-07,Plumas,063,18699.0,1865,6,572,5,1291,1,1,0,909,4,1385,4,476,2,0.0486122252526873,0.0740681319856676,0.0254559067329803
2021-02-07,Riverside,065,2383286.0,264440,2258,140334,858,124002,1399,26,0,180878,1880,222455,1882,41577,378,0.0758943744057574,0.09333961597559,0.0174452415698325
2021-02-07,Sacramento,067,1510023.0,178688,4310,101571,2448,77074,1862,29,0,99877,3118,139002,3119,39125,1186,0.0661427011376648,0.0920529025054585,0.0259102013677937
2021-02-07,San Benito,069,59416.0,5953,27,2058,13,3881,14,1,0,3473,25,4704,25,1231,2,0.0584522687491584,0.0791705937794533,0.0207183250302948
2021-02-07,San Bernardino,071,2135413.0,214774,901,120728,526,93989,375,16,0,114986,496,164743,497,49757,398,0.053847194898598,0.0771480739323025,0.0233008790337044
2021-02-07,San Diego,073,3302833.0,567122,12264,243332,5442,323311,6818,278,3,373074,10041,469213,10091,96139,2120,0.1129557564672509,0.1420637979576927,0.0291080414904416
2021-02-07,San Francisco,075,870044.0,130185,4582,65801,3432,64349,1149,19,0,75153,3994,102616,3998,27463,581,0.0863783900584338,0.1179434603307418,0.031565070272308
2021-02-07,San Joaquin,077,732212.0,73620,662,39199,531,34406,131,3,0,39396,437,54777,438,15381,213,0.0538040895259842,0.0748103008418327,0.0210062113158484
2021-02-07,San Luis Obispo,079,281455.0,42479,130,19020,80,23433,49,8,0,23337,78,32896,78,9559,51,0.0829155637668543,0.116878364214528,0.0339628004476737
2021-02-07,San Mateo,081,765935.0,115860,1931,61995,1374,53800,557,35,0,67736,1718,91711,1718,23975,210,0.0884357027685116,0.1197373145240784,0.0313016117555667
2021-02-07,Santa Barbara,083,443738.0,57947,326,31943,282,25968,44,5,0,37601,282,47734,282,10133,40,0.0847369393651208,0.1075724864672396,0.0228355471021188
2021-02-07,Santa Clara,085,1922200.0,260662,3527,127791,2362,132706,1165,66,0,154220,3050,207225,3050,53005,469,0.0802309853293101,0.1078061596087816,0.0275751742794714
2021-02-07,Santa Cruz,087,273765.0,44210,883,14128,120,30074,763,6,0,30158,865,37162,865,7004,17,0.1101601738717513,0.135744160137344,0.0255839862655927
2021-02-07,Shasta,089,179085.0,22203,27,9838,2,12357,25,0,0,14882,23,18536,23,3654,4,0.0831002038138314,0.1035039227182622,0.0204037189044308
2021-02-07,Sierra,091,2930.0,642,0,76,0,566,0,0,0,311,0,476,0,165,0,0.1061433447098976,0.162457337883959,0.0563139931740614
2021-02-07,Siskiyou,093,43540.0,6412,3,2369,2,4036,1,1,0,3907,3,5157,3,1250,0,0.0897335783187873,0.1184428112080845,0.0287092328892972
2021-02-07,Solano,095,438530.0,63779,883,34366,797,29407,86,2,0,32322,251,48011,251,15689,631,0.0737053337285932,0.1094816774222972,0.0357763436937039
2021-02-07,Sonoma,097,501317.0,80845,1619,42011,1478,38795,141,34,0,49242,1313,64991,1314,15749,303,0.0982252746266334,0.1296405268522711,0.0314152522256376
2021-02-07,Stanislaus,099,539301.0,56831,217,29078,186,27690,31,4,0,33238,38,44032,38,10794,176,0.0616316305736499,0.0816464275052336,0.0200147969315836
2021-02-07,Sutter,101,95872.0,11156,23,4418,20,6738,3,0,0,7191,18,9161,18,1970,6,0.0750062583444592,0.0955544893190921,0.0205482309746328
2021-02-07,Tehama,103,63373.0,6759,7,1636,6,5122,1,0,0,4966,3,5857,3,891,4,0.0783614473040569,0.0924210625976362,0.0140596152935792
2021-02-07,Trinity,105,12862.0,1130,1,280,0,848,1,0,0,790,1,960,1,170,0,0.0614212408645622,0.0746384699113668,0.0132172290468045
2021-02-07,Tulare,107,460477.0,37324,93,19100,77,18213,16,4,0,22136,27,29710,27,7574,64,0.0480718906698923,0.0645200520330005,0.0164481613631082
2021-02-07,Tuolumne,109,53932.0,8068,7,3640,3,4425,4,2,0,5118,4,6527,4,1409,3,0.0948972780538455,0.1210227694133353,0.0261254913594897
2021-02-07,Ventura,111,848112.0,107490,940,64036,240,43402,697,9,0,63870,800,85620,800,21750,138,0.0753084498273812,0.1009536476314449,0.0256451978040636
2021-02-07,Yolo,113,214977.0,31471,525,14957,256,16513,269,0,0,17401,176,24413,176,7012,349,0.0809435427976016,0.1135609855938077,0.0326174427962061
2021-02-07,Yuba,115,75493.0,5589,26,1950,20,3634,6,2,0,3666,21,4622,21,956,5,0.0485607937159736,0.0612242194640562,0.0126634257480826
2021-02-06,Alameda,001,1643700.0,201132,7018,104539,4452,96513,2565,29,0,110840,5841,155814,5842,44974,1173,0.067433229908134,0.0947946705603212,0.0273614406521871
2021-02-06,Alpine,003,1148.0,324,0,15,0,309,0,0,0,174,0,248,0,74,0,0.151567944250871,0.2160278745644599,0.0644599303135888
2021-02-06,Amador,005,37829.0,5267,133,2238,90,3029,43,0,0,2876,121,3993,121,1117,6,0.0760263290068466,0.1055539400988659,0.0295276110920193
2021-02-06,Butte,007,227075.0,37704,157,17586,106,20111,50,6,1,21641,70,29662,71,8021,87,0.0953033138830782,0.1306264450071562,0.0353231311240779
2021-02-06,Calaveras,009,45235.0,5431,27,1700,15,3731,12,0,0,3399,27,4354,27,955,0,0.0751409306952581,0.0962529015143141,0.021111970819056
2021-02-06,Colusa,011,21464.0,1763,284,587,9,1176,275,0,0,1312,274,1537,274,225,10,0.0611256056653,0.0716082743197912,0.0104826686544912
2021-02-06,Contra Costa,013,1133247.0,182610,3600,104337,2215,78222,1383,23,0,108241,2914,145336,2915,37095,680,0.095514040628389,0.1282474164943741,0.032733375865985
2021-02-06,Del Norte,015,27424.0,2742,314,954,3,1775,300,12,11,1598,300,2171,311,573,11,0.0582701283547257,0.0791642357059509,0.0208941073512252
2021-02-06,El Dorado,017,186661.0,28238,1097,14413,337,13820,760,4,0,17331,984,22752,985,5421,113,0.0928474614407937,0.121889414500083,0.0290419530592893
2021-02-06,Fresno,019,978130.0,100625,2944,57182,2029,43424,915,5,0,48816,981,74550,981,25734,1953,0.0499074765113021,0.0762168627891998,0.0263093862778976
2021-02-06,Glenn,021,27897.0,3189,23,1216,2,1966,21,1,0,1873,22,2527,22,654,1,0.0671398358246406,0.0905832168333512,0.0234433810087106
2021-02-06,Humboldt,023,135768.0,22149,1090,10557,476,11558,614,1,0,14411,1042,18255,1043,3844,48,0.1061443049908667,0.1344573095280183,0.0283130045371516
2021-02-06,Imperial,025,180216.0,16476,905,7626,851,8845,54,3,0,10170,867,13316,867,3146,40,0.056432281262485,0.073889110844764,0.017456829582279
2021-02-06,Inyo,027,18085.0,3249,3,1609,2,1596,0,0,0,1427,2,2315,2,888,0,0.0789051700304119,0.128006635333149,0.049101465302737
2021-02-06,Kern,029,883053.0,73114,1748,34136,762,38955,986,9,0,46434,1502,59735,1502,13301,241,0.0525834802667563,0.0676459963331759,0.0150625160664195
2021-02-06,Kings,031,150075.0,10076,67,3595,13,6474,54,2,0,5551,28,7852,28,2301,38,0.0369881725803764,0.0523205064134599,0.0153323338330834
2021-02-06,Lake,033,64148.0,9022,259,3128,31,5893,228,1,0,6024,248,7522,248,1498,11,0.0939078381243374,0.117260086051007,0.0233522479266695
2021-02-06,Lassen,035,31185.0,2356,69,688,34,1666,35,0,0,1269,36,1808,36,539,32,0.0406926406926406,0.0579765913099246,0.0172839506172839
2021-02-06,Los Angeles,037,10098052.0,1328280,37674,671911,14434,655668,23236,270,3,801573,28610,1063690,28623,262117,8984,0.0793789732910862,0.1053361579045146,0.0259571846134284
2021-02-06,Madera,039,155013.0,13372,382,4976,339,8388,41,4,1,7864,335,10565,336,2701,44,0.0507312289936973,0.0681555740486281,0.0174243450549308
2021-02-06,Marin,041,260295.0,46567,1431,24486,839,22074,592,5,0,27413,637,36971,638,9558,793,0.1053151232255709,0.1420349987514166,0.0367198755258456
2021-02-06,Mariposa,043,17540.0,1871,13,530,5,1338,8,1,0,1170,11,1508,11,338,2,0.0667046750285062,0.0859749144811858,0.0192702394526795
2021-02-06,Mendocino,045,87422.0,17165,563,8709,149,8452,414,1,0,9573,551,13302,551,3729,12,0.1095033286815675,0.1521584955731967,0.0426551668916291
2021-02-06,Merced,047,269075.0,18688,463,10042,258,8489,202,6,1,11170,273,14393,274,3223,151,0.0415125894267397,0.0534906624547059,0.0119780730279661
2021-02-06,Modoc,049,8938.0,1578,1,298,0,1279,1,0,0,1024,1,1301,1,277,0,0.1145670172298053,0.1455582904452897,0.0309912732154844
2021-02-06,Mono,051,14174.0,4224,125,3203,124,1011,1,0,0,2946,124,3576,124,630,1,0.2078453506420206,0.2522929307182164,0.0444475800761958
2021-02-06,Monterey,053,433212.0,42794,1193,21937,415,20779,778,1,0,22947,813,32808,814,9861,378,0.0529694468297277,0.0757319741835406,0.0227625273538129
2021-02-06,Napa,055,140530.0,28330,463,12625,159,15702,304,2,0,16904,347,22632,347,5728,115,0.120287483099694,0.1610474631751227,0.0407599800754287
2021-02-06,Nevada,057,99092.0,13013,330,6979,130,6033,200,0,0,9151,276,11075,276,1924,55,0.0923485246033988,0.1117648246074355,0.0194163000040366
2021-02-06,Orange,059,3164182.0,435235,16857,237652,10967,197358,5889,143,0,277276,11399,356053,11430,78777,5427,0.0876295990559329,0.1125260809902843,0.0248964819343514
2021-02-06,Placer,061,380077.0,63122,2068,35647,1359,27467,709,6,0,39227,1501,51132,1501,11905,564,0.1032080341614988,0.1345306345819399,0.0313226004204411
2021-02-06,Plumas,063,18699.0,1859,12,567,3,1290,9,1,0,907,12,1381,12,474,0,0.0485052676613722,0.0738542168030376,0.0253489491416653
2021-02-06,Riverside,065,2383286.0,262182,7474,139476,4294,122603,3177,26,2,179374,5759,220573,5762,41199,1702,0.0752633129217391,0.0925499499430618,0.0172866370213226
2021-02-06,Sacramento,067,1510023.0,174378,9090,99123,3544,75212,5546,29,0,97944,7703,135883,7706,37939,1380,0.0648625881857428,0.0899873710532885,0.0251247828675457
2021-02-06,San Benito,069,59416.0,5926,54,2045,10,3867,44,1,0,3450,37,4679,37,1229,17,0.0580651676316143,0.0787498316951662,0.0206846640635519
2021-02-06,San Bernardino,071,2135413.0,213873,5274,120202,2179,93614,3094,16,0,114887,3620,164246,3622,49359,1633,0.0538008338433829,0.0769153320692531,0.0231144982258701
2021-02-06,San Diego,073,3302833.0,554858,21059,237890,8695,316493,12356,275,2,365103,17337,459122,17420,94019,3558,0.1105423737742719,0.1390085420607097,0.0284661682864377
2021-02-06,San Francisco,075,870044.0,125603,5758,62369,3879,63200,1879,19,0,71736,4845,98618,4846,26882,904,0.0824510024780355,0.1133482904312885,0.0308972879532529
2021-02-06,San Joaquin,077,732212.0,72958,1077,38668,688,34275,389,3,0,39171,880,54339,881,15168,170,0.0534968014727975,0.074212113431629,0.0207153119588315
2021-02-06,San Luis Obispo,079,281455.0,42349,190,18940,109,23384,81,8,0,23310,105,32818,105,9508,86,0.082819633689222,0.1166012328791458,0.0337815991899237
2021-02-06,San Mateo,081,765935.0,113929,3360,60621,1979,53243,1381,35,0,66228,2686,89993,2688,23765,671,0.0864668672929165,0.1174943043469746,0.0310274370540581
2021-02-06,Santa Barbara,083,443738.0,57621,1248,31661,345,25924,903,5,0,37359,822,47452,822,10093,422,0.0841915725044959,0.1069369763238667,0.0227454038193708
2021-02-06,Santa Clara,085,1922200.0,257135,5429,125429,2933,131541,2493,66,0,151639,4169,204175,4172,52536,1246,0.0788882530433877,0.1062194360628446,0.0273311830194568
2021-02-06,Santa Cruz,087,273765.0,43327,2477,14008,140,29311,2337,6,0,29310,2156,36297,2156,6987,319,0.107062626705386,0.132584515916936,0.02552188921155
2021-02-06,Shasta,089,179085.0,22176,1870,9836,46,12332,1824,0,0,14863,1840,18513,1840,3650,30,0.0829941089426808,0.1033754920847642,0.0203813831420833
2021-02-06,Sierra,091,2930.0,642,0,76,0,566,0,0,0,311,0,476,0,165,0,0.1061433447098976,0.162457337883959,0.0563139931740614
2021-02-06,Siskiyou,093,43540.0,6409,20,2367,1,4035,19,1,0,3904,20,5154,20,1250,0,0.089664676159853,0.1183739090491502,0.0287092328892972
2021-02-06,Solano,095,438530.0,62896,3212,33569,1213,29321,1998,2,1,32702,2356,47760,2356,15058,854,0.0745718650947483,0.1089093106514947,0.0343374455567464
2021-02-06,Sonoma,097,501317.0,79226,2728,40533,2320,38654,408,34,0,48231,2147,63677,2149,15446,576,0.0962085865829405,0.1270194308192221,0.0308108442362816
2021-02-06,Stanislaus,099,539301.0,56614,975,28892,325,27659,649,4,1,33376,750,43994,752,10618,193,0.061887517360435,0.0815759659262638,0.0196884485658287
2021-02-06,Sutter,101,95872.0,11133,729,4398,29,6735,700,0,0,7179,710,9143,710,1964,19,0.0748810914552737,0.0953667389853137,0.02048564753004
2021-02-06,Tehama,103,63373.0,6752,55,1630,16,5121,39,0,0,4967,44,5854,44,887,12,0.0783772268947343,0.0923737238256039,0.0139964969308696
2021-02-06,Trinity,105,12862.0,1129,211,280,5,847,206,0,0,789,204,959,204,170,7,0.0613434924584046,0.0745607215052091,0.0132172290468045
2021-02-06,Tulare,107,460477.0,37231,846,19023,173,18197,673,4,0,22173,203,29683,203,7510,641,0.0481522421315288,0.0644614171826171,0.0163091750510883
2021-02-06,Tuolumne,109,53932.0,8061,874,3637,592,4421,282,2,0,5117,855,6523,855,1406,6,0.0948787361863086,0.1209486019431877,0.026069865756879
2021-02-06,Ventura,111,848112.0,106550,3166,63796,1510,42705,1656,9,0,63208,2721,84820,2723,21612,450,0.0745278925424943,0.100010375988077,0.0254824834455826
2021-02-06,Yolo,113,214977.0,30946,1943,14701,1241,16244,702,0,0,17574,1580,24237,1581,6663,364,0.0817482800485633,0.1127422933616154,0.030994013313052
2021-02-06,Yuba,115,75493.0,5563,446,1930,24,3628,422,2,0,3650,438,4601,438,951,8,0.0483488535360894,0.0609460479779582,0.0125971944418687
2021-02-05,Alameda,001,1643700.0,194114,10393,100087,5409,93948,4980,29,2,106171,6415,149972,6425,43801,3960,0.0645926872300298,0.0912404940074222,0.0266478067773924
2021-02-05,Alpine,003,1148.0,324,30,15,1,309,29,0,0,174,10,248,10,74,20,0.151567944250871,0.2160278745644599,0.0644599303135888
2021-02-05,Amador,005,37829.0,5134,340,2148,66,2986,274,0,0,2761,313,3872,313,1111,23,0.0729863332364059,0.1023553358534457,0.0293690026170398
2021-02-05,Butte,007,227075.0,37547,1301,17480,667,20061,634,5,0,21657,552,29591,553,7934,747,0.0953737751844104,0.1303137729824947,0.0349399977980843
2021-02-05,Calaveras,009,45235.0,5404,91,1685,32,3719,59,0,0,3372,46,4327,46,955,42,0.0745440477506355,0.0956560185696916,0.021111970819056
2021-02-05,Colusa,011,21464.0,1479,41,578,10,901,31,0,0,1048,38,1263,38,215,3,0.0488259411106969,0.0588427133805441,0.0100167722698471
2021-02-05,Contra Costa,013,1133247.0,179010,8625,102122,4859,76839,3764,23,0,106006,5799,142421,5801,36415,2812,0.0935418315689342,0.1256751617255549,0.0321333301566207
2021-02-05,Del Norte,015,27424.0,2428,186,951,23,1475,163,1,0,1298,119,1860,119,562,65,0.047330805134189,0.0678238039673278,0.0204929988331388
2021-02-05,El Dorado,017,186661.0,27141,1579,14076,645,13060,934,4,0,16459,917,21767,917,5308,648,0.0881758910538355,0.1166124685927965,0.028436577538961
2021-02-05,Fresno,019,978130.0,97681,5434,55153,2723,42509,2709,5,0,49788,2237,73569,2237,23781,3175,0.0509012094506865,0.0752139286188952,0.0243127191682087
2021-02-05,Glenn,021,27897.0,3166,321,1214,27,1945,294,1,0,1852,298,2505,298,653,23,0.066387066709682,0.0897946015700612,0.0234075348603792
2021-02-05,Humboldt,023,135768.0,21059,867,10081,109,10944,757,1,0,13416,634,17212,635,3796,233,0.0988156266572388,0.1267750869129691,0.0279594602557303
2021-02-05,Imperial,025,180216.0,15571,496,6775,264,8791,232,3,0,9343,251,12449,251,3106,247,0.0518433435433035,0.0690782172504106,0.017234873707107
2021-02-05,Inyo,027,18085.0,3246,113,1607,52,1596,58,0,0,1425,107,2313,107,888,3,0.0787945811445949,0.127896046447332,0.049101465302737
2021-02-05,Kern,029,883053.0,71366,4895,33374,1996,37969,2897,9,0,45173,3091,58233,3091,13060,1790,0.0511554799089069,0.0659450791741832,0.0147895992652762
2021-02-05,Kings,031,150075.0,10009,430,3582,61,6420,368,2,0,5561,258,7824,258,2263,172,0.0370548059303681,0.0521339330334832,0.0150791271031151
2021-02-05,Lake,033,64148.0,8763,390,3097,74,5665,316,1,0,5787,287,7274,287,1487,102,0.0902132568435492,0.1133940263141485,0.0231807694705992
2021-02-05,Lassen,035,31185.0,2287,55,654,5,1631,50,0,0,1265,17,1772,17,507,38,0.0405643738977072,0.0568221901555234,0.0162578162578162
2021-02-05,Los Angeles,037,10098052.0,1290606,64872,657477,22024,632432,42826,267,6,781934,41398,1035067,41419,253133,23188,0.0774341427435707,0.102501650813444,0.0250675080698732
2021-02-05,Madera,039,155013.0,12990,974,4637,301,8347,673,3,0,7572,370,10229,371,2657,597,0.0488475160147858,0.0659880139085109,0.017140497893725
2021-02-05,Marin,041,260295.0,45136,2191,23647,671,21482,1520,5,0,27568,1371,36333,1371,8765,815,0.1059106014329895,0.1395839336137843,0.0336733321807948
2021-02-05,Mariposa,043,17540.0,1858,217,525,7,1330,210,1,0,1161,187,1497,187,336,29,0.0661915621436716,0.0853477765108323,0.0191562143671607
2021-02-05,Mendocino,045,87422.0,16602,1449,8560,1257,8038,192,1,0,9034,615,12751,616,3717,832,0.1033378325821875,0.1458557342545354,0.0425179016723479
2021-02-05,Merced,047,269075.0,18225,599,9784,198,8287,394,5,0,11047,306,14119,309,3072,249,0.0410554678063736,0.0524723590077116,0.0114168912013379
2021-02-05,Modoc,049,8938.0,1577,4,298,2,1278,2,0,0,1023,2,1300,2,277,2,0.1144551353770418,0.1454464085925263,0.0309912732154844
2021-02-05,Mono,051,14174.0,4099,532,3079,520,1010,10,0,0,2823,523,3452,523,629,7,0.1991674897700014,0.2435445181317906,0.0443770283617891
2021-02-05,Monterey,053,433212.0,41601,3904,21522,2862,20001,1024,1,1,22511,3324,31994,3325,9483,559,0.0519630111815923,0.0738529865285356,0.0218899753469433
2021-02-05,Napa,055,140530.0,27867,735,12466,321,15398,413,2,0,16672,350,22285,351,5613,381,0.1186365900519462,0.1585782395218103,0.039941649469864
2021-02-05,Nevada,057,99092.0,12683,1077,6849,403,5833,674,0,0,8930,868,10799,868,1869,207,0.0901182739272595,0.108979534170266,0.0188612602430064
2021-02-05,Orange,059,3164182.0,418378,21496,226685,12183,191469,9311,143,0,271273,14828,344623,14834,73350,6606,0.0857324262637231,0.1089137729751322,0.0231813467114091
2021-02-05,Placer,061,380077.0,61054,2769,34288,1277,26758,1492,6,0,38290,1411,49631,1411,11341,1343,0.1007427442334053,0.1305814348145244,0.029838690581119
2021-02-05,Plumas,063,18699.0,1847,31,564,12,1281,19,1,0,895,16,1369,16,474,15,0.047863522113482,0.0732124712551473,0.0253489491416653
2021-02-05,Riverside,065,2383286.0,254708,14853,135182,5595,119426,9256,24,0,175314,11418,214811,11425,39497,3402,0.0735597825858919,0.0901322795501673,0.0165724969642753
2021-02-05,Sacramento,067,1510023.0,165288,7984,95579,4493,69666,3488,29,1,91618,4836,128177,4836,36559,3118,0.0606732480233744,0.084884137526382,0.0242108895030075
2021-02-05,San Benito,069,59416.0,5872,337,2035,47,3823,290,1,0,3430,245,4642,245,1212,92,0.0577285579641847,0.0781271038104214,0.0203985458462367
2021-02-05,San Bernardino,071,2135413.0,208599,11489,118023,5869,90520,5617,16,0,112898,7728,160624,7728,47726,3735,0.0528693980976981,0.075219173059263,0.0223497749615648
2021-02-05,San Diego,073,3302833.0,533799,25235,229195,8948,304137,16276,273,6,351241,18042,441702,18228,90461,6990,0.1063453707771479,0.1337342820542243,0.0273889112770763
2021-02-05,San Francisco,075,870044.0,119845,6277,58490,3375,61321,2901,19,1,67794,4835,93772,4838,25978,1435,0.077920197139455,0.1077784571814758,0.0298582600420208
2021-02-05,San Joaquin,077,732212.0,71881,3441,37980,1835,33886,1605,3,0,38460,2454,53458,2459,14998,893,0.0525257712247272,0.0730089099878177,0.0204831387630904
2021-02-05,San Luis Obispo,079,281455.0,42159,1678,18831,718,23303,960,8,0,23291,1099,32713,1099,9422,576,0.0827521273382956,0.1162281714661313,0.0334760441278357
2021-02-05,San Mateo,081,765935.0,110569,6883,58642,2573,51862,4306,35,0,64211,4977,87305,4978,23094,1890,0.0838334845646171,0.1139848681676643,0.0301513836030472
2021-02-05,Santa Barbara,083,443738.0,56373,2953,31316,2092,25021,860,5,1,36959,2282,46630,2283,9671,670,0.0832901396770166,0.1050845318633968,0.0217943921863802
2021-02-05,Santa Clara,085,1922200.0,251706,12220,122496,4452,129048,7764,66,0,148713,8619,200003,8621,51290,3578,0.0773660389137446,0.1040490063468941,0.0266829674331495
2021-02-05,Santa Cruz,087,273765.0,40850,3053,13868,728,26974,2324,6,0,27473,2728,34141,2728,6668,320,0.1003524921008894,0.1247091483571676,0.0243566562562781
2021-02-05,Shasta,089,179085.0,20306,1307,9790,167,10508,1140,0,0,13053,1080,16673,1080,3620,226,0.0728871764804422,0.0931010414049194,0.0202138649244772
2021-02-05,Sierra,091,2930.0,642,3,76,1,566,2,0,0,311,2,476,2,165,1,0.1061433447098976,0.162457337883959,0.0563139931740614
2021-02-05,Siskiyou,093,43540.0,6389,568,2366,4,4016,564,1,0,3884,382,5134,382,1250,186,0.0892053284336242,0.1179145613229214,0.0287092328892972
2021-02-05,Solano,095,438530.0,59684,3251,32356,1424,27323,1825,1,0,31200,2177,45404,2177,14204,1064,0.0711467858527352,0.103536816181333,0.0323900303285978
2021-02-05,Sonoma,097,501317.0,76498,4922,38213,1790,38246,3131,34,0,46658,3826,61528,3827,14870,1088,0.0930708513774717,0.122732722010225,0.0296618706327533
2021-02-05,Stanislaus,099,539301.0,55639,3031,28567,1557,27010,1468,3,0,32817,1614,43242,1615,10425,1304,0.0608509904487475,0.0801815683634927,0.0193305779147451
2021-02-05,Sutter,101,95872.0,10404,298,4369,40,6035,258,0,0,6488,138,8433,138,1945,160,0.067673564753004,0.0879610313751668,0.0202874666221628
2021-02-05,Tehama,103,63373.0,6697,217,1614,73,5082,144,0,0,4935,147,5810,147,875,70,0.0778722799930569,0.0916794218357975,0.0138071418427406
2021-02-05,Trinity,105,12862.0,918,365,275,4,641,361,0,0,592,321,755,321,163,44,0.0460270564453428,0.0587000466490436,0.0126729902037008
2021-02-05,Tulare,107,460477.0,36385,1252,18850,243,17524,1009,4,0,22611,415,29480,415,6869,836,0.0491034297044152,0.0640205699741789,0.0149171402697637
2021-02-05,Tuolumne,109,53932.0,7187,114,3045,24,4139,89,2,1,4268,39,5668,39,1400,71,0.079136690647482,0.1050953051991396,0.0259586145516576
2021-02-05,Ventura,111,848112.0,103384,5083,62286,2421,41049,2658,9,0,60935,3490,82097,3493,21162,1579,0.0718478219857754,0.0967997151319637,0.0249518931461882
2021-02-05,Yolo,113,214977.0,29003,1638,13460,929,15542,709,0,0,16357,1222,22656,1223,6299,417,0.0760872093293701,0.1053880182531154,0.0293008089237453
2021-02-05,Yuba,115,75493.0,5117,170,1906,40,3206,130,2,0,3220,79,4163,79,943,90,0.0426529612017008,0.0551441855536274,0.0124912243519266
2021-02-04,Alameda,001,1643700.0,183721,9494,94678,4132,88968,5358,27,3,103706,6315,143547,6324,39841,3168,0.0630930218409685,0.0873316298594634,0.0242386080184948
2021-02-04,Alpine,003,1148.0,294,7,14,0,280,7,0,0,184,3,238,3,54,4,0.1602787456445993,0.2073170731707317,0.0470383275261324
2021-02-04,Amador,005,37829.0,4794,256,2082,75,2712,181,0,0,2471,102,3559,102,1088,146,0.0653202569457294,0.0940812604086811,0.0287610034629517
2021-02-04,Butte,007,227075.0,36246,2992,16813,342,19427,2650,5,0,21851,2418,29038,2418,7187,571,0.0962281184630628,0.127878454255202,0.0316503357921391
2021-02-04,Calaveras,009,45235.0,5313,396,1653,32,3660,364,0,0,3368,298,4281,298,913,92,0.0744556206477285,0.0946391068862606,0.0201834862385321
2021-02-04,Colusa,011,21464.0,1438,173,568,84,870,89,0,0,1013,112,1225,112,212,60,0.0471953037644427,0.0570723071188967,0.0098770033544539
2021-02-04,Contra Costa,013,1133247.0,170385,7741,97263,3656,73075,4082,23,1,103017,5833,136620,5837,33603,1895,0.0909042777082136,0.1205562423725807,0.029651964664367
2021-02-04,Del Norte,015,27424.0,2242,70,928,27,1312,43,1,0,1244,41,1741,41,497,28,0.0453617269544924,0.0634845390898483,0.0181228121353558
2021-02-04,El Dorado,017,186661.0,25562,1250,13431,696,12126,554,4,0,16190,851,20850,851,4660,396,0.0867347758771248,0.111699819458805,0.0249650435816801
2021-02-04,Fresno,019,978130.0,92247,4296,52430,1909,39800,2387,5,0,50726,1929,71332,1929,20606,2337,0.0518601821843722,0.0729269115557236,0.0210667293713514
2021-02-04,Glenn,021,27897.0,2845,79,1187,11,1651,68,1,0,1577,23,2207,23,630,56,0.0565293759185575,0.0791124493673154,0.0225830734487579
2021-02-04,Humboldt,023,135768.0,20192,706,9972,270,10187,436,1,0,13014,455,16577,455,3563,243,0.0958546933003358,0.1220979906900005,0.0262432973896647
2021-02-04,Imperial,025,180216.0,15075,1981,6511,1398,8559,583,3,0,9339,1525,12198,1525,2859,455,0.0518211479557863,0.0676854441337062,0.0158642961779198
2021-02-04,Inyo,027,18085.0,3133,178,1555,34,1538,142,0,0,1321,118,2206,118,885,58,0.0730439590821122,0.1219795410561238,0.0489355819740116
2021-02-04,Kern,029,883053.0,66471,3827,31378,1453,35072,2374,9,0,43872,2591,55142,2591,11270,1223,0.0496821821566768,0.0624447230234198,0.0127625408667429
2021-02-04,Kings,031,150075.0,9579,496,3521,160,6052,336,2,0,5475,228,7566,228,2091,268,0.0364817591204397,0.0504147926036981,0.0139330334832583
2021-02-04,Lake,033,64148.0,8373,131,3023,75,5349,56,1,0,5602,76,6987,76,1385,55,0.0873293009914572,0.1089199975057679,0.0215906965143106
2021-02-04,Lassen,035,31185.0,2232,107,649,9,1581,98,0,0,1286,52,1755,52,469,55,0.0412377745711079,0.0562770562770562,0.0150392817059483
2021-02-04,Los Angeles,037,10098052.0,1225734,59769,635453,21660,589606,38091,261,2,763703,40706,993648,40719,229945,18851,0.0756287450292393,0.0983999686276125,0.0227712235983732
2021-02-04,Madera,039,155013.0,12016,408,4336,135,7674,273,3,0,7798,124,9858,124,2060,281,0.0503054582518885,0.063594666253798,0.0132892080019095
2021-02-04,Marin,041,260295.0,42945,1603,22976,504,19962,1099,5,0,27012,1023,34962,1023,7950,580,0.103774563476056,0.1343168328242955,0.0305422693482394
2021-02-04,Mariposa,043,17540.0,1641,110,518,11,1120,99,1,0,1003,102,1310,102,307,6,0.0571835803876852,0.0746864310148232,0.0175028506271379
2021-02-04,Mendocino,045,87422.0,15153,652,7303,544,7846,108,1,0,9250,513,12135,513,2885,138,0.1058086065292489,0.1388094529981011,0.0330008464688522
2021-02-04,Merced,047,269075.0,17626,448,9586,175,7893,267,5,0,10987,281,13810,281,2823,137,0.0408324816500975,0.0513239803028895,0.0104914986527919
2021-02-04,Modoc,049,8938.0,1573,160,296,3,1276,157,0,0,1023,32,1298,32,275,128,0.1144551353770418,0.1452226448869993,0.0307675095099574
2021-02-04,Mono,051,14174.0,3567,221,2559,159,1000,62,0,0,2307,97,2929,97,622,123,0.1627628051361648,0.2066459714971073,0.0438831663609425
2021-02-04,Monterey,053,433212.0,37697,2896,18660,2105,18977,787,0,0,19745,2509,28669,2509,8924,379,0.0455781464964036,0.0661777605421825,0.0205996140457789
2021-02-04,Napa,055,140530.0,27132,797,12145,393,14985,404,2,0,16702,449,21934,449,5232,343,0.1188500676012239,0.1560805521952608,0.0372304845940368
2021-02-04,Nevada,057,99092.0,11606,791,6446,407,5159,384,0,0,8269,532,9931,532,1662,256,0.0834477051628789,0.1002199975780083,0.0167722924151293
2021-02-04,Orange,059,3164182.0,396882,20549,214502,13194,182158,7349,143,1,263045,15157,329789,15166,66744,5338,0.0831320701527282,0.1042256734916006,0.0210936033388724
2021-02-04,Placer,061,380077.0,58285,2786,33011,1218,25266,1567,6,0,38222,1938,48220,1939,9998,845,0.100563833118026,0.1268690291704049,0.0263051960523788
2021-02-04,Plumas,063,18699.0,1816,102,552,9,1262,93,1,0,894,23,1353,23,459,78,0.0478100433178244,0.0723568105246269,0.0245467672068025
2021-02-04,Riverside,065,2383286.0,239855,13890,129587,6106,110170,7782,24,1,167291,11539,203386,11550,36095,2338,0.0701934220232066,0.0853384780508927,0.0151450560276861
2021-02-04,Sacramento,067,1510023.0,157304,7922,91086,3739,66178,4181,28,1,89900,5570,123341,5572,33441,2334,0.0595355170086813,0.0816815373010874,0.0221460202924061
2021-02-04,San Benito,069,59416.0,5535,203,1988,26,3533,177,1,0,3277,149,4397,149,1120,54,0.0551534940083479,0.0740036353844082,0.0188501413760603
2021-02-04,San Bernardino,071,2135413.0,197110,10672,112154,5137,84903,5528,16,1,108905,7467,152896,7469,43991,3184,0.0509995022040232,0.0716002009915646,0.0206006987875413
2021-02-04,San Diego,073,3302833.0,508564,24793,220247,10299,287861,14488,267,1,340003,19861,423474,19981,83471,4826,0.1029428372551685,0.1282153835813073,0.0252725463261388
2021-02-04,San Francisco,075,870044.0,113568,5182,55115,2448,58420,2734,18,0,64391,3961,88934,3961,24543,1218,0.0740089006992749,0.1022178188689307,0.0282089181696557
2021-02-04,San Joaquin,077,732212.0,68440,3770,36145,1879,32281,1887,3,0,36894,2741,50999,2742,14105,949,0.0503870463745472,0.0696505929976564,0.0192635466231091
2021-02-04,San Luis Obispo,079,281455.0,40481,1761,18113,823,22343,937,8,1,22768,1141,31614,1143,8846,621,0.0808939262048995,0.1123234620099127,0.0314295358050132
2021-02-04,San Mateo,081,765935.0,103686,6364,56069,2579,47556,3784,35,1,61123,4987,82327,4992,21204,1372,0.0798018108586237,0.1074856221480935,0.0276838112894697
2021-02-04,Santa Barbara,083,443738.0,53420,2850,29224,1920,24161,926,4,0,35346,2515,44347,2515,9001,324,0.0796551118002064,0.0999396040005588,0.0202844922003524
2021-02-04,Santa Clara,085,1922200.0,239486,11295,118044,4323,121284,6965,66,0,143670,8824,191382,8830,47712,2447,0.0747424825720528,0.0995640412027884,0.0248215586307356
2021-02-04,Santa Cruz,087,273765.0,37797,1774,13140,703,24650,1071,6,0,25065,1439,31413,1439,6348,335,0.0915566270341351,0.1147443975672565,0.0231877705331214
2021-02-04,Shasta,089,179085.0,18999,1101,9623,688,9368,413,0,0,12199,900,15593,901,3394,201,0.0681184912192534,0.0870703855710975,0.018951894351844
2021-02-04,Sierra,091,2930.0,639,103,75,2,564,101,0,0,310,53,474,53,164,49,0.1058020477815699,0.1617747440273037,0.0559726962457337
2021-02-04,Siskiyou,093,43540.0,5821,378,2362,8,3452,370,1,0,3688,222,4752,222,1064,156,0.0847037207165824,0.1091410197519522,0.0244372990353697
2021-02-04,Solano,095,438530.0,56433,1945,30932,932,25498,1013,1,0,30087,1140,43227,1140,13140,801,0.0686087610881809,0.0985725035915444,0.0299637425033635
2021-02-04,Sonoma,097,501317.0,71576,4310,36423,1782,35115,2526,34,0,43919,3467,57701,3468,13782,839,0.0876072425231939,0.1150988296826159,0.027491587159422
2021-02-04,Stanislaus,099,539301.0,52608,2224,27010,767,25542,1450,3,0,32506,1606,41627,1609,9121,541,0.0602743180524419,0.0771869512572756,0.0169126332048336
2021-02-04,Sutter,101,95872.0,10106,694,4329,363,5777,331,0,0,6510,624,8295,624,1785,70,0.0679030373831775,0.0865216121495327,0.0186185747663551
2021-02-04,Tehama,103,63373.0,6480,581,1541,109,4938,472,0,0,4858,484,5663,484,805,95,0.0766572515108958,0.0893598220062171,0.0127025704953213
2021-02-04,Trinity,105,12862.0,553,43,271,33,280,10,0,0,315,36,434,36,119,7,0.0244907479396672,0.0337428082724304,0.0092520603327631
2021-02-04,Tulare,107,460477.0,35133,639,18607,191,16515,448,4,0,23032,316,29065,317,6033,324,0.0500176990381712,0.0631193306071747,0.0131016315690034
2021-02-04,Tuolumne,109,53932.0,7073,140,3021,15,4050,125,1,0,4300,69,5629,69,1329,68,0.0797300304086627,0.1043721723652006,0.0246421419565378
2021-02-04,Ventura,111,848112.0,98301,4842,59865,2271,38391,2568,9,1,59021,3542,78604,3546,19583,1292,0.0695910445790178,0.0926811553191088,0.0230901107400909
2021-02-04,Yolo,113,214977.0,27365,1806,12531,286,14833,1520,0,0,15551,1236,21433,1238,5882,557,0.0723379710387622,0.0996990375714611,0.0273610665326988
2021-02-04,Yuba,115,75493.0,4947,313,1866,121,3076,192,2,0,3231,260,4084,260,853,53,0.0427986700753712,0.0540977309154491,0.0112990608400778
2021-02-03,Alameda,001,1643700.0,174227,7162,90546,3785,83610,3375,24,0,100550,4379,137223,4381,36673,2765,0.0611729634361501,0.0834842124475269,0.0223112490113767
2021-02-03,Alpine,003,1148.0,287,34,14,0,273,34,0,0,185,10,235,10,50,23,0.1611498257839721,0.2047038327526132,0.0435540069686411
2021-02-03,Amador,005,37829.0,4538,149,2007,45,2531,104,0,0,2515,60,3457,60,942,83,0.0664833857622459,0.0913849163340294,0.0249015305717835
2021-02-03,Butte,007,227075.0,33254,2779,16471,793,16777,1986,5,0,20004,1874,26620,1874,6616,903,0.0880942419905317,0.1172299900913795,0.0291357481008477
2021-02-03,Calaveras,009,45235.0,4917,457,1621,47,3296,410,0,0,3162,352,3983,352,821,91,0.0699016248480159,0.088051287719686,0.0181496628716701
2021-02-03,Colusa,011,21464.0,1265,84,484,16,781,68,0,0,961,72,1113,72,152,12,0.0447726425642937,0.0518542676108833,0.0070816250465896
2021-02-03,Contra Costa,013,1133247.0,162644,8505,93607,5533,68993,2971,22,0,99075,5692,130783,5692,31708,2802,0.0874257774342222,0.1154055558938166,0.0279797784595944
2021-02-03,Del Norte,015,27424.0,2172,130,901,44,1269,86,1,0,1231,75,1700,75,469,55,0.0448876896149358,0.0619894982497082,0.0171018086347724
2021-02-03,El Dorado,017,186661.0,24312,939,12735,495,11572,444,4,0,15735,707,19999,707,4264,232,0.0842972018793427,0.107140752487129,0.0228435506077863
2021-02-03,Fresno,019,978130.0,87951,3641,50521,2116,37413,1524,5,0,51134,1571,69403,1571,18269,2052,0.0522773046527557,0.070954781061822,0.0186774764090662
2021-02-03,Glenn,021,27897.0,2766,281,1176,123,1583,152,1,0,1610,131,2184,131,574,145,0.0577122988134924,0.0782879879556941,0.0205756891422016
2021-02-03,Humboldt,023,135768.0,19486,783,9702,272,9751,508,1,0,12802,599,16122,600,3320,180,0.094293206057392,0.1187466855223616,0.0244534794649696
2021-02-03,Imperial,025,180216.0,13094,651,5113,193,7976,458,3,0,8269,386,10673,386,2404,266,0.0458838282949349,0.0592233763927731,0.0133395480978381
2021-02-03,Inyo,027,18085.0,2955,154,1521,1,1396,148,0,0,1261,81,2088,81,827,68,0.0697262925076029,0.1154547967929223,0.0457285042853193
2021-02-03,Kern,029,883053.0,62644,3716,29925,1552,32698,2163,9,1,42504,2707,52551,2708,10047,1000,0.0481330112688592,0.0595105843024144,0.0113775730335551
2021-02-03,Kings,031,150075.0,9083,481,3361,261,5716,219,2,0,5515,243,7338,243,1823,237,0.0367482925204064,0.048895552223888,0.0121472597034815
2021-02-03,Lake,033,64148.0,8242,456,2948,39,5293,417,1,0,5581,339,6911,339,1330,116,0.0870019330298684,0.1077352372638274,0.0207333042339589
2021-02-03,Lassen,035,31185.0,2125,96,640,13,1483,83,0,0,1289,43,1703,43,414,53,0.041333974667308,0.0546095879429212,0.0132756132756132
2021-02-03,Los Angeles,037,10098052.0,1165965,54935,613793,20474,551515,34442,259,3,741835,39145,952929,39156,211094,15622,0.0734631788388493,0.0943676067423697,0.0209044279035204
2021-02-03,Madera,039,155013.0,11608,599,4201,455,7401,144,3,0,7955,471,9734,471,1779,123,0.0513182765316457,0.0627947333449452,0.0114764568132995
2021-02-03,Marin,041,260295.0,41342,1844,22472,478,18863,1366,5,0,26569,1288,33939,1288,7370,555,0.102072648341305,0.1303866766553333,0.0283140283140283
2021-02-03,Mariposa,043,17540.0,1531,27,507,2,1021,25,1,0,907,18,1208,18,301,9,0.0517103762827822,0.0688711516533637,0.0171607753705815
2021-02-03,Mendocino,045,87422.0,14501,409,6759,207,7738,202,1,0,8875,228,11622,228,2747,179,0.1015190684267118,0.1329413648738303,0.0314222964471185
2021-02-03,Merced,047,269075.0,17178,432,9411,93,7626,329,5,0,10843,221,13529,223,2686,178,0.0402973148750348,0.0502796618043296,0.0099823469292948
2021-02-03,Modoc,049,8938.0,1413,18,293,12,1119,6,0,0,1119,11,1266,11,147,7,0.1251957932423361,0.1416424255985679,0.0164466323562318
2021-02-03,Mono,051,14174.0,3346,14,2400,1,938,12,0,0,2333,7,2832,7,499,6,0.1645971497107379,0.1998024551996613,0.0352053054889233
2021-02-03,Monterey,053,433212.0,34801,2379,16555,1058,18190,1318,0,0,17615,1591,26160,1592,8545,780,0.0406613851878525,0.0603861388881194,0.0197247537002668
2021-02-03,Napa,055,140530.0,26335,753,11752,320,14581,433,2,0,16596,440,21485,440,4889,311,0.1180957802604426,0.152885504874404,0.0347897246139614
2021-02-03,Nevada,057,99092.0,10815,831,6039,551,4775,280,0,0,7993,762,9399,762,1406,68,0.0806624147257094,0.0948512493440439,0.0141888346183344
2021-02-03,Orange,059,3164182.0,376333,17281,201308,12661,174809,4618,142,1,253217,14098,314623,14104,61406,3156,0.0800260541271014,0.0994326495757829,0.0194065954486815
2021-02-03,Placer,061,380077.0,55499,2995,31793,1908,23699,1086,6,1,37128,2325,46281,2325,9153,666,0.0976854689970716,0.1217674313362818,0.0240819623392102
2021-02-03,Plumas,063,18699.0,1714,124,543,9,1169,115,1,0,949,13,1330,13,381,109,0.0507513770789881,0.0711267982245039,0.0203754211455158
2021-02-03,Riverside,065,2383286.0,225965,12627,123481,5385,102388,7240,23,1,158079,10006,191836,10009,33757,2604,0.0663281704335946,0.0804922279575342,0.0141640575239396
2021-02-03,Sacramento,067,1510023.0,149382,7265,87347,3665,61997,3598,27,1,86662,5307,117769,5308,31107,1936,0.0573911788098591,0.0779915272813725,0.0206003484715133
2021-02-03,San Benito,069,59416.0,5332,358,1962,47,3356,310,1,1,3182,285,4248,286,1066,73,0.053554598088057,0.0714958933620573,0.0179412952740002
2021-02-03,San Bernardino,071,2135413.0,186438,9237,107017,4127,79375,5104,15,1,104620,6648,145427,6650,40807,2573,0.0489928646121382,0.0681025169370047,0.0191096523248664
2021-02-03,San Diego,073,3302833.0,483771,27827,209948,11786,273373,16026,266,1,324848,23041,403493,23157,78645,4610,0.0983543521576779,0.12216572863357,0.023811376475892
2021-02-03,San Francisco,075,870044.0,108386,5239,52667,2430,55686,2807,18,0,61648,3881,84973,3882,23325,1353,0.070856186583667,0.0976651755543397,0.0268089889706727
2021-02-03,San Joaquin,077,732212.0,64670,3386,34266,1364,30394,2020,3,0,35101,2313,48257,2313,13156,946,0.0479383020218188,0.0659057759228201,0.0179674739010013
2021-02-03,San Luis Obispo,079,281455.0,38720,1809,17290,737,21406,1070,7,0,22246,1336,30471,1336,8225,469,0.0790392780373416,0.1082624220568119,0.0292231440194702
2021-02-03,San Mateo,081,765935.0,97322,5055,53490,2043,43772,3012,34,0,57503,3894,77335,3895,19832,1154,0.0750755612421419,0.1009680978150887,0.0258925365729467
2021-02-03,Santa Barbara,083,443738.0,50570,1984,27304,1095,23235,889,4,0,33155,1520,41832,1520,8677,459,0.0747175134876886,0.0942718450977829,0.0195543316100942
2021-02-03,Santa Clara,085,1922200.0,228191,9403,113721,3575,114319,5824,66,0,137287,7004,182552,7009,45265,2375,0.0714218083446051,0.0949703464779939,0.0235485381333888
2021-02-03,Santa Cruz,087,273765.0,36023,2146,12437,911,23579,1235,6,0,23961,1826,29974,1826,6013,315,0.0875239712892444,0.1094880645809362,0.0219640932916917
2021-02-03,Shasta,089,179085.0,17898,710,8935,222,8955,487,0,0,11499,475,14692,475,3193,234,0.0642097328084429,0.0820392551023257,0.0178295222938827
2021-02-03,Sierra,091,2930.0,536,5,73,4,463,1,0,0,306,4,421,4,115,1,0.1044368600682593,0.1436860068259385,0.0392491467576791
2021-02-03,Siskiyou,093,43540.0,5443,320,2354,1,3082,318,1,0,3622,264,4530,264,908,55,0.0831878732200275,0.104042259990813,0.0208543867707854
2021-02-03,Solano,095,438530.0,54488,2337,30000,1332,24485,1005,1,0,29748,1195,42087,1195,12339,1141,0.0678357238957425,0.0959729094930791,0.0281371855973365
2021-02-03,Sonoma,097,501317.0,67266,4099,34641,1300,32589,2799,34,0,41290,3175,54233,3175,12943,920,0.0823630557112565,0.1081810511113726,0.025817995400116
2021-02-03,Stanislaus,099,539301.0,50384,2775,26243,1308,24092,1457,3,0,31438,1919,40018,1922,8580,794,0.0582939768329745,0.0742034596635274,0.0159094828305528
2021-02-03,Sutter,101,95872.0,9412,470,3966,36,5446,434,0,0,5956,234,7671,234,1715,235,0.0621244993324432,0.0800129339118825,0.0178884345794392
2021-02-03,Tehama,103,63373.0,5899,469,1432,18,4466,451,0,0,4469,407,5179,407,710,61,0.0705189907373802,0.0817225001183469,0.0112035093809666
2021-02-03,Trinity,105,12862.0,510,5,238,0,270,5,0,0,286,3,398,3,112,2,0.0222360441610946,0.0309438656507541,0.0087078214896594
2021-02-03,Tulare,107,460477.0,34494,658,18416,293,16067,365,4,0,23039,414,28748,414,5709,242,0.0500329006660484,0.062430914030451,0.0123980133644025
2021-02-03,Tuolumne,109,53932.0,6933,288,3006,133,3925,155,1,0,4299,99,5560,99,1261,171,0.0797114885411258,0.1030927835051546,0.0233812949640287
2021-02-03,Ventura,111,848112.0,93459,4486,57594,2062,35823,2422,8,0,56767,3432,75058,3434,18291,1047,0.0669333767238289,0.0885001037598807,0.0215667270360518
2021-02-03,Yolo,113,214977.0,25559,1513,12245,411,13313,1102,0,0,14870,1146,20195,1146,5325,365,0.0691701902994273,0.093940281983654,0.0247700916842266
2021-02-03,Yuba,115,75493.0,4634,270,1745,39,2884,231,2,0,3024,143,3824,143,800,126,0.040056693998119,0.0506537029923304,0.0105970089942113
2021-02-02,Alameda,001,1643700.0,167065,7184,86761,3887,80235,3296,24,1,98934,4746,132842,4747,33908,2419,0.0601898156597919,0.0808188842246152,0.0206290685648232
2021-02-02,Alpine,003,1148.0,253,0,14,0,239,0,0,0,198,0,225,0,27,0,0.1724738675958188,0.195993031358885,0.0235191637630662
2021-02-02,Amador,005,37829.0,4389,220,1962,73,2427,147,0,0,2538,79,3397,79,859,137,0.067091384916334,0.0897988315842343,0.0227074466679002
2021-02-02,Butte,007,227075.0,30475,1973,15678,368,14791,1605,5,0,19033,1667,24746,1667,5713,306,0.0838181217659363,0.1089772101728503,0.025159088406914
2021-02-02,Calaveras,009,45235.0,4460,127,1574,28,2886,99,0,0,2901,78,3631,78,730,46,0.0641317563833314,0.0802697026638664,0.0161379462805349
2021-02-02,Colusa,011,21464.0,1181,45,468,10,713,35,0,0,901,38,1041,38,140,7,0.0419772642564293,0.0484998136414461,0.0065225493850167
2021-02-02,Contra Costa,013,1133247.0,154139,7624,88074,5040,66022,2584,22,0,96185,5860,125091,5863,28906,1752,0.0848755831694237,0.1103828203383728,0.025507237168949
2021-02-02,Del Norte,015,27424.0,2042,149,857,34,1183,115,1,0,1211,75,1625,76,414,73,0.0441584014002333,0.0592546674445741,0.0150962660443407
2021-02-02,El Dorado,017,186661.0,23373,880,12240,396,11128,484,4,0,15260,706,19292,707,4032,174,0.081752481771768,0.10335313750596,0.0216006557341919
2021-02-02,Fresno,019,978130.0,84310,2797,48405,575,35889,2222,5,0,51615,1546,67832,1559,16217,1225,0.0527690593274922,0.0693486550867471,0.0165795957592549
2021-02-02,Glenn,021,27897.0,2485,33,1053,17,1431,16,1,0,1624,23,2053,23,429,10,0.0582141448901315,0.0735921425242857,0.0153779976341542
2021-02-02,Humboldt,023,135768.0,18703,495,9430,77,9243,416,1,0,12382,362,15522,363,3140,131,0.0911996935949561,0.114327382004596,0.0231276884096399
2021-02-02,Imperial,025,180216.0,12443,801,4920,100,7518,700,3,1,8149,610,10287,611,2138,187,0.0452179606694189,0.0570815021973631,0.0118635415279442
2021-02-02,Inyo,027,18085.0,2801,131,1520,14,1248,115,0,0,1248,102,2007,102,759,27,0.0690074647497926,0.1109759469173348,0.0419684821675421
2021-02-02,Kern,029,883053.0,58928,2802,28373,818,30535,1984,8,0,40796,2062,49843,2063,9047,729,0.0461988125288063,0.0564439507028457,0.0102451381740393
2021-02-02,Kings,031,150075.0,8602,343,3100,112,5497,231,2,0,5509,97,7095,97,1586,246,0.0367083125104114,0.0472763618190904,0.0105680493086789
2021-02-02,Lake,033,64148.0,7786,557,2909,153,4876,404,1,0,5358,389,6572,389,1214,168,0.0835255970568061,0.1024505830267506,0.0189249859699445
2021-02-02,Lassen,035,31185.0,2029,166,627,6,1400,159,0,0,1299,34,1660,34,361,131,0.0416546416546416,0.0532307198973865,0.0115760782427449
2021-02-02,Los Angeles,037,10098052.0,1111030,47476,593319,19104,517073,28354,256,3,718301,34332,913773,34344,195472,13051,0.0711326303330582,0.0904900271854413,0.019357396852383
2021-02-02,Madera,039,155013.0,11009,299,3746,123,7257,175,3,0,7607,171,9263,171,1656,97,0.0490733035293814,0.0597562785056737,0.0106829749762923
2021-02-02,Marin,041,260295.0,39498,1511,21994,502,17497,1009,5,0,25836,833,32651,834,6815,673,0.0992566126894485,0.1254384448414299,0.0261818321519814
2021-02-02,Mariposa,043,17540.0,1504,19,505,5,996,14,1,0,898,13,1190,13,292,6,0.0511972633979475,0.0678449258836944,0.0166476624857468
2021-02-02,Mendocino,045,87422.0,14092,785,6552,554,7536,230,1,0,8826,399,11394,399,2568,385,0.1009585687813136,0.1303333257074878,0.0293747569261741
2021-02-02,Merced,047,269075.0,16746,333,9318,194,7297,134,5,0,10798,185,13306,185,2508,131,0.0401300752578277,0.04945089659017,0.0093208213323422
2021-02-02,Modoc,049,8938.0,1395,176,281,1,1113,175,0,0,1115,174,1255,174,140,2,0.1247482658312821,0.1404117252181696,0.0156634593868874
2021-02-02,Mono,051,14174.0,3332,9,2399,3,926,6,0,0,2332,3,2825,3,493,5,0.1645265979963313,0.1993085931988147,0.0347819952024834
2021-02-02,Monterey,053,433212.0,32422,2289,15497,509,16872,1773,0,0,16803,1615,24568,1615,7765,663,0.0387870142101326,0.05671126376924,0.0179242495591073
2021-02-02,Napa,055,140530.0,25582,610,11432,284,14148,326,2,0,16467,301,21045,301,4578,307,0.1171778267985483,0.1497545008183306,0.0325766740197822
2021-02-02,Nevada,057,99092.0,9984,571,5488,204,4495,367,0,0,7299,352,8637,352,1338,219,0.0736588221047107,0.0871614257457716,0.0135026036410608
2021-02-02,Orange,059,3164182.0,359052,15668,188647,8163,170191,7499,141,3,242269,12987,300519,12998,58250,2639,0.0765660761612321,0.0949752574283021,0.0184091812670699
2021-02-02,Placer,061,380077.0,52504,2433,29885,1565,22613,868,5,0,35469,1917,43956,1917,8487,512,0.0933205639909807,0.1156502498178,0.0223296858268193
2021-02-02,Plumas,063,18699.0,1590,31,534,7,1054,24,1,0,1045,12,1317,12,272,19,0.0558853414621102,0.0704315738809562,0.0145462324188459
2021-02-02,Riverside,065,2383286.0,213338,10046,118096,5063,95148,4977,22,0,150674,8338,181827,8342,31153,1682,0.0632211157200604,0.0762925641320429,0.0130714484119824
2021-02-02,Sacramento,067,1510023.0,142117,7162,83682,3892,58399,3269,26,1,83290,4982,112461,4984,29171,2153,0.0551581002408572,0.0744763490357431,0.0193182487948859
2021-02-02,San Benito,069,59416.0,4974,261,1915,53,3046,206,0,0,2969,146,3962,146,993,113,0.0499697051299313,0.0666823751178133,0.016712669987882
2021-02-02,San Bernardino,071,2135413.0,177201,10772,102890,3654,74271,7118,14,0,100543,8577,138777,8578,38234,2179,0.0470836320655536,0.0649883652483149,0.0179047331827613
2021-02-02,San Diego,073,3302833.0,455944,23777,198162,8896,257347,14873,265,2,306301,19990,380336,20030,74035,3685,0.0927388699337811,0.1151544749613437,0.0224156050275627
2021-02-02,San Francisco,075,870044.0,103147,4665,50237,1883,52879,2781,18,0,59119,3041,81091,3041,21972,1617,0.0679494370399658,0.0932033322452657,0.0252538952052999
2021-02-02,San Joaquin,077,732212.0,61284,2899,32902,1309,28374,1586,3,0,33734,2091,45944,2091,12210,686,0.046071356383124,0.06274685473606,0.016675498352936
2021-02-02,San Luis Obispo,079,281455.0,36911,1949,16553,685,20336,1263,7,0,21379,1537,29135,1538,7756,410,0.0759588566555932,0.103515659696932,0.0275568030413387
2021-02-02,San Mateo,081,765935.0,92267,3292,51447,1767,40760,1523,34,0,54762,2213,73440,2213,18678,1071,0.0714969285905462,0.0958828098990123,0.0243858813084661
2021-02-02,Santa Barbara,083,443738.0,48586,1798,26209,698,22346,1097,4,0,32094,1024,40312,1024,8218,768,0.0723264629127999,0.0908464003533616,0.0185199374405617
2021-02-02,Santa Clara,085,1922200.0,218788,8871,110146,2996,108495,5868,66,0,132653,6765,175543,6771,42890,2091,0.0690110290292373,0.091324003745708,0.0223129747164707
2021-02-02,Santa Cruz,087,273765.0,33877,993,11526,127,22344,865,6,0,22450,845,28148,845,5698,145,0.0820046390152137,0.1028181104231731,0.0208134714079593
2021-02-02,Shasta,089,179085.0,17188,994,8713,508,8468,485,0,0,11258,902,14217,902,2959,91,0.0628640031270067,0.0793868833235614,0.0165228801965547
2021-02-02,Sierra,091,2930.0,531,59,69,1,462,58,0,0,303,19,417,19,114,40,0.1034129692832764,0.1423208191126279,0.0389078498293515
2021-02-02,Siskiyou,093,43540.0,5123,275,2353,45,2764,230,1,0,3413,155,4266,155,853,120,0.078387689480937,0.0979788700045934,0.0195911805236564
2021-02-02,Solano,095,438530.0,52151,3466,28668,1118,23480,2348,1,0,29694,2614,40892,2615,11198,843,0.0677125852279205,0.0932478963810913,0.0255353111531708
2021-02-02,Sonoma,097,501317.0,63167,3637,33341,1401,29790,2235,34,1,39035,3034,51058,3035,12023,599,0.0778649038432768,0.1018477330710907,0.0239828292278139
2021-02-02,Stanislaus,099,539301.0,47609,1376,24935,433,22635,938,3,1,30310,860,38096,861,7786,469,0.0562023804888179,0.0706395871693173,0.0144372066804993
2021-02-02,Sutter,101,95872.0,8942,262,3930,27,5012,235,0,0,5957,209,7437,209,1480,51,0.062134929906542,0.0775721795727636,0.0154372496662216
2021-02-02,Tehama,103,63373.0,5430,395,1414,71,4015,324,0,0,4123,289,4772,289,649,104,0.0650592523629937,0.0753002067126378,0.0102409543496441
2021-02-02,Trinity,105,12862.0,505,16,238,4,265,12,0,0,285,15,395,15,110,1,0.022158295754937,0.0307106204322811,0.0085523246773441
2021-02-02,Tulare,107,460477.0,33836,725,18123,348,15702,377,4,0,22867,461,28334,461,5467,261,0.0496593749524949,0.0615318463245721,0.0118724713720772
2021-02-02,Tuolumne,109,53932.0,6645,666,2873,60,3770,606,1,0,4371,642,5461,644,1090,19,0.0810465030037825,0.1012571386190017,0.0202106356152191
2021-02-02,Ventura,111,848112.0,88973,4494,55532,2349,33401,2144,8,0,54380,3408,71624,3410,17244,1075,0.06411888995793,0.0844511102307242,0.0203322202727941
2021-02-02,Yolo,113,214977.0,24046,1328,11834,756,12211,572,0,0,14089,916,19049,916,4960,412,0.0655372435190741,0.0886094791535838,0.0230722356345097
2021-02-02,Yuba,115,75493.0,4364,132,1706,23,2653,108,2,1,3007,104,3681,104,674,28,0.039831507556992,0.0487594876346151,0.008927980077623
2021-02-01,Alameda,001,1643700.0,159881,6571,82874,3921,76939,2639,23,3,96606,4368,128095,4371,31489,2182,0.0587734988136521,0.0779308876315629,0.0191573888179108
2021-02-01,Alpine,003,1148.0,253,21,14,0,239,21,0,0,198,5,225,5,27,15,0.1724738675958188,0.195993031358885,0.0235191637630662
2021-02-01,Amador,005,37829.0,4169,72,1889,25,2280,47,0,0,2596,41,3318,41,722,30,0.0686246001744693,0.0877104866636707,0.0190858864892014
2021-02-01,Butte,007,227075.0,28502,1809,15310,405,13186,1402,5,2,17672,1404,23079,1407,5407,400,0.0778245073213695,0.101636023340306,0.0238115160189364
2021-02-01,Calaveras,009,45235.0,4333,47,1546,18,2787,29,0,0,2869,33,3553,33,684,13,0.0634243395600751,0.0785453741571791,0.015121034597104
2021-02-01,Colusa,011,21464.0,1136,31,458,12,678,19,0,0,870,24,1003,24,133,7,0.0405329854640328,0.0467294073797987,0.0061964219157659
2021-02-01,Contra Costa,013,1133247.0,146515,5981,83034,4091,63438,1888,22,1,92074,3996,119228,4003,27154,1970,0.081247953888252,0.1052091909354271,0.023961237047175
2021-02-01,Del Norte,015,27424.0,1893,40,823,2,1068,38,1,0,1208,26,1549,26,341,14,0.044049008168028,0.0564833722287047,0.0124343640606767
2021-02-01,El Dorado,017,186661.0,22493,815,11844,376,10644,439,4,0,14727,657,18585,657,3858,158,0.0788970379457947,0.0995655225247909,0.0206684845789961
2021-02-01,Fresno,019,978130.0,81513,3400,47830,1682,33667,1716,5,2,51281,1749,66273,1758,14992,1588,0.0524275914244527,0.0677547974195659,0.0153272059951131
2021-02-01,Glenn,021,27897.0,2452,32,1036,11,1415,21,1,0,1611,18,2030,18,419,13,0.0577481449618238,0.0727676811126644,0.0150195361508405
2021-02-01,Humboldt,023,135768.0,18208,348,9353,176,8827,168,1,1,12150,186,15159,188,3009,158,0.0894908962347534,0.1116537033763478,0.0221628071415944
2021-02-01,Imperial,025,180216.0,11642,508,4820,86,6818,421,2,1,7725,281,9676,282,1951,222,0.0428652283925955,0.0536911262041106,0.010825897811515
2021-02-01,Inyo,027,18085.0,2670,15,1506,10,1133,5,0,0,1173,3,1905,3,732,12,0.064860381531656,0.105335913740669,0.0404755322090129
2021-02-01,Kern,029,883053.0,56126,2633,27555,987,28551,1641,8,4,39462,1897,47780,1903,8318,736,0.0446881444262122,0.0541077375876646,0.0094195931614523
2021-02-01,Kings,031,150075.0,8259,255,2988,87,5266,167,2,0,5658,98,6998,98,1340,156,0.0377011494252873,0.0466300183241712,0.0089288688988838
2021-02-01,Lake,033,64148.0,7229,184,2756,25,4472,159,1,0,5137,157,6183,157,1046,27,0.0800804389848475,0.0963864812620814,0.0163060422772338
2021-02-01,Lassen,035,31185.0,1863,55,621,4,1241,51,0,0,1396,27,1626,27,230,28,0.044765111431778,0.0521404521404521,0.007375340708674
2021-02-01,Los Angeles,037,10098052.0,1063554,40941,574215,17407,488719,23484,253,19,697008,29583,879429,29611,182421,11246,0.0690240058181518,0.0870889751805595,0.0180649693624077
2021-02-01,Madera,039,155013.0,10710,347,3623,156,7082,188,3,2,7533,217,9092,219,1559,127,0.0485959242128079,0.0586531452200783,0.0100572210072703
2021-02-01,Marin,041,260295.0,37987,1134,21492,445,16488,689,5,0,25675,929,31817,930,6142,203,0.0986380837127105,0.1222343879060297,0.0235963041933191
2021-02-01,Mariposa,043,17540.0,1485,96,500,32,982,64,1,0,891,73,1177,73,286,22,0.0507981755986317,0.0671037628278221,0.0163055872291904
2021-02-01,Mendocino,045,87422.0,13307,401,5998,56,7306,345,1,0,8812,63,10995,63,2183,338,0.1007984260254855,0.1257692571663883,0.0249708311409027
2021-02-01,Merced,047,269075.0,16413,456,9124,64,7163,353,5,2,10744,336,13121,337,2377,76,0.0399293877171792,0.0487633559416519,0.0088339682244727
2021-02-01,Modoc,049,8938.0,1219,25,280,11,938,14,0,0,943,12,1081,12,138,13,0.1055045871559633,0.1209442828373237,0.0154396956813604
2021-02-01,Mono,051,14174.0,3323,29,2396,27,920,2,0,0,2334,3,2822,3,488,26,0.1646677014251446,0.1990969380555947,0.0344292366304501
2021-02-01,Monterey,053,433212.0,30133,1700,14988,1160,15099,535,0,0,15851,1119,22953,1119,7102,575,0.036589475822461,0.0529832968615827,0.0163938210391217
2021-02-01,Napa,055,140530.0,24972,334,11148,124,13822,210,2,0,16473,175,20744,175,4271,159,0.1172205223084039,0.147612609407244,0.0303920870988401
2021-02-01,Nevada,057,99092.0,9413,312,5284,86,4128,226,0,0,7166,287,8285,287,1119,26,0.0723166350462196,0.0836091712751786,0.0112925362289589
2021-02-01,Orange,059,3164182.0,343384,15585,180484,6740,162692,8813,138,22,231910,12862,287521,12890,55611,2693,0.0732922442514368,0.0908674026968107,0.0175751584453738
2021-02-01,Placer,061,380077.0,50071,2115,28320,1105,21745,1010,5,0,34064,1778,42039,1778,7975,333,0.0896239446217476,0.1106065349915938,0.0209825903698461
2021-02-01,Plumas,063,18699.0,1559,30,527,4,1030,26,1,0,1052,20,1305,20,253,10,0.0562596930317129,0.0697898283330659,0.013530135301353
2021-02-01,Riverside,065,2383286.0,203292,11700,113033,7225,90171,4467,22,3,144014,9552,173485,9558,29471,2123,0.0604266546272667,0.0727923547572553,0.0123657001299885
2021-02-01,Sacramento,067,1510023.0,134955,6048,79790,3099,55130,2947,25,2,80459,4291,107477,4293,27018,1740,0.053283294360417,0.0711757370583097,0.0178924426978926
2021-02-01,San Benito,069,59416.0,4713,156,1862,32,2840,124,0,0,2936,110,3816,110,880,46,0.0494142991786724,0.0642251245455769,0.0148108253669045
2021-02-01,San Bernardino,071,2135413.0,166429,7786,99236,4244,67153,3536,14,2,94144,5045,130199,5049,36055,2729,0.0440870220421061,0.0609713437166487,0.0168843216745425
2021-02-01,San Diego,073,3302833.0,432167,22058,189266,8038,242474,13996,263,15,289956,17950,360306,18006,70350,3950,0.0877900880849864,0.1090899842650234,0.0212998961800369
2021-02-01,San Francisco,075,870044.0,98482,4119,48354,1733,50098,2384,18,1,57695,3003,78050,3005,20355,1112,0.0663127382063435,0.0897081067164419,0.0233953685100983
2021-02-01,San Joaquin,077,732212.0,58385,2770,31593,1428,26788,1341,3,1,32329,1829,43853,1832,11524,838,0.0441525132065576,0.0598911244284442,0.0157386112218865
2021-02-01,San Luis Obispo,079,281455.0,34962,1783,15868,763,19073,1018,7,2,20251,1435,27597,1437,7346,345,0.0719511111900659,0.0980511982377289,0.026100087047663
2021-02-01,San Mateo,081,765935.0,88975,3006,49680,1397,39237,1608,34,0,53620,2241,71227,2243,17607,760,0.070005940451866,0.0929935307826382,0.0229875903307721
2021-02-01,Santa Barbara,083,443738.0,46788,997,25511,533,21249,462,4,1,31838,591,39288,592,7450,404,0.0717495459032131,0.0885387323150147,0.0167891864118015
2021-02-01,Santa Clara,085,1922200.0,209917,8023,107150,3631,102627,4376,66,7,127973,6242,168772,6251,40799,1758,0.0665763188013734,0.087801477473728,0.0212251586723545
2021-02-01,Santa Cruz,087,273765.0,32884,1171,11399,711,21479,459,6,1,21750,777,27303,778,5553,393,0.0794477014958084,0.0997315215604624,0.0202838200646539
2021-02-01,Shasta,089,179085.0,16194,544,8205,160,7983,384,0,0,10447,394,13315,394,2868,149,0.0583354273110534,0.0743501689142027,0.0160147416031493
2021-02-01,Sierra,091,2930.0,472,1,68,0,404,1,0,0,324,0,398,0,74,1,0.110580204778157,0.1358361774744027,0.0252559726962457
2021-02-01,Siskiyou,093,43540.0,4848,266,2308,3,2534,263,1,0,3378,115,4111,115,733,151,0.0775838309600367,0.0944189251263206,0.0168350941662838
2021-02-01,Solano,095,438530.0,48685,1591,27550,1051,21132,540,1,0,27922,785,38277,785,10355,801,0.0636718126467972,0.0872847923745239,0.0236129797277267
2021-02-01,Sonoma,097,501317.0,59530,2530,31940,878,27555,1651,33,1,36599,2122,48023,2123,11424,408,0.073005702978355,0.095793679448333,0.022787976469978
2021-02-01,Stanislaus,099,539301.0,46233,1468,24502,661,21697,804,2,1,29918,1001,37235,1002,7317,388,0.0554755136741819,0.0690430761300275,0.0135675624558456
2021-02-01,Sutter,101,95872.0,8680,194,3903,50,4777,144,0,0,5799,137,7228,137,1429,56,0.0604868991989319,0.0753921895861148,0.0149052903871829
2021-02-01,Tehama,103,63373.0,5035,95,1343,27,3691,68,0,0,3938,44,4483,44,545,51,0.0621400280876714,0.0707399050068641,0.0085998769191927
2021-02-01,Trinity,105,12862.0,489,4,234,2,253,2,0,0,271,2,380,2,109,2,0.0210698180687295,0.029544394339916,0.0084745762711864
2021-02-01,Tulare,107,460477.0,33111,1217,17775,908,15325,308,4,1,22667,835,27873,836,5206,379,0.0492250427274326,0.0605307105458035,0.0113056678183709
2021-02-01,Tuolumne,109,53932.0,5979,42,2813,11,3164,31,1,0,3746,36,4817,36,1071,7,0.0694578357932211,0.0893161759252391,0.019858340132018
2021-02-01,Ventura,111,848112.0,84479,4042,53183,2155,31257,1884,8,1,52045,3230,68214,3234,16169,803,0.0613657158488501,0.0804304148508687,0.0190646990020186
2021-02-01,Yolo,113,214977.0,22718,877,11078,376,11639,501,0,0,13585,634,18133,634,4548,240,0.0631928066723416,0.0843485582178558,0.0211557515455141
2021-02-01,Yuba,115,75493.0,4232,179,1683,81,2545,98,1,0,2931,139,3577,139,646,40,0.0388247917025419,0.0473818764653676,0.0085570847628256
2021-01-31,Alameda,001,1643700.0,153310,1940,78953,972,74300,967,20,0,94417,1695,123724,1695,29307,238,0.0574417472774837,0.0752716432439009,0.0178298959664172
2021-01-31,Alpine,003,1148.0,232,0,14,0,218,0,0,0,208,0,220,0,12,0,0.181184668989547,0.1916376306620209,0.0104529616724738
2021-01-31,Amador,005,37829.0,4097,31,1864,28,2233,3,0,0,2585,30,3277,30,692,1,0.0683338179703402,0.086626662084644,0.0182928441143038
2021-01-31,Butte,007,227075.0,26693,21,14905,17,11784,4,3,0,16665,20,21672,20,5007,1,0.0733898491687768,0.0954398326544093,0.0220499834856325
2021-01-31,Calaveras,009,45235.0,4286,12,1528,6,2758,6,0,0,2849,11,3520,11,671,1,0.0629822040455399,0.077815850558196,0.0148336465126561
2021-01-31,Colusa,011,21464.0,1105,7,446,7,659,0,0,0,853,7,979,7,126,0,0.0397409616101379,0.045611256056653,0.005870294446515
2021-01-31,Contra Costa,013,1133247.0,140534,721,78943,474,61550,247,21,0,90041,617,115225,617,25184,99,0.0794539937012848,0.101676863031625,0.0222228693303401
2021-01-31,Del Norte,015,27424.0,1853,0,821,0,1030,0,1,0,1196,0,1523,0,327,0,0.0436114352392065,0.0555352975495916,0.011923862310385
2021-01-31,El Dorado,017,186661.0,21678,254,11468,224,10205,30,4,0,14228,201,17928,201,3700,53,0.0762237425064689,0.0960457728181034,0.0198220303116344
2021-01-31,Fresno,019,978130.0,78113,232,46148,221,31951,11,3,0,51111,76,64515,76,13404,154,0.0522537903959596,0.0659574903131485,0.0137036999171889
2021-01-31,Glenn,021,27897.0,2420,1,1025,0,1394,1,1,0,1606,1,2012,1,406,0,0.057568914220167,0.0721224504426999,0.0145535362225328
2021-01-31,Humboldt,023,135768.0,17860,332,9177,329,8659,2,0,0,12120,331,14971,331,2851,0,0.0892699310588651,0.1102689882741146,0.0209990572152495
2021-01-31,Imperial,025,180216.0,11134,45,4734,20,6397,25,1,0,7665,42,9394,42,1729,5,0.0425322945798375,0.0521263372841479,0.0095940427043103
2021-01-31,Inyo,027,18085.0,2655,27,1496,5,1128,22,0,0,1182,6,1902,6,720,22,0.0653580315178324,0.1051700304119436,0.0398119988941111
2021-01-31,Kern,029,883053.0,53493,400,26568,273,26910,127,4,0,38295,264,45877,264,7582,136,0.0433665929451573,0.051952714050006,0.0085861211048487
2021-01-31,Kings,031,150075.0,8004,1,2901,1,5099,0,2,0,5716,1,6900,1,1184,0,0.038087622855239,0.0459770114942528,0.0078893886390138
2021-01-31,Lake,033,64148.0,7045,13,2731,7,4313,6,1,0,5007,9,6026,9,1019,4,0.0780538754131072,0.0939390160254411,0.0158851406123339
2021-01-31,Lassen,035,31185.0,1808,0,617,0,1190,0,0,0,1397,0,1599,0,202,0,0.0447971781305114,0.0512746512746512,0.0064774731441398
2021-01-31,Los Angeles,037,10098052.0,1022613,14543,556808,11576,465235,2962,234,1,678643,13550,849818,13557,171175,963,0.0672053382177077,0.084156627436658,0.0169512892189503
2021-01-31,Madera,039,155013.0,10363,8,3467,3,6894,5,1,0,7441,7,8873,7,1432,1,0.0480024256030139,0.0572403604858947,0.0092379348828807
2021-01-31,Marin,041,260295.0,36853,463,21047,324,15799,139,5,0,24948,432,30887,432,5939,32,0.0958450988301734,0.1186615186615186,0.0228164198313452
2021-01-31,Mariposa,043,17540.0,1389,1,468,0,918,1,1,0,840,1,1104,1,264,0,0.0478905359179019,0.0629418472063854,0.0150513112884834
2021-01-31,Mendocino,045,87422.0,12906,295,5942,1,6961,293,1,0,9087,4,10932,4,1845,290,0.1039440873006794,0.125048614765162,0.0211045274644826
2021-01-31,Merced,047,269075.0,15957,63,9060,23,6810,40,3,0,10483,56,12784,56,2301,3,0.038959397937378,0.0475109170305676,0.0085515190931896
2021-01-31,Modoc,049,8938.0,1194,0,269,0,924,0,0,0,944,0,1069,0,125,0,0.1056164690087267,0.119601700604162,0.0139852315954352
2021-01-31,Mono,051,14174.0,3294,240,2369,131,918,108,0,0,2357,130,2819,130,462,108,0.1662903908564978,0.1988852829123747,0.0325948920558769
2021-01-31,Monterey,053,433212.0,28433,541,13828,87,14564,451,0,0,15307,524,21834,525,6527,14,0.0353337396009344,0.0504002659206116,0.0150665263196772
2021-01-31,Napa,055,140530.0,24638,697,11024,665,13612,32,2,0,16457,670,20569,670,4112,27,0.1171066676154557,0.1463673237031238,0.0292606560876681
2021-01-31,Nevada,057,99092.0,9101,122,5198,104,3902,18,0,0,6905,117,7998,118,1093,4,0.0696827190893311,0.080712872885803,0.0110301537964719
2021-01-31,Orange,059,3164182.0,327799,13925,173744,4947,153879,8974,116,2,221713,13466,274631,13474,52918,440,0.070069610407998,0.0867936800095569,0.0167240696015589
2021-01-31,Placer,061,380077.0,47956,813,27215,646,20735,167,5,0,32619,737,40261,737,7642,76,0.0858220834199385,0.1059285355335892,0.0201064521136506
2021-01-31,Plumas,063,18699.0,1529,3,523,3,1004,0,1,0,1042,3,1285,3,243,0,0.0557249050751377,0.0687202524199155,0.0129953473447777
2021-01-31,Riverside,065,2383286.0,191592,5345,105808,4312,85704,1032,19,0,136579,5189,163927,5191,27348,153,0.0573070122511524,0.0687819254592189,0.0114749132080665
2021-01-31,Sacramento,067,1510023.0,128907,2615,76691,2291,52183,324,23,0,77906,2265,103184,2266,25278,348,0.0515925916360214,0.0683327340047138,0.0167401423686924
2021-01-31,San Benito,069,59416.0,4557,18,1830,5,2716,12,0,0,2872,11,3706,11,834,6,0.0483371482428975,0.0623737713747138,0.0140366231318163
2021-01-31,San Bernardino,071,2135413.0,158643,1026,94992,518,63617,508,12,0,91824,959,125150,959,33326,65,0.0430005811522173,0.0586069299006796,0.0156063487484622
2021-01-31,San Diego,073,3302833.0,410109,14793,181228,5764,228478,9027,248,0,275900,14211,342300,14226,66400,545,0.0835343476342885,0.1036383008162992,0.0201039531820107
2021-01-31,San Francisco,075,870044.0,94363,2371,46621,833,47714,1538,17,0,55802,2223,75045,2224,19243,149,0.0641369861754118,0.086254258405322,0.0221172722299102
2021-01-31,San Joaquin,077,732212.0,55615,1582,30165,192,25447,1390,2,0,31335,1486,42021,1488,10686,85,0.0427949828738125,0.0573891168131634,0.0145941339393508
2021-01-31,San Luis Obispo,079,281455.0,33179,235,15105,19,18055,216,5,0,19159,231,26160,231,7001,3,0.0680712724947149,0.0929455863281874,0.0248743138334724
2021-01-31,San Mateo,081,765935.0,85969,1669,48283,896,37629,773,34,0,52137,1512,68984,1512,16847,156,0.0680697448216885,0.0900650838517628,0.0219953390300743
2021-01-31,Santa Barbara,083,443738.0,45791,1475,24978,1214,20787,261,3,0,31650,1431,38696,1432,7046,45,0.0713258724742978,0.0872046117303453,0.0158787392560474
2021-01-31,Santa Clara,085,1922200.0,201894,2290,103519,1372,98251,916,59,0,123480,1660,162521,1660,39041,620,0.0642388929351784,0.0845494745603995,0.0203105816252211
2021-01-31,Santa Cruz,087,273765.0,31713,798,10688,107,21020,691,5,0,21365,784,26525,784,5160,14,0.0780413858601355,0.0968896681460376,0.0188482822859021
2021-01-31,Shasta,089,179085.0,15650,28,8045,6,7599,22,0,0,10202,27,12921,27,2719,1,0.0569673618672697,0.0721500963229751,0.0151827344557053
2021-01-31,Sierra,091,2930.0,471,0,68,0,403,0,0,0,325,0,398,0,73,0,0.1109215017064846,0.1358361774744027,0.024914675767918
2021-01-31,Siskiyou,093,43540.0,4582,2,2305,1,2271,1,1,0,3414,2,3996,2,582,0,0.0784106568672485,0.0917776757005052,0.0133670188332567
2021-01-31,Solano,095,438530.0,47094,268,26499,177,20592,91,1,0,27938,172,37492,172,9554,95,0.0637082981780037,0.0854947209997035,0.0217864228216997
2021-01-31,Sonoma,097,501317.0,57000,799,31062,678,25904,121,32,0,34884,580,45900,580,11016,219,0.069584713863683,0.0915588340311619,0.0219741201674788
2021-01-31,Stanislaus,099,539301.0,44765,408,23841,344,20893,62,1,0,29304,349,36233,349,6929,32,0.054337002898196,0.0671851155477182,0.0128481126495222
2021-01-31,Sutter,101,95872.0,8486,30,3853,30,4633,0,0,0,5718,30,7091,30,1373,0,0.0596420226969292,0.0739632009345794,0.0143211782376502
2021-01-31,Tehama,103,63373.0,4940,1,1316,1,3623,0,0,0,3945,1,4439,1,494,0,0.0622504852224133,0.0700456030170577,0.0077951177946444
2021-01-31,Trinity,105,12862.0,485,0,232,0,251,0,0,0,271,0,378,0,107,0,0.0210698180687295,0.0293888975276006,0.008319079458871
2021-01-31,Tulare,107,460477.0,31894,67,16867,61,15017,6,3,0,22210,64,27037,64,4827,3,0.0482325935931653,0.0587152018450432,0.0104826082518779
2021-01-31,Tuolumne,109,53932.0,5937,9,2802,2,3133,7,1,0,3717,6,4781,6,1064,3,0.068920121634651,0.0886486686939108,0.0197285470592598
2021-01-31,Ventura,111,848112.0,80437,835,51028,454,29373,380,7,0,49614,748,64980,748,15366,86,0.058499349142566,0.0766172392325541,0.0181178900899881
2021-01-31,Yolo,113,214977.0,21841,259,10702,218,11138,41,0,0,13191,226,17499,226,4308,33,0.0613600524707294,0.0813994055177995,0.0200393530470701
2021-01-31,Yuba,115,75493.0,4053,19,1602,12,2447,7,1,0,2832,16,3438,16,606,3,0.0375134118395083,0.0455406461526234,0.0080272343131151
2021-01-30,Alameda,001,1643700.0,151370,3493,77981,1722,73333,1769,20,0,92960,2756,122029,2756,29069,727,0.0565553324815964,0.0742404331690697,0.0176851006874733
2021-01-30,Alpine,003,1148.0,232,0,14,0,218,0,0,0,208,0,220,0,12,0,0.181184668989547,0.1916376306620209,0.0104529616724738
2021-01-30,Amador,005,37829.0,4066,199,1836,40,2230,159,0,0,2556,192,3247,192,691,5,0.0675672103412725,0.0858336197097465,0.0182664093684739
2021-01-30,Butte,007,227075.0,26672,45,14888,15,11780,30,3,0,16646,42,21652,42,5006,3,0.0733061763734449,0.0953517560277441,0.0220455796542992
2021-01-30,Calaveras,009,45235.0,4274,33,1522,14,2752,19,0,0,2839,30,3509,30,670,1,0.0627611362882723,0.0775726760252017,0.0148115397369293
2021-01-30,Colusa,011,21464.0,1098,27,439,3,659,24,0,0,846,27,972,27,126,0,0.039414834140887,0.0452851285874021,0.005870294446515
2021-01-30,Contra Costa,013,1133247.0,139813,2228,78469,704,61303,1524,21,0,89523,1793,114608,1793,25085,427,0.078996900057975,0.101132409792393,0.022135509734418
2021-01-30,Del Norte,015,27424.0,1853,10,821,2,1030,8,1,0,1196,10,1523,10,327,0,0.0436114352392065,0.0555352975495916,0.011923862310385
2021-01-30,El Dorado,017,186661.0,21424,844,11244,297,10175,547,4,0,14080,739,17727,739,3647,104,0.0754308612940035,0.0949689544146875,0.019538093120684
2021-01-30,Fresno,019,978130.0,77881,1449,45927,535,31940,914,3,0,51189,1020,64439,1020,13250,428,0.0523335343972682,0.0658797910298222,0.0135462566325539
2021-01-30,Glenn,021,27897.0,2419,2,1025,0,1393,2,1,0,1605,2,2011,2,406,0,0.0575330680718356,0.0720866042943685,0.0145535362225328
2021-01-30,Humboldt,023,135768.0,17528,1046,8848,486,8657,560,0,0,11789,998,14640,998,2851,48,0.0868319486182311,0.1078310058334806,0.0209990572152495
2021-01-30,Imperial,025,180216.0,11089,96,4714,44,6372,52,1,0,7628,79,9352,79,1724,17,0.0423269853953034,0.0518932836152172,0.0095662982199138
2021-01-30,Inyo,027,18085.0,2628,50,1491,3,1106,44,0,0,1198,17,1896,17,698,30,0.0662427426043682,0.1048382637544926,0.0385955211501244
2021-01-30,Kern,029,883053.0,53093,1342,26295,512,26783,829,4,0,38167,1283,45613,1283,7446,55,0.0432216412831392,0.0516537512470938,0.0084321099639545
2021-01-30,Kings,031,150075.0,8003,1582,2900,22,5099,1559,2,0,5715,1575,6899,1577,1184,6,0.0380809595202398,0.0459703481592537,0.0078893886390138
2021-01-30,Lake,033,64148.0,7032,551,2724,39,4307,512,1,0,5002,546,6017,546,1015,5,0.0779759306603479,0.0937987154704745,0.0158227848101265
2021-01-30,Lassen,035,31185.0,1808,1,617,0,1190,1,0,0,1397,1,1599,1,202,0,0.0447971781305114,0.0512746512746512,0.0064774731441398
2021-01-30,Los Angeles,037,10098052.0,1008070,32618,545232,17120,462273,15495,233,0,666049,28091,836261,28097,170212,4444,0.0659581669811167,0.0828140912722572,0.0168559242911405
2021-01-30,Madera,039,155013.0,10355,491,3464,19,6889,472,1,0,7435,434,8866,434,1431,57,0.0479637191719404,0.0571952029829756,0.0092314838110352
2021-01-30,Marin,041,260295.0,36390,1723,20723,914,15660,809,5,0,24548,1642,30455,1642,5907,79,0.094308380875545,0.1170018632705199,0.0226934823949749
2021-01-30,Mariposa,043,17540.0,1388,11,468,2,917,9,1,0,839,10,1103,10,264,1,0.0478335233751425,0.062884834663626,0.0150513112884834
2021-01-30,Mendocino,045,87422.0,12611,64,5941,42,6668,22,1,0,9373,54,10928,54,1555,10,0.1072155750268811,0.1250028596920683,0.0177872846651872
2021-01-30,Merced,047,269075.0,15894,287,9037,29,6770,257,3,0,10430,256,12728,256,2298,29,0.0387624268326674,0.0473027966180433,0.0085403697853758
2021-01-30,Modoc,049,8938.0,1194,2,269,1,924,1,0,0,944,1,1069,1,125,1,0.1056164690087267,0.119601700604162,0.0139852315954352
2021-01-30,Mono,051,14174.0,3054,186,2238,179,810,7,0,0,2335,181,2689,181,354,5,0.1647382531395513,0.1897135600395089,0.0249753068999576
2021-01-30,Monterey,053,433212.0,27892,535,13741,324,14113,209,0,0,14796,254,21309,254,6513,279,0.0341541785546106,0.0491883881332927,0.015034209578682
2021-01-30,Napa,055,140530.0,23941,816,10359,701,13580,115,2,0,15814,661,19899,661,4085,155,0.112531132142603,0.1415996584359211,0.0290685262933181
2021-01-30,Nevada,057,99092.0,8979,347,5094,129,3884,218,0,0,6791,341,7880,341,1089,6,0.0685322730391959,0.0795220603075929,0.010989787268397
2021-01-30,Orange,059,3164182.0,313874,13394,168797,4557,144905,8836,114,0,208679,12557,261157,12564,52478,815,0.0659503783284273,0.0825353914534625,0.0165850131250351
2021-01-30,Placer,061,380077.0,47143,1759,26569,978,20568,781,5,0,31958,1636,39524,1637,7566,122,0.0840829621366196,0.1039894547683758,0.0199064926317561
2021-01-30,Plumas,063,18699.0,1526,11,520,4,1004,7,1,0,1039,8,1282,8,243,3,0.0555644686881651,0.0685598160329429,0.0129953473447777
2021-01-30,Riverside,065,2383286.0,186247,9179,101496,4517,84672,4661,19,1,131541,8602,158736,8605,27195,562,0.0551931241151922,0.0666038402440999,0.0114107161289077
2021-01-30,Sacramento,067,1510023.0,126292,4927,74400,2215,51859,2709,23,0,75988,4483,100918,4483,24930,433,0.0503224123076271,0.0668320946104794,0.0165096823028523
2021-01-30,San Benito,069,59416.0,4539,50,1825,27,2704,23,0,0,2867,28,3695,28,828,22,0.0482529958260401,0.0621886360576275,0.0139356402315874
2021-01-30,San Bernardino,071,2135413.0,157617,3182,94474,1846,63109,1336,12,0,90930,2886,124191,2887,33261,293,0.0425819267748206,0.0581578364466264,0.0155759096718058
2021-01-30,San Diego,073,3302833.0,395316,15910,175464,3649,219451,12258,248,0,262219,13004,328074,13046,65855,2836,0.0793921460758082,0.0993310894011292,0.019938943325321
2021-01-30,San Francisco,075,870044.0,91992,3851,45788,1859,46176,1991,17,0,53727,3377,72821,3380,19094,470,0.0617520493216435,0.0836980658449457,0.0219460165233022
2021-01-30,San Joaquin,077,732212.0,54033,2313,29973,417,24057,1896,2,0,29932,2049,40533,2049,10601,208,0.0408788711466078,0.0553569184880881,0.0144780473414803
2021-01-30,San Luis Obispo,079,281455.0,32944,56,15086,27,17839,29,5,0,18931,46,25929,46,6998,10,0.0672611962835977,0.0921248512195555,0.0248636549359577
2021-01-30,San Mateo,081,765935.0,84300,3590,47387,1546,36856,2041,34,0,50781,3119,67472,3120,16691,466,0.0662993596062329,0.0880910260009008,0.0217916663946679
2021-01-30,Santa Barbara,083,443738.0,44316,1900,23764,1404,20526,496,3,0,30263,1481,37264,1481,7001,417,0.0682001541450135,0.0839774822079695,0.015777328062956
2021-01-30,Santa Clara,085,1922200.0,199604,4261,102147,2197,97335,2062,59,0,122440,2973,160861,2974,38421,1278,0.0636978462178753,0.0836858807616273,0.0199880345437519
2021-01-30,Santa Cruz,087,273765.0,30915,1641,10581,304,20329,1336,5,1,20595,1503,25741,1504,5146,138,0.0752287545887896,0.0940258981243036,0.018797143535514
2021-01-30,Shasta,089,179085.0,15622,602,8039,18,7577,584,0,0,10176,591,12894,591,2718,11,0.056822179412011,0.0719993299271295,0.0151771505151185
2021-01-30,Sierra,091,2930.0,471,1,68,1,403,0,0,0,325,1,398,1,73,0,0.1109215017064846,0.1358361774744027,0.024914675767918
2021-01-30,Siskiyou,093,43540.0,4580,11,2304,8,2270,3,1,0,3412,11,3994,11,582,0,0.0783647220946256,0.0917317409278824,0.0133670188332567
2021-01-30,Solano,095,438530.0,46826,974,26322,459,20501,515,1,0,27861,643,37320,643,9459,331,0.0635327115590723,0.0851025015392333,0.0215697899801609
2021-01-30,Sonoma,097,501317.0,56201,2593,30384,2381,25783,212,32,0,34523,2230,45320,2231,10797,360,0.0688646106156384,0.0904018814442757,0.0215372708286373
2021-01-30,Stanislaus,099,539301.0,44357,326,23497,152,20831,174,1,0,28987,233,35884,233,6897,70,0.0537492049894214,0.0665379815724428,0.0127887765830213
2021-01-30,Sutter,101,95872.0,8456,773,3823,42,4633,731,0,0,5688,759,7061,759,1373,14,0.0593291054739652,0.0736502837116154,0.0143211782376502
2021-01-30,Tehama,103,63373.0,4939,115,1315,3,3623,112,0,0,3944,114,4438,114,494,1,0.0622347056317359,0.0700298234263803,0.0077951177946444
2021-01-30,Trinity,105,12862.0,485,12,232,10,251,2,0,0,271,12,378,12,107,0,0.0210698180687295,0.0293888975276006,0.008319079458871
2021-01-30,Tulare,107,460477.0,31827,1661,16806,1552,15011,109,3,0,22149,1635,26973,1636,4824,24,0.0481001222645213,0.0585762155330233,0.010476093268502
2021-01-30,Tuolumne,109,53932.0,5928,731,2800,563,3126,168,1,0,3714,713,4775,715,1061,10,0.0688644960320403,0.0885374174886894,0.0196729214566491
2021-01-30,Ventura,111,848112.0,79602,3061,50574,1963,28993,1097,7,0,48952,2873,64232,2874,15280,182,0.0577187918576791,0.0757352802460052,0.018016488388326
2021-01-30,Yolo,113,214977.0,21582,1494,10484,892,11097,602,0,0,12998,1369,17273,1369,4275,119,0.060462282011564,0.0803481302650981,0.019885848253534
2021-01-30,Yuba,115,75493.0,4034,398,1590,26,2440,372,1,0,2819,386,3422,386,603,12,0.0373412104433523,0.0453287059727391,0.0079874955293868
2021-01-29,Alameda,001,1643700.0,147877,8099,76259,3260,71564,4838,20,0,90931,6204,119273,6206,28342,1878,0.0553209223094238,0.072563728174241,0.0172428058648171
2021-01-29,Alpine,003,1148.0,232,2,14,1,218,1,0,0,208,1,220,1,12,1,0.181184668989547,0.1916376306620209,0.0104529616724738
2021-01-29,Amador,005,37829.0,3867,112,1796,34,2071,78,0,0,2369,96,3055,96,686,15,0.0626239128710777,0.080758148510402,0.0181342356393243
2021-01-29,Butte,007,227075.0,26627,1713,14873,493,11750,1220,3,0,16607,1331,21610,1331,5003,379,0.0731344269514477,0.0951667951117472,0.0220323681602994
2021-01-29,Calaveras,009,45235.0,4241,413,1508,16,2733,397,0,0,2810,383,3479,383,669,23,0.0621200397921963,0.0769094727533989,0.0147894329612026
2021-01-29,Colusa,011,21464.0,1071,62,436,12,635,50,0,0,819,48,945,48,126,14,0.0381569139023481,0.0440272083488632,0.005870294446515
2021-01-29,Contra Costa,013,1133247.0,137585,7614,77765,3920,59779,3691,21,2,88157,6228,112815,6230,24658,1371,0.0777915141182813,0.099550230444025,0.0217587163257436
2021-01-29,Del Norte,015,27424.0,1843,71,819,29,1022,42,1,0,1186,47,1513,47,327,24,0.0432467911318553,0.0551706534422403,0.011923862310385
2021-01-29,El Dorado,017,186661.0,20580,1065,10947,552,9628,513,4,0,13445,775,16988,776,3543,290,0.0720289723080879,0.0910099056578503,0.0189809333497624
2021-01-29,Fresno,019,978130.0,76432,1756,45392,983,31026,773,3,0,50597,1422,63419,1423,12822,328,0.0517282978745156,0.0648369848588633,0.0131086869843476
2021-01-29,Glenn,021,27897.0,2417,294,1025,13,1391,281,1,0,1603,281,2009,281,406,14,0.0574613757751729,0.0720149119977058,0.0145535362225328
2021-01-29,Humboldt,023,135768.0,16482,1183,8362,538,8097,643,0,0,10839,699,13642,699,2803,481,0.0798347180484355,0.1004802309822638,0.0206455129338282
2021-01-29,Imperial,025,180216.0,10993,477,4670,314,6320,163,1,0,7566,423,9273,423,1707,56,0.0419829537887867,0.0514549207617525,0.0094719669729657
2021-01-29,Inyo,027,18085.0,2578,27,1488,2,1062,24,0,0,1211,23,1879,23,668,3,0.0669615703621786,0.1038982582250483,0.0369366878628697
2021-01-29,Kern,029,883053.0,51751,3801,25783,1808,25954,1993,4,0,36939,3234,44330,3234,7391,565,0.0418310112756539,0.0502008373223351,0.0083698260466812
2021-01-29,Kings,031,150075.0,6421,125,2878,27,3540,98,2,0,4144,106,5322,106,1178,19,0.0276128602365483,0.0354622688655672,0.0078494086290188
2021-01-29,Lake,033,64148.0,6481,656,2685,107,3795,549,1,0,4461,574,5471,574,1010,82,0.0695423084117977,0.085287148469165,0.0157448400573673
2021-01-29,Lassen,035,31185.0,1807,12,617,3,1189,9,0,0,1396,8,1598,8,202,4,0.044765111431778,0.0512425845759179,0.0064774731441398
2021-01-29,Los Angeles,037,10098052.0,975452,52612,528112,27331,446778,25266,233,3,642396,41758,808164,41776,165768,10606,0.0636158340242256,0.0800316734356289,0.0164158394114033
2021-01-29,Madera,039,155013.0,9864,482,3445,102,6417,380,1,0,7058,424,8432,424,1374,58,0.045531665086154,0.0543954378019908,0.0088637727158367
2021-01-29,Marin,041,260295.0,34667,2225,19809,1431,14851,794,5,0,22985,2018,28813,2020,5828,197,0.0883036554678345,0.1106936360667703,0.0223899805989358
2021-01-29,Mariposa,043,17540.0,1377,95,466,24,908,71,1,0,830,91,1093,91,263,3,0.0473204104903078,0.0623147092360319,0.014994298745724
2021-01-29,Mendocino,045,87422.0,12547,422,5899,360,6646,62,1,0,9329,387,10874,387,1545,35,0.10671226922285,0.124385166205303,0.0176728969824529
2021-01-29,Merced,047,269075.0,15607,910,9008,319,6513,588,3,0,10203,637,12472,639,2269,248,0.0379187958747561,0.0463513890179318,0.0084325931431756
2021-01-29,Modoc,049,8938.0,1192,5,268,3,923,2,0,0,944,5,1068,5,124,0,0.1056164690087267,0.1194898187513985,0.0138733497426717
2021-01-29,Mono,051,14174.0,2868,3,2059,3,803,0,0,0,2159,3,2508,3,349,0,0.1523211514039791,0.1769436997319035,0.0246225483279243
2021-01-29,Monterey,053,433212.0,27357,1364,13417,745,13904,615,0,0,14821,1236,21055,1237,6234,122,0.0342118870206734,0.0486020701180946,0.0143901830974211
2021-01-29,Napa,055,140530.0,23125,276,9658,79,13465,197,2,0,15308,180,19238,180,3930,95,0.1089304774781185,0.1368960364335017,0.0279655589553831
2021-01-29,Nevada,057,99092.0,8632,660,4965,419,3666,241,0,0,6456,632,7539,633,1083,29,0.0651515763129213,0.0760808137892059,0.0109292374762846
2021-01-29,Orange,059,3164182.0,300480,14307,164240,8762,136069,5543,114,0,196930,11194,248593,11197,51663,3077,0.0622372543677955,0.078564696973815,0.0163274426060195
2021-01-29,Placer,061,380077.0,45384,1908,25591,1149,19787,759,5,0,30443,1699,37887,1700,7444,204,0.0800969277278025,0.0996824327702018,0.0195855050423993
2021-01-29,Plumas,063,18699.0,1515,9,516,3,997,6,1,0,1034,7,1274,7,240,2,0.0552970747098775,0.0681319856676827,0.0128349109578052
2021-01-29,Riverside,065,2383286.0,177068,12268,96979,7342,80011,4924,18,0,123498,10730,150131,10734,26633,1512,0.0518183717774534,0.0629932790273597,0.0111749072499062
2021-01-29,Sacramento,067,1510023.0,121365,5540,72185,2976,49150,2562,23,1,71938,4487,96435,4487,24497,1039,0.0476403339551781,0.0638632656588674,0.0162229317036892
2021-01-29,San Benito,069,59416.0,4489,303,1798,35,2681,268,0,0,2861,273,3667,273,806,29,0.0481520129258112,0.061717382523226,0.0135653695974148
2021-01-29,San Bernardino,071,2135413.0,154435,8318,92628,3787,61773,4531,12,0,88336,6285,121304,6286,32968,2018,0.0413671734694881,0.0568058731495968,0.0154386996801087
2021-01-29,San Diego,073,3302833.0,379406,20200,171815,6825,207193,13371,248,0,252009,17292,315028,17321,63019,2802,0.0763008605036948,0.0953811470334709,0.0190802865297761
2021-01-29,San Francisco,075,870044.0,88141,4962,43929,1778,44185,3183,17,1,50817,3598,69441,3599,18624,1357,0.0584073908905756,0.0798132048494099,0.0214058139588342
2021-01-29,San Joaquin,077,732212.0,51720,2584,29556,1218,22161,1366,2,0,28091,2059,38484,2059,10393,421,0.0383645720091995,0.0525585486170671,0.0141939766078676
2021-01-29,San Luis Obispo,079,281455.0,32888,1799,15059,704,17810,1094,5,0,18895,1480,25883,1480,6988,316,0.0671332895134213,0.0919614147909967,0.0248281252775754
2021-01-29,San Mateo,081,765935.0,80710,3066,45841,1386,34815,1677,34,0,48127,2163,64352,2166,16225,896,0.0628343136166907,0.0840175732927728,0.0211832596760821
2021-01-29,Santa Barbara,083,443738.0,42416,1396,22360,563,20030,830,3,0,29199,1016,35783,1016,6584,375,0.0658023428239186,0.0806399271642275,0.0148375843403089
2021-01-29,Santa Clara,085,1922200.0,195343,9785,99950,4088,95273,5691,59,0,120744,7498,157887,7500,37143,2257,0.0628155238788887,0.0821386952450317,0.0193231713661429
2021-01-29,Santa Cruz,087,273765.0,29274,2091,10277,474,18993,1617,4,0,19229,1956,24237,1956,5008,131,0.0702390736580644,0.0885321352254671,0.0182930615674027
2021-01-29,Shasta,089,179085.0,15020,811,8021,331,6993,480,0,0,9596,623,12303,624,2707,188,0.0535834938716252,0.0686992210402881,0.0151157271686629
2021-01-29,Sierra,091,2930.0,470,1,67,1,403,0,0,0,324,1,397,1,73,0,0.110580204778157,0.135494880546075,0.024914675767918
2021-01-29,Siskiyou,093,43540.0,4569,252,2296,5,2267,247,1,0,3401,232,3983,232,582,20,0.0781120808451998,0.0914790996784565,0.0133670188332567
2021-01-29,Solano,095,438530.0,45852,1778,25863,809,19986,969,1,0,27549,1393,36677,1393,9128,382,0.062821243700545,0.0836362392538708,0.0208149955533258
2021-01-29,Sonoma,097,501317.0,53608,3111,28003,1465,25571,1645,32,1,32652,2200,43089,2202,10437,905,0.0651324411500108,0.085951603476443,0.0208191623264321
2021-01-29,Stanislaus,099,539301.0,44031,2577,23345,1270,20657,1306,1,0,28824,1976,35651,1977,6827,478,0.0534469619006825,0.0661059408382332,0.0126589789375506
2021-01-29,Sutter,101,95872.0,7683,371,3781,96,3902,275,0,0,4943,242,6302,242,1359,128,0.0515583277703604,0.0657334779706275,0.014175150200267
2021-01-29,Tehama,103,63373.0,4824,358,1312,27,3511,331,0,0,3831,336,4324,336,493,22,0.0604516118851876,0.0682309500891546,0.0077793382039669
2021-01-29,Trinity,105,12862.0,473,10,222,0,249,10,0,0,259,9,366,9,107,1,0.0201368371948375,0.0284559166537086,0.008319079458871
2021-01-29,Tulare,107,460477.0,30166,1149,15254,714,14902,435,3,0,20537,835,25337,835,4800,313,0.0445994045305194,0.0550233779320139,0.0104239734014945
2021-01-29,Tuolumne,109,53932.0,5197,89,2237,8,2958,81,1,0,3009,47,4060,47,1051,38,0.055792479418527,0.0752799821998071,0.0194875027812801
2021-01-29,Ventura,111,848112.0,76541,4346,48611,2554,27896,1791,7,1,46260,3787,61358,3789,15098,552,0.0545446827777463,0.0723465768672062,0.0178018940894598
2021-01-29,Yolo,113,214977.0,20088,1052,9592,280,10495,772,0,0,11748,954,15904,954,4156,96,0.0546477064988347,0.073980007163557,0.0193323006647222
2021-01-29,Yuba,115,75493.0,3636,154,1564,41,2068,113,1,0,2445,115,3036,115,591,39,0.0323871087385585,0.0402156491330322,0.0078285403944736
2021-01-28,Alameda,001,1643700.0,139778,7905,72999,2632,66726,5270,20,0,86603,5645,113067,5646,26464,2236,0.0526878384133357,0.0687881000182515,0.0161002616049157
2021-01-28,Alpine,003,1148.0,230,1,13,0,217,1,0,0,208,0,219,0,11,1,0.181184668989547,0.190766550522648,0.009581881533101
2021-01-28,Amador,005,37829.0,3755,376,1762,102,1993,274,0,0,2288,278,2959,278,671,88,0.0604826984588543,0.0782204129107298,0.0177377144518755
2021-01-28,Butte,007,227075.0,24914,2291,14380,260,10530,2031,3,0,15655,1961,20279,1961,4624,329,0.0689419795221843,0.0893052956071782,0.0203633160849939
2021-01-28,Calaveras,009,45235.0,3828,175,1492,30,2336,145,0,0,2450,147,3096,147,646,27,0.0541616005305626,0.0684425776500497,0.0142809771194871
2021-01-28,Colusa,011,21464.0,1009,161,424,50,585,111,0,0,785,107,897,107,112,54,0.0365728661945583,0.0417909057025717,0.0052180395080134
2021-01-28,Contra Costa,013,1133247.0,129971,7711,73845,4128,56088,3581,19,1,83298,5988,106585,5992,23287,1714,0.0735038345568088,0.0940527528420547,0.0205489182852458
2021-01-28,Del Norte,015,27424.0,1772,298,790,20,980,277,1,1,1163,291,1466,292,303,6,0.0424081096849474,0.0534568261376896,0.0110487164527421
2021-01-28,El Dorado,017,186661.0,19515,1134,10395,466,9115,668,4,0,12959,757,16212,758,3253,374,0.0694253218401272,0.0868526365978967,0.0174273147577694
2021-01-28,Fresno,019,978130.0,74676,4599,44409,3058,30253,1539,3,0,49502,3474,61996,3475,12494,1112,0.0506088147792215,0.0633821680144766,0.012773353235255
2021-01-28,Glenn,021,27897.0,2123,159,1012,10,1110,149,1,0,1336,122,1728,122,392,37,0.0478904541706993,0.0619421443165931,0.0140516901458938
2021-01-28,Humboldt,023,135768.0,15299,1470,7824,625,7454,843,0,0,10621,1327,12943,1328,2322,137,0.078229037770314,0.0953317423840669,0.0171027046137528
2021-01-28,Imperial,025,180216.0,10516,674,4356,181,6157,493,1,0,7199,558,8850,558,1651,117,0.0399465086340835,0.0491077373818084,0.0091612287477249
2021-01-28,Inyo,027,18085.0,2551,94,1486,5,1038,88,0,0,1191,63,1856,63,665,30,0.0658556815040088,0.1026264860381531,0.0367708045341443
2021-01-28,Kern,029,883053.0,47950,2933,23975,1373,23961,1560,4,0,34270,2494,41096,2495,6826,435,0.0388085426356062,0.046538542986661,0.0077300003510548
2021-01-28,Kings,031,150075.0,6296,368,2851,77,3442,291,2,0,4057,282,5216,282,1159,85,0.0270331500916208,0.0347559553556555,0.0077228052640346
2021-01-28,Lake,033,64148.0,5825,498,2578,166,3246,332,1,0,3969,366,4897,366,928,131,0.061872544740288,0.0763390908524038,0.0144665461121157
2021-01-28,Lassen,035,31185.0,1795,72,614,6,1180,66,0,0,1392,70,1590,70,198,2,0.0446368446368446,0.0509860509860509,0.0063492063492063
2021-01-28,Los Angeles,037,10098052.0,922840,51879,500781,25177,421512,26683,230,1,611226,42905,766388,42921,155162,8836,0.0605291000680131,0.0758946378964972,0.0153655378284841
2021-01-28,Madera,039,155013.0,9382,595,3343,150,6037,445,1,0,6692,457,8008,457,1316,137,0.0431705727906691,0.0516601833394618,0.0084896105487926
2021-01-28,Marin,041,260295.0,32442,2088,18378,1077,14057,1011,5,0,21162,1817,26793,1818,5631,271,0.0813000633896156,0.1029332103958969,0.0216331470062813
2021-01-28,Mariposa,043,17540.0,1282,136,442,2,837,134,1,0,742,121,1002,121,260,11,0.04230330672748,0.0571265678449258,0.0148232611174458
2021-01-28,Mendocino,045,87422.0,12125,609,5539,533,6584,76,1,0,8977,509,10487,509,1510,100,0.1026858227906019,0.1199583628834847,0.0172725400928827
2021-01-28,Merced,047,269075.0,14697,1212,8689,609,5925,602,3,0,9812,1046,11833,1047,2021,142,0.0364656694230233,0.043976586453591,0.0075109170305676
2021-01-28,Modoc,049,8938.0,1187,145,265,4,921,141,0,0,939,144,1063,144,124,1,0.1050570597449093,0.1189304094875811,0.0138733497426717
2021-01-28,Mono,051,14174.0,2865,7,2056,4,803,3,0,0,2156,4,2505,4,349,3,0.1521094962607591,0.1767320445886835,0.0246225483279243
2021-01-28,Monterey,053,433212.0,25993,2107,12672,754,13289,1351,0,0,13706,1743,19818,1745,6112,361,0.0316380894342723,0.045746655217307,0.0141085657830346
2021-01-28,Napa,055,140530.0,22849,401,9579,187,13268,214,2,0,15223,208,19058,208,3835,191,0.1083256244218316,0.1356151711378353,0.0272895467160037
2021-01-28,Nevada,057,99092.0,7972,543,4546,371,3425,172,0,0,5852,483,6906,483,1054,58,0.0590562305736083,0.0696928107213498,0.0106365801477414
2021-01-28,Orange,059,3164182.0,286173,13680,155478,7427,130526,6252,114,0,188810,11619,237396,11625,48586,2048,0.0596710303010383,0.0750260256837312,0.0153549953826929
2021-01-28,Placer,061,380077.0,43476,1878,24442,1150,19028,728,5,0,28947,1609,36187,1609,7240,266,0.0761608831894589,0.0952096548857205,0.0190487716962615
2021-01-28,Plumas,063,18699.0,1506,25,513,2,991,23,1,0,1029,23,1267,23,238,2,0.0550296807315899,0.0677576340980801,0.0127279533664901
2021-01-28,Riverside,065,2383286.0,164800,11802,89637,6760,75087,5039,18,0,114276,10498,139397,10501,25121,1284,0.0479489243003147,0.0584894133561813,0.0105404890558665
2021-01-28,Sacramento,067,1510023.0,115825,5712,69209,2893,46588,2819,22,0,68490,4495,91948,4496,23458,1189,0.0453569250269697,0.0608917877409814,0.0155348627140116
2021-01-28,San Benito,069,59416.0,4186,158,1763,32,2413,125,0,0,2617,128,3394,128,777,28,0.0440453749831695,0.0571226605628113,0.0130772855796418
2021-01-28,San Bernardino,071,2135413.0,146117,8758,88841,4092,57242,4664,12,0,84068,6358,115018,6358,30950,2383,0.0393684968668824,0.0538621802901827,0.0144936834233003
2021-01-28,San Diego,073,3302833.0,359206,22019,164990,8160,193822,13850,248,4,237490,19340,297707,19369,60217,2625,0.0719049373674055,0.090136861294531,0.0182319239271255
2021-01-28,San Francisco,075,870044.0,83179,3998,42151,1678,41002,2319,16,0,48575,2756,65842,2756,17267,1227,0.0558305097213474,0.0756766324461751,0.0198461227248277
2021-01-28,San Joaquin,077,732212.0,49136,2529,28338,1015,20795,1513,2,0,26453,1593,36425,1594,9972,747,0.0361275149819997,0.0497465214992379,0.0136190065172381
2021-01-28,San Luis Obispo,079,281455.0,31089,1617,14355,402,16716,1215,5,0,17731,1299,24403,1299,6672,312,0.0629976372777175,0.0867030253504112,0.0237053880726936
2021-01-28,San Mateo,081,765935.0,77644,2923,44455,1405,33138,1517,34,0,46857,2029,62186,2029,15329,876,0.0611762094694719,0.081189657085784,0.020013447616312
2021-01-28,Santa Barbara,083,443738.0,41020,1120,21797,491,19200,629,3,0,28558,723,34767,723,6209,392,0.064357796717883,0.0783502877824301,0.013992491064547
2021-01-28,Santa Clara,085,1922200.0,185558,9805,95862,3946,89582,5853,59,0,115501,7732,150387,7737,34886,2039,0.0600879200915617,0.0782369160337113,0.0181489959421496
2021-01-28,Santa Cruz,087,273765.0,27183,2010,9803,288,17376,1722,4,0,17404,1683,22281,1684,4877,325,0.0635727722681862,0.0813873212426716,0.0178145489744854
2021-01-28,Shasta,089,179085.0,14209,927,7690,593,6513,334,0,0,9160,702,11679,702,2519,225,0.0511488957757489,0.0652148421140799,0.0140659463383309
2021-01-28,Sierra,091,2930.0,469,55,66,0,403,55,0,0,323,46,396,46,73,9,0.1102389078498293,0.1351535836177474,0.024914675767918
2021-01-28,Siskiyou,093,43540.0,4317,295,2291,115,2020,179,1,0,3189,273,3751,273,562,20,0.073242994947175,0.086150666054203,0.012907671107028
2021-01-28,Solano,095,438530.0,44074,2059,25054,729,19017,1330,1,0,26538,1418,35284,1419,8746,636,0.0605158141974323,0.0804597176932022,0.0199439034957699
2021-01-28,Sonoma,097,501317.0,50497,4206,26538,1883,23926,2323,31,0,31355,3484,40887,3487,9532,717,0.0625452557962327,0.0815591731379546,0.0190139173417219
2021-01-28,Stanislaus,099,539301.0,41454,2392,22075,1612,19351,779,1,0,27325,1782,33674,1782,6349,482,0.0506674380355311,0.0624400844797246,0.0117726464441935
2021-01-28,Sutter,101,95872.0,7312,591,3685,355,3627,236,0,0,4829,410,6060,410,1231,178,0.0503692423230974,0.0632092790387182,0.0128400367156208
2021-01-28,Tehama,103,63373.0,4466,373,1285,38,3180,335,0,0,3517,349,3988,349,471,24,0.0554968204124785,0.0629290076215423,0.0074321872090637
2021-01-28,Trinity,105,12862.0,463,14,222,4,239,10,0,0,251,10,357,10,106,4,0.0195148499455761,0.0277561809982895,0.0082413310527134
2021-01-28,Tulare,107,460477.0,29017,1245,14540,781,14467,464,3,0,20015,841,24502,841,4487,403,0.0434657974231069,0.0532100408923789,0.009744243469272
2021-01-28,Tuolumne,109,53932.0,5108,36,2229,12,2877,24,1,0,3000,26,4013,26,1013,9,0.0556256026106949,0.0744085144255729,0.0187829118148779
2021-01-28,Ventura,111,848112.0,72195,3934,46057,2041,26105,1891,6,0,43023,3243,57569,3244,14546,674,0.0507279698907691,0.0678790065463052,0.017151036655536
2021-01-28,Yolo,113,214977.0,19036,1090,9312,546,9723,544,0,0,10890,947,14950,948,4060,143,0.0506565818668973,0.069542323132242,0.0188857412653446
2021-01-28,Yuba,115,75493.0,3482,235,1523,96,1955,139,1,0,2369,180,2921,180,552,54,0.0313803928841084,0.0386923290901143,0.0073119362060058
2021-01-27,Alameda,001,1643700.0,131873,6788,70367,2143,61456,4643,20,0,83193,4908,107421,4908,24228,1858,0.0506132505931739,0.0653531666362474,0.0147399160430735
2021-01-27,Alpine,003,1148.0,229,1,13,0,216,1,0,0,209,0,219,0,10,1,0.1820557491289198,0.190766550522648,0.0087108013937282
2021-01-27,Amador,005,37829.0,3379,307,1660,34,1719,273,0,0,2098,248,2681,248,583,45,0.0554600967511697,0.0708715535700124,0.0154114568188426
2021-01-27,Butte,007,227075.0,22623,2193,14120,735,8499,1457,3,0,14023,1432,18318,1432,4295,758,0.061754926786304,0.0806693823626555,0.0189144555763514
2021-01-27,Calaveras,009,45235.0,3653,160,1462,55,2191,105,0,0,2330,123,2949,123,619,32,0.0515087874433513,0.0651928816182159,0.0136840941748645
2021-01-27,Colusa,011,21464.0,848,108,374,32,474,76,0,0,732,105,790,105,58,3,0.0341036153559448,0.0368058143868803,0.0027021990309355
2021-01-27,Contra Costa,013,1133247.0,122260,8343,69717,5403,52507,2940,18,0,79020,6402,100593,6406,21573,1928,0.0697288411087785,0.0887652912383619,0.0190364501295834
2021-01-27,Del Norte,015,27424.0,1474,65,770,22,703,43,0,0,877,61,1174,61,297,3,0.0319792882147024,0.0428092182030338,0.0108299299883313
2021-01-27,El Dorado,017,186661.0,18381,1023,9929,403,8447,620,4,0,12575,679,15454,679,2879,339,0.067368116532109,0.0827917990367564,0.0154236825046474
2021-01-27,Fresno,019,978130.0,70077,2491,41351,1271,28714,1220,3,0,47139,1744,58521,1748,11382,723,0.0481929804831668,0.0598294705202784,0.0116364900371116
2021-01-27,Glenn,021,27897.0,1964,187,1002,10,961,177,1,0,1251,166,1606,166,355,21,0.0448435315625336,0.057568914220167,0.0127253826576334
2021-01-27,Humboldt,023,135768.0,13829,1292,7199,574,6611,717,0,0,9430,1183,11615,1185,2185,107,0.0694567202875493,0.085550350598079,0.0160936303105297
2021-01-27,Imperial,025,180216.0,9842,607,4175,174,5664,433,1,0,6758,265,8292,265,1534,339,0.037499445110312,0.0460114529231588,0.0085120078128468
2021-01-27,Inyo,027,18085.0,2457,28,1481,4,950,24,0,0,1158,25,1793,25,635,3,0.0640309648880287,0.0991429361349184,0.0351119712468896
2021-01-27,Kern,029,883053.0,45017,3557,22602,1877,22401,1679,4,0,32210,2847,38601,2847,6391,707,0.0364757268250037,0.0437131180121691,0.0072373911871654
2021-01-27,Kings,031,150075.0,5928,359,2774,64,3151,295,2,0,3860,253,4934,253,1074,105,0.0257204730967849,0.0328768948858903,0.0071564217891054
2021-01-27,Lake,033,64148.0,5327,367,2412,40,2914,327,1,0,3734,338,4531,339,797,29,0.0582091413606036,0.0706335349504271,0.0124243935898235
2021-01-27,Lassen,035,31185.0,1723,59,608,18,1114,41,0,0,1324,42,1520,42,196,17,0.0424563091229757,0.0487413820747154,0.0062850729517396
2021-01-27,Los Angeles,037,10098052.0,870961,53645,475604,27427,394829,26208,229,0,577141,43658,723467,43684,146326,9838,0.0571536965743491,0.0716442141514026,0.0144905175770534
2021-01-27,Madera,039,155013.0,8787,757,3193,82,5592,675,1,0,6372,614,7551,615,1179,141,0.0411062298000812,0.0487120435060285,0.0076058137059472
2021-01-27,Marin,041,260295.0,30354,1770,17301,896,13046,874,5,0,19615,1397,24975,1398,5360,368,0.0753568067000902,0.0959488272921108,0.0205920205920205
2021-01-27,Mariposa,043,17540.0,1146,38,440,3,703,35,1,0,632,23,881,23,249,12,0.0360319270239452,0.0502280501710376,0.0141961231470923
2021-01-27,Mendocino,045,87422.0,11516,447,5006,368,6508,78,1,0,8568,175,9978,175,1410,270,0.098007366566768,0.1141360298323076,0.0161286632655395
2021-01-27,Merced,047,269075.0,13485,1085,8080,629,5323,455,3,0,8907,866,10786,866,1879,191,0.0331022948991916,0.0400854780265725,0.0069831831273808
2021-01-27,Modoc,049,8938.0,1042,47,261,3,780,44,0,0,796,32,919,32,123,15,0.0890579547997314,0.1028194226896397,0.0137614678899082
2021-01-27,Mono,051,14174.0,2858,8,2052,5,800,3,0,0,2155,8,2501,8,346,0,0.1520389445463524,0.1764498377310568,0.0244108931847043
2021-01-27,Monterey,053,433212.0,23886,1015,11918,378,11938,635,0,0,12322,498,18073,498,5751,513,0.0284433487530354,0.0417186042861231,0.0132752555330877
2021-01-27,Napa,055,140530.0,22448,652,9392,232,13054,420,2,0,15206,478,18850,479,3644,175,0.1082046538105742,0.1341350601295097,0.0259304063189354
2021-01-27,Nevada,057,99092.0,7429,483,4175,293,3253,190,0,0,5427,453,6423,453,996,30,0.054767286965648,0.0648185524563032,0.0100512654906551
2021-01-27,Orange,059,3164182.0,272493,14057,148051,8221,124274,5834,114,0,179233,11161,225771,11168,46538,2867,0.0566443396745193,0.0713520903664833,0.0147077506919639
2021-01-27,Placer,061,380077.0,41598,1880,23292,1164,18300,716,5,0,27604,1624,34578,1625,6974,254,0.0726273886607187,0.0909763021703496,0.0183489135096309
2021-01-27,Plumas,063,18699.0,1481,23,511,15,968,8,1,0,1008,6,1244,6,236,17,0.0539066260227819,0.0665276217979571,0.0126209957751751
2021-01-27,Riverside,065,2383286.0,152998,11346,82877,6463,70048,4881,18,0,105059,9536,128896,9537,23837,1798,0.0440815747669394,0.0540833118643754,0.010001737097436
2021-01-27,Sacramento,067,1510023.0,110113,6009,66316,3109,43769,2899,22,1,65183,4290,87452,4293,22269,1697,0.0431668921599207,0.0579143496489788,0.0147474574890581
2021-01-27,San Benito,069,59416.0,4028,235,1731,70,2288,162,0,0,2517,193,3266,193,749,39,0.0423623266460212,0.0549683586912616,0.0126060320452403
2021-01-27,San Bernardino,071,2135413.0,137359,8789,84749,4202,52578,4584,12,0,80093,5807,108660,5808,28567,2962,0.0375070302559739,0.0508847702997031,0.0133777400437292
2021-01-27,San Diego,073,3302833.0,337187,21131,156830,8384,179972,12739,244,2,220746,17763,278338,17822,57592,3285,0.0668353501372912,0.084272501818893,0.0174371516816018
2021-01-27,San Francisco,075,870044.0,79181,4393,40473,1975,38683,2418,16,0,47046,3048,63086,3048,16040,1337,0.0540731273360887,0.0725089765575074,0.0184358492214186
2021-01-27,San Joaquin,077,732212.0,46607,2042,27323,899,19282,1143,2,0,25606,1412,34831,1414,9225,536,0.0349707461773366,0.0475695563579946,0.012598810180658
2021-01-27,San Luis Obispo,079,281455.0,29472,1699,13953,308,15501,1390,5,0,16744,1192,23104,1192,6360,501,0.0594908599953811,0.0820877227265459,0.0225968627311648
2021-01-27,San Mateo,081,765935.0,74721,2907,43050,1502,31621,1404,34,0,45704,1845,60157,1846,14453,1049,0.0596708597988079,0.0785406072316841,0.0188697474328761
2021-01-27,Santa Barbara,083,443738.0,39900,1219,21306,445,18571,774,3,0,28227,917,34044,918,5817,302,0.0636118610531439,0.0767209479467613,0.0131090868936174
2021-01-27,Santa Clara,085,1922200.0,175753,8870,91916,3927,83729,4938,59,1,109803,6843,142650,6846,32847,1991,0.0571236083654146,0.0742118405993132,0.0170882322338986
2021-01-27,Santa Cruz,087,273765.0,25173,1806,9515,433,15654,1373,4,0,16045,1427,20597,1428,4552,376,0.058608660712655,0.0752360601245593,0.0166273994119043
2021-01-27,Shasta,089,179085.0,13282,457,7097,200,6179,257,0,0,8683,405,10977,405,2294,51,0.0484853561158109,0.0612949158220956,0.0128095597062847
2021-01-27,Sierra,091,2930.0,414,6,66,6,348,0,0,0,286,0,350,0,64,6,0.0976109215017064,0.1194539249146757,0.0218430034129692
2021-01-27,Siskiyou,093,43540.0,4022,198,2176,2,1841,196,1,0,2936,134,3478,134,542,63,0.0674322462103812,0.0798805695911805,0.0124483233807992
2021-01-27,Solano,095,438530.0,42015,1885,24325,763,17687,1122,1,0,25755,1219,33865,1219,8110,661,0.0587303035140127,0.077223907144323,0.0184936036303103
2021-01-27,Sonoma,097,501317.0,46291,3840,24655,1317,21603,2523,31,0,28585,3228,37400,3229,8815,606,0.0570198098209316,0.0746034943957615,0.0175836845748298
2021-01-27,Stanislaus,099,539301.0,39062,2109,20463,1211,18572,895,1,0,26025,1246,31892,1246,5867,687,0.0482569103339322,0.059135807276456,0.0108788969425237
2021-01-27,Sutter,101,95872.0,6721,407,3330,266,3391,141,0,0,4597,324,5650,324,1053,82,0.0479493491321762,0.0589327436582109,0.0109833945260347
2021-01-27,Tehama,103,63373.0,4093,338,1247,26,2845,312,0,0,3192,313,3639,313,447,25,0.0503684534423177,0.0574219304751234,0.0070534770328057
2021-01-27,Trinity,105,12862.0,449,13,218,0,229,13,0,0,245,13,347,13,102,0,0.01904835950863,0.0269786969367127,0.0079303374280827
2021-01-27,Tulare,107,460477.0,27772,1518,13759,1065,14003,453,3,0,19577,936,23661,936,4084,582,0.0425146098502205,0.0513836738859921,0.0088690640357716
2021-01-27,Tuolumne,109,53932.0,5072,70,2217,13,2853,57,1,0,2983,14,3987,14,1004,53,0.0553103908625676,0.0739264258696136,0.0186160350070459
2021-01-27,Ventura,111,848112.0,68261,3534,44016,1604,24214,1929,6,0,40453,2637,54325,2638,13872,892,0.0476977097364499,0.0640540400324485,0.0163563302959986
2021-01-27,Yolo,113,214977.0,17946,701,8766,235,9179,466,0,0,10085,412,14002,412,3917,289,0.0469119952366997,0.0651325490633881,0.0182205538266884
2021-01-27,Yuba,115,75493.0,3247,184,1427,126,1816,58,1,0,2243,120,2741,120,498,64,0.0297113639675201,0.0363080020664167,0.0065966380988965
2021-01-26,Alameda,001,1643700.0,125085,7405,68224,2403,56813,5000,20,0,80143,5499,102513,5500,22370,1890,0.0487576808420028,0.0623672202956743,0.0136095394536715
2021-01-26,Alpine,003,1148.0,228,1,13,0,215,1,0,0,210,0,219,0,9,1,0.1829268292682926,0.190766550522648,0.0078397212543554
2021-01-26,Amador,005,37829.0,3072,249,1626,18,1446,231,0,0,1895,235,2433,235,538,10,0.0500938433476962,0.0643157366041925,0.0142218932564963
2021-01-26,Butte,007,227075.0,20430,1500,13385,377,7042,1123,3,0,13349,1365,16886,1366,3537,135,0.0587867444676868,0.0743630958934272,0.0155763514257403
2021-01-26,Calaveras,009,45235.0,3493,54,1407,18,2086,36,0,0,2239,42,2826,42,587,10,0.0494970708522162,0.0624737482038244,0.0129766773516082
2021-01-26,Colusa,011,21464.0,740,11,342,5,398,6,0,0,630,7,685,7,55,4,0.0293514722325754,0.0319139023481177,0.0025624301155423
2021-01-26,Contra Costa,013,1133247.0,113917,8298,64314,4742,49567,3555,18,0,74542,6330,94187,6334,19645,1950,0.0657773636285822,0.0831125076880856,0.0173351440595033
2021-01-26,Del Norte,015,27424.0,1409,23,748,13,660,9,0,0,819,8,1113,8,294,14,0.0298643523920653,0.0405848891481913,0.010720536756126
2021-01-26,El Dorado,017,186661.0,17358,710,9526,385,7827,325,4,0,12235,600,14775,600,2540,108,0.0655466326656344,0.079154188609297,0.0136075559436625
2021-01-26,Fresno,019,978130.0,67586,2214,40080,688,27494,1526,3,0,46114,1369,56773,1369,10659,844,0.0471450625172523,0.0580423870037725,0.0108973244865201
2021-01-26,Glenn,021,27897.0,1777,33,992,15,784,18,1,0,1106,26,1440,26,334,7,0.0396458400544861,0.0516184535971609,0.0119726135426748
2021-01-26,Humboldt,023,135768.0,12537,560,6625,157,5894,399,0,0,8352,482,10430,482,2078,73,0.0615167049672971,0.076822226150492,0.0153055211831948
2021-01-26,Imperial,025,180216.0,9235,395,4001,190,5231,205,1,0,6832,246,8027,246,1195,145,0.0379100634793803,0.0445409952501442,0.0066309317707639
2021-01-26,Inyo,027,18085.0,2429,130,1477,50,926,80,0,0,1136,123,1768,123,632,7,0.062814487144042,0.0977605750622062,0.0349460879181642
2021-01-26,Kern,029,883053.0,41460,2812,20725,1159,20722,1651,4,0,30070,1932,35754,1932,5684,874,0.0340523162256399,0.0404890759671276,0.0064367597414877
2021-01-26,Kings,031,150075.0,5569,182,2710,52,2856,130,2,0,3712,114,4681,114,969,69,0.0247342995169082,0.0311910711311011,0.0064567716141929
2021-01-26,Lake,033,64148.0,4960,404,2372,33,2587,370,1,1,3424,380,4192,381,768,24,0.0533765666895304,0.0653488807133503,0.0119723140238199
2021-01-26,Lassen,035,31185.0,1664,113,590,6,1073,107,0,0,1299,107,1478,107,179,6,0.0416546416546416,0.047394580727914,0.0057399390732724
2021-01-26,Los Angeles,037,10098052.0,817316,52562,448177,26319,368621,26231,229,2,543295,43712,679783,43732,136488,8755,0.0538019610118862,0.0673182312786664,0.0135162702667801
2021-01-26,Madera,039,155013.0,8030,499,3111,193,4917,306,1,0,5898,302,6936,302,1038,195,0.0380484217452729,0.0447446343209924,0.0066962125757194
2021-01-26,Marin,041,260295.0,28584,1542,16405,777,12172,765,5,0,18585,1141,23577,1141,4992,399,0.0713997579669221,0.0905779980406846,0.0191782400737624
2021-01-26,Mariposa,043,17540.0,1108,43,437,4,668,39,1,0,621,5,858,8,237,38,0.0354047890535917,0.0489167616875712,0.0135119726339794
2021-01-26,Mendocino,045,87422.0,11069,172,4638,61,6430,111,1,0,8663,106,9803,106,1140,65,0.0990940495527441,0.112134245384457,0.0130401958317128
2021-01-26,Merced,047,269075.0,12400,1081,7451,584,4868,492,3,0,8232,687,9920,689,1688,284,0.0305937006410852,0.0368670445043203,0.0062733438632351
2021-01-26,Modoc,049,8938.0,995,118,258,2,736,116,0,0,779,118,887,118,108,0,0.0871559633027523,0.0992392034012083,0.012083240098456
2021-01-26,Mono,051,14174.0,2850,428,2047,423,797,4,0,0,2147,421,2493,421,346,4,0.1514745308310991,0.1758854240158036,0.0244108931847043
2021-01-26,Monterey,053,433212.0,22871,1185,11540,401,11303,783,0,0,12337,388,17575,388,5238,795,0.0284779738326731,0.0405690516421521,0.0120910778094789
2021-01-26,Napa,055,140530.0,21796,880,9160,294,12634,586,2,0,14902,772,18371,773,3469,106,0.1060414146445598,0.1307265352593752,0.0246851206148153
2021-01-26,Nevada,057,99092.0,6946,456,3882,166,3063,290,0,0,5004,346,5970,346,966,110,0.0504985266217252,0.0602470431518185,0.0097485165300932
2021-01-26,Orange,059,3164182.0,258436,12382,139830,7906,118440,4476,114,0,170932,10079,214603,10082,43671,2286,0.0540209128299193,0.0678225841623522,0.0138016713324328
2021-01-26,Placer,061,380077.0,39718,1918,22128,1051,17584,867,5,0,26233,1621,32953,1621,6720,292,0.0690202248491753,0.0867008527219484,0.0176806278727731
2021-01-26,Plumas,063,18699.0,1458,61,496,2,960,59,1,0,1019,54,1238,54,219,7,0.0544948927750147,0.0662067490240119,0.0117118562489972
2021-01-26,Riverside,065,2383286.0,141652,9513,76414,5878,65167,3633,18,0,97320,7658,119359,7661,22039,1834,0.0408343774100129,0.0500816939301451,0.0092473165201322
2021-01-26,Sacramento,067,1510023.0,104104,4896,63207,2245,40870,2651,21,0,62587,3601,83159,3603,20572,1267,0.0414477130480794,0.0550713465953829,0.0136236335473035
2021-01-26,San Benito,069,59416.0,3793,149,1661,48,2126,101,0,0,2363,92,3073,92,710,57,0.0397704322068129,0.0517200754005655,0.0119496431937525
2021-01-26,San Bernardino,071,2135413.0,128570,7304,80547,3558,47994,3745,12,1,77247,5000,102852,5001,25605,2299,0.0361742669919121,0.0481649217270851,0.011990654735173
2021-01-26,San Diego,073,3302833.0,316056,15536,148446,8014,167233,7512,242,2,206209,11827,260516,11857,54307,3617,0.0624339771341754,0.0788765281199503,0.0164425509857749
2021-01-26,San Francisco,075,870044.0,74788,4863,38498,2186,36265,2676,16,0,45335,3201,60038,3202,14703,1660,0.0521065601279935,0.0690057054585745,0.0168991453305809
2021-01-26,San Joaquin,077,732212.0,44565,2581,26424,1273,18139,1308,2,0,24728,1750,33417,1750,8689,674,0.0337716399075677,0.0456384216593008,0.0118667817517331
2021-01-26,San Luis Obispo,079,281455.0,27773,2088,13645,728,14111,1359,5,0,16053,1184,21912,1184,5859,901,0.0570357606011618,0.0778525874473717,0.0208168268462098
2021-01-26,San Mateo,081,765935.0,71814,4398,41548,3010,30217,1387,34,0,44907,3429,58311,3429,13404,961,0.0586303015268919,0.0761304810460417,0.0175001795191497
2021-01-26,Santa Barbara,083,443738.0,38681,2093,20861,530,17797,1562,3,0,27611,1690,33126,1690,5515,400,0.0622236544988258,0.0746521596076964,0.0124285051088705
2021-01-26,Santa Clara,085,1922200.0,166883,8570,87989,3958,78791,4611,58,0,104948,6321,135804,6322,30856,2224,0.0545978566226199,0.07065029653522,0.0160524399126001
2021-01-26,Santa Cruz,087,273765.0,23367,1610,9082,252,14281,1358,4,0,14993,1125,19169,1125,4176,479,0.0547659488977772,0.0700199075849725,0.0152539586871952
2021-01-26,Shasta,089,179085.0,12825,721,6897,337,5922,384,0,0,8329,478,10572,478,2243,242,0.0465086411480581,0.0590334198844124,0.0125247787363542
2021-01-26,Sierra,091,2930.0,408,60,60,1,348,59,0,0,292,24,350,24,58,36,0.0996587030716723,0.1194539249146757,0.0197952218430034
2021-01-26,Siskiyou,093,43540.0,3824,100,2174,4,1645,96,1,0,2865,91,3344,91,479,9,0.0658015617822691,0.0768029398254478,0.0110013780431786
2021-01-26,Solano,095,438530.0,40130,1852,23562,763,16565,1089,1,0,25197,1183,32646,1184,7449,666,0.0574578706131849,0.0744441657355255,0.0169862951223405
2021-01-26,Sonoma,097,501317.0,42451,2168,23338,350,19080,1818,31,0,25962,1653,34171,1653,8209,515,0.051787591484031,0.0681624600801488,0.0163748685961178
2021-01-26,Stanislaus,099,539301.0,36953,1808,19252,764,17677,1044,1,0,25466,1299,30646,1300,5180,433,0.0472203834222447,0.0568254091870773,0.0096050257648326
2021-01-26,Sutter,101,95872.0,6314,245,3064,104,3250,141,0,0,4355,137,5326,137,971,107,0.045425150200267,0.0555532376502002,0.0101280874499332
2021-01-26,Tehama,103,63373.0,3755,359,1221,48,2533,311,0,0,2904,320,3326,320,422,38,0.0458239313272213,0.0524829185930917,0.0066589872658703
2021-01-26,Trinity,105,12862.0,436,11,218,1,216,10,0,0,232,10,334,10,102,1,0.0180376302285803,0.025967967656663,0.0079303374280827
2021-01-26,Tulare,107,460477.0,26254,1551,12694,1104,13550,445,3,0,19223,1176,22725,1176,3502,371,0.0417458418118603,0.0493509990727007,0.0076051572608403
2021-01-26,Tuolumne,109,53932.0,5002,92,2204,74,2796,18,1,0,3022,42,3973,43,951,47,0.0560335236965067,0.073666839724097,0.0176333160275902
2021-01-26,Ventura,111,848112.0,64727,3782,42412,2257,22285,1525,6,0,38707,2636,51687,2638,12980,1137,0.0456390193747995,0.060943601788443,0.0153045824136434
2021-01-26,Yolo,113,214977.0,17245,833,8531,327,8713,506,0,0,9962,428,13590,428,3628,404,0.0463398410062471,0.0632160649743926,0.0168762239681454
2021-01-26,Yuba,115,75493.0,3063,148,1301,40,1758,108,1,0,2187,91,2621,91,434,57,0.0289695733379253,0.034718450717285,0.0057488773793596
2021-01-25,Alameda,001,1643700.0,117680,5346,65821,2057,51813,3287,20,0,76533,3742,97013,3743,20480,1583,0.0465614163168461,0.0590211109083166,0.0124596945914704
2021-01-25,Alpine,003,1148.0,227,15,13,0,214,15,0,0,211,15,219,15,8,0,0.1837979094076655,0.190766550522648,0.0069686411149825
2021-01-25,Amador,005,37829.0,2823,73,1608,37,1215,36,0,0,1670,45,2198,45,528,26,0.0441460255359644,0.0581035713341616,0.0139575457981971
2021-01-25,Butte,007,227075.0,18930,666,13008,341,5919,325,3,0,12118,500,15520,500,3402,166,0.0533656280964439,0.0683474622921942,0.0149818341957503
2021-01-25,Calaveras,009,45235.0,3439,114,1389,12,2050,102,0,0,2207,103,2784,103,577,8,0.0487896540289598,0.0615452636233005,0.0127556095943406
2021-01-25,Colusa,011,21464.0,729,10,337,1,392,9,0,0,627,10,678,10,51,0,0.0292117033171822,0.0315877748788669,0.0023760715616846
2021-01-25,Contra Costa,013,1133247.0,105619,6792,59572,3077,46012,3714,18,0,70158,5126,87853,5130,17695,1655,0.061908833643504,0.077523258389389,0.015614424745885
2021-01-25,Del Norte,015,27424.0,1386,103,735,83,651,20,0,0,825,55,1105,55,280,48,0.030083138856476,0.0402931738623103,0.0102100350058343
2021-01-25,El Dorado,017,186661.0,16648,731,9141,298,7502,433,4,0,11743,621,14175,621,2432,105,0.062910838364736,0.0759398053155185,0.0130289669507824
2021-01-25,Fresno,019,978130.0,65372,2534,39392,927,25968,1607,3,0,45589,1858,55404,1859,9815,670,0.0466083240469058,0.0566427775449071,0.0100344534980012
2021-01-25,Glenn,021,27897.0,1744,28,977,10,766,18,1,0,1087,25,1414,25,327,3,0.0389647632361902,0.0506864537405455,0.0117216905043553
2021-01-25,Humboldt,023,135768.0,11977,360,6468,238,5495,121,0,0,7943,157,9948,157,2005,201,0.0585042130693536,0.0732720523245536,0.0147678392552
2021-01-25,Imperial,025,180216.0,8840,237,3811,10,5026,226,1,1,6731,50,7781,51,1050,186,0.0373496248945709,0.0431759666178363,0.0058263417232654
2021-01-25,Inyo,027,18085.0,2299,55,1427,11,846,44,0,0,1020,39,1645,39,625,16,0.0564003317666574,0.0909593585844622,0.0345590268178048
2021-01-25,Kern,029,883053.0,38648,2405,19566,1095,19071,1310,4,0,29012,1910,33822,1911,4810,495,0.0328542001442722,0.0383012118185431,0.0054470116742709
2021-01-25,Kings,031,150075.0,5387,170,2658,59,2726,111,2,0,3667,100,4567,100,900,69,0.0244344494419456,0.030431450941196,0.0059970014992503
2021-01-25,Lake,033,64148.0,4556,267,2339,100,2217,167,0,0,3067,181,3811,181,744,86,0.0478113113425204,0.0594094905530959,0.0115981792105755
2021-01-25,Lassen,035,31185.0,1551,14,584,3,966,11,0,0,1198,10,1371,10,173,4,0.0384159050825717,0.0439634439634439,0.0055475388808722
2021-01-25,Los Angeles,037,10098052.0,764754,41782,421858,17782,342390,23987,227,2,508318,32574,636051,32592,127733,9126,0.0503382236494721,0.0629874950138898,0.0126492713644176
2021-01-25,Madera,039,155013.0,7531,270,2918,127,4611,142,1,0,5791,151,6634,151,843,118,0.0373581570577951,0.0427964106236251,0.0054382535658299
2021-01-25,Marin,041,260295.0,27042,1154,15628,238,11407,916,5,0,17843,712,22436,713,4593,442,0.0685491461610864,0.086194510075107,0.0176453639140206
2021-01-25,Mariposa,043,17540.0,1065,4,433,1,629,2,1,0,651,0,850,0,199,3,0.037115165336374,0.048460661345496,0.011345496009122
2021-01-25,Mendocino,045,87422.0,10897,277,4577,17,6319,260,1,0,8622,209,9697,209,1075,68,0.0986250600535334,0.1109217359474731,0.0122966758939397
2021-01-25,Merced,047,269075.0,11319,803,6867,267,4376,526,3,0,7827,701,9231,701,1404,62,0.0290885440862213,0.0343064201430827,0.0052178760568614
2021-01-25,Modoc,049,8938.0,877,12,256,0,620,12,0,0,661,12,769,12,108,0,0.0739539046766614,0.0860371447751174,0.012083240098456
2021-01-25,Mono,051,14174.0,2422,156,1624,121,793,35,0,0,1730,121,2072,121,342,35,0.1220544659235219,0.1461831522505997,0.0241286863270777
2021-01-25,Monterey,053,433212.0,21686,878,11139,204,10520,674,0,0,12744,225,17187,225,4443,645,0.0294174676601756,0.0396734162488573,0.0102559485886817
2021-01-25,Napa,055,140530.0,20916,1521,8866,238,12048,1283,2,0,14235,1429,17598,1429,3363,91,0.1012950971322849,0.1252259304063189,0.023930833274034
2021-01-25,Nevada,057,99092.0,6490,265,3716,123,2773,142,0,0,4768,195,5624,195,856,69,0.0481169014653049,0.0567553384733379,0.0086384370080329
2021-01-25,Orange,059,3164182.0,246054,10913,131924,5984,113964,4927,114,0,163136,8018,204521,8021,41385,2873,0.0515570848958751,0.0646362946252775,0.0130792097294024
2021-01-25,Placer,061,380077.0,37800,1713,21077,816,16717,897,5,0,24904,1397,31332,1398,6428,315,0.0655235649618366,0.0824359274568048,0.0169123624949681
2021-01-25,Plumas,063,18699.0,1397,11,494,8,901,3,1,0,972,7,1184,7,212,3,0.0519813893791111,0.0633188940585058,0.0113375046793946
2021-01-25,Riverside,065,2383286.0,132139,8150,70536,4618,61534,3531,18,0,91493,6858,111698,6858,20205,1278,0.0383894337481947,0.046867224495927,0.0084777907477323
2021-01-25,Sacramento,067,1510023.0,99208,4523,60962,2233,38219,2290,21,0,60251,2972,79556,2973,19305,1532,0.0399007167440495,0.0526852902240561,0.0127845734800065
2021-01-25,San Benito,069,59416.0,3644,102,1613,29,2025,73,0,0,2328,49,2981,49,653,53,0.039181365288811,0.0501716709303891,0.010990305641578
2021-01-25,San Bernardino,071,2135413.0,121266,7057,76989,3412,44249,3644,11,0,74545,5073,97851,5076,23306,1977,0.0349089379899813,0.045822985998493,0.0109140480085117
2021-01-25,San Diego,073,3302833.0,300520,12627,140432,5945,159721,6673,240,2,197969,9293,248659,9337,50690,3263,0.0599391492091789,0.0752865797332169,0.015347430524038
2021-01-25,San Francisco,075,870044.0,69925,4672,36312,1816,33589,2856,16,0,43793,3064,56836,3065,13043,1597,0.050334235969675,0.0653254318172414,0.0149911958475663
2021-01-25,San Joaquin,077,732212.0,41984,2413,25151,1335,16831,1078,2,0,23652,1626,31667,1626,8015,622,0.0323021201509945,0.0432484034678481,0.0109462833168535
2021-01-25,San Luis Obispo,079,281455.0,25685,2089,12917,617,12752,1471,5,0,15770,1250,20728,1251,4958,837,0.0560302712689417,0.0736458758949032,0.0176156046259615
2021-01-25,San Mateo,081,765935.0,67416,4462,38538,3150,28830,1310,34,1,42439,3528,54882,3533,12443,925,0.0554080959872574,0.0716535998485511,0.0162455038612937
2021-01-25,Santa Barbara,083,443738.0,36588,1294,20331,537,16235,757,3,0,26321,1023,31436,1024,5115,269,0.0593165336302052,0.0708436059115964,0.0115270722813912
2021-01-25,Santa Clara,085,1922200.0,158313,8476,84031,3870,74180,4602,58,0,100850,6289,129482,6291,28632,2157,0.0524659244615544,0.067361356778691,0.0148954323171366
2021-01-25,Santa Cruz,087,273765.0,21757,1003,8830,347,12923,656,4,0,14347,523,18044,523,3697,480,0.0524062608441546,0.0659105437144996,0.013504282870345
2021-01-25,Shasta,089,179085.0,12104,742,6560,491,5538,251,0,0,8093,459,10094,459,2001,281,0.0451908311695563,0.0563642962838875,0.0111734651143311
2021-01-25,Sierra,091,2930.0,348,1,59,1,289,0,0,0,304,1,326,1,22,0,0.1037542662116041,0.1112627986348122,0.0075085324232081
2021-01-25,Siskiyou,093,43540.0,3724,209,2170,9,1549,199,1,0,2783,202,3253,202,470,6,0.0639182361047312,0.074712907671107,0.0107946715663757
2021-01-25,Solano,095,438530.0,38278,1743,22799,648,15476,1095,1,0,24679,1143,31462,1143,6783,599,0.0562766515403735,0.0717442364262422,0.0154675848858686
2021-01-25,Sonoma,097,501317.0,40283,2239,22988,551,17262,1688,31,0,24824,1736,32518,1736,7694,502,0.0495175707187268,0.0648651452075233,0.0153475744887965
2021-01-25,Stanislaus,099,539301.0,35145,3346,18488,303,16633,3040,1,0,24599,2982,29346,2984,4747,160,0.045612746870486,0.0544148814854784,0.0088021346149923
2021-01-25,Sutter,101,95872.0,6069,309,2960,190,3109,119,0,0,4325,155,5189,156,864,153,0.045112232977303,0.0541242489986648,0.0090120160213618
2021-01-25,Tehama,103,63373.0,3396,48,1173,22,2222,26,0,0,2622,20,3006,20,384,28,0.0413740867561895,0.0474334495763179,0.0060593628201284
2021-01-25,Trinity,105,12862.0,425,19,217,3,206,15,0,0,223,15,324,15,101,3,0.0173378945731612,0.0251904835950863,0.007852589021925
2021-01-25,Tulare,107,460477.0,24703,1384,11590,991,13105,393,3,0,18418,1305,21549,1305,3131,76,0.0399976546059846,0.0467971255893345,0.0067994709833498
2021-01-25,Tuolumne,109,53932.0,4910,56,2130,30,2778,26,1,0,3026,29,3930,29,904,27,0.0561076911666543,0.0728695394200103,0.016761848253356
2021-01-25,Ventura,111,848112.0,60945,3183,40155,2033,20760,1150,6,0,37206,2612,49049,2613,11843,567,0.0438692059539306,0.0578331635444375,0.0139639575905069
2021-01-25,Yolo,113,214977.0,16412,757,8204,168,8207,589,0,0,9938,514,13162,514,3224,241,0.0462282011564027,0.0612251543188341,0.0149969531624313
2021-01-25,Yuba,115,75493.0,2915,86,1261,29,1650,57,1,0,2153,52,2530,52,377,33,0.0285192004556713,0.0335130409441935,0.0049938404885221
2021-01-24,Alameda,001,1643700.0,112334,2027,63764,655,48526,1372,20,0,74373,1747,93270,1747,18897,271,0.0452473079029019,0.0567439313743383,0.0114966234714363
2021-01-24,Alpine,003,1148.0,212,0,13,0,199,0,0,0,196,0,204,0,8,0,0.1707317073170731,0.1777003484320557,0.0069686411149825
2021-01-24,Amador,005,37829.0,2750,31,1571,13,1179,18,0,0,1651,28,2153,28,502,3,0.043643765365196,0.0569140077718152,0.0132702424066192
2021-01-24,Butte,007,227075.0,18264,13,12667,7,5594,6,3,0,11784,13,15020,13,3236,0,0.051894748431135,0.0661455466255642,0.0142507981944291
2021-01-24,Calaveras,009,45235.0,3325,19,1377,7,1948,12,0,0,2112,16,2681,16,569,2,0.0466895103349176,0.0592682657234442,0.0125787553885265
2021-01-24,Colusa,011,21464.0,719,0,336,0,383,0,0,0,617,0,668,0,51,0,0.0287458069325382,0.0311218784942228,0.0023760715616846
2021-01-24,Contra Costa,013,1133247.0,98827,1671,56495,247,42298,1424,18,0,66683,1510,82723,1513,16040,161,0.0588424235846201,0.0729964429643316,0.0141540193797115
2021-01-24,Del Norte,015,27424.0,1283,1,652,0,631,1,0,0,818,1,1050,1,232,0,0.0298278879813302,0.0382876312718786,0.0084597432905484
2021-01-24,El Dorado,017,186661.0,15917,144,8843,82,7069,62,4,0,11227,122,13554,122,2327,22,0.0601464687320865,0.0726129186064577,0.0124664498743711
2021-01-24,Fresno,019,978130.0,62838,570,38465,381,24361,189,3,0,44400,354,53545,354,9145,214,0.0453927392064449,0.054742212180385,0.00934947297394
2021-01-24,Glenn,021,27897.0,1716,2,967,2,748,0,1,0,1065,2,1389,2,324,0,0.0381761479729003,0.0497903000322615,0.0116141520593612
2021-01-24,Humboldt,023,135768.0,11617,224,6230,0,5374,224,0,0,7987,224,9791,224,1804,0,0.058828295327323,0.0721156679040716,0.0132873725767485
2021-01-24,Imperial,025,180216.0,8603,29,3801,5,4800,24,0,0,6866,28,7730,28,864,1,0.0380987259732765,0.042892972876992,0.0047942469037155
2021-01-24,Inyo,027,18085.0,2244,0,1416,0,802,0,0,0,997,0,1606,0,609,0,0.0551285595797622,0.0888028753110312,0.033674315731269
2021-01-24,Kern,029,883053.0,36243,158,18471,17,17761,141,4,0,27596,151,31911,151,4315,6,0.0312506723831978,0.0361371288020084,0.0048864564188106
2021-01-24,Kings,031,150075.0,5217,5,2599,4,2615,1,2,0,3636,2,4467,2,831,3,0.0242278860569715,0.0297651174412793,0.0055372313843078
2021-01-24,Lake,033,64148.0,4289,7,2239,4,2050,3,0,0,2972,7,3630,7,658,0,0.0463303610400947,0.0565878905032113,0.0102575294631165
2021-01-24,Lassen,035,31185.0,1537,1,581,0,955,1,0,0,1192,1,1361,1,169,0,0.0382235048901715,0.0436427769761103,0.0054192720859387
2021-01-24,Los Angeles,037,10098052.0,722972,15825,404076,12154,318403,3670,225,0,484852,15195,603459,15199,118607,616,0.0480144091157383,0.0597599418184814,0.011745532702743
2021-01-24,Madera,039,155013.0,7261,107,2791,89,4469,18,1,0,5758,86,6483,86,725,20,0.0371452716868907,0.0418222987749414,0.0046770270880506
2021-01-24,Marin,041,260295.0,25888,617,15390,165,10491,452,5,0,17572,585,21723,585,4151,32,0.0675080197468257,0.0834553103209819,0.0159472905741562
2021-01-24,Mariposa,043,17540.0,1061,2,432,2,627,0,1,0,654,2,850,2,196,0,0.0372862029646522,0.048460661345496,0.0111744583808437
2021-01-24,Mendocino,045,87422.0,10620,8,4560,5,6059,3,1,0,8481,8,9488,8,1007,0,0.0970121937269794,0.1085310333783258,0.0115188396513463
2021-01-24,Merced,047,269075.0,10516,46,6600,15,3850,31,3,0,7188,34,8530,34,1342,8,0.0267137415218805,0.0317011985505899,0.0049874570287094
2021-01-24,Modoc,049,8938.0,865,0,256,0,608,0,0,0,649,0,757,0,108,0,0.0726113224434996,0.0846945625419556,0.012083240098456
2021-01-24,Mono,051,14174.0,2266,1,1503,0,758,1,0,0,1644,0,1951,0,307,1,0.1159870184845491,0.1376463948073938,0.0216593763228446
2021-01-24,Monterey,053,433212.0,20808,72,10935,41,9846,30,0,0,13164,36,16962,36,3798,34,0.0303869698900307,0.0391540400542921,0.0087670701642613
2021-01-24,Napa,055,140530.0,19395,271,8628,188,10765,83,2,0,12897,215,16169,215,3272,56,0.0917739984344979,0.1150572831423895,0.0232832847078915
2021-01-24,Nevada,057,99092.0,6225,130,3593,114,2631,16,0,0,4642,87,5429,87,787,43,0.0468453558309449,0.0547874702296855,0.0079421143987405
2021-01-24,Orange,059,3164182.0,235141,10096,125940,4368,109037,5728,114,0,157988,9714,196500,9719,38512,372,0.0499301241205467,0.0621013582657381,0.0121712341451913
2021-01-24,Placer,061,380077.0,36087,537,20261,269,15820,268,5,0,23821,453,29934,453,6113,81,0.0626741423448406,0.0787577254082725,0.0160835830634318
2021-01-24,Plumas,063,18699.0,1386,2,486,2,898,0,1,0,968,2,1177,2,209,0,0.051767474196481,0.0629445424889031,0.011177068292422
2021-01-24,Riverside,065,2383286.0,123989,3093,65918,1465,58003,1628,18,0,85913,2860,104840,2861,18927,232,0.0360481285082864,0.0439896848301043,0.0079415563218178
2021-01-24,Sacramento,067,1510023.0,94685,1809,58729,1116,35929,693,21,0,58810,1548,76583,1551,17773,249,0.0389464266438325,0.0507164460408881,0.0117700193970555
2021-01-24,San Benito,069,59416.0,3542,27,1584,4,1952,23,0,0,2332,23,2932,23,600,4,0.039248687222297,0.0493469772451864,0.0100982900228894
2021-01-24,San Bernardino,071,2135413.0,114209,1243,73577,499,40605,744,11,0,71446,1136,92775,1136,21329,105,0.0334576964737032,0.0434459282583743,0.0099882317846711
2021-01-24,San Diego,073,3302833.0,287893,12006,134487,3361,153048,8643,238,0,191895,10826,239322,10857,47427,1118,0.0581001219256317,0.0724596127021862,0.0143594907765545
2021-01-24,San Francisco,075,870044.0,65253,2471,34496,369,30733,2102,16,0,42325,2226,53771,2226,11446,241,0.0486469649810814,0.0618026214766149,0.0131556564955335
2021-01-24,San Joaquin,077,732212.0,39571,420,23816,168,15753,252,2,0,22648,380,30041,380,7393,22,0.030930932571441,0.0410277351368182,0.0100968025653772
2021-01-24,San Luis Obispo,079,281455.0,23596,455,12300,235,11281,217,5,0,15356,445,19477,445,4121,7,0.0545593434119131,0.0692011156312732,0.0146417722193601
2021-01-24,San Mateo,081,765935.0,62954,1519,35388,396,27520,1123,33,0,39831,1200,51349,1200,11518,313,0.0520031073132837,0.0670409368941228,0.0150378295808391
2021-01-24,Santa Barbara,083,443738.0,35294,846,19794,745,15478,100,3,0,25566,836,30412,836,4846,9,0.057615079168338,0.0685359378732495,0.0109208587049114
2021-01-24,Santa Clara,085,1922200.0,149837,2898,80161,1458,69578,1436,58,0,96716,2383,123191,2383,26475,502,0.0503152637602746,0.0640885443762355,0.0137732806159608
2021-01-24,Santa Cruz,087,273765.0,20754,250,8483,16,12267,234,4,0,14304,229,17521,229,3217,20,0.0522491918251054,0.0640001461107153,0.0117509542856099
2021-01-24,Shasta,089,179085.0,11362,24,6069,2,5287,22,0,0,7915,23,9635,23,1720,1,0.0441968897450931,0.0538012675545132,0.0096043778094201
2021-01-24,Sierra,091,2930.0,347,0,58,0,289,0,0,0,303,0,325,0,22,0,0.1034129692832764,0.1109215017064846,0.0075085324232081
2021-01-24,Siskiyou,093,43540.0,3515,0,2161,0,1350,0,1,0,2587,0,3051,0,464,0,0.0594166283876894,0.0700734956361966,0.0106568672485071
2021-01-24,Solano,095,438530.0,36535,470,22151,66,14381,404,1,0,24135,395,30319,395,6184,74,0.0550361434793514,0.0691378012906756,0.0141016578113241
2021-01-24,Sonoma,097,501317.0,38044,858,22437,707,15574,151,31,0,23590,837,30782,837,7192,19,0.0470560543528346,0.0614022664302227,0.0143462120773881
2021-01-24,Stanislaus,099,539301.0,31799,352,18185,104,13593,247,1,0,21775,261,26362,262,4587,69,0.0403763390017819,0.0488817932842698,0.0085054542824878
2021-01-24,Sutter,101,95872.0,5760,18,2770,15,2990,3,0,0,4322,16,5033,16,711,2,0.0450809412550066,0.0524970794392523,0.0074161381842456
2021-01-24,Tehama,103,63373.0,3348,2,1151,0,2196,2,0,0,2630,2,2986,2,356,0,0.0415003234816088,0.0471178577627696,0.0056175342811607
2021-01-24,Trinity,105,12862.0,406,0,214,0,191,0,0,0,211,0,309,0,98,0,0.0164049136992691,0.0240242575027211,0.007619343803452
2021-01-24,Tulare,107,460477.0,23319,36,10599,30,12712,6,3,0,17189,34,20244,34,3055,2,0.037328683082977,0.0439631078208032,0.0066344247378262
2021-01-24,Tuolumne,109,53932.0,4854,519,2100,1,2752,518,1,0,3024,514,3901,514,877,3,0.0560706074315805,0.0723318252614403,0.0162612178298598
2021-01-24,Ventura,111,848112.0,57762,478,38122,152,19610,326,6,0,35160,458,46436,458,11276,19,0.0414567887260173,0.0547522025392872,0.0132954138132699
2021-01-24,Yolo,113,214977.0,15655,220,8036,126,7618,94,0,0,9665,178,12648,178,2983,42,0.0449582978644227,0.0588342008679998,0.0138759030035771
2021-01-24,Yuba,115,75493.0,2829,9,1232,7,1593,2,1,0,2134,8,2478,8,344,1,0.0282675214920588,0.0328242353595697,0.0045567138675108
2021-01-23,Alameda,001,1643700.0,110307,3352,63109,992,47154,2356,20,0,72897,2777,91523,2777,18626,567,0.0443493338200401,0.0556810853562085,0.0113317515361684
2021-01-23,Alpine,003,1148.0,212,1,13,1,199,0,0,0,196,0,204,0,8,1,0.1707317073170731,0.1777003484320557,0.0069686411149825
2021-01-23,Amador,005,37829.0,2719,66,1558,38,1161,28,0,0,1626,60,2125,60,499,3,0.042982896719448,0.0561738348885775,0.0131909381691295
2021-01-23,Butte,007,227075.0,18251,128,12660,85,5588,43,3,0,11771,103,15007,103,3236,25,0.0518374986238027,0.0660882968182318,0.0142507981944291
2021-01-23,Calaveras,009,45235.0,3306,25,1370,13,1936,12,0,0,2098,23,2665,23,567,1,0.046380015474743,0.058914557311816,0.012534541837073
2021-01-23,Colusa,011,21464.0,719,35,336,6,383,29,0,0,617,34,668,34,51,0,0.0287458069325382,0.0311218784942228,0.0023760715616846
2021-01-23,Contra Costa,013,1133247.0,97156,2174,56248,397,40874,1775,18,1,65331,1887,81210,1889,15879,278,0.0576493915271781,0.071661341260996,0.0140119497338179
2021-01-23,Del Norte,015,27424.0,1282,2,652,0,630,2,0,0,817,2,1049,2,232,0,0.0297914235705951,0.0382511668611435,0.0084597432905484
2021-01-23,El Dorado,017,186661.0,15773,861,8761,602,7007,259,4,0,11127,750,13432,750,2305,110,0.0596107381831234,0.0719593273367227,0.0123485891535993
2021-01-23,Fresno,019,978130.0,62268,3059,38084,1974,24172,1085,3,0,44260,2322,53191,2323,8931,732,0.0452496089476858,0.0543802970975228,0.0091306881498369
2021-01-23,Glenn,021,27897.0,1714,16,965,10,748,6,1,0,1063,11,1387,11,324,5,0.0381044556762375,0.0497186077355988,0.0116141520593612
2021-01-23,Humboldt,023,135768.0,11393,923,6230,285,5150,638,0,0,7763,914,9567,915,1804,9,0.0571784220140239,0.0704657945907725,0.0132873725767485
2021-01-23,Imperial,025,180216.0,8574,1075,3796,295,4776,780,0,0,6839,1069,7702,1069,863,7,0.0379489057575354,0.0427376037643716,0.0047886980068362
2021-01-23,Inyo,027,18085.0,2244,48,1416,47,802,1,0,0,997,48,1606,48,609,0,0.0551285595797622,0.0888028753110312,0.033674315731269
2021-01-23,Kern,029,883053.0,36085,1275,18454,551,17620,724,4,0,27451,1224,31760,1224,4309,51,0.031086469328568,0.0359661311382216,0.0048796618096535
2021-01-23,Kings,031,150075.0,5212,29,2595,14,2614,14,2,1,3637,23,4465,24,828,7,0.0242345493919706,0.029751790771281,0.0055172413793103
2021-01-23,Lake,033,64148.0,4282,118,2235,5,2047,113,0,0,2965,116,3623,116,658,2,0.0462212383862318,0.0564787678493483,0.0102575294631165
2021-01-23,Lassen,035,31185.0,1536,2,581,0,954,2,0,0,1191,2,1360,2,169,0,0.0381914381914381,0.0436107102773769,0.0054192720859387
2021-01-23,Los Angeles,037,10098052.0,707147,35266,391922,15990,314733,19267,225,0,470269,33054,588260,33070,117991,2171,0.0465702691964747,0.0582548000346997,0.011684530838225
2021-01-23,Madera,039,155013.0,7154,121,2702,68,4451,53,1,0,5692,88,6397,88,705,33,0.036719500945082,0.0412675065962209,0.0045480056511389
2021-01-23,Marin,041,260295.0,25271,1858,15225,1341,10039,517,5,0,17019,1766,21138,1766,4119,91,0.0653835071745519,0.0812078603123379,0.0158243531377859
2021-01-23,Mariposa,043,17540.0,1059,119,430,2,627,117,1,0,652,116,848,116,196,2,0.0371721778791334,0.0483466362599772,0.0111744583808437
2021-01-23,Mendocino,045,87422.0,10612,151,4555,86,6056,65,1,0,8473,148,9480,148,1007,3,0.096920683580792,0.1084395232321383,0.0115188396513463
2021-01-23,Merced,047,269075.0,10470,353,6585,211,3819,139,3,0,7162,218,8496,219,1334,124,0.0266171141874941,0.0315748397287001,0.0049577255412059
2021-01-23,Modoc,049,8938.0,865,0,256,0,608,0,0,0,649,0,757,0,108,0,0.0726113224434996,0.0846945625419556,0.012083240098456
2021-01-23,Mono,051,14174.0,2265,528,1503,528,757,0,0,0,1645,527,1951,527,306,0,0.1160575701989558,0.1376463948073938,0.0215888246084379
2021-01-23,Monterey,053,433212.0,20736,277,10894,185,9816,89,0,0,13162,150,16926,151,3764,125,0.0303823532127457,0.0390709398631616,0.0086885866504159
2021-01-23,Napa,055,140530.0,19124,405,8440,316,10682,89,2,0,12738,347,15954,347,3216,58,0.0906425674233259,0.1135273607058991,0.0228847932825731
2021-01-23,Nevada,057,99092.0,6095,204,3479,116,2615,88,0,0,4598,203,5342,203,744,1,0.0464013240221208,0.053909498244056,0.0075081742219351
2021-01-23,Orange,059,3164182.0,225045,13592,121572,6343,103309,7246,114,1,148641,12625,186781,12633,38140,960,0.0469761221067561,0.0590297903217956,0.0120536682150394
2021-01-23,Placer,061,380077.0,35550,1238,19992,408,15552,830,5,0,23449,1067,29481,1067,6032,169,0.0616953933018835,0.0775658616543489,0.0158704683524654
2021-01-23,Plumas,063,18699.0,1384,95,484,1,898,94,1,0,966,94,1175,94,209,1,0.051660516605166,0.0628375848975881,0.011177068292422
2021-01-23,Riverside,065,2383286.0,120896,6183,64453,2433,56375,3748,18,0,83284,5332,101979,5333,18695,836,0.0349450296775124,0.0427892414087104,0.007844211731198
2021-01-23,Sacramento,067,1510023.0,92876,3957,57613,1612,35236,2344,21,0,57508,3458,75032,3458,17524,487,0.0380841881216378,0.0496893093681354,0.0116051212464975
2021-01-23,San Benito,069,59416.0,3515,36,1580,20,1929,16,0,0,2313,17,2909,17,596,19,0.0389289080382388,0.0489598761276423,0.0100309680894035
2021-01-23,San Bernardino,071,2135413.0,112966,3161,73078,1866,39861,1295,11,0,70415,2750,91639,2750,21224,408,0.0329748858885845,0.0429139468571185,0.0099390609685339
2021-01-23,San Diego,073,3302833.0,275887,14635,131126,5333,144405,9295,238,1,182156,12201,228465,12249,46309,2332,0.0551514412021437,0.0691724346946999,0.0140209934925562
2021-01-23,San Francisco,075,870044.0,62782,3171,34127,658,28631,2513,16,0,40340,2770,51545,2771,11205,395,0.0463654711715729,0.0592441301819218,0.0128786590103489
2021-01-23,San Joaquin,077,732212.0,39151,948,23648,404,15501,544,2,0,22290,617,29661,618,7371,310,0.0304420031357038,0.0405087597581028,0.0100667566223989
2021-01-23,San Luis Obispo,079,281455.0,23141,326,12065,300,11064,26,5,0,14918,310,19032,310,4114,17,0.0530031443747668,0.0676200458332593,0.0146169014584924
2021-01-23,San Mateo,081,765935.0,61435,2878,34992,1664,26397,1214,33,0,38944,2505,50149,2506,11205,369,0.050845045597864,0.0654742243140736,0.0146291787162096
2021-01-23,Santa Barbara,083,443738.0,34448,1788,19049,1142,15378,644,3,0,24739,1260,29576,1260,4837,527,0.0557513667975246,0.0666519432638178,0.0109005764662931
2021-01-23,Santa Clara,085,1922200.0,146939,3940,78703,1759,68142,2174,58,1,94835,2931,120808,2933,25973,996,0.0493366975340755,0.062848819061492,0.0135121215274165
2021-01-23,Santa Cruz,087,273765.0,20504,567,8467,138,12033,429,4,0,14095,511,17292,511,3197,56,0.0514857633371687,0.0631636622650813,0.0116778989279126
2021-01-23,Shasta,089,179085.0,11338,61,6067,8,5265,53,0,0,7893,60,9612,60,1719,1,0.0440740430521819,0.0536728369210151,0.0095987938688332
2021-01-23,Sierra,091,2930.0,347,1,58,0,289,1,0,0,303,1,325,1,22,0,0.1034129692832764,0.1109215017064846,0.0075085324232081
2021-01-23,Siskiyou,093,43540.0,3515,5,2161,2,1350,3,1,0,2587,4,3051,4,464,1,0.0594166283876894,0.0700734956361966,0.0106568672485071
2021-01-23,Solano,095,438530.0,36065,780,22085,267,13977,513,1,0,23814,560,29924,561,6110,218,0.0543041525095204,0.0682370647390144,0.0139329122294939
2021-01-23,Sonoma,097,501317.0,37186,795,21730,599,15423,196,31,0,22772,680,29945,680,7173,114,0.0454243522561572,0.0597326641625957,0.0143083119064384
2021-01-23,Stanislaus,099,539301.0,31447,419,18081,48,13346,371,1,0,21582,332,26100,332,4518,63,0.0400184683506984,0.0483959792397937,0.0083775108890953
2021-01-23,Sutter,101,95872.0,5742,391,2755,44,2987,347,0,0,4308,364,5017,364,709,26,0.0449349132176234,0.0523301902536715,0.007395277036048
2021-01-23,Tehama,103,63373.0,3346,267,1151,7,2194,260,0,0,2628,266,2984,266,356,1,0.041468764300254,0.0470862985814148,0.0056175342811607
2021-01-23,Trinity,105,12862.0,406,9,214,4,191,5,0,0,211,9,309,9,98,0,0.0164049136992691,0.0240242575027211,0.007619343803452
2021-01-23,Tulare,107,460477.0,23283,463,10569,170,12706,293,3,0,17157,439,20210,439,3053,24,0.037259189926967,0.0438892713425426,0.0066300814155755
2021-01-23,Tuolumne,109,53932.0,4335,655,2099,129,2234,526,1,0,2513,556,3387,556,874,95,0.0465957131202254,0.0628013053474745,0.0162055922272491
2021-01-23,Ventura,111,848112.0,57284,1212,37970,658,19284,553,6,0,34721,1105,45978,1106,11257,103,0.0409391684117192,0.0542121795234591,0.0132730111117399
2021-01-23,Yolo,113,214977.0,15435,641,7910,134,7524,507,0,0,9529,588,12470,588,2941,52,0.0443256720486377,0.0580062053149871,0.0136805332663494
2021-01-23,Yuba,115,75493.0,2820,199,1225,8,1591,191,1,0,2127,195,2470,195,343,2,0.0281747976633595,0.0327182652696276,0.0045434676062681
2021-01-22,Alameda,001,1643700.0,106955,6942,62117,2132,44798,4807,20,0,70687,5729,88746,5730,18059,1184,0.0430048062298472,0.0539916043073553,0.010986798077508
2021-01-22,Alpine,003,1148.0,211,31,12,0,199,31,0,0,197,30,204,30,7,1,0.171602787456446,0.1777003484320557,0.0060975609756097
2021-01-22,Amador,005,37829.0,2653,156,1520,86,1133,70,0,0,1569,140,2065,140,496,14,0.0414761162071426,0.0545877501387824,0.0131116339316397
2021-01-22,Butte,007,227075.0,18123,1182,12575,499,5545,683,3,0,11693,1124,14904,1124,3211,58,0.0514939997798084,0.065634702190906,0.0141407024110976
2021-01-22,Calaveras,009,45235.0,3281,425,1357,31,1924,394,0,0,2076,410,2642,411,566,6,0.0458936664087542,0.0584061014701005,0.0125124350613463
2021-01-22,Colusa,011,21464.0,684,48,330,18,354,30,0,0,583,43,634,43,51,5,0.0271617592247484,0.029537830786433,0.0023760715616846
2021-01-22,Contra Costa,013,1133247.0,94982,6588,55851,2781,39099,3806,17,0,63720,5671,79321,5675,15601,910,0.0562278126480811,0.0699944495771883,0.0137666369291072
2021-01-22,Del Norte,015,27424.0,1280,19,652,16,628,3,0,0,815,12,1047,12,232,7,0.0297184947491248,0.0381782380396732,0.0084597432905484
2021-01-22,El Dorado,017,186661.0,14912,1282,8159,865,6748,416,4,0,10487,1203,12682,1203,2195,76,0.0561820626697596,0.0679413482194995,0.0117592855497399
2021-01-22,Fresno,019,978130.0,59209,3376,36110,1366,23087,2010,3,0,42669,2973,50868,2974,8199,391,0.0436230357927882,0.0520053571611135,0.0083823213683252
2021-01-22,Glenn,021,27897.0,1698,335,955,65,742,270,1,0,1057,328,1376,328,319,7,0.0378893787862494,0.0493243001039538,0.0114349213177044
2021-01-22,Humboldt,023,135768.0,10470,705,5945,378,4512,327,0,0,6857,692,8652,692,1795,13,0.0505052737021978,0.0637263567261799,0.013221083023982
2021-01-22,Imperial,025,180216.0,7499,491,3501,191,3996,300,0,0,5777,478,6633,478,856,13,0.0320559772717183,0.0368058330003995,0.0047498557286811
2021-01-22,Inyo,027,18085.0,2196,63,1369,1,801,62,0,0,949,62,1558,62,609,0,0.0524744263201548,0.0861487420514238,0.033674315731269
2021-01-22,Kern,029,883053.0,34810,2762,17903,1336,16896,1426,4,0,26278,2469,30536,2469,4258,289,0.029758123238356,0.0345800308701742,0.0048219076318182
2021-01-22,Kings,031,150075.0,5183,117,2581,22,2600,95,1,0,3620,112,4441,112,821,6,0.0241212726969848,0.029591870731301,0.0054705980343161
2021-01-22,Lake,033,64148.0,4164,396,2230,50,1934,346,0,0,2851,358,3507,358,656,38,0.044444098023321,0.0546704495853339,0.0102263515620128
2021-01-22,Lassen,035,31185.0,1534,28,581,15,952,13,0,0,1189,18,1358,18,169,10,0.0381273047939714,0.0435465768799102,0.0054192720859387
2021-01-22,Los Angeles,037,10098052.0,671881,50048,375932,22720,295466,27314,225,1,439370,46338,555190,46357,115820,3605,0.04351037209949,0.0549799109768894,0.0114695388773993
2021-01-22,Madera,039,155013.0,7033,278,2634,84,4398,194,1,0,5637,251,6309,252,672,26,0.0363646919935747,0.0406998122738093,0.0043351202802345
2021-01-22,Marin,041,260295.0,23413,1723,13884,1089,9522,634,5,0,15344,1543,19372,1544,4028,178,0.0589485007395455,0.0744232505426535,0.015474749803108
2021-01-22,Mariposa,043,17540.0,940,64,428,5,510,59,1,0,538,60,732,60,194,1,0.030672748004561,0.0417331812998859,0.0110604332953249
2021-01-22,Mendocino,045,87422.0,10461,170,4469,66,5991,104,1,0,8328,127,9332,127,1004,42,0.0952620621811443,0.1067465855276703,0.011484523346526
2021-01-22,Merced,047,269075.0,10117,1400,6374,740,3680,654,3,0,7067,1327,8277,1328,1210,28,0.0262640527733903,0.0307609402582922,0.0044968874849019
2021-01-22,Modoc,049,8938.0,865,10,256,4,608,6,0,0,649,9,757,9,108,1,0.0726113224434996,0.0846945625419556,0.012083240098456
2021-01-22,Mono,051,14174.0,1737,8,975,0,757,7,0,0,1118,7,1424,7,306,0,0.0788768167066459,0.1004656413150839,0.0215888246084379
2021-01-22,Monterey,053,433212.0,20459,1146,10709,225,9727,918,0,0,13136,1097,16775,1097,3639,43,0.0303223364080404,0.0387223807281423,0.0084000443201019
2021-01-22,Napa,055,140530.0,18719,1576,8124,448,10593,1128,2,0,12449,1231,15607,1232,3158,344,0.0885860670319504,0.1110581370525866,0.0224720700206361
2021-01-22,Nevada,057,99092.0,5891,383,3363,228,2527,155,0,0,4396,347,5139,347,743,35,0.0443628143543373,0.0518608969442538,0.0074980825899164
2021-01-22,Orange,059,3164182.0,211453,14099,115229,5089,96063,9010,113,0,136968,13122,174148,13128,37180,961,0.0432870169920693,0.0550372892583296,0.0117502722662602
2021-01-22,Placer,061,380077.0,34312,2437,19584,734,14722,1703,5,0,22551,2243,28414,2245,5863,192,0.0593327141605516,0.0747585357703833,0.0154258216098316
2021-01-22,Plumas,063,18699.0,1289,4,483,0,804,4,1,0,873,3,1081,3,208,0,0.0466869886090165,0.057810578105781,0.0111235894967645
2021-01-22,Riverside,065,2383286.0,114713,9113,62020,3146,52627,5965,18,1,78787,8562,96646,8564,17859,536,0.0330581390567477,0.0405515745907121,0.0074934355339644
2021-01-22,Sacramento,067,1510023.0,88919,5219,56001,2750,32892,2469,21,0,54537,4803,71574,4804,17037,400,0.0361166684216068,0.047399278024242,0.0112826096026351
2021-01-22,San Benito,069,59416.0,3479,237,1560,22,1913,215,0,0,2315,227,2892,227,577,10,0.0389625690049818,0.0486737579103271,0.0097111889053453
2021-01-22,San Bernardino,071,2135413.0,109805,6688,71212,3083,38566,3605,11,0,68073,5920,88889,5921,20816,760,0.0318781425419813,0.0416261397678107,0.0097479972258293
2021-01-22,San Diego,073,3302833.0,261252,17954,125793,4840,135110,13106,237,3,172239,15553,216216,15610,43977,2292,0.0521488673511497,0.0654638003193016,0.0133149329681518
2021-01-22,San Francisco,075,870044.0,59611,3399,33469,752,26118,2647,16,0,37964,2878,48774,2879,10810,510,0.0436345748031134,0.0560592337858774,0.012424658982764
2021-01-22,San Joaquin,077,732212.0,38203,2281,23244,1006,14957,1275,2,0,21982,1991,29043,1992,7061,182,0.0300213599340081,0.0396647419053498,0.0096433819713416
2021-01-22,San Luis Obispo,079,281455.0,22815,1550,11765,523,11038,1027,5,0,14625,1224,18722,1224,4097,323,0.0519621253841644,0.0665186264234069,0.0145565010392425
2021-01-22,San Mateo,081,765935.0,58557,2889,33328,1175,25183,1712,33,0,36807,2565,47643,2566,10836,318,0.0480549916115597,0.0622024062094041,0.0141474145978444
2021-01-22,Santa Barbara,083,443738.0,32660,2998,17907,1844,14734,1154,3,0,24006,2775,28316,2775,4310,223,0.0540994911411688,0.0638124298572581,0.0097129387160892
2021-01-22,Santa Clara,085,1922200.0,142999,8836,76944,3361,65968,5474,57,0,92898,8228,117875,8233,24977,599,0.0483289980230985,0.0613229632712516,0.0129939652481531
2021-01-22,Santa Cruz,087,273765.0,19937,1774,8329,495,11604,1279,4,0,13640,1673,16781,1673,3141,98,0.0498237539495552,0.0612970978759154,0.0114733439263601
2021-01-22,Shasta,089,179085.0,11277,433,6059,179,5212,254,0,0,7834,427,9552,427,1718,6,0.0437445905575564,0.0533378004858028,0.0095932099282463
2021-01-22,Sierra,091,2930.0,346,2,58,0,288,2,0,0,302,2,324,2,22,0,0.1030716723549488,0.110580204778157,0.0075085324232081
2021-01-22,Siskiyou,093,43540.0,3510,1315,2159,1146,1347,169,1,0,2584,1314,3047,1315,463,1,0.0593477262287551,0.0699816260909508,0.0106338998621956
2021-01-22,Solano,095,438530.0,35285,1825,21818,853,13464,971,1,0,23471,1610,29363,1611,5892,214,0.0535219939342804,0.0669577908010854,0.013435796866805
2021-01-22,Sonoma,097,501317.0,36391,2822,21131,1064,15227,1758,31,0,22206,2659,29265,2659,7059,163,0.0442953261110235,0.0583762369917637,0.0140809108807401
2021-01-22,Stanislaus,099,539301.0,31028,1205,18033,362,12975,842,1,0,21313,1086,25768,1087,4455,50,0.0395196745416752,0.0477803675498469,0.0082606930081716
2021-01-22,Sutter,101,95872.0,5351,245,2711,51,2640,194,0,0,3970,231,4653,231,683,11,0.0414093791722296,0.0485334612817089,0.0071240821094793
2021-01-22,Tehama,103,63373.0,3079,252,1144,27,1934,225,0,0,2363,247,2718,247,355,5,0.0372871727707383,0.0428889274612216,0.0056017546904833
2021-01-22,Trinity,105,12862.0,397,5,210,1,186,4,0,0,202,5,300,5,98,0,0.0157051780438501,0.0233245218473021,0.007619343803452
2021-01-22,Tulare,107,460477.0,22820,1100,10399,207,12413,893,3,0,16742,1067,19771,1067,3029,30,0.0363579505599628,0.0429359121085309,0.0065779615485681
2021-01-22,Tuolumne,109,53932.0,3680,181,1970,18,1708,163,1,0,2052,168,2831,168,779,11,0.0380479121857153,0.0524920269969591,0.0144441148112437
2021-01-22,Ventura,111,848112.0,56072,3657,37312,2520,18731,1136,6,0,33718,3472,44872,3472,11154,183,0.0397565415888467,0.0529081064765031,0.0131515648876563
2021-01-22,Yolo,113,214977.0,14794,749,7776,251,7017,498,0,0,8993,617,11882,617,2889,128,0.0418323820687794,0.0552710289937993,0.0134386469250198
2021-01-22,Yuba,115,75493.0,2621,112,1217,10,1400,102,1,0,1934,102,2275,102,341,10,0.025618269243506,0.0301352443272886,0.0045169750837826
2021-01-21,Alameda,001,1643700.0,100013,8235,59985,3817,39991,4416,20,0,66141,7330,83016,7334,16875,882,0.0402390947253148,0.0505055667092535,0.0102664719839386
2021-01-21,Alpine,003,1148.0,180,3,12,0,168,3,0,0,168,3,174,3,6,0,0.1463414634146341,0.151567944250871,0.0052264808362369
2021-01-21,Amador,005,37829.0,2497,316,1434,277,1063,39,0,0,1443,108,1925,108,482,165,0.0381453382325728,0.0508868857225937,0.0127415474900208
2021-01-21,Butte,007,227075.0,16941,1501,12076,888,4862,613,3,0,10627,1393,13780,1393,3153,107,0.0467995155785533,0.0606847957723219,0.0138852801937685
2021-01-21,Calaveras,009,45235.0,2856,483,1326,49,1530,434,0,0,1671,432,2231,434,560,34,0.0369404222394163,0.0493202166464021,0.0123797944069857
2021-01-21,Colusa,011,21464.0,636,81,312,56,324,25,0,0,545,79,591,79,46,2,0.025391352963101,0.0275344763324636,0.0021431233693626
2021-01-21,Contra Costa,013,1133247.0,88394,7218,53070,3182,35293,4035,17,0,58955,6415,73646,6424,14691,791,0.0520230805817266,0.0649867151644787,0.012963634582752
2021-01-21,Del Norte,015,27424.0,1261,42,636,39,625,3,0,0,810,31,1035,31,225,11,0.0295361726954492,0.0377406651108518,0.0082044924154025
2021-01-21,El Dorado,017,186661.0,13630,1294,7294,686,6332,608,4,0,9360,1062,11479,1062,2119,207,0.0501443793829455,0.0614965097154735,0.0113521303325279
2021-01-21,Fresno,019,978130.0,55833,4498,34744,2085,21077,2412,3,0,40086,4082,47894,4088,7808,395,0.0409822825186836,0.0489648615214746,0.007982579002791
2021-01-21,Glenn,021,27897.0,1363,121,890,93,472,28,1,0,736,31,1048,31,312,89,0.0263827651718822,0.0375667634512671,0.0111839982793848
2021-01-21,Humboldt,023,135768.0,9765,971,5567,262,4185,709,0,0,6178,922,7960,922,1782,48,0.0455040952212598,0.0586294266690236,0.0131253314477638
2021-01-21,Imperial,025,180216.0,7008,479,3310,216,3696,263,0,0,5312,452,6155,452,843,26,0.0294757402228437,0.0341534602920939,0.0046777200692502
2021-01-21,Inyo,027,18085.0,2133,119,1368,58,739,60,0,0,887,117,1496,117,609,1,0.0490461708598285,0.0827204865910976,0.033674315731269
2021-01-21,Kern,029,883053.0,32048,2185,16567,897,15470,1287,4,1,24098,1976,28067,1978,3969,203,0.0272894152446115,0.0317840492020297,0.0044946339574181
2021-01-21,Kings,031,150075.0,5066,233,2559,57,2505,175,1,0,3514,213,4329,214,815,19,0.0234149591870731,0.0288455772113943,0.0054306180243211
2021-01-21,Lake,033,64148.0,3768,451,2180,48,1588,403,0,0,2531,415,3149,415,618,36,0.0394556338467294,0.049089605287772,0.0096339714410425
2021-01-21,Lassen,035,31185.0,1506,132,566,89,939,42,0,0,1181,107,1340,107,159,22,0.0378707712041045,0.0429693763027096,0.005098605098605
2021-01-21,Los Angeles,037,10098052.0,621833,50779,353212,22988,268152,27777,224,2,396618,46120,508833,46142,112215,4553,0.0392766842555376,0.0503892235849052,0.0111125393293676
2021-01-21,Madera,039,155013.0,6755,308,2550,190,4204,118,1,0,5411,240,6057,240,646,65,0.034906749756472,0.0390741421687213,0.0041673924122492
2021-01-21,Marin,041,260295.0,21690,1696,12795,1053,8888,643,5,0,13978,1326,17828,1328,3850,368,0.0537006089244895,0.0684915192377879,0.0147909103132983
2021-01-21,Mariposa,043,17540.0,876,74,423,8,451,66,1,0,479,67,672,67,193,5,0.0273090079817559,0.0383124287343215,0.0110034207525655
2021-01-21,Mendocino,045,87422.0,10291,573,4403,253,5887,320,1,0,8243,363,9205,363,962,209,0.0942897668779025,0.1052938619569444,0.0110040950790418
2021-01-21,Merced,047,269075.0,8717,1114,5634,717,3026,395,3,0,5767,945,6949,945,1182,112,0.0214326860540741,0.0258255133327139,0.0043928272786397
2021-01-21,Modoc,049,8938.0,855,157,252,2,602,154,0,0,641,156,748,156,107,0,0.0717162676213918,0.0836876258670843,0.0119713582456925
2021-01-21,Mono,051,14174.0,1729,10,975,6,750,4,0,0,1111,9,1417,9,306,1,0.0783829547057993,0.0999717793142373,0.0215888246084379
2021-01-21,Monterey,053,433212.0,19313,963,10484,135,8809,828,0,0,12082,844,15678,846,3596,120,0.0278893474788325,0.0361901332373064,0.0083007857584739
2021-01-21,Napa,055,140530.0,17143,1517,7676,582,9465,935,2,0,11561,1073,14375,1074,2814,443,0.0822671315733295,0.102291325695581,0.0200241941222514
2021-01-21,Nevada,057,99092.0,5508,362,3135,207,2372,155,0,0,4084,344,4792,344,708,18,0.0412142251644936,0.0483591006337544,0.0071448754692608
2021-01-21,Orange,059,3164182.0,197354,11824,110140,5329,87053,6492,113,2,124801,10882,161020,10892,36219,939,0.0394417893787399,0.0508883496587743,0.0114465602800344
2021-01-21,Placer,061,380077.0,31875,2610,18850,1165,13019,1445,5,0,20498,2169,26169,2170,5671,434,0.0539311771035869,0.0688518379170536,0.0149206608134667
2021-01-21,Plumas,063,18699.0,1285,118,483,4,800,114,1,0,870,118,1078,118,208,0,0.0465265522220439,0.0576501417188084,0.0111235894967645
2021-01-21,Riverside,065,2383286.0,105600,8815,58874,3793,46662,5021,17,1,70759,8046,88082,8048,17323,767,0.029689680550299,0.0369582165128314,0.0072685359625324
2021-01-21,Sacramento,067,1510023.0,83700,5355,53251,3064,30423,2290,21,1,50133,4260,66770,4262,16637,1071,0.0332001565539068,0.0442178695291396,0.0110177129752328
2021-01-21,San Benito,069,59416.0,3242,159,1538,36,1698,123,0,0,2098,129,2665,129,567,30,0.0353103541133701,0.0448532381850006,0.0095428840716305
2021-01-21,San Bernardino,071,2135413.0,103117,6212,68129,3178,34961,3033,11,0,62912,5051,82968,5054,20056,1148,0.0294612798554659,0.0388533740311593,0.0093920941756934
2021-01-21,San Diego,073,3302833.0,243298,17928,120953,6065,122004,11857,234,2,158921,16111,200606,16177,41685,1725,0.0481165714403362,0.0607375546992536,0.0126209832589174
2021-01-21,San Francisco,075,870044.0,56212,3534,32717,1078,23471,2454,16,1,35595,2623,45895,2624,10300,902,0.0409117240047629,0.0527502057367213,0.0118384817319583
2021-01-21,San Joaquin,077,732212.0,35922,2329,22238,1069,13682,1260,2,0,20172,1719,27051,1721,6879,453,0.0275493982617056,0.0369442183411361,0.0093948200794305
2021-01-21,San Luis Obispo,079,281455.0,21265,1641,11242,502,10011,1139,5,0,13724,1266,17498,1266,3774,373,0.048760903163916,0.0621697962374091,0.013408893073493
2021-01-21,San Mateo,081,765935.0,55668,3019,32153,1392,23471,1626,33,0,34559,2350,45077,2352,10518,663,0.0451200167116008,0.0588522524757322,0.0137322357641314
2021-01-21,Santa Barbara,083,443738.0,29662,3814,16063,2509,13580,1302,3,0,21454,3606,25541,3608,4087,203,0.048348349701851,0.0575587396166206,0.0092103899147695
2021-01-21,Santa Clara,085,1922200.0,134163,9026,73583,3993,60494,5029,57,2,85264,7704,109642,7710,24378,1310,0.0443575070232025,0.0570398501716782,0.0126823431484757
2021-01-21,Santa Cruz,087,273765.0,18163,1732,7834,220,10325,1512,4,0,12065,1628,15108,1630,3043,103,0.0440706445308932,0.0551860172045367,0.0111153726736434
2021-01-21,Shasta,089,179085.0,10844,666,5880,332,4958,334,0,0,7413,642,9125,642,1712,24,0.0413937515704832,0.0509534578552084,0.0095597062847251
2021-01-21,Sierra,091,2930.0,344,55,58,0,286,55,0,0,300,55,322,55,22,0,0.1023890784982935,0.1098976109215017,0.0075085324232081
2021-01-21,Siskiyou,093,43540.0,2195,66,1013,4,1178,62,1,0,1270,64,1732,64,462,2,0.0291685806155259,0.0397795130914101,0.0106109324758842
2021-01-21,Solano,095,438530.0,33460,3337,20965,1069,12493,2268,1,0,22074,2941,27752,2943,5678,394,0.0503363509908102,0.0632841538777278,0.0129478028869176
2021-01-21,Sonoma,097,501317.0,33569,2423,20067,721,13469,1702,31,0,19710,2166,26606,2167,6896,254,0.0393164404957342,0.0530722078046425,0.0137557673089083
2021-01-21,Stanislaus,099,539301.0,29823,3899,17671,3110,12133,787,1,0,20276,3491,24681,3491,4405,244,0.0375968151366305,0.0457647955408946,0.008167980404264
2021-01-21,Sutter,101,95872.0,5106,538,2660,356,2446,182,0,0,3750,518,4422,518,672,17,0.0391146528704939,0.0461239986648865,0.0070093457943925
2021-01-21,Tehama,103,63373.0,2827,253,1117,24,1709,229,0,0,2121,235,2471,235,350,18,0.0334685118268032,0.0389913685638994,0.0055228567370962
2021-01-21,Trinity,105,12862.0,392,18,209,7,182,11,0,0,197,18,295,18,98,0,0.0153164360130617,0.0229357798165137,0.007619343803452
2021-01-21,Tulare,107,460477.0,21720,1666,10192,242,11520,1423,3,1,15705,1629,18704,1630,2999,31,0.0341059379730149,0.0406187496878237,0.0065128117148087
2021-01-21,Tuolumne,109,53932.0,3499,70,1952,27,1545,43,1,0,1895,51,2663,51,768,16,0.0351368389824223,0.0493769932507602,0.0142401542683379
2021-01-21,Ventura,111,848112.0,52415,3884,34792,2686,17595,1198,6,0,30429,3208,41400,3211,10971,673,0.0358785160450506,0.0488143075442866,0.0129357914992359
2021-01-21,Yolo,113,214977.0,14045,677,7525,392,6519,285,0,0,8504,471,11265,471,2761,200,0.0395577201281997,0.0524009545207161,0.0128432343925164
2021-01-21,Yuba,115,75493.0,2509,236,1207,109,1298,127,1,0,1842,225,2173,225,331,10,0.0243996132091717,0.0287841256805266,0.0043845124713549
2021-01-20,Alameda,001,1643700.0,91778,7001,56168,4258,35575,2743,20,0,59689,5641,75682,5645,15993,1343,0.0363138042221816,0.0460436819370931,0.0097298777149114
2021-01-20,Alpine,003,1148.0,177,22,12,0,165,22,0,0,165,22,171,22,6,0,0.1437282229965157,0.1489547038327526,0.0052264808362369
2021-01-20,Amador,005,37829.0,2181,187,1157,31,1024,156,0,0,1500,172,1817,172,317,14,0.0396521187448782,0.0480319331729625,0.0083798144280842
2021-01-20,Butte,007,227075.0,15440,1425,11188,727,4249,698,3,0,9341,1116,12387,1116,3046,309,0.041136188483981,0.0545502587250908,0.0134140702411097
2021-01-20,Calaveras,009,45235.0,2373,397,1277,91,1096,306,0,0,1271,304,1797,304,526,84,0.0280977119487122,0.0397258759809881,0.0116281640322758
2021-01-20,Colusa,011,21464.0,555,113,256,100,299,13,0,0,468,99,512,99,44,14,0.0218039508013417,0.0238538948937756,0.0020499440924338
2021-01-20,Contra Costa,013,1133247.0,81176,6977,49888,4316,31258,2661,17,0,53322,5706,67222,5711,13900,1264,0.0470524078157718,0.0593180480513074,0.0122656402355355
2021-01-20,Del Norte,015,27424.0,1219,166,597,89,622,77,0,0,790,99,1004,99,214,67,0.0288068844807467,0.036610268378063,0.0078033838973162
2021-01-20,El Dorado,017,186661.0,12336,1025,6608,700,5724,324,4,1,8505,892,10417,892,1912,129,0.0455638831893111,0.0558070512854854,0.0102431680961743
2021-01-20,Fresno,019,978130.0,51335,3128,32659,1231,18665,1897,3,0,36393,2786,43806,2788,7413,340,0.0372067107644178,0.04478545796571,0.0075787472012922
2021-01-20,Glenn,021,27897.0,1242,162,797,92,444,70,1,0,794,84,1017,84,223,78,0.0284618417751012,0.0364555328529949,0.0079936910778936
2021-01-20,Humboldt,023,135768.0,8794,968,5305,436,3476,531,0,0,5304,782,7038,784,1734,182,0.0390666430970479,0.0518384302633904,0.0127717871663425
2021-01-20,Imperial,025,180216.0,6529,315,3094,205,3433,110,0,0,4886,273,5703,273,817,43,0.0271119101522617,0.0316453589026501,0.0045334487503884
2021-01-20,Inyo,027,18085.0,2014,165,1310,73,679,92,0,0,771,90,1379,90,608,74,0.042632015482444,0.0762510367708045,0.0336190212883605
2021-01-20,Kern,029,883053.0,29863,2763,15670,1801,14183,962,3,0,22323,1976,26089,1977,3766,783,0.025279343368971,0.0295440930499075,0.0042647496809364
2021-01-20,Kings,031,150075.0,4833,258,2502,161,2330,97,1,0,3319,140,4115,140,796,116,0.0221156088622355,0.0274196235215725,0.0053040146593369
2021-01-20,Lake,033,64148.0,3317,377,2132,80,1185,297,0,0,2152,308,2734,308,582,68,0.0335474215875787,0.0426201908087547,0.009072769221176
2021-01-20,Lassen,035,31185.0,1374,145,477,84,897,61,0,0,1096,75,1233,75,137,62,0.0351451018117684,0.0395382395382395,0.004393137726471
2021-01-20,Los Angeles,037,10098052.0,571054,48353,330224,25098,240375,23245,222,2,355029,40357,462691,40370,107662,7929,0.0351581671395631,0.0458198274281019,0.0106616602885388
2021-01-20,Madera,039,155013.0,6447,356,2360,186,4086,170,1,0,5236,260,5817,260,581,94,0.0337778121834942,0.0375258849257804,0.0037480727422861
2021-01-20,Marin,041,260295.0,19994,1838,11742,1211,8245,626,5,0,13018,1086,16500,1087,3482,746,0.0500124858333813,0.0633896156284216,0.0133771297950402
2021-01-20,Mariposa,043,17540.0,802,26,415,2,385,24,1,0,417,23,605,23,188,1,0.0237742303306727,0.0344925883694412,0.0107183580387685
2021-01-20,Mendocino,045,87422.0,9718,579,4150,429,5567,150,1,0,8089,462,8842,466,753,111,0.092528196563794,0.1011415890736885,0.0086133925098945
2021-01-20,Merced,047,269075.0,7603,628,4917,484,2631,139,3,0,4934,538,6004,540,1070,59,0.0183368949177738,0.0223134813713648,0.003976586453591
2021-01-20,Modoc,049,8938.0,698,17,250,6,448,11,0,0,485,14,592,14,107,3,0.0542626985902886,0.0662340568359812,0.0119713582456925
2021-01-20,Mono,051,14174.0,1719,217,969,183,746,34,0,0,1103,155,1408,155,305,62,0.077818540990546,0.0993368138845774,0.0215182728940313
2021-01-20,Monterey,053,433212.0,18350,578,10349,278,7981,300,0,0,11356,353,14832,353,3476,223,0.0262134936243686,0.0342372787457411,0.0080237851213724
2021-01-20,Napa,055,140530.0,15626,840,7094,193,8530,647,2,0,10930,653,13301,653,2371,187,0.0777769871201878,0.0946488294314381,0.0168718423112502
2021-01-20,Nevada,057,99092.0,5146,297,2928,170,2217,127,0,0,3758,276,4448,276,690,20,0.0379243531263876,0.0448875792193113,0.0069632260929237
2021-01-20,Orange,059,3164182.0,185530,9209,104811,6460,80561,2749,111,0,114848,5904,150128,5914,35280,3274,0.0362962686722824,0.0474460697899172,0.0111498011176348
2021-01-20,Placer,061,380077.0,29265,2383,17685,1786,11574,597,5,0,18762,1990,23999,1990,5237,387,0.0493636815697871,0.0631424684998039,0.0137787869300168
2021-01-20,Plumas,063,18699.0,1167,141,479,10,686,131,1,0,752,136,960,136,208,5,0.0402160543344563,0.0513396438312209,0.0111235894967645
2021-01-20,Riverside,065,2383286.0,96785,8630,55081,3424,41641,5195,16,0,63478,6836,80034,6840,16556,1768,0.0266346548420961,0.0335813662313293,0.0069467113892331
2021-01-20,Sacramento,067,1510023.0,78345,5098,50187,3070,28133,2026,20,2,46942,3638,62508,3644,15566,1444,0.0310869437088044,0.0413953959641674,0.0103084522553629
2021-01-20,San Benito,069,59416.0,3083,351,1502,110,1575,241,0,0,1999,302,2536,302,537,47,0.0336441362595933,0.0426821058300794,0.009037969570486
2021-01-20,San Bernardino,071,2135413.0,96905,6997,64951,3791,31928,3206,11,0,59006,4954,77914,4954,18908,2028,0.0276321254951618,0.0364866187477551,0.0088544932525932
2021-01-20,San Diego,073,3302833.0,225370,18748,114888,6566,110147,12179,232,0,144469,15133,184429,15179,39960,3510,0.0437409339194564,0.0558396382741725,0.012098704354716
2021-01-20,San Francisco,075,870044.0,52678,2941,31639,1244,21017,1696,15,0,33873,2126,43271,2127,9398,808,0.0389325137579248,0.049734266312968,0.0108017525550431
2021-01-20,San Joaquin,077,732212.0,33593,2442,21169,1456,12422,986,2,0,18904,1592,25330,1595,6426,719,0.025817659366413,0.0345938061654274,0.0087761467990144
2021-01-20,San Luis Obispo,079,281455.0,19624,1926,10740,600,8872,1323,5,1,12831,1345,16232,1347,3401,577,0.0455881046703735,0.0576717414862056,0.012083636815832
2021-01-20,San Mateo,081,765935.0,52649,3044,30761,1761,21845,1282,33,0,32870,2155,42725,2156,9855,878,0.0429148687551815,0.0557814958188358,0.0128666270636542
2021-01-20,Santa Barbara,083,443738.0,25848,2288,13554,708,12278,1577,3,1,18049,1815,21933,1816,3884,465,0.0406749027579337,0.0494278155127575,0.0087529127548237
2021-01-20,Santa Clara,085,1922200.0,125137,8596,69590,4560,55465,4034,55,0,78864,6952,101932,6957,23068,1627,0.0410279887628758,0.0530288211424409,0.012000832379565
2021-01-20,Santa Cruz,087,273765.0,16431,1250,7614,171,8813,1079,4,0,10538,1064,13478,1064,2940,185,0.0384928679707048,0.0492320055522071,0.0107391375815023
2021-01-20,Shasta,089,179085.0,10178,797,5548,535,4624,262,0,0,6795,561,8483,561,1688,234,0.0379428762877963,0.0473685679984364,0.0094256917106402
2021-01-20,Sierra,091,2930.0,289,2,58,1,231,1,0,0,245,1,267,1,22,1,0.083617747440273,0.0911262798634812,0.0075085324232081
2021-01-20,Siskiyou,093,43540.0,2129,76,1009,38,1116,37,1,0,1208,67,1668,67,460,8,0.0277446026642168,0.0383096003674781,0.0105649977032613
2021-01-20,Solano,095,438530.0,30123,2109,19896,1441,10225,668,1,0,19525,1599,24809,1599,5284,505,0.0445237498004697,0.0565730964814265,0.0120493466809568
2021-01-20,Sonoma,097,501317.0,31146,2245,19346,743,11767,1502,31,0,17797,1563,24439,1564,6642,672,0.0355004917048494,0.0487495935705352,0.0132491018656857
2021-01-20,Stanislaus,099,539301.0,25924,1126,14561,514,11346,612,1,0,17029,778,21190,778,4161,308,0.0315760586388677,0.0392916015360624,0.0077155428971947
2021-01-20,Sutter,101,95872.0,4568,296,2304,221,2264,75,0,0,3249,264,3904,264,655,32,0.0338889352469959,0.0407209612817089,0.0068320260347129
2021-01-20,Tehama,103,63373.0,2574,340,1093,100,1480,240,0,0,1904,285,2236,285,332,54,0.0300443406498035,0.0352831647547062,0.0052388241049027
2021-01-20,Trinity,105,12862.0,374,20,202,3,171,17,0,0,179,17,277,17,98,4,0.0139169647022236,0.0215363085056756,0.007619343803452
2021-01-20,Tulare,107,460477.0,20054,2413,9950,585,10097,1828,2,0,14106,2018,17074,2019,2968,392,0.030633451833642,0.0370789420535662,0.0064454902199241
2021-01-20,Tuolumne,109,53932.0,3429,82,1925,61,1502,21,1,0,1860,28,2612,28,752,52,0.0344878736186308,0.0484313580063784,0.0139434843877475
2021-01-20,Ventura,111,848112.0,48531,4258,32106,3274,16397,981,6,0,27891,3120,38189,3122,10298,1129,0.0328859867564661,0.0450282509857188,0.0121422642292527
2021-01-20,Yolo,113,214977.0,13368,677,7133,384,6234,293,0,0,8233,469,10794,469,2561,204,0.03829712015704,0.0502100224675197,0.0119129023104797
2021-01-20,Yuba,115,75493.0,2273,136,1098,86,1171,50,1,0,1627,113,1948,113,321,23,0.0215516670419774,0.0258037169009047,0.0042520498589273
2021-01-19,Alameda,001,1643700.0,84777,5685,51910,3379,32832,2306,20,0,55387,4384,70037,4385,14650,1287,0.0336965382977429,0.0426093569386141,0.0089128186408712
2021-01-19,Alpine,003,1148.0,155,0,12,0,143,0,0,0,143,0,149,0,6,0,0.1245644599303135,0.1297909407665505,0.0052264808362369
2021-01-19,Amador,005,37829.0,1994,141,1126,108,868,33,0,0,1342,64,1645,64,303,74,0.035475428903751,0.0434851568902165,0.0080097279864654
2021-01-19,Butte,007,227075.0,14015,509,10461,443,3551,66,3,0,8534,230,11271,230,2737,276,0.0375822965980402,0.0496355829571727,0.0120532863591324
2021-01-19,Calaveras,009,45235.0,1976,217,1186,181,790,36,0,0,1051,73,1493,73,442,136,0.023234221288825,0.033005416160053,0.009771194871228
2021-01-19,Colusa,011,21464.0,442,11,156,10,286,1,0,0,383,8,413,8,30,3,0.0178438315318673,0.0192415206857994,0.0013976891539321
2021-01-19,Contra Costa,013,1133247.0,74199,7175,45572,3237,28597,3936,17,0,48875,6059,61511,6063,12636,1096,0.0431282853605612,0.0542785465128078,0.0111502611522465
2021-01-19,Del Norte,015,27424.0,1053,118,508,56,545,62,0,0,758,75,905,75,147,43,0.0276400233372228,0.0330002917152858,0.005360268378063
2021-01-19,El Dorado,017,186661.0,11311,767,5908,459,5400,307,3,1,7742,604,9525,605,1783,162,0.0414762591007227,0.0510283347887346,0.0095520756880119
2021-01-19,Fresno,019,978130.0,48207,4452,31428,2580,16768,1870,3,1,33945,3721,41018,3726,7073,723,0.0347039759541165,0.0419351210984225,0.0072311451443059
2021-01-19,Glenn,021,27897.0,1080,29,705,20,374,9,1,0,788,12,933,12,145,17,0.028246764885113,0.0334444563931605,0.0051976915080474
2021-01-19,Humboldt,023,135768.0,7826,700,4869,439,2945,261,0,0,4702,526,6254,526,1552,172,0.0346326085675564,0.0460638736668434,0.011431265099287
2021-01-19,Imperial,025,180216.0,6214,185,2889,140,3323,45,0,0,4656,134,5430,134,774,51,0.0258356638700226,0.0301305100546011,0.0042948461845785
2021-01-19,Inyo,027,18085.0,1849,112,1237,71,587,39,0,0,755,96,1289,96,534,14,0.0417473043959082,0.0712745369090406,0.0295272325131324
2021-01-19,Kern,029,883053.0,27100,1902,13869,1051,13221,851,3,0,21129,1430,24112,1430,2983,467,0.0239272161467092,0.0273052693326448,0.0033780531859356
2021-01-19,Kings,031,150075.0,4575,385,2341,156,2233,229,1,0,3295,258,3975,258,680,127,0.0219556888222555,0.0264867566216891,0.0045310677994336
2021-01-19,Lake,033,64148.0,2940,277,2052,127,888,150,0,0,1912,224,2426,224,514,52,0.029806073455135,0.0378187940387853,0.0080127205836503
2021-01-19,Lassen,035,31185.0,1229,182,393,33,836,149,0,0,1083,156,1158,156,75,26,0.0347282347282347,0.0371332371332371,0.0024050024050024
2021-01-19,Los Angeles,037,10098052.0,522701,40312,305126,21416,217130,18880,220,1,322588,32028,422321,32047,99733,8157,0.0319455673232817,0.0418220266641526,0.0098764593408708
2021-01-19,Madera,039,155013.0,6091,560,2174,132,3916,428,1,0,5070,532,5557,532,487,26,0.0327069342571268,0.0358486062459277,0.0031416719888009
2021-01-19,Marin,041,260295.0,18156,1141,10531,864,7619,277,5,0,12677,946,15413,946,2736,194,0.0487024337770606,0.0592135845867189,0.0105111508096582
2021-01-19,Mariposa,043,17540.0,776,8,413,5,361,3,1,0,395,4,582,4,187,3,0.0225199543899657,0.0331812998859749,0.0106613454960091
2021-01-19,Mendocino,045,87422.0,9139,341,3721,152,5417,189,1,0,7734,153,8376,153,642,188,0.0884674338267255,0.095811123058269,0.0073436892315435
2021-01-19,Merced,047,269075.0,6975,815,4433,672,2492,139,3,0,4453,562,5464,565,1011,178,0.0165492892316268,0.0203066059648796,0.0037573167332528
2021-01-19,Modoc,049,8938.0,681,5,244,3,437,2,0,0,474,3,578,3,104,2,0.0530319982098903,0.0646677108972924,0.0116357126874021
2021-01-19,Mono,051,14174.0,1502,199,786,196,712,2,0,0,1010,161,1253,161,243,35,0.0712572315507266,0.088401298151545,0.0171440666008184
2021-01-19,Monterey,053,433212.0,17772,637,10071,421,7681,214,0,0,11226,446,14479,446,3253,188,0.025913409600842,0.0334224352049343,0.0075090256040922
2021-01-19,Napa,055,140530.0,14786,983,6901,393,7883,590,2,0,10464,758,12648,758,2184,224,0.0744609691880737,0.0900021347754927,0.015541165587419
2021-01-19,Nevada,057,99092.0,4849,279,2758,107,2090,172,0,0,3502,248,4172,248,670,30,0.0353408953295927,0.0421022887821418,0.0067613934525491
2021-01-19,Orange,059,3164182.0,176321,8280,98351,5999,77812,2277,111,1,112208,5511,144214,5512,32006,2755,0.0354619298131397,0.0455770243304588,0.0101150945173191
2021-01-19,Placer,061,380077.0,26882,2654,15899,1963,10977,691,5,0,17159,2145,22009,2146,4850,510,0.0451461151293027,0.0579066873291464,0.0127605721998437
2021-01-19,Plumas,063,18699.0,1026,40,469,7,555,33,1,0,621,34,824,34,203,6,0.033210332103321,0.0440665276217979,0.0108561955184769
2021-01-19,Riverside,065,2383286.0,88155,7761,51657,2925,36446,4835,16,0,58406,6450,73194,6451,14788,1295,0.0245065006885451,0.0307113791630547,0.0062048784745095
2021-01-19,Sacramento,067,1510023.0,73247,5083,47117,3080,26107,2003,18,0,44742,3661,58864,3663,14122,1402,0.0296300122580914,0.0389821876885319,0.0093521754304404
2021-01-19,San Benito,069,59416.0,2732,207,1392,91,1334,116,0,0,1744,162,2234,162,490,44,0.0293523629998653,0.0375992998518917,0.0082469368520263
2021-01-19,San Bernardino,071,2135413.0,89908,6586,61160,3748,28722,2838,11,0,56080,5455,72960,5457,16880,1121,0.0262618987521383,0.034166692813053,0.0079047940609146
2021-01-19,San Diego,073,3302833.0,206622,15295,108322,6064,97968,9229,232,1,132800,11639,169250,11680,36450,3544,0.0402079063640214,0.05124388668758,0.0110359803235585
2021-01-19,San Francisco,075,870044.0,49737,2719,30395,1543,19321,1175,15,0,32554,1815,41144,1816,8590,903,0.0374164984759391,0.0472895623669607,0.0098730638910216
2021-01-19,San Joaquin,077,732212.0,31151,2133,19713,977,11436,1156,2,0,18028,1322,23735,1323,5707,697,0.0246212845460058,0.0324154752995034,0.0077941907534976
2021-01-19,San Luis Obispo,079,281455.0,17698,1612,10140,432,7549,1180,4,0,12061,1192,14885,1193,2824,420,0.0428523209749338,0.0528858965021051,0.0100335755271713
2021-01-19,San Mateo,081,765935.0,49605,2874,29000,1820,20563,1050,33,0,31592,1937,40569,1938,8977,925,0.0412463198574291,0.052966635550014,0.0117203156925848
2021-01-19,Santa Barbara,083,443738.0,23560,1674,12846,598,10701,1076,2,0,16698,1362,20117,1362,3419,310,0.0376303133831224,0.0453353104760016,0.0077049970928791
2021-01-19,Santa Clara,085,1922200.0,116541,8725,65030,2854,51431,5869,55,0,73534,6899,94975,6902,21441,1813,0.0382551243366975,0.0494095307460201,0.0111544064093226
2021-01-19,Santa Cruz,087,273765.0,15181,1571,7443,496,7734,1075,4,0,9659,1231,12414,1232,2755,337,0.0352820849999086,0.045345460522711,0.0100633755228024
2021-01-19,Shasta,089,179085.0,9381,1056,5013,406,4362,650,0,0,6468,912,7922,912,1454,144,0.0361169277158891,0.0442359773292012,0.0081190496133121
2021-01-19,Sierra,091,2930.0,287,32,57,0,230,32,0,0,245,32,266,32,21,0,0.083617747440273,0.0907849829351535,0.0071672354948805
2021-01-19,Siskiyou,093,43540.0,2053,39,971,1,1079,38,1,0,1149,38,1601,38,452,1,0.0263895268718419,0.0367707854846118,0.0103812586127698
2021-01-19,Solano,095,438530.0,28014,1714,18455,1368,9557,346,1,0,18431,1403,23210,1403,4779,310,0.0420290516042232,0.0529268237064739,0.0108977721022507
2021-01-19,Sonoma,097,501317.0,28901,2128,18603,1013,10265,1114,31,0,16905,1406,22875,1407,5970,714,0.0337211784160521,0.0456298110776215,0.0119086326615694
2021-01-19,Stanislaus,099,539301.0,24798,1332,14047,751,10734,579,1,0,16559,814,20412,814,3853,466,0.0307045601621358,0.0378489934192593,0.0071444332571235
2021-01-19,Sutter,101,95872.0,4272,104,2083,41,2189,63,0,0,3017,78,3640,78,623,25,0.0314690420560747,0.0379672897196261,0.0064982476635514
2021-01-19,Tehama,103,63373.0,2234,314,993,82,1240,232,0,0,1673,249,1951,249,278,65,0.02639925520332,0.0307859814116421,0.0043867262083221
2021-01-19,Trinity,105,12862.0,354,33,199,15,154,18,0,0,166,19,260,19,94,14,0.0129062354221738,0.0202145856009951,0.0073083501788213
2021-01-19,Tulare,107,460477.0,17641,1055,9365,714,8269,341,2,0,12479,623,15055,623,2576,430,0.0271001591827604,0.0326943582415625,0.005594199058802
2021-01-19,Tuolumne,109,53932.0,3347,502,1864,91,1481,411,1,0,1884,434,2584,434,700,49,0.0349328784395164,0.0479121857153452,0.0129793072758288
2021-01-19,Ventura,111,848112.0,44273,3173,28832,2173,15416,997,6,0,25898,2185,35067,2187,9169,979,0.0305360612749259,0.0413471333974758,0.0108110721225498
2021-01-19,Yolo,113,214977.0,12691,564,6749,364,5941,200,0,0,7968,388,10325,388,2357,176,0.0370644301483414,0.0480283937351437,0.0109639635868023
2021-01-19,Yuba,115,75493.0,2137,91,1012,34,1121,57,1,0,1537,72,1835,72,298,19,0.0203595035301286,0.0243068893804723,0.0039473858503437
2021-01-18,Alameda,001,1643700.0,79092,3210,48531,2034,30526,1176,20,0,52289,2594,65652,2595,13363,605,0.031811766137373,0.0399415951816024,0.0081298290442294
2021-01-18,Alpine,003,1148.0,155,1,12,1,143,0,0,0,143,1,149,1,6,0,0.1245644599303135,0.1297909407665505,0.0052264808362369
2021-01-18,Amador,005,37829.0,1853,32,1018,26,835,6,0,0,1352,11,1581,11,229,21,0.0357397763620502,0.0417933331571016,0.0060535567950514
2021-01-18,Butte,007,227075.0,13506,368,10018,324,3485,44,3,0,8580,292,11041,292,2461,76,0.0377848728393702,0.0486227017505229,0.0108378289111527
2021-01-18,Calaveras,009,45235.0,1759,138,1005,20,754,118,0,0,1114,125,1420,127,306,12,0.0246269481596109,0.0313916215319995,0.0067646733723886
2021-01-18,Colusa,011,21464.0,431,5,146,0,285,5,0,0,378,5,405,5,27,0,0.0176108833395452,0.0188688035780842,0.0012579202385389
2021-01-18,Contra Costa,013,1133247.0,67024,3341,42335,1354,24661,1986,17,0,43908,2682,55448,2683,11540,647,0.0387453044217191,0.0489284330776962,0.010183128655977
2021-01-18,Del Norte,015,27424.0,935,3,452,1,483,2,0,0,726,2,830,2,104,1,0.0264731621936989,0.0302654609101516,0.0037922987164527
2021-01-18,El Dorado,017,186661.0,10544,447,5449,152,5093,295,2,0,7299,371,8920,371,1621,73,0.0391029727688162,0.0477871649675079,0.0086841921986917
2021-01-18,Fresno,019,978130.0,43755,3084,28848,2352,14898,731,2,1,30942,2426,37292,2428,6350,658,0.0316338319037346,0.0381258114974492,0.0064919795937145
2021-01-18,Glenn,021,27897.0,1051,18,685,17,365,1,1,0,793,9,921,9,128,9,0.0284259956267699,0.0330143026131842,0.0045883069864143
2021-01-18,Humboldt,023,135768.0,7126,338,4430,291,2684,47,0,0,4348,162,5728,162,1380,177,0.0320252194920747,0.0421896175829355,0.0101643980908608
2021-01-18,Imperial,025,180216.0,6029,1075,2749,395,3278,679,0,0,4573,975,5296,976,723,98,0.0253751054290407,0.0293869578727748,0.0040118524437341
2021-01-18,Inyo,027,18085.0,1737,63,1166,40,548,22,0,0,673,19,1193,19,520,42,0.0372131600774122,0.0659662703898258,0.0287531103124136
2021-01-18,Kern,029,883053.0,25198,1666,12818,671,12370,995,3,0,20166,1496,22682,1496,2516,170,0.0228366813769954,0.0256858874835372,0.0028492061065417
2021-01-18,Kings,031,150075.0,4190,182,2185,48,2004,134,1,0,3164,154,3717,154,553,28,0.0210827919373646,0.024767616191904,0.0036848242545393
2021-01-18,Lake,033,64148.0,2663,247,1925,225,738,22,0,0,1740,127,2202,127,462,120,0.0271247739602169,0.0343268691151711,0.0072020951549541
2021-01-18,Lassen,035,31185.0,1047,4,360,3,687,1,0,0,953,2,1002,2,49,2,0.0305595638928972,0.0321308321308321,0.0015712682379349
2021-01-18,Los Angeles,037,10098052.0,482389,16166,283710,10376,198250,5788,219,1,298698,11277,390274,11283,91576,4872,0.0295797644931913,0.0386484442742025,0.0090686797810112
2021-01-18,Madera,039,155013.0,5531,84,2042,65,3488,19,1,0,4564,62,5025,62,461,20,0.0294426919032597,0.0324166360240754,0.0029739441208156
2021-01-18,Marin,041,260295.0,17015,379,9667,167,7342,212,5,0,11925,321,14467,321,2542,56,0.0458134040223592,0.0555792466240227,0.0097658426016634
2021-01-18,Mariposa,043,17540.0,768,4,408,3,358,1,1,0,394,2,578,2,184,2,0.0224629418472063,0.0329532497149372,0.0104903078677309
2021-01-18,Mendocino,045,87422.0,8798,499,3569,474,5228,25,1,0,7769,485,8223,485,454,13,0.0888677907162956,0.0940609915124339,0.0051932007961382
2021-01-18,Merced,047,269075.0,6160,304,3761,149,2353,151,3,0,4066,266,4899,268,833,26,0.0151110285236458,0.0182068196599461,0.0030957911363002
2021-01-18,Modoc,049,8938.0,676,4,241,1,435,3,0,0,473,4,575,4,102,0,0.0529201163571268,0.064332065339002,0.0114119489818751
2021-01-18,Mono,051,14174.0,1303,62,590,53,710,9,0,0,884,2,1092,2,208,60,0.0623677155354875,0.0770424721320728,0.0146747565965852
2021-01-18,Monterey,053,433212.0,17135,408,9650,55,7467,353,0,0,10968,379,14033,379,3065,29,0.0253178582310739,0.0323929161703738,0.0070750579392999
2021-01-18,Napa,055,140530.0,13803,1059,6508,200,7293,859,2,0,9930,962,11890,962,1960,97,0.07066106881093,0.0846082686970753,0.0139471998861453
2021-01-18,Nevada,057,99092.0,4570,165,2651,53,1918,112,0,0,3284,144,3924,144,640,20,0.0331409195495095,0.0395995640414967,0.0064586444919872
2021-01-18,Orange,059,3164182.0,168041,9862,92352,4488,75535,5372,110,0,109451,7484,138702,7486,29251,2366,0.0345906145727394,0.0438350259245517,0.0092444113518122
2021-01-18,Placer,061,380077.0,24228,1006,13936,557,10286,449,5,0,15523,754,19863,755,4340,252,0.040841724176943,0.0522604630114424,0.0114187388344993
2021-01-18,Plumas,063,18699.0,986,2,462,1,522,1,1,0,593,2,790,2,197,0,0.0317129258249104,0.0422482485694422,0.0105353227445317
2021-01-18,Riverside,065,2383286.0,80394,4060,48732,2255,31611,1804,16,0,53250,2926,66743,2927,13493,1122,0.0223431010797696,0.0280046121195693,0.0056615110397996
2021-01-18,Sacramento,067,1510023.0,68164,2886,44037,1752,24104,1134,18,0,42481,2230,55201,2231,12720,642,0.0281326840716995,0.0365563968230947,0.0084237127513951
2021-01-18,San Benito,069,59416.0,2525,39,1301,24,1218,14,0,0,1626,20,2072,20,446,18,0.0273663659620304,0.0348727615457115,0.0075063955836811
2021-01-18,San Bernardino,071,2135413.0,83322,4252,57412,2610,25884,1642,11,0,51744,3618,67503,3621,15759,632,0.0242313781924152,0.0316112152543793,0.0073798370619641
2021-01-18,San Diego,073,3302833.0,191327,13169,102258,6503,88739,6658,231,1,124664,10056,157570,10103,32906,2973,0.0377445665584666,0.0477075286579733,0.0099629620995066
2021-01-18,San Francisco,075,870044.0,47018,1433,28852,631,18146,801,15,0,31641,1153,39328,1154,7687,278,0.036367126260281,0.045202311607229,0.0088351853469479
2021-01-18,San Joaquin,077,732212.0,29018,819,18736,282,10280,536,2,1,17402,602,22412,602,5010,129,0.0237663408958061,0.0306086215467651,0.006842280650959
2021-01-18,San Luis Obispo,079,281455.0,16086,1396,9708,400,6369,996,4,0,11288,1127,13692,1127,2404,269,0.0401058783819793,0.0486472082570926,0.0085413298751132
2021-01-18,San Mateo,081,765935.0,46731,1417,27180,579,19513,838,33,0,30579,1007,38631,1007,8052,401,0.0399237533211042,0.0504363947332345,0.0105126414121302
2021-01-18,Santa Barbara,083,443738.0,21886,1176,12248,461,9625,715,2,0,15646,948,18755,948,3109,227,0.0352595450468519,0.0422659316984346,0.0070063866515826
2021-01-18,Santa Clara,085,1922200.0,107816,5199,62176,1236,45562,3963,55,0,68445,4581,88073,4582,19628,608,0.0356076370825096,0.0458188533971491,0.0102112163146394
2021-01-18,Santa Cruz,087,273765.0,13610,960,6947,94,6659,866,4,0,8764,902,11182,902,2418,57,0.0320128577429547,0.0408452504885577,0.0088323927456029
2021-01-18,Shasta,089,179085.0,8325,602,4607,128,3712,471,0,0,5700,591,7010,591,1310,8,0.0318284613451712,0.0391434235139738,0.0073149621688025
2021-01-18,Sierra,091,2930.0,255,3,57,0,198,3,0,0,213,3,234,3,21,0,0.0726962457337884,0.0798634812286689,0.0071672354948805
2021-01-18,Siskiyou,093,43540.0,2014,85,970,2,1041,83,1,0,1112,84,1563,84,451,1,0.0255397335783187,0.0358980248047772,0.0103582912264584
2021-01-18,Solano,095,438530.0,26300,1437,17087,857,9211,580,1,0,17338,1304,21807,1304,4469,129,0.039536633753677,0.0497274986888012,0.0101908649351241
2021-01-18,Sonoma,097,501317.0,26773,1089,17590,905,9151,184,31,0,16212,619,21468,620,5256,470,0.0323388195493071,0.0428232036815029,0.0104843841321957
2021-01-18,Stanislaus,099,539301.0,23466,2274,13296,1062,10155,1210,1,0,16211,1884,19598,1884,3387,314,0.0300592804389385,0.0363396322276428,0.0062803517887042
2021-01-18,Sutter,101,95872.0,4168,126,2042,66,2126,60,0,0,2964,74,3562,74,598,52,0.0309162216288384,0.0371537049399198,0.0062374833110814
2021-01-18,Tehama,103,63373.0,1920,15,911,8,1008,7,0,0,1489,9,1702,9,213,6,0.0234958105186751,0.0268568633329651,0.0033610528142899
2021-01-18,Trinity,105,12862.0,321,29,184,29,136,0,0,0,161,0,241,0,80,29,0.0125174933913854,0.0187373658839993,0.0062198724926139
2021-01-18,Tulare,107,460477.0,16586,710,8651,670,7928,39,2,0,12286,305,14432,305,2146,404,0.0266810285855753,0.0313414133604935,0.0046603847749181
2021-01-18,Tuolumne,109,53932.0,2845,53,1773,38,1070,15,1,0,1499,15,2150,15,651,34,0.0277942594378105,0.0398650152043313,0.0120707557665208
2021-01-18,Ventura,111,848112.0,41100,2236,26659,1675,14419,560,6,0,24690,1680,32880,1681,8190,554,0.0291117210934404,0.0387684645424189,0.0096567434489784
2021-01-18,Yolo,113,214977.0,12127,508,6385,327,5741,181,0,0,7756,338,9937,338,2181,170,0.0360782781413825,0.0462235494959926,0.01014527135461
2021-01-18,Yuba,115,75493.0,2046,62,978,34,1064,28,1,0,1484,37,1763,37,279,25,0.0196574516842621,0.0233531585709933,0.0036957068867312
2021-01-17,Alameda,001,1643700.0,75882,1910,46497,1110,29350,800,20,0,50299,1683,63057,1683,12758,227,0.0306010829226744,0.0383628399342945,0.0077617570116201
2021-01-17,Alpine,003,1148.0,154,0,11,0,143,0,0,0,142,0,148,0,6,0,0.1236933797909407,0.1289198606271777,0.0052264808362369
2021-01-17,Amador,005,37829.0,1821,33,992,10,829,23,0,0,1362,32,1570,32,208,1,0.0360041238203494,0.0415025509529725,0.0054984271326231
2021-01-17,Butte,007,227075.0,13138,243,9694,67,3441,176,3,0,8364,202,10749,202,2385,40,0.0368336452713861,0.047336783001211,0.0105031377298249
2021-01-17,Calaveras,009,45235.0,1621,14,985,4,636,10,0,0,999,13,1293,13,294,1,0.0220846689510334,0.028584061014701,0.0064993920636675
2021-01-17,Colusa,011,21464.0,426,2,146,1,280,1,0,0,373,2,400,2,27,0,0.0173779351472232,0.0186358553857622,0.0012579202385389
2021-01-17,Contra Costa,013,1133247.0,63683,1697,40981,985,22675,712,17,0,41872,1563,52765,1566,10893,132,0.0369486969742695,0.0465608997861895,0.00961220281192
2021-01-17,Del Norte,015,27424.0,932,1,451,1,481,0,0,0,725,1,828,1,103,0,0.0264366977829638,0.0301925320886814,0.0037558343057176
2021-01-17,El Dorado,017,186661.0,10097,113,5297,49,4798,64,2,0,7001,93,8549,93,1548,19,0.0375064957329061,0.0457996046308548,0.0082931088979486
2021-01-17,Fresno,019,978130.0,40671,1002,26496,569,14167,433,1,0,29172,805,34864,805,5692,197,0.0298242564894236,0.0356435238669706,0.0058192673775469
2021-01-17,Glenn,021,27897.0,1033,6,668,4,364,2,1,0,793,3,912,3,119,3,0.0284259956267699,0.0326916872782019,0.004265691651432
2021-01-17,Humboldt,023,135768.0,6788,7,4139,5,2637,2,0,0,4363,7,5566,7,1203,0,0.0321357020800188,0.0409964056331388,0.00886070355312
2021-01-17,Imperial,025,180216.0,4954,21,2354,5,2599,16,0,0,3695,20,4320,20,625,1,0.0205031739690149,0.0239712345185777,0.0034680605495627
2021-01-17,Inyo,027,18085.0,1674,0,1126,0,526,0,0,0,696,0,1174,0,478,0,0.0384849322643074,0.0649156759745645,0.0264307437102571
2021-01-17,Kern,029,883053.0,23532,84,12147,9,11375,75,3,0,18840,82,21186,82,2346,2,0.0213350727532775,0.0239917649337016,0.002656692180424
2021-01-17,Kings,031,150075.0,4008,16,2137,13,1870,3,1,0,3038,14,3563,14,525,2,0.0202432117274696,0.0237414626020323,0.0034982508745627
2021-01-17,Lake,033,64148.0,2416,12,1700,7,716,5,0,0,1733,6,2075,6,342,6,0.027015651306354,0.0323470723950863,0.0053314210887323
2021-01-17,Lassen,035,31185.0,1043,1,357,0,686,1,0,0,953,1,1000,1,47,0,0.0305595638928972,0.0320666987333654,0.0015071348404681
2021-01-17,Los Angeles,037,10098052.0,466223,5456,273334,2443,192462,3012,218,0,292287,5162,378991,5162,86704,286,0.0289448895688,0.0375311000577141,0.008586210488914
2021-01-17,Madera,039,155013.0,5447,328,1977,19,3469,309,1,0,4522,321,4963,321,441,7,0.029171746885745,0.032016669569649,0.0028449226839039
2021-01-17,Marin,041,260295.0,16636,1225,9500,1099,7130,126,5,0,11660,1182,14146,1186,2486,43,0.0447953283774179,0.0543460304654334,0.0095507020880155
2021-01-17,Mariposa,043,17540.0,764,8,405,2,357,5,1,1,394,6,576,7,182,2,0.0224629418472063,0.0328392246294184,0.010376282782212
2021-01-17,Mendocino,045,87422.0,8299,564,3095,3,5203,561,1,0,7297,563,7738,563,441,1,0.0834686920912356,0.0885131888998192,0.0050444968085836
2021-01-17,Merced,047,269075.0,5856,59,3612,16,2202,42,3,0,3824,54,4631,54,807,3,0.0142116510266654,0.0172108148285793,0.0029991638019139
2021-01-17,Modoc,049,8938.0,672,0,240,0,432,0,0,0,469,0,571,0,102,0,0.0524725889460729,0.063884537927948,0.0114119489818751
2021-01-17,Mono,051,14174.0,1241,1,537,0,701,1,0,0,942,1,1090,1,148,0,0.0664597149710738,0.0769013687032594,0.0104416537321856
2021-01-17,Monterey,053,433212.0,16727,326,9595,298,7114,28,0,0,10618,313,13654,313,3036,13,0.0245099397061946,0.0315180558248617,0.007008116118667
2021-01-17,Napa,055,140530.0,12744,351,6308,172,6434,179,2,0,9065,341,10928,341,1863,9,0.064505799473422,0.0777627552835693,0.0132569558101472
2021-01-17,Nevada,057,99092.0,4405,49,2598,42,1806,7,0,0,3160,46,3780,46,620,3,0.031889557179187,0.0381463690307996,0.0062568118516126
2021-01-17,Orange,059,3164182.0,158179,8292,87864,1518,70163,6772,110,1,104331,8115,131216,8121,26885,168,0.0329725028459172,0.0414691695989674,0.0084966667530502
2021-01-17,Placer,061,380077.0,23222,586,13379,394,9837,192,5,0,15020,445,19108,445,4088,141,0.0395183081322995,0.0502740234215698,0.0107557152892703
2021-01-17,Plumas,063,18699.0,984,3,461,2,521,1,1,0,591,3,788,3,197,0,0.0316059682335953,0.0421412909781271,0.0105353227445317
2021-01-17,Riverside,065,2383286.0,76334,3653,46477,640,29807,3013,16,0,51445,3429,63816,3429,12371,220,0.0215857433811972,0.0267764758404992,0.0051907324593019
2021-01-17,Sacramento,067,1510023.0,65278,1706,42285,979,22970,727,18,0,40892,1526,52970,1527,12078,179,0.0270803822193436,0.035078935883758,0.0079985536644143
2021-01-17,San Benito,069,59416.0,2486,15,1277,6,1204,9,0,0,1624,11,2052,11,428,4,0.0273327049952874,0.0345361518782819,0.0072034468829944
2021-01-17,San Bernardino,071,2135413.0,79070,1208,54802,512,24242,696,11,0,48755,1113,63882,1115,15127,92,0.0228316489597094,0.0299155245378762,0.0070838755781668
2021-01-17,San Diego,073,3302833.0,178158,8732,95755,2527,82081,6203,230,0,117534,7763,147467,7774,29933,902,0.0355858137544344,0.0446486395164393,0.0090628257620049
2021-01-17,San Francisco,075,870044.0,45585,1956,28221,533,17345,1423,15,0,30765,1644,38174,1644,7409,310,0.0353602806294854,0.0438759419063863,0.0085156612769009
2021-01-17,San Joaquin,077,732212.0,28199,1655,18454,149,9744,1506,1,0,16929,1588,21810,1591,4881,58,0.0231203531217734,0.0297864552889054,0.0066661021671319
2021-01-17,San Luis Obispo,079,281455.0,14690,72,9308,57,5373,13,4,0,10430,70,12565,70,2135,0,0.037057433692775,0.0446430157574034,0.0075855820646284
2021-01-17,San Mateo,081,765935.0,45314,1364,26601,330,18675,1034,33,0,29973,1106,37624,1106,7651,257,0.0391325634681794,0.0491216617598099,0.0099890982916304
2021-01-17,Santa Barbara,083,443738.0,20710,136,11787,27,8910,109,2,0,14925,133,17807,133,2882,3,0.0336347123753205,0.0401295358973087,0.0064948235219882
2021-01-17,Santa Clara,085,1922200.0,102617,3250,60940,609,41599,2641,55,0,64471,2748,83491,2748,19020,498,0.033540214337738,0.0434351264176464,0.0098949120799084
2021-01-17,Santa Cruz,087,273765.0,12650,286,6853,42,5793,244,4,0,7919,259,10280,259,2361,27,0.028926268880244,0.0375504538564097,0.0086241849761656
2021-01-17,Shasta,089,179085.0,7723,32,4479,6,3241,26,0,0,5117,28,6419,28,1302,4,0.0285730239830248,0.0358433146271323,0.0072702906441075
2021-01-17,Sierra,091,2930.0,252,0,57,0,195,0,0,0,210,0,231,0,21,0,0.0716723549488054,0.078839590443686,0.0071672354948805
2021-01-17,Siskiyou,093,43540.0,1929,1,968,1,958,0,1,0,1029,0,1479,0,450,1,0.0236334405144694,0.0339687643546164,0.0103353238401469
2021-01-17,Solano,095,438530.0,24863,1072,16230,768,8631,304,1,0,16163,1046,20503,1047,4340,26,0.0368572275556974,0.0467539278954689,0.0098967003397715
2021-01-17,Sonoma,097,501317.0,25684,685,16685,554,8967,131,31,0,16062,600,20848,600,4786,83,0.0320396076733882,0.0415864612610384,0.0095468535876501
2021-01-17,Stanislaus,099,539301.0,21192,234,12234,192,8945,42,1,0,14641,224,17714,224,3073,9,0.0271481046762383,0.0328462213124025,0.0056981166361642
2021-01-17,Sutter,101,95872.0,4042,29,1976,26,2066,3,0,0,2942,14,3488,14,546,15,0.0306867489986648,0.0363818424566088,0.0056950934579439
2021-01-17,Tehama,103,63373.0,1905,4,903,3,1001,1,0,0,1486,2,1693,2,207,2,0.0234484717466428,0.0267148470168683,0.0032663752702254
2021-01-17,Trinity,105,12862.0,292,0,155,0,136,0,0,0,190,0,241,0,51,0,0.014772197169958,0.0187373658839993,0.0039651687140413
2021-01-17,Tulare,107,460477.0,15876,146,7981,125,7889,21,2,0,12385,135,14127,135,1742,11,0.0268960230369812,0.0306790567172736,0.0037830336802923
2021-01-17,Tuolumne,109,53932.0,2792,6,1735,2,1055,4,1,0,1518,6,2135,6,617,0,0.0281465549210116,0.0395868871912779,0.0114403322702662
2021-01-17,Ventura,111,848112.0,38864,288,24984,151,13859,137,6,0,23563,278,31199,278,7636,10,0.027782887165846,0.0367864150017922,0.0090035278359461
2021-01-17,Yolo,113,214977.0,11619,188,6058,118,5560,70,0,0,7588,177,9599,177,2011,11,0.0352967991924717,0.0446512882773506,0.0093544890848788
2021-01-17,Yuba,115,75493.0,1984,15,944,9,1036,6,1,0,1472,9,1726,9,254,6,0.0194984965493489,0.022863046905011,0.0033645503556621
2021-01-16,Alameda,001,1643700.0,73972,3027,45387,1388,28550,1636,20,1,48843,2758,61374,2760,12531,266,0.0297152765103121,0.037338930461763,0.0076236539514509
2021-01-16,Alpine,003,1148.0,154,0,11,0,143,0,0,0,142,0,148,0,6,0,0.1236933797909407,0.1289198606271777,0.0052264808362369
2021-01-16,Amador,005,37829.0,1788,24,982,14,806,10,0,0,1331,16,1538,16,207,8,0.0351846466996219,0.0406566390864151,0.0054719923867932
2021-01-16,Butte,007,227075.0,12895,590,9627,300,3265,290,3,0,8202,546,10547,546,2345,44,0.0361202245953979,0.0464472090718925,0.0103269844764945
2021-01-16,Calaveras,009,45235.0,1607,15,981,1,626,14,0,0,987,13,1280,13,293,2,0.0218193876423123,0.0282966729302531,0.0064772852879407
2021-01-16,Colusa,011,21464.0,424,14,145,1,279,13,0,0,371,13,398,13,27,1,0.0172847558702944,0.0185426761088333,0.0012579202385389
2021-01-16,Contra Costa,013,1133247.0,61986,1821,39996,594,21963,1227,17,0,40438,1726,51199,1726,10761,97,0.0356833064636394,0.0451790298143299,0.0094957233506905
2021-01-16,Del Norte,015,27424.0,931,0,450,0,481,0,0,0,724,0,827,0,103,0,0.0264002333722287,0.0301560676779463,0.0037558343057176
2021-01-16,El Dorado,017,186661.0,9984,236,5248,106,4734,130,2,0,6927,211,8456,211,1529,25,0.0371100551266734,0.0453013752203191,0.0081913200936457
2021-01-16,Fresno,019,978130.0,39669,3121,25927,2279,13734,842,1,0,28564,2648,34059,2650,5495,471,0.0292026622228129,0.034820524879106,0.0056178626562931
2021-01-16,Glenn,021,27897.0,1027,35,664,14,362,21,1,0,793,26,909,26,116,9,0.0284259956267699,0.0325841488332078,0.0041581532064379
2021-01-16,Humboldt,023,135768.0,6781,167,4134,6,2635,160,0,0,4356,164,5559,164,1203,2,0.0320841435389782,0.0409448470920982,0.00886070355312
2021-01-16,Imperial,025,180216.0,4933,97,2349,71,2583,26,0,0,3676,99,4300,99,624,0,0.0203977449283082,0.0238602565809917,0.0034625116526834
2021-01-16,Inyo,027,18085.0,1674,71,1126,70,526,0,0,0,696,0,1174,0,478,70,0.0384849322643074,0.0649156759745645,0.0264307437102571
2021-01-16,Kern,029,883053.0,23448,693,12138,220,11300,473,3,0,18760,658,21104,659,2344,36,0.0212444779645162,0.0238989052752213,0.002654427310705
2021-01-16,Kings,031,150075.0,3992,31,2124,11,1867,20,1,0,3026,31,3549,31,523,0,0.0201632517074795,0.0236481759120439,0.0034849242045643
2021-01-16,Lake,033,64148.0,2404,136,1693,83,711,53,0,0,1733,134,2069,134,336,2,0.027015651306354,0.0322535386917752,0.0052378873854212
2021-01-16,Lassen,035,31185.0,1042,34,357,33,685,1,0,0,952,34,999,34,47,0,0.0305274971941638,0.032034632034632,0.0015071348404681
2021-01-16,Los Angeles,037,10098052.0,460767,18644,270891,5227,189450,13408,218,2,287411,16757,373829,16763,86418,1858,0.0284620241606995,0.037019912355373,0.0085578881946735
2021-01-16,Madera,039,155013.0,5119,383,1958,51,3160,332,1,0,4208,354,4642,354,434,29,0.0271461103262307,0.0299458755072155,0.0027997651809848
2021-01-16,Marin,041,260295.0,15411,1083,8401,870,7004,213,5,0,10517,1007,12960,1007,2443,75,0.0404041568220672,0.0497896617299602,0.0093855049078929
2021-01-16,Mariposa,043,17540.0,756,17,403,2,352,15,0,0,389,17,569,17,180,0,0.0221778791334093,0.0324401368301026,0.0102622576966932
2021-01-16,Mendocino,045,87422.0,7735,786,3092,39,4642,747,1,0,6735,784,7175,784,440,2,0.0770401043215666,0.0820731623618768,0.0050330580403102
2021-01-16,Merced,047,269075.0,5797,227,3596,141,2160,84,3,0,3773,201,4577,202,804,19,0.0140221127938307,0.0170101272879308,0.0029880144941001
2021-01-16,Modoc,049,8938.0,672,1,240,0,432,1,0,0,469,1,571,1,102,0,0.0524725889460729,0.063884537927948,0.0114119489818751
2021-01-16,Mono,051,14174.0,1240,5,537,4,700,1,0,0,941,1,1089,1,148,4,0.0663891632566671,0.0768308169888528,0.0104416537321856
2021-01-16,Monterey,053,433212.0,16401,392,9297,317,7086,75,0,0,10318,387,13341,387,3023,4,0.0238174381134409,0.0307955458297554,0.0069781077163144
2021-01-16,Napa,055,140530.0,12393,396,6136,161,6255,235,2,0,8733,370,10587,370,1854,26,0.0621433145947484,0.0753362271401124,0.0131929125453639
2021-01-16,Nevada,057,99092.0,4356,343,2556,20,1799,323,0,0,3117,337,3734,337,617,7,0.0314556170023816,0.037682153957938,0.0062265369555564
2021-01-16,Orange,059,3164182.0,149887,9154,86346,2167,63391,6986,109,0,96378,8719,123095,8724,26717,423,0.0304590570327496,0.0389026294947635,0.0084435724620138
2021-01-16,Placer,061,380077.0,22636,1492,12985,712,9645,780,5,0,14716,1362,18663,1363,3947,130,0.0387184702047216,0.0491032080341614,0.0103847378294398
2021-01-16,Plumas,063,18699.0,981,58,459,0,520,58,1,0,588,58,785,58,197,0,0.0314455318466228,0.0419808545911546,0.0105353227445317
2021-01-16,Riverside,065,2383286.0,72681,3765,45837,1066,26794,2698,16,1,48236,3479,60387,3481,12151,281,0.0202392830738736,0.0253377060075878,0.0050984229337142
2021-01-16,Sacramento,067,1510023.0,63572,2512,41306,1303,22243,1209,18,0,39544,2289,51443,2289,11899,223,0.0261876805849977,0.0340676930086495,0.0078800124236518
2021-01-16,San Benito,069,59416.0,2471,27,1271,8,1195,19,0,0,1617,22,2041,22,424,5,0.027214891611687,0.0343510165611956,0.0071361249495085
2021-01-16,San Bernardino,071,2135413.0,77862,2295,54290,1253,23546,1041,11,0,47732,2134,62767,2134,15035,158,0.0223525847224869,0.0293933772998478,0.0070407925773609
2021-01-16,San Diego,073,3302833.0,169426,11135,93228,3883,75878,7251,230,0,110662,9361,139693,9378,29031,1690,0.033505175708248,0.042294902588172,0.0087897268799239
2021-01-16,San Francisco,075,870044.0,43629,2277,27688,956,15922,1321,15,0,29431,2107,36530,2108,7099,170,0.033827024840123,0.0419863822979067,0.0081593574577837
2021-01-16,San Joaquin,077,732212.0,26544,1186,18305,197,8238,989,1,0,15396,1130,20219,1131,4823,43,0.0210266971860608,0.0276135873217046,0.0065868901356437
2021-01-16,San Luis Obispo,079,281455.0,14618,130,9251,93,5360,37,4,0,10360,119,12495,119,2135,12,0.0368087260840987,0.0443943081487271,0.0075855820646284
2021-01-16,San Mateo,081,765935.0,43950,3099,26271,789,17641,2309,33,1,29124,2749,36518,2750,7394,346,0.0380241143177945,0.0476776749985312,0.0096535606807366
2021-01-16,Santa Barbara,083,443738.0,20574,1296,11760,228,8801,1068,2,0,14795,1235,17674,1235,2879,60,0.0333417467063898,0.0398298094821719,0.0064880627757821
2021-01-16,Santa Clara,085,1922200.0,99367,4431,60331,1298,38958,3132,55,1,62221,3573,80743,3574,18522,850,0.0323696805743419,0.0420055145146186,0.0096358339402767
2021-01-16,Santa Cruz,087,273765.0,12364,409,6811,47,5549,362,4,0,7687,394,10021,394,2334,15,0.0280788267309553,0.0366043869742297,0.0085255602432743
2021-01-16,Shasta,089,179085.0,7691,878,4473,55,3215,823,0,0,5093,874,6391,874,1298,3,0.0284390094089398,0.0356869642906999,0.00724795488176
2021-01-16,Sierra,091,2930.0,252,0,57,0,195,0,0,0,210,0,231,0,21,0,0.0716723549488054,0.078839590443686,0.0071672354948805
2021-01-16,Siskiyou,093,43540.0,1928,5,967,2,958,3,1,0,1030,5,1479,5,449,0,0.0236564079007808,0.0339687643546164,0.0103123564538355
2021-01-16,Solano,095,438530.0,23791,1309,15462,907,8327,402,1,0,15142,1147,19456,1147,4314,162,0.0345289945955806,0.0443664059471415,0.0098374113515608
2021-01-16,Sonoma,097,501317.0,24999,1132,16131,605,8836,527,31,0,15545,886,20248,886,4703,242,0.031008324074388,0.0403896137573631,0.009381289682975
2021-01-16,Stanislaus,099,539301.0,20958,514,12042,54,8903,459,1,0,14426,488,17490,490,3064,23,0.0267494404794354,0.0324308688468962,0.0056814283674608
2021-01-16,Sutter,101,95872.0,4013,382,1950,43,2063,339,0,0,2943,350,3474,350,531,31,0.0306971795727636,0.0362358144192256,0.0055386348464619
2021-01-16,Tehama,103,63373.0,1901,286,900,22,1000,263,0,0,1486,282,1691,282,205,3,0.0234484717466428,0.0266832878355135,0.0032348160888706
2021-01-16,Trinity,105,12862.0,292,2,155,0,136,2,0,0,190,2,241,2,51,0,0.014772197169958,0.0187373658839993,0.0039651687140413
2021-01-16,Tulare,107,460477.0,15730,1942,7856,128,7868,1814,2,0,12261,1926,13992,1926,1731,15,0.0266267370574426,0.0303858824653565,0.0037591454079139
2021-01-16,Tuolumne,109,53932.0,2786,10,1733,5,1051,5,1,0,1512,8,2129,8,617,2,0.0280353037157902,0.0394756359860565,0.0114403322702662
2021-01-16,Ventura,111,848112.0,38576,529,24833,208,13722,321,6,0,23295,444,30921,444,7626,86,0.0274668911653177,0.0364586281057218,0.008991736940404
2021-01-16,Yolo,113,214977.0,11431,741,5940,99,5490,642,0,0,7422,706,9422,706,2000,35,0.0345246235643813,0.0438279443847481,0.0093033208203668
2021-01-16,Yuba,115,75493.0,1969,179,935,18,1030,161,1,0,1469,168,1717,168,248,11,0.0194587577656206,0.0227438305538261,0.0032850727882055
2021-01-15,Alameda,001,1643700.0,70945,5895,43999,2331,26914,3560,19,2,46349,5091,58614,5096,12265,789,0.0281979679990265,0.0356597919328344,0.0074618239338078
2021-01-15,Alpine,003,1148.0,154,1,11,0,143,1,0,0,142,1,148,1,6,0,0.1236933797909407,0.1289198606271777,0.0052264808362369
2021-01-15,Amador,005,37829.0,1764,67,968,30,796,37,0,0,1323,55,1522,55,199,12,0.0349731687329826,0.0402336831531364,0.0052605144201538
2021-01-15,Butte,007,227075.0,12305,1056,9327,806,2975,250,3,0,7700,949,10001,949,2301,107,0.0339095012661015,0.0440427171639326,0.0101332158978311
2021-01-15,Calaveras,009,45235.0,1592,104,980,34,612,70,0,0,976,79,1267,79,291,22,0.021576213109318,0.0280092848458052,0.0064330717364872
2021-01-15,Colusa,011,21464.0,410,48,144,5,266,43,0,0,359,46,385,46,26,2,0.0167256802087215,0.0179370108087961,0.0012113306000745
2021-01-15,Contra Costa,013,1133247.0,60165,5471,39402,2518,20736,2952,17,0,38809,5120,49473,5123,10664,359,0.0342458440216475,0.0436559726167375,0.00941012859509
2021-01-15,Del Norte,015,27424.0,931,103,450,17,481,86,0,0,724,92,827,92,103,10,0.0264002333722287,0.0301560676779463,0.0037558343057176
2021-01-15,El Dorado,017,186661.0,9748,818,5142,194,4604,624,2,0,6741,746,8245,746,1504,72,0.0361135963056021,0.044170983762007,0.0080573874564049
2021-01-15,Fresno,019,978130.0,36548,3801,23648,2531,12892,1269,1,0,26385,3436,31409,3439,5024,361,0.0269749419811272,0.0321112735525952,0.005136331571468
2021-01-15,Glenn,021,27897.0,992,44,650,36,341,8,1,0,776,39,883,39,107,5,0.0278166111051367,0.0316521489765924,0.0038355378714557
2021-01-15,Humboldt,023,135768.0,6614,368,4128,7,2475,361,0,0,4194,365,5395,365,1201,2,0.0308909315891815,0.0397369041305756,0.0088459725413941
2021-01-15,Imperial,025,180216.0,4836,252,2278,184,2557,68,0,0,3577,242,4201,242,624,9,0.0198484041372575,0.0233109157899409,0.0034625116526834
2021-01-15,Inyo,027,18085.0,1603,159,1056,29,526,128,0,0,766,157,1174,157,408,0,0.0423555432679015,0.0649156759745645,0.0225601327066629
2021-01-15,Kern,029,883053.0,22755,2761,11918,861,10827,1899,3,1,18137,2655,20445,2658,2308,103,0.0205389710470379,0.0231526307028003,0.0026136596557624
2021-01-15,Kings,031,150075.0,3961,425,2113,34,1847,391,1,0,2995,412,3518,412,523,12,0.0199566883225054,0.0234416125270697,0.0034849242045643
2021-01-15,Lake,033,64148.0,2268,229,1610,105,658,124,0,0,1601,199,1935,199,334,29,0.02495790983351,0.0301646193178275,0.0052067094843175
2021-01-15,Lassen,035,31185.0,1008,18,324,1,684,17,0,0,918,18,965,18,47,0,0.0294372294372294,0.0309443642776976,0.0015071348404681
2021-01-15,Los Angeles,037,10098052.0,442123,35428,265664,12929,176042,22488,216,3,272506,31442,357066,31461,84560,3918,0.026985996903165,0.0353598892142761,0.008373892311111
2021-01-15,Madera,039,155013.0,4736,598,1907,164,2828,434,1,0,3883,574,4288,575,405,23,0.0250495119764148,0.0276621960738776,0.0026126840974627
2021-01-15,Marin,041,260295.0,14328,1138,7531,336,6791,802,5,0,9585,1015,11953,1016,2368,122,0.036823603987783,0.0459209742791832,0.0090973702914001
2021-01-15,Mariposa,043,17540.0,739,76,401,26,337,50,0,0,372,64,552,64,180,8,0.0212086659064994,0.0314709236031927,0.0102622576966932
2021-01-15,Mendocino,045,87422.0,6949,1923,3053,905,3895,1018,1,0,5953,1916,6391,1916,438,6,0.0680949875317425,0.0731051680355059,0.0050101805037633
2021-01-15,Merced,047,269075.0,5570,637,3455,136,2076,495,3,0,3590,568,4375,569,785,43,0.0133420050171885,0.0162594072284679,0.0029174022112793
2021-01-15,Modoc,049,8938.0,671,7,240,1,431,6,0,0,468,7,570,7,102,0,0.0523607070933094,0.0637726560751846,0.0114119489818751
2021-01-15,Mono,051,14174.0,1235,71,533,3,699,67,0,0,944,69,1088,69,144,0,0.0666008183998871,0.0767602652744461,0.010159446874559
2021-01-15,Monterey,053,433212.0,16009,1104,8980,52,7011,1050,0,0,9935,1084,12954,1084,3019,15,0.0229333444133588,0.0299022187751031,0.0069688743617443
2021-01-15,Napa,055,140530.0,11997,1478,5975,385,6020,1093,2,0,8389,1339,10217,1340,1828,144,0.0596954386963637,0.072703337365687,0.0130078986693232
2021-01-15,Nevada,057,99092.0,4013,428,2536,178,1476,250,0,0,2787,326,3397,326,610,102,0.0281253784362007,0.034281273967626,0.0061558955314253
2021-01-15,Orange,059,3164182.0,140733,10791,84179,2834,56405,7956,109,0,88077,9814,114371,9818,26294,972,0.0278356301881497,0.0361455188102327,0.008309888622083
2021-01-15,Placer,061,380077.0,21144,1975,12273,754,8865,1221,5,0,13483,1598,17300,1598,3817,372,0.0354743907155655,0.0455170925891332,0.0100427018735677
2021-01-15,Plumas,063,18699.0,923,61,459,8,462,53,1,0,530,59,727,59,197,2,0.0283437616984865,0.0388790844430183,0.0105353227445317
2021-01-15,Riverside,065,2383286.0,68916,6557,44771,2335,24096,4219,15,3,45036,6163,56906,6167,11870,379,0.018896599065324,0.0238771175595375,0.0049805184942134
2021-01-15,Sacramento,067,1510023.0,61060,4594,40003,2263,21034,2329,18,2,37478,3865,49154,3867,11676,720,0.0248194895044645,0.0325518220583395,0.007732332553875
2021-01-15,San Benito,069,59416.0,2444,231,1263,20,1176,209,0,0,1600,215,2019,215,419,14,0.0269287733943718,0.033980745927023,0.0070519725326511
2021-01-15,San Bernardino,071,2135413.0,75567,6099,53037,2992,22505,3107,11,0,45756,5682,60633,5685,14877,409,0.0214272367921334,0.028394038998545,0.0069668022064115
2021-01-15,San Diego,073,3302833.0,158291,15394,89345,5493,68627,9892,230,2,102974,12520,130315,12566,27341,2743,0.0311774770325959,0.0394555219715922,0.0082780449389963
2021-01-15,San Francisco,075,870044.0,41352,2828,26732,1180,14601,1648,15,0,27493,2412,34422,2413,6929,410,0.0315995512870613,0.0395635163279098,0.0079639650408485
2021-01-15,San Joaquin,077,732212.0,25358,1789,18108,613,7249,1176,1,0,14308,1473,19088,1473,4780,232,0.0195407887333176,0.0260689527076857,0.006528163974368
2021-01-15,San Luis Obispo,079,281455.0,14488,759,9158,292,5323,467,4,0,10253,579,12376,579,2123,177,0.0364285587394077,0.0439715052139773,0.0075429464745696
2021-01-15,San Mateo,081,765935.0,40851,4345,25482,1730,15332,2615,32,0,26720,3771,33768,3773,7048,566,0.0348854667824293,0.044087292002585,0.0092018252201557
2021-01-15,Santa Barbara,083,443738.0,19278,1879,11532,494,7733,1384,2,0,13620,1741,16439,1741,2819,135,0.0306937877756694,0.0370466356273296,0.0063528478516602
2021-01-15,Santa Clara,085,1922200.0,94936,9627,59033,2814,35826,6813,54,0,59497,8200,77169,8205,17672,1409,0.0309525543647903,0.0401461866611174,0.0091936322963271
2021-01-15,Santa Cruz,087,273765.0,11955,1412,6764,79,5187,1333,4,0,7308,1352,9627,1353,2319,60,0.0266944277025916,0.035165196427593,0.0084707687250013
2021-01-15,Shasta,089,179085.0,6813,683,4418,145,2392,538,0,0,4222,681,5517,681,1295,2,0.0235753971577742,0.0308066002177736,0.0072312030599994
2021-01-15,Sierra,091,2930.0,252,3,57,1,195,2,0,0,210,3,231,3,21,0,0.0716723549488054,0.078839590443686,0.0071672354948805
2021-01-15,Siskiyou,093,43540.0,1923,58,965,3,955,55,1,0,1025,58,1474,58,449,0,0.0235415709692237,0.0338539274230592,0.0103123564538355
2021-01-15,Solano,095,438530.0,22482,1757,14555,1069,7925,688,1,0,14157,1441,18309,1441,4152,312,0.0322828540806786,0.0417508494287734,0.0094679953480947
2021-01-15,Sonoma,097,501317.0,23867,1584,15526,625,8309,958,31,0,14901,1366,19362,1367,4461,210,0.0297237077537765,0.0386222689436025,0.0088985611898259
2021-01-15,Stanislaus,099,539301.0,20444,2967,11988,1206,8444,1759,1,0,13959,2803,17000,2803,3041,90,0.0258835047589379,0.0315222853286012,0.0056387805696633
2021-01-15,Sutter,101,95872.0,3631,435,1907,120,1724,315,0,0,2624,421,3124,421,500,14,0.0273698264352469,0.0325851134846462,0.0052152870493991
2021-01-15,Tehama,103,63373.0,1615,285,878,77,737,208,0,0,1207,281,1409,281,202,4,0.0190459659476433,0.0222334432644817,0.0031874773168384
2021-01-15,Trinity,105,12862.0,290,8,155,0,134,8,0,0,188,8,239,8,51,0,0.0146167003576426,0.018581869071684,0.0039651687140413
2021-01-15,Tulare,107,460477.0,13788,1716,7728,160,6054,1556,2,0,10350,1704,12066,1704,1716,12,0.0224766926469725,0.0262032631380068,0.0037265704910342
2021-01-15,Tuolumne,109,53932.0,2776,490,1728,77,1046,413,1,0,1506,418,2121,419,615,66,0.0279240525105688,0.0393273010457613,0.0114032485351924
2021-01-15,Ventura,111,848112.0,38047,2985,24625,1014,13401,1970,6,0,22937,2735,30477,2737,7540,247,0.0270447771049106,0.0359351123436527,0.008890335238742
2021-01-15,Yolo,113,214977.0,10690,655,5841,335,4848,320,0,0,6751,565,8716,565,1965,90,0.0314033594291482,0.0405438721351586,0.0091405127060104
2021-01-15,Yuba,115,75493.0,1790,206,917,87,869,119,1,0,1312,194,1549,194,237,9,0.0173790947505066,0.0205184586650417,0.0031393639145351
2021-01-14,Alameda,001,1643700.0,65050,5781,41668,2832,23354,2949,17,0,42042,4862,53518,4865,11476,908,0.0255776601569629,0.0325594694895662,0.0069818093326032
2021-01-14,Alpine,003,1148.0,153,1,11,0,142,1,0,0,141,1,147,1,6,0,0.1228222996515679,0.1280487804878048,0.0052264808362369
2021-01-14,Amador,005,37829.0,1697,159,938,24,759,135,0,0,1280,139,1467,139,187,12,0.0338364746622961,0.0387797721324909,0.0049432974701948
2021-01-14,Butte,007,227075.0,11249,1650,8521,908,2725,742,3,0,6858,1450,9052,1450,2194,199,0.0302014752834966,0.0398634812286689,0.0096620059451723
2021-01-14,Calaveras,009,45235.0,1488,147,946,45,542,102,0,0,919,114,1188,114,269,32,0.0203161268928926,0.0262628495633911,0.0059467226704985
2021-01-14,Colusa,011,21464.0,362,49,139,32,223,17,0,0,315,47,339,47,24,2,0.0146757361162877,0.0157938874394334,0.0011181513231457
2021-01-14,Contra Costa,013,1133247.0,54694,4472,36884,1652,17784,2819,17,0,34045,4035,44350,4035,10305,428,0.0300419943754538,0.0391353341328059,0.0090933397573521
2021-01-14,Del Norte,015,27424.0,828,53,433,12,395,41,0,0,642,47,735,47,93,6,0.0234101516919486,0.026801341890315,0.0033911901983663
2021-01-14,El Dorado,017,186661.0,8930,825,4948,229,3980,596,2,0,6067,725,7499,726,1432,98,0.0325027724055908,0.0401744338667423,0.0076716614611514
2021-01-14,Fresno,019,978130.0,32747,4231,21117,2195,11623,2036,1,0,23307,3743,27970,3743,4663,477,0.0238281210064101,0.028595380982078,0.0047672599756678
2021-01-14,Glenn,021,27897.0,948,133,614,41,333,92,1,0,742,123,844,123,102,10,0.0265978420618704,0.0302541491916693,0.0036563071297989
2021-01-14,Humboldt,023,135768.0,6246,590,4121,196,2114,394,0,0,3831,520,5030,522,1199,68,0.0282172529609333,0.0370484944906016,0.0088312415296682
2021-01-14,Imperial,025,180216.0,4584,307,2094,190,2489,117,0,0,3344,302,3959,302,615,4,0.0185555111643805,0.0219680827451502,0.0034125715807697
2021-01-14,Inyo,027,18085.0,1444,93,1027,12,398,78,0,0,609,81,1017,81,408,9,0.033674315731269,0.0562344484379319,0.0225601327066629
2021-01-14,Kern,029,883053.0,19994,2228,11057,658,8928,1569,2,0,15582,2174,17787,2175,2205,54,0.017645599980975,0.0201426188462074,0.0024970188652323
2021-01-14,Kings,031,150075.0,3536,217,2079,33,1456,184,1,0,2595,203,3106,204,511,19,0.0172913543228385,0.0206963185074129,0.0034049641845743
2021-01-14,Lake,033,64148.0,2039,155,1505,49,534,106,0,0,1431,131,1736,131,305,24,0.0223077882396957,0.0270624181580096,0.0047546299183138
2021-01-14,Lassen,035,31185.0,990,157,323,13,667,144,0,0,900,150,947,150,47,7,0.0288600288600288,0.030367163700497,0.0015071348404681
2021-01-14,Los Angeles,037,10098052.0,406695,30420,252735,13164,153554,17252,213,0,244963,24498,325605,24503,80642,5891,0.0242584411330026,0.0322443378188189,0.0079858966858162
2021-01-14,Madera,039,155013.0,4138,565,1743,102,2394,463,1,0,3331,523,3713,523,382,38,0.0214885203176507,0.023952829762665,0.0024643094450142
2021-01-14,Marin,041,260295.0,13190,1059,7195,307,5989,752,5,0,8691,903,10937,903,2246,154,0.0333890393591886,0.042017710674427,0.0086286713152384
2021-01-14,Mariposa,043,17540.0,663,87,375,9,287,78,0,0,316,75,488,75,172,8,0.0180159635119726,0.0278221208665906,0.009806157354618
2021-01-14,Mendocino,045,87422.0,5026,769,2148,31,2877,738,1,0,4043,749,4475,749,432,19,0.0462469401294868,0.0511884880236096,0.0049415478941227
2021-01-14,Merced,047,269075.0,4933,407,3319,276,1581,129,3,0,3064,167,3806,167,742,182,0.0113871597138344,0.0141447551797825,0.0027575954659481
2021-01-14,Modoc,049,8938.0,664,128,239,6,425,122,0,0,461,123,563,123,102,5,0.051577534123965,0.0629894831058402,0.0114119489818751
2021-01-14,Mono,051,14174.0,1164,77,530,72,632,5,0,0,875,76,1019,76,144,1,0.0617327501058275,0.0718921969803866,0.010159446874559
2021-01-14,Monterey,053,433212.0,14905,1241,8928,251,5961,986,0,0,8866,1216,11870,1220,3004,20,0.0204657304045132,0.0273999796866199,0.0069342492821066
2021-01-14,Napa,055,140530.0,10519,1057,5590,166,4927,891,2,0,7193,942,8877,942,1684,112,0.0511848003984914,0.0631680068312815,0.0119832064327901
2021-01-14,Nevada,057,99092.0,3585,257,2358,128,1226,129,0,0,2563,234,3071,234,508,21,0.0258648528640051,0.03099140192952,0.0051265490655148
2021-01-14,Orange,059,3164182.0,129942,10609,81345,4057,48449,6549,109,2,79231,8913,104553,8917,25322,1684,0.0250399629351282,0.0330426631590723,0.0080027002239441
2021-01-14,Placer,061,380077.0,19169,1861,11519,728,7644,1133,5,0,12257,1462,15702,1462,3445,393,0.0322487285471101,0.0413126813777208,0.0090639528306106
2021-01-14,Plumas,063,18699.0,862,100,451,17,409,82,1,0,473,93,668,93,195,6,0.0252954703460078,0.0357238354992245,0.0104283651532167
2021-01-14,Riverside,065,2383286.0,62359,5979,42436,2193,19877,3784,12,2,39248,5307,50739,5308,11491,660,0.0164680193648601,0.0212895137218109,0.0048214943569508
2021-01-14,Sacramento,067,1510023.0,56466,4808,37740,2433,18705,2375,16,0,34331,3873,45287,3873,10956,924,0.0227354152883764,0.0299909339129271,0.0072555186245507
2021-01-14,San Benito,069,59416.0,2213,144,1243,24,967,120,0,0,1399,126,1804,126,405,18,0.0235458462367039,0.0303621920021543,0.0068163457654503
2021-01-14,San Bernardino,071,2135413.0,69468,4996,50045,2932,19398,2064,11,0,40480,4369,54948,4369,14468,618,0.0189565203546105,0.0257317905248305,0.0067752701702199
2021-01-14,San Diego,073,3302833.0,142897,12596,83852,4788,58735,7799,228,1,93151,10300,117749,10319,24598,2078,0.0282033635972512,0.0356509093859725,0.0074475457887213
2021-01-14,San Francisco,075,870044.0,38524,2544,25552,1136,12953,1407,15,0,25490,1980,32009,1981,6519,561,0.0292973688687008,0.0367900933745879,0.007492724505887
2021-01-14,San Joaquin,077,732212.0,23569,2074,17495,1047,6073,1027,1,0,13067,1634,17615,1635,4548,350,0.0178459244044074,0.0240572402528229,0.0062113158484154
2021-01-14,San Luis Obispo,079,281455.0,13729,754,8866,246,4856,506,4,1,9851,630,11797,631,1946,120,0.0350002664724378,0.0419143379936401,0.0069140715212023
2021-01-14,San Mateo,081,765935.0,36506,3845,23752,1679,12717,2166,32,0,23513,3117,29995,3122,6482,723,0.0306984274122477,0.0391612865321469,0.0084628591198992
2021-01-14,Santa Barbara,083,443738.0,17399,1471,11038,346,6349,1123,2,0,12014,1363,14698,1364,2684,104,0.0270745349733401,0.033123149245726,0.0060486142723859
2021-01-14,Santa Clara,085,1922200.0,85309,8358,56219,2931,29013,5426,54,0,52701,6540,68964,6542,16263,1803,0.0274170221621059,0.0358776402039329,0.008460618041827
2021-01-14,Santa Cruz,087,273765.0,10543,514,6685,103,3854,411,4,0,6015,444,8274,444,2259,66,0.0219713988274615,0.0302230014793709,0.0082516026519094
2021-01-14,Shasta,089,179085.0,6130,491,4273,56,1854,435,0,0,3543,470,4836,470,1293,21,0.019783901499288,0.0270039366781137,0.0072200351788256
2021-01-14,Sierra,091,2930.0,249,31,56,2,193,29,0,0,207,31,228,31,21,0,0.0706484641638225,0.077815699658703,0.0071672354948805
2021-01-14,Siskiyou,093,43540.0,1865,38,962,1,900,37,1,0,967,37,1416,37,449,1,0.0222094625631603,0.0325218190169958,0.0103123564538355
2021-01-14,Solano,095,438530.0,20725,2001,13486,854,7237,1147,1,0,13028,1680,16868,1680,3840,319,0.0297083437849177,0.0384648712744852,0.0087565274895674
2021-01-14,Sonoma,097,501317.0,22283,1574,14901,811,7351,763,31,0,13744,1345,17995,1345,4251,230,0.0274157868175226,0.0358954513810622,0.0084796645635396
2021-01-14,Stanislaus,099,539301.0,17477,2348,10782,312,6685,2034,1,0,11246,2170,14197,2171,2951,117,0.0208529188709088,0.0263248167535383,0.0054718978826295
2021-01-14,Sutter,101,95872.0,3196,151,1787,53,1409,98,0,0,2217,131,2703,131,486,19,0.023124582777036,0.028193841789052,0.005069259012016
2021-01-14,Tehama,103,63373.0,1330,250,801,56,529,194,0,0,930,248,1128,248,198,2,0.0146750193299985,0.0177993782841273,0.0031243589541287
2021-01-14,Trinity,105,12862.0,282,4,155,1,126,3,0,0,180,4,231,4,51,0,0.0139947131083812,0.0179598818224226,0.0039651687140413
2021-01-14,Tulare,107,460477.0,12072,512,7568,157,4498,355,2,0,8658,485,10362,485,1704,19,0.0188022420229457,0.0225027525804763,0.0037005105575305
2021-01-14,Tuolumne,109,53932.0,2286,156,1651,113,633,43,1,0,1153,46,1702,46,549,105,0.0213787732700437,0.0315582585478009,0.0101794852777571
2021-01-14,Ventura,111,848112.0,35062,2765,23611,1094,11431,1669,6,0,20447,2291,27740,2294,7293,470,0.0241088441149282,0.0327079442337804,0.0085991001188522
2021-01-14,Yolo,113,214977.0,10035,411,5506,191,4528,220,0,0,6276,303,8151,303,1875,108,0.0291938207343111,0.037915684003405,0.0087218632690939
2021-01-14,Yuba,115,75493.0,1584,115,830,43,750,72,1,0,1127,105,1355,105,228,10,0.0149285364205952,0.0179486839839455,0.0030201475633502
2021-01-13,Alameda,001,1643700.0,59269,5186,38836,2779,20405,2405,17,0,38085,3917,48653,3920,10568,1257,0.0231702865486402,0.029599683640567,0.0064293970919267
2021-01-13,Alpine,003,1148.0,152,36,11,1,141,35,0,0,140,35,146,35,6,1,0.1219512195121951,0.127177700348432,0.0052264808362369
2021-01-13,Amador,005,37829.0,1538,43,914,26,624,17,0,0,1153,28,1328,28,175,14,0.0304792619418964,0.0351053424621322,0.0046260805202357
2021-01-13,Butte,007,227075.0,9599,1562,7613,1066,1983,496,3,0,5607,728,7602,728,1995,831,0.0246922822855884,0.033477925795442,0.0087856435098535
2021-01-13,Calaveras,009,45235.0,1341,109,901,45,440,64,0,0,837,72,1074,72,237,36,0.0185033712832983,0.0237426771305405,0.0052393058472421
2021-01-13,Colusa,011,21464.0,313,20,107,12,206,8,0,0,270,13,292,13,22,7,0.0125792023853894,0.0136041744316064,0.0010249720462169
2021-01-13,Contra Costa,013,1133247.0,50222,4913,35232,3040,14965,1871,17,0,30438,3862,40315,3864,9877,1043,0.0268591048553404,0.0355747687838573,0.0087156639285169
2021-01-13,Del Norte,015,27424.0,775,92,421,46,354,46,0,0,601,55,688,55,87,37,0.0219151108518086,0.0250875145857642,0.0031724037339556
2021-01-13,El Dorado,017,186661.0,8105,783,4719,371,3384,412,2,0,5439,552,6773,552,1334,230,0.0291383845581026,0.0362850300812703,0.0071466455231676
2021-01-13,Fresno,019,978130.0,28516,3638,18922,2425,9587,1212,1,0,20041,2774,24227,2775,4186,858,0.0204890965413595,0.0247686912782554,0.0042795947368959
2021-01-13,Glenn,021,27897.0,815,197,573,134,241,63,1,0,629,156,721,156,92,41,0.0225472273004265,0.0258450729469118,0.0032978456464852
2021-01-13,Humboldt,023,135768.0,5656,539,3925,294,1720,244,0,0,3377,339,4508,339,1131,197,0.0248733132991573,0.0332037004301455,0.0083303871309881
2021-01-13,Imperial,025,180216.0,4277,392,1904,135,2372,257,0,0,3046,289,3657,289,611,103,0.016901939894349,0.0202923158876015,0.0033903759932525
2021-01-13,Inyo,027,18085.0,1351,89,1015,67,320,22,0,0,537,26,936,27,399,63,0.0296931158418578,0.0517555985623444,0.0220624827204865
2021-01-13,Kern,029,883053.0,17766,1879,10399,877,7359,1002,2,0,13461,1457,15612,1457,2151,418,0.015243705643942,0.0176795730267605,0.0024358673828184
2021-01-13,Kings,031,150075.0,3319,409,2046,266,1272,143,1,0,2410,321,2902,321,492,87,0.0160586373479926,0.0193369981675828,0.0032783608195902
2021-01-13,Lake,033,64148.0,1884,192,1456,128,428,64,0,0,1324,120,1605,120,281,72,0.0206397705306478,0.0250202656357174,0.0043804951050695
2021-01-13,Lassen,035,31185.0,833,158,310,14,523,144,0,0,757,146,797,146,40,12,0.0242744909411576,0.0255571588904922,0.0012826679493346
2021-01-13,Los Angeles,037,10098052.0,376275,30541,239571,16376,136302,14155,213,2,226351,21097,301102,21105,74751,9374,0.0224153133693508,0.029817830211213,0.0074025168418621
2021-01-13,Madera,039,155013.0,3573,194,1641,99,1931,95,1,0,2846,139,3190,139,344,53,0.018359750472541,0.0205789191874229,0.0022191687148819
2021-01-13,Marin,041,260295.0,12131,1172,6888,520,5237,652,5,0,7942,953,10034,953,2092,219,0.0305115349891469,0.0385485698918534,0.0080370349027065
2021-01-13,Mariposa,043,17540.0,576,29,366,8,209,21,0,0,249,23,413,23,164,7,0.0141961231470923,0.0235461801596351,0.0093500570125427
2021-01-13,Mendocino,045,87422.0,4257,516,2117,171,2139,345,1,0,3313,452,3726,452,413,62,0.0378966392898812,0.0426208505868088,0.0047242112969275
2021-01-13,Merced,047,269075.0,4526,421,3043,177,1452,242,3,0,3079,246,3639,247,560,152,0.0114429062529034,0.0135241103781473,0.0020812041252438
2021-01-13,Modoc,049,8938.0,536,23,233,3,303,20,0,0,343,22,440,22,97,1,0.0383754754978742,0.0492280152159319,0.0108525397180577
2021-01-13,Mono,051,14174.0,1087,233,458,76,627,157,0,0,800,175,943,175,143,58,0.056441371525328,0.0665302666854804,0.0100888951601523
2021-01-13,Monterey,053,433212.0,13664,1244,8677,582,4975,662,0,0,7666,1195,10650,1195,2984,48,0.0176957240334986,0.024583806542755,0.0068880825092564
2021-01-13,Napa,055,140530.0,9462,1312,5424,285,4036,1027,2,0,6363,1135,7935,1136,1572,176,0.0452785882018074,0.0564648117839607,0.0111862235821532
2021-01-13,Nevada,057,99092.0,3328,277,2230,157,1097,120,0,0,2350,133,2837,133,487,143,0.0237153352440156,0.0286299600371372,0.0049146247931215
2021-01-13,Orange,059,3164182.0,119333,10712,77288,5096,41900,5616,107,0,71998,7364,95636,7368,23638,3327,0.0227540640835451,0.0302245572473391,0.0074704931637939
2021-01-13,Placer,061,380077.0,17308,1668,10791,843,6511,825,5,0,11188,1235,14240,1237,3052,432,0.0294361405715157,0.0374660923970669,0.0080299518255511
2021-01-13,Plumas,063,18699.0,762,55,434,52,327,3,1,0,386,7,575,7,189,48,0.0206428151238034,0.030750307503075,0.0101074923792716
2021-01-13,Riverside,065,2383286.0,56380,4879,40243,3216,16093,1662,10,0,34600,3079,45431,3079,10831,1781,0.0145177708424419,0.0190623366226294,0.0045445657801875
2021-01-13,Sacramento,067,1510023.0,51658,3972,35307,2297,16330,1675,16,0,31382,2495,41414,2496,10032,1462,0.0207824649028524,0.0274260723181037,0.0066436074152512
2021-01-13,San Benito,069,59416.0,2069,248,1219,75,847,172,0,0,1291,193,1678,193,387,54,0.0217281540325838,0.0282415510973475,0.0065133970647637
2021-01-13,San Bernardino,071,2135413.0,64472,4718,47113,2922,17334,1795,11,1,36729,3424,50579,3425,13850,1285,0.0171999514847947,0.0236858162800357,0.006485864795241
2021-01-13,San Diego,073,3302833.0,130301,12119,79064,5366,50936,6747,227,1,84910,9273,107430,9284,22520,2772,0.0257082329018754,0.0325266218425212,0.0068183889406458
2021-01-13,San Francisco,075,870044.0,35980,2902,24416,1640,11546,1261,15,0,24070,2044,30028,2044,5958,852,0.0276652675037124,0.0345131970337132,0.0068479295300007
2021-01-13,San Joaquin,077,732212.0,21495,1759,16448,1020,5046,739,1,0,11782,1055,15980,1055,4198,605,0.0160909681895407,0.0218242803996656,0.0057333122101249
2021-01-13,San Luis Obispo,079,281455.0,12975,920,8620,271,4350,649,3,0,9340,677,11166,677,1826,242,0.0331847009291005,0.0396724165497148,0.0064877156206143
2021-01-13,San Mateo,081,765935.0,32661,3422,22073,1680,10551,1742,32,0,21114,2362,26873,2363,5759,1055,0.027566307845966,0.0350852226363855,0.0075189147904195
2021-01-13,Santa Barbara,083,443738.0,15928,1303,10692,359,5226,944,2,0,10754,1117,13334,1117,2580,184,0.0242350215667803,0.0300492633040217,0.0058142417372413
2021-01-13,Santa Clara,085,1922200.0,76951,7547,53288,3225,23587,4321,54,0,47962,5235,62422,5235,14460,2299,0.0249516179377796,0.0324742482572052,0.0075226303194256
2021-01-13,Santa Cruz,087,273765.0,10029,508,6582,239,3443,269,4,0,5637,425,7830,425,2193,82,0.0205906525669826,0.028601172538491,0.0080105199715084
2021-01-13,Shasta,089,179085.0,5639,603,4217,261,1419,342,0,0,3094,440,4366,440,1272,162,0.0172767121757824,0.0243794846022838,0.0071027724265013
2021-01-13,Sierra,091,2930.0,218,3,54,3,164,0,0,0,176,0,197,0,21,3,0.0600682593856655,0.067235494880546,0.0071672354948805
2021-01-13,Siskiyou,093,43540.0,1827,158,961,138,863,20,1,0,931,21,1379,21,448,137,0.0213826366559485,0.0316720257234726,0.0102893890675241
2021-01-13,Solano,095,438530.0,18724,1523,12632,1013,6090,510,1,0,11667,1260,15188,1260,3521,261,0.0266047932866622,0.0346338904977994,0.0080290972111372
2021-01-13,Sonoma,097,501317.0,20709,2028,14090,1321,6588,707,31,0,12629,1169,16650,1169,4021,852,0.025191645206526,0.0332125182269901,0.008020873020464
2021-01-13,Stanislaus,099,539301.0,15129,1514,10470,713,4651,801,1,0,9192,1148,12026,1149,2834,324,0.0170442851023825,0.0222992354918681,0.0052549503894856
2021-01-13,Sutter,101,95872.0,3045,171,1734,105,1311,66,0,0,2105,76,2572,76,467,94,0.0219563584779706,0.0268274365821094,0.0048710781041388
2021-01-13,Tehama,103,63373.0,1080,95,745,67,335,28,0,0,684,42,880,42,196,52,0.0107932400233537,0.0138860397961276,0.0030927997727738
2021-01-13,Trinity,105,12862.0,278,8,154,4,123,4,0,0,176,5,227,5,51,3,0.0136837194837505,0.0176488881977919,0.0039651687140413
2021-01-13,Tulare,107,460477.0,11560,440,7411,182,4143,258,2,0,8192,335,9877,335,1685,102,0.0177902479385506,0.0214494969347003,0.0036592489961496
2021-01-13,Tuolumne,109,53932.0,2130,248,1538,140,590,108,1,0,1212,183,1656,183,444,51,0.0224727434547207,0.0307053326411036,0.0082325891863828
2021-01-13,Ventura,111,848112.0,32297,2947,22517,1469,9762,1478,6,0,18623,2013,25446,2014,6823,931,0.0219581847680495,0.0300031127964231,0.0080449280283736
2021-01-13,Yolo,113,214977.0,9624,780,5315,329,4308,451,0,0,6081,515,7848,515,1767,264,0.0282867469543253,0.0365062308991194,0.008219483944794
2021-01-13,Yuba,115,75493.0,1469,126,787,77,678,49,1,0,1032,59,1250,59,218,67,0.0136701416025326,0.0165578265534552,0.0028876849509226
2021-01-12,Alameda,001,1643700.0,54083,4940,36057,3304,18000,1635,17,1,35422,3515,44733,3517,9311,1421,0.0215501612216341,0.0272148202226683,0.0056646590010342
2021-01-12,Alpine,003,1148.0,116,0,10,0,106,0,0,0,106,0,111,0,5,0,0.0923344947735191,0.0966898954703832,0.0043554006968641
2021-01-12,Amador,005,37829.0,1495,80,888,62,607,18,0,0,1139,36,1300,36,161,42,0.0301091755002775,0.0343651695788944,0.0042559940786169
2021-01-12,Butte,007,227075.0,8037,698,6547,648,1487,50,3,0,5710,272,6874,273,1164,425,0.0251458769129142,0.0302719365848288,0.0051260596719145
2021-01-12,Calaveras,009,45235.0,1232,93,856,60,376,33,0,0,801,39,1002,39,201,47,0.0177075273571349,0.0221509892782137,0.0044434619210788
2021-01-12,Colusa,011,21464.0,293,11,95,9,198,2,0,0,264,6,279,6,15,5,0.012299664554603,0.0129985091315691,0.000698844576966
2021-01-12,Contra Costa,013,1133247.0,45309,4094,32192,3035,13094,1058,17,1,27617,2664,36451,2665,8834,1424,0.0243697975816393,0.0321650972824106,0.0077952997007713
2021-01-12,Del Norte,015,27424.0,683,51,375,33,308,18,0,0,583,29,633,29,50,21,0.0212587514585764,0.0230819719953325,0.0018232205367561
2021-01-12,El Dorado,017,186661.0,7322,893,4348,505,2972,388,2,0,5117,572,6221,572,1104,321,0.0274133321904414,0.033327797450994,0.0059144652605525
2021-01-12,Fresno,019,978130.0,24878,2682,16497,1921,8375,761,1,0,18124,1671,21452,1671,3328,939,0.0185292343553515,0.0219316450778526,0.003402410722501
2021-01-12,Glenn,021,27897.0,618,45,439,37,178,8,1,0,514,16,565,16,51,28,0.0184249202423199,0.0202530738072194,0.0018281535648994
2021-01-12,Humboldt,023,135768.0,5117,574,3631,390,1476,184,0,0,3235,318,4169,318,934,256,0.0238274114666195,0.0307067939426079,0.0068793824759884
2021-01-12,Imperial,025,180216.0,3885,586,1769,474,2115,112,0,0,2860,323,3368,323,508,262,0.0158698450747991,0.0186886846894837,0.0028188396146846
2021-01-12,Inyo,027,18085.0,1262,137,948,113,298,24,0,0,573,30,909,30,336,106,0.0316837157865634,0.0502626486038153,0.0185789328172518
2021-01-12,Kern,029,883053.0,15887,1922,9522,846,6357,1076,2,0,12422,1381,14155,1382,1733,538,0.0140671058249051,0.016029615436446,0.0019625096115408
2021-01-12,Kings,031,150075.0,2910,348,1780,248,1129,100,1,0,2176,220,2581,221,405,124,0.0144994169581875,0.0171980676328502,0.0026986506746626
2021-01-12,Lake,033,64148.0,1692,108,1328,74,364,34,0,0,1276,63,1485,63,209,45,0.0198915009041591,0.0231495915694955,0.0032580906653364
2021-01-12,Lassen,035,31185.0,675,48,296,26,379,22,0,0,623,31,651,31,28,16,0.0199775533108866,0.0208754208754208,0.0008978675645342
2021-01-12,Los Angeles,037,10098052.0,345734,30596,223195,16878,122147,13714,211,0,214620,19785,279997,19799,65377,10755,0.0212536041604856,0.0277278231484646,0.006474218987979
2021-01-12,Madera,039,155013.0,3379,409,1542,178,1836,231,1,0,2760,282,3051,282,291,108,0.0178049582938205,0.0196822202008863,0.0018772619070658
2021-01-12,Marin,041,260295.0,10959,936,6368,533,4585,403,5,0,7208,574,9081,575,1873,358,0.0276916575424038,0.0348873393649513,0.0071956818225474
2021-01-12,Mariposa,043,17540.0,547,27,358,4,188,23,0,0,233,23,390,23,157,4,0.0132839224629418,0.0222348916761687,0.0089509692132269
2021-01-12,Mendocino,045,87422.0,3741,410,1946,398,1794,12,1,0,2923,283,3274,283,351,125,0.0334355196632426,0.0374505273272174,0.0040150076639747
2021-01-12,Merced,047,269075.0,4105,340,2866,181,1210,156,3,0,2984,267,3392,267,408,56,0.0110898448387995,0.0126061507014772,0.0015163058626776
2021-01-12,Modoc,049,8938.0,513,94,230,25,283,69,0,0,322,68,418,68,96,26,0.0360259565898411,0.0467666144551353,0.0107406578652942
2021-01-12,Mono,051,14174.0,854,278,382,79,470,199,0,0,683,212,768,212,85,65,0.0481868209397488,0.0541837166643149,0.0059968957245661
2021-01-12,Monterey,053,433212.0,12420,546,8095,442,4313,101,0,0,6519,267,9455,268,2936,274,0.0150480596105371,0.0218253418649529,0.0067772822544158
2021-01-12,Napa,055,140530.0,8150,1319,5139,386,3009,933,2,0,5403,988,6799,988,1396,330,0.0384473066249199,0.0483811285846438,0.0099338219597239
2021-01-12,Nevada,057,99092.0,3051,607,2073,459,977,147,0,0,2360,539,2704,539,344,66,0.0238162515642029,0.0272877729786461,0.0034715214144431
2021-01-12,Orange,059,3164182.0,108621,9430,72192,5045,36284,4382,107,1,67957,5781,88268,5783,20311,3635,0.0214769567616527,0.0278959933404589,0.0064190365788061
2021-01-12,Placer,061,380077.0,15640,1673,9948,899,5686,774,5,0,10383,1062,13003,1063,2620,608,0.0273181486909231,0.0342114887246531,0.00689334003373
2021-01-12,Plumas,063,18699.0,707,156,382,88,324,68,1,0,427,69,568,69,141,87,0.0228354457457618,0.0303759559334723,0.0075405101877105
2021-01-12,Riverside,065,2383286.0,51501,3964,37027,3133,14431,830,10,0,33302,1992,42352,1993,9050,1966,0.0139731446414739,0.0177704228531531,0.0037972782116791
2021-01-12,Sacramento,067,1510023.0,47686,4827,33010,3398,14655,1428,16,0,30348,2699,38918,2699,8570,2102,0.0200977071210173,0.025773117363113,0.0056754102420956
2021-01-12,San Benito,069,59416.0,1821,167,1144,58,675,109,0,0,1152,124,1485,124,333,43,0.0193887168439477,0.0249932678066514,0.0056045509627036
2021-01-12,San Bernardino,071,2135413.0,59754,4347,44191,3257,15539,1090,10,0,34589,2564,47154,2565,12565,1781,0.0161978034225697,0.0220819110869887,0.005884107664419
2021-01-12,San Diego,073,3302833.0,118182,11791,73698,5567,44189,6221,226,0,78398,8206,98146,8226,19748,3490,0.023736592192218,0.0297157016415907,0.0059791094493727
2021-01-12,San Francisco,075,870044.0,33078,3162,22776,2098,10285,1064,15,0,22878,1943,27984,1944,5106,1217,0.0262952218508489,0.0321638905618566,0.0058686687110077
2021-01-12,San Joaquin,077,732212.0,19736,1896,15428,1357,4307,539,1,0,11332,933,14925,934,3593,822,0.0154763920831671,0.0203834408613898,0.0049070487782227
2021-01-12,San Luis Obispo,079,281455.0,12055,632,8349,399,3701,233,3,0,8905,328,10489,346,1584,304,0.031639160789469,0.0372670586772308,0.0056278978877618
2021-01-12,San Mateo,081,765935.0,29239,3441,20393,1967,8809,1474,32,0,19806,2189,24510,2193,4704,1246,0.0258585911337123,0.0320001044475053,0.0061415133137929
2021-01-12,Santa Barbara,083,443738.0,14625,1565,10333,774,4282,791,2,0,9821,1279,12217,1279,2396,285,0.0221324294966849,0.0275320121332858,0.0053995826366008
2021-01-12,Santa Clara,085,1922200.0,69404,6951,50063,3564,19266,3384,54,0,45026,4535,57187,4540,12161,2399,0.0234242014358547,0.0297508063677036,0.0063266049318489
2021-01-12,Santa Cruz,087,273765.0,9521,716,6343,501,3174,215,4,0,5294,485,7405,486,2111,230,0.019337753182474,0.0270487461874235,0.0077109930049495
2021-01-12,Shasta,089,179085.0,5036,492,3956,332,1077,157,0,0,2816,311,3926,313,1110,178,0.0157243766926319,0.02192255074406,0.006198174051428
2021-01-12,Sierra,091,2930.0,215,36,51,12,164,24,0,0,179,24,197,24,18,12,0.0610921501706484,0.067235494880546,0.0061433447098976
2021-01-12,Siskiyou,093,43540.0,1669,244,823,194,843,50,1,0,1047,90,1358,91,311,154,0.0240468534680753,0.0311897106109324,0.0071428571428571
2021-01-12,Solano,095,438530.0,17201,1615,11619,1203,5580,412,1,0,10668,1042,13928,1043,3260,570,0.0243267279319544,0.0317606549152851,0.0074339269833306
2021-01-12,Sonoma,097,501317.0,18681,1536,12769,1266,5881,270,31,0,12312,409,15481,409,3169,1121,0.0245593107754175,0.0308806603406626,0.0063213495652451
2021-01-12,Stanislaus,099,539301.0,13615,1548,9757,924,3850,624,1,0,8367,854,10877,854,2510,653,0.0155145271379062,0.0201686998540703,0.004654172716164
2021-01-12,Sutter,101,95872.0,2874,203,1629,162,1245,41,0,0,2123,61,2496,61,373,142,0.0221441088117489,0.0260347129506008,0.0038906041388518
2021-01-12,Tehama,103,63373.0,985,151,678,132,307,19,0,0,694,94,838,94,144,58,0.0109510359301279,0.0132232969876761,0.0022722610575481
2021-01-12,Trinity,105,12862.0,270,9,150,5,119,4,0,0,174,5,222,5,48,4,0.0135282226714352,0.0172601461670035,0.0037319234955683
2021-01-12,Tulare,107,460477.0,11120,1470,7229,521,3885,949,2,0,7959,1047,9542,1047,1583,421,0.0172842508963531,0.020721990457721,0.0034377395613678
2021-01-12,Tuolumne,109,53932.0,1882,104,1398,87,482,17,1,0,1080,18,1473,18,393,84,0.0200252169398501,0.0273121708818512,0.007286953942001
2021-01-12,Ventura,111,848112.0,29350,3075,21048,1644,8284,1429,6,0,17540,1935,23432,1935,5892,1132,0.0206812307808402,0.0276284264342445,0.0069471956534042
2021-01-12,Yolo,113,214977.0,8844,583,4986,446,3857,137,0,0,5830,203,7333,203,1503,378,0.0271191801913693,0.0341106257878749,0.0069914455965056
2021-01-12,Yuba,115,75493.0,1343,105,710,76,629,28,1,0,1040,43,1191,43,151,61,0.0137761116924747,0.0157762971401322,0.0020001854476573
2021-01-11,Alameda,001,1643700.0,49143,4832,32753,3650,16365,1182,16,0,33326,2928,41216,2931,7890,1888,0.0202749893532883,0.0250751353653343,0.0048001460120459
2021-01-11,Alpine,003,1148.0,116,32,10,1,106,31,0,0,106,31,111,31,5,1,0.0923344947735191,0.0966898954703832,0.0043554006968641
2021-01-11,Amador,005,37829.0,1415,124,826,43,589,81,0,0,1145,87,1264,87,119,34,0.030267783975257,0.0334135187290174,0.0031457347537603
2021-01-11,Butte,007,227075.0,7339,976,5899,940,1437,36,3,0,5862,344,6601,344,739,630,0.0258152592755697,0.0290696906308488,0.003254431355279
2021-01-11,Calaveras,009,45235.0,1139,74,796,65,343,9,0,0,809,14,963,14,154,58,0.017884381562949,0.0212888250248701,0.003404443461921
2021-01-11,Colusa,011,21464.0,282,12,86,6,196,6,0,0,263,7,273,7,10,5,0.0122530749161386,0.0127189713007827,0.000465896384644
2021-01-11,Contra Costa,013,1133247.0,41215,4009,29157,3276,12036,732,16,0,26376,2279,33786,2280,7410,1722,0.0232747141620494,0.0298134475537989,0.0065387333917495
2021-01-11,Del Norte,015,27424.0,632,40,342,20,290,20,0,0,575,19,604,19,29,21,0.0209670361726954,0.022024504084014,0.0010574679113185
2021-01-11,El Dorado,017,186661.0,6429,668,3843,304,2584,364,2,0,4866,462,5649,462,783,205,0.0260686485125441,0.0302634187109251,0.004194770198381
2021-01-11,Fresno,019,978130.0,22196,2348,14576,1870,7614,478,1,0,17392,1612,19781,1615,2389,728,0.0177808675738398,0.0202232832036641,0.0024424156298242
2021-01-11,Glenn,021,27897.0,573,28,402,27,170,1,1,0,526,12,549,12,23,15,0.0188550740222963,0.0196795354339176,0.0008244614116213
2021-01-11,Humboldt,023,135768.0,4543,301,3241,286,1292,15,0,0,3173,66,3851,66,678,233,0.023370750103117,0.0283645630781922,0.0049938129750751
2021-01-11,Imperial,025,180216.0,3299,403,1295,242,2003,161,0,0,2799,177,3045,177,246,223,0.0155313623651618,0.0168963909974697,0.0013650286323078
2021-01-11,Inyo,027,18085.0,1125,100,835,83,274,16,0,0,649,17,879,17,230,82,0.0358860934476085,0.0486038153165606,0.0127177218689521
2021-01-11,Kern,029,883053.0,13965,1593,8676,992,5281,600,2,1,11578,1032,12773,1033,1195,560,0.0131113308034738,0.0144645904605952,0.0013532596571213
2021-01-11,Kings,031,150075.0,2562,501,1532,340,1029,161,1,0,2079,268,2360,268,281,231,0.0138530734632683,0.0157254705980343,0.0018723971347659
2021-01-11,Lake,033,64148.0,1584,202,1254,158,330,44,0,0,1258,113,1422,113,164,89,0.0196108997942258,0.022167487684729,0.0025565878905032
2021-01-11,Lassen,035,31185.0,627,31,270,7,357,24,0,0,608,30,620,30,12,1,0.0194965528298861,0.0198813532146865,0.0003848003848003
2021-01-11,Los Angeles,037,10098052.0,315138,26985,206317,16898,108433,10075,211,2,205576,15499,260198,15505,54622,11423,0.02035798587688,0.0257671479608146,0.0054091620839346
2021-01-11,Madera,039,155013.0,2970,232,1364,184,1605,48,1,0,2586,188,2769,188,183,41,0.0166824717926883,0.0178630179404308,0.0011805461477424
2021-01-11,Marin,041,260295.0,10023,483,5835,341,4182,142,5,0,6991,254,8506,254,1515,228,0.0268579880520179,0.0326783073051729,0.005820319253155
2021-01-11,Mariposa,043,17540.0,520,30,354,10,165,20,0,0,214,22,367,22,153,8,0.0122006841505131,0.0209236031927023,0.0087229190421892
2021-01-11,Mendocino,045,87422.0,3331,160,1548,93,1782,67,1,0,2765,99,2991,99,226,60,0.0316281942760403,0.034213355905836,0.0025851616297957
2021-01-11,Merced,047,269075.0,3765,278,2685,207,1054,71,3,0,2773,118,3125,118,352,132,0.0103056768558951,0.0116138623060485,0.0013081854501533
2021-01-11,Modoc,049,8938.0,419,84,205,75,214,9,0,0,280,18,350,18,70,66,0.0313269187737748,0.0391586484672186,0.0078317296934437
2021-01-11,Mono,051,14174.0,576,7,303,4,271,2,0,0,536,4,556,4,20,3,0.0378157189219698,0.039226753210103,0.0014110342881332
2021-01-11,Monterey,053,433212.0,11874,1071,7653,967,4212,102,0,0,6525,378,9187,378,2662,688,0.0150619096423921,0.0212067071087596,0.0061447974663675
2021-01-11,Napa,055,140530.0,6831,899,4753,452,2076,447,2,0,4745,506,5811,507,1066,394,0.0337650323774283,0.0413506012950971,0.0075855689176688
2021-01-11,Nevada,057,99092.0,2444,197,1614,133,830,64,0,0,1887,70,2165,70,278,127,0.0190429096193436,0.0218483833205506,0.0028054737012069
2021-01-11,Orange,059,3164182.0,99191,9996,67147,5250,31902,4742,106,2,65809,6084,82485,6086,16676,3899,0.0207981083262593,0.026068348786511,0.0052702404602516
2021-01-11,Placer,061,380077.0,13967,1442,9049,832,4912,610,5,0,9928,833,11940,834,2012,605,0.0261210228453708,0.0314146870239451,0.0052936641785743
2021-01-11,Plumas,063,18699.0,551,56,294,47,256,9,1,0,445,10,499,10,54,46,0.0237980640675972,0.0266859190331033,0.0028878549655061
2021-01-11,Riverside,065,2383286.0,47537,5095,33894,3520,13601,1573,10,0,33275,3034,40359,3035,7084,2049,0.0139618157451518,0.0169341824690784,0.0029723667239265
2021-01-11,Sacramento,067,1510023.0,42859,4442,29612,3012,13227,1430,16,0,29751,2463,36219,2464,6468,1954,0.0197023489046193,0.0239857273697155,0.0042833784650962
2021-01-11,San Benito,069,59416.0,1654,178,1086,115,566,63,0,0,1071,69,1361,69,290,108,0.0180254476908576,0.0229062878685875,0.0048808401777299
2021-01-11,San Bernardino,071,2135413.0,55407,5046,40934,4108,14449,937,10,0,33805,2761,44589,2761,10784,2281,0.0158306613287453,0.0208807382927798,0.0050500769640345
2021-01-11,San Diego,073,3302833.0,106391,10687,68131,6016,37968,4665,226,1,73662,7031,89920,7046,16258,3586,0.0223026716761035,0.0272251125019036,0.0049224408258001
2021-01-11,San Francisco,075,870044.0,29916,2574,20678,1863,9221,711,15,0,22151,1466,26040,1466,3889,1107,0.0254596319266611,0.0299295208058443,0.0044698888791831
2021-01-11,San Joaquin,077,732212.0,17840,1738,14071,1495,3768,243,1,0,11220,952,13991,952,2771,669,0.0153234309189141,0.0191078540094945,0.0037844230905803
2021-01-11,San Luis Obispo,079,281455.0,11423,570,7950,506,3468,63,3,0,8863,306,10143,306,1280,262,0.0314899362242632,0.036037732497202,0.0045477962729388
2021-01-11,San Mateo,081,765935.0,25798,2659,18426,1570,7335,1089,32,0,18859,1529,22317,1529,3458,1116,0.0246221937892902,0.0291369372074653,0.0045147434181751
2021-01-11,Santa Barbara,083,443738.0,13060,1018,9559,849,3491,169,2,0,8827,639,10938,639,2111,379,0.0198923689203989,0.0246496806674208,0.0047573117470218
2021-01-11,Santa Clara,085,1922200.0,62453,6128,46499,3922,15882,2203,54,1,42885,3397,52647,3404,9762,2702,0.0223103735303298,0.0273889293517844,0.0050785558214545
2021-01-11,Santa Cruz,087,273765.0,8805,714,5842,588,2959,126,4,0,5038,179,6919,179,1881,531,0.0184026446039486,0.0252735009953792,0.0068708563914306
2021-01-11,Shasta,089,179085.0,4544,412,3624,196,920,216,0,0,2681,371,3613,371,932,41,0.0149705447134042,0.0201747773403691,0.0052042326269648
2021-01-11,Sierra,091,2930.0,179,3,39,3,140,0,0,0,167,0,173,0,6,3,0.0569965870307167,0.0590443686006825,0.0020477815699658
2021-01-11,Siskiyou,093,43540.0,1425,160,629,139,793,21,1,0,1110,22,1267,22,157,138,0.0254937988056959,0.0290996784565916,0.0036058796508957
2021-01-11,Solano,095,438530.0,15586,1388,10416,1160,5168,228,1,0,10195,837,12885,837,2690,549,0.0232481244156614,0.0293822543497594,0.006134129934098
2021-01-11,Sonoma,097,501317.0,17145,1354,11503,1205,5611,149,31,0,13024,418,15072,418,2048,929,0.0259795698131122,0.030064809292324,0.0040852394792117
2021-01-11,Stanislaus,099,539301.0,12067,1598,8833,1291,3226,307,1,0,8166,609,10023,609,1857,959,0.0151418224701975,0.0185851685793276,0.0034433461091301
2021-01-11,Sutter,101,95872.0,2671,139,1467,121,1204,18,0,0,2204,27,2435,27,231,112,0.0229889853137516,0.025398447930574,0.0024094626168224
2021-01-11,Tehama,103,63373.0,834,64,546,56,288,8,0,0,658,22,744,22,86,42,0.0103829706657409,0.0117400154639988,0.0013570447982579
2021-01-11,Trinity,105,12862.0,261,42,145,40,115,2,0,0,173,4,217,4,44,38,0.0134504742652775,0.0168714041362152,0.0034209298709376
2021-01-11,Tulare,107,460477.0,9650,1310,6708,774,2936,536,2,0,7333,861,8495,861,1162,447,0.0159247910319082,0.01844826125952,0.0025234702276118
2021-01-11,Tuolumne,109,53932.0,1778,114,1311,85,465,29,1,0,1146,32,1455,32,309,82,0.0212489801972854,0.026978417266187,0.0057294370689015
2021-01-11,Ventura,111,848112.0,26275,2510,19404,1547,6855,963,6,0,16737,1524,21497,1528,4760,979,0.0197344218688097,0.0253468881468485,0.0056124662780387
2021-01-11,Yolo,113,214977.0,8261,579,4540,341,3720,238,0,0,6005,294,7130,294,1125,283,0.0279332207631514,0.0331663387246077,0.0052331179614563
2021-01-11,Yuba,115,75493.0,1238,70,634,46,601,24,1,0,1058,32,1148,32,90,38,0.0140145443948445,0.0152067079066933,0.0011921635118487
2021-01-10,Alameda,001,1643700.0,44311,1086,29103,844,15183,242,16,0,32283,434,38285,434,6002,651,0.0196404453367402,0.023291963253635,0.0036515179168948
2021-01-10,Alpine,003,1148.0,84,0,9,0,75,0,0,0,76,0,80,0,4,0,0.0662020905923344,0.0696864111498257,0.0034843205574912
2021-01-10,Amador,005,37829.0,1291,6,783,4,508,2,0,0,1092,3,1177,3,85,4,0.0288667424462713,0.0311136958418144,0.0022469533955431
2021-01-10,Butte,007,227075.0,6363,19,4959,4,1401,15,3,0,6148,15,6257,15,109,4,0.027074755036882,0.0275547726522074,0.0004800176153253
2021-01-10,Calaveras,009,45235.0,1065,6,731,0,334,6,0,0,853,6,949,6,96,0,0.0188570796949264,0.0209793301646954,0.0021222504697689
2021-01-10,Colusa,011,21464.0,270,1,80,0,190,1,0,0,261,1,266,1,5,0,0.0121598956392098,0.0123928438315318,0.000232948192322
2021-01-10,Contra Costa,013,1133247.0,37206,409,25881,315,11304,94,16,0,25818,171,31506,171,5688,236,0.0227823237123063,0.0278015295871067,0.0050192058748004
2021-01-10,Del Norte,015,27424.0,592,1,322,1,270,0,0,0,577,0,585,0,8,1,0.0210399649941656,0.0213316802800466,0.0002917152858809
2021-01-10,El Dorado,017,186661.0,5761,182,3539,130,2220,52,2,0,4609,106,5187,107,578,76,0.0246918210017089,0.0277883435747156,0.0030965225730066
2021-01-10,Fresno,019,978130.0,19848,523,12706,488,7136,35,1,0,16505,207,18166,207,1661,315,0.0168740351487021,0.0185721734329792,0.0016981382842771
2021-01-10,Glenn,021,27897.0,545,1,375,1,169,0,1,0,529,0,537,0,8,1,0.0189626124672903,0.0192493816539412,0.0002867691866508
2021-01-10,Humboldt,023,135768.0,4242,42,2955,42,1277,0,0,0,3340,0,3785,0,445,42,0.0246007895822285,0.0278784396912379,0.0032776501090094
2021-01-10,Imperial,025,180216.0,2896,8,1053,1,1842,7,0,0,2845,8,2868,8,23,0,0.0157866116216096,0.0159142362498335,0.0001276246282239
2021-01-10,Inyo,027,18085.0,1025,53,752,53,258,0,0,0,714,0,862,0,148,53,0.0394802322366602,0.0476638097871163,0.0081835775504561
2021-01-10,Kern,029,883053.0,12372,194,7684,150,4681,44,1,0,11105,150,11740,150,635,44,0.0125756891149228,0.0132947852507154,0.0007190961357925
2021-01-10,Kings,031,150075.0,2061,15,1192,3,868,12,1,0,2042,12,2092,12,50,3,0.0136065300682991,0.0139396968182575,0.0003331667499583
2021-01-10,Lake,033,64148.0,1382,4,1096,4,286,0,0,0,1234,1,1309,1,75,3,0.0192367649809814,0.0204059362723701,0.0011691712913886
2021-01-10,Lassen,035,31185.0,596,0,263,0,333,0,0,0,579,0,590,0,11,0,0.0185666185666185,0.0189193522526855,0.000352733686067
2021-01-10,Los Angeles,037,10098052.0,288153,4924,189419,3809,98358,1109,209,4,201494,2033,244693,2037,43199,2877,0.0199537494954472,0.0242317033027756,0.0042779538073283
2021-01-10,Madera,039,155013.0,2738,22,1180,19,1557,3,1,0,2439,6,2581,6,142,16,0.015734164231387,0.0166502164334604,0.0009160522020733
2021-01-10,Marin,041,260295.0,9540,138,5494,111,4040,27,5,0,6965,57,8252,57,1287,81,0.026758101384967,0.0317024914039839,0.0049443900190168
2021-01-10,Mariposa,043,17540.0,490,0,344,0,145,0,0,0,200,1,345,1,145,0,0.0114025085518814,0.0196693272519954,0.008266818700114
2021-01-10,Mendocino,045,87422.0,3171,10,1455,9,1715,1,1,0,2726,2,2892,2,166,8,0.0311820823133764,0.0330809178467662,0.0018988355333897
2021-01-10,Merced,047,269075.0,3487,12,2478,8,983,4,3,0,2787,8,3007,8,220,4,0.0103577069590262,0.0111753228653721,0.0008176159063458
2021-01-10,Modoc,049,8938.0,335,2,130,2,205,0,0,0,328,1,332,1,4,1,0.036697247706422,0.0371447751174759,0.0004475274110539
2021-01-10,Mono,051,14174.0,569,5,299,5,269,0,0,0,535,0,552,0,17,5,0.0377451672075631,0.0389445463524763,0.0011993791449132
2021-01-10,Monterey,053,433212.0,10803,260,6686,252,4110,7,0,0,6835,14,8809,14,1974,245,0.0157774946215709,0.02033415510189,0.0045566604803191
2021-01-10,Napa,055,140530.0,5932,203,4301,119,1629,84,2,0,4632,112,5304,112,672,91,0.0329609336084821,0.0377428307123034,0.0047818971038212
2021-01-10,Nevada,057,99092.0,2247,22,1481,11,766,11,0,0,1944,12,2095,12,151,10,0.0196181326444112,0.0211419690792394,0.0015238364348282
2021-01-10,Orange,059,3164182.0,89195,4378,61897,1102,27160,3272,104,3,63622,3455,76399,3460,12777,917,0.0201069344304467,0.0241449448862296,0.0040380104557828
2021-01-10,Placer,061,380077.0,12525,343,8217,194,4302,149,5,0,9699,165,11106,165,1407,178,0.025518513353873,0.0292203948147349,0.0037018814608618
2021-01-10,Plumas,063,18699.0,495,0,247,0,247,0,1,0,481,0,489,0,8,0,0.0257233007112679,0.0261511310765281,0.0004278303652601
2021-01-10,Riverside,065,2383286.0,42442,1724,30374,748,12028,959,10,0,32289,1084,37324,1085,5035,618,0.0135481012350175,0.0156607306047197,0.0021126293697021
2021-01-10,Sacramento,067,1510023.0,38417,1223,26600,717,11797,506,16,0,29241,753,33755,753,4514,470,0.0193646057046813,0.022353964144917,0.0029893584402356
2021-01-10,San Benito,069,59416.0,1476,21,971,19,503,2,0,0,1110,5,1292,5,182,16,0.0186818365423454,0.0217449845159552,0.0030631479736098
2021-01-10,San Bernardino,071,2135413.0,50361,1086,36826,612,13512,472,10,0,33325,629,41828,629,8503,457,0.0156058804549752,0.0195877799751148,0.0039818995201396
2021-01-10,San Diego,073,3302833.0,95704,1993,62115,1366,33303,625,225,0,70202,820,82874,822,12672,1139,0.0212550861639083,0.0250917924097282,0.0038367062458198
2021-01-10,San Francisco,075,870044.0,27342,926,18815,547,8510,379,15,0,21792,467,24574,467,2782,458,0.0250470091167803,0.0282445485515675,0.0031975394347872
2021-01-10,San Joaquin,077,732212.0,16102,238,12576,134,3525,104,1,0,10937,169,13039,169,2102,65,0.0149369308342392,0.0178076841133442,0.0028707532791049
2021-01-10,San Luis Obispo,079,281455.0,10853,17,7444,11,3405,6,3,0,8819,10,9837,10,1018,7,0.0313336057273809,0.0349505249507026,0.0036169192233216
2021-01-10,San Mateo,081,765935.0,23139,704,16856,572,6246,132,32,0,18446,260,20788,260,2342,436,0.0240829835429899,0.0271406842617193,0.0030577007187293
2021-01-10,Santa Barbara,083,443738.0,12042,68,8710,55,3322,13,2,0,8567,48,10299,48,1732,20,0.0193064375825374,0.0232096417255227,0.0039032041429852
2021-01-10,Santa Clara,085,1922200.0,56325,1977,42577,1525,13679,451,53,1,42183,756,49243,757,7060,1205,0.0219451669961502,0.0256180418270731,0.0036728748309229
2021-01-10,Santa Cruz,087,273765.0,8091,78,5254,67,2833,11,4,0,5390,23,6740,23,1350,53,0.019688418899421,0.0246196555439884,0.0049312366445674
2021-01-10,Shasta,089,179085.0,4132,6,3428,0,704,6,0,0,2351,5,3242,5,891,1,0.0131278443197364,0.0181031353826395,0.004975291062903
2021-01-10,Sierra,091,2930.0,176,0,36,0,140,0,0,0,170,0,173,0,3,0,0.0580204778156996,0.0590443686006825,0.0010238907849829
2021-01-10,Siskiyou,093,43540.0,1265,1,490,1,772,0,1,0,1226,0,1245,0,19,1,0.0281580156178226,0.02859439595774,0.0004363803399173
2021-01-10,Solano,095,438530.0,14198,264,9256,194,4940,70,1,0,9907,159,12048,159,2141,104,0.0225913848539438,0.0274736049985177,0.0048822201445739
2021-01-10,Sonoma,097,501317.0,15791,479,10298,466,5462,13,31,0,13535,275,14654,275,1119,204,0.0269988849370757,0.0292310055314302,0.0022321205943544
2021-01-10,Stanislaus,099,539301.0,10469,49,7542,21,2919,27,1,1,8516,27,9414,28,898,20,0.015790810697551,0.0174559290637324,0.0016651183661814
2021-01-10,Sutter,101,95872.0,2532,385,1346,39,1186,346,0,0,2289,346,2408,346,119,39,0.0238755841121495,0.0251168224299065,0.001241238317757
2021-01-10,Tehama,103,63373.0,770,1,490,0,280,1,0,0,678,1,722,1,44,0,0.0106985624792892,0.0113928644690956,0.0006943019898063
2021-01-10,Trinity,105,12862.0,219,0,105,0,113,0,0,0,207,0,213,0,6,0,0.0160939200746384,0.0165604105115845,0.000466490436946
2021-01-10,Tulare,107,460477.0,8340,67,5934,58,2400,9,2,0,6919,16,7634,16,715,51,0.0150257233260293,0.0165784610306269,0.0015527377045976
2021-01-10,Tuolumne,109,53932.0,1664,3,1226,1,436,2,1,0,1196,3,1423,3,227,0,0.0221760735741303,0.0263850775050063,0.0042090039308759
2021-01-10,Ventura,111,848112.0,23765,336,17857,319,5892,17,6,0,16188,128,19969,128,3781,208,0.0190871017035485,0.0235452393080159,0.0044581376044673
2021-01-10,Yolo,113,214977.0,7682,397,4199,85,3482,312,0,0,5994,322,6836,322,842,75,0.0278820524986393,0.0317987505640138,0.0039166980653744
2021-01-10,Yuba,115,75493.0,1168,114,588,21,577,93,1,0,1064,94,1116,94,52,19,0.0140940219623011,0.0147828275469248,0.0006888055846237
2021-01-09,Alameda,001,1643700.0,43225,2050,28259,1392,14941,657,16,0,32500,1158,37851,1158,5351,888,0.0197724645616596,0.0230279248037963,0.0032554602421366
2021-01-09,Alpine,003,1148.0,84,1,9,1,75,0,0,0,76,0,80,0,4,1,0.0662020905923344,0.0696864111498257,0.0034843205574912
2021-01-09,Amador,005,37829.0,1285,13,779,13,506,0,0,0,1093,2,1174,2,81,11,0.0288931771921013,0.0310343916043247,0.0021412144122234
2021-01-09,Butte,007,227075.0,6344,16,4955,10,1386,6,3,0,6137,9,6242,9,105,7,0.0270263128922162,0.0274887151822085,0.0004624022899922
2021-01-09,Calaveras,009,45235.0,1059,7,731,6,328,1,0,0,847,3,943,3,96,3,0.0187244390405659,0.0208466895103349,0.0021222504697689
2021-01-09,Colusa,011,21464.0,269,2,80,1,189,1,0,0,260,2,265,2,5,0,0.0121133060007454,0.0123462541930674,0.000232948192322
2021-01-09,Contra Costa,013,1133247.0,36797,1650,25566,1182,11210,468,16,0,25883,759,31335,759,5452,890,0.0228396810227602,0.0276506357396048,0.0048109547168446
2021-01-09,Del Norte,015,27424.0,591,1,321,1,270,0,0,0,578,0,585,0,7,1,0.0210764294049008,0.0213316802800466,0.0002552508751458
2021-01-09,El Dorado,017,186661.0,5579,200,3409,162,2168,38,2,0,4578,131,5080,131,502,69,0.0245257445315304,0.0272151118873251,0.0026893673557947
2021-01-09,Fresno,019,978130.0,19325,668,12218,403,7101,265,1,0,16613,382,17959,382,1346,284,0.0169844499197448,0.018360545121814,0.0013760952020692
2021-01-09,Glenn,021,27897.0,544,0,374,0,169,0,1,0,530,0,537,0,7,0,0.0189984586156217,0.0192493816539412,0.0002509230383195
2021-01-09,Humboldt,023,135768.0,4200,70,2913,48,1277,22,0,0,3382,67,3785,68,403,3,0.0249101408284721,0.0278784396912379,0.0029682988627658
2021-01-09,Imperial,025,180216.0,2888,27,1052,21,1835,6,0,0,2837,27,2860,27,23,0,0.0157422204465752,0.0158698450747991,0.0001276246282239
2021-01-09,Inyo,027,18085.0,972,88,699,88,258,0,0,0,767,1,862,1,95,87,0.04241083771081,0.0476638097871163,0.0052529720763063
2021-01-09,Kern,029,883053.0,12178,243,7534,86,4637,157,1,0,10999,202,11590,202,591,41,0.0124556510198142,0.013124920021788,0.0006692690019738
2021-01-09,Kings,031,150075.0,2046,61,1189,8,856,53,1,0,2033,55,2080,55,47,7,0.0135465600533066,0.0138597367982675,0.0003131767449608
2021-01-09,Lake,033,64148.0,1378,63,1092,61,286,2,0,0,1236,58,1308,58,72,5,0.0192679428820851,0.0203903473218182,0.0011224044397331
2021-01-09,Lassen,035,31185.0,596,14,263,7,333,7,0,0,579,14,590,14,11,0,0.0185666185666185,0.0189193522526855,0.000352733686067
2021-01-09,Los Angeles,037,10098052.0,283229,12989,185610,7393,97249,5593,205,0,202334,7829,242656,7832,40322,5123,0.0200369338561536,0.0240299812280626,0.0039930473719089
2021-01-09,Madera,039,155013.0,2716,39,1161,18,1554,21,1,0,2449,28,2575,28,126,12,0.0157986749498429,0.0166115100023868,0.0008128350525439
2021-01-09,Marin,041,260295.0,9402,608,5383,221,4013,387,5,0,6989,478,8195,478,1206,130,0.0268503044622447,0.0314835090954493,0.0046332046332046
2021-01-09,Mariposa,043,17540.0,490,0,344,0,145,0,0,0,199,0,344,0,145,0,0.011345496009122,0.019612314709236,0.008266818700114
2021-01-09,Mendocino,045,87422.0,3161,14,1446,10,1714,4,1,0,2732,12,2890,12,158,2,0.031250714923017,0.0330580403102193,0.0018073253872023
2021-01-09,Merced,047,269075.0,3475,28,2470,13,979,15,3,0,2783,20,2999,20,216,8,0.0103428412152745,0.0111455913778686,0.000802750162594
2021-01-09,Modoc,049,8938.0,333,1,128,1,205,0,0,0,328,1,331,1,3,0,0.036697247706422,0.0370328932647124,0.0003356455582904
2021-01-09,Mono,051,14174.0,564,4,294,4,269,0,0,0,540,0,552,0,12,4,0.0380979257795964,0.0389445463524763,0.0008466205728799
2021-01-09,Monterey,053,433212.0,10543,960,6434,914,4103,45,0,0,7066,323,8795,323,1729,635,0.0163107208479912,0.0203018383608948,0.0039911175129036
2021-01-09,Napa,055,140530.0,5729,316,4182,294,1545,22,2,0,4611,171,5192,171,581,144,0.0328114993239877,0.0369458478616665,0.0041343485376787
2021-01-09,Nevada,057,99092.0,2225,65,1470,58,755,7,0,0,1942,15,2083,15,141,50,0.0195979493803737,0.0210208694950147,0.0014229201146409
2021-01-09,Orange,059,3164182.0,84817,5247,60795,1856,23888,3390,101,1,61079,3883,72939,3885,11860,1353,0.0193032512036286,0.023051455320838,0.0037482041172094
2021-01-09,Placer,061,380077.0,12182,476,8023,326,4153,149,5,1,9712,246,10941,247,1229,229,0.0255527169494602,0.0287862722553587,0.0032335553058985
2021-01-09,Plumas,063,18699.0,495,3,247,3,247,0,1,0,481,1,489,1,8,2,0.0257233007112679,0.0261511310765281,0.0004278303652601
2021-01-09,Riverside,065,2383286.0,40718,2192,29626,908,11069,1283,10,1,31822,1790,36239,1791,4417,394,0.0133521532875198,0.0152054768080708,0.001853323520551
2021-01-09,Sacramento,067,1510023.0,37194,1310,25883,827,11291,483,16,0,28958,883,33002,883,4044,424,0.0191771913407941,0.021855296243832,0.0026781049030379
2021-01-09,San Benito,069,59416.0,1455,49,952,36,501,13,0,0,1121,30,1287,30,166,19,0.0188669718594318,0.0216608320990978,0.002793860239666
2021-01-09,San Bernardino,071,2135413.0,49275,1449,36214,1101,13040,348,10,0,33153,928,41199,928,8046,518,0.0155253339752076,0.0192932233717786,0.003767889396571
2021-01-09,San Diego,073,3302833.0,93711,3688,60749,2057,32678,1627,225,2,70519,2072,82052,2081,11533,1579,0.0213510643741297,0.0248429151579871,0.0034918507838573
2021-01-09,San Francisco,075,870044.0,26416,1445,18268,931,8131,513,15,1,21783,916,24107,921,2324,526,0.0250366648123543,0.0277077940885748,0.0026711292762205
2021-01-09,San Joaquin,077,732212.0,15864,418,12442,328,3421,90,1,0,10833,268,12870,269,2037,136,0.0147948954674329,0.0175768766422839,0.0027819811748509
2021-01-09,San Luis Obispo,079,281455.0,10836,212,7433,200,3399,12,3,0,8816,29,9827,29,1011,183,0.0313229468298662,0.0349149952923202,0.003592048462454
2021-01-09,San Mateo,081,765935.0,22435,1201,16284,798,6114,403,32,0,18622,728,20528,729,1906,471,0.0243127680547304,0.0268012298693753,0.0024884618146448
2021-01-09,Santa Barbara,083,443738.0,11974,629,8655,352,3309,277,2,0,8539,326,10251,326,1712,303,0.0192433372846138,0.0231014697862252,0.0038581325016113
2021-01-09,Santa Clara,085,1922200.0,54348,3114,41052,1972,13228,1141,52,0,42631,1721,48486,1722,5855,1385,0.0221782332743731,0.0252242222453438,0.0030459889709707
2021-01-09,Santa Cruz,087,273765.0,8013,436,5187,125,2822,311,4,0,5420,378,6717,378,1297,58,0.0197980019359669,0.0245356418826365,0.0047376399466695
2021-01-09,Shasta,089,179085.0,4126,80,3428,70,698,10,0,0,2347,73,3237,73,890,7,0.0131055085573889,0.0180752156797051,0.0049697071223162
2021-01-09,Sierra,091,2930.0,176,0,36,0,140,0,0,0,170,0,173,0,3,0,0.0580204778156996,0.0590443686006825,0.0010238907849829
2021-01-09,Siskiyou,093,43540.0,1264,1,489,1,772,0,1,0,1227,0,1245,0,18,1,0.0281809830041341,0.02859439595774,0.0004134129536058
2021-01-09,Solano,095,438530.0,13934,894,9062,753,4870,141,1,0,9852,450,11889,451,2037,444,0.0224659658404214,0.0271110300321528,0.0046450641917314
2021-01-09,Sonoma,097,501317.0,15312,672,9832,414,5449,258,31,0,13464,618,14379,618,915,54,0.0268572579824741,0.028682450425579,0.0018251924431048
2021-01-09,Stanislaus,099,539301.0,10420,314,7521,160,2892,154,0,0,8508,222,9386,222,878,89,0.0157759766809258,0.0174040100055442,0.0016280333246183
2021-01-09,Sutter,101,95872.0,2147,45,1307,43,840,2,0,0,1982,6,2062,6,80,39,0.0206733978638184,0.0215078437917222,0.0008344459279038
2021-01-09,Tehama,103,63373.0,769,8,490,6,279,2,0,0,677,7,721,7,44,1,0.0106827828886118,0.0113770848784182,0.0006943019898063
2021-01-09,Trinity,105,12862.0,219,1,105,0,113,1,0,0,207,1,213,1,6,0,0.0160939200746384,0.0165604105115845,0.000466490436946
2021-01-09,Tulare,107,460477.0,8273,809,5876,210,2391,599,2,0,6954,613,7618,613,664,196,0.0151017314654152,0.0165437144526219,0.0014419829872067
2021-01-09,Tuolumne,109,53932.0,1661,5,1225,2,434,3,1,0,1193,4,1420,4,227,1,0.0221204479715196,0.0263294519023956,0.0042090039308759
2021-01-09,Ventura,111,848112.0,23429,755,17538,513,5875,242,6,0,16268,340,19841,340,3573,416,0.0191814288678853,0.023394315845077,0.0042128869771916
2021-01-09,Yolo,113,214977.0,7285,406,4114,79,3170,327,0,0,5747,352,6514,352,767,53,0.026733092377324,0.0303009159119347,0.0035678235346106
2021-01-09,Yuba,115,75493.0,1054,23,567,21,484,2,1,0,989,12,1022,12,33,11,0.0131005523690938,0.013537678990105,0.0004371266210112
2021-01-08,Alameda,001,1643700.0,41175,4880,26867,2800,14284,2080,16,0,32230,3079,36693,3082,4463,1792,0.0196082010099166,0.0223234166818762,0.0027152156719596
2021-01-08,Alpine,003,1148.0,83,4,8,2,75,2,0,0,77,2,80,2,3,2,0.0670731707317073,0.0696864111498257,0.0026132404181184
2021-01-08,Amador,005,37829.0,1272,90,766,73,506,17,0,0,1102,42,1172,42,70,46,0.0291310899045705,0.0309815221126648,0.0018504322080943
2021-01-08,Butte,007,227075.0,6328,675,4945,528,1380,147,3,0,6135,625,6233,625,98,49,0.0270175052295497,0.0274490807002091,0.0004315754706594
2021-01-08,Calaveras,009,45235.0,1052,78,725,49,327,29,0,0,847,34,940,34,93,41,0.0187244390405659,0.0207803691831546,0.0020559301425887
2021-01-08,Colusa,011,21464.0,267,10,79,8,188,2,0,0,258,8,263,8,5,2,0.0120201267238166,0.0122530749161386,0.000232948192322
2021-01-08,Contra Costa,013,1133247.0,35147,3579,24384,2495,10742,1083,16,0,26014,1833,30576,1835,4562,1730,0.0229552780638289,0.0269808788375349,0.0040256007737059
2021-01-08,Del Norte,015,27424.0,590,79,320,8,270,71,0,0,579,78,585,78,6,1,0.0211128938156359,0.0213316802800466,0.0002187864644107
2021-01-08,El Dorado,017,186661.0,5379,1016,3247,515,2130,501,2,0,4516,784,4949,784,433,232,0.0241935915911733,0.0265133048681835,0.0023197132770101
2021-01-08,Fresno,019,978130.0,18657,1916,11815,635,6836,1278,1,0,16515,1517,17577,1517,1062,394,0.0168842587386134,0.0179700039872,0.0010857452485865
2021-01-08,Glenn,021,27897.0,544,16,374,12,169,4,1,0,530,15,537,15,7,1,0.0189984586156217,0.0192493816539412,0.0002509230383195
2021-01-08,Humboldt,023,135768.0,4130,459,2865,299,1255,160,0,0,3317,308,3717,308,400,147,0.0244313829473808,0.0273775852925578,0.002946202345177
2021-01-08,Imperial,025,180216.0,2861,206,1031,58,1829,148,0,0,2810,191,2833,191,23,13,0.0155924002308341,0.015720024859058,0.0001276246282239
2021-01-08,Inyo,027,18085.0,884,8,611,7,258,0,0,0,853,3,861,3,8,4,0.04716615980094,0.0476085153442079,0.0004423555432679
2021-01-08,Kern,029,883053.0,11935,1660,7448,791,4480,869,1,0,10838,1346,11388,1346,550,315,0.0122733290074321,0.0128961681801658,0.0006228391727336
2021-01-08,Kings,031,150075.0,1985,252,1181,57,803,195,1,0,1985,229,2025,229,40,21,0.0132267199733466,0.0134932533733133,0.0002665333999666
2021-01-08,Lake,033,64148.0,1315,171,1031,134,284,37,0,0,1183,120,1250,120,67,51,0.0184417285028371,0.019486188189811,0.0010444596869738
2021-01-08,Lassen,035,31185.0,582,53,256,2,326,51,0,0,565,53,576,53,11,0,0.0181176847843514,0.0184704184704184,0.000352733686067
2021-01-08,Los Angeles,037,10098052.0,270240,34756,178217,19019,91656,15719,205,1,199625,21118,234824,21123,35199,13572,0.0197686642928754,0.0232543860934762,0.0034857218006007
2021-01-08,Madera,039,155013.0,2677,422,1143,77,1533,345,1,0,2433,363,2547,364,114,58,0.0156954578003135,0.0164308799907104,0.0007354221903969
2021-01-08,Marin,041,260295.0,8794,998,5162,558,3626,440,5,0,6641,559,7717,559,1076,436,0.025513359841718,0.0296471311396684,0.0041337712979504
2021-01-08,Mariposa,043,17540.0,490,112,344,79,145,33,0,0,199,34,344,34,145,75,0.011345496009122,0.019612314709236,0.008266818700114
2021-01-08,Mendocino,045,87422.0,3147,115,1436,96,1710,19,1,0,2722,52,2878,52,156,61,0.0311363272402827,0.0329207750909382,0.0017844478506554
2021-01-08,Merced,047,269075.0,3447,541,2457,386,964,154,3,0,2771,377,2979,377,208,149,0.0102982439840193,0.0110712626591099,0.0007730186750905
2021-01-08,Modoc,049,8938.0,332,109,127,0,205,109,0,0,327,109,330,109,3,0,0.0365853658536585,0.0369210114119489,0.0003356455582904
2021-01-08,Mono,051,14174.0,560,6,290,2,269,4,0,0,544,4,552,4,8,2,0.038380132637223,0.0389445463524763,0.0005644137152532
2021-01-08,Monterey,053,433212.0,9583,1147,5520,762,4058,385,0,0,7378,433,8472,433,1094,712,0.017030922504455,0.0195562449793634,0.0025253224749083
2021-01-08,Napa,055,140530.0,5413,435,3888,225,1523,210,2,0,4584,253,5021,253,437,180,0.0326193695296378,0.0357290258307834,0.0031096563011456
2021-01-08,Nevada,057,99092.0,2160,250,1412,143,748,107,0,0,1977,185,2068,185,91,64,0.0199511565010293,0.0208694950147337,0.0009183385137044
2021-01-08,Orange,059,3164182.0,79570,10092,58939,5773,20498,4318,100,0,58547,5846,69054,5847,10507,4212,0.0185030443887235,0.0218236498406223,0.0033206054518987
2021-01-08,Placer,061,380077.0,11706,1165,7697,536,4004,629,4,0,9694,743,10694,743,1000,420,0.025505358124801,0.0281364039392017,0.0026310458144007
2021-01-08,Plumas,063,18699.0,492,11,244,4,247,7,1,0,482,8,488,8,6,3,0.0257767795069255,0.0260976522808706,0.0003208727739451
2021-01-08,Riverside,065,2383286.0,38526,4487,28718,3225,9786,1261,9,1,30425,2423,34448,2424,4023,2048,0.0127659878000374,0.0144539933520358,0.0016880055519983
2021-01-08,Sacramento,067,1510023.0,35884,3396,25056,2130,10808,1263,16,1,28499,2169,32119,2171,3620,1207,0.0188732224608499,0.0212705369388413,0.0023973144779913
2021-01-08,San Benito,069,59416.0,1406,190,916,88,488,102,0,0,1110,126,1257,126,147,64,0.0186818365423454,0.0211559175979534,0.0024740810556079
2021-01-08,San Bernardino,071,2135413.0,47826,5624,35113,4619,12692,1003,10,1,32743,2339,40271,2341,7528,3280,0.0153333336455289,0.0188586470158231,0.0035253133702941
2021-01-08,San Diego,073,3302833.0,90023,8349,58692,5257,31051,3085,223,4,70017,4357,79971,4372,9954,3922,0.0211990736437476,0.0242128499987737,0.0030137763550261
2021-01-08,San Francisco,075,870044.0,24971,2394,17337,1670,7618,724,14,0,21388,1507,23186,1507,1798,885,0.0245826647847695,0.0266492269356492,0.0020665621508797
2021-01-08,San Joaquin,077,732212.0,15446,1530,12114,1099,3331,431,1,0,10700,828,12601,829,1901,621,0.0146132540848825,0.0172094967031406,0.0025962426182581
2021-01-08,San Luis Obispo,079,281455.0,10624,907,7233,805,3387,102,3,0,8970,545,9798,545,828,360,0.0318701035689541,0.0348119592830114,0.0029418557140573
2021-01-08,San Mateo,081,765935.0,21234,1934,15486,1238,5711,696,32,0,18364,1196,19799,1196,1435,734,0.0239759248500199,0.0258494519769954,0.0018735271269755
2021-01-08,Santa Barbara,083,443738.0,11345,1545,8303,1195,3032,350,2,0,8516,979,9925,979,1409,563,0.0191915048970338,0.0223668020318295,0.0031752971347957
2021-01-08,Santa Clara,085,1922200.0,51234,5989,39080,3936,12087,2049,52,1,42294,3823,46764,3824,4470,2143,0.0220029133284777,0.0243283737384247,0.0023254604099469
2021-01-08,Santa Cruz,087,273765.0,7577,906,5062,542,2511,364,4,0,5100,476,6339,476,1239,429,0.0186291162128102,0.0231548956221576,0.0045257794093474
2021-01-08,Shasta,089,179085.0,4046,515,3358,431,688,84,0,0,2281,305,3164,305,883,209,0.0127369684786553,0.0176675880168635,0.0049306195382081
2021-01-08,Sierra,091,2930.0,176,1,36,1,140,0,0,0,170,0,173,0,3,1,0.0580204778156996,0.0590443686006825,0.0010238907849829
2021-01-08,Siskiyou,093,43540.0,1263,177,488,4,772,173,1,0,1228,175,1245,175,17,2,0.0282039503904455,0.02859439595774,0.0003904455672944
2021-01-08,Solano,095,438530.0,13040,1205,8309,778,4729,426,1,0,9845,601,11438,602,1593,599,0.0224500034205185,0.0260825941212687,0.0036325907007502
2021-01-08,Sonoma,097,501317.0,14640,1842,9418,1259,5191,583,31,0,12900,1347,13761,1347,861,492,0.0257322213290193,0.0274496974967934,0.001717476167774
2021-01-08,Stanislaus,099,539301.0,10106,1364,7361,778,2738,584,0,0,8375,961,9164,963,789,377,0.0155293611545315,0.0169923660441942,0.0014630048896627
2021-01-08,Sutter,101,95872.0,2102,157,1264,45,838,112,0,0,2015,137,2056,137,41,20,0.0210176068090787,0.0214452603471295,0.0004276535380507
2021-01-08,Tehama,103,63373.0,761,42,484,29,277,13,0,0,671,34,714,34,43,7,0.0105881053445473,0.0112666277436763,0.0006785223991289
2021-01-08,Trinity,105,12862.0,218,52,105,1,112,51,0,0,206,52,212,52,6,1,0.0160161716684807,0.0164826621054268,0.000466490436946
2021-01-08,Tulare,107,460477.0,7464,1281,5666,563,1792,718,2,0,6537,953,7005,953,468,328,0.0141961487761603,0.015212486182806,0.0010163374066457
2021-01-08,Tuolumne,109,53932.0,1656,115,1223,86,431,29,1,0,1190,31,1416,31,226,82,0.0220648223689089,0.026255284432248,0.004190462063339
2021-01-08,Ventura,111,848112.0,22674,2262,17025,1520,5633,742,6,0,16344,931,19501,932,3157,1323,0.0192710396740053,0.0229934253966457,0.0037223857226404
2021-01-08,Yolo,113,214977.0,6879,660,4035,331,2843,329,0,0,5448,410,6162,410,714,250,0.0253422459146792,0.0286635314475502,0.0033212855328709
2021-01-08,Yuba,115,75493.0,1031,75,546,23,482,52,1,0,988,68,1010,68,22,7,0.013087306107851,0.0133787238551918,0.0002914177473408
2021-01-07,Alameda,001,1643700.0,36295,3870,24067,2199,12204,1670,16,0,30940,2627,33611,2630,2671,1227,0.0188233862627,0.0204483786579059,0.0016249923952059
2021-01-07,Alpine,003,1148.0,79,8,6,0,73,8,0,0,77,8,78,8,1,0,0.0670731707317073,0.0679442508710801,0.0008710801393728
2021-01-07,Amador,005,37829.0,1182,235,693,74,489,161,0,0,1106,218,1130,218,24,12,0.0292368288878902,0.0298712627878082,0.000634433899918
2021-01-07,Butte,007,227075.0,5653,771,4417,377,1233,394,3,0,5559,749,5608,749,49,21,0.0244808983815919,0.0246966861169217,0.0002157877353297
2021-01-07,Calaveras,009,45235.0,974,113,676,33,298,80,0,0,854,91,906,91,52,19,0.0188791864706532,0.0200287388084447,0.0011495523377915
2021-01-07,Colusa,011,21464.0,257,43,71,7,186,36,0,0,252,40,255,40,3,3,0.0117405888930301,0.0118803578084234,0.0001397689153932
2021-01-07,Contra Costa,013,1133247.0,31568,3241,21889,2157,9659,1084,16,0,25909,1854,28741,1854,2832,1379,0.0228626239469418,0.0253616378424121,0.0024990138954702
2021-01-07,Del Norte,015,27424.0,511,21,312,1,199,20,0,0,502,21,507,21,5,0,0.0183051341890315,0.0184874562427071,0.0001823220536756
2021-01-07,El Dorado,017,186661.0,4363,351,2732,149,1629,202,2,0,3964,268,4165,268,201,80,0.021236358960897,0.0223131773643128,0.0010768184034158
2021-01-07,Fresno,019,978130.0,16741,1998,11180,933,5558,1065,1,0,15392,1718,16060,1723,668,273,0.0157361495915675,0.0164190853976465,0.0006829358060789
2021-01-07,Glenn,021,27897.0,528,67,362,11,165,55,1,1,516,64,522,65,6,3,0.0184966125389826,0.0187116894289708,0.0002150768899881
2021-01-07,Humboldt,023,135768.0,3671,477,2566,335,1095,141,0,0,3156,319,3409,319,253,155,0.023245536503447,0.0251090094867715,0.0018634729833244
2021-01-07,Imperial,025,180216.0,2655,336,973,12,1681,323,0,0,2632,332,2642,332,10,3,0.0146046965863186,0.0146601855551116,5.548896879300395e-05
2021-01-07,Inyo,027,18085.0,876,43,604,1,258,41,0,0,854,41,858,42,4,1,0.0472214542438484,0.0474426320154824,0.0002211777716339
2021-01-07,Kern,029,883053.0,10275,1422,6657,498,3611,924,1,0,9807,1245,10042,1245,235,176,0.0111057886672713,0.0113719108592575,0.0002661221919862
2021-01-07,Kings,031,150075.0,1733,182,1124,85,608,96,1,1,1777,173,1796,174,19,9,0.0118407462935199,0.011967349658504,0.0001266033649841
2021-01-07,Lake,033,64148.0,1144,109,897,84,247,25,0,0,1114,100,1130,100,16,9,0.0173660909147596,0.0176155141235892,0.0002494232088295
2021-01-07,Lassen,035,31185.0,529,40,254,1,275,39,0,0,512,39,523,39,11,1,0.016418149751483,0.0167708834375501,0.000352733686067
2021-01-07,Los Angeles,037,10098052.0,235484,30986,159198,16853,75937,14108,204,3,192074,19273,213701,19286,21627,11619,0.0190208963075254,0.0211625965087127,0.0021417002011873
2021-01-07,Madera,039,155013.0,2255,379,1066,102,1188,277,1,0,2127,358,2183,358,56,19,0.0137214298155638,0.0140826898389167,0.0003612600233528
2021-01-07,Marin,041,260295.0,7796,897,4604,509,3186,388,5,0,6518,519,7158,519,640,376,0.0250408190706698,0.0274995677980752,0.0024587487274054
2021-01-07,Mariposa,043,17540.0,378,59,265,52,112,7,0,0,240,7,310,7,70,51,0.0136830102622576,0.0176738882554161,0.0039908779931584
2021-01-07,Mendocino,045,87422.0,3032,462,1340,246,1691,216,1,0,2731,397,2826,397,95,63,0.0312392761547436,0.0323259591407197,0.001086682985976
2021-01-07,Merced,047,269075.0,2906,212,2071,94,810,117,3,1,2543,175,2602,175,59,22,0.00945089659017,0.0096701663105082,0.0002192697203381
2021-01-07,Modoc,049,8938.0,223,70,127,0,96,70,0,0,218,70,221,70,3,0,0.024390243902439,0.0247258894607294,0.0003356455582904
2021-01-07,Mono,051,14174.0,554,56,288,3,265,53,0,0,542,54,548,54,6,2,0.0382390292084097,0.0386623394948497,0.0004233102864399
2021-01-07,Monterey,053,433212.0,8436,787,4758,591,3673,195,0,0,7657,451,8039,451,382,333,0.017674948985716,0.0185567343471556,0.0008817853614396
2021-01-07,Napa,055,140530.0,4978,519,3663,266,1313,253,2,0,4511,388,4768,388,257,131,0.0320999074930619,0.0339286984985412,0.0018287910054792
2021-01-07,Nevada,057,99092.0,1910,224,1269,48,641,176,0,0,1856,212,1883,213,27,11,0.018730069026763,0.0190025430912687,0.0002724740645057
2021-01-07,Orange,059,3164182.0,69478,9725,53166,5482,16180,4240,100,0,56912,5843,63207,5846,6295,3857,0.0179863231634589,0.0199757788900891,0.0019894557266301
2021-01-07,Placer,061,380077.0,10541,1007,7161,398,3375,608,4,1,9371,760,9951,761,580,245,0.0246555303267495,0.026181536899102,0.0015260065723524
2021-01-07,Plumas,063,18699.0,481,50,240,2,240,48,1,0,477,48,480,49,3,2,0.0255093855286378,0.0256698219156104,0.0001604363869725
2021-01-07,Riverside,065,2383286.0,34039,3143,25493,2068,8525,1074,8,0,30049,1860,32024,1861,1975,1271,0.0126082224290328,0.0134369102155595,0.0008286877865266
2021-01-07,Sacramento,067,1510023.0,32488,3004,22926,1618,9545,1385,15,0,27535,2006,29948,2007,2413,978,0.0182348215888102,0.019832810493615,0.0015979889048047
2021-01-07,San Benito,069,59416.0,1216,112,828,67,386,45,0,0,1048,59,1131,59,83,53,0.0176383465733135,0.0190352766931466,0.001396930119833
2021-01-07,San Bernardino,071,2135413.0,42202,5743,30494,4741,11689,1000,9,0,33682,2525,37930,2525,4248,3199,0.0157730612298417,0.0177623719627069,0.0019893107328652
2021-01-07,San Diego,073,3302833.0,81674,5960,53435,3198,27966,2757,219,2,69567,3642,75599,3652,6032,2268,0.0210628269730864,0.0228891379007052,0.0018263109276188
2021-01-07,San Francisco,075,870044.0,22577,2122,15667,1233,6894,889,14,0,20766,1627,21679,1628,913,492,0.0238677584122182,0.0249171306278762,0.001049372215658
2021-01-07,San Joaquin,077,732212.0,13916,1281,11015,861,2900,420,1,0,10492,830,11772,830,1280,377,0.0143291833512698,0.0160773109427324,0.0017481275914625
2021-01-07,San Luis Obispo,079,281455.0,9717,1157,6428,944,3285,213,3,0,8785,720,9253,720,468,437,0.0312128048888809,0.0328755929011742,0.0016627880122932
2021-01-07,San Mateo,081,765935.0,19300,1530,14248,863,5015,667,32,0,17902,1185,18603,1185,701,340,0.0233727405067009,0.024287961772213,0.000915221265512
2021-01-07,Santa Barbara,083,443738.0,9800,1593,7108,1285,2682,308,2,0,8100,980,8946,980,846,608,0.0182540147564553,0.020160545186574,0.0019065304301186
2021-01-07,Santa Clara,085,1922200.0,45245,4393,35144,2682,10038,1710,51,0,40613,3223,42940,3228,2327,1155,0.0211283945479138,0.0223389865778795,0.0012105920299656
2021-01-07,Santa Cruz,087,273765.0,6671,507,4520,199,2147,308,4,0,5053,362,5863,363,810,145,0.0184574361222216,0.021416178108962,0.0029587419867404
2021-01-07,Shasta,089,179085.0,3531,138,2927,41,604,97,0,0,2185,111,2859,111,674,27,0.0122009101823156,0.0159644861378674,0.0037635759555518
2021-01-07,Sierra,091,2930.0,175,23,35,2,140,21,0,0,171,21,173,21,2,2,0.0583617747440273,0.0590443686006825,0.0006825938566552
2021-01-07,Siskiyou,093,43540.0,1086,175,484,2,599,173,1,0,1055,174,1070,174,15,1,0.0242305925585668,0.0245751033532384,0.0003445107946715
2021-01-07,Solano,095,438530.0,11835,1089,7531,669,4303,420,1,0,9842,622,10836,622,994,464,0.0224431623834173,0.024709826009623,0.0022666636262057
2021-01-07,Sonoma,097,501317.0,12798,1090,8159,582,4608,508,31,0,12045,897,12414,898,369,192,0.024026713636282,0.0247627748510423,0.0007360612147603
2021-01-07,Stanislaus,099,539301.0,8742,1158,6583,772,2154,385,0,0,7789,881,8201,881,412,240,0.0144427694367338,0.0152067212929328,0.000763951856199
2021-01-07,Sutter,101,95872.0,1945,256,1219,155,726,101,0,0,1898,247,1919,247,21,8,0.0197972296395193,0.0200162716955941,0.0002190420560747
2021-01-07,Tehama,103,63373.0,719,67,455,7,264,60,0,0,644,65,680,65,36,2,0.010162056396257,0.0107301216606441,0.000568065264387
2021-01-07,Trinity,105,12862.0,166,0,104,0,61,0,0,0,155,0,160,0,5,0,0.0120510029544394,0.0124397449852278,0.0003887420307883
2021-01-07,Tulare,107,460477.0,6183,814,5103,592,1074,220,2,0,5912,702,6052,702,140,109,0.0128388605728407,0.0131428931303843,0.0003040325575435
2021-01-07,Tuolumne,109,53932.0,1541,131,1137,68,402,63,1,0,1241,70,1385,70,144,57,0.0230104576132908,0.0256804865386041,0.0026700289253133
2021-01-07,Ventura,111,848112.0,20412,2156,15505,1389,4891,766,6,0,16735,1058,18569,1059,1834,1093,0.0197320636897013,0.0218945139321221,0.0021624502424208
2021-01-07,Yolo,113,214977.0,6219,725,3704,240,2514,485,0,0,5288,526,5752,526,464,198,0.0245979802490498,0.026756350679375,0.0021583704303251
2021-01-07,Yuba,115,75493.0,956,86,523,21,430,65,1,0,927,82,942,82,15,4,0.0122792841720424,0.0124779780906839,0.0001986939186414
2021-01-06,Alameda,001,1643700.0,32425,3386,21868,1926,10534,1460,16,0,29537,2409,30981,2412,1444,971,0.0179698241771612,0.0188483299872239,0.0008785058100626
2021-01-06,Alpine,003,1148.0,71,31,6,0,65,31,0,0,69,31,70,31,1,0,0.0601045296167247,0.0609756097560975,0.0008710801393728
2021-01-06,Amador,005,37829.0,947,39,619,11,328,28,0,0,900,35,912,35,12,4,0.0237912712469269,0.0241084881968859,0.000317216949959
2021-01-06,Butte,007,227075.0,4882,643,4040,417,839,226,3,0,4831,635,4859,635,28,8,0.0212749091709787,0.02139821644831,0.0001233072773312
2021-01-06,Calaveras,009,45235.0,861,110,643,31,218,79,0,0,782,98,815,98,33,8,0.0172874986183265,0.0180170222173096,0.000729523598983
2021-01-06,Colusa,011,21464.0,214,16,64,10,150,6,0,0,215,16,215,16,0,0,0.0100167722698471,0.0100167722698471,0.0
2021-01-06,Contra Costa,013,1133247.0,28327,3408,19732,2311,8575,1097,16,0,25434,2526,26887,2529,1453,882,0.0224434743705476,0.0237256308642334,0.0012821564936858
2021-01-06,Del Norte,015,27424.0,490,80,311,20,179,60,0,0,481,79,486,79,5,1,0.0175393815635939,0.0177217036172695,0.0001823220536756
2021-01-06,El Dorado,017,186661.0,4012,269,2583,186,1427,83,2,0,3776,198,3897,198,121,70,0.0202291855288464,0.0208774194930917,0.0006482339642453
2021-01-06,Fresno,019,978130.0,14743,1122,10247,410,4493,712,1,0,13942,930,14337,930,395,188,0.0142537290544201,0.0146575608559189,0.0004038318014987
2021-01-06,Glenn,021,27897.0,461,59,351,8,110,51,0,0,454,59,457,59,3,0,0.0162741513424382,0.0163816897874323,0.000107538444994
2021-01-06,Humboldt,023,135768.0,3194,331,2231,208,954,123,0,0,2992,243,3090,243,98,82,0.0220375935419244,0.0227594131164928,0.0007218195745683
2021-01-06,Imperial,025,180216.0,2319,207,961,27,1358,180,0,0,2303,206,2310,206,7,2,0.0127791095130288,0.0128179517911839,3.884227815510276e-05
2021-01-06,Inyo,027,18085.0,833,64,603,2,217,62,0,0,813,62,816,62,3,2,0.0449543820846004,0.0451202654133259,0.0001658833287254
2021-01-06,Kern,029,883053.0,8853,1183,6159,459,2687,724,1,0,8738,1149,8797,1149,59,32,0.009895215802449,0.0099620294591604,6.681365671143182e-05
2021-01-06,Kings,031,150075.0,1551,278,1039,181,512,97,0,0,1612,274,1622,274,10,4,0.0107412960186573,0.010807929368649,6.663334999167083e-05
2021-01-06,Lake,033,64148.0,1035,108,813,67,222,41,0,0,1023,106,1030,106,7,2,0.0159474964145413,0.0160566190684043,0.0001091226538629
2021-01-06,Lassen,035,31185.0,489,93,253,35,236,58,0,0,474,89,484,90,10,4,0.0151996151996151,0.0155202821869488,0.0003206669873336
2021-01-06,Los Angeles,037,10098052.0,204498,23492,142345,12492,61829,10987,201,1,184407,17265,194415,17269,10008,6136,0.0182616409580778,0.0192527231984941,0.0009910822404162
2021-01-06,Madera,039,155013.0,1876,184,964,31,911,153,1,0,1788,160,1825,160,37,24,0.0115345164599098,0.0117732061181965,0.0002386896582867
2021-01-06,Marin,041,260295.0,6899,831,4095,329,2798,502,5,0,6375,649,6639,649,264,184,0.0244914424018901,0.0255056762519449,0.0010142338500547
2021-01-06,Mariposa,043,17540.0,319,6,213,2,105,4,0,0,284,5,303,5,19,2,0.0161915621436716,0.0172748004561003,0.0010832383124287
2021-01-06,Mendocino,045,87422.0,2570,156,1094,135,1475,21,1,0,2397,147,2429,147,32,9,0.0274187275514172,0.027784768136167,0.0003660405847498
2021-01-06,Merced,047,269075.0,2694,280,1977,115,693,165,2,0,2390,264,2427,264,37,5,0.0088822818916658,0.0090197900213695,0.0001375081297036
2021-01-06,Modoc,049,8938.0,153,5,127,4,26,1,0,0,148,3,151,3,3,2,0.0165585142089953,0.0168941597672857,0.0003356455582904
2021-01-06,Mono,051,14174.0,498,53,285,2,212,51,0,0,490,52,494,52,4,1,0.0345703400592634,0.03485254691689,0.0002822068576266
2021-01-06,Monterey,053,433212.0,7649,690,4167,187,3478,502,0,0,7539,662,7588,662,49,26,0.0174025650258995,0.0175156736193826,0.000113108593483
2021-01-06,Napa,055,140530.0,4459,479,3397,139,1060,339,2,1,4254,390,4380,392,126,89,0.0302711164875827,0.0311677221945492,0.0008966057069664
2021-01-06,Nevada,057,99092.0,1686,97,1221,44,465,53,0,0,1654,89,1670,89,16,8,0.0166915593589795,0.0168530254712792,0.0001614661122996
2021-01-06,Orange,059,3164182.0,59753,5408,47684,3708,11940,1698,100,0,54923,3841,57361,3841,2438,1543,0.0173577246820821,0.0181282239770025,0.0007704992949204
2021-01-06,Placer,061,380077.0,9534,782,6763,257,2767,525,3,0,8855,622,9190,622,335,157,0.0232979106865187,0.024179311034343,0.0008814003478242
2021-01-06,Plumas,063,18699.0,431,116,238,3,192,113,1,0,430,116,431,116,1,0,0.0229958821327343,0.0230493609283918,5.3478795657521794e-05
2021-01-06,Riverside,065,2383286.0,30896,2760,23425,1277,7451,1481,8,1,29459,2390,30163,2392,704,357,0.0123606650649565,0.0126560555468374,0.0002953904818808
2021-01-06,Sacramento,067,1510023.0,29484,2848,21308,1679,8160,1168,15,1,26506,2010,27941,2011,1435,810,0.0175533750148176,0.0185036916656236,0.0009503166508059
2021-01-06,San Benito,069,59416.0,1104,110,761,51,341,59,0,0,1042,85,1072,85,30,25,0.0175373636730846,0.0180422781742291,0.0005049145011444
2021-01-06,San Bernardino,071,2135413.0,36459,3643,25753,2474,10689,1169,9,0,34356,3012,35405,3012,1049,626,0.0160886910400938,0.0165799309079789,0.000491239867885
2021-01-06,San Diego,073,3302833.0,75714,5206,50237,2500,25209,2706,217,0,68183,3873,71947,3878,3764,1292,0.0206437927682083,0.0217834204756946,0.0011396277074862
2021-01-06,San Francisco,075,870044.0,20455,1890,14434,1167,6005,723,14,0,19630,1616,20051,1617,421,270,0.0225620773202274,0.0230459608939318,0.0004838835737043
2021-01-06,San Joaquin,077,732212.0,12635,1499,10154,948,2480,551,1,0,10039,986,10942,986,903,392,0.0137105100708537,0.0149437594576434,0.0012332493867896
2021-01-06,San Luis Obispo,079,281455.0,8560,776,5484,480,3072,296,3,0,8502,763,8533,763,31,12,0.0302073155566609,0.0303174574976461,0.0001101419409852
2021-01-06,San Mateo,081,765935.0,17770,1506,13385,977,4348,528,32,0,17057,1291,17418,1291,361,214,0.0222695137315829,0.0227408330994144,0.0004713193678314
2021-01-06,Santa Barbara,083,443738.0,8207,773,5823,388,2374,385,2,0,7728,631,7966,631,238,142,0.0174156822268996,0.0179520347592498,0.0005363525323501
2021-01-06,Santa Clara,085,1922200.0,40852,3503,32462,2079,8328,1423,51,0,38540,2820,39712,2820,1172,674,0.0200499427739049,0.0206596608053272,0.0006097180314223
2021-01-06,Santa Cruz,087,273765.0,6164,781,4321,648,1839,133,4,0,4835,453,5500,453,665,325,0.017661132723321,0.0200902233667561,0.002429090643435
2021-01-06,Shasta,089,179085.0,3393,479,2886,398,507,81,0,0,2101,212,2748,212,647,266,0.0117318591730183,0.0153446687327246,0.0036128095597062
2021-01-06,Sierra,091,2930.0,152,2,33,1,119,1,0,0,152,2,152,2,0,0,0.051877133105802,0.051877133105802,0.0
2021-01-06,Siskiyou,093,43540.0,911,64,482,8,426,55,1,0,882,57,896,57,14,6,0.0202572347266881,0.0205787781350482,0.0003215434083601
2021-01-06,Solano,095,438530.0,10746,886,6862,459,3883,427,1,0,9684,608,10214,608,530,277,0.0220828677627528,0.0232914509839691,0.0012085832212163
2021-01-06,Sonoma,097,501317.0,11708,947,7577,420,4100,527,31,0,11339,848,11516,848,177,94,0.022618423073624,0.0229714930872082,0.0003530700135842
2021-01-06,Stanislaus,099,539301.0,7584,1055,5811,636,1769,419,0,0,7148,950,7320,950,172,87,0.0132541938546377,0.01357312521208,0.0003189313574423
2021-01-06,Sutter,101,95872.0,1689,205,1064,53,625,152,0,0,1659,199,1672,199,13,6,0.0173043224299065,0.0174399198931909,0.0001355974632843
2021-01-06,Tehama,103,63373.0,652,85,448,30,204,55,0,0,581,73,615,73,34,11,0.0091679421835797,0.0097044482666119,0.0005365060830322
2021-01-06,Trinity,105,12862.0,166,24,104,4,61,20,0,0,155,20,160,20,5,4,0.0120510029544394,0.0124397449852278,0.0003887420307883
2021-01-06,Tulare,107,460477.0,5369,859,4511,616,854,243,2,0,5319,846,5350,846,31,11,0.0115510655255311,0.0116183870204157,6.732149488465222e-05
2021-01-06,Tuolumne,109,53932.0,1410,143,1069,77,339,66,1,0,1228,74,1315,74,87,68,0.0227694133353111,0.0243825558110212,0.0016131424757101
2021-01-06,Ventura,111,848112.0,18256,2071,14116,1186,4125,885,6,0,16769,1570,17510,1570,741,495,0.0197721527345444,0.0206458580942139,0.0008737053596694
2021-01-06,Yolo,113,214977.0,5494,500,3464,191,2029,309,0,0,4960,356,5226,356,266,143,0.0230722356345097,0.0243095773036185,0.0012373416691087
2021-01-06,Yuba,115,75493.0,870,149,502,71,365,77,1,1,849,142,860,143,11,7,0.0112460757951068,0.0113917846687772,0.0001457088736704
2021-01-05,Alameda,001,1643700.0,29039,2241,19942,1303,9074,938,16,0,28096,1970,28569,1970,473,267,0.0170931435176735,0.0173809089249863,0.0002877654073127
2021-01-05,Alpine,003,1148.0,40,7,6,0,34,7,0,0,38,7,39,7,1,0,0.0331010452961672,0.03397212543554,0.0008710801393728
2021-01-05,Amador,005,37829.0,908,35,608,5,300,30,0,0,869,33,877,33,8,2,0.0229717941261994,0.0231832720928388,0.0002114779666393
2021-01-05,Butte,007,227075.0,4239,193,3623,145,613,48,3,0,4204,192,4224,192,20,2,0.0185137069250247,0.0186017835516899,8.807662666519873e-05
2021-01-05,Calaveras,009,45235.0,751,48,612,14,139,34,0,0,692,39,717,39,25,6,0.015297888802918,0.0158505581960871,0.000552669393169
2021-01-05,Colusa,011,21464.0,198,67,54,1,144,66,0,0,199,67,199,67,0,0,0.0092713380544166,0.0092713380544166,0.0
2021-01-05,Contra Costa,013,1133247.0,24919,2196,17421,1300,7478,895,16,1,23787,1894,24358,1896,571,293,0.0209901283656607,0.0214939902774946,0.0005038619118338
2021-01-05,Del Norte,015,27424.0,410,39,291,2,119,37,0,0,403,38,407,39,4,1,0.0146951575262543,0.0148410151691948,0.0001458576429404
2021-01-05,El Dorado,017,186661.0,3743,228,2397,69,1344,159,2,0,3648,208,3699,208,51,20,0.0195434504261736,0.0198166730061448,0.0002732225799711
2021-01-05,Fresno,019,978130.0,13621,871,9837,371,3781,500,1,0,13200,786,13407,786,207,84,0.0134951386829971,0.0137067669941623,0.0002116283111651
2021-01-05,Glenn,021,27897.0,402,12,343,9,59,3,0,0,395,12,398,12,3,0,0.0141592285908879,0.0142667670358819,0.000107538444994
2021-01-05,Humboldt,023,135768.0,2863,200,2023,55,831,145,0,0,2831,194,2847,194,16,8,0.0208517470979906,0.0209695951917977,0.000117848093807
2021-01-05,Imperial,025,180216.0,2112,176,934,14,1178,162,0,0,2099,176,2104,176,5,0,0.0116471345496515,0.011674879034048,2.7744484396501972e-05
2021-01-05,Inyo,027,18085.0,769,37,601,0,155,37,0,0,753,37,754,37,1,0,0.0416367155100912,0.0416920099529997,5.52944429084877e-05
2021-01-05,Kern,029,883053.0,7670,1155,5700,752,1963,403,1,0,7621,1139,7648,1140,27,15,0.0086302860643698,0.0086608618055767,3.057574120692643e-05
2021-01-05,Kings,031,150075.0,1273,193,858,39,415,154,0,0,1342,193,1348,193,6,0,0.0089421955688822,0.0089821755788772,3.99800099950025e-05
2021-01-05,Lake,033,64148.0,927,125,746,59,181,66,0,0,919,123,924,123,5,2,0.014326245557149,0.0144041903099083,7.794475275924425e-05
2021-01-05,Lassen,035,31185.0,396,197,218,55,178,142,0,0,388,196,394,196,6,1,0.0124418791085457,0.0126342793009459,0.0001924001924001
2021-01-05,Los Angeles,037,10098052.0,181006,16649,129853,7380,50842,9259,200,2,173274,14527,177146,14532,3872,2074,0.0171591510917155,0.0175425913829716,0.0003834402912561
2021-01-05,Madera,039,155013.0,1692,274,933,140,758,134,1,0,1652,267,1665,267,13,5,0.0106571706889099,0.0107410346229025,8.386393399263287e-05
2021-01-05,Marin,041,260295.0,6068,373,3766,213,2296,160,5,0,5910,327,5990,327,80,46,0.0227050077796346,0.0230123513705603,0.0003073435909256
2021-01-05,Mariposa,043,17540.0,313,25,211,15,101,10,0,0,281,14,298,14,17,10,0.0160205245153933,0.0169897377423033,0.0009692132269099
2021-01-05,Mendocino,045,87422.0,2414,72,959,38,1454,34,1,0,2259,58,2282,58,23,14,0.0258401775296836,0.0261032691999725,0.0002630916702889
2021-01-05,Merced,047,269075.0,2414,369,1862,260,528,108,2,0,2131,343,2163,344,32,5,0.0079197249837405,0.0080386509337545,0.0001189259500139
2021-01-05,Modoc,049,8938.0,148,2,123,2,25,0,0,0,147,2,148,2,1,0,0.0164466323562318,0.0165585142089953,0.0001118818527634
2021-01-05,Mono,051,14174.0,445,44,283,3,161,41,0,0,439,42,442,42,3,2,0.0309722026245237,0.0311838577677437,0.0002116551432199
2021-01-05,Monterey,053,433212.0,6959,788,3980,342,2976,446,0,0,6903,769,6926,769,23,15,0.0159344616492617,0.0159875534380395,5.309178877778085e-05
2021-01-05,Napa,055,140530.0,3980,170,3258,96,721,74,1,0,3951,150,3988,150,37,22,0.0281149932398776,0.0283782822173201,0.0002632889774425
2021-01-05,Nevada,057,99092.0,1589,282,1177,131,412,151,0,0,1573,279,1581,279,8,2,0.0158741371654623,0.0159548702216122,8.073305614984056e-05
2021-01-05,Orange,059,3164182.0,54345,3779,43976,2435,10242,1344,100,0,52625,3289,53520,3291,895,481,0.0166314706296919,0.0169143241444392,0.0002828535147472
2021-01-05,Placer,061,380077.0,8752,747,6506,184,2242,563,3,0,8390,650,8568,650,178,92,0.0220744743828224,0.0225428005377857,0.0004683261549633
2021-01-05,Plumas,063,18699.0,315,22,235,1,79,21,1,0,314,22,315,22,1,0,0.0167923418364618,0.0168458206321193,5.3478795657521794e-05
2021-01-05,Riverside,065,2383286.0,28136,2338,22148,1631,5970,707,7,0,27424,2199,27771,2200,347,127,0.0115068019532695,0.0116523992504466,0.000145597297177
2021-01-05,Sacramento,067,1510023.0,26636,2278,19629,1017,6992,1261,14,0,25305,1886,25930,1887,625,376,0.016758022891042,0.0171719238713582,0.0004139009803161
2021-01-05,San Benito,069,59416.0,994,136,710,36,282,99,0,0,982,133,987,133,5,2,0.0165275346707957,0.0166116870876531,8.415241685741214e-05
2021-01-05,San Bernardino,071,2135413.0,32816,2442,23279,1508,9520,933,9,1,31970,2317,32393,2318,423,122,0.0149713427800617,0.0151694309250716,0.0001980881450098
2021-01-05,San Diego,073,3302833.0,70508,4602,47737,2355,22503,2241,217,3,65597,3915,68069,3921,2472,660,0.0198608285674752,0.0206092769449742,0.0007484483774989
2021-01-05,San Francisco,075,870044.0,18565,2204,13267,1390,5282,814,14,0,18283,2151,18434,2152,151,51,0.0210138797578053,0.0211874341987301,0.0001735544409248
2021-01-05,San Joaquin,077,732212.0,11136,1222,9206,839,1929,383,1,0,9445,912,9956,912,511,214,0.0128992696104406,0.0135971549223448,0.0006978853119042
2021-01-05,San Luis Obispo,079,281455.0,7784,1018,5004,750,2776,268,3,0,7751,1015,7770,1015,19,3,0.0275390382121475,0.027606544563074,6.750635092643585e-05
2021-01-05,San Mateo,081,765935.0,16264,1242,12408,728,3820,513,32,0,15980,1200,16127,1201,147,41,0.0208633891909887,0.0210553114820448,0.000191922291056
2021-01-05,Santa Barbara,083,443738.0,7434,806,5435,431,1989,375,2,0,7239,751,7335,751,96,55,0.0163136805953062,0.0165300244739012,0.000216343878595
2021-01-05,Santa Clara,085,1922200.0,37349,3243,30383,2152,6905,1091,51,0,36394,3032,36892,3036,498,207,0.0189335136822391,0.0191925918218707,0.0002590781396316
2021-01-05,Santa Cruz,087,273765.0,5383,543,3673,415,1706,128,4,0,4707,249,5047,249,340,293,0.0171935784340584,0.0184355195149124,0.001241941080854
2021-01-05,Shasta,089,179085.0,2914,331,2488,312,426,19,0,0,2155,254,2536,254,381,77,0.0120333919647094,0.0141608733283077,0.0021274813635982
2021-01-05,Sierra,091,2930.0,150,65,32,2,118,63,0,0,150,65,150,65,0,0,0.0511945392491467,0.0511945392491467,0.0
2021-01-05,Siskiyou,093,43540.0,847,91,474,3,371,88,1,0,831,91,839,91,8,0,0.0190858980248047,0.0192696371152962,0.0001837390904915
2021-01-05,Solano,095,438530.0,9860,752,6403,382,3456,370,1,0,9353,587,9606,587,253,160,0.0213280733359177,0.0219050007981209,0.0005769274622032
2021-01-05,Sonoma,097,501317.0,10761,450,7157,101,3573,349,31,0,10585,428,10668,428,83,18,0.021114384710672,0.0212799486153471,0.000165563904675
2021-01-05,Stanislaus,099,539301.0,6529,878,5175,368,1350,508,0,0,6285,842,6370,842,85,22,0.0116539743111917,0.0118115857378347,0.000157611426643
2021-01-05,Sutter,101,95872.0,1484,95,1011,53,473,42,0,0,1466,92,1473,92,7,2,0.0152912216288384,0.01536423564753,7.301401869158878e-05
2021-01-05,Tehama,103,63373.0,567,78,418,47,149,31,0,0,519,73,542,73,23,5,0.0081896075615798,0.0085525381471604,0.0003629305855806
2021-01-05,Trinity,105,12862.0,142,2,100,1,41,1,0,0,139,2,140,2,1,0,0.0108070284559166,0.0108847768620743,7.774840615767377e-05
2021-01-05,Tulare,107,460477.0,4510,480,3895,288,611,191,2,0,4484,475,4504,475,20,3,0.0097377284858961,0.0097811617084023,4.343322250622724e-05
2021-01-05,Tuolumne,109,53932.0,1267,100,992,34,273,66,1,0,1222,93,1241,93,19,2,0.0226581621300897,0.0230104576132908,0.000352295483201
2021-01-05,Ventura,111,848112.0,16185,1424,12930,809,3240,615,6,0,15694,1310,15940,1310,246,112,0.0185046314637689,0.0187946874941045,0.0002900560303356
2021-01-05,Yolo,113,214977.0,4994,607,3273,240,1720,367,0,0,4747,542,4870,542,123,64,0.0220814319671406,0.0226535861975932,0.0005721542304525
2021-01-05,Yuba,115,75493.0,721,77,431,38,288,38,0,0,713,75,717,75,4,1,0.0094445842660908,0.0094975693110619,5.298504497105692e-05
2021-01-04,Alameda,001,1643700.0,26798,1702,18639,998,8136,704,16,0,26393,1617,26599,1617,206,85,0.0160570663746425,0.0161823933807872,0.0001253270061446
2021-01-04,Alpine,003,1148.0,33,9,6,0,27,9,0,0,31,9,32,9,1,0,0.0270034843205574,0.0278745644599303,0.0008710801393728
2021-01-04,Amador,005,37829.0,873,133,603,5,270,128,0,0,838,128,844,128,6,3,0.0221523170054719,0.0223109254804515,0.0001586084749795
2021-01-04,Butte,007,227075.0,4046,212,3478,175,565,37,3,0,4014,208,4032,208,18,3,0.0176769789717053,0.017756247935704,7.926896399867886e-05
2021-01-04,Calaveras,009,45235.0,703,39,598,11,105,28,0,0,659,35,678,35,19,3,0.014568365203935,0.0149883939427434,0.0004200287388084
2021-01-04,Colusa,011,21464.0,131,4,53,1,78,3,0,0,132,4,132,4,0,0,0.0061498322773015,0.0061498322773015,0.0
2021-01-04,Contra Costa,013,1133247.0,22723,2105,16121,1406,6583,699,15,0,22184,1946,22462,1946,278,154,0.0195756088478504,0.0198209216525611,0.0002453128047107
2021-01-04,Del Norte,015,27424.0,371,98,289,50,82,48,0,0,365,98,368,98,3,0,0.0133095099183197,0.013418903150525,0.0001093932322053
2021-01-04,El Dorado,017,186661.0,3515,215,2328,79,1185,136,2,0,3460,203,3491,203,31,12,0.018536276994123,0.0187023534643015,0.0001660764701785
2021-01-04,Fresno,019,978130.0,12750,785,9466,516,3281,267,1,1,12498,689,12621,690,123,95,0.0127774426712195,0.0129031928271293,0.0001257501559097
2021-01-04,Glenn,021,27897.0,390,8,334,5,56,3,0,0,383,8,386,8,3,0,0.0137290748109115,0.0138366132559056,0.000107538444994
2021-01-04,Humboldt,023,135768.0,2663,272,1968,170,686,102,0,0,2645,269,2653,269,8,3,0.0194817630074833,0.0195406870543868,5.892404690354133e-05
2021-01-04,Imperial,025,180216.0,1936,98,920,11,1016,87,0,0,1923,97,1928,97,5,1,0.0106705286988946,0.0106982731832911,2.7744484396501972e-05
2021-01-04,Inyo,027,18085.0,732,23,601,3,118,15,0,0,716,18,717,18,1,0,0.0395908211224771,0.0396461155653856,5.52944429084877e-05
2021-01-04,Kern,029,883053.0,6515,579,4948,369,1560,210,1,0,6496,575,6508,576,12,3,0.0073562968474145,0.0073698860657287,1.3589218314189522e-05
2021-01-04,Kings,031,150075.0,1080,121,819,45,261,76,0,0,1149,119,1155,119,6,1,0.0076561719140429,0.0076961519240379,3.99800099950025e-05
2021-01-04,Lake,033,64148.0,802,96,687,24,115,72,0,0,798,96,801,96,3,0,0.0124399825403753,0.0124867493920309,4.676685165554655e-05
2021-01-04,Lassen,035,31185.0,199,20,163,4,36,16,0,0,193,20,198,20,5,0,0.0061888728555395,0.0063492063492063,0.0001603334936668
2021-01-04,Los Angeles,037,10098052.0,164357,14018,122473,5921,41583,8082,198,5,160816,13072,162614,13082,1798,912,0.0159254477992389,0.0161035019427509,0.000178054143512
2021-01-04,Madera,039,155013.0,1418,134,793,69,624,65,1,0,1390,131,1398,131,8,3,0.0089669898653661,0.0090185984401308,5.160857476469715e-05
2021-01-04,Marin,041,260295.0,5695,303,3553,195,2136,108,5,0,5629,294,5663,296,34,9,0.0216254634165081,0.0217560844426516,0.0001306210261434
2021-01-04,Mariposa,043,17540.0,288,12,196,3,91,9,0,0,277,10,284,10,7,1,0.0157924743443557,0.0161915621436716,0.0003990877993158
2021-01-04,Mendocino,045,87422.0,2342,870,921,17,1420,853,1,0,2215,868,2224,868,9,0,0.0253368717256525,0.0254398206401134,0.0001029489144608
2021-01-04,Merced,047,269075.0,2045,98,1602,50,420,43,2,0,1792,92,1819,92,27,1,0.0066598532007804,0.0067601969711047,0.0001003437703242
2021-01-04,Modoc,049,8938.0,146,8,121,0,25,8,0,0,145,8,146,8,1,0,0.0162228686507048,0.0163347505034683,0.0001118818527634
2021-01-04,Mono,051,14174.0,401,5,280,0,120,4,0,0,399,4,400,4,1,0,0.0281501340482573,0.028220685762664,7.055171440666009e-05
2021-01-04,Monterey,053,433212.0,6171,420,3638,24,2530,396,0,0,6149,418,6157,418,8,3,0.0141939743128075,0.0142124410219476,1.846670914009769e-05
2021-01-04,Napa,055,140530.0,3810,112,3162,69,647,43,1,0,3823,105,3838,105,15,7,0.0272041556962926,0.0273108944709314,0.0001067387746388
2021-01-04,Nevada,057,99092.0,1307,76,1046,43,261,33,0,0,1296,74,1302,74,6,2,0.0130787550962741,0.0131393048883865,6.0549792112380414e-05
2021-01-04,Orange,059,3164182.0,50566,2976,41541,1693,8898,1281,100,0,49815,2881,50229,2882,414,90,0.0157434054046195,0.0158742449075306,0.000130839502911
2021-01-04,Placer,061,380077.0,8005,681,6322,242,1679,439,3,0,7832,630,7918,631,86,50,0.0206063508183868,0.0208326207584252,0.0002262699400384
2021-01-04,Plumas,063,18699.0,293,11,234,4,58,7,1,0,292,11,293,11,1,0,0.0156158083319963,0.0156692871276538,5.3478795657521794e-05
2021-01-04,Riverside,065,2383286.0,25798,1504,20517,943,5263,560,7,0,25351,1403,25571,1404,220,97,0.010636994468981,0.0107293039945688,9.23095255877809e-05
2021-01-04,Sacramento,067,1510023.0,24358,2042,18612,932,5731,1110,14,0,23794,1960,24043,1961,249,69,0.0157573758810296,0.0159222740315875,0.0001648981505579
2021-01-04,San Benito,069,59416.0,858,71,674,27,183,44,0,0,851,70,854,70,3,1,0.0143227413491315,0.0143732327992459,5.049145011444729e-05
2021-01-04,San Bernardino,071,2135413.0,30374,2464,21771,1558,8587,904,8,0,29774,2216,30075,2216,301,245,0.0139429702825636,0.0140839266221569,0.0001409563395933
2021-01-04,San Diego,073,3302833.0,65906,4402,45382,2613,20262,1780,214,5,62336,3915,64148,3926,1812,459,0.0188734943607503,0.0194221142879461,0.0005486199271958
2021-01-04,San Francisco,075,870044.0,16361,1888,11877,1377,4468,510,14,0,16182,1861,16282,1862,100,24,0.0185990593579175,0.0187139960737617,0.0001149367158442
2021-01-04,San Joaquin,077,732212.0,9914,800,8367,644,1546,156,1,0,8747,525,9044,525,297,189,0.0119459937832212,0.0123516140134278,0.0004056202302065
2021-01-04,San Luis Obispo,079,281455.0,6766,719,4254,520,2508,199,3,0,6739,718,6755,718,16,1,0.0239434367838553,0.024000284237267,5.684745341173544e-05
2021-01-04,San Mateo,081,765935.0,15022,1096,11680,702,3307,394,32,0,14820,1081,14926,1081,106,15,0.0193489003636078,0.0194872933081788,0.000138392944571
2021-01-04,Santa Barbara,083,443738.0,6628,388,5004,317,1614,70,2,0,6543,362,6584,362,41,24,0.0147451874754922,0.0148375843403089,9.239686481662604e-05
2021-01-04,Santa Clara,085,1922200.0,34106,2548,28231,1737,5814,809,51,0,33565,2488,33856,2491,291,56,0.017461762563729,0.0176131515971282,0.0001513890333992
2021-01-04,Santa Cruz,087,273765.0,4840,310,3258,149,1578,161,4,0,4751,281,4798,281,47,27,0.0173543002209924,0.0175259803115811,0.0001716800905886
2021-01-04,Shasta,089,179085.0,2583,485,2176,427,407,58,0,0,1978,360,2282,360,304,125,0.0110450344808331,0.0127425524192422,0.0016975179384091
2021-01-04,Sierra,091,2930.0,85,0,30,0,55,0,0,0,85,0,85,0,0,0,0.0290102389078498,0.0290102389078498,0.0
2021-01-04,Siskiyou,093,43540.0,756,159,471,4,283,155,1,0,740,158,748,158,8,1,0.0169958658704639,0.0171796049609554,0.0001837390904915
2021-01-04,Solano,095,438530.0,9108,525,6021,308,3086,217,1,0,8926,459,9019,460,93,64,0.0203543657218434,0.0205664378719813,0.0002120721501379
2021-01-04,Sonoma,097,501317.0,10311,345,7056,107,3224,238,31,0,10175,343,10240,343,65,2,0.0202965389164939,0.0204261973960587,0.0001296584795648
2021-01-04,Stanislaus,099,539301.0,5651,254,4807,167,842,87,0,0,5465,238,5528,238,63,9,0.0101334876071062,0.0102503054880298,0.0001168178809236
2021-01-04,Sutter,101,95872.0,1389,239,958,135,431,104,0,0,1376,238,1381,238,5,1,0.0143524699599465,0.0144046228304405,5.215287049399199e-05
2021-01-04,Tehama,103,63373.0,489,54,371,21,118,33,0,0,451,49,469,49,18,5,0.0071165953955154,0.0074006280277089,0.0002840326321935
2021-01-04,Trinity,105,12862.0,140,33,99,2,40,31,0,0,137,33,138,33,1,0,0.0106515316436013,0.0107292800497589,7.774840615767377e-05
2021-01-04,Tulare,107,460477.0,4030,104,3607,21,420,83,2,0,4012,101,4029,101,17,3,0.0087127044347491,0.0087496226738794,3.691823913029315e-05
2021-01-04,Tuolumne,109,53932.0,1167,77,958,32,207,43,1,1,1131,73,1148,73,17,2,0.0209708521842319,0.0212860639323592,0.0003152117481272
2021-01-04,Ventura,111,848112.0,14761,1130,12121,583,2625,547,6,0,14496,1048,14630,1050,134,80,0.0170920821778255,0.0172500801780896,0.0001579980002641
2021-01-04,Yolo,113,214977.0,4387,220,3033,68,1353,152,0,0,4269,196,4328,196,59,24,0.0198579382910729,0.0201323862552738,0.0002744479642008
2021-01-04,Yuba,115,75493.0,644,94,393,22,250,72,0,0,639,94,642,94,3,0,0.0084643609341263,0.0085040997178546,3.973878372829269e-05
2021-01-03,Alameda,001,1643700.0,25096,335,17641,217,7432,117,16,1,24861,325,24982,326,121,9,0.0151250228143821,0.015198637220904,7.361440652187139e-05
2021-01-03,Alpine,003,1148.0,24,0,6,0,18,0,0,0,22,0,23,0,1,0,0.019163763066202,0.0200348432055749,0.0008710801393728
2021-01-03,Amador,005,37829.0,740,76,598,23,142,53,0,0,713,72,716,72,3,0,0.0188479737767321,0.0189272780142218,7.930423748975654e-05
2021-01-03,Butte,007,227075.0,3834,2,3303,1,528,1,3,0,3809,2,3824,2,15,0,0.016774193548387,0.0168402510183859,6.605746999889905e-05
2021-01-03,Calaveras,009,45235.0,664,10,587,4,77,6,0,0,627,10,643,10,16,0,0.0138609483806786,0.0142146567923068,0.0003537084116281
2021-01-03,Colusa,011,21464.0,127,0,52,0,75,0,0,0,128,0,128,0,0,0,0.0059634737234439,0.0059634737234439,0.0
2021-01-03,Contra Costa,013,1133247.0,20618,196,14715,134,5884,62,15,0,20392,194,20516,194,124,1,0.0179943119196432,0.0181037320195861,0.0001094200999429
2021-01-03,Del Norte,015,27424.0,273,1,239,1,34,0,0,0,267,1,270,1,3,0,0.0097359976662777,0.009845390898483,0.0001093932322053
2021-01-03,El Dorado,017,186661.0,3300,96,2249,17,1049,79,2,0,3269,95,3288,95,19,1,0.0175130316456035,0.0176148204499065,0.0001017888043029
2021-01-03,Fresno,019,978130.0,11965,166,8950,141,3014,25,0,0,11903,155,11931,155,28,10,0.0121691390714935,0.0121977651232453,2.862605175181213e-05
2021-01-03,Glenn,021,27897.0,382,0,329,0,53,0,0,0,375,0,378,0,3,0,0.0134423056242606,0.0135498440692547,0.000107538444994
2021-01-03,Humboldt,023,135768.0,2391,0,1798,0,584,0,0,0,2379,0,2384,0,5,0,0.0175225384479406,0.0175593659772553,3.6827529314713335e-05
2021-01-03,Imperial,025,180216.0,1838,92,909,1,929,91,0,0,1827,90,1831,90,4,0,0.0101378345984818,0.010160030185999,2.219558751720158e-05
2021-01-03,Inyo,027,18085.0,709,0,598,0,103,0,0,0,698,0,699,0,1,0,0.0385955211501244,0.0386508155930329,5.52944429084877e-05
2021-01-03,Kern,029,883053.0,5936,27,4579,5,1350,22,1,0,5923,27,5932,27,9,0,0.006707411672912,0.0067176035866476,1.0191913735642142e-05
2021-01-03,Kings,031,150075.0,959,1,774,1,185,0,0,0,1031,1,1036,1,5,0,0.0068698983841412,0.006903215059137,3.3316674995835414e-05
2021-01-03,Lake,033,64148.0,706,0,663,0,43,0,0,0,702,0,705,0,3,0,0.0109434432873978,0.0109902101390534,4.676685165554655e-05
2021-01-03,Lassen,035,31185.0,179,0,159,0,20,0,0,0,173,0,178,0,5,0,0.0055475388808722,0.005707872374539,0.0001603334936668
2021-01-03,Los Angeles,037,10098052.0,150339,1031,116552,261,33501,762,193,3,148646,1019,149532,1023,886,7,0.0147202648590044,0.0148080045537495,8.773969474508548e-05
2021-01-03,Madera,039,155013.0,1284,4,724,4,559,0,1,0,1262,4,1267,4,5,0,0.0081412526691309,0.0081735080283589,3.225535922793572e-05
2021-01-03,Marin,041,260295.0,5392,57,3358,37,2028,20,5,0,5342,52,5367,52,25,5,0.0205228682840623,0.0206189131562265,9.604487216427514e-05
2021-01-03,Mariposa,043,17540.0,276,0,193,0,82,0,0,0,268,0,274,0,6,0,0.015279361459521,0.0156214367160775,0.0003420752565564
2021-01-03,Mendocino,045,87422.0,1472,1,904,0,567,0,1,1,1347,0,1356,1,9,1,0.0154080208643133,0.0155109697787742,0.0001029489144608
2021-01-03,Merced,047,269075.0,1947,12,1552,7,377,5,2,0,1701,12,1727,12,26,0,0.0063216575304283,0.0064182848648146,9.662733438632352e-05
2021-01-03,Modoc,049,8938.0,138,0,121,0,17,0,0,0,137,0,138,0,1,0,0.015327813828597,0.0154396956813604,0.0001118818527634
2021-01-03,Mono,051,14174.0,396,1,280,0,116,1,0,0,395,1,396,1,1,0,0.0278679271906307,0.0279384789050373,7.055171440666009e-05
2021-01-03,Monterey,053,433212.0,5751,39,3614,33,2134,6,0,0,5734,39,5739,39,5,0,0.013236013776165,0.0132475554693775,1.1541693212561055e-05
2021-01-03,Napa,055,140530.0,3698,13,3093,11,604,2,1,0,3725,9,3733,9,8,3,0.0265067957019853,0.0265637230484594,5.692734647406248e-05
2021-01-03,Nevada,057,99092.0,1231,132,1003,128,228,4,0,0,1224,132,1228,132,4,0,0.0123521575909256,0.0123925241190005,4.036652807492028e-05
2021-01-03,Orange,059,3164182.0,47590,594,39848,337,7617,257,100,0,47023,591,47347,591,324,3,0.0148610288535868,0.0149634249862997,0.0001023961327129
2021-01-03,Placer,061,380077.0,7324,162,6080,87,1240,75,3,0,7251,156,7287,156,36,6,0.0190777132002199,0.0191724308495383,9.471764931842758e-05
2021-01-03,Plumas,063,18699.0,282,0,230,0,51,0,1,0,281,0,282,0,1,0,0.0150275415797636,0.0150810203754211,5.3478795657521794e-05
2021-01-03,Riverside,065,2383286.0,24294,390,19574,322,4703,66,7,0,24044,384,24167,384,123,3,0.0100885919692391,0.0101402013858177,5.160941657862296e-05
2021-01-03,Sacramento,067,1510023.0,22316,440,17680,237,4621,203,14,0,21902,434,22082,434,180,6,0.0145044148334164,0.0146236183157475,0.000119203482331
2021-01-03,San Benito,069,59416.0,787,4,647,2,139,2,0,0,782,3,784,3,2,1,0.0131614379964992,0.0131950989632422,3.3660966742964855e-05
2021-01-03,San Bernardino,071,2135413.0,27910,182,20213,86,7683,96,8,0,27803,182,27859,182,56,0,0.0130199638196451,0.0130461882549183,2.6224435273176665e-05
2021-01-03,San Diego,073,3302833.0,61504,919,42769,666,18482,253,209,0,58869,907,60222,907,1353,12,0.0178237894559004,0.0182334377790218,0.0004096483231213
2021-01-03,San Francisco,075,870044.0,14473,302,10500,122,3958,179,14,1,14344,299,14420,300,76,3,0.0164865225207001,0.0165738744247417,8.735190404163468e-05
2021-01-03,San Joaquin,077,732212.0,9114,47,7723,26,1390,21,1,0,8411,44,8519,44,108,2,0.0114871102904623,0.0116346085559919,0.0001474982655296
2021-01-03,San Luis Obispo,079,281455.0,6047,28,3734,7,2309,21,3,0,6022,28,6037,28,15,0,0.0213959602778419,0.0214492547654154,5.329448757350198e-05
2021-01-03,San Mateo,081,765935.0,13926,304,10978,224,2913,79,32,0,13754,296,13845,297,91,6,0.0179571373549974,0.0180759463923178,0.0001188090373203
2021-01-03,Santa Barbara,083,443738.0,6240,26,4687,18,1544,8,2,0,6205,26,6222,26,17,0,0.0139834767362723,0.0140217876314401,3.8310895167869325e-05
2021-01-03,Santa Clara,085,1922200.0,31558,596,26494,381,5005,215,51,0,31130,591,31365,591,235,5,0.0161949849131203,0.0163172406617417,0.0001222557486213
2021-01-03,Santa Cruz,087,273765.0,4530,15,3109,8,1417,7,4,0,4497,15,4517,15,20,0,0.0164264971782368,0.0164995525359341,7.305535769729512e-05
2021-01-03,Shasta,089,179085.0,2098,1,1749,0,349,1,0,0,1743,1,1922,1,179,0,0.0097328084429181,0.0107323338079682,0.0009995253650501
2021-01-03,Sierra,091,2930.0,85,0,30,0,55,0,0,0,85,0,85,0,0,0,0.0290102389078498,0.0290102389078498,0.0
2021-01-03,Siskiyou,093,43540.0,597,1,467,0,128,1,1,0,583,1,590,1,7,0,0.0133899862195682,0.0135507579237482,0.00016077170418
2021-01-03,Solano,095,438530.0,8583,58,5713,42,2869,16,1,0,8530,50,8559,51,29,8,0.0194513488244817,0.0195174788497936,6.613002531183728e-05
2021-01-03,Sonoma,097,501317.0,9966,25,6949,8,2986,17,31,0,9834,25,9897,25,63,0,0.0196163305852384,0.0197419995731243,0.0001256689878859
2021-01-03,Stanislaus,099,539301.0,5397,98,4640,90,755,8,0,0,5236,97,5290,97,54,0,0.0097088638812091,0.0098089934934294,0.0001001296122202
2021-01-03,Sutter,101,95872.0,1150,1,823,0,327,1,0,0,1139,1,1143,1,4,0,0.0118804238985313,0.0119221461949265,4.172229639519359e-05
2021-01-03,Tehama,103,63373.0,435,0,350,0,85,0,0,0,407,0,420,0,13,0,0.006422293405709,0.0066274280845154,0.0002051346788064
2021-01-03,Trinity,105,12862.0,107,0,97,0,9,0,0,0,104,0,105,0,1,0,0.008085834240398,0.0081635826465557,7.774840615767377e-05
2021-01-03,Tulare,107,460477.0,3926,24,3586,9,337,15,2,0,3914,24,3928,24,14,0,0.0084998816444686,0.008530284900223,3.0403255754359067e-05
2021-01-03,Tuolumne,109,53932.0,1090,3,926,3,164,0,0,0,1060,3,1075,3,15,0,0.0196543795891122,0.0199325076021656,0.0002781280130534
2021-01-03,Ventura,111,848112.0,13631,23,11538,14,2078,9,6,0,13526,23,13580,23,54,0,0.015948365310242,0.0160120361461693,6.367083592733036e-05
2021-01-03,Yolo,113,214977.0,4167,48,2965,22,1201,26,0,0,4097,48,4132,48,35,0,0.0190578527005214,0.0192206608148778,0.0001628081143564
2021-01-03,Yuba,115,75493.0,550,9,371,5,178,4,0,0,545,9,548,9,3,0,0.0072192123773065,0.0072589511610347,3.973878372829269e-05
2021-01-02,Alameda,001,1643700.0,24761,738,17424,534,7315,204,15,0,24544,735,24656,735,112,1,0.0149321652369653,0.0150003041917624,6.81389547971041e-05
2021-01-02,Alpine,003,1148.0,24,1,6,1,18,0,0,0,22,1,23,1,1,0,0.019163763066202,0.0200348432055749,0.0008710801393728
2021-01-02,Amador,005,37829.0,664,61,575,61,89,0,0,0,641,56,644,56,3,0,0.0169446720769779,0.0170239763144677,7.930423748975654e-05
2021-01-02,Butte,007,227075.0,3832,39,3302,36,527,2,3,1,3807,38,3822,39,15,1,0.0167653858857205,0.0168314433557194,6.605746999889905e-05
2021-01-02,Calaveras,009,45235.0,654,10,583,10,71,0,0,0,617,9,633,9,16,1,0.013639880623411,0.0139935890350392,0.0003537084116281
2021-01-02,Colusa,011,21464.0,127,0,52,0,75,0,0,0,128,0,128,0,0,0,0.0059634737234439,0.0059634737234439,0.0
2021-01-02,Contra Costa,013,1133247.0,20422,355,14581,181,5822,174,15,0,20199,353,20322,353,123,1,0.0178240048286031,0.0179325425083851,0.000108537679782
2021-01-02,Del Norte,015,27424.0,272,1,238,1,34,0,0,0,266,0,269,0,3,1,0.0096995332555425,0.0098089264877479,0.0001093932322053
2021-01-02,El Dorado,017,186661.0,3204,145,2232,133,970,12,2,0,3175,145,3193,145,18,0,0.0170094449295782,0.0171058764283915,9.643149881335684e-05
2021-01-02,Fresno,019,978130.0,11799,1030,8809,712,2989,318,0,0,11758,1029,11776,1029,18,1,0.0120208970177788,0.0120392994796192,1.8402461840450656e-05
2021-01-02,Glenn,021,27897.0,382,4,329,4,53,0,0,0,375,4,378,4,3,0,0.0134423056242606,0.0135498440692547,0.000107538444994
2021-01-02,Humboldt,023,135768.0,2391,39,1798,1,584,38,0,0,2379,39,2384,39,5,0,0.0175225384479406,0.0175593659772553,3.6827529314713335e-05
2021-01-02,Imperial,025,180216.0,1746,7,908,3,838,4,0,0,1737,7,1741,7,4,0,0.0096384338793447,0.0096606294668619,2.219558751720158e-05
2021-01-02,Inyo,027,18085.0,709,0,598,0,103,0,0,0,698,0,699,0,1,0,0.0385955211501244,0.0386508155930329,5.52944429084877e-05
2021-01-02,Kern,029,883053.0,5909,79,4574,19,1328,60,1,0,5896,79,5905,79,9,0,0.0066768359317051,0.0066870278454407,1.0191913735642142e-05
2021-01-02,Kings,031,150075.0,958,11,773,9,185,2,0,0,1030,11,1035,11,5,0,0.006863235049142,0.0068965517241379,3.3316674995835414e-05
2021-01-02,Lake,033,64148.0,706,15,663,15,43,0,0,0,702,15,705,15,3,0,0.0109434432873978,0.0109902101390534,4.676685165554655e-05
2021-01-02,Lassen,035,31185.0,179,1,159,1,20,0,0,0,173,1,178,1,5,0,0.0055475388808722,0.005707872374539,0.0001603334936668
2021-01-02,Los Angeles,037,10098052.0,149308,4569,116291,1736,32739,2829,190,0,147630,4558,148509,4558,879,3,0.01461965139415,0.0147066978858892,8.70464917391988e-05
2021-01-02,Madera,039,155013.0,1280,92,720,33,559,59,1,0,1258,92,1263,92,5,0,0.0081154483817486,0.0081477037409765,3.225535922793572e-05
2021-01-02,Marin,041,260295.0,5335,114,3321,105,2008,9,5,0,5295,114,5315,114,20,0,0.0203423039243934,0.0204191398221248,7.683589773142012e-05
2021-01-02,Mariposa,043,17540.0,276,1,193,1,82,0,0,0,268,1,274,1,6,0,0.015279361459521,0.0156214367160775,0.0003420752565564
2021-01-02,Mendocino,045,87422.0,1471,1,904,1,567,0,0,0,1347,1,1355,1,8,0,0.0154080208643133,0.0154995310105007,9.151014618745854e-05
2021-01-02,Merced,047,269075.0,1935,143,1545,128,372,14,2,0,1689,141,1715,141,26,0,0.006277060299173,0.0063736876335594,9.662733438632352e-05
2021-01-02,Modoc,049,8938.0,138,3,121,1,17,2,0,0,137,3,138,3,1,0,0.015327813828597,0.0154396956813604,0.0001118818527634
2021-01-02,Mono,051,14174.0,395,1,280,1,115,0,0,0,394,1,395,1,1,0,0.027797375476224,0.0278679271906307,7.055171440666009e-05
2021-01-02,Monterey,053,433212.0,5712,143,3581,137,2128,6,0,0,5695,143,5700,143,5,0,0.013145988569107,0.0131575302623196,1.1541693212561055e-05
2021-01-02,Napa,055,140530.0,3685,100,3082,96,602,4,1,0,3719,100,3724,100,5,0,0.0264641001921297,0.026499679783676,3.557959154628905e-05
2021-01-02,Nevada,057,99092.0,1099,3,875,1,224,2,0,0,1092,3,1096,3,4,0,0.0110200621644532,0.0110604286925281,4.036652807492028e-05
2021-01-02,Orange,059,3164182.0,46996,1414,39511,863,7360,551,100,0,46435,1411,46756,1411,321,3,0.0146751988349595,0.0147766468553325,0.000101448020373
2021-01-02,Placer,061,380077.0,7162,200,5993,166,1165,34,3,0,7101,198,7131,199,30,1,0.0186830563280598,0.0187619877024918,7.893137443202298e-05
2021-01-02,Plumas,063,18699.0,282,1,230,0,51,1,1,0,281,1,282,1,1,0,0.0150275415797636,0.0150810203754211,5.3478795657521794e-05
2021-01-02,Riverside,065,2383286.0,23904,957,19252,733,4637,224,7,0,23663,950,23783,950,120,4,0.0099287286544711,0.0099790793047917,5.0350650320607766e-05
2021-01-02,Sacramento,067,1510023.0,21876,596,17443,395,4418,201,14,0,21474,595,21648,596,174,1,0.0142209754420959,0.0143362054750159,0.00011523003292
2021-01-02,San Benito,069,59416.0,783,22,645,21,137,1,0,0,780,22,781,22,1,0,0.0131277770297562,0.0131446075131277,1.6830483371482428e-05
2021-01-02,San Bernardino,071,2135413.0,27728,513,20127,359,7587,154,8,0,27621,512,27677,512,56,0,0.0129347344050073,0.0129609588402805,2.6224435273176665e-05
2021-01-02,San Diego,073,3302833.0,60585,3899,42103,1450,18229,2448,209,0,57974,3759,59315,3762,1341,127,0.0175528099664742,0.0179588250450446,0.0004060150785704
2021-01-02,San Francisco,075,870044.0,14171,362,10378,317,3779,45,13,0,14047,360,14120,360,73,1,0.0161451604746426,0.0162290642772089,8.390380256630699e-05
2021-01-02,San Joaquin,077,732212.0,9067,295,7697,266,1369,29,1,0,8369,293,8475,293,106,0,0.0114297498538674,0.0115745166700354,0.0001447668161679
2021-01-02,San Luis Obispo,079,281455.0,6019,51,3727,7,2288,44,3,0,5994,51,6009,51,15,0,0.0212964772343713,0.0213497717219448,5.329448757350198e-05
2021-01-02,San Mateo,081,765935.0,13622,406,10754,280,2834,126,32,0,13463,405,13548,405,85,0,0.0175772095543355,0.0176881850287557,0.0001109754744201
2021-01-02,Santa Barbara,083,443738.0,6214,595,4669,234,1536,360,2,0,6179,593,6196,594,17,1,0.0139248836024861,0.013963194497654,3.8310895167869325e-05
2021-01-02,Santa Clara,085,1922200.0,30962,1117,26113,841,4790,276,51,0,30544,1115,30774,1116,230,1,0.0158901258974092,0.0160097804598897,0.0001196545624804
2021-01-02,Santa Cruz,087,273765.0,4515,62,3101,50,1410,12,4,0,4482,62,4502,62,20,0,0.0163717056599638,0.0164447610176611,7.305535769729512e-05
2021-01-02,Shasta,089,179085.0,2097,3,1749,0,348,3,0,0,1742,3,1921,3,179,0,0.0097272245023312,0.0107267498673814,0.0009995253650501
2021-01-02,Sierra,091,2930.0,85,0,30,0,55,0,0,0,85,0,85,0,0,0,0.0290102389078498,0.0290102389078498,0.0
2021-01-02,Siskiyou,093,43540.0,596,0,467,0,127,0,1,0,582,0,589,0,7,0,0.0133670188332567,0.0135277905374368,0.00016077170418
2021-01-02,Solano,095,438530.0,8525,222,5671,171,2853,51,1,0,8487,222,8508,222,21,0,0.0193532939593642,0.0194011812190728,4.788725970857182e-05
2021-01-02,Sonoma,097,501317.0,9941,144,6941,133,2969,11,31,0,9809,144,9872,144,63,0,0.019566461939252,0.0196921309271379,0.0001256689878859
2021-01-02,Stanislaus,099,539301.0,5299,39,4550,29,747,10,0,0,5139,35,5193,35,54,2,0.0095290014296283,0.0096291310418486,0.0001001296122202
2021-01-02,Sutter,101,95872.0,1149,131,823,129,326,2,0,0,1138,131,1142,131,4,0,0.0118699933244325,0.0119117156208277,4.172229639519359e-05
2021-01-02,Tehama,103,63373.0,435,0,350,0,85,0,0,0,407,0,420,0,13,0,0.006422293405709,0.0066274280845154,0.0002051346788064
2021-01-02,Trinity,105,12862.0,107,0,97,0,9,0,0,0,104,0,105,0,1,0,0.008085834240398,0.0081635826465557,7.774840615767377e-05
2021-01-02,Tulare,107,460477.0,3902,37,3577,21,322,15,2,1,3890,36,3904,37,14,1,0.0084477617774611,0.0084781650332155,3.0403255754359067e-05
2021-01-02,Tuolumne,109,53932.0,1087,118,923,115,164,3,0,0,1057,118,1072,118,15,0,0.0195987539865015,0.0198768819995549,0.0002781280130534
2021-01-02,Ventura,111,848112.0,13608,188,11524,84,2069,104,6,0,13503,187,13557,188,54,1,0.0159212462504952,0.0159849170864225,6.367083592733036e-05
2021-01-02,Yolo,113,214977.0,4119,82,2943,33,1175,49,0,0,4049,81,4084,81,35,1,0.0188345730008326,0.018997381115189,0.0001628081143564
2021-01-02,Yuba,115,75493.0,541,22,366,19,174,3,0,0,536,22,539,22,3,0,0.0070999960261216,0.0071397348098499,3.973878372829269e-05
2021-01-01,Alameda,001,1643700.0,24023,189,16890,80,7111,107,15,0,23810,188,23921,188,111,2,0.0144856117296343,0.0145531423009064,6.753057127212996e-05
2021-01-01,Alpine,003,1148.0,23,1,5,0,18,1,0,0,21,0,22,0,1,1,0.0182926829268292,0.019163763066202,0.0008710801393728
2021-01-01,Amador,005,37829.0,603,3,514,1,89,2,0,0,585,3,588,3,3,0,0.0154643263105025,0.0155436305479922,7.930423748975654e-05
2021-01-01,Butte,007,227075.0,3793,30,3266,9,525,19,2,2,3769,26,3783,28,14,3,0.0165980402950567,0.0166596939337223,6.16536386656391e-05
2021-01-01,Calaveras,009,45235.0,644,3,573,1,71,2,0,0,609,1,624,1,15,1,0.0134630264175969,0.0137946280534983,0.0003316016359014
2021-01-01,Colusa,011,21464.0,127,2,52,2,75,0,0,0,128,3,128,3,0,0,0.0059634737234439,0.0059634737234439,0.0
2021-01-01,Contra Costa,013,1133247.0,20067,90,14400,40,5648,49,15,1,19847,89,19969,90,122,2,0.0175133929319909,0.0176210481916122,0.0001076552596212
2021-01-01,Del Norte,015,27424.0,271,2,237,1,34,1,0,0,267,2,269,2,2,0,0.0097359976662777,0.0098089264877479,7.292882147024503e-05
2021-01-01,El Dorado,017,186661.0,3059,12,2099,6,958,6,2,0,3030,12,3048,12,18,0,0.0162326356335817,0.016329067132395,9.643149881335684e-05
2021-01-01,Fresno,019,978130.0,10769,11,8097,4,2671,7,0,0,10730,11,10747,11,17,0,0.0109699119748908,0.0109872920777401,1.7380102849314507e-05
2021-01-01,Glenn,021,27897.0,378,0,325,0,53,0,0,0,371,0,374,0,3,0,0.0132989210309352,0.0134064594759293,0.000107538444994
2021-01-01,Humboldt,023,135768.0,2352,3,1797,3,546,0,0,0,2340,3,2345,3,5,0,0.0172352837192858,0.0172721112486005,3.6827529314713335e-05
2021-01-01,Imperial,025,180216.0,1739,12,905,8,834,4,0,0,1730,12,1734,12,4,0,0.0095995916011896,0.0096217871887068,2.219558751720158e-05
2021-01-01,Inyo,027,18085.0,709,5,598,0,103,3,0,0,698,3,699,3,1,0,0.0385955211501244,0.0386508155930329,5.52944429084877e-05
2021-01-01,Kern,029,883053.0,5830,40,4555,17,1268,18,1,0,5817,41,5826,41,9,0,0.0065873735778033,0.006597565491539,1.0191913735642142e-05
2021-01-01,Kings,031,150075.0,947,1,764,0,183,1,0,0,1019,1,1024,1,5,0,0.0067899383641512,0.006823255039147,3.3316674995835414e-05
2021-01-01,Lake,033,64148.0,691,10,648,6,43,4,0,0,687,10,690,10,3,0,0.0107096090291201,0.0107563758807757,4.676685165554655e-05
2021-01-01,Lassen,035,31185.0,178,0,158,0,20,0,0,0,172,0,177,0,5,0,0.0055154721821388,0.0056758056758056,0.0001603334936668
2021-01-01,Los Angeles,037,10098052.0,144739,1366,114555,441,29910,880,190,16,143075,1304,143951,1322,876,36,0.0141685742953195,0.0142553237000562,8.674940473667594e-05
2021-01-01,Madera,039,155013.0,1188,3,687,1,500,2,1,0,1166,3,1171,3,5,0,0.0075219497719546,0.0075542051311825,3.225535922793572e-05
2021-01-01,Marin,041,260295.0,5221,35,3216,19,1999,13,5,3,5181,31,5201,34,20,4,0.0199043393073243,0.0199811752050558,7.683589773142012e-05
2021-01-01,Mariposa,043,17540.0,275,1,192,0,82,1,0,0,267,1,273,1,6,0,0.0152223489167616,0.0155644241733181,0.0003420752565564
2021-01-01,Mendocino,045,87422.0,1470,12,903,5,567,7,0,0,1346,12,1354,12,8,0,0.0153965820960398,0.0154880922422273,9.151014618745854e-05
2021-01-01,Merced,047,269075.0,1792,26,1417,5,358,8,2,0,1548,12,1574,12,26,1,0.0057530428319241,0.0058496701663105,9.662733438632352e-05
2021-01-01,Modoc,049,8938.0,135,0,120,0,15,0,0,0,134,0,135,0,1,0,0.0149921682703065,0.01510405012307,0.0001118818527634
2021-01-01,Mono,051,14174.0,394,1,279,1,115,0,0,0,393,1,394,1,1,0,0.0277268237618174,0.027797375476224,7.055171440666009e-05
2021-01-01,Monterey,053,433212.0,5569,15,3444,3,2122,11,0,0,5552,13,5557,13,5,1,0.0128158961432277,0.0128274378364403,1.1541693212561055e-05
2021-01-01,Napa,055,140530.0,3585,6,2986,3,598,3,1,0,3619,6,3624,6,5,0,0.025752508361204,0.0257880879527503,3.557959154628905e-05
2021-01-01,Nevada,057,99092.0,1096,4,874,2,222,2,0,0,1089,3,1093,4,4,1,0.010989787268397,0.0110301537964719,4.036652807492028e-05
2021-01-01,Orange,059,3164182.0,45582,854,38648,457,6809,368,100,15,45027,813,45345,831,318,32,0.0142302181100834,0.0143307180181165,0.0001004999080331
2021-01-01,Placer,061,380077.0,6962,17,5827,12,1131,5,3,0,6903,17,6932,17,29,0,0.0181621092568084,0.0182384095854261,7.630032861762222e-05
2021-01-01,Plumas,063,18699.0,281,11,230,4,50,6,1,1,280,10,281,11,1,1,0.0149740627841061,0.0150275415797636,5.3478795657521794e-05
2021-01-01,Riverside,065,2383286.0,22947,175,18519,75,4413,97,7,1,22717,167,22833,169,116,6,0.0095317976944437,0.0095804699897536,4.867229530992084e-05
2021-01-01,Sacramento,067,1510023.0,21280,110,17048,86,4217,24,14,0,20879,107,21052,107,173,2,0.0138269417088349,0.0139415095001864,0.0001145677913515
2021-01-01,San Benito,069,59416.0,761,2,624,0,136,2,0,0,758,2,759,2,1,0,0.0127575063955836,0.0127743368789551,1.6830483371482428e-05
2021-01-01,San Bernardino,071,2135413.0,27215,277,19768,155,7433,119,8,2,27109,269,27165,271,56,6,0.0126949681396526,0.0127211925749257,2.6224435273176665e-05
2021-01-01,San Diego,073,3302833.0,56686,1556,40653,701,15781,837,209,16,54339,1439,55553,1453,1214,80,0.0164522396379108,0.0168198028783168,0.000367563240406
2021-01-01,San Francisco,075,870044.0,13809,92,10061,71,3734,20,13,1,13688,90,13760,91,72,2,0.0157325376647617,0.0158152921001696,8.275443540786443e-05
2021-01-01,San Joaquin,077,732212.0,8772,46,7431,21,1340,24,1,1,8076,40,8182,41,106,4,0.0110295925223842,0.0111743593385522,0.0001447668161679
2021-01-01,San Luis Obispo,079,281455.0,5968,49,3720,21,2244,25,3,3,5943,46,5958,49,15,3,0.0211152759766214,0.0211685704641949,5.329448757350198e-05
2021-01-01,San Mateo,081,765935.0,13216,104,10474,74,2708,26,32,4,13058,98,13143,103,85,6,0.0170484440585689,0.017159419532989,0.0001109754744201
2021-01-01,Santa Barbara,083,443738.0,5619,131,4435,121,1176,8,2,0,5586,128,5602,128,16,1,0.0125885094357481,0.0126245667488472,3.605731309917113e-05
2021-01-01,Santa Clara,085,1922200.0,29845,175,25272,30,4514,141,51,2,29429,165,29658,168,229,6,0.0153100613879929,0.0154291957132452,0.0001191343252523
2021-01-01,Santa Cruz,087,273765.0,4453,33,3051,2,1398,31,4,0,4420,33,4440,33,20,0,0.0161452340511022,0.0162182894087995,7.305535769729512e-05
2021-01-01,Shasta,089,179085.0,2094,0,1749,0,345,0,0,0,1739,0,1918,0,179,0,0.0097104726805706,0.0107099980456207,0.0009995253650501
2021-01-01,Sierra,091,2930.0,85,1,30,1,55,0,0,0,85,1,85,1,0,0,0.0290102389078498,0.0290102389078498,0.0
2021-01-01,Siskiyou,093,43540.0,596,0,467,0,127,0,1,0,582,0,589,0,7,0,0.0133670188332567,0.0135277905374368,0.00016077170418
2021-01-01,Solano,095,438530.0,8303,18,5500,16,2802,2,1,0,8265,18,8286,18,21,0,0.0188470572138736,0.0188949444735821,4.788725970857182e-05
2021-01-01,Sonoma,097,501317.0,9797,619,6808,296,2958,292,31,31,9665,585,9728,618,63,33,0.0192792185383699,0.0194048875262558,0.0001256689878859
2021-01-01,Stanislaus,099,539301.0,5260,43,4521,17,737,24,0,0,5106,35,5158,35,52,3,0.0094678111110493,0.0095642322191132,9.642110806395686e-05
2021-01-01,Sutter,101,95872.0,1018,6,694,3,324,3,0,0,1007,6,1011,6,4,0,0.0105035881174899,0.0105453104138851,4.172229639519359e-05
2021-01-01,Tehama,103,63373.0,435,2,350,0,85,2,0,0,407,2,420,2,13,0,0.006422293405709,0.0066274280845154,0.0002051346788064
2021-01-01,Trinity,105,12862.0,107,0,97,0,9,0,0,0,104,0,105,0,1,0,0.008085834240398,0.0081635826465557,7.774840615767377e-05
2021-01-01,Tulare,107,460477.0,3865,7,3556,1,307,5,1,1,3854,6,3867,7,13,1,0.0083695819769499,0.008397813571579,2.8231594629047707e-05
2021-01-01,Tuolumne,109,53932.0,969,8,808,5,161,3,0,0,939,7,954,8,15,1,0.0174108136171475,0.0176889416302009,0.0002781280130534
2021-01-01,Ventura,111,848112.0,13420,60,11440,27,1965,30,6,2,13316,56,13369,59,53,3,0.0157007565038579,0.0157632482502311,6.249174637312053e-05
2021-01-01,Yolo,113,214977.0,4037,54,2910,52,1126,2,0,0,3969,53,4003,53,34,1,0.0184624401680179,0.0186205966219642,0.0001581564539462
2021-01-01,Yuba,115,75493.0,519,1,347,0,171,1,0,0,514,1,517,1,3,0,0.0068085782787808,0.0068483170625091,3.973878372829269e-05
2020-12-31,Alameda,001,1643700.0,23834,1835,16810,492,7004,1343,15,0,23624,1831,23733,1834,109,4,0.0143724523939891,0.0144387661982113,6.631380422218166e-05
2020-12-31,Alpine,003,1148.0,22,1,5,0,17,1,0,0,22,1,22,1,0,0,0.019163763066202,0.019163763066202,0.0
2020-12-31,Amador,005,37829.0,600,208,513,184,87,24,0,0,582,199,585,199,3,1,0.0153850220730127,0.0154643263105025,7.930423748975654e-05
2020-12-31,Butte,007,227075.0,3763,217,3257,20,506,197,0,0,3744,216,3755,216,11,0,0.0164879445117252,0.016536386656391,4.84421446658593e-05
2020-12-31,Calaveras,009,45235.0,641,39,572,29,69,10,0,0,609,34,623,34,14,2,0.0134630264175969,0.0137725212777716,0.0003094948601746
2020-12-31,Colusa,011,21464.0,125,18,50,1,75,17,0,0,125,18,125,18,0,0,0.0058237048080506,0.0058237048080506,0.0
2020-12-31,Contra Costa,013,1133247.0,19977,993,14360,320,5599,673,14,0,19759,991,19879,992,120,2,0.0174357399578379,0.0175416303771375,0.0001058904192995
2020-12-31,Del Norte,015,27424.0,269,16,236,12,33,4,0,0,265,16,267,16,2,0,0.0096630688448074,0.0097359976662777,7.292882147024503e-05
2020-12-31,El Dorado,017,186661.0,3047,119,2093,70,952,49,2,0,3018,119,3036,119,18,0,0.0161683479677061,0.0162647794665195,9.643149881335684e-05
2020-12-31,Fresno,019,978130.0,10758,950,8093,309,2664,641,0,0,10719,949,10736,949,17,1,0.0109586660259883,0.0109760461288376,1.7380102849314507e-05
2020-12-31,Glenn,021,27897.0,378,36,325,8,53,28,0,0,371,36,374,36,3,0,0.0132989210309352,0.0134064594759293,0.000107538444994
2020-12-31,Humboldt,023,135768.0,2349,220,1794,53,546,167,0,0,2337,220,2342,220,5,0,0.017213187201697,0.0172500147310117,3.6827529314713335e-05
2020-12-31,Imperial,025,180216.0,1727,201,897,30,830,171,0,0,1718,201,1722,201,4,0,0.009533004838638,0.0095552004261552,2.219558751720158e-05
2020-12-31,Inyo,027,18085.0,704,53,598,0,100,51,0,0,695,51,696,51,1,0,0.0384296378213989,0.0384849322643074,5.52944429084877e-05
2020-12-31,Kern,029,883053.0,5790,276,4538,97,1250,179,1,0,5776,276,5785,276,9,0,0.0065409437485632,0.0065511356622988,1.0191913735642142e-05
2020-12-31,Kings,031,150075.0,946,44,764,5,182,39,0,0,1018,44,1023,44,5,0,0.006783275029152,0.0068165917041479,3.3316674995835414e-05
2020-12-31,Lake,033,64148.0,681,70,642,68,39,2,0,0,677,69,680,69,3,1,0.0105537195236016,0.0106004863752572,4.676685165554655e-05
2020-12-31,Lassen,035,31185.0,178,53,158,42,20,11,0,0,172,51,177,53,5,2,0.0055154721821388,0.0056758056758056,0.0001603334936668
2020-12-31,Los Angeles,037,10098052.0,143373,8293,114114,2867,29030,5421,174,1,141789,8252,142629,8259,840,30,0.014041223000238,0.0141244073609444,8.318436070640159e-05
2020-12-31,Madera,039,155013.0,1185,206,686,83,498,123,1,0,1163,206,1168,206,5,0,0.0075025965564178,0.0075348519156457,3.225535922793572e-05
2020-12-31,Marin,041,260295.0,5186,199,3197,40,1986,159,2,0,5151,199,5167,199,16,0,0.0197890854607272,0.0198505541789123,6.146871818513609e-05
2020-12-31,Mariposa,043,17540.0,274,20,192,0,81,20,0,0,266,18,272,18,6,0,0.0151653363740022,0.0155074116305587,0.0003420752565564
2020-12-31,Mendocino,045,87422.0,1458,145,898,106,560,39,0,0,1334,144,1342,145,8,1,0.0152593168767587,0.0153508270229461,9.151014618745854e-05
2020-12-31,Merced,047,269075.0,1766,133,1412,54,350,79,2,0,1537,123,1562,123,25,1,0.0057121620366068,0.0058050729350552,9.2910898448388e-05
2020-12-31,Modoc,049,8938.0,135,0,120,0,15,0,0,0,134,0,135,0,1,0,0.0149921682703065,0.01510405012307,0.0001118818527634
2020-12-31,Mono,051,14174.0,393,4,278,1,115,3,0,0,392,4,393,4,1,0,0.0276562720474107,0.0277268237618174,7.055171440666009e-05
2020-12-31,Monterey,053,433212.0,5554,38,3441,10,2111,28,0,0,5540,38,5544,38,4,0,0.0127881960795176,0.0127974294340876,9.233354570048845e-06
2020-12-31,Napa,055,140530.0,3579,439,2983,356,595,83,1,0,3613,439,3618,439,5,0,0.0257098128513484,0.0257453924428947,3.557959154628905e-05
2020-12-31,Nevada,057,99092.0,1092,47,872,11,220,36,0,0,1086,47,1089,47,3,0,0.0109595123723408,0.010989787268397,3.0274896056190207e-05
2020-12-31,Orange,059,3164182.0,44728,1648,38191,881,6441,766,85,0,44228,1638,44514,1642,286,7,0.013977704190214,0.0140680908999545,9.038670974046372e-05
2020-12-31,Placer,061,380077.0,6945,563,5815,371,1126,192,3,0,6886,560,6915,561,29,2,0.0181173814779636,0.0181936818065812,7.630032861762222e-05
2020-12-31,Plumas,063,18699.0,270,5,226,2,44,3,0,0,270,5,270,5,0,0,0.0144392748275308,0.0144392748275308,0.0
2020-12-31,Riverside,065,2383286.0,22772,1158,18444,450,4316,706,6,1,22554,1151,22664,1152,110,5,0.0094634047277582,0.0095095594905521,4.615476279389045e-05
2020-12-31,Sacramento,067,1510023.0,21170,1288,16962,704,4193,583,14,0,20774,1288,20945,1289,171,3,0.0137574063441417,0.0138706496523562,0.0001132433082145
2020-12-31,San Benito,069,59416.0,759,18,624,2,134,16,0,0,756,18,757,18,1,0,0.0127238454288407,0.0127406759122121,1.6830483371482428e-05
2020-12-31,San Bernardino,071,2135413.0,26938,1438,19613,450,7314,988,6,0,26844,1432,26894,1432,50,5,0.012570870365592,0.012594285039943,2.3414674351050596e-05
2020-12-31,San Diego,073,3302833.0,55130,3155,39952,1111,14944,2043,193,1,52966,3082,54100,3091,1134,68,0.0160365359072045,0.0163798775172707,0.0003433416100662
2020-12-31,San Francisco,075,870044.0,13717,1037,9990,445,3714,592,12,0,13599,1036,13669,1037,70,1,0.0156302439876603,0.0157106996887513,8.045570109097931e-05
2020-12-31,San Joaquin,077,732212.0,8726,487,7410,218,1316,269,0,0,8039,467,8141,468,102,15,0.0109790607091935,0.0111183646266381,0.0001393039174446
2020-12-31,San Luis Obispo,079,281455.0,5919,148,3699,8,2219,140,0,0,5897,147,5909,147,12,1,0.0209518395480627,0.0209944751381215,4.2635590058801584e-05
2020-12-31,San Mateo,081,765935.0,13112,733,10400,230,2682,503,28,0,12961,731,13040,731,79,2,0.0169218014583482,0.0170249433698682,0.0001031419115199
2020-12-31,Santa Barbara,083,443738.0,5488,282,4314,153,1168,129,2,0,5459,282,5474,282,15,0,0.0123023045130234,0.0123361082440539,3.380373103047294e-05
2020-12-31,Santa Clara,085,1922200.0,29670,1277,25242,414,4373,862,49,0,29267,1269,29490,1269,223,5,0.0152257829570284,0.0153417958589116,0.0001160129018832
2020-12-31,Santa Cruz,087,273765.0,4420,306,3049,9,1367,297,4,0,4387,303,4407,303,20,3,0.0160246927109016,0.0160977480685989,7.305535769729512e-05
2020-12-31,Shasta,089,179085.0,2094,83,1749,0,345,83,0,0,1739,83,1918,83,179,0,0.0097104726805706,0.0107099980456207,0.0009995253650501
2020-12-31,Sierra,091,2930.0,84,11,29,0,55,11,0,0,84,11,84,11,0,0,0.0286689419795221,0.0286689419795221,0.0
2020-12-31,Siskiyou,093,43540.0,596,13,467,1,127,12,1,0,582,13,589,13,7,0,0.0133670188332567,0.0135277905374368,0.00016077170418
2020-12-31,Solano,095,438530.0,8285,583,5484,159,2800,424,1,0,8247,580,8268,580,21,2,0.0188060109912662,0.0188538982509748,4.788725970857182e-05
2020-12-31,Sonoma,097,501317.0,9178,538,6512,70,2666,468,0,0,9080,538,9110,538,30,0,0.0181122922222864,0.0181721345974702,5.984237518376596e-05
2020-12-31,Stanislaus,099,539301.0,5217,302,4504,169,713,133,0,0,5074,296,5123,297,49,3,0.0094084750445484,0.0094993333963779,9.085835182949782e-05
2020-12-31,Sutter,101,95872.0,1012,71,691,8,321,63,0,0,1001,71,1005,71,4,0,0.0104410046728971,0.0104827269692923,4.172229639519359e-05
2020-12-31,Tehama,103,63373.0,433,16,350,6,83,10,0,0,405,16,418,16,13,0,0.0063907342243542,0.0065958689031606,0.0002051346788064
2020-12-31,Trinity,105,12862.0,107,3,97,1,9,2,0,0,104,3,105,3,1,0,0.008085834240398,0.0081635826465557,7.774840615767377e-05
2020-12-31,Tulare,107,460477.0,3858,105,3555,23,302,82,0,0,3848,105,3860,105,12,0,0.0083565520101981,0.0083826119437018,2.6059933503736343e-05
2020-12-31,Tuolumne,109,53932.0,961,26,803,18,158,8,0,0,932,24,946,24,14,2,0.0172810205443892,0.0175406066899058,0.0002595861455165
2020-12-31,Ventura,111,848112.0,13360,493,11413,171,1935,322,4,0,13260,492,13310,492,50,2,0.0156347274888222,0.0156936819665327,5.895447771049107e-05
2020-12-31,Yolo,113,214977.0,3983,194,2858,93,1124,101,0,0,3917,194,3950,194,33,0,0.0182205538266884,0.0183740586202244,0.000153504793536
2020-12-31,Yuba,115,75493.0,518,38,347,5,170,33,0,0,513,38,516,38,3,0,0.006795332017538,0.0068350708012663,3.973878372829269e-05
2020-12-30,Alameda,001,1643700.0,21999,3118,16318,1389,5661,1727,15,0,21794,3110,21899,3111,105,2,0.0132591105432864,0.0133229908134087,6.388027012228509e-05
2020-12-30,Alpine,003,1148.0,21,15,5,0,16,15,0,0,21,15,21,15,0,0,0.0182926829268292,0.0182926829268292,0.0
2020-12-30,Amador,005,37829.0,392,125,329,82,63,43,0,0,384,121,386,122,2,1,0.0101509423986888,0.0102038118903486,5.286949165983769e-05
2020-12-30,Butte,007,227075.0,3546,514,3237,290,309,224,0,0,3528,513,3539,513,11,1,0.015536716943741,0.0155851590884069,4.84421446658593e-05
2020-12-30,Calaveras,009,45235.0,602,102,543,87,59,15,0,0,577,97,589,97,12,1,0.0127556095943406,0.0130208909030617,0.0002652813087211
2020-12-30,Colusa,011,21464.0,107,66,49,15,58,51,0,0,107,66,107,66,0,0,0.0049850913156913,0.0049850913156913,0.0
2020-12-30,Contra Costa,013,1133247.0,18984,2556,14040,1266,4926,1290,14,0,18769,2546,18887,2550,118,7,0.0165621439986163,0.0166662695775942,0.0001041255789779
2020-12-30,Del Norte,015,27424.0,253,68,224,56,29,12,0,0,249,68,251,68,2,0,0.0090796382730455,0.0091525670945157,7.292882147024503e-05
2020-12-30,El Dorado,017,186661.0,2928,557,2023,179,903,378,2,0,2899,557,2917,557,18,1,0.01553082861444,0.0156272601132534,9.643149881335684e-05
2020-12-30,Fresno,019,978130.0,9808,1014,7784,457,2023,557,0,0,9771,1009,9787,1009,16,4,0.0099894697023912,0.0100058274462494,1.635774385817836e-05
2020-12-30,Glenn,021,27897.0,342,125,317,102,25,23,0,0,335,124,338,124,3,1,0.0120084596910062,0.0121159981360002,0.000107538444994
2020-12-30,Humboldt,023,135768.0,2129,244,1741,86,379,156,0,0,2117,241,2122,242,5,1,0.0155927759118496,0.0156296034411643,3.6827529314713335e-05
2020-12-30,Imperial,025,180216.0,1526,377,867,55,659,322,0,0,1517,376,1521,376,4,1,0.0084176765658987,0.0084398721534159,2.219558751720158e-05
2020-12-30,Inyo,027,18085.0,651,67,598,57,49,8,0,0,644,65,645,65,1,0,0.035609621233066,0.0356649156759745,5.52944429084877e-05
2020-12-30,Kern,029,883053.0,5514,1224,4441,922,1071,301,1,0,5500,1221,5509,1221,9,2,0.0062283917273368,0.0062385836410725,1.0191913735642142e-05
2020-12-30,Kings,031,150075.0,902,152,759,109,143,43,0,0,974,152,979,152,5,0,0.0064900882891887,0.0065234049641845,3.3316674995835414e-05
2020-12-30,Lake,033,64148.0,611,137,574,129,37,8,0,0,609,137,611,137,2,0,0.0094936708860759,0.0095248487871796,3.11779011036977e-05
2020-12-30,Lassen,035,31185.0,125,27,116,25,9,2,0,0,121,27,124,27,3,0,0.0038800705467372,0.0039762706429373,9.62000962000962e-05
2020-12-30,Los Angeles,037,10098052.0,135080,15477,111247,8393,23609,7078,173,1,133560,15432,134370,15441,810,27,0.0132263133523178,0.013306526842999,8.021349068117297e-05
2020-12-30,Madera,039,155013.0,979,222,603,87,375,135,1,0,957,219,962,220,5,2,0.0061736757562268,0.0062059311154548,3.225535922793572e-05
2020-12-30,Marin,041,260295.0,4987,655,3157,416,1827,239,2,0,4952,654,4968,654,16,0,0.0190245682782996,0.0190860369964847,6.146871818513609e-05
2020-12-30,Mariposa,043,17540.0,254,28,192,6,61,22,0,0,248,26,254,26,6,1,0.0141391106043329,0.0144811858608893,0.0003420752565564
2020-12-30,Mendocino,045,87422.0,1313,151,792,88,521,63,0,0,1190,151,1197,151,7,0,0.0136121342453844,0.0136922056232984,8.007137791402622e-05
2020-12-30,Merced,047,269075.0,1633,258,1358,116,271,142,2,0,1415,227,1439,229,24,9,0.0052587568521787,0.0053479513146892,8.919446251045248e-05
2020-12-30,Modoc,049,8938.0,135,9,120,2,15,7,0,0,134,9,135,9,1,0,0.0149921682703065,0.01510405012307,0.0001118818527634
2020-12-30,Mono,051,14174.0,389,76,277,36,112,40,0,0,388,75,389,76,1,1,0.0273740651897841,0.0274446169041907,7.055171440666009e-05
2020-12-30,Monterey,053,433212.0,5516,590,3431,107,2083,483,0,0,5502,588,5506,589,4,1,0.0127004792111021,0.0127097125656722,9.233354570048845e-06
2020-12-30,Napa,055,140530.0,3140,629,2627,474,512,155,1,0,3174,636,3179,637,5,1,0.0225859247135842,0.0226215043051305,3.557959154628905e-05
2020-12-30,Nevada,057,99092.0,1045,88,861,67,184,21,0,0,1039,88,1042,88,3,0,0.0104852056674605,0.0105154805635167,3.0274896056190207e-05
2020-12-30,Orange,059,3164182.0,43080,5316,37310,3671,5675,1645,85,0,42593,5302,42872,5304,279,14,0.0134609829649495,0.0135491574125635,8.817444761394888e-05
2020-12-30,Placer,061,380077.0,6382,815,5444,540,934,275,3,0,6327,814,6354,814,27,0,0.0166466268677136,0.0167176651047024,7.103823698882069e-05
2020-12-30,Plumas,063,18699.0,265,25,224,2,41,23,0,0,265,25,265,25,0,0,0.0141718808492432,0.0141718808492432,0.0
2020-12-30,Riverside,065,2383286.0,21614,2802,17994,1790,3610,1012,5,0,21407,2790,21512,2790,105,7,0.0089821364284437,0.0090261932474742,4.40568190305318e-05
2020-12-30,Sacramento,067,1510023.0,19882,2922,16258,1778,3610,1144,14,0,19488,2910,19656,2914,168,4,0.0129057636870431,0.0130170202705521,0.0001112565835089
2020-12-30,San Benito,069,59416.0,741,66,622,44,118,22,0,0,738,65,739,65,1,0,0.012420896728154,0.0124377272115255,1.6830483371482428e-05
2020-12-30,San Bernardino,071,2135413.0,25500,3039,19163,1488,6326,1551,6,0,25417,3033,25462,3035,45,5,0.011902615559613,0.011923688766529,2.1073206915945532e-05
2020-12-30,San Diego,073,3302833.0,51975,6083,38841,3154,12901,2927,192,0,49943,5997,51009,6001,1066,79,0.0151212610507403,0.0154440142750178,0.0003227532242774
2020-12-30,San Francisco,075,870044.0,12680,1675,9545,922,3122,753,12,0,12563,1666,12632,1670,69,7,0.0144394996115139,0.0145188059454464,7.930633393253675e-05
2020-12-30,San Joaquin,077,732212.0,8239,1162,7192,850,1047,312,0,0,7586,1099,7673,1102,87,8,0.0103603874287774,0.0104792054760096,0.0001188180472322
2020-12-30,San Luis Obispo,079,281455.0,5771,1207,3691,678,2079,529,0,0,5751,1202,5762,1203,11,4,0.0204331065356806,0.0204721891599012,3.908262422056812e-05
2020-12-30,San Mateo,081,765935.0,12379,1383,10170,839,2179,544,28,0,12232,1380,12309,1382,77,2,0.0159700235659683,0.0160705542898548,0.0001005307238864
2020-12-30,Santa Barbara,083,443738.0,5206,625,4161,433,1039,192,2,0,5177,624,5192,624,15,0,0.0116667943696505,0.011700598100681,3.380373103047294e-05
2020-12-30,Santa Clara,085,1922200.0,28393,3096,24828,1960,3511,1135,49,1,28003,3084,28221,3088,218,5,0.0145682031006138,0.0146816148163562,0.0001134117157423
2020-12-30,Santa Cruz,087,273765.0,4114,334,3040,156,1070,178,4,0,4087,334,4104,334,17,0,0.0149288623454422,0.0149909593994849,6.209705404270085e-05
2020-12-30,Shasta,089,179085.0,2011,236,1749,224,262,12,0,0,1656,236,1835,236,179,0,0.0092470056118602,0.0102465309769104,0.0009995253650501
2020-12-30,Sierra,091,2930.0,73,2,29,0,44,2,0,0,73,2,73,2,0,0,0.024914675767918,0.024914675767918,0.0
2020-12-30,Siskiyou,093,43540.0,583,101,466,6,115,95,1,0,569,101,576,101,7,0,0.013068442811208,0.0132292145153881,0.00016077170418
2020-12-30,Solano,095,438530.0,7702,1297,5325,633,2376,664,1,0,7669,1294,7688,1295,19,3,0.0174879711764303,0.0175312977447381,4.3326568307755454e-05
2020-12-30,Sonoma,097,501317.0,8640,1125,6442,494,2198,631,0,0,8542,1115,8572,1115,30,2,0.0170391189606576,0.0170989613358413,5.984237518376596e-05
2020-12-30,Stanislaus,099,539301.0,4915,567,4335,301,580,266,0,0,4780,555,4826,555,46,4,0.0088633249335714,0.0089486205291664,8.529559559503876e-05
2020-12-30,Sutter,101,95872.0,941,152,683,39,258,113,0,0,930,150,934,150,4,2,0.0097004339118825,0.0097421562082777,4.172229639519359e-05
2020-12-30,Tehama,103,63373.0,417,66,344,46,73,20,0,0,389,65,402,65,13,0,0.0061382607735155,0.0063433954523219,0.0002051346788064
2020-12-30,Trinity,105,12862.0,104,10,96,8,7,2,0,0,101,10,102,10,1,0,0.007852589021925,0.0079303374280827,7.774840615767377e-05
2020-12-30,Tulare,107,460477.0,3753,481,3532,422,220,59,0,0,3743,478,3755,479,12,1,0.0081285275920404,0.0081545875255441,2.6059933503736343e-05
2020-12-30,Tuolumne,109,53932.0,935,79,785,22,150,57,0,0,910,79,922,79,12,0,0.0168730994585774,0.0170956018690202,0.0002225024104427
2020-12-30,Ventura,111,848112.0,12867,2241,11242,1534,1613,703,4,0,12770,2233,12818,2235,48,5,0.0150569736072594,0.0151135699058614,5.659629860207143e-05
2020-12-30,Yolo,113,214977.0,3789,637,2765,262,1023,375,0,0,3723,636,3756,636,33,0,0.0173181317071128,0.0174716365006489,0.000153504793536
2020-12-30,Yuba,115,75493.0,480,64,342,24,137,40,0,0,475,64,478,64,3,0,0.006291974090313,0.0063317128740413,3.973878372829269e-05
2020-12-29,Alameda,001,1643700.0,18881,2542,14929,1136,3934,1406,15,0,18685,2536,18788,2540,103,5,0.0113676461641418,0.0114303096672142,6.26635030723368e-05
2020-12-29,Alpine,003,1148.0,6,1,5,0,1,1,0,0,6,1,6,1,0,0,0.0052264808362369,0.0052264808362369,0.0
2020-12-29,Amador,005,37829.0,267,25,247,18,20,7,0,0,263,25,264,25,1,0,0.0069523381532686,0.0069787728990985,2.643474582991885e-05
2020-12-29,Butte,007,227075.0,3032,214,2947,185,85,29,0,0,3016,213,3026,214,10,1,0.0132819553011119,0.0133259936144445,4.403831333259936e-05
2020-12-29,Calaveras,009,45235.0,500,168,456,145,44,23,0,0,481,164,492,164,11,3,0.0106333591245716,0.010876533657566,0.0002431745329943
2020-12-29,Colusa,011,21464.0,41,8,34,6,7,2,0,0,41,8,41,8,0,0,0.0019101751770406,0.0019101751770406,0.0
2020-12-29,Contra Costa,013,1133247.0,16428,1977,12774,897,3636,1080,14,0,16226,1975,16337,1978,111,3,0.0143181495296259,0.014416098167478,9.794863785211872e-05
2020-12-29,Del Norte,015,27424.0,185,6,168,4,17,2,0,0,181,6,183,6,2,0,0.0066000583430571,0.0066729871645274,7.292882147024503e-05
2020-12-29,El Dorado,017,186661.0,2371,461,1844,141,525,320,2,0,2343,462,2360,462,17,0,0.0125521667622052,0.012643240955529,9.10741933237259e-05
2020-12-29,Fresno,019,978130.0,8794,1826,7327,1023,1466,803,0,0,8766,1816,8778,1816,12,2,0.0089619989162994,0.0089742672241931,1.2268307893633773e-05
2020-12-29,Glenn,021,27897.0,217,80,215,80,2,0,0,0,212,80,214,80,2,0,0.0075993834462487,0.0076710757429114,7.169229666272359e-05
2020-12-29,Humboldt,023,135768.0,1885,255,1655,182,223,71,0,0,1876,253,1880,253,4,0,0.0138176889988804,0.0138471510223322,2.9462023451770667e-05
2020-12-29,Imperial,025,180216.0,1149,192,812,38,337,154,0,0,1142,191,1145,191,3,0,0.006336840236161,0.0063534869267989,1.6646690637901184e-05
2020-12-29,Inyo,027,18085.0,584,21,541,17,41,3,0,0,579,19,580,19,1,1,0.0320154824440143,0.0320707768869228,5.52944429084877e-05
2020-12-29,Kern,029,883053.0,4290,761,3519,459,770,302,1,0,4281,758,4288,758,7,2,0.0048479536335871,0.0048558806776037,7.927044016610554e-06
2020-12-29,Kings,031,150075.0,750,98,650,59,100,39,0,0,822,99,827,99,5,0,0.0054772613693153,0.0055105780443111,3.3316674995835414e-05
2020-12-29,Lake,033,64148.0,474,43,445,39,29,4,0,0,472,43,474,43,2,0,0.0073579846604726,0.0073891625615763,3.11779011036977e-05
2020-12-29,Lassen,035,31185.0,98,36,91,33,7,3,0,0,94,36,97,36,3,0,0.0030142696809363,0.0031104697771364,9.62000962000962e-05
2020-12-29,Los Angeles,037,10098052.0,119603,12131,102854,6407,16531,5717,172,0,118146,12096,118929,12103,783,16,0.0116998803333553,0.0117774200410138,7.75397076584672e-05
2020-12-29,Madera,039,155013.0,757,171,516,39,240,132,1,0,739,170,742,170,3,0,0.0047673420938889,0.0047866953094256,1.9353215536761432e-05
2020-12-29,Marin,041,260295.0,4332,423,2741,103,1588,320,2,0,4298,422,4314,422,16,0,0.0165120344224821,0.0165735031406673,6.146871818513609e-05
2020-12-29,Mariposa,043,17540.0,226,37,186,4,39,33,0,0,223,37,228,37,5,0,0.0127137970353477,0.0129988597491448,0.000285062713797
2020-12-29,Mendocino,045,87422.0,1162,130,704,68,458,62,0,0,1039,129,1046,130,7,1,0.0118848802360961,0.0119649516140102,8.007137791402622e-05
2020-12-29,Merced,047,269075.0,1375,232,1242,158,129,74,2,0,1195,203,1210,203,15,3,0.0044411409458329,0.0044968874849019,5.57465390690328e-05
2020-12-29,Modoc,049,8938.0,126,11,118,3,8,8,0,0,125,11,126,11,1,0,0.0139852315954352,0.0140971134481987,0.0001118818527634
2020-12-29,Mono,051,14174.0,313,34,241,31,72,3,0,0,313,34,313,34,0,0,0.0220826866092846,0.0220826866092846,0.0
2020-12-29,Monterey,053,433212.0,4926,936,3324,188,1600,747,0,0,4914,935,4917,935,3,0,0.011343176089305,0.0113501011052325,6.925015927536633e-06
2020-12-29,Napa,055,140530.0,2511,282,2153,222,357,60,1,0,2538,298,2542,298,4,0,0.0180602006688963,0.0180886643421333,2.846367323703124e-05
2020-12-29,Nevada,057,99092.0,957,105,794,73,163,32,0,0,951,104,954,104,3,0,0.0095971420498122,0.0096274169458684,3.0274896056190207e-05
2020-12-29,Orange,059,3164182.0,37764,3700,33639,2622,4030,1075,85,0,37303,3677,37568,3682,265,12,0.0117891448721976,0.0118728947955585,8.374992336091919e-05
2020-12-29,Placer,061,380077.0,5567,821,4904,557,659,264,3,0,5513,821,5540,821,27,0,0.0145049555747914,0.0145759938117802,7.103823698882069e-05
2020-12-29,Plumas,063,18699.0,240,30,222,20,18,10,0,0,240,30,240,30,0,0,0.0128349109578052,0.0128349109578052,0.0
2020-12-29,Riverside,065,2383286.0,18812,2022,16204,1172,2598,850,5,0,18624,2014,18722,2017,98,7,0.0078144209297583,0.0078555406275201,4.111969776182968e-05
2020-12-29,Sacramento,067,1510023.0,16960,2109,14480,1288,2466,821,14,0,16578,2098,16742,2100,164,3,0.0109786407226909,0.0110872483399259,0.0001086076172349
2020-12-29,San Benito,069,59416.0,675,57,578,24,96,33,0,0,673,57,674,57,1,0,0.0113269153090076,0.0113437457923791,1.6830483371482428e-05
2020-12-29,San Bernardino,071,2135413.0,22461,2358,17675,1065,4775,1293,6,0,22387,2356,22427,2357,40,3,0.0104836862939393,0.0105024180334202,1.8731739480840478e-05
2020-12-29,San Diego,073,3302833.0,45892,6090,35687,3368,9974,2717,192,1,44021,5985,45008,5990,987,99,0.0133282548648387,0.0136270892291556,0.0002988343643169
2020-12-29,San Francisco,075,870044.0,11005,1428,8623,775,2369,653,12,0,10900,1426,10962,1427,62,3,0.0125281020270239,0.0125993627908473,7.126076382343882e-05
2020-12-29,San Joaquin,077,732212.0,7077,895,6342,749,735,146,0,0,6492,839,6571,839,79,11,0.0088662846279492,0.0089741768777348,0.0001078922497855
2020-12-29,San Luis Obispo,079,281455.0,4564,938,3013,507,1550,430,0,0,4552,934,4559,935,7,3,0.0161731004956387,0.0161979712565063,2.487076086763426e-05
2020-12-29,San Mateo,081,765935.0,10996,1337,9331,895,1635,442,28,0,10852,1329,10927,1333,75,5,0.0141683040989117,0.0142662236351648,9.791953625307632e-05
2020-12-29,Santa Barbara,083,443738.0,4581,598,3728,396,847,202,2,0,4553,596,4568,596,15,1,0.0102605591587828,0.0102943628898133,3.380373103047294e-05
2020-12-29,Santa Clara,085,1922200.0,25297,2477,22868,1570,2376,905,48,0,24920,2463,25133,2474,213,12,0.0129643117261471,0.0130751222557486,0.0001108105296014
2020-12-29,Santa Cruz,087,273765.0,3780,766,2884,362,892,404,4,0,3753,760,3770,764,17,4,0.0137088378718974,0.0137709349259401,6.209705404270085e-05
2020-12-29,Shasta,089,179085.0,1775,182,1525,178,250,4,0,0,1420,182,1599,182,179,0,0.0079291956333584,0.0089287209984085,0.0009995253650501
2020-12-29,Sierra,091,2930.0,71,48,29,8,42,40,0,0,71,48,71,48,0,0,0.0242320819112627,0.0242320819112627,0.0
2020-12-29,Siskiyou,093,43540.0,482,12,460,4,20,7,1,0,468,11,475,11,7,0,0.0107487367937528,0.0109095084979329,0.00016077170418
2020-12-29,Solano,095,438530.0,6405,980,4692,396,1712,584,1,0,6377,979,6393,980,16,1,0.0145417645315029,0.0145782500627095,3.648553120653091e-05
2020-12-29,Sonoma,097,501317.0,7515,1143,5948,760,1567,383,0,0,7429,1122,7457,1123,28,4,0.0148189668413399,0.0148748197248447,5.585288350484823e-05
2020-12-29,Stanislaus,099,539301.0,4348,533,4034,430,314,103,0,0,4229,520,4271,522,42,7,0.0078416320385091,0.0079195106257915,7.78785872824267e-05
2020-12-29,Sutter,101,95872.0,789,105,644,14,145,91,0,0,782,103,784,103,2,0,0.0081567089452603,0.0081775700934579,2.0861148197596795e-05
2020-12-29,Tehama,103,63373.0,351,42,298,41,53,1,0,0,324,42,337,42,13,0,0.0051125873794833,0.0053177220582898,0.0002051346788064
2020-12-29,Trinity,105,12862.0,94,8,88,7,5,1,0,0,91,8,92,8,1,0,0.0070751049603483,0.0071528533665059,7.774840615767377e-05
2020-12-29,Tulare,107,460477.0,3272,560,3110,470,161,90,0,0,3265,558,3276,558,11,1,0.0070904735741415,0.00711436184652,2.3888272378424983e-05
2020-12-29,Tuolumne,109,53932.0,856,107,763,40,93,67,0,0,831,104,843,106,12,2,0.0154082919231625,0.0156307943336052,0.0002225024104427
2020-12-29,Ventura,111,848112.0,10626,1342,9708,843,910,498,4,0,10540,1335,10583,1337,43,5,0.0124276039013715,0.0124783047522025,5.070085083102232e-05
2020-12-29,Yolo,113,214977.0,3152,547,2503,273,648,274,0,0,3087,547,3120,547,33,0,0.0143596756862362,0.0145131804797722,0.000153504793536
2020-12-29,Yuba,115,75493.0,416,79,318,15,97,64,0,0,411,79,414,79,3,0,0.005444213370776,0.0054839521545043,3.973878372829269e-05
2020-12-28,Alameda,001,1643700.0,16339,1901,13793,991,2528,910,15,0,16150,1889,16248,1891,98,10,0.0098253939283324,0.0098850155137798,5.962158544746608e-05
2020-12-28,Alpine,003,1148.0,5,0,5,0,0,0,0,0,5,0,5,0,0,0,0.0043554006968641,0.0043554006968641,0.0
2020-12-28,Amador,005,37829.0,242,34,229,28,13,6,0,0,238,34,239,34,1,0,0.0062914695075206,0.0063179042533506,2.643474582991885e-05
2020-12-28,Butte,007,227075.0,2818,284,2762,274,56,10,0,0,2803,284,2812,284,9,0,0.0123439392271276,0.0123835737091269,3.963448199933943e-05
2020-12-28,Calaveras,009,45235.0,332,24,311,18,21,6,0,0,320,23,328,23,8,1,0.0070741682325632,0.0072510224383773,0.000176854205814
2020-12-28,Colusa,011,21464.0,33,7,28,2,5,5,0,0,33,7,33,7,0,0,0.0015374580693253,0.0015374580693253,0.0
2020-12-28,Contra Costa,013,1133247.0,14451,1915,11877,887,2556,1028,14,0,14251,1913,14359,1913,108,2,0.0125753697119868,0.0126706710893565,9.530137736962904e-05
2020-12-28,Del Norte,015,27424.0,179,40,164,38,15,2,0,0,175,40,177,40,2,0,0.0063812718786464,0.0064542007001166,7.292882147024503e-05
2020-12-28,El Dorado,017,186661.0,1910,226,1703,174,205,52,2,0,1881,223,1898,223,17,3,0.0100770916259957,0.0101681658193195,9.10741933237259e-05
2020-12-28,Fresno,019,978130.0,6968,1146,6304,802,663,343,0,0,6952,1138,6962,1138,10,0,0.0071074397063784,0.0071176632962898,1.0223589911361476e-05
2020-12-28,Glenn,021,27897.0,137,21,135,21,2,0,0,0,132,21,134,21,2,0,0.0047316915797397,0.0048033838764024,7.169229666272359e-05
2020-12-28,Humboldt,023,135768.0,1630,270,1473,207,152,60,0,0,1623,267,1627,267,4,0,0.0119542160155559,0.0119836780390077,2.9462023451770667e-05
2020-12-28,Imperial,025,180216.0,957,217,774,114,183,103,0,0,951,217,954,217,3,0,0.0052770009322146,0.0052936476228525,1.6646690637901184e-05
2020-12-28,Inyo,027,18085.0,563,53,524,40,38,13,0,0,561,52,561,52,0,0,0.0310201824716616,0.0310201824716616,0.0
2020-12-28,Kern,029,883053.0,3529,832,3060,666,468,166,1,0,3525,833,3530,833,5,0,0.0039918328797931,0.0039974950540907,5.662174297578967e-06
2020-12-28,Kings,031,150075.0,652,127,591,98,61,29,0,0,723,126,728,126,5,1,0.0048175912043978,0.0048509078793936,3.3316674995835414e-05
2020-12-28,Lake,033,64148.0,431,52,406,42,25,10,0,0,429,52,431,52,2,0,0.0066876597867431,0.0067188376878468,3.11779011036977e-05
2020-12-28,Lassen,035,31185.0,62,4,58,2,4,2,0,0,58,4,61,4,3,0,0.0018598685265351,0.0019560686227352,9.62000962000962e-05
2020-12-28,Los Angeles,037,10098052.0,107472,10911,96447,6830,10814,4077,172,2,106059,10876,106826,10888,767,26,0.0105029168001907,0.0105788720438357,7.595524364501194e-05
2020-12-28,Madera,039,155013.0,586,111,477,37,108,74,1,0,569,111,572,111,3,0,0.003670659880139,0.0036900130956758,1.9353215536761432e-05
2020-12-28,Marin,041,260295.0,3909,424,2638,106,1268,318,2,0,3876,421,3892,421,16,2,0.0148907969803492,0.0149522656985343,6.146871818513609e-05
2020-12-28,Mariposa,043,17540.0,189,5,182,2,6,2,0,0,186,3,191,3,5,1,0.0106043329532497,0.0108893956670467,0.000285062713797
2020-12-28,Mendocino,045,87422.0,1032,73,636,9,396,64,0,0,910,72,916,73,6,1,0.0104092791288234,0.010477911738464,6.86326096405939e-05
2020-12-28,Merced,047,269075.0,1143,158,1084,129,55,29,2,0,995,134,1007,134,12,0,0.0036978537582458,0.003742450989501,4.459723125522624e-05
2020-12-28,Modoc,049,8938.0,115,0,115,0,0,0,0,0,114,0,115,0,1,0,0.0127545312150369,0.0128664130678004,0.0001118818527634
2020-12-28,Mono,051,14174.0,279,89,210,59,69,30,0,0,279,89,279,89,0,0,0.0196839283194581,0.0196839283194581,0.0
2020-12-28,Monterey,053,433212.0,3990,500,3136,30,853,470,0,0,3979,499,3982,500,3,1,0.009184879458556,0.0091918044744836,6.925015927536633e-06
2020-12-28,Napa,055,140530.0,2229,261,1931,194,297,67,1,0,2240,280,2244,280,4,0,0.0159396570127374,0.0159681206859745,2.846367323703124e-05
2020-12-28,Nevada,057,99092.0,852,180,721,97,131,83,0,0,847,179,850,180,3,1,0.0085476123198643,0.0085778872159205,3.0274896056190207e-05
2020-12-28,Orange,059,3164182.0,34064,3760,31017,2702,2955,1058,85,0,33633,3754,33886,3756,253,4,0.0106292874430105,0.0107092449170117,7.995747400117945e-05
2020-12-28,Placer,061,380077.0,4746,697,4347,557,395,139,3,0,4692,693,4719,693,27,2,0.0123448669611683,0.0124159051981572,7.103823698882069e-05
2020-12-28,Plumas,063,18699.0,210,8,202,1,8,7,0,0,210,8,210,8,0,0,0.0112305470880795,0.0112305470880795,0.0
2020-12-28,Riverside,065,2383286.0,16790,1859,15032,1271,1748,588,5,0,16614,1843,16705,1844,91,12,0.0069710475368881,0.0070092301133812,3.818257649312756e-05
2020-12-28,Sacramento,067,1510023.0,14851,1974,13192,1338,1645,635,14,1,14481,1959,14642,1961,161,4,0.009589920153534,0.0096965410460635,0.0001066208925294
2020-12-28,San Benito,069,59416.0,618,78,554,42,63,35,0,0,616,77,617,77,1,0,0.0103675777568331,0.0103844082402046,1.6830483371482428e-05
2020-12-28,San Bernardino,071,2135413.0,20103,1663,16610,699,3482,964,6,0,20033,1661,20070,1662,37,1,0.0093813234254919,0.0093986502845117,1.732685901977744e-05
2020-12-28,San Diego,073,3302833.0,39802,6188,32319,4328,7257,1849,191,3,38130,6078,39018,6083,888,95,0.0115446345606938,0.0118134946574652,0.0002688600967714
2020-12-28,San Francisco,075,870044.0,9577,1316,7848,710,1716,606,12,0,9476,1310,9535,1314,59,8,0.0108914031934017,0.0109592158557498,6.781266234811113e-05
2020-12-28,San Joaquin,077,732212.0,6182,726,5593,507,589,219,0,0,5664,662,5732,664,68,5,0.0077354645922219,0.0078283338705183,9.286927829644968e-05
2020-12-28,San Luis Obispo,079,281455.0,3626,898,2506,442,1120,456,0,0,3620,897,3624,898,4,1,0.0128617363344051,0.012875948197758,1.421186335293386e-05
2020-12-28,San Mateo,081,765935.0,9659,1129,8436,751,1193,378,28,0,9524,1125,9594,1126,70,5,0.0124344755103239,0.0125258670774935,9.139156716953788e-05
2020-12-28,Santa Barbara,083,443738.0,3983,417,3332,280,645,136,2,0,3958,414,3972,415,14,2,0.0089196778279074,0.0089512279768692,3.155014896177474e-05
2020-12-28,Santa Clara,085,1922200.0,22820,2469,21298,1846,1471,621,48,1,22458,2456,22659,2460,201,7,0.0116834876703776,0.011788055353241,0.0001045676828633
2020-12-28,Santa Cruz,087,273765.0,3014,451,2522,103,488,348,4,0,2993,450,3006,451,13,1,0.0109327342794002,0.0109802202619034,4.7485982503241833e-05
2020-12-28,Shasta,089,179085.0,1593,40,1347,28,246,12,0,0,1238,39,1417,40,179,1,0.0069129184465477,0.0079124438115978,0.0009995253650501
2020-12-28,Sierra,091,2930.0,23,1,21,0,2,1,0,0,23,1,23,1,0,0,0.0078498293515358,0.0078498293515358,0.0
2020-12-28,Siskiyou,093,43540.0,470,6,456,2,13,4,1,0,457,6,464,6,7,0,0.010496095544327,0.0106568672485071,0.00016077170418
2020-12-28,Solano,095,438530.0,5425,919,4296,442,1128,477,1,0,5398,915,5413,918,15,5,0.0123093060908033,0.0123435112763094,3.4205185506122726e-05
2020-12-28,Sonoma,097,501317.0,6372,970,5188,520,1184,450,0,0,6310,949,6334,949,24,1,0.0125868462469854,0.0126347201471324,4.787390014701277e-05
2020-12-28,Stanislaus,099,539301.0,3815,495,3604,400,211,95,0,0,3714,480,3749,482,35,8,0.0068866922182603,0.0069515910409956,6.489882273535558e-05
2020-12-28,Sutter,101,95872.0,684,88,630,57,54,31,0,0,679,88,681,88,2,0,0.0070823598130841,0.0071032209612817,2.0861148197596795e-05
2020-12-28,Tehama,103,63373.0,309,60,257,46,52,14,0,0,282,60,295,60,13,0,0.0044498445710318,0.0046549792498382,0.0002051346788064
2020-12-28,Trinity,105,12862.0,86,30,81,29,4,0,0,0,83,29,84,29,1,0,0.0064531177110869,0.0065308661172445,7.774840615767377e-05
2020-12-28,Tulare,107,460477.0,2712,516,2640,483,71,33,0,0,2708,514,2718,516,10,2,0.0058808583273431,0.0059025749385962,2.171661125311362e-05
2020-12-28,Tuolumne,109,53932.0,749,78,723,74,26,4,0,0,727,75,737,76,10,3,0.013479937699325,0.013665356374694,0.0001854186753689
2020-12-28,Ventura,111,848112.0,9284,1118,8865,966,412,152,4,0,9208,1117,9246,1117,38,0,0.010857056615164,0.010901862018224,4.480540305997321e-05
2020-12-28,Yolo,113,214977.0,2605,419,2230,245,374,173,0,0,2540,418,2573,418,33,0,0.0118152174418658,0.0119687222354019,0.000153504793536
2020-12-28,Yuba,115,75493.0,337,50,303,34,33,16,0,0,332,50,335,50,3,0,0.0043977587325977,0.004437497516326,3.973878372829269e-05
2020-12-27,Alameda,001,1643700.0,14438,496,12802,257,1618,239,15,0,14269,494,14357,496,88,2,0.008681024517856,0.0087345622680537,5.3537750197724647e-05
2020-12-27,Alpine,003,1148.0,5,0,5,0,0,0,0,0,5,0,5,0,0,0,0.0043554006968641,0.0043554006968641,0.0
2020-12-27,Amador,005,37829.0,208,2,201,1,7,1,0,0,204,2,205,2,1,0,0.0053926881493034,0.0054191228951333,2.643474582991885e-05
2020-12-27,Butte,007,227075.0,2534,35,2488,34,46,1,0,0,2519,35,2528,35,9,0,0.0110932511284817,0.0111328856104811,3.963448199933943e-05
2020-12-27,Calaveras,009,45235.0,308,1,293,1,15,0,0,0,298,1,305,1,7,0,0.0065878191665745,0.0067425665966618,0.0001547474300873
2020-12-27,Colusa,011,21464.0,26,1,26,1,0,0,0,0,26,1,26,1,0,0,0.0012113306000745,0.0012113306000745,0.0
2020-12-27,Contra Costa,013,1133247.0,12536,256,10990,91,1528,165,14,0,12340,257,12446,257,106,0,0.0108890647846409,0.0109826013216889,9.353653704796924e-05
2020-12-27,Del Norte,015,27424.0,139,0,126,0,13,0,0,0,135,0,137,0,2,0,0.0049226954492415,0.0049956242707117,7.292882147024503e-05
2020-12-27,El Dorado,017,186661.0,1684,36,1529,31,153,5,2,0,1661,36,1675,36,14,0,0.0088984844182769,0.0089734866951318,7.50022768548331e-05
2020-12-27,Fresno,019,978130.0,5822,311,5502,206,320,105,0,0,5814,311,5824,311,10,0,0.0059439951744655,0.0059542187643769,1.0223589911361476e-05
2020-12-27,Glenn,021,27897.0,116,4,114,4,2,0,0,0,111,4,113,4,2,0,0.0039789224647811,0.0040506147614438,7.169229666272359e-05
2020-12-27,Humboldt,023,135768.0,1360,1,1266,1,92,0,0,0,1356,1,1360,1,4,0,0.0099876259501502,0.010017087973602,2.9462023451770667e-05
2020-12-27,Imperial,025,180216.0,740,60,660,0,80,60,0,0,734,59,737,59,3,1,0.0040728903094064,0.0040895370000443,1.6646690637901184e-05
2020-12-27,Inyo,027,18085.0,510,0,484,0,25,0,0,0,509,0,509,0,0,0,0.0281448714404202,0.0281448714404202,0.0
2020-12-27,Kern,029,883053.0,2697,34,2394,3,302,31,1,0,2692,34,2697,34,5,0,0.0030485146418165,0.003054176816114,5.662174297578967e-06
2020-12-27,Kings,031,150075.0,525,5,493,4,32,1,0,0,598,5,602,5,4,0,0.0039846743295019,0.0040113276694985,2.665333999666833e-05
2020-12-27,Lake,033,64148.0,379,2,364,2,15,0,0,0,377,2,379,2,2,0,0.005877034358047,0.0059082122591507,3.11779011036977e-05
2020-12-27,Lassen,035,31185.0,58,0,56,0,2,0,0,0,54,0,57,0,3,0,0.0017316017316017,0.0018278018278018,9.62000962000962e-05
2020-12-27,Los Angeles,037,10098052.0,96561,1845,89617,1095,6737,750,170,0,95197,1839,95938,1840,741,3,0.0094272637930563,0.0095006442826794,7.338048962314711e-05
2020-12-27,Madera,039,155013.0,475,28,440,13,34,15,1,0,458,28,461,28,3,0,0.0029545909052789,0.0029739441208156,1.9353215536761432e-05
2020-12-27,Marin,041,260295.0,3485,91,2532,55,950,36,2,0,3457,91,3471,91,14,0,0.0132810849228759,0.0133348700512879,5.3785128411994086e-05
2020-12-27,Mariposa,043,17540.0,184,3,180,1,4,2,0,0,184,2,188,3,4,1,0.0104903078677309,0.0107183580387685,0.0002280501710376
2020-12-27,Mendocino,045,87422.0,959,3,627,1,332,2,0,0,838,3,843,3,5,0,0.0095856878131362,0.0096428816545034,5.719384136716158e-05
2020-12-27,Merced,047,269075.0,985,12,955,11,26,1,2,0,861,11,873,11,12,0,0.0031998513425624,0.0032444485738177,4.459723125522624e-05
2020-12-27,Modoc,049,8938.0,115,0,115,0,0,0,0,0,114,0,115,0,1,0,0.0127545312150369,0.0128664130678004,0.0001118818527634
2020-12-27,Mono,051,14174.0,190,1,151,0,39,1,0,0,190,1,190,1,0,0,0.0134048257372654,0.0134048257372654,0.0
2020-12-27,Monterey,053,433212.0,3490,7,3106,4,383,3,0,0,3480,7,3482,7,2,0,0.0080330184759424,0.0080376351532275,4.616677285024422e-06
2020-12-27,Napa,055,140530.0,1968,34,1737,17,230,17,1,0,1960,33,1964,33,4,0,0.0139471998861453,0.0139756635593823,2.846367323703124e-05
2020-12-27,Nevada,057,99092.0,672,91,624,90,48,1,0,0,668,91,670,91,2,0,0.0067412101885116,0.0067613934525491,2.018326403746014e-05
2020-12-27,Orange,059,3164182.0,30304,631,28315,282,1897,349,85,0,29881,625,30130,626,249,4,0.0094435149431985,0.0095222082674131,7.869332421459954e-05
2020-12-27,Placer,061,380077.0,4049,189,3790,165,256,24,3,0,4001,189,4026,189,25,0,0.0105268143034174,0.0105925904487774,6.577614536001915e-05
2020-12-27,Plumas,063,18699.0,202,0,201,0,1,0,0,0,202,0,202,0,0,0,0.0108027167228194,0.0108027167228194,0.0
2020-12-27,Riverside,065,2383286.0,14931,421,13761,278,1160,143,5,0,14782,418,14861,419,79,3,0.0062023609419935,0.0062355084534546,3.3147511461066777e-05
2020-12-27,Sacramento,067,1510023.0,12877,354,11854,248,1010,106,13,0,12524,354,12681,354,157,0,0.008293913403968,0.0083978853302234,0.0001039719262554
2020-12-27,San Benito,069,59416.0,540,9,512,8,28,1,0,0,539,9,540,9,1,0,0.009071630537229,0.0090884610206005,1.6830483371482428e-05
2020-12-27,San Bernardino,071,2135413.0,18440,355,15911,169,2518,186,6,0,18372,354,18408,354,36,1,0.00860348794355,0.0086203465090827,1.6858565532756428e-05
2020-12-27,San Diego,073,3302833.0,33614,2637,27991,1647,5408,984,188,0,32142,2581,32935,2585,793,40,0.0097316455297618,0.0099717424405048,0.0002400969107429
2020-12-27,San Francisco,075,870044.0,8261,281,7138,65,1110,216,12,0,8170,280,8221,281,51,1,0.0093903296844757,0.0094489474095562,5.861772508057064e-05
2020-12-27,San Joaquin,077,732212.0,5456,56,5086,42,370,14,0,0,5005,54,5068,54,63,2,0.0068354520275548,0.0069214926824471,8.604065489229896e-05
2020-12-27,San Luis Obispo,079,281455.0,2728,80,2064,1,664,79,0,0,2723,80,2726,80,3,0,0.0096747259775097,0.0096853848750244,1.0658897514700396e-05
2020-12-27,San Mateo,081,765935.0,8530,309,7685,177,815,132,28,0,8403,307,8468,309,65,2,0.0109709048417946,0.0110557684398806,8.486359808599946e-05
2020-12-27,Santa Barbara,083,443738.0,3566,66,3052,4,509,62,2,0,3545,66,3557,66,12,0,0.0079889484335351,0.0080159914183594,2.7042984824378348e-05
2020-12-27,Santa Clara,085,1922200.0,20351,665,19452,521,850,144,47,0,20005,664,20199,664,194,1,0.0104073457496618,0.0105082717719279,0.0001009260222661
2020-12-27,Santa Cruz,087,273765.0,2563,29,2419,23,140,6,4,0,2543,29,2555,29,12,0,0.009288988731211,0.0093328219458294,4.383321461837708e-05
2020-12-27,Shasta,089,179085.0,1553,2,1319,1,234,1,0,0,1199,2,1377,2,178,0,0.0066951447636597,0.0076890861881229,0.0009939414244632
2020-12-27,Sierra,091,2930.0,22,0,21,0,1,0,0,0,22,0,22,0,0,0,0.0075085324232081,0.0075085324232081,0.0
2020-12-27,Siskiyou,093,43540.0,464,2,454,0,9,2,1,0,451,2,458,2,7,0,0.0103582912264584,0.0105190629306384,0.00016077170418
2020-12-27,Solano,095,438530.0,4506,110,3854,29,651,81,1,0,4485,110,4495,110,10,0,0.0102273504663306,0.0102501539233347,2.280345700408182e-05
2020-12-27,Sonoma,097,501317.0,5402,92,4668,79,734,13,0,0,5362,92,5385,92,23,0,0.0106958271911784,0.0107417063454859,4.58791543075539e-05
2020-12-27,Stanislaus,099,539301.0,3320,11,3204,6,116,5,0,0,3240,11,3267,11,27,0,0.0060077767332157,0.0060578415393259,5.0064806110131446e-05
2020-12-27,Sutter,101,95872.0,596,24,573,23,23,1,0,0,591,24,593,24,2,0,0.0061644692923898,0.0061853304405874,2.0861148197596795e-05
2020-12-27,Tehama,103,63373.0,249,2,211,2,38,0,0,0,222,2,235,2,13,0,0.0035030691303867,0.0037082038091931,0.0002051346788064
2020-12-27,Trinity,105,12862.0,56,0,52,0,4,0,0,0,54,0,55,0,1,0,0.0041984139325143,0.004276162338672,7.774840615767377e-05
2020-12-27,Tulare,107,460477.0,2196,17,2157,13,38,4,0,0,2194,17,2202,17,8,0,0.0047646245089331,0.0047819977979356,1.7373289002490895e-05
2020-12-27,Tuolumne,109,53932.0,671,0,649,0,22,0,0,0,654,0,661,0,7,0,0.0121263813691314,0.0122561744418897,0.0001297930727582
2020-12-27,Ventura,111,848112.0,8166,69,7899,32,260,37,4,0,8091,69,8129,69,38,0,0.0095400135831116,0.0095848189861716,4.480540305997321e-05
2020-12-27,Yolo,113,214977.0,2186,53,1985,24,201,29,0,0,2122,53,2155,53,33,0,0.0098708233904092,0.0100243281839452,0.000153504793536
2020-12-27,Yuba,115,75493.0,287,12,269,12,17,0,0,0,282,12,285,12,3,0,0.0037354456704595,0.0037751844541878,3.973878372829269e-05
2020-12-26,Alameda,001,1643700.0,13942,832,12545,310,1379,521,15,0,13775,828,13861,829,86,2,0.0083804830565188,0.0084328040396666,5.232098314777636e-05
2020-12-26,Alpine,003,1148.0,5,0,5,0,0,0,0,0,5,0,5,0,0,0,0.0043554006968641,0.0043554006968641,0.0
2020-12-26,Amador,005,37829.0,206,7,200,6,6,1,0,0,202,7,203,7,1,0,0.0053398186576436,0.0053662534034735,2.643474582991885e-05
2020-12-26,Butte,007,227075.0,2499,90,2454,88,45,2,0,0,2484,89,2493,90,9,1,0.0109391170318176,0.010978751513817,3.963448199933943e-05
2020-12-26,Calaveras,009,45235.0,307,4,292,3,15,1,0,0,297,4,304,4,7,0,0.0065657123908477,0.0067204598209351,0.0001547474300873
2020-12-26,Colusa,011,21464.0,25,0,25,0,0,0,0,0,25,0,25,0,0,0,0.0011647409616101,0.0011647409616101,0.0
2020-12-26,Contra Costa,013,1133247.0,12280,682,10899,146,1363,536,14,0,12083,682,12189,682,106,0,0.0106622828033076,0.0107558193403556,9.353653704796924e-05
2020-12-26,Del Norte,015,27424.0,139,0,126,0,13,0,0,0,135,0,137,0,2,0,0.0049226954492415,0.0049956242707117,7.292882147024503e-05
2020-12-26,El Dorado,017,186661.0,1648,51,1498,29,148,22,2,0,1625,51,1639,51,14,0,0.0087056214206502,0.0087806236975051,7.50022768548331e-05
2020-12-26,Fresno,019,978130.0,5511,731,5296,709,215,22,0,0,5503,728,5513,728,10,0,0.0056260415282222,0.0056362651181335,1.0223589911361476e-05
2020-12-26,Glenn,021,27897.0,112,2,110,2,2,0,0,0,107,2,109,2,2,0,0.0038355378714557,0.0039072301681184,7.169229666272359e-05
2020-12-26,Humboldt,023,135768.0,1359,10,1265,7,92,3,0,0,1355,10,1359,10,4,0,0.0099802604442873,0.010009722467739,2.9462023451770667e-05
2020-12-26,Imperial,025,180216.0,680,10,660,2,20,8,0,0,676,10,678,10,2,0,0.003751054290407,0.0037621520841656,1.109779375860079e-05
2020-12-26,Inyo,027,18085.0,510,71,484,71,25,0,0,0,509,71,509,71,0,0,0.0281448714404202,0.0281448714404202,0.0
2020-12-26,Kern,029,883053.0,2663,40,2391,2,271,38,1,0,2658,40,2663,40,5,0,0.0030100118565929,0.0030156740308905,5.662174297578967e-06
2020-12-26,Kings,031,150075.0,520,8,489,3,31,5,0,0,593,8,597,8,4,0,0.003951357654506,0.0039780109945027,2.665333999666833e-05
2020-12-26,Lake,033,64148.0,377,2,362,2,15,0,0,0,375,2,377,2,2,0,0.0058458564569433,0.005877034358047,3.11779011036977e-05
2020-12-26,Lassen,035,31185.0,58,0,56,0,2,0,0,0,54,0,57,0,3,0,0.0017316017316017,0.0018278018278018,9.62000962000962e-05
2020-12-26,Los Angeles,037,10098052.0,94716,2642,88522,2252,5987,387,170,1,93360,2631,94098,2634,738,5,0.0092453475185114,0.0093184309211321,7.308340262062425e-05
2020-12-26,Madera,039,155013.0,447,28,427,26,19,2,1,0,430,28,433,28,3,0,0.0027739608936024,0.0027933141091392,1.9353215536761432e-05
2020-12-26,Marin,041,260295.0,3394,139,2477,90,914,49,2,0,3366,139,3380,139,14,0,0.012931481588198,0.01298526671661,5.3785128411994086e-05
2020-12-26,Mariposa,043,17540.0,181,1,179,0,2,1,0,0,182,1,185,1,3,0,0.010376282782212,0.0105473204104903,0.0001710376282782
2020-12-26,Mendocino,045,87422.0,956,3,626,2,330,1,0,0,835,3,840,3,5,0,0.0095513715083159,0.0096085653496831,5.719384136716158e-05
2020-12-26,Merced,047,269075.0,973,7,944,4,25,3,2,0,850,7,862,7,12,0,0.0031589705472451,0.0032035677785004,4.459723125522624e-05
2020-12-26,Modoc,049,8938.0,115,0,115,0,0,0,0,0,114,0,115,0,1,0,0.0127545312150369,0.0128664130678004,0.0001118818527634
2020-12-26,Mono,051,14174.0,189,4,151,4,38,0,0,0,189,4,189,4,0,0,0.0133342740228587,0.0133342740228587,0.0
2020-12-26,Monterey,053,433212.0,3483,94,3102,6,380,88,0,0,3473,94,3475,94,2,0,0.0080168601054449,0.0080214767827299,4.616677285024422e-06
2020-12-26,Napa,055,140530.0,1934,41,1720,14,213,27,1,0,1927,41,1931,41,4,0,0.0137123745819398,0.0137408382551768,2.846367323703124e-05
2020-12-26,Nevada,057,99092.0,581,11,534,6,47,5,0,0,577,11,579,11,2,0,0.0058228716748072,0.0058430549388447,2.018326403746014e-05
2020-12-26,Orange,059,3164182.0,29673,1056,28033,447,1548,609,85,0,29259,1054,29504,1055,245,2,0.0092469396513854,0.0093243688258134,7.742917442801963e-05
2020-12-26,Placer,061,380077.0,3860,181,3625,127,232,54,3,0,3812,181,3837,181,25,0,0.0100295466444957,0.0100953227898557,6.577614536001915e-05
2020-12-26,Plumas,063,18699.0,202,0,201,0,1,0,0,0,202,0,202,0,0,0,0.0108027167228194,0.0108027167228194,0.0
2020-12-26,Riverside,065,2383286.0,14510,536,13483,294,1017,242,5,0,14366,535,14442,535,76,1,0.006027812020882,0.0060597007660851,3.188874520305159e-05
2020-12-26,Sacramento,067,1510023.0,12523,551,11606,290,904,261,13,0,12170,548,12327,549,157,3,0.0080594798887169,0.0081634518149723,0.0001039719262554
2020-12-26,San Benito,069,59416.0,531,13,504,5,27,8,0,0,530,13,531,13,1,0,0.0089201561868856,0.0089369866702571,1.6830483371482428e-05
2020-12-26,San Bernardino,071,2135413.0,18085,477,15742,260,2332,216,6,0,18019,477,18054,477,35,0,0.0084381803426316,0.0084545706146773,1.6390272045735417e-05
2020-12-26,San Diego,073,3302833.0,30977,3420,26344,2211,4424,1205,188,0,29597,3374,30350,3379,753,40,0.0089610949145778,0.0091890810101509,0.0002279860955731
2020-12-26,San Francisco,075,870044.0,7980,255,7073,158,894,97,12,0,7890,256,7940,256,50,0,0.0090685068801118,0.0091259752380339,5.746835792212808e-05
2020-12-26,San Joaquin,077,732212.0,5400,114,5044,38,356,76,0,0,4953,113,5014,113,61,1,0.0067644343441516,0.0068477435496823,8.330920553063866e-05
2020-12-26,San Luis Obispo,079,281455.0,2648,97,2063,13,585,84,0,0,2643,97,2646,97,3,0,0.009390488710451,0.0094011476079657,1.0658897514700396e-05
2020-12-26,San Mateo,081,765935.0,8221,579,7508,439,683,140,28,0,8096,574,8159,575,63,2,0.0105700875400654,0.0106523399505179,8.22524104525841e-05
2020-12-26,Santa Barbara,083,443738.0,3500,371,3048,114,447,257,2,0,3479,371,3491,371,12,0,0.007840212017001,0.0078672550018254,2.7042984824378348e-05
2020-12-26,Santa Clara,085,1922200.0,19686,1301,18931,1051,706,250,47,0,19342,1296,19535,1297,193,2,0.0100624284673811,0.0101628342524191,0.0001004057850379
2020-12-26,Santa Cruz,087,273765.0,2534,61,2396,42,134,19,4,0,2514,61,2526,61,12,0,0.0091830584625499,0.0092268916771683,4.383321461837708e-05
2020-12-26,Shasta,089,179085.0,1551,7,1318,2,233,5,0,0,1197,7,1375,7,178,0,0.0066839768824859,0.0076779183069492,0.0009939414244632
2020-12-26,Sierra,091,2930.0,22,0,21,0,1,0,0,0,22,0,22,0,0,0,0.0075085324232081,0.0075085324232081,0.0
2020-12-26,Siskiyou,093,43540.0,462,1,454,0,7,1,1,0,449,1,456,1,7,0,0.0103123564538355,0.0104731281580156,0.00016077170418
2020-12-26,Solano,095,438530.0,4396,177,3825,46,570,131,1,0,4375,177,4385,177,10,0,0.0099765124392857,0.0099993158962898,2.280345700408182e-05
2020-12-26,Sonoma,097,501317.0,5310,261,4589,249,721,12,0,0,5270,260,5293,261,23,1,0.0105123105739482,0.0105581897282557,4.58791543075539e-05
2020-12-26,Stanislaus,099,539301.0,3309,56,3198,13,111,43,0,0,3229,55,3256,55,27,1,0.005987379960356,0.0060374447664662,5.0064806110131446e-05
2020-12-26,Sutter,101,95872.0,572,39,550,34,22,5,0,0,567,39,569,39,2,0,0.0059141355140186,0.0059349966622162,2.0861148197596795e-05
2020-12-26,Tehama,103,63373.0,247,5,209,3,38,2,0,0,220,5,233,5,13,0,0.0034715099490319,0.0036766446278383,0.0002051346788064
2020-12-26,Trinity,105,12862.0,56,0,52,0,4,0,0,0,54,0,55,0,1,0,0.0041984139325143,0.004276162338672,7.774840615767377e-05
2020-12-26,Tulare,107,460477.0,2179,8,2144,4,34,4,0,0,2177,8,2185,8,8,0,0.0047277062698028,0.0047450795588053,1.7373289002490895e-05
2020-12-26,Tuolumne,109,53932.0,671,3,649,3,22,0,0,0,654,3,661,3,7,0,0.0121263813691314,0.0122561744418897,0.0001297930727582
2020-12-26,Ventura,111,848112.0,8097,133,7867,111,223,22,4,0,8022,132,8060,132,38,1,0.0094586564038711,0.0095034618069311,4.480540305997321e-05
2020-12-26,Yolo,113,214977.0,2133,78,1961,27,172,51,0,0,2069,78,2102,78,33,0,0.0096242853886694,0.0097777901822055,0.000153504793536
2020-12-26,Yuba,115,75493.0,275,14,257,11,17,3,0,0,270,14,273,14,3,0,0.0035764905355463,0.0036162293192746,3.973878372829269e-05
2020-12-25,Alameda,001,1643700.0,13110,158,12235,126,858,31,15,0,12948,156,13032,157,84,1,0.0078773498813652,0.007928454097463,5.110421609782807e-05
2020-12-25,Alpine,003,1148.0,5,0,5,0,0,0,0,0,5,0,5,0,0,0,0.0043554006968641,0.0043554006968641,0.0
2020-12-25,Amador,005,37829.0,199,1,194,1,5,0,0,0,195,1,196,1,1,0,0.0051547754368341,0.005181210182664,2.643474582991885e-05
2020-12-25,Butte,007,227075.0,2409,1,2366,1,43,0,0,0,2395,1,2403,1,8,0,0.0105471760431575,0.0105824066938236,3.523065066607949e-05
2020-12-25,Calaveras,009,45235.0,303,0,289,0,14,0,0,0,293,0,300,0,7,0,0.0064772852879407,0.006632032718028,0.0001547474300873
2020-12-25,Colusa,011,21464.0,25,0,25,0,0,0,0,0,25,0,25,0,0,0,0.0011647409616101,0.0011647409616101,0.0
2020-12-25,Contra Costa,013,1133247.0,11598,53,10753,25,827,28,14,0,11401,53,11507,53,106,0,0.0100604722536216,0.0101540087906696,9.353653704796924e-05
2020-12-25,Del Norte,015,27424.0,139,0,126,0,13,0,0,0,135,0,137,0,2,0,0.0049226954492415,0.0049956242707117,7.292882147024503e-05
2020-12-25,El Dorado,017,186661.0,1597,10,1469,8,126,2,2,0,1574,10,1588,10,14,0,0.008432398840679,0.0085074011175339,7.50022768548331e-05
2020-12-25,Fresno,019,978130.0,4780,2,4587,1,193,1,0,0,4775,2,4785,2,10,0,0.0048817641826751,0.0048919877725864,1.0223589911361476e-05
2020-12-25,Glenn,021,27897.0,110,0,108,0,2,0,0,0,105,0,107,0,2,0,0.0037638455747929,0.0038355378714557,7.169229666272359e-05
2020-12-25,Humboldt,023,135768.0,1349,2,1258,2,89,0,0,0,1345,2,1349,2,4,0,0.0099066053856578,0.0099360674091096,2.9462023451770667e-05
2020-12-25,Imperial,025,180216.0,670,1,658,1,12,0,0,0,666,1,668,1,2,0,0.003695565321614,0.0037066631153726,1.109779375860079e-05
2020-12-25,Inyo,027,18085.0,439,0,413,0,25,0,0,0,438,0,438,0,0,0,0.0242189659939176,0.0242189659939176,0.0
2020-12-25,Kern,029,883053.0,2623,1,2389,1,233,0,1,0,2618,1,2623,1,5,0,0.0029647144622123,0.0029703766365099,5.662174297578967e-06
2020-12-25,Kings,031,150075.0,512,0,486,0,26,0,0,0,585,0,589,0,4,0,0.0038980509745127,0.0039247043145094,2.665333999666833e-05
2020-12-25,Lake,033,64148.0,375,0,360,0,15,0,0,0,373,0,375,0,2,0,0.0058146785558396,0.0058458564569433,3.11779011036977e-05
2020-12-25,Lassen,035,31185.0,58,0,56,0,2,0,0,0,54,0,57,0,3,0,0.0017316017316017,0.0018278018278018,9.62000962000962e-05
2020-12-25,Los Angeles,037,10098052.0,92074,549,86270,441,5600,108,169,0,90731,548,91464,548,733,0,0.0089850002753006,0.009057588532917,7.258825761641948e-05
2020-12-25,Madera,039,155013.0,419,0,401,0,17,0,1,0,402,0,405,0,3,0,0.002593330881926,0.0026126840974627,1.9353215536761432e-05
2020-12-25,Marin,041,260295.0,3255,25,2387,0,865,25,2,0,3227,25,3241,25,14,0,0.0123974720989646,0.0124512572273766,5.3785128411994086e-05
2020-12-25,Mariposa,043,17540.0,180,0,179,0,1,0,0,0,181,0,184,0,3,0,0.0103192702394526,0.0104903078677309,0.0001710376282782
2020-12-25,Mendocino,045,87422.0,953,1,624,0,329,1,0,0,832,1,837,1,5,0,0.0095170552034956,0.0095742490448628,5.719384136716158e-05
2020-12-25,Merced,047,269075.0,966,6,940,6,22,0,2,0,843,6,855,6,12,0,0.0031329554956796,0.0031775527269348,4.459723125522624e-05
2020-12-25,Modoc,049,8938.0,115,0,115,0,0,0,0,0,114,0,115,0,1,0,0.0127545312150369,0.0128664130678004,0.0001118818527634
2020-12-25,Mono,051,14174.0,185,0,147,0,38,0,0,0,185,0,185,0,0,0,0.0130520671652321,0.0130520671652321,0.0
2020-12-25,Monterey,053,433212.0,3389,7,3096,0,292,7,0,0,3379,7,3381,7,2,0,0.0077998762730487,0.0078044929503337,4.616677285024422e-06
2020-12-25,Napa,055,140530.0,1893,1,1706,1,186,0,1,0,1886,1,1890,1,4,0,0.0134206219312602,0.0134490856044972,2.846367323703124e-05
2020-12-25,Nevada,057,99092.0,570,3,528,3,42,0,0,0,566,3,568,3,2,0,0.0057118637226012,0.0057320469866386,2.018326403746014e-05
2020-12-25,Orange,059,3164182.0,28617,22,27586,18,939,4,85,0,28206,22,28449,22,243,0,0.0089141522200682,0.0089909493196029,7.679709953472966e-05
2020-12-25,Placer,061,380077.0,3679,3,3498,3,178,0,3,0,3631,3,3656,3,25,0,0.0095533273520891,0.0096191034974492,6.577614536001915e-05
2020-12-25,Plumas,063,18699.0,202,0,201,0,1,0,0,0,202,0,202,0,0,0,0.0108027167228194,0.0108027167228194,0.0
2020-12-25,Riverside,065,2383286.0,13974,48,13189,24,775,24,5,0,13832,48,13907,48,75,0,0.0058037516269553,0.0058352207834057,3.146915645037985e-05
2020-12-25,Sacramento,067,1510023.0,11972,8,11316,6,643,2,13,0,11624,8,11778,8,154,0,0.0076978959923127,0.0077998811938626,0.0001019852015499
2020-12-25,San Benito,069,59416.0,518,2,499,2,19,0,0,0,517,2,518,2,1,0,0.0087013599030564,0.0087181903864278,1.6830483371482428e-05
2020-12-25,San Bernardino,071,2135413.0,17608,81,15482,18,2116,63,6,0,17542,81,17577,81,35,0,0.0082148043493225,0.0082311946213683,1.6390272045735417e-05
2020-12-25,San Diego,073,3302833.0,27557,917,24133,904,3219,13,188,0,26258,892,26971,894,713,23,0.0079501446182716,0.0081660198986748,0.0002158752804032
2020-12-25,San Francisco,075,870044.0,7725,50,6915,40,797,10,12,0,7634,50,7684,50,50,0,0.0087742688875505,0.0088317372454726,5.746835792212808e-05
2020-12-25,San Joaquin,077,732212.0,5286,19,5006,19,280,0,0,0,4841,18,4901,18,60,1,0.0066114731798987,0.0066934166607485,8.194348084980852e-05
2020-12-25,San Luis Obispo,079,281455.0,2551,2,2050,1,501,1,0,0,2546,2,2549,2,3,0,0.0090458510241424,0.0090565099216571,1.0658897514700396e-05
2020-12-25,San Mateo,081,765935.0,7642,108,7069,103,543,5,28,0,7523,107,7584,107,61,0,0.0098219822830919,0.009901623505911,7.964122281916873e-05
2020-12-25,Santa Barbara,083,443738.0,3129,1,2934,0,190,0,2,0,3108,1,3120,1,12,0,0.0070041330695139,0.0070311760543383,2.7042984824378348e-05
2020-12-25,Santa Clara,085,1922200.0,18385,350,17880,348,456,2,47,0,18047,349,18238,349,191,0,0.0093887212568931,0.0094880865674747,9.936531058162522e-05
2020-12-25,Santa Cruz,087,273765.0,2473,9,2354,9,115,0,4,0,2453,9,2465,9,12,0,0.0089602396215732,0.0090040728361916,4.383321461837708e-05
2020-12-25,Shasta,089,179085.0,1544,0,1316,0,228,0,0,0,1190,0,1368,0,178,0,0.0066448892983778,0.0076388307228411,0.0009939414244632
2020-12-25,Sierra,091,2930.0,22,0,21,0,1,0,0,0,22,0,22,0,0,0,0.0075085324232081,0.0075085324232081,0.0
2020-12-25,Siskiyou,093,43540.0,461,0,454,0,6,0,1,0,448,0,455,0,7,0,0.0102893890675241,0.0104501607717041,0.00016077170418
2020-12-25,Solano,095,438530.0,4219,9,3779,1,439,8,1,0,4198,9,4208,9,10,0,0.0095728912503135,0.0095956947073176,2.280345700408182e-05
2020-12-25,Sonoma,097,501317.0,5049,8,4340,1,709,7,0,0,5010,8,5032,8,22,0,0.0099936766556889,0.010037561064157,4.388440846809504e-05
2020-12-25,Stanislaus,099,539301.0,3253,0,3185,0,68,0,0,0,3175,0,3201,0,26,0,0.0058872503481358,0.0059354609021678,4.821055403197843e-05
2020-12-25,Sutter,101,95872.0,533,0,516,0,17,0,0,0,528,0,530,0,2,0,0.0055073431241655,0.0055282042723631,2.0861148197596795e-05
2020-12-25,Tehama,103,63373.0,242,0,206,0,36,0,0,0,215,0,228,0,13,0,0.0033926119956448,0.0035977466744512,0.0002051346788064
2020-12-25,Trinity,105,12862.0,56,0,52,0,4,0,0,0,54,0,55,0,1,0,0.0041984139325143,0.004276162338672,7.774840615767377e-05
2020-12-25,Tulare,107,460477.0,2171,0,2140,0,30,0,0,0,2169,0,2177,0,8,0,0.0047103329808003,0.0047277062698028,1.7373289002490895e-05
2020-12-25,Tuolumne,109,53932.0,668,1,646,1,22,0,0,0,651,1,658,1,7,0,0.0120707557665208,0.012200548839279,0.0001297930727582
2020-12-25,Ventura,111,848112.0,7964,13,7756,8,201,5,4,0,7891,13,7928,13,37,0,0.0093041956722697,0.0093478219857754,4.362631350576339e-05
2020-12-25,Yolo,113,214977.0,2055,1,1934,1,121,0,0,0,1991,1,2024,1,33,0,0.0092614558766751,0.0094149606702112,0.000153504793536
2020-12-25,Yuba,115,75493.0,261,1,246,1,14,0,0,0,256,1,259,1,3,0,0.0033910428781476,0.0034307816618759,3.973878372829269e-05
2020-12-24,Alameda,001,1643700.0,12952,1224,12109,767,827,457,15,0,12792,1224,12875,1224,83,0,0.0077824420514692,0.0078329378840421,5.0495832572853925e-05
2020-12-24,Alpine,003,1148.0,5,0,5,0,0,0,0,0,5,0,5,0,0,0,0.0043554006968641,0.0043554006968641,0.0
2020-12-24,Amador,005,37829.0,198,4,193,2,5,2,0,0,194,4,195,4,1,0,0.0051283406910042,0.0051547754368341,2.643474582991885e-05
2020-12-24,Butte,007,227075.0,2408,157,2365,152,43,5,0,0,2394,157,2402,157,8,0,0.0105427722118242,0.0105780028624903,3.523065066607949e-05
2020-12-24,Calaveras,009,45235.0,303,2,289,2,14,0,0,0,293,2,300,2,7,0,0.0064772852879407,0.006632032718028,0.0001547474300873
2020-12-24,Colusa,011,21464.0,25,1,25,1,0,0,0,0,25,1,25,1,0,0,0.0011647409616101,0.0011647409616101,0.0
2020-12-24,Contra Costa,013,1133247.0,11545,722,10728,365,799,356,14,0,11348,718,11454,723,106,6,0.0100137039850976,0.0101072405221456,9.353653704796924e-05
2020-12-24,Del Norte,015,27424.0,139,0,126,0,13,0,0,0,135,0,137,0,2,0,0.0049226954492415,0.0049956242707117,7.292882147024503e-05
2020-12-24,El Dorado,017,186661.0,1587,88,1461,63,124,25,2,0,1564,87,1578,88,14,1,0.0083788257857827,0.0084538280626376,7.50022768548331e-05
2020-12-24,Fresno,019,978130.0,4778,597,4586,561,192,36,0,0,4773,594,4783,597,10,3,0.0048797194646928,0.0048899430546041,1.0223589911361476e-05
2020-12-24,Glenn,021,27897.0,110,9,108,9,2,0,0,0,105,9,107,9,2,0,0.0037638455747929,0.0038355378714557,7.169229666272359e-05
2020-12-24,Humboldt,023,135768.0,1347,34,1256,4,89,28,0,0,1343,32,1347,32,4,0,0.009891874373932,0.0099213363973837,2.9462023451770667e-05
2020-12-24,Imperial,025,180216.0,669,6,657,5,12,1,0,0,665,6,667,6,2,0,0.0036900164247347,0.0037011142184933,1.109779375860079e-05
2020-12-24,Inyo,027,18085.0,439,14,413,14,25,0,0,0,438,14,438,14,0,0,0.0242189659939176,0.0242189659939176,0.0
2020-12-24,Kern,029,883053.0,2622,129,2388,48,233,81,1,0,2617,130,2622,130,5,0,0.0029635820273528,0.0029692442016504,5.662174297578967e-06
2020-12-24,Kings,031,150075.0,512,9,486,8,26,1,0,0,585,9,589,9,4,0,0.0038980509745127,0.0039247043145094,2.665333999666833e-05
2020-12-24,Lake,033,64148.0,375,2,360,0,15,2,0,0,373,2,375,2,2,0,0.0058146785558396,0.0058458564569433,3.11779011036977e-05
2020-12-24,Lassen,035,31185.0,58,5,56,5,2,0,0,0,54,5,57,5,3,0,0.0017316017316017,0.0018278018278018,9.62000962000962e-05
2020-12-24,Los Angeles,037,10098052.0,91525,7235,85829,4441,5492,2793,169,1,90183,7194,90916,7198,733,8,0.0089307323828397,0.0090033206404561,7.258825761641948e-05
2020-12-24,Madera,039,155013.0,419,48,401,40,17,8,1,0,402,46,405,46,3,1,0.002593330881926,0.0026126840974627,1.9353215536761432e-05
2020-12-24,Marin,041,260295.0,3230,359,2387,151,840,208,2,0,3202,358,3216,358,14,0,0.0123014272268003,0.0123552123552123,5.3785128411994086e-05
2020-12-24,Mariposa,043,17540.0,180,1,179,0,1,1,0,0,181,0,184,1,3,1,0.0103192702394526,0.0104903078677309,0.0001710376282782
2020-12-24,Mendocino,045,87422.0,952,55,624,8,328,47,0,0,831,55,836,55,5,0,0.0095056164352222,0.0095628102765894,5.719384136716158e-05
2020-12-24,Merced,047,269075.0,960,84,934,84,22,0,2,0,837,75,849,76,12,1,0.003110656880052,0.0031552541113072,4.459723125522624e-05
2020-12-24,Modoc,049,8938.0,115,1,115,1,0,0,0,0,114,1,115,1,1,0,0.0127545312150369,0.0128664130678004,0.0001118818527634
2020-12-24,Mono,051,14174.0,185,3,147,2,38,1,0,0,185,3,185,3,0,0,0.0130520671652321,0.0130520671652321,0.0
2020-12-24,Monterey,053,433212.0,3382,85,3096,7,285,78,0,0,3372,85,3374,85,2,0,0.0077837179025511,0.0077883345798362,4.616677285024422e-06
2020-12-24,Napa,055,140530.0,1892,136,1705,76,186,60,1,0,1885,136,1889,136,4,0,0.0134135060129509,0.013441969686188,2.846367323703124e-05
2020-12-24,Nevada,057,99092.0,567,16,525,12,42,4,0,0,563,16,565,16,2,0,0.005681588826545,0.0057017720905824,2.018326403746014e-05
2020-12-24,Orange,059,3164182.0,28595,1491,27568,1121,935,370,85,0,28184,1486,28427,1489,243,5,0.008907199396242,0.0089839964957767,7.679709953472966e-05
2020-12-24,Placer,061,380077.0,3676,415,3495,360,178,55,3,0,3628,414,3653,415,25,1,0.0095454342146459,0.009611210360006,6.577614536001915e-05
2020-12-24,Plumas,063,18699.0,202,7,201,7,1,0,0,0,202,7,202,7,0,0,0.0108027167228194,0.0108027167228194,0.0
2020-12-24,Riverside,065,2383286.0,13926,922,13165,688,751,234,5,0,13784,917,13859,918,75,3,0.0057836113668271,0.0058150805232775,3.146915645037985e-05
2020-12-24,Sacramento,067,1510023.0,11964,1086,11310,834,641,252,13,0,11616,1081,11770,1084,154,5,0.0076925980597646,0.0077945832613145,0.0001019852015499
2020-12-24,San Benito,069,59416.0,516,14,497,5,19,9,0,0,515,14,516,14,1,0,0.0086676989363134,0.0086845294196849,1.6830483371482428e-05
2020-12-24,San Bernardino,071,2135413.0,17527,1229,15464,618,2053,610,6,0,17461,1225,17496,1226,35,2,0.0081768725768738,0.0081932628489196,1.6390272045735417e-05
2020-12-24,San Diego,073,3302833.0,26640,2897,23229,2305,3206,590,188,0,25387,2866,26077,2867,690,27,0.0076864316179473,0.0078953431796279,0.0002089115616805
2020-12-24,San Francisco,075,870044.0,7675,876,6875,502,787,374,12,0,7584,874,7634,874,50,2,0.0087168005296283,0.0087742688875505,5.746835792212808e-05
2020-12-24,San Joaquin,077,732212.0,5267,244,4987,210,280,34,0,0,4824,243,4883,244,59,1,0.0065882558603246,0.0066688336164935,8.057775616897838e-05
2020-12-24,San Luis Obispo,079,281455.0,2549,194,2049,22,500,172,0,0,2544,194,2547,194,3,0,0.0090387450924659,0.0090494039899806,1.0658897514700396e-05
2020-12-24,San Mateo,081,765935.0,7534,906,6966,617,538,288,28,0,7416,902,7477,903,61,2,0.0096822837447041,0.0097619249675233,7.964122281916873e-05
2020-12-24,Santa Barbara,083,443738.0,3128,130,2934,79,190,51,2,0,3107,130,3119,130,12,0,0.0070018794874452,0.0070289224722696,2.7042984824378348e-05
2020-12-24,Santa Clara,085,1922200.0,18035,1875,17532,1678,454,196,47,1,17698,1863,17889,1867,191,8,0.0092071584642597,0.0093065237748413,9.936531058162522e-05
2020-12-24,Santa Cruz,087,273765.0,2464,115,2345,43,115,72,4,0,2444,115,2456,115,12,0,0.0089273647106094,0.0089711979252278,4.383321461837708e-05
2020-12-24,Shasta,089,179085.0,1544,23,1316,23,228,0,0,0,1190,23,1368,23,178,0,0.0066448892983778,0.0076388307228411,0.0009939414244632
2020-12-24,Sierra,091,2930.0,22,0,21,0,1,0,0,0,22,0,22,0,0,0,0.0075085324232081,0.0075085324232081,0.0
2020-12-24,Siskiyou,093,43540.0,461,6,454,5,6,1,1,0,448,6,455,6,7,0,0.0102893890675241,0.0104501607717041,0.00016077170418
2020-12-24,Solano,095,438530.0,4210,431,3778,165,431,266,1,0,4189,431,4199,431,10,0,0.0095523681390098,0.0095751715960139,2.280345700408182e-05
2020-12-24,Sonoma,097,501317.0,5041,323,4339,111,702,212,0,0,5002,323,5024,323,22,0,0.0099777186889732,0.0100216030974413,4.388440846809504e-05
2020-12-24,Stanislaus,099,539301.0,3253,94,3185,86,68,8,0,0,3175,94,3201,94,26,0,0.0058872503481358,0.0059354609021678,4.821055403197843e-05
2020-12-24,Sutter,101,95872.0,533,16,516,10,17,6,0,0,528,16,530,16,2,0,0.0055073431241655,0.0055282042723631,2.0861148197596795e-05
2020-12-24,Tehama,103,63373.0,242,5,206,3,36,2,0,0,215,5,228,5,13,0,0.0033926119956448,0.0035977466744512,0.0002051346788064
2020-12-24,Trinity,105,12862.0,56,0,52,0,4,0,0,0,54,0,55,0,1,0,0.0041984139325143,0.004276162338672,7.774840615767377e-05
2020-12-24,Tulare,107,460477.0,2171,24,2140,22,30,2,0,0,2169,24,2177,24,8,0,0.0047103329808003,0.0047277062698028,1.7373289002490895e-05
2020-12-24,Tuolumne,109,53932.0,667,0,645,0,22,0,0,0,650,0,657,0,7,0,0.0120522138989839,0.0121820069717421,0.0001297930727582
2020-12-24,Ventura,111,848112.0,7951,496,7748,382,196,114,4,0,7878,494,7915,495,37,1,0.0092888675080649,0.0093324938215707,4.362631350576339e-05
2020-12-24,Yolo,113,214977.0,2054,163,1933,101,121,62,0,0,1990,162,2023,163,33,1,0.0092568042162649,0.009410309009801,0.000153504793536
2020-12-24,Yuba,115,75493.0,260,22,245,12,14,10,0,0,255,22,258,22,3,0,0.0033777966169048,0.0034175354006331,3.973878372829269e-05
2020-12-23,Alameda,001,1643700.0,11728,2037,11342,1755,370,282,15,0,11568,2030,11651,2031,83,2,0.0070377806169008,0.0070882764494737,5.0495832572853925e-05
2020-12-23,Alpine,003,1148.0,5,1,5,1,0,0,0,0,5,1,5,1,0,0,0.0043554006968641,0.0043554006968641,0.0
2020-12-23,Amador,005,37829.0,194,41,191,39,3,2,0,0,190,41,191,41,1,0,0.0050226017076845,0.0050490364535144,2.643474582991885e-05
2020-12-23,Butte,007,227075.0,2251,878,2213,857,38,21,0,0,2237,878,2245,878,8,0,0.0098513706925024,0.0098866013431685,3.523065066607949e-05
2020-12-23,Calaveras,009,45235.0,301,76,287,72,14,4,0,0,291,77,298,77,7,0,0.0064330717364872,0.0065878191665745,0.0001547474300873
2020-12-23,Colusa,011,21464.0,24,10,24,10,0,0,0,0,24,10,24,10,0,0,0.0011181513231457,0.0011181513231457,0.0
2020-12-23,Contra Costa,013,1133247.0,10823,1783,10363,1500,443,283,14,0,10631,1775,10731,1780,100,7,0.0093810087297826,0.0094692507458656,8.824201608298985e-05
2020-12-23,Del Norte,015,27424.0,139,61,126,50,13,11,0,0,135,60,137,60,2,0,0.0049226954492415,0.0049956242707117,7.292882147024503e-05
2020-12-23,El Dorado,017,186661.0,1499,203,1398,148,99,55,2,0,1477,202,1490,202,13,1,0.0079127402081848,0.00798238517955,6.964497136520215e-05
2020-12-23,Fresno,019,978130.0,4181,1140,4025,1049,156,91,0,0,4179,1137,4186,1137,7,0,0.0042724382239579,0.0042795947368959,7.156512937953033e-06
2020-12-23,Glenn,021,27897.0,101,25,99,25,2,0,0,0,96,25,98,25,2,0,0.0034412302398107,0.0035129225364734,7.169229666272359e-05
2020-12-23,Humboldt,023,135768.0,1313,309,1252,250,61,59,0,0,1311,309,1315,310,4,1,0.0096561781863178,0.0096856402097696,2.9462023451770667e-05
2020-12-23,Imperial,025,180216.0,663,207,652,206,11,1,0,0,659,206,661,206,2,1,0.0036567230434589,0.0036678208372175,1.109779375860079e-05
2020-12-23,Inyo,027,18085.0,425,75,399,64,25,11,0,0,424,75,424,75,0,0,0.0234448437931987,0.0234448437931987,0.0
2020-12-23,Kern,029,883053.0,2493,564,2340,421,152,143,1,0,2487,563,2492,564,5,1,0.0028163654956157,0.0028220276699133,5.662174297578967e-06
2020-12-23,Kings,031,150075.0,503,132,478,114,25,18,0,0,576,130,580,131,4,2,0.0038380809595202,0.0038647342995169,2.665333999666833e-05
2020-12-23,Lake,033,64148.0,373,139,360,128,13,11,0,0,371,140,373,140,2,0,0.0057835006547359,0.0058146785558396,3.11779011036977e-05
2020-12-23,Lassen,035,31185.0,53,7,51,7,2,0,0,0,49,7,52,7,3,0,0.0015712682379349,0.001667468334135,9.62000962000962e-05
2020-12-23,Los Angeles,037,10098052.0,84290,12636,81388,10726,2699,1904,168,1,82993,12591,83718,12606,725,32,0.0082187138667933,0.008290509892403,7.179602560969185e-05
2020-12-23,Madera,039,155013.0,371,70,361,68,9,2,1,0,357,68,359,68,2,0,0.0023030326488746,0.0023159347925657,1.2902143691174288e-05
2020-12-23,Marin,041,260295.0,2871,708,2236,296,632,412,2,0,2844,705,2858,705,14,3,0.0109260646574079,0.0109798497858199,5.3785128411994086e-05
2020-12-23,Mariposa,043,17540.0,179,19,179,19,0,0,0,0,181,18,183,18,2,1,0.0103192702394526,0.0104332953249714,0.0001140250855188
2020-12-23,Mendocino,045,87422.0,897,272,616,60,281,212,0,0,776,270,781,271,5,2,0.0088764841801834,0.0089336780215506,5.719384136716158e-05
2020-12-23,Merced,047,269075.0,876,289,850,282,22,6,2,0,762,249,773,249,11,0,0.0028319241847068,0.0028728049800241,4.088079531729072e-05
2020-12-23,Modoc,049,8938.0,114,3,114,3,0,0,0,0,113,3,114,3,1,0,0.0126426493622734,0.0127545312150369,0.0001118818527634
2020-12-23,Mono,051,14174.0,182,74,145,47,37,27,0,0,182,74,182,74,0,0,0.0128404120220121,0.0128404120220121,0.0
2020-12-23,Monterey,053,433212.0,3297,457,3089,271,207,186,0,0,3287,456,3289,456,2,0,0.0075875091179376,0.0075921257952226,4.616677285024422e-06
2020-12-23,Napa,055,140530.0,1756,449,1629,334,126,115,1,0,1749,447,1753,449,4,2,0.0124457411228919,0.0124742047961289,2.846367323703124e-05
2020-12-23,Nevada,057,99092.0,551,247,513,211,38,36,0,0,547,247,549,247,2,0,0.0055201227142453,0.0055403059782828,2.018326403746014e-05
2020-12-23,Orange,059,3164182.0,27104,3721,26447,3322,565,399,85,0,26700,3706,26938,3711,238,12,0.0084381998254209,0.0085134167377224,7.521691230150479e-05
2020-12-23,Placer,061,380077.0,3261,777,3135,677,123,99,3,1,3214,774,3238,776,24,2,0.008456181247484,0.0085193263470296,6.314509954561839e-05
2020-12-23,Plumas,063,18699.0,195,50,194,50,1,0,0,0,195,50,195,50,0,0,0.0104283651532167,0.0104283651532167,0.0
2020-12-23,Riverside,065,2383286.0,13004,2293,12477,1906,517,386,5,0,12869,2290,12941,2291,72,2,0.0053996876581325,0.0054298980483248,3.021039019236466e-05
2020-12-23,Sacramento,067,1510023.0,10878,2388,10476,2149,389,236,13,3,10537,2367,10686,2370,149,6,0.0069780394073467,0.0070767134010541,9.867399370738062e-05
2020-12-23,San Benito,069,59416.0,502,92,492,82,10,10,0,0,501,93,502,93,1,0,0.0084320721691126,0.0084489026524841,1.6830483371482428e-05
2020-12-23,San Bernardino,071,2135413.0,16298,2775,14846,1536,1443,1239,6,0,16237,2771,16270,2774,33,4,0.0076036813487601,0.0076191350338318,1.545368507169339e-05
2020-12-23,San Diego,073,3302833.0,23743,3451,20924,2098,2616,1352,188,1,22547,3421,23210,3424,663,28,0.0068265637408854,0.0070273005023263,0.0002007367614408
2020-12-23,San Francisco,075,870044.0,6799,1430,6373,1091,413,339,12,0,6712,1422,6760,1425,48,6,0.0077145523674664,0.0077697219910717,5.516962360524295e-05
2020-12-23,San Joaquin,077,732212.0,5023,1106,4777,1038,246,68,0,0,4581,1016,4639,1018,58,12,0.0062563847628828,0.006335596794371,7.921203148814824e-05
2020-12-23,San Luis Obispo,079,281455.0,2355,687,2027,375,328,312,0,0,2350,687,2353,687,3,0,0.0083494697198486,0.0083601286173633,1.0658897514700396e-05
2020-12-23,San Mateo,081,765935.0,6628,1574,6349,1355,250,218,28,0,6515,1570,6574,1572,59,2,0.0085059437158505,0.0085829737510363,7.703003518575336e-05
2020-12-23,Santa Barbara,083,443738.0,2998,439,2855,313,139,126,2,0,2977,439,2989,440,12,1,0.0067089138185145,0.0067359568033389,2.7042984824378348e-05
2020-12-23,Santa Clara,085,1922200.0,16160,3350,15854,3135,258,215,46,0,15839,3331,16022,3338,183,14,0.0082400374570804,0.0083352408698366,9.520341275621684e-05
2020-12-23,Santa Cruz,087,273765.0,2349,342,2302,307,43,35,4,0,2329,341,2341,341,12,0,0.00850729640385,0.0085511296184683,4.383321461837708e-05
2020-12-23,Shasta,089,179085.0,1521,163,1293,157,228,6,0,0,1167,163,1345,163,178,0,0.0065164586648798,0.007510400089343,0.0009939414244632
2020-12-23,Sierra,091,2930.0,22,4,21,4,1,0,0,0,22,4,22,4,0,0,0.0075085324232081,0.0075085324232081,0.0
2020-12-23,Siskiyou,093,43540.0,455,140,449,139,5,1,1,0,442,140,449,140,7,0,0.0101515847496554,0.0103123564538355,0.00016077170418
2020-12-23,Solano,095,438530.0,3779,879,3613,765,165,114,1,0,3758,874,3768,876,10,3,0.0085695391421339,0.008592342599138,2.280345700408182e-05
2020-12-23,Sonoma,097,501317.0,4718,1610,4228,1220,490,390,0,0,4679,1606,4701,1607,22,4,0.009333415782828,0.0093773001912961,4.388440846809504e-05
2020-12-23,Stanislaus,099,539301.0,3159,466,3099,444,60,22,0,0,3081,456,3107,456,26,6,0.0057129506527894,0.0057611612068214,4.821055403197843e-05
2020-12-23,Sutter,101,95872.0,517,125,506,116,11,9,0,0,512,124,514,124,2,1,0.0053404539385847,0.0053613150867823,2.0861148197596795e-05
2020-12-23,Tehama,103,63373.0,237,59,203,50,34,9,0,0,210,59,223,59,13,0,0.0033137140422577,0.0035188487210641,0.0002051346788064
2020-12-23,Trinity,105,12862.0,56,7,52,5,4,2,0,0,54,7,55,7,1,0,0.0041984139325143,0.004276162338672,7.774840615767377e-05
2020-12-23,Tulare,107,460477.0,2147,340,2118,322,28,18,0,0,2145,335,2153,338,8,3,0.0046582131137928,0.0046755864027953,1.7373289002490895e-05
2020-12-23,Tuolumne,109,53932.0,667,191,645,187,22,4,0,0,650,184,657,186,7,4,0.0120522138989839,0.0121820069717421,0.0001297930727582
2020-12-23,Ventura,111,848112.0,7455,1119,7366,1065,82,53,4,0,7384,1114,7420,1115,36,4,0.0087063972682853,0.0087488444922368,4.2447223951553566e-05
2020-12-23,Yolo,113,214977.0,1891,482,1832,449,59,33,0,0,1828,481,1860,482,32,1,0.0085032352298152,0.0086520883629411,0.0001488531331258
2020-12-23,Yuba,115,75493.0,238,67,233,65,4,2,0,0,233,67,236,67,3,0,0.003086378869564,0.0031261176532923,3.973878372829269e-05
2020-12-22,Alameda,001,1643700.0,9691,2124,9587,2061,88,63,15,0,9539,2116,9620,2117,81,5,0.0058033704447283,0.0058526495102512,4.927906552290564e-05
2020-12-22,Alpine,003,1148.0,4,0,4,0,0,0,0,0,4,0,4,0,0,0,0.0034843205574912,0.0034843205574912,0.0
2020-12-22,Amador,005,37829.0,153,42,152,41,1,1,0,0,149,40,150,40,1,0,0.0039387771286579,0.0039652118744878,2.643474582991885e-05
2020-12-22,Butte,007,227075.0,1373,614,1356,611,17,3,0,0,1359,612,1367,614,8,2,0.0059848067819002,0.0060200374325663,3.523065066607949e-05
2020-12-22,Calaveras,009,45235.0,225,87,215,83,10,4,0,0,214,86,221,87,7,4,0.0047308500055266,0.004885597435614,0.0001547474300873
2020-12-22,Colusa,011,21464.0,14,9,14,9,0,0,0,0,14,9,14,9,0,0,0.0006522549385016,0.0006522549385016,0.0
2020-12-22,Contra Costa,013,1133247.0,9040,1776,8863,1652,160,123,14,0,8858,1763,8951,1765,93,7,0.0078164777846312,0.0078985428595884,8.206507495718057e-05
2020-12-22,Del Norte,015,27424.0,78,49,76,48,2,1,0,0,75,48,77,49,2,1,0.0027348308051341,0.0028077596266044,7.292882147024503e-05
2020-12-22,El Dorado,017,186661.0,1296,314,1250,286,44,28,2,0,1276,314,1288,315,12,1,0.006835921804769,0.0069002094706446,6.428766587557122e-05
2020-12-22,Fresno,019,978130.0,3041,963,2976,916,65,47,0,0,3042,963,3049,963,7,0,0.0031100160510361,0.0031171725639741,7.156512937953033e-06
2020-12-22,Glenn,021,27897.0,76,57,74,57,2,0,0,0,71,56,73,56,2,0,0.0025450765315266,0.0026167688281894,7.169229666272359e-05
2020-12-22,Humboldt,023,135768.0,1004,400,1002,400,2,0,0,0,1002,399,1005,400,3,1,0.0073802368746685,0.0074023333922573,2.2096517588828e-05
2020-12-22,Imperial,025,180216.0,456,240,446,238,10,2,0,0,454,240,455,240,1,0,0.0025191991832023,0.0025247480800816,5.548896879300395e-06
2020-12-22,Inyo,027,18085.0,350,109,335,100,14,9,0,0,349,109,349,109,0,0,0.0192977605750622,0.0192977605750622,0.0
2020-12-22,Kern,029,883053.0,1929,546,1919,543,9,3,1,0,1924,545,1928,545,4,1,0.0021788046697083,0.0021833344091464,4.529739438063174e-06
2020-12-22,Kings,031,150075.0,371,142,364,136,7,6,0,0,447,138,449,139,2,2,0.0029785107446276,0.002991837414626,1.3326669998334166e-05
2020-12-22,Lake,033,64148.0,234,69,232,67,2,2,0,0,231,68,233,69,2,1,0.003601047577477,0.0036322254785807,3.11779011036977e-05
2020-12-22,Lassen,035,31185.0,46,18,44,18,2,0,0,0,42,17,45,18,3,1,0.0013468013468013,0.0014430014430014,9.62000962000962e-05
2020-12-22,Los Angeles,037,10098052.0,71654,12220,70662,11770,795,448,167,0,70419,12188,71112,12193,693,19,0.0069735232102191,0.0070421503078019,6.862709758278131e-05
2020-12-22,Madera,039,155013.0,301,100,293,97,7,3,1,0,289,97,291,97,2,0,0.0018643597633746,0.0018772619070658,1.2902143691174288e-05
2020-12-22,Marin,041,260295.0,2163,522,1940,315,220,206,2,0,2142,519,2153,520,11,1,0.008229124647035,0.0082713843907873,4.2259743752281066e-05
2020-12-22,Mariposa,043,17540.0,160,6,160,6,0,0,0,0,164,6,165,6,1,0,0.0093500570125427,0.0094070695553021,5.701254275940707e-05
2020-12-22,Mendocino,045,87422.0,625,259,556,193,69,66,0,0,507,259,510,259,3,0,0.0057994555146301,0.0058337718194504,3.431630482029695e-05
2020-12-22,Merced,047,269075.0,587,189,568,186,16,3,2,0,513,156,524,156,11,1,0.0019065316361609,0.0019474124314782,4.088079531729072e-05
2020-12-22,Modoc,049,8938.0,111,16,111,16,0,0,0,0,110,15,111,16,1,1,0.0123070038039829,0.0124188856567464,0.0001118818527634
2020-12-22,Mono,051,14174.0,108,68,98,65,10,3,0,0,108,68,108,68,0,0,0.0076195851559192,0.0076195851559192,0.0
2020-12-22,Monterey,053,433212.0,2840,563,2818,549,21,14,0,0,2831,562,2833,562,2,0,0.006534906696952,0.006539523374237,4.616677285024422e-06
2020-12-22,Napa,055,140530.0,1307,351,1295,342,11,9,1,0,1302,351,1304,351,2,0,0.0092649256386536,0.0092791574752721,1.423183661851562e-05
2020-12-22,Nevada,057,99092.0,304,88,302,86,2,2,0,0,300,88,302,88,2,0,0.003027489605619,0.0030476728696564,2.018326403746014e-05
2020-12-22,Orange,059,3164182.0,23383,4138,23125,4086,166,51,85,0,23001,4122,23227,4124,226,9,0.0072691773102811,0.0073406017732229,7.142446294176504e-05
2020-12-22,Placer,061,380077.0,2484,700,2458,690,24,10,2,0,2440,696,2462,696,22,3,0.0064197517871378,0.0064776347950546,5.7883007916816855e-05
2020-12-22,Plumas,063,18699.0,145,94,144,94,1,0,0,0,145,94,145,94,0,0,0.0077544253703406,0.0077544253703406,0.0
2020-12-22,Riverside,065,2383286.0,10711,2564,10571,2505,131,59,5,0,10580,2556,10650,2559,70,7,0.0044392490032669,0.0044686202159539,2.93712126870212e-05
2020-12-22,Sacramento,067,1510023.0,8490,2190,8327,2132,153,57,10,1,8173,2168,8316,2172,143,10,0.0054125003393988,0.0055072008836951,9.470054429634516e-05
2020-12-22,San Benito,069,59416.0,410,100,410,100,0,0,0,0,408,100,409,100,1,0,0.0068668372155648,0.0068836676989363,1.6830483371482428e-05
2020-12-22,San Bernardino,071,2135413.0,13523,2365,13310,2226,204,139,6,0,13467,2362,13496,2362,29,2,0.0063065083897119,0.0063200889008355,1.3580511123609344e-05
2020-12-22,San Diego,073,3302833.0,20292,4214,18826,3499,1264,712,187,1,19151,4178,19786,4182,635,30,0.0057983555329621,0.005990614723784,0.0001922591908219
2020-12-22,San Francisco,075,870044.0,5369,1406,5282,1366,74,40,12,0,5293,1404,5335,1404,42,1,0.0060836003696364,0.006131873790291,4.827342065458758e-05
2020-12-22,San Joaquin,077,732212.0,3917,1120,3739,985,178,135,0,0,3575,1036,3621,1037,46,7,0.0048824657339677,0.0049452890692859,6.282333531818654e-05
2020-12-22,San Luis Obispo,079,281455.0,1668,309,1652,305,16,4,0,0,1663,309,1666,309,3,0,0.0059085821889822,0.0059192410864969,1.0658897514700396e-05
2020-12-22,San Mateo,081,765935.0,5054,1558,4994,1547,32,11,28,0,4945,1551,5002,1551,57,3,0.0064561614236194,0.0065305802711718,7.4418847552338e-05
2020-12-22,Santa Barbara,083,443738.0,2559,409,2542,405,13,4,2,0,2538,409,2549,409,11,0,0.005719591290356,0.0057443806931117,2.4789402755680155e-05
2020-12-22,Santa Clara,085,1922200.0,12810,3216,12719,3201,43,14,46,0,12515,3198,12684,3202,169,8,0.0065107689106232,0.0065986890021849,8.792009156175216e-05
2020-12-22,Santa Cruz,087,273765.0,2007,404,1995,403,8,1,4,0,1988,401,2000,403,12,4,0.0072617025551111,0.0073055357697295,4.383321461837708e-05
2020-12-22,Shasta,089,179085.0,1358,206,1136,201,222,5,0,0,1004,206,1182,206,178,0,0.0056062763492196,0.0066002177736828,0.0009939414244632
2020-12-22,Sierra,091,2930.0,18,12,17,12,1,0,0,0,18,12,18,12,0,0,0.0061433447098976,0.0061433447098976,0.0
2020-12-22,Siskiyou,093,43540.0,315,155,310,155,4,0,1,0,302,155,309,155,7,0,0.0069361506660542,0.0070969223702342,0.00016077170418
2020-12-22,Solano,095,438530.0,2900,671,2848,630,51,41,1,0,2885,669,2892,670,7,1,0.0065787973456776,0.0065947597655804,1.5962419902857274e-05
2020-12-22,Sonoma,097,501317.0,3108,1318,3008,1229,100,89,0,0,3076,1312,3094,1315,18,6,0.0061358382021754,0.0061717436272857,3.590542511025958e-05
2020-12-22,Stanislaus,099,539301.0,2693,821,2655,805,38,16,0,0,2631,807,2651,809,20,4,0.0048785372176205,0.0049156222591836,3.7085041563060334e-05
2020-12-22,Sutter,101,95872.0,392,169,390,169,2,0,0,0,389,169,390,169,1,0,0.0040574933244325,0.0040679238985313,1.0430574098798398e-05
2020-12-22,Tehama,103,63373.0,178,81,153,75,25,6,0,0,151,81,164,81,13,0,0.00238271819229,0.0025878528710965,0.0002051346788064
2020-12-22,Trinity,105,12862.0,49,3,47,3,2,0,0,0,47,3,48,3,1,0,0.0036541750894106,0.0037319234955683,7.774840615767377e-05
2020-12-22,Tulare,107,460477.0,1807,481,1796,479,10,2,0,0,1810,480,1815,480,5,0,0.0039307066368135,0.0039415649424401,1.085830562655681e-05
2020-12-22,Tuolumne,109,53932.0,476,169,458,169,18,0,0,0,468,166,471,167,3,2,0.0086775940072684,0.0087332196098791,5.562560261069495e-05
2020-12-22,Ventura,111,848112.0,6336,1208,6301,1198,29,10,4,0,6273,1205,6305,1205,32,3,0.0073964287735582,0.0074341596392929,3.773086573471429e-05
2020-12-22,Yolo,113,214977.0,1409,392,1383,388,26,4,0,0,1347,392,1378,392,31,0,0.006265786572517,0.0064099880452327,0.0001442014727156
2020-12-22,Yuba,115,75493.0,171,80,168,80,2,0,0,0,166,80,169,80,3,0,0.0021988793662988,0.0022386181500271,3.973878372829269e-05
2020-12-21,Alameda,001,1643700.0,7567,1890,7526,1889,25,1,15,0,7427,1876,7503,1881,76,9,0.0045184644399829,0.004564701587881,4.623714789803492e-05
2020-12-21,Alpine,003,1148.0,4,1,4,1,0,0,0,0,4,1,4,1,0,0,0.0034843205574912,0.0034843205574912,0.0
2020-12-21,Amador,005,37829.0,111,30,111,30,0,0,0,0,109,29,110,29,1,1,0.0028813872954611,0.002907822041291,2.643474582991885e-05
2020-12-21,Butte,007,227075.0,759,630,745,630,14,0,0,0,747,630,753,630,6,0,0.0032896620059451,0.0033160849939447,2.6422987999559612e-05
2020-12-21,Calaveras,009,45235.0,138,60,132,56,6,4,0,0,131,58,134,58,3,1,0.0028959876202055,0.0029623079473858,6.632032718028075e-05
2020-12-21,Colusa,011,21464.0,5,3,5,3,0,0,0,0,5,3,5,3,0,0,0.000232948192322,0.000232948192322,0.0
2020-12-21,Contra Costa,013,1133247.0,7264,1739,7211,1735,37,4,14,0,7100,1730,7186,1732,86,3,0.0062651831418922,0.0063410712757236,7.588813383137127e-05
2020-12-21,Del Norte,015,27424.0,29,23,28,23,1,0,0,0,27,23,28,23,1,0,0.0009845390898483,0.0010210035005834,3.646441073512252e-05
2020-12-21,El Dorado,017,186661.0,982,383,964,382,16,1,2,0,962,382,973,382,11,0,0.0051537278810249,0.0052126582414109,5.893036038594029e-05
2020-12-21,Fresno,019,978130.0,2078,967,2060,965,18,2,0,0,2079,985,2086,985,7,1,0.002125484342572,0.00213264085551,7.156512937953033e-06
2020-12-21,Glenn,021,27897.0,19,9,17,9,2,0,0,0,15,9,17,9,2,0,0.0005376922249704,0.0006093845216331,7.169229666272359e-05
2020-12-21,Humboldt,023,135768.0,604,200,602,200,2,0,0,0,603,201,605,201,2,1,0.0044414000353544,0.0044561310470803,1.4731011725885332e-05
2020-12-21,Imperial,025,180216.0,216,184,208,184,8,0,0,0,214,182,215,183,1,1,0.0011874639321702,0.0011930128290495,5.548896879300395e-06
2020-12-21,Inyo,027,18085.0,241,90,235,86,5,4,0,0,240,90,240,90,0,0,0.013270666298037,0.013270666298037,0.0
2020-12-21,Kern,029,883053.0,1383,670,1376,670,6,0,1,0,1380,670,1383,670,3,0,0.0015627601061317,0.0015661574107103,3.397304578547381e-06
2020-12-21,Kings,031,150075.0,229,176,228,176,1,0,0,0,310,257,310,257,0,0,0.0020656338497417,0.0020656338497417,0.0
2020-12-21,Lake,033,64148.0,165,95,165,95,0,0,0,0,163,95,164,95,1,0,0.0025409989399513,0.0025565878905032,1.558895055184885e-05
2020-12-21,Lassen,035,31185.0,28,9,26,9,2,0,0,0,25,9,27,9,2,0,0.0008016674683341,0.0008658008658008,6.41333974667308e-05
2020-12-21,Los Angeles,037,10098052.0,59434,14466,58892,14424,347,31,167,0,58245,14411,58919,14416,674,34,0.0057679441539813,0.0058346897005481,6.674554656680318e-05
2020-12-21,Madera,039,155013.0,201,57,196,57,4,0,1,0,192,53,194,53,2,1,0.0012386057943527,0.0012515079380439,1.2902143691174288e-05
2020-12-21,Marin,041,260295.0,1641,242,1625,238,14,4,2,0,1623,242,1633,242,10,0,0.0062352331009047,0.0062736510497704,3.841794886571006e-05
2020-12-21,Mariposa,043,17540.0,154,49,154,49,0,0,0,0,158,53,159,53,1,0,0.0090079817559863,0.0090649942987457,5.701254275940707e-05
2020-12-21,Mendocino,045,87422.0,366,191,363,191,3,0,0,0,248,76,251,77,3,1,0.0028368145318112,0.0028711308366315,3.431630482029695e-05
2020-12-21,Merced,047,269075.0,398,150,382,146,13,4,2,0,358,129,368,130,10,4,0.0013304840657809,0.0013676484251602,3.71643593793552e-05
2020-12-21,Modoc,049,8938.0,95,93,95,93,0,0,0,0,95,93,95,93,0,0,0.0106287760125307,0.0106287760125307,0.0
2020-12-21,Mono,051,14174.0,40,22,33,15,7,7,0,0,40,22,40,22,0,0,0.0028220685762664,0.0028220685762664,0.0
2020-12-21,Monterey,053,433212.0,2277,699,2269,699,7,0,0,0,2269,696,2271,696,2,1,0.0052376203798602,0.0052422370571452,4.616677285024422e-06
2020-12-21,Napa,055,140530.0,956,345,953,345,2,0,1,0,951,345,953,345,2,0,0.0067672383121041,0.0067814701487226,1.423183661851562e-05
2020-12-21,Nevada,057,99092.0,216,67,216,67,0,0,0,0,212,66,214,66,2,0,0.0021394259879707,0.0021596092520082,2.018326403746014e-05
2020-12-21,Orange,059,3164182.0,19245,4504,19039,4496,115,6,85,0,18886,4488,19103,4490,217,11,0.005968683217337,0.006037263343259,6.858012592196025e-05
2020-12-21,Placer,061,380077.0,1784,523,1768,520,14,3,2,0,1747,521,1766,521,19,1,0.0045964370377581,0.0046464269082317,4.998987047361456e-05
2020-12-21,Plumas,063,18699.0,51,45,50,45,1,0,0,0,51,45,51,45,0,0,0.0027274185785336,0.0027274185785336,0.0
2020-12-21,Riverside,065,2383286.0,8147,2655,8066,2651,72,2,5,0,8028,2641,8091,2642,63,7,0.0033684585064486,0.0033948925978669,2.643409141831908e-05
2020-12-21,Sacramento,067,1510023.0,6300,1742,6195,1740,96,2,9,0,6011,1722,6144,1722,133,3,0.003980734068289,0.0040688121969003,8.807812861128606e-05
2020-12-21,San Benito,069,59416.0,310,79,310,79,0,0,0,0,308,78,309,78,1,1,0.0051837888784165,0.005200619361788,1.6830483371482428e-05
2020-12-21,San Bernardino,071,2135413.0,11158,2519,11084,2513,65,6,6,0,11107,2518,11134,2518,27,1,0.0052013357603423,0.0052139796844919,1.264392414956732e-05
2020-12-21,San Diego,073,3302833.0,16078,3621,15327,3600,552,15,186,0,14999,3590,15604,3590,605,19,0.0045412529183279,0.0047244289977725,0.0001831760794445
2020-12-21,San Francisco,075,870044.0,3963,1171,3916,1170,34,1,12,0,3890,1169,3931,1169,41,1,0.0044710382463415,0.0045181622998377,4.712405349614503e-05
2020-12-21,San Joaquin,077,732212.0,2797,654,2754,648,43,6,0,0,2545,601,2584,601,39,7,0.0034757693127127,0.003529032575265,5.326326255237554e-05
2020-12-21,San Luis Obispo,079,281455.0,1359,543,1347,541,12,2,0,0,1354,542,1357,543,3,1,0.0048107157449681,0.0048213746424828,1.0658897514700396e-05
2020-12-21,San Mateo,081,765935.0,3496,1186,3447,1184,21,2,28,0,3397,1179,3451,1179,54,0,0.004435102195356,0.0045056042614582,7.050206610221494e-05
2020-12-21,Santa Barbara,083,443738.0,2150,801,2137,799,9,2,2,0,2129,797,2140,797,11,4,0.0047978762242584,0.0048226656270141,2.4789402755680155e-05
2020-12-21,Santa Clara,085,1922200.0,9594,2765,9518,2761,29,4,46,0,9321,2737,9482,2740,161,16,0.0048491312038289,0.0049328893975652,8.375819373634377e-05
2020-12-21,Santa Cruz,087,273765.0,1603,440,1592,439,7,1,4,0,1589,440,1597,440,8,0,0.00580424816905,0.005833470312129,2.922214307891805e-05
2020-12-21,Shasta,089,179085.0,1152,71,935,71,217,0,0,0,798,71,976,71,178,0,0.0044559845883239,0.0054499260127872,0.0009939414244632
2020-12-21,Sierra,091,2930.0,6,2,5,2,1,0,0,0,6,2,6,2,0,0,0.0020477815699658,0.0020477815699658,0.0
2020-12-21,Siskiyou,093,43540.0,160,133,155,133,4,0,1,0,147,133,154,133,7,0,0.0033762057877813,0.0035369774919614,0.00016077170418
2020-12-21,Solano,095,438530.0,2229,595,2218,593,10,2,1,0,2216,595,2222,595,6,0,0.0050532460721045,0.0050669281463069,1.3682074202449092e-05
2020-12-21,Sonoma,097,501317.0,1790,864,1779,861,11,3,0,0,1767,855,1779,857,12,7,0.0035247158983238,0.0035486528483973,2.3936950073506384e-05
2020-12-21,Stanislaus,099,539301.0,1872,1046,1850,1045,22,1,0,0,1826,1031,1842,1031,16,6,0.0033858642947074,0.0034155323279578,2.9668033250448264e-05
2020-12-21,Sutter,101,95872.0,223,100,221,100,2,0,0,0,220,100,221,100,1,0,0.0022947263017356,0.0023051568758344,1.0430574098798398e-05
2020-12-21,Tehama,103,63373.0,97,43,78,43,19,0,0,0,70,42,83,42,13,0,0.0011045713474192,0.0013097060262256,0.0002051346788064
2020-12-21,Trinity,105,12862.0,46,39,44,39,2,0,0,0,44,39,45,39,1,0,0.0034209298709376,0.0034986782770953,7.774840615767377e-05
2020-12-21,Tulare,107,460477.0,1326,435,1317,434,8,1,0,0,1330,446,1335,447,5,1,0.0028883092966641,0.0028991676022906,1.085830562655681e-05
2020-12-21,Tuolumne,109,53932.0,307,120,289,106,18,14,0,0,303,118,304,118,1,1,0.0056181858636801,0.005636727731217,1.854186753689832e-05
2020-12-21,Ventura,111,848112.0,5128,1541,5103,1539,19,1,4,0,5071,1532,5100,1533,29,6,0.005979163129398,0.00601335672647,3.419359707208482e-05
2020-12-21,Yolo,113,214977.0,1017,267,995,267,22,0,0,0,955,267,986,267,31,0,0.0044423356917251,0.0045865371644408,0.0001442014727156
2020-12-21,Yuba,115,75493.0,91,42,88,41,2,0,0,0,86,41,89,41,3,0,0.0011391784668777,0.001178917250606,3.973878372829269e-05
2020-12-20,Alameda,001,1643700.0,5677,1215,5637,1214,24,1,15,0,5555,1211,5622,1212,67,2,0.0033795704812313,0.0034203321774046,4.0761696173267625e-05
2020-12-20,Alpine,003,1148.0,3,0,3,0,0,0,0,0,3,0,3,0,0,0,0.0026132404181184,0.0026132404181184,0.0
2020-12-20,Amador,005,37829.0,81,5,81,5,0,0,0,0,81,5,81,5,0,0,0.0021412144122234,0.0021412144122234,0.0
2020-12-20,Butte,007,227075.0,129,11,115,11,14,0,0,0,117,11,123,11,6,0,0.0005152482659914,0.0005416712539909,2.6422987999559612e-05
2020-12-20,Calaveras,009,45235.0,78,5,76,4,2,1,0,0,74,4,76,5,2,1,0.0016359014037802,0.0016801149552337,4.421355145352051e-05
2020-12-20,Colusa,011,21464.0,2,0,2,0,0,0,0,0,2,0,2,0,0,0,9.317927692881104e-05,9.317927692881104e-05,0.0
2020-12-20,Contra Costa,013,1133247.0,5525,655,5476,651,33,4,14,0,5371,653,5454,654,83,1,0.0047394786838173,0.0048127195571662,7.324087334888157e-05
2020-12-20,Del Norte,015,27424.0,6,1,5,1,1,0,0,0,4,1,5,1,1,0,0.0001458576429404,0.0001823220536756,3.646441073512252e-05
2020-12-20,El Dorado,017,186661.0,599,87,582,87,15,0,2,0,580,86,591,87,11,1,0.0031072371839859,0.0031661675443718,5.893036038594029e-05
2020-12-20,Fresno,019,978130.0,1111,266,1095,261,16,5,0,0,1095,266,1101,266,6,0,0.001119483095294,0.0011256172492408,6.134153946816885e-06
2020-12-20,Glenn,021,27897.0,10,3,8,3,2,0,0,0,6,3,8,3,2,0,0.0002150768899881,0.0002867691866508,7.169229666272359e-05
2020-12-20,Humboldt,023,135768.0,404,25,402,25,2,0,0,0,403,25,404,25,1,0,0.0029682988627658,0.0029756643686288,7.365505862942667e-06
2020-12-20,Imperial,025,180216.0,32,1,24,1,8,0,0,0,32,1,32,1,0,0,0.0001775647001376,0.0001775647001376,0.0
2020-12-20,Inyo,027,18085.0,151,60,149,59,1,1,0,0,150,60,150,60,0,0,0.0082941664362731,0.0082941664362731,0.0
2020-12-20,Kern,029,883053.0,713,62,706,62,6,0,1,0,710,62,713,62,3,0,0.0008040287502562,0.0008074260548347,3.397304578547381e-06
2020-12-20,Kings,031,150075.0,53,13,52,13,1,0,0,0,53,13,53,13,0,0,0.0003531567549558,0.0003531567549558,0.0
2020-12-20,Lake,033,64148.0,70,6,70,6,0,0,0,0,68,6,69,6,1,0,0.0010600486375257,0.0010756375880775,1.558895055184885e-05
2020-12-20,Lassen,035,31185.0,19,2,17,2,2,0,0,0,16,2,18,2,2,0,0.0005130671797338,0.0005772005772005,6.41333974667308e-05
2020-12-20,Los Angeles,037,10098052.0,44968,4856,44468,4835,316,18,167,0,43863,4839,44503,4846,640,10,0.0043437090638867,0.0044070876244249,6.337856053821074e-05
2020-12-20,Madera,039,155013.0,144,23,139,23,4,0,1,0,140,23,141,23,1,0,0.0009031500583822,0.0009096011302277,6.451071845587144e-06
2020-12-20,Marin,041,260295.0,1399,179,1387,177,10,2,2,0,1381,178,1391,178,10,1,0.0053055187383545,0.0053439366872202,3.841794886571006e-05
2020-12-20,Mariposa,043,17540.0,105,2,105,2,0,0,0,0,105,2,106,2,1,0,0.0059863169897377,0.0060433295324971,5.701254275940707e-05
2020-12-20,Mendocino,045,87422.0,175,9,172,9,3,0,0,0,172,9,174,9,2,0,0.0019674681430303,0.0019903456795772,2.2877536546864634e-05
2020-12-20,Merced,047,269075.0,248,24,236,23,9,1,2,0,232,24,238,24,6,0,0.000862213137601,0.0008845117532286,2.229861562761312e-05
2020-12-20,Modoc,049,8938.0,2,0,2,0,0,0,0,0,2,0,2,0,0,0,0.0002237637055269,0.0002237637055269,0.0
2020-12-20,Mono,051,14174.0,18,7,18,7,0,0,0,0,18,7,18,7,0,0,0.0012699308593198,0.0012699308593198,0.0
2020-12-20,Monterey,053,433212.0,1578,407,1570,406,7,1,0,0,1574,404,1575,405,1,1,0.0036333250233142,0.0036356333619567,2.308338642512211e-06
2020-12-20,Napa,055,140530.0,611,187,608,187,2,0,1,0,606,187,608,187,2,0,0.0043122464954102,0.0043264783320287,1.423183661851562e-05
2020-12-20,Nevada,057,99092.0,149,17,149,17,0,0,0,0,146,17,148,17,2,0,0.0014733782747345,0.001493561538772,2.018326403746014e-05
2020-12-20,Orange,059,3164182.0,14741,2052,14543,2047,109,4,85,1,14407,2046,14613,2047,206,4,0.0045531514938141,0.004618255207823,6.510371400886548e-05
2020-12-20,Placer,061,380077.0,1261,245,1248,244,11,1,2,0,1227,244,1245,244,18,0,0.0032282932142697,0.0032756520389289,4.735882465921379e-05
2020-12-20,Plumas,063,18699.0,6,0,5,0,1,0,0,0,6,0,6,0,0,0,0.0003208727739451,0.0003208727739451,0.0
2020-12-20,Riverside,065,2383286.0,5492,1177,5415,1171,70,6,5,0,5393,1174,5449,1175,56,3,0.0022628421431586,0.0022863391133082,2.349697014961696e-05
2020-12-20,Sacramento,067,1510023.0,4558,654,4455,651,94,3,9,0,4292,651,4422,653,130,3,0.0028423408120273,0.0029284322159331,8.609140390576833e-05
2020-12-20,San Benito,069,59416.0,231,28,231,28,0,0,0,0,231,28,231,28,0,0,0.0038878416588124,0.0038878416588124,0.0
2020-12-20,San Bernardino,071,2135413.0,8639,1238,8571,1234,59,4,6,0,8590,1238,8616,1238,26,0,0.0040226410535104,0.004034816684173,1.2175630662546308e-05
2020-12-20,San Diego,073,3302833.0,12457,1264,11727,1236,537,26,186,0,11428,1243,12014,1245,586,16,0.0034600598940364,0.0036374833362752,0.0001774234422388
2020-12-20,San Francisco,075,870044.0,2792,482,2746,481,33,1,12,0,2722,480,2762,480,40,2,0.0031285774052806,0.0031745520916183,4.597468633770246e-05
2020-12-20,San Joaquin,077,732212.0,2143,136,2106,132,37,4,0,0,1951,135,1983,135,32,0,0.0026645288522996,0.0027082320420861,4.370318978656455e-05
2020-12-20,San Luis Obispo,079,281455.0,816,210,806,210,10,0,0,0,812,210,814,210,2,0,0.0028850082606455,0.002892114192322,7.10593167646693e-06
2020-12-20,San Mateo,081,765935.0,2310,524,2263,522,19,2,28,0,2218,519,2272,519,54,2,0.0028958070854576,0.0029663091515598,7.050206610221494e-05
2020-12-20,Santa Barbara,083,443738.0,1349,237,1338,237,7,0,2,0,1336,234,1343,234,7,3,0.0030107856437807,0.0030265607182616,1.577507448088737e-05
2020-12-20,Santa Clara,085,1922200.0,6829,1901,6757,1899,25,1,46,0,6597,1893,6742,1898,145,6,0.0034320049942773,0.0035074393923629,7.5434398085527e-05
2020-12-20,Santa Cruz,087,273765.0,1163,94,1153,94,6,0,4,0,1149,94,1157,94,8,0,0.0041970302997096,0.0042262524427885,2.922214307891805e-05
2020-12-20,Shasta,089,179085.0,1081,3,864,2,217,1,0,0,727,3,905,3,178,0,0.004059524806656,0.0050534662311193,0.0009939414244632
2020-12-20,Sierra,091,2930.0,4,0,3,0,1,0,0,0,4,0,4,0,0,0,0.0013651877133105,0.0013651877133105,0.0
2020-12-20,Siskiyou,093,43540.0,27,1,22,1,4,0,1,0,14,1,21,1,7,0,0.0003215434083601,0.0004823151125401,0.00016077170418
2020-12-20,Solano,095,438530.0,1634,349,1625,347,8,2,1,0,1621,348,1627,348,6,0,0.0036964403803616,0.0037101224545641,1.3682074202449092e-05
2020-12-20,Sonoma,097,501317.0,926,190,918,190,8,0,0,0,917,189,922,189,5,1,0.0018291819347837,0.001839155663981,9.973729197294326e-06
2020-12-20,Stanislaus,099,539301.0,826,105,805,104,21,1,0,0,801,104,811,104,10,1,0.0014852559146005,0.001503798435382,1.8542520781530167e-05
2020-12-20,Sutter,101,95872.0,123,44,121,44,2,0,0,0,120,44,121,44,1,0,0.0012516688918558,0.0012620994659546,1.0430574098798398e-05
2020-12-20,Tehama,103,63373.0,54,0,35,0,19,0,0,0,28,0,41,0,13,0,0.0004418285389676,0.0006469632177741,0.0002051346788064
2020-12-20,Trinity,105,12862.0,7,0,5,0,2,0,0,0,5,0,6,0,1,0,0.0003887420307883,0.000466490436946,7.774840615767377e-05
2020-12-20,Tulare,107,460477.0,891,160,883,159,7,0,0,0,884,159,888,159,4,0,0.0019197484347752,0.0019284350792764,8.686644501245448e-06
2020-12-20,Tuolumne,109,53932.0,187,3,183,3,4,0,0,0,186,3,186,3,0,0,0.003448787361863,0.003448787361863,0.0
2020-12-20,Ventura,111,848112.0,3587,473,3564,472,18,1,4,0,3544,472,3567,473,23,1,0.0041786933801196,0.0042058124398664,2.711905974682589e-05
2020-12-20,Yolo,113,214977.0,750,118,728,118,22,0,0,0,688,118,719,118,31,0,0.0032003423622061,0.0033445438349218,0.0001442014727156
2020-12-20,Yuba,115,75493.0,49,19,47,19,2,0,0,0,45,17,48,19,3,2,0.0005960817559243,0.0006358205396526,3.973878372829269e-05
2020-12-19,Alameda,001,1643700.0,4462,1432,4423,1432,23,0,15,0,4345,1430,4410,1430,65,1,0.0026434264160126,0.0026829713451359,3.954492912331934e-05
2020-12-19,Alpine,003,1148.0,3,1,3,1,0,0,0,0,3,1,3,1,0,0,0.0026132404181184,0.0026132404181184,0.0
2020-12-19,Amador,005,37829.0,76,16,76,16,0,0,0,0,76,16,76,16,0,0,0.0020090406830738,0.0020090406830738,0.0
2020-12-19,Butte,007,227075.0,118,8,104,8,14,0,0,0,106,8,112,8,6,0,0.0004668061213255,0.0004932291093251,2.6422987999559612e-05
2020-12-19,Calaveras,009,45235.0,73,5,72,5,1,0,0,0,70,5,71,5,1,0,0.0015474743008732,0.0015695810765999,2.2106775726760254e-05
2020-12-19,Colusa,011,21464.0,2,0,2,0,0,0,0,0,2,0,2,0,0,0,9.317927692881104e-05,9.317927692881104e-05,0.0
2020-12-19,Contra Costa,013,1133247.0,4870,1182,4825,1180,29,2,14,0,4718,1184,4800,1184,82,2,0.0041632583187954,0.0042356167719835,7.235845318805168e-05
2020-12-19,Del Norte,015,27424.0,5,2,4,2,1,0,0,0,3,2,4,2,1,0,0.0001093932322053,0.0001458576429404,3.646441073512252e-05
2020-12-19,El Dorado,017,186661.0,512,122,495,122,15,0,2,0,494,122,504,122,10,0,0.0026465089118776,0.0027000819667739,5.357305489630935e-05
2020-12-19,Fresno,019,978130.0,845,170,834,170,11,0,0,0,829,169,835,169,6,1,0.0008475356036518,0.0008536697575986,6.134153946816885e-06
2020-12-19,Glenn,021,27897.0,7,0,5,0,2,0,0,0,3,0,5,0,2,0,0.000107538444994,0.0001792307416568,7.169229666272359e-05
2020-12-19,Humboldt,023,135768.0,379,5,377,5,2,0,0,0,378,5,379,5,1,0,0.0027841612161923,0.0027915267220552,7.365505862942667e-06
2020-12-19,Imperial,025,180216.0,31,0,23,0,8,0,0,0,31,0,31,0,0,0,0.0001720158032583,0.0001720158032583,0.0
2020-12-19,Inyo,027,18085.0,91,87,90,87,0,0,0,0,90,87,90,87,0,0,0.0049764998617638,0.0049764998617638,0.0
2020-12-19,Kern,029,883053.0,651,110,644,110,6,0,1,0,648,109,651,110,3,1,0.0007338177889662,0.0007372150935447,3.397304578547381e-06
2020-12-19,Kings,031,150075.0,40,11,39,11,1,0,0,0,40,11,40,11,0,0,0.0002665333999666,0.0002665333999666,0.0
2020-12-19,Lake,033,64148.0,64,6,64,6,0,0,0,0,62,6,63,6,1,0,0.0009665149342146,0.0009821038847664,1.558895055184885e-05
2020-12-19,Lassen,035,31185.0,17,9,15,9,2,0,0,0,14,8,16,9,2,1,0.0004489337822671,0.0005130671797338,6.41333974667308e-05
2020-12-19,Los Angeles,037,10098052.0,40112,7517,39633,7507,298,10,167,0,39027,7484,39657,7496,630,31,0.0038648048158199,0.0039271930863497,6.23882705298012e-05
2020-12-19,Madera,039,155013.0,121,7,116,7,4,0,1,0,117,7,118,7,1,0,0.0007547754059336,0.0007612264777792,6.451071845587144e-06
2020-12-19,Marin,041,260295.0,1220,391,1210,391,8,0,2,0,1204,386,1213,388,9,2,0.0046255210434314,0.0046600971974106,3.457615397913905e-05
2020-12-19,Mariposa,043,17540.0,103,0,103,0,0,0,0,0,103,0,104,0,1,0,0.0058722919042189,0.0059293044469783,5.701254275940707e-05
2020-12-19,Mendocino,045,87422.0,166,6,163,6,3,0,0,0,163,6,165,6,2,0,0.0018645192285694,0.0018873967651163,2.2877536546864634e-05
2020-12-19,Merced,047,269075.0,224,40,213,40,8,0,2,0,208,40,214,40,6,0,0.0007730186750905,0.0007953172907182,2.229861562761312e-05
2020-12-19,Modoc,049,8938.0,2,0,2,0,0,0,0,0,2,0,2,0,0,0,0.0002237637055269,0.0002237637055269,0.0
2020-12-19,Mono,051,14174.0,11,6,11,6,0,0,0,0,11,6,11,6,0,0,0.0007760688584732,0.0007760688584732,0.0
2020-12-19,Monterey,053,433212.0,1171,572,1164,570,6,1,0,0,1170,571,1170,571,0,0,0.0027007562117392,0.0027007562117392,0.0
2020-12-19,Napa,055,140530.0,424,229,421,229,2,0,1,0,419,227,421,227,2,0,0.002981569771579,0.0029958016081975,1.423183661851562e-05
2020-12-19,Nevada,057,99092.0,132,52,132,52,0,0,0,0,129,52,131,52,2,0,0.0013018205304161,0.0013220037944536,2.018326403746014e-05
2020-12-19,Orange,059,3164182.0,12689,2320,12496,2314,105,6,84,0,12364,2312,12566,2313,202,6,0.0039074869903185,0.0039713265545407,6.383956422228557e-05
2020-12-19,Placer,061,380077.0,1016,259,1004,259,10,0,2,0,983,259,1001,259,18,0,0.0025863180355559,0.0026336768602151,4.735882465921379e-05
2020-12-19,Plumas,063,18699.0,6,2,5,2,1,0,0,0,6,2,6,2,0,0,0.0003208727739451,0.0003208727739451,0.0
2020-12-19,Riverside,065,2383286.0,4315,1127,4244,1125,64,2,5,0,4221,1121,4274,1125,53,7,0.0017710841250273,0.0017933223289189,2.223820389160176e-05
2020-12-19,Sacramento,067,1510023.0,3904,646,3804,646,91,0,9,0,3642,646,3769,646,127,0,0.0024118837924985,0.0024959884716987,8.410467920025059e-05
2020-12-19,San Benito,069,59416.0,203,49,203,49,0,0,0,0,203,49,203,49,0,0,0.0034165881244109,0.0034165881244109,0.0
2020-12-19,San Bernardino,071,2135413.0,7401,1158,7337,1157,55,1,6,0,7352,1154,7378,1155,26,2,0.0034428937165784,0.003455069347241,1.2175630662546308e-05
2020-12-19,San Diego,073,3302833.0,11193,2347,10491,2342,511,4,186,0,10199,2324,10769,2324,570,13,0.0030879550979416,0.0032605342141125,0.0001725791161708
2020-12-19,San Francisco,075,870044.0,2310,628,2265,628,32,0,12,0,2244,625,2282,626,38,1,0.0025791799035451,0.0026228558555659,4.367595202081734e-05
2020-12-19,San Joaquin,077,732212.0,2007,237,1974,233,33,4,0,0,1816,233,1848,234,32,2,0.0024801560203875,0.0025238592101741,4.370318978656455e-05
2020-12-19,San Luis Obispo,079,281455.0,606,167,596,167,10,0,0,0,602,167,604,167,2,0,0.0021388854346165,0.002145991366293,7.10593167646693e-06
2020-12-19,San Mateo,081,765935.0,1786,534,1741,534,17,0,28,0,1701,526,1753,527,52,1,0.0022208150822197,0.0022887059606885,6.789087846879958e-05
2020-12-19,Santa Barbara,083,443738.0,1112,438,1101,438,7,0,2,0,1105,437,1109,438,4,1,0.0024902081859115,0.0024992225141862,9.014328274792785e-06
2020-12-19,Santa Clara,085,1922200.0,4928,2136,4858,2135,24,1,46,0,4705,2126,4844,2130,139,5,0.0024477161585683,0.0025200291332847,7.231297471647071e-05
2020-12-19,Santa Cruz,087,273765.0,1069,180,1059,179,6,1,4,0,1055,178,1063,178,8,0,0.0038536701185323,0.0038828922616112,2.922214307891805e-05
2020-12-19,Shasta,089,179085.0,1078,0,862,0,216,0,0,0,724,0,902,0,178,0,0.0040427729848954,0.0050367144093586,0.0009939414244632
2020-12-19,Sierra,091,2930.0,4,1,3,1,1,0,0,0,4,1,4,1,0,0,0.0013651877133105,0.0013651877133105,0.0
2020-12-19,Siskiyou,093,43540.0,26,3,21,3,4,0,1,0,13,3,20,3,7,0,0.0002985760220486,0.0004593477262287,0.00016077170418
2020-12-19,Solano,095,438530.0,1285,521,1278,520,6,1,1,0,1273,520,1279,520,6,0,0.0029028800766196,0.002916562150822,1.3682074202449092e-05
2020-12-19,Sonoma,097,501317.0,736,131,728,130,8,1,0,0,729,131,733,131,4,0,0.0014541697169655,0.0014621487003233,7.978983357835461e-06
2020-12-19,Stanislaus,099,539301.0,721,156,701,156,20,0,0,0,698,155,707,155,9,0,0.0012942679505508,0.0013109562192541,1.668826870337715e-05
2020-12-19,Sutter,101,95872.0,79,44,77,44,2,0,0,0,76,43,77,43,1,0,0.0007927236315086,0.0008031542056074,1.0430574098798398e-05
2020-12-19,Tehama,103,63373.0,54,0,35,0,19,0,0,0,28,0,41,0,13,0,0.0004418285389676,0.0006469632177741,0.0002051346788064
2020-12-19,Trinity,105,12862.0,7,0,5,0,2,0,0,0,5,0,6,0,1,0,0.0003887420307883,0.000466490436946,7.774840615767377e-05
2020-12-19,Tulare,107,460477.0,731,317,724,316,7,1,0,0,725,316,729,317,4,1,0.0015744543158507,0.0015831409603519,8.686644501245448e-06
2020-12-19,Tuolumne,109,53932.0,184,2,180,2,4,0,0,0,183,2,183,2,0,0,0.0033931617592523,0.0033931617592523,0.0
2020-12-19,Ventura,111,848112.0,3114,1013,3092,1013,17,0,4,0,3072,1012,3094,1012,22,1,0.0036221631105325,0.0036481030807251,2.593997019261607e-05
2020-12-19,Yolo,113,214977.0,632,87,610,87,22,0,0,0,570,87,601,87,31,0,0.0026514464338045,0.0027956479065202,0.0001442014727156
2020-12-19,Yuba,115,75493.0,30,12,28,12,2,0,0,0,28,12,29,12,1,0,0.0003708953147973,0.0003841415760401,1.3246261242764227e-05
2020-12-18,Alameda,001,1643700.0,3030,2060,2991,2059,23,1,15,0,2916,2061,2980,2061,64,0,0.0017740463588246,0.0018129829044229,3.89365455983452e-05
2020-12-18,Alpine,003,1148.0,2,2,2,2,0,0,0,0,2,2,2,2,0,0,0.0017421602787456,0.0017421602787456,0.0
2020-12-18,Amador,005,37829.0,60,47,60,47,0,0,0,0,60,47,60,47,0,0,0.0015860847497951,0.0015860847497951,0.0
2020-12-18,Butte,007,227075.0,110,52,96,52,14,0,0,0,98,52,104,52,6,0,0.0004315754706594,0.000457998458659,2.6422987999559612e-05
2020-12-18,Calaveras,009,45235.0,68,43,67,43,1,0,0,0,65,42,66,42,1,0,0.0014369404222394,0.0014590471979661,2.2106775726760254e-05
2020-12-18,Colusa,011,21464.0,2,1,2,1,0,0,0,0,2,1,2,1,0,0,9.317927692881104e-05,9.317927692881104e-05,0.0
2020-12-18,Contra Costa,013,1133247.0,3688,1843,3645,1841,27,1,14,0,3536,1834,3616,1836,80,2,0.0031202376886945,0.0031908313015609,7.059361286639188e-05
2020-12-18,Del Norte,015,27424.0,3,0,2,0,1,0,0,0,1,0,2,0,1,0,3.646441073512252e-05,7.292882147024503e-05,3.646441073512252e-05
2020-12-18,El Dorado,017,186661.0,390,272,373,272,15,0,2,0,372,272,382,272,10,0,0.0019929176421427,0.002046490697039,5.357305489630935e-05
2020-12-18,Fresno,019,978130.0,675,387,664,386,11,1,0,0,661,384,666,384,5,0,0.0006757792931409,0.0006808910880966,5.111794955680738e-06
2020-12-18,Glenn,021,27897.0,7,0,5,0,2,0,0,0,3,0,5,0,2,0,0.000107538444994,0.0001792307416568,7.169229666272359e-05
2020-12-18,Humboldt,023,135768.0,374,186,372,186,2,0,0,0,373,187,374,187,1,0,0.0027473336868776,0.0027546991927405,7.365505862942667e-06
2020-12-18,Imperial,025,180216.0,31,16,23,16,8,0,0,0,31,16,31,16,0,0,0.0001720158032583,0.0001720158032583,0.0
2020-12-18,Inyo,027,18085.0,4,1,3,1,0,0,0,0,3,1,3,1,0,0,0.0001658833287254,0.0001658833287254,0.0
2020-12-18,Kern,029,883053.0,541,335,534,335,6,0,1,0,539,336,541,336,2,0,0.000610382389279,0.000612647258998,2.264869719031587e-06
2020-12-18,Kings,031,150075.0,29,14,28,14,1,0,0,0,29,14,29,14,0,0,0.0001932367149758,0.0001932367149758,0.0
2020-12-18,Lake,033,64148.0,58,51,58,51,0,0,0,0,56,51,57,51,1,0,0.0008729812309035,0.0008885701814553,1.558895055184885e-05
2020-12-18,Lassen,035,31185.0,8,1,6,1,2,0,0,0,6,1,7,1,1,0,0.0001924001924001,0.0002244668911335,3.20666987333654e-05
2020-12-18,Los Angeles,037,10098052.0,32595,15735,32126,15704,288,28,167,0,31562,15671,32161,15691,599,39,0.0031255533245421,0.0031848716960459,5.931837150373161e-05
2020-12-18,Madera,039,155013.0,114,66,109,66,4,0,1,0,110,65,111,65,1,0,0.0007096179030145,0.0007160689748601,6.451071845587144e-06
2020-12-18,Marin,041,260295.0,829,407,819,407,8,0,2,0,818,407,825,407,7,0,0.003142588217215,0.003169480781421,2.6892564205997043e-05
2020-12-18,Mariposa,043,17540.0,103,55,103,55,0,0,0,0,103,56,104,56,1,0,0.0058722919042189,0.0059293044469783,5.701254275940707e-05
2020-12-18,Mendocino,045,87422.0,160,88,157,87,3,1,0,0,157,88,159,88,2,0,0.0017958866189288,0.0018187641554757,2.2877536546864634e-05
2020-12-18,Merced,047,269075.0,184,153,173,150,8,1,2,1,168,147,174,148,6,1,0.0006243612375731,0.0006466598532007,2.229861562761312e-05
2020-12-18,Modoc,049,8938.0,2,0,2,0,0,0,0,0,2,0,2,0,0,0,0.0002237637055269,0.0002237637055269,0.0
2020-12-18,Mono,051,14174.0,5,4,5,4,0,0,0,0,5,4,5,4,0,0,0.0003527585720333,0.0003527585720333,0.0
2020-12-18,Monterey,053,433212.0,599,490,594,490,5,0,0,0,599,490,599,490,0,0,0.0013826948468648,0.0013826948468648,0.0
2020-12-18,Napa,055,140530.0,195,119,192,119,2,0,1,0,192,119,194,119,2,0,0.0013662563153774,0.001380488151996,1.423183661851562e-05
2020-12-18,Nevada,057,99092.0,80,66,80,66,0,0,0,0,77,66,79,66,2,0,0.0007770556654422,0.0007972389294796,2.018326403746014e-05
2020-12-18,Orange,059,3164182.0,10369,5439,10182,5434,99,5,84,0,10057,5425,10253,5429,196,11,0.0031783886009085,0.0032403319404509,6.194333954241571e-05
2020-12-18,Placer,061,380077.0,757,467,745,466,10,1,2,0,724,467,742,467,18,0,0.0019048771696261,0.0019522359942853,4.735882465921379e-05
2020-12-18,Plumas,063,18699.0,4,3,3,3,1,0,0,0,4,3,4,3,0,0,0.00021391518263,0.00021391518263,0.0
2020-12-18,Riverside,065,2383286.0,3188,1939,3119,1935,62,4,5,0,3103,1934,3149,1937,46,5,0.0013019838995403,0.0013212849821632,1.9301082622899645e-05
2020-12-18,Sacramento,067,1510023.0,3258,1239,3158,1238,91,1,9,0,2996,1221,3123,1222,127,8,0.0019840757392437,0.0020681804184439,8.410467920025059e-05
2020-12-18,San Benito,069,59416.0,154,79,154,79,0,0,0,0,154,79,154,79,0,0,0.0025918944392082,0.0025918944392082,0.0
2020-12-18,San Bernardino,071,2135413.0,6243,3393,6180,3388,54,4,6,0,6199,3392,6223,3394,24,2,0.0029029513260432,0.0029141903697317,1.1239043688504285e-05
2020-12-18,San Diego,073,3302833.0,8846,3818,8149,3810,507,7,186,1,7888,3788,8445,3792,557,23,0.0023882527515015,0.0025568958527421,0.0001686431012406
2020-12-18,San Francisco,075,870044.0,1682,921,1637,919,32,2,12,0,1619,919,1656,920,37,1,0.0018608254295185,0.0019033520143808,4.252658486237478e-05
2020-12-18,San Joaquin,077,732212.0,1770,740,1741,732,29,8,0,0,1584,674,1614,675,30,11,0.0021633078944349,0.0022042796348598,4.097174042490426e-05
2020-12-18,San Luis Obispo,079,281455.0,439,225,429,225,10,0,0,0,435,225,437,225,2,0,0.0015455401396315,0.001552646071308,7.10593167646693e-06
2020-12-18,San Mateo,081,765935.0,1252,797,1207,795,17,2,28,0,1175,792,1226,793,51,2,0.0015340727346315,0.0016006580192836,6.658528465209188e-05
2020-12-18,Santa Barbara,083,443738.0,674,481,663,480,7,1,2,0,668,481,671,481,3,0,0.0015053928218903,0.0015121535680964,6.760746206094587e-06
2020-12-18,Santa Clara,085,1922200.0,2792,1793,2723,1793,23,0,46,0,2580,1787,2714,1792,134,6,0.0013422120486942,0.0014119238372697,6.971178857559047e-05
2020-12-18,Santa Cruz,087,273765.0,889,447,880,447,5,0,4,0,877,447,885,447,8,0,0.0032034774350263,0.0032326995781053,2.922214307891805e-05
2020-12-18,Shasta,089,179085.0,1078,170,862,170,216,0,0,0,724,168,902,170,178,2,0.0040427729848954,0.0050367144093586,0.0009939414244632
2020-12-18,Sierra,091,2930.0,3,1,2,1,1,0,0,0,3,1,3,1,0,0,0.0010238907849829,0.0010238907849829,0.0
2020-12-18,Siskiyou,093,43540.0,23,3,18,3,4,0,1,0,10,3,17,3,7,0,0.0002296738631143,0.0003904455672944,0.00016077170418
2020-12-18,Solano,095,438530.0,764,494,758,492,5,2,1,0,753,493,759,493,6,1,0.0017171003124073,0.0017307823866098,1.3682074202449092e-05
2020-12-18,Sonoma,097,501317.0,605,429,598,429,7,0,0,0,598,428,602,428,4,0,0.0011928580119964,0.0012008369953542,7.978983357835461e-06
2020-12-18,Stanislaus,099,539301.0,565,389,545,383,20,6,0,0,543,383,552,384,9,2,0.001006858878437,0.0010235471471404,1.668826870337715e-05
2020-12-18,Sutter,101,95872.0,35,22,33,22,2,0,0,0,33,22,34,22,1,0,0.0003442089452603,0.0003546395193591,1.0430574098798398e-05
2020-12-18,Tehama,103,63373.0,54,3,35,3,19,0,0,0,28,3,41,3,13,0,0.0004418285389676,0.0006469632177741,0.0002051346788064
2020-12-18,Trinity,105,12862.0,7,2,5,2,2,0,0,0,5,2,6,2,1,0,0.0003887420307883,0.000466490436946,7.774840615767377e-05
2020-12-18,Tulare,107,460477.0,414,287,408,287,6,0,0,0,409,286,412,287,3,1,0.0008882094002523,0.0008947243836282,6.514983375934086e-06
2020-12-18,Tuolumne,109,53932.0,182,108,178,107,4,1,0,0,181,107,181,107,0,0,0.0033560780241785,0.0033560780241785,0.0
2020-12-18,Ventura,111,848112.0,2101,1622,2079,1621,17,0,4,0,2061,1618,2082,1619,21,1,0.0024301035712264,0.0024548644518648,2.476088063840625e-05
2020-12-18,Yolo,113,214977.0,545,243,523,242,22,1,0,0,483,241,514,242,31,1,0.0022467519781185,0.0023909534508342,0.0001442014727156
2020-12-18,Yuba,115,75493.0,18,8,16,8,2,0,0,0,16,8,17,8,1,0,0.0002119401798842,0.0002251864411269,1.3246261242764227e-05
2020-12-17,Alameda,001,1643700.0,970,545,932,543,22,1,15,1,855,540,919,541,64,3,0.0005201679138528,0.0005591044594512,3.89365455983452e-05
2020-12-17,Alpine,003,1148.0,0,0,0,0,0,0,0,0,0,0,0,0,0,0,0.0,0.0,0.0
2020-12-17,Amador,005,37829.0,13,6,13,6,0,0,0,0,13,6,13,6,0,0,0.0003436516957889,0.0003436516957889,0.0
2020-12-17,Butte,007,227075.0,58,20,44,20,14,0,0,0,46,20,52,20,6,0,0.0002025762413299,0.0002289992293295,2.6422987999559612e-05
2020-12-17,Calaveras,009,45235.0,25,8,24,8,1,0,0,0,23,7,24,7,1,1,0.0005084558417154,0.0005305626174422,2.2106775726760254e-05
2020-12-17,Colusa,011,21464.0,1,1,1,1,0,0,0,0,1,1,1,1,0,0,4.658963846440552e-05,4.658963846440552e-05,0.0
2020-12-17,Contra Costa,013,1133247.0,1845,1095,1804,1093,26,2,14,0,1702,1090,1780,1092,78,4,0.0015018791137324,0.0015707078862772,6.882877254473208e-05
2020-12-17,Del Norte,015,27424.0,3,0,2,0,1,0,0,0,1,0,2,0,1,0,3.646441073512252e-05,7.292882147024503e-05,3.646441073512252e-05
2020-12-17,El Dorado,017,186661.0,118,38,101,38,15,0,2,0,100,38,110,38,10,0,0.000535730548963,0.0005893036038594,5.357305489630935e-05
2020-12-17,Fresno,019,978130.0,288,132,278,132,10,0,0,0,277,132,282,132,5,0,0.0002831934405447,0.0002883052355003,5.111794955680738e-06
2020-12-17,Glenn,021,27897.0,7,2,5,2,2,0,0,0,3,2,5,2,2,0,0.000107538444994,0.0001792307416568,7.169229666272359e-05
2020-12-17,Humboldt,023,135768.0,188,149,186,149,2,0,0,0,186,148,187,148,1,1,0.0013699840905073,0.0013773495963702,7.365505862942667e-06
2020-12-17,Imperial,025,180216.0,15,6,7,4,8,2,0,0,15,6,15,6,0,0,8.323345318950592e-05,8.323345318950592e-05,0.0
2020-12-17,Inyo,027,18085.0,3,2,2,1,0,0,0,0,2,1,2,1,0,0,0.0001105888858169,0.0001105888858169,0.0
2020-12-17,Kern,029,883053.0,206,168,199,168,6,0,1,0,203,168,205,168,2,0,0.0002298842764817,0.0002321491462007,2.264869719031587e-06
2020-12-17,Kings,031,150075.0,15,10,14,10,1,0,0,0,15,10,15,10,0,0,9.995002498750624e-05,9.995002498750624e-05,0.0
2020-12-17,Lake,033,64148.0,7,4,7,4,0,0,0,0,5,4,6,4,1,0,7.794475275924425e-05,9.35337033110931e-05,1.558895055184885e-05
2020-12-17,Lassen,035,31185.0,7,1,5,1,2,0,0,0,5,1,6,1,1,0,0.0001603334936668,0.0001924001924001,3.20666987333654e-05
2020-12-17,Los Angeles,037,10098052.0,16860,11179,16422,11154,260,7,167,12,15910,11130,16470,11154,560,32,0.0015755514033795,0.0016310076438505,5.54562404709344e-05
2020-12-17,Madera,039,155013.0,48,11,43,11,4,0,1,0,45,11,46,11,1,0,0.0002902982330514,0.000296749304897,6.451071845587144e-06
2020-12-17,Marin,041,260295.0,422,284,412,283,8,1,2,0,411,284,418,284,7,1,0.0015789776983806,0.0016058702625866,2.6892564205997043e-05
2020-12-17,Mariposa,043,17540.0,48,42,48,42,0,0,0,0,47,43,48,43,1,0,0.0026795895096921,0.0027366020524515,5.701254275940707e-05
2020-12-17,Mendocino,045,87422.0,72,64,70,64,2,0,0,0,69,62,71,63,2,2,0.0007892750108668,0.0008121525474136,2.2877536546864634e-05
2020-12-17,Merced,047,269075.0,31,9,23,9,7,0,1,0,21,9,26,9,5,0,7.804515469664592e-05,9.662733438632352e-05,1.85821796896776e-05
2020-12-17,Modoc,049,8938.0,2,0,2,0,0,0,0,0,2,0,2,0,0,0,0.0002237637055269,0.0002237637055269,0.0
2020-12-17,Mono,051,14174.0,1,0,1,0,0,0,0,0,1,0,1,0,0,0,7.055171440666009e-05,7.055171440666009e-05,0.0
2020-12-17,Monterey,053,433212.0,109,93,104,93,5,0,0,0,109,93,109,93,0,0,0.0002516089120338,0.0002516089120338,0.0
2020-12-17,Napa,055,140530.0,76,59,73,59,2,0,1,0,73,58,75,58,2,1,0.0005194620365758,0.0005336938731943,1.423183661851562e-05
2020-12-17,Nevada,057,99092.0,14,8,14,8,0,0,0,0,11,7,13,8,2,1,0.000111007952206,0.0001311912162434,2.018326403746014e-05
2020-12-17,Orange,059,3164182.0,4930,4024,4748,4012,94,4,84,4,4639,4001,4824,4007,185,13,0.001466097714986,0.0015245646426153,5.8466927629320944e-05
2020-12-17,Placer,061,380077.0,290,155,279,154,9,1,2,0,257,153,275,154,18,1,0.0006761787743009,0.0007235375989602,4.735882465921379e-05
2020-12-17,Plumas,063,18699.0,1,0,0,0,1,0,0,0,1,0,1,0,0,0,5.3478795657521794e-05,5.3478795657521794e-05,0.0
2020-12-17,Riverside,065,2383286.0,1249,1007,1184,1005,58,0,5,1,1171,1005,1212,1006,41,1,0.0004913384293785,0.0005085415682381,1.7203138859540987e-05
2020-12-17,Sacramento,067,1510023.0,2019,750,1920,746,90,4,9,0,1782,745,1901,745,119,1,0.0011801144750775,0.0012589212217297,7.880674665220331e-05
2020-12-17,San Benito,069,59416.0,75,43,75,43,0,0,0,0,75,43,75,43,0,0,0.0012622862528611,0.0012622862528611,0.0
2020-12-17,San Bernardino,071,2135413.0,2850,2624,2792,2618,50,2,6,2,2807,2615,2829,2617,22,3,0.0013144998180679,0.0013248022747824,1.030245671446226e-05
2020-12-17,San Diego,073,3302833.0,5028,2522,4339,2500,500,6,185,12,4119,2494,4653,2508,534,23,0.001247111192119,0.0014087905746369,0.0001616793825179
2020-12-17,San Francisco,075,870044.0,761,425,718,424,30,0,12,1,700,424,736,425,36,1,0.0008045570109097,0.0008459342286137,4.137721770393221e-05
2020-12-17,San Joaquin,077,732212.0,1030,447,1009,444,21,3,0,0,920,396,939,397,19,9,0.0012564667063637,0.0012824154752995,2.59487689357727e-05
2020-12-17,San Luis Obispo,079,281455.0,214,195,204,195,10,0,0,0,210,195,212,195,2,0,0.000746122826029,0.0007532287577054,7.10593167646693e-06
2020-12-17,San Mateo,081,765935.0,455,193,412,193,15,0,28,0,384,192,433,192,49,0,0.0005013480256157,0.0005653221226344,6.397409701867652e-05
2020-12-17,Santa Barbara,083,443738.0,193,168,183,167,6,0,2,0,187,167,190,167,3,0,0.0004214198468465,0.0004281805930526,6.760746206094587e-06
2020-12-17,Santa Clara,085,1922200.0,999,470,930,465,23,1,46,4,794,466,922,471,128,5,0.0004130683591717,0.0004796587243783,6.659036520653417e-05
2020-12-17,Santa Cruz,087,273765.0,442,371,433,370,5,1,4,0,430,368,438,368,8,2,0.0015706901904918,0.0015999123335707,2.922214307891805e-05
2020-12-17,Shasta,089,179085.0,908,417,692,417,216,0,0,0,556,417,732,417,176,0,0.0031046709663009,0.0040874445095904,0.0009827735432894
2020-12-17,Sierra,091,2930.0,2,0,1,0,1,0,0,0,2,0,2,0,0,0,0.0006825938566552,0.0006825938566552,0.0
2020-12-17,Siskiyou,093,43540.0,20,5,15,5,4,0,1,0,7,5,14,5,7,0,0.00016077170418,0.0003215434083601,0.00016077170418
2020-12-17,Solano,095,438530.0,270,175,266,175,3,0,1,0,261,174,266,174,5,1,0.0005951702278065,0.0006065719563085,1.140172850204091e-05
2020-12-17,Sonoma,097,501317.0,176,117,169,117,7,0,0,0,170,117,174,117,4,0,0.000339106792708,0.0003470857760658,7.978983357835461e-06
2020-12-17,Stanislaus,099,539301.0,176,77,162,76,14,1,0,0,161,76,168,76,7,0,0.0002985345845826,0.0003115143491297,1.2979764547071115e-05
2020-12-17,Sutter,101,95872.0,13,2,11,2,2,0,0,0,11,2,12,2,1,0,0.0001147363150867,0.0001251668891855,1.0430574098798398e-05
2020-12-17,Tehama,103,63373.0,51,19,32,19,19,0,0,0,25,19,38,19,13,0,0.0003944897669354,0.0005996244457418,0.0002051346788064
2020-12-17,Trinity,105,12862.0,5,3,3,3,2,0,0,0,3,3,4,3,1,0,0.000233245218473,0.0003109936246306,7.774840615767377e-05
2020-12-17,Tulare,107,460477.0,127,112,121,112,6,0,0,0,123,112,125,112,2,0,0.0002671143184132,0.0002714576406639,4.343322250622724e-06
2020-12-17,Tuolumne,109,53932.0,74,18,71,18,3,0,0,0,74,18,74,18,0,0,0.0013720981977304,0.0013720981977304,0.0
2020-12-17,Ventura,111,848112.0,479,329,458,329,17,0,4,0,443,329,463,329,20,0,0.0005223366725149,0.0005459184635991,2.3581791084196427e-05
2020-12-17,Yolo,113,214977.0,302,112,281,112,21,0,0,0,242,112,272,112,30,0,0.0011257018192643,0.0012652516315698,0.0001395498123055
2020-12-17,Yuba,115,75493.0,10,4,8,4,2,0,0,0,8,4,9,4,1,0,0.0001059700899421,0.0001192163511848,1.3246261242764227e-05
2020-12-16,Alameda,001,1643700.0,425,230,389,225,21,3,14,1,317,225,378,227,61,4,0.0001928575774168,0.0002299689724402,3.711139502342276e-05
2020-12-16,Alpine,003,1148.0,0,0,0,0,0,0,0,0,0,0,0,0,0,0,0.0,0.0,0.0
2020-12-16,Amador,005,37829.0,7,3,7,3,0,0,0,0,7,3,7,3,0,0,0.0001850432208094,0.0001850432208094,0.0
2020-12-16,Butte,007,227075.0,38,9,24,9,14,0,0,0,26,9,32,9,6,0,0.0001144996146647,0.0001409226026643,2.6422987999559612e-05
2020-12-16,Calaveras,009,45235.0,17,11,16,11,1,0,0,0,17,11,17,11,0,0,0.0003758151873549,0.0003758151873549,0.0
2020-12-16,Colusa,011,21464.0,0,0,0,0,0,0,0,0,0,0,0,0,0,0,0.0,0.0,0.0
2020-12-16,Contra Costa,013,1133247.0,750,558,711,555,24,1,14,1,614,552,688,554,74,3,0.0005418059787495,0.0006071050706509,6.529909190141249e-05
2020-12-16,Del Norte,015,27424.0,3,0,2,0,1,0,0,0,1,0,2,0,1,0,3.646441073512252e-05,7.292882147024503e-05,3.646441073512252e-05
2020-12-16,El Dorado,017,186661.0,80,41,63,40,15,1,2,0,62,40,72,40,10,1,0.0003321529403571,0.0003857259952534,5.357305489630935e-05
2020-12-16,Fresno,019,978130.0,156,129,146,128,10,1,0,0,145,127,150,127,5,1,0.0001482420537147,0.0001533538486704,5.111794955680738e-06
2020-12-16,Glenn,021,27897.0,5,0,3,0,2,0,0,0,1,0,3,0,2,0,3.58461483313618e-05,0.000107538444994,7.169229666272359e-05
2020-12-16,Humboldt,023,135768.0,39,28,37,28,2,0,0,0,39,28,39,28,0,0,0.0002872547286547,0.0002872547286547,0.0
2020-12-16,Imperial,025,180216.0,9,1,3,1,6,0,0,0,9,1,9,1,0,0,4.994007191370356e-05,4.994007191370356e-05,0.0
2020-12-16,Inyo,027,18085.0,1,0,1,0,0,0,0,0,1,0,1,0,0,0,5.52944429084877e-05,5.52944429084877e-05,0.0
2020-12-16,Kern,029,883053.0,38,21,31,21,6,0,1,0,35,21,37,21,2,0,3.963522008305277e-05,4.190008980208436e-05,2.264869719031587e-06
2020-12-16,Kings,031,150075.0,5,1,4,1,1,0,0,0,5,1,5,1,0,0,3.3316674995835414e-05,3.3316674995835414e-05,0.0
2020-12-16,Lake,033,64148.0,3,0,3,0,0,0,0,0,1,0,2,0,1,0,1.558895055184885e-05,3.11779011036977e-05,1.558895055184885e-05
2020-12-16,Lassen,035,31185.0,6,4,4,4,2,0,0,0,4,4,5,4,1,0,0.0001282667949334,0.0001603334936668,3.20666987333654e-05
2020-12-16,Los Angeles,037,10098052.0,5681,3907,5268,3896,253,6,155,2,4788,3892,5316,3900,528,11,0.0004741508560264,0.0005264381684705,5.2287312444023856e-05
2020-12-16,Madera,039,155013.0,37,27,32,27,4,0,1,0,34,27,35,27,1,0,0.0002193364427499,0.0002257875145955,6.451071845587144e-06
2020-12-16,Marin,041,260295.0,138,112,129,111,7,1,2,0,128,112,134,112,6,0,0.000491749745481,0.0005148005148005,2.305076931942604e-05
2020-12-16,Mariposa,043,17540.0,6,1,6,1,0,0,0,0,4,1,5,1,1,0,0.0002280501710376,0.000285062713797,5.701254275940707e-05
2020-12-16,Mendocino,045,87422.0,8,1,6,0,2,1,0,0,8,1,8,1,0,0,9.151014618745854e-05,9.151014618745854e-05,0.0
2020-12-16,Merced,047,269075.0,22,3,14,3,7,0,1,0,12,2,17,2,5,0,4.459723125522624e-05,6.317941094490384e-05,1.85821796896776e-05
2020-12-16,Modoc,049,8938.0,2,2,2,2,0,0,0,0,2,2,2,2,0,0,0.0002237637055269,0.0002237637055269,0.0
2020-12-16,Mono,051,14174.0,1,0,1,0,0,0,0,0,1,0,1,0,0,0,7.055171440666009e-05,7.055171440666009e-05,0.0
2020-12-16,Monterey,053,433212.0,16,8,11,8,5,0,0,0,16,8,16,8,0,0,3.693341828019538e-05,3.693341828019538e-05,0.0
2020-12-16,Napa,055,140530.0,17,10,14,10,2,0,1,0,16,10,17,10,1,0,0.0001138546929481,0.0001209706112573,7.11591830925781e-06
2020-12-16,Nevada,057,99092.0,6,3,6,3,0,0,0,0,4,3,5,3,1,0,4.036652807492028e-05,5.045816009365034e-05,1.009163201873007e-05
2020-12-16,Orange,059,3164182.0,906,455,736,453,90,2,80,0,645,452,817,453,172,2,0.000203844153086,0.0002582025939089,5.435844082293623e-05
2020-12-16,Placer,061,380077.0,135,64,125,63,8,1,2,0,104,63,121,63,17,1,0.0002736287646976,0.0003183565435424,4.472777884481303e-05
2020-12-16,Plumas,063,18699.0,1,0,0,0,1,0,0,0,1,0,1,0,0,0,5.3478795657521794e-05,5.3478795657521794e-05,0.0
2020-12-16,Riverside,065,2383286.0,242,110,179,109,58,0,4,0,166,106,206,106,40,3,6.965173294350741e-05,8.643528305037667e-05,1.6783550106869255e-05
2020-12-16,Sacramento,067,1510023.0,1269,691,1174,689,86,2,9,0,1038,685,1156,686,118,3,0.0006874067481091,0.0007655512531928,7.81445050836974e-05
2020-12-16,San Benito,069,59416.0,32,30,32,30,0,0,0,0,32,30,32,30,0,0,0.0005385754678874,0.0005385754678874,0.0
2020-12-16,San Bernardino,071,2135413.0,226,135,174,134,48,1,4,0,193,135,212,135,19,0,9.038064299505528e-05,9.927821924845452e-05,8.897576253399226e-06
2020-12-16,San Diego,073,3302833.0,2506,1225,1839,1211,494,3,173,11,1634,1202,2145,1212,511,14,0.0004947267996898,0.0006494424634851,0.0001547156637952
2020-12-16,San Francisco,075,870044.0,336,224,294,223,30,0,11,1,276,223,311,224,35,1,0.0003172253357301,0.0003574531862756,4.0227850545489657e-05
2020-12-16,San Joaquin,077,732212.0,583,513,565,509,18,4,0,0,532,484,542,484,10,1,0.0007265655302016,0.0007402227770099,1.3657246808301422e-05
2020-12-16,San Luis Obispo,079,281455.0,19,5,9,5,10,0,0,0,15,5,17,5,2,0,5.329448757350198e-05,6.0400419249968913e-05,7.10593167646693e-06
2020-12-16,San Mateo,081,765935.0,262,134,219,133,15,0,28,1,192,133,241,134,49,1,0.0002506740128078,0.0003146481098265,6.397409701867652e-05
2020-12-16,Santa Barbara,083,443738.0,25,2,16,2,6,0,2,0,20,2,23,2,3,0,4.507164137396392e-05,5.18323875800585e-05,6.760746206094587e-06
2020-12-16,Santa Clara,085,1922200.0,529,191,465,189,22,1,42,1,328,189,451,190,123,2,0.0001706378108417,0.0002346269899073,6.398917906565393e-05
2020-12-16,Santa Cruz,087,273765.0,71,54,63,54,4,0,4,0,64,54,70,54,6,0,0.0002337771446313,0.0002556937519405,2.191660730918854e-05
2020-12-16,Shasta,089,179085.0,491,131,275,131,216,0,0,0,139,131,315,131,176,0,0.0007761677415752,0.0017589412848647,0.0009827735432894
2020-12-16,Sierra,091,2930.0,2,1,1,1,1,0,0,0,2,1,2,1,0,0,0.0006825938566552,0.0006825938566552,0.0
2020-12-16,Siskiyou,093,43540.0,15,2,10,2,4,0,1,0,2,2,9,2,7,0,4.593477262287552e-05,0.0002067064768029,0.00016077170418
2020-12-16,Solano,095,438530.0,95,75,91,75,3,0,1,0,88,75,92,75,4,0,0.0002006704216359,0.0002097918044375,9.121382801632728e-06
2020-12-16,Sonoma,097,501317.0,59,28,52,28,7,0,0,0,53,27,57,28,4,1,0.0001057215294913,0.0001137005128491,7.978983357835461e-06
2020-12-16,Stanislaus,099,539301.0,99,49,86,48,13,1,0,0,85,48,92,48,7,1,0.000157611426643,0.00017059119119,1.2979764547071115e-05
2020-12-16,Sutter,101,95872.0,11,5,9,5,2,0,0,0,9,5,10,5,1,0,9.387516688918558e-05,0.0001043057409879,1.0430574098798398e-05
2020-12-16,Tehama,103,63373.0,32,5,13,5,19,0,0,0,6,5,19,5,13,0,9.467754406450696e-05,0.0002998122228709,0.0002051346788064
2020-12-16,Trinity,105,12862.0,2,0,0,0,2,0,0,0,0,0,1,0,1,0,0.0,7.774840615767377e-05,7.774840615767377e-05
2020-12-16,Tulare,107,460477.0,15,5,9,5,6,0,0,0,11,5,13,5,2,0,2.3888272378424983e-05,2.8231594629047707e-05,4.343322250622724e-06
2020-12-16,Tuolumne,109,53932.0,56,50,53,50,3,0,0,0,56,50,56,50,0,0,0.0010383445820663,0.0010383445820663,0.0
2020-12-16,Ventura,111,848112.0,150,76,129,76,17,0,4,0,114,75,134,75,20,1,0.0001344162091799,0.0001579980002641,2.3581791084196427e-05
2020-12-16,Yolo,113,214977.0,190,85,169,85,21,0,0,0,130,85,160,85,30,0,0.0006047158533238,0.0007442656656293,0.0001395498123055
2020-12-16,Yuba,115,75493.0,6,4,4,4,2,0,0,0,4,4,5,4,1,0,5.298504497105692e-05,6.623130621382116e-05,1.3246261242764227e-05
2020-12-15,Alameda,001,1643700.0,195,47,164,45,18,2,13,0,94,46,151,46,57,1,5.718805134756951e-05,9.18659122710957e-05,3.467786092352619e-05
2020-12-15,Alpine,003,1148.0,0,0,0,0,0,0,0,0,0,0,0,0,0,0,0.0,0.0,0.0
2020-12-15,Amador,005,37829.0,4,0,4,0,0,0,0,0,4,0,4,0,0,0,0.0001057389833196,0.0001057389833196,0.0
2020-12-15,Butte,007,227075.0,29,0,15,0,14,0,0,0,17,0,23,0,6,0,7.486513266541892e-05,0.0001012881206649,2.6422987999559612e-05
2020-12-15,Calaveras,009,45235.0,6,0,5,0,1,0,0,0,6,0,6,0,0,0,0.0001326406543605,0.0001326406543605,0.0
2020-12-15,Colusa,011,21464.0,0,0,0,0,0,0,0,0,0,0,0,0,0,0,0.0,0.0,0.0
2020-12-15,Contra Costa,013,1133247.0,192,25,156,24,23,1,13,0,63,25,134,25,71,0,5.559247013228361e-05,0.0001182443015512,6.26518314189228e-05
2020-12-15,Del Norte,015,27424.0,3,0,2,0,1,0,0,0,1,0,2,0,1,0,3.646441073512252e-05,7.292882147024503e-05,3.646441073512252e-05
2020-12-15,El Dorado,017,186661.0,39,14,23,14,14,0,2,0,23,14,32,14,9,0,0.0001232180262615,0.0001714337756681,4.8215749406678415e-05
2020-12-15,Fresno,019,978130.0,27,3,18,3,9,0,0,0,19,3,23,3,4,0,1.94248208315868e-05,2.3514256796131392e-05,4.08943596454459e-06
2020-12-15,Glenn,021,27897.0,5,0,3,0,2,0,0,0,1,0,3,0,2,0,3.58461483313618e-05,0.000107538444994,7.169229666272359e-05
2020-12-15,Humboldt,023,135768.0,11,5,9,5,2,0,0,0,11,5,11,5,0,0,8.102056449236933e-05,8.102056449236933e-05,0.0
2020-12-15,Imperial,025,180216.0,8,1,2,0,6,1,0,0,8,1,8,1,0,0,4.439117503440316e-05,4.439117503440316e-05,0.0
2020-12-15,Inyo,027,18085.0,1,0,1,0,0,0,0,0,1,0,1,0,0,0,5.52944429084877e-05,5.52944429084877e-05,0.0
2020-12-15,Kern,029,883053.0,17,2,10,2,6,0,1,0,14,2,16,2,2,0,1.5854088033221108e-05,1.8118957752252698e-05,2.264869719031587e-06
2020-12-15,Kings,031,150075.0,4,0,3,0,1,0,0,0,4,0,4,0,0,0,2.665333999666833e-05,2.665333999666833e-05,0.0
2020-12-15,Lake,033,64148.0,3,0,3,0,0,0,0,0,1,0,2,0,1,0,1.558895055184885e-05,3.11779011036977e-05,1.558895055184885e-05
2020-12-15,Lassen,035,31185.0,2,0,0,0,2,0,0,0,0,0,1,0,1,0,0.0,3.20666987333654e-05,3.20666987333654e-05
2020-12-15,Los Angeles,037,10098052.0,1774,440,1372,420,247,11,153,8,899,429,1416,439,517,10,8.902707175601789e-05,0.0001402250651907,5.119799343477336e-05
2020-12-15,Madera,039,155013.0,10,2,5,0,4,2,1,0,7,2,8,2,1,0,4.515750291911001e-05,5.160857476469715e-05,6.451071845587144e-06
2020-12-15,Marin,041,260295.0,26,2,18,2,6,0,2,0,16,2,22,2,6,0,6.146871818513609e-05,8.451948750456213e-05,2.305076931942604e-05
2020-12-15,Mariposa,043,17540.0,5,0,5,0,0,0,0,0,3,0,4,0,1,0,0.0001710376282782,0.0002280501710376,5.701254275940707e-05
2020-12-15,Mendocino,045,87422.0,7,0,6,0,1,0,0,0,7,0,7,0,0,0,8.007137791402622e-05,8.007137791402622e-05,0.0
2020-12-15,Merced,047,269075.0,19,1,11,0,7,0,1,1,10,0,15,1,5,1,3.71643593793552e-05,5.57465390690328e-05,1.85821796896776e-05
2020-12-15,Modoc,049,8938.0,0,0,0,0,0,0,0,0,0,0,0,0,0,0,0.0,0.0,0.0
2020-12-15,Mono,051,14174.0,1,0,1,0,0,0,0,0,1,0,1,0,0,0,7.055171440666009e-05,7.055171440666009e-05,0.0
2020-12-15,Monterey,053,433212.0,8,1,3,0,5,1,0,0,8,1,8,1,0,0,1.846670914009769e-05,1.846670914009769e-05,0.0
2020-12-15,Napa,055,140530.0,7,0,4,0,2,0,1,0,6,0,7,0,1,0,4.269550985554686e-05,4.9811428164804665e-05,7.11591830925781e-06
2020-12-15,Nevada,057,99092.0,3,0,3,0,0,0,0,0,1,0,2,0,1,0,1.009163201873007e-05,2.018326403746014e-05,1.009163201873007e-05
2020-12-15,Orange,059,3164182.0,451,29,283,20,88,4,80,5,194,24,364,29,170,5,6.131126464912574e-05,0.0001150376305787,5.372636592964627e-05
2020-12-15,Placer,061,380077.0,71,34,62,33,7,0,2,1,42,33,58,34,16,1,0.0001105039242048,0.0001526006572352,4.209673303041226e-05
2020-12-15,Plumas,063,18699.0,1,0,0,0,1,0,0,0,1,0,1,0,0,0,5.3478795657521794e-05,5.3478795657521794e-05,0.0
2020-12-15,Riverside,065,2383286.0,132,12,70,11,58,1,4,0,63,11,100,11,37,0,2.643409141831908e-05,4.195887526717314e-05,1.5524783848854062e-05
2020-12-15,Sacramento,067,1510023.0,578,309,485,308,84,0,9,1,355,306,470,307,115,2,0.0002350957568195,0.0003112535371977,7.615778037817968e-05
2020-12-15,San Benito,069,59416.0,2,1,2,1,0,0,0,0,2,1,2,1,0,0,3.3660966742964855e-05,3.3660966742964855e-05,0.0
2020-12-15,San Bernardino,071,2135413.0,91,17,40,16,47,1,4,0,58,17,77,17,19,0,2.7161022247218688e-05,3.605859850061792e-05,8.897576253399226e-06
2020-12-15,San Diego,073,3302833.0,1281,235,628,220,491,6,162,9,436,218,933,227,497,14,0.0001320078853517,0.0002824847638375,0.0001504768784858
2020-12-15,San Francisco,075,870044.0,112,17,71,11,30,4,10,1,53,15,87,16,34,1,6.091645939745576e-05,9.999494278450286e-05,3.907848338704709e-05
2020-12-15,San Joaquin,077,732212.0,70,26,56,25,14,1,0,0,49,22,58,22,9,0,6.692050936067696e-05,7.921203148814824e-05,1.2291522127471278e-05
2020-12-15,San Luis Obispo,079,281455.0,14,0,4,0,10,0,0,0,10,0,12,0,2,0,3.552965838233465e-05,4.2635590058801584e-05,7.10593167646693e-06
2020-12-15,San Mateo,081,765935.0,128,30,86,25,15,2,27,3,59,27,107,30,48,3,7.703003518575336e-05,0.0001396985383877,6.266850320196884e-05
2020-12-15,Santa Barbara,083,443738.0,23,2,14,2,6,0,2,0,18,2,21,2,3,0,4.0564477236567525e-05,4.732522344266211e-05,6.760746206094587e-06
2020-12-15,Santa Clara,085,1922200.0,338,74,276,71,21,2,41,1,140,71,261,72,121,3,7.283321194464675e-05,0.0001357819165539,6.294870460930185e-05
2020-12-15,Santa Cruz,087,273765.0,17,2,9,2,4,0,4,0,10,2,16,2,6,0,3.652767884864756e-05,5.84442861578361e-05,2.191660730918854e-05
2020-12-15,Shasta,089,179085.0,360,1,144,1,216,0,0,0,8,1,184,1,176,0,4.4671524694977245e-05,0.0010274450679844,0.0009827735432894
2020-12-15,Sierra,091,2930.0,1,0,0,0,1,0,0,0,1,0,1,0,0,0,0.0003412969283276,0.0003412969283276,0.0
2020-12-15,Siskiyou,093,43540.0,13,0,8,0,4,0,1,0,0,0,7,0,7,0,0.0,0.00016077170418,0.00016077170418
2020-12-15,Solano,095,438530.0,20,5,16,5,3,0,1,0,13,5,17,5,4,0,2.964449410530637e-05,3.876587690693909e-05,9.121382801632728e-06
2020-12-15,Sonoma,097,501317.0,31,5,24,5,7,0,0,0,26,5,29,5,3,0,5.18633918259305e-05,5.784762934430709e-05,5.984237518376596e-06
2020-12-15,Stanislaus,099,539301.0,50,11,38,8,12,3,0,0,38,11,44,11,6,0,7.046157896981462e-05,8.158709143873273e-05,1.11255124689181e-05
2020-12-15,Sutter,101,95872.0,6,1,4,1,2,0,0,0,4,1,5,1,1,0,4.172229639519359e-05,5.215287049399199e-05,1.0430574098798398e-05
2020-12-15,Tehama,103,63373.0,27,0,8,0,19,0,0,0,1,0,14,0,13,0,1.5779590677417828e-05,0.0002209142694838,0.0002051346788064
2020-12-15,Trinity,105,12862.0,2,0,0,0,2,0,0,0,0,0,1,0,1,0,0.0,7.774840615767377e-05,7.774840615767377e-05
2020-12-15,Tulare,107,460477.0,10,2,4,1,6,1,0,0,6,1,8,1,2,1,1.3029966751868171e-05,1.7373289002490895e-05,4.343322250622724e-06
2020-12-15,Tuolumne,109,53932.0,6,0,3,0,3,0,0,0,6,0,6,0,0,0,0.0001112512052213,0.0001112512052213,0.0
2020-12-15,Ventura,111,848112.0,74,5,53,4,17,1,4,0,40,5,59,5,19,0,4.7163582168392855e-05,6.956628369837946e-05,2.2402701529986605e-05
2020-12-15,Yolo,113,214977.0,105,39,84,39,21,0,0,0,45,39,75,39,30,0,0.0002093247184582,0.0003488745307637,0.0001395498123055
2020-12-15,Yuba,115,75493.0,2,0,0,0,2,0,0,0,0,0,1,0,1,0,0.0,1.3246261242764227e-05,1.3246261242764227e-05
2020-12-14,Alameda,001,1643700.0,148,4,119,3,16,0,13,1,49,3,105,4,56,1,2.981079272373304e-05,6.388027012228509e-05,3.406947739855205e-05
2020-12-14,Alpine,003,1148.0,0,0,0,0,0,0,0,0,0,0,0,0,0,0,0.0,0.0,0.0
2020-12-14,Amador,005,37829.0,4,0,4,0,0,0,0,0,4,0,4,0,0,0,0.0001057389833196,0.0001057389833196,0.0
2020-12-14,Butte,007,227075.0,29,1,15,0,14,1,0,0,17,1,23,1,6,0,7.486513266541892e-05,0.0001012881206649,2.6422987999559612e-05
2020-12-14,Calaveras,009,45235.0,6,0,5,0,1,0,0,0,6,0,6,0,0,0,0.0001326406543605,0.0001326406543605,0.0
2020-12-14,Colusa,011,21464.0,0,0,0,0,0,0,0,0,0,0,0,0,0,0,0.0,0.0,0.0
2020-12-14,Contra Costa,013,1133247.0,167,5,132,3,22,0,13,2,38,3,109,5,71,2,3.3531966111536144e-05,9.618379753045892e-05,6.26518314189228e-05
2020-12-14,Del Norte,015,27424.0,3,0,2,0,1,0,0,0,1,0,2,0,1,0,3.646441073512252e-05,7.292882147024503e-05,3.646441073512252e-05
2020-12-14,El Dorado,017,186661.0,25,0,9,0,14,0,2,0,9,0,18,0,9,0,4.8215749406678415e-05,9.643149881335684e-05,4.8215749406678415e-05
2020-12-14,Fresno,019,978130.0,24,0,15,0,9,0,0,0,16,0,20,0,4,0,1.635774385817836e-05,2.044717982272295e-05,4.08943596454459e-06
2020-12-14,Glenn,021,27897.0,5,0,3,0,2,0,0,0,1,0,3,0,2,0,3.58461483313618e-05,0.000107538444994,7.169229666272359e-05
2020-12-14,Humboldt,023,135768.0,6,0,4,0,2,0,0,0,6,0,6,0,0,0,4.4193035177656e-05,4.4193035177656e-05,0.0
2020-12-14,Imperial,025,180216.0,7,1,2,0,5,1,0,0,7,1,7,1,0,0,3.884227815510276e-05,3.884227815510276e-05,0.0
2020-12-14,Inyo,027,18085.0,1,0,1,0,0,0,0,0,1,0,1,0,0,0,5.52944429084877e-05,5.52944429084877e-05,0.0
2020-12-14,Kern,029,883053.0,15,0,8,0,6,0,1,0,12,0,14,0,2,0,1.3589218314189522e-05,1.5854088033221108e-05,2.264869719031587e-06
2020-12-14,Kings,031,150075.0,4,0,3,0,1,0,0,0,4,0,4,0,0,0,2.665333999666833e-05,2.665333999666833e-05,0.0
2020-12-14,Lake,033,64148.0,3,0,3,0,0,0,0,0,1,0,2,0,1,0,1.558895055184885e-05,3.11779011036977e-05,1.558895055184885e-05
2020-12-14,Lassen,035,31185.0,2,0,0,0,2,0,0,0,0,0,1,0,1,0,0.0,3.20666987333654e-05,3.20666987333654e-05
2020-12-14,Los Angeles,037,10098052.0,1334,30,952,14,236,11,145,4,470,24,977,28,507,4,4.654363039524851e-05,9.675133382161232e-05,5.020770342636382e-05
2020-12-14,Madera,039,155013.0,8,0,5,0,2,0,1,0,5,0,6,0,1,0,3.225535922793572e-05,3.8706431073522864e-05,6.451071845587144e-06
2020-12-14,Marin,041,260295.0,24,1,16,1,6,0,2,0,14,1,20,1,6,0,5.3785128411994086e-05,7.683589773142012e-05,2.305076931942604e-05
2020-12-14,Mariposa,043,17540.0,5,1,5,1,0,0,0,0,3,1,4,1,1,0,0.0001710376282782,0.0002280501710376,5.701254275940707e-05
2020-12-14,Mendocino,045,87422.0,7,1,6,1,1,0,0,0,7,1,7,1,0,0,8.007137791402622e-05,8.007137791402622e-05,0.0
2020-12-14,Merced,047,269075.0,18,0,11,0,7,0,0,0,10,0,14,0,4,0,3.71643593793552e-05,5.203010313109728e-05,1.486574375174208e-05
2020-12-14,Modoc,049,8938.0,0,0,0,0,0,0,0,0,0,0,0,0,0,0,0.0,0.0,0.0
2020-12-14,Mono,051,14174.0,1,0,1,0,0,0,0,0,1,0,1,0,0,0,7.055171440666009e-05,7.055171440666009e-05,0.0
2020-12-14,Monterey,053,433212.0,7,0,3,0,4,0,0,0,7,0,7,0,0,0,1.615837049758548e-05,1.615837049758548e-05,0.0
2020-12-14,Napa,055,140530.0,7,0,4,0,2,0,1,0,6,0,7,0,1,0,4.269550985554686e-05,4.9811428164804665e-05,7.11591830925781e-06
2020-12-14,Nevada,057,99092.0,3,0,3,0,0,0,0,0,1,0,2,0,1,0,1.009163201873007e-05,2.018326403746014e-05,1.009163201873007e-05
2020-12-14,Orange,059,3164182.0,422,10,263,5,84,4,75,1,170,9,335,10,165,1,5.372636592964627e-05,0.000105872544626,5.214617869642138e-05
2020-12-14,Placer,061,380077.0,37,2,29,2,7,0,1,0,9,2,24,2,15,0,2.367941232960689e-05,6.314509954561839e-05,3.946568721601149e-05
2020-12-14,Plumas,063,18699.0,1,0,0,0,1,0,0,0,1,0,1,0,0,0,5.3478795657521794e-05,5.3478795657521794e-05,0.0
2020-12-14,Riverside,065,2383286.0,120,2,59,2,57,0,4,0,52,2,89,2,37,0,2.181861513893003e-05,3.7343398987784094e-05,1.5524783848854062e-05
2020-12-14,Sacramento,067,1510023.0,269,6,177,2,84,2,8,2,50,2,163,4,113,3,3.311207842529551e-05,0.0001079453756664,7.483329724116784e-05
2020-12-14,San Benito,069,59416.0,1,0,1,0,0,0,0,0,1,0,1,0,0,0,1.6830483371482428e-05,1.6830483371482428e-05,0.0
2020-12-14,San Bernardino,071,2135413.0,74,1,24,0,46,1,4,0,41,1,60,1,19,0,1.920003296786149e-05,2.809760922126071e-05,8.897576253399226e-06
2020-12-14,San Diego,073,3302833.0,1046,23,408,13,485,3,153,7,223,16,706,23,483,8,6.75177945721143e-05,0.0002137558877484,0.0001462380931763
2020-12-14,San Francisco,075,870044.0,95,3,60,1,26,1,9,1,38,2,71,3,33,1,4.367595202081734e-05,8.160506824942186e-05,3.792911622860453e-05
2020-12-14,San Joaquin,077,732212.0,44,2,31,1,13,1,0,0,27,2,36,2,9,0,3.687456638241384e-05,4.916608850988512e-05,1.2291522127471278e-05
2020-12-14,San Luis Obispo,079,281455.0,14,0,4,0,10,0,0,0,10,0,12,0,2,0,3.552965838233465e-05,4.2635590058801584e-05,7.10593167646693e-06
2020-12-14,San Mateo,081,765935.0,98,4,61,3,13,0,24,1,32,3,77,4,45,1,4.177900213464589e-05,0.0001005307238864,5.875172175184578e-05
2020-12-14,Santa Barbara,083,443738.0,21,3,12,1,6,1,2,0,16,2,19,2,3,0,3.605731309917113e-05,4.281805930526572e-05,6.760746206094587e-06
2020-12-14,Santa Clara,085,1922200.0,264,5,205,4,19,0,40,1,71,4,189,5,118,1,3.693684320049943e-05,9.832483612527312e-05,6.138799292477369e-05
2020-12-14,Santa Cruz,087,273765.0,15,0,7,0,4,0,4,0,8,0,14,0,6,0,2.922214307891805e-05,5.113875038810659e-05,2.191660730918854e-05
2020-12-14,Shasta,089,179085.0,359,0,143,0,216,0,0,0,7,0,183,0,176,0,3.908758410810509e-05,0.0010218611273976,0.0009827735432894
2020-12-14,Sierra,091,2930.0,1,0,0,0,1,0,0,0,1,0,1,0,0,0,0.0003412969283276,0.0003412969283276,0.0
2020-12-14,Siskiyou,093,43540.0,13,0,8,0,4,0,1,0,0,0,7,0,7,0,0.0,0.00016077170418,0.00016077170418
2020-12-14,Solano,095,438530.0,15,0,11,0,3,0,1,0,8,0,12,0,4,0,1.8242765603265456e-05,2.7364148404898184e-05,9.121382801632728e-06
2020-12-14,Sonoma,097,501317.0,26,1,19,1,7,0,0,0,21,1,24,1,3,0,4.188966262863617e-05,4.787390014701277e-05,5.984237518376596e-06
2020-12-14,Stanislaus,099,539301.0,39,0,30,0,9,0,0,0,27,0,33,0,6,0,5.0064806110131446e-05,6.119031857904955e-05,1.11255124689181e-05
2020-12-14,Sutter,101,95872.0,5,0,3,0,2,0,0,0,3,0,4,0,1,0,3.12917222963952e-05,4.172229639519359e-05,1.0430574098798398e-05
2020-12-14,Tehama,103,63373.0,27,0,8,0,19,0,0,0,1,0,14,0,13,0,1.5779590677417828e-05,0.0002209142694838,0.0002051346788064
2020-12-14,Trinity,105,12862.0,2,0,0,0,2,0,0,0,0,0,1,0,1,0,0.0,7.774840615767377e-05,7.774840615767377e-05
2020-12-14,Tulare,107,460477.0,8,0,3,0,5,0,0,0,6,0,7,0,1,0,1.3029966751868171e-05,1.5201627877179532e-05,2.171661125311362e-06
2020-12-14,Tuolumne,109,53932.0,6,0,3,0,3,0,0,0,6,0,6,0,0,0,0.0001112512052213,0.0001112512052213,0.0
2020-12-14,Ventura,111,848112.0,69,3,49,3,16,0,4,0,35,3,54,3,19,0,4.126813439734375e-05,6.367083592733036e-05,2.2402701529986605e-05
2020-12-14,Yolo,113,214977.0,66,0,45,0,21,0,0,0,6,0,36,0,30,0,2.790996246110049e-05,0.0001674597747666,0.0001395498123055
2020-12-14,Yuba,115,75493.0,2,0,0,0,2,0,0,0,0,0,1,0,1,0,0.0,1.3246261242764227e-05,1.3246261242764227e-05
2020-12-13,Alameda,001,1643700.0,144,4,116,2,16,2,12,0,46,5,101,5,55,0,2.798564214881061e-05,6.144673602238851e-05,3.34610938735779e-05
2020-12-13,Alpine,003,1148.0,0,0,0,0,0,0,0,0,0,0,0,0,0,0,0.0,0.0,0.0
2020-12-13,Amador,005,37829.0,4,0,4,0,0,0,0,0,4,0,4,0,0,0,0.0001057389833196,0.0001057389833196,0.0
2020-12-13,Butte,007,227075.0,28,1,15,1,13,0,0,0,16,1,22,1,6,0,7.046130133215897e-05,9.68842893317186e-05,2.6422987999559612e-05
2020-12-13,Calaveras,009,45235.0,6,0,5,0,1,0,0,0,6,0,6,0,0,0,0.0001326406543605,0.0001326406543605,0.0
2020-12-13,Colusa,011,21464.0,0,0,0,0,0,0,0,0,0,0,0,0,0,0,0.0,0.0,0.0
2020-12-13,Contra Costa,013,1133247.0,162,2,129,1,22,1,11,0,35,1,104,1,69,0,3.088470562904645e-05,9.177169672630944e-05,6.0886991097263e-05
2020-12-13,Del Norte,015,27424.0,3,0,2,0,1,0,0,0,1,0,2,0,1,0,3.646441073512252e-05,7.292882147024503e-05,3.646441073512252e-05
2020-12-13,El Dorado,017,186661.0,25,0,9,0,14,0,2,0,9,0,18,0,9,0,4.8215749406678415e-05,9.643149881335684e-05,4.8215749406678415e-05
2020-12-13,Fresno,019,978130.0,24,1,15,1,9,0,0,0,16,1,20,1,4,0,1.635774385817836e-05,2.044717982272295e-05,4.08943596454459e-06
2020-12-13,Glenn,021,27897.0,5,0,3,0,2,0,0,0,1,0,3,0,2,0,3.58461483313618e-05,0.000107538444994,7.169229666272359e-05
2020-12-13,Humboldt,023,135768.0,6,0,4,0,2,0,0,0,6,0,6,0,0,0,4.4193035177656e-05,4.4193035177656e-05,0.0
2020-12-13,Imperial,025,180216.0,6,0,2,0,4,0,0,0,6,0,6,0,0,0,3.329338127580237e-05,3.329338127580237e-05,0.0
2020-12-13,Inyo,027,18085.0,1,0,1,0,0,0,0,0,1,0,1,0,0,0,5.52944429084877e-05,5.52944429084877e-05,0.0
2020-12-13,Kern,029,883053.0,15,0,8,0,6,0,1,0,12,0,14,0,2,0,1.3589218314189522e-05,1.5854088033221108e-05,2.264869719031587e-06
2020-12-13,Kings,031,150075.0,4,0,3,0,1,0,0,0,4,0,4,0,0,0,2.665333999666833e-05,2.665333999666833e-05,0.0
2020-12-13,Lake,033,64148.0,3,0,3,0,0,0,0,0,1,0,2,0,1,0,1.558895055184885e-05,3.11779011036977e-05,1.558895055184885e-05
2020-12-13,Lassen,035,31185.0,2,0,0,0,2,0,0,0,0,0,1,0,1,0,0.0,3.20666987333654e-05,3.20666987333654e-05
2020-12-13,Los Angeles,037,10098052.0,1304,13,938,9,225,3,141,1,446,12,949,13,503,1,4.4166934375065605e-05,9.39785217980656e-05,4.9811587423e-05
2020-12-13,Madera,039,155013.0,8,0,5,0,2,0,1,0,5,0,6,0,1,0,3.225535922793572e-05,3.8706431073522864e-05,6.451071845587144e-06
2020-12-13,Marin,041,260295.0,23,0,15,0,6,0,2,0,13,0,19,0,6,0,4.994333352542308e-05,7.299410284484912e-05,2.305076931942604e-05
2020-12-13,Mariposa,043,17540.0,4,0,4,0,0,0,0,0,2,0,3,0,1,0,0.0001140250855188,0.0001710376282782,5.701254275940707e-05
2020-12-13,Mendocino,045,87422.0,6,0,5,0,1,0,0,0,6,0,6,0,0,0,6.86326096405939e-05,6.86326096405939e-05,0.0
2020-12-13,Merced,047,269075.0,18,0,11,0,7,0,0,0,10,0,14,0,4,0,3.71643593793552e-05,5.203010313109728e-05,1.486574375174208e-05
2020-12-13,Modoc,049,8938.0,0,0,0,0,0,0,0,0,0,0,0,0,0,0,0.0,0.0,0.0
2020-12-13,Mono,051,14174.0,1,0,1,0,0,0,0,0,1,0,1,0,0,0,7.055171440666009e-05,7.055171440666009e-05,0.0
2020-12-13,Monterey,053,433212.0,7,0,3,0,4,0,0,0,7,0,7,0,0,0,1.615837049758548e-05,1.615837049758548e-05,0.0
2020-12-13,Napa,055,140530.0,7,0,4,0,2,0,1,0,6,0,7,0,1,0,4.269550985554686e-05,4.9811428164804665e-05,7.11591830925781e-06
2020-12-13,Nevada,057,99092.0,3,0,3,0,0,0,0,0,1,0,2,0,1,0,1.009163201873007e-05,2.018326403746014e-05,1.009163201873007e-05
2020-12-13,Orange,059,3164182.0,412,4,258,1,80,3,74,0,161,4,325,4,164,0,5.088202890984147e-05,0.0001027121701596,5.1830141249776405e-05
2020-12-13,Placer,061,380077.0,35,1,27,1,7,0,1,0,7,1,22,1,15,0,1.841732070080536e-05,5.7883007916816855e-05,3.946568721601149e-05
2020-12-13,Plumas,063,18699.0,1,0,0,0,1,0,0,0,1,0,1,0,0,0,5.3478795657521794e-05,5.3478795657521794e-05,0.0
2020-12-13,Riverside,065,2383286.0,118,1,57,0,57,1,4,0,50,1,87,1,37,0,2.097943763358657e-05,3.650422148244063e-05,1.5524783848854062e-05
2020-12-13,Sacramento,067,1510023.0,263,0,175,0,82,0,6,0,49,0,159,0,110,0,3.2449836856789595e-05,0.0001052964093924,7.284657253565012e-05
2020-12-13,San Benito,069,59416.0,1,0,1,0,0,0,0,0,1,0,1,0,0,0,1.6830483371482428e-05,1.6830483371482428e-05,0.0
2020-12-13,San Bernardino,071,2135413.0,73,2,24,2,45,0,4,0,40,2,59,2,19,0,1.8731739480840478e-05,2.76293157342397e-05,8.897576253399226e-06
2020-12-13,San Diego,073,3302833.0,1023,11,395,8,482,3,146,0,208,11,683,11,475,0,6.297623888340706e-05,0.0002067921690258,0.0001438159301423
2020-12-13,San Francisco,075,870044.0,92,1,59,0,25,1,8,0,36,1,68,1,32,0,4.137721770393221e-05,7.815696677409419e-05,3.677974907016197e-05
2020-12-13,San Joaquin,077,732212.0,42,1,30,0,12,1,0,0,25,1,34,1,9,0,3.414311702075355e-05,4.6434639148224834e-05,1.2291522127471278e-05
2020-12-13,San Luis Obispo,079,281455.0,14,0,4,0,10,0,0,0,10,0,12,0,2,0,3.552965838233465e-05,4.2635590058801584e-05,7.10593167646693e-06
2020-12-13,San Mateo,081,765935.0,94,2,58,2,13,0,23,0,29,2,73,2,44,0,3.786222068452284e-05,9.530834861966092e-05,5.74461279351381e-05
2020-12-13,Santa Barbara,083,443738.0,18,0,11,0,5,0,2,0,14,0,17,0,3,0,3.155014896177474e-05,3.8310895167869325e-05,6.760746206094587e-06
2020-12-13,Santa Clara,085,1922200.0,259,1,201,1,19,0,39,0,67,1,184,1,117,0,3.485589428779524e-05,9.572364998439288e-05,6.086775569659765e-05
2020-12-13,Santa Cruz,087,273765.0,15,0,7,0,4,0,4,0,8,0,14,0,6,0,2.922214307891805e-05,5.113875038810659e-05,2.191660730918854e-05
2020-12-13,Shasta,089,179085.0,359,0,143,0,216,0,0,0,7,0,183,0,176,0,3.908758410810509e-05,0.0010218611273976,0.0009827735432894
2020-12-13,Sierra,091,2930.0,1,0,0,0,1,0,0,0,1,0,1,0,0,0,0.0003412969283276,0.0003412969283276,0.0
2020-12-13,Siskiyou,093,43540.0,13,0,8,0,4,0,1,0,0,0,7,0,7,0,0.0,0.00016077170418,0.00016077170418
2020-12-13,Solano,095,438530.0,15,0,11,0,3,0,1,0,8,0,12,0,4,0,1.8242765603265456e-05,2.7364148404898184e-05,9.121382801632728e-06
2020-12-13,Sonoma,097,501317.0,25,1,18,1,7,0,0,0,20,1,23,1,3,0,3.98949167891773e-05,4.58791543075539e-05,5.984237518376596e-06
2020-12-13,Stanislaus,099,539301.0,39,2,30,2,9,0,0,0,27,2,33,2,6,0,5.0064806110131446e-05,6.119031857904955e-05,1.11255124689181e-05
2020-12-13,Sutter,101,95872.0,5,1,3,1,2,0,0,0,3,1,4,1,1,0,3.12917222963952e-05,4.172229639519359e-05,1.0430574098798398e-05
2020-12-13,Tehama,103,63373.0,27,0,8,0,19,0,0,0,1,0,14,0,13,0,1.5779590677417828e-05,0.0002209142694838,0.0002051346788064
2020-12-13,Trinity,105,12862.0,2,0,0,0,2,0,0,0,0,0,1,0,1,0,0.0,7.774840615767377e-05,7.774840615767377e-05
2020-12-13,Tulare,107,460477.0,8,0,3,0,5,0,0,0,6,0,7,0,1,0,1.3029966751868171e-05,1.5201627877179532e-05,2.171661125311362e-06
2020-12-13,Tuolumne,109,53932.0,6,0,3,0,3,0,0,0,6,0,6,0,0,0,0.0001112512052213,0.0001112512052213,0.0
2020-12-13,Ventura,111,848112.0,66,3,46,2,16,1,4,0,32,3,51,3,19,0,3.773086573471429e-05,6.0133567264700885e-05,2.2402701529986605e-05
2020-12-13,Yolo,113,214977.0,66,0,45,0,21,0,0,0,6,0,36,0,30,0,2.790996246110049e-05,0.0001674597747666,0.0001395498123055
2020-12-13,Yuba,115,75493.0,2,0,0,0,2,0,0,0,0,0,1,0,1,0,0.0,1.3246261242764227e-05,1.3246261242764227e-05
2020-12-12,Alameda,001,1643700.0,140,7,114,6,14,1,12,0,41,7,96,7,55,0,2.494372452393989e-05,5.84048183975178e-05,3.34610938735779e-05
2020-12-12,Alpine,003,1148.0,0,0,0,0,0,0,0,0,0,0,0,0,0,0,0.0,0.0,0.0
2020-12-12,Amador,005,37829.0,4,0,4,0,0,0,0,0,4,0,4,0,0,0,0.0001057389833196,0.0001057389833196,0.0
2020-12-12,Butte,007,227075.0,27,0,14,0,13,0,0,0,15,0,21,0,6,0,6.605746999889905e-05,9.248045799845864e-05,2.6422987999559612e-05
2020-12-12,Calaveras,009,45235.0,6,1,5,1,1,0,0,0,6,1,6,1,0,0,0.0001326406543605,0.0001326406543605,0.0
2020-12-12,Colusa,011,21464.0,0,0,0,0,0,0,0,0,0,0,0,0,0,0,0.0,0.0,0.0
2020-12-12,Contra Costa,013,1133247.0,160,2,128,1,21,1,11,0,34,2,103,2,69,0,3.000228546821655e-05,9.088927656547956e-05,6.0886991097263e-05
2020-12-12,Del Norte,015,27424.0,3,0,2,0,1,0,0,0,1,0,2,0,1,0,3.646441073512252e-05,7.292882147024503e-05,3.646441073512252e-05
2020-12-12,El Dorado,017,186661.0,25,0,9,0,14,0,2,0,9,0,18,0,9,0,4.8215749406678415e-05,9.643149881335684e-05,4.8215749406678415e-05
2020-12-12,Fresno,019,978130.0,23,0,14,0,9,0,0,0,15,0,19,0,4,0,1.5335384867042212e-05,1.94248208315868e-05,4.08943596454459e-06
2020-12-12,Glenn,021,27897.0,5,0,3,0,2,0,0,0,1,0,3,0,2,0,3.58461483313618e-05,0.000107538444994,7.169229666272359e-05
2020-12-12,Humboldt,023,135768.0,6,0,4,0,2,0,0,0,6,0,6,0,0,0,4.4193035177656e-05,4.4193035177656e-05,0.0
2020-12-12,Imperial,025,180216.0,6,0,2,0,4,0,0,0,6,0,6,0,0,0,3.329338127580237e-05,3.329338127580237e-05,0.0
2020-12-12,Inyo,027,18085.0,1,0,1,0,0,0,0,0,1,0,1,0,0,0,5.52944429084877e-05,5.52944429084877e-05,0.0
2020-12-12,Kern,029,883053.0,15,1,8,1,6,0,1,0,12,1,14,1,2,0,1.3589218314189522e-05,1.5854088033221108e-05,2.264869719031587e-06
2020-12-12,Kings,031,150075.0,4,0,3,0,1,0,0,0,4,0,4,0,0,0,2.665333999666833e-05,2.665333999666833e-05,0.0
2020-12-12,Lake,033,64148.0,3,0,3,0,0,0,0,0,1,0,2,0,1,0,1.558895055184885e-05,3.11779011036977e-05,1.558895055184885e-05
2020-12-12,Lassen,035,31185.0,2,0,0,0,2,0,0,0,0,0,1,0,1,0,0.0,3.20666987333654e-05,3.20666987333654e-05
2020-12-12,Los Angeles,037,10098052.0,1291,22,929,16,222,4,140,2,434,19,936,21,502,2,4.297858636497416e-05,9.26911447871332e-05,4.9712558422159047e-05
2020-12-12,Madera,039,155013.0,8,0,5,0,2,0,1,0,5,0,6,0,1,0,3.225535922793572e-05,3.8706431073522864e-05,6.451071845587144e-06
2020-12-12,Marin,041,260295.0,23,0,15,0,6,0,2,0,13,0,19,0,6,0,4.994333352542308e-05,7.299410284484912e-05,2.305076931942604e-05
2020-12-12,Mariposa,043,17540.0,4,0,4,0,0,0,0,0,2,0,3,0,1,0,0.0001140250855188,0.0001710376282782,5.701254275940707e-05
2020-12-12,Mendocino,045,87422.0,6,0,5,0,1,0,0,0,6,0,6,0,0,0,6.86326096405939e-05,6.86326096405939e-05,0.0
2020-12-12,Merced,047,269075.0,18,0,11,0,7,0,0,0,10,0,14,0,4,0,3.71643593793552e-05,5.203010313109728e-05,1.486574375174208e-05
2020-12-12,Modoc,049,8938.0,0,0,0,0,0,0,0,0,0,0,0,0,0,0,0.0,0.0,0.0
2020-12-12,Mono,051,14174.0,1,0,1,0,0,0,0,0,1,0,1,0,0,0,7.055171440666009e-05,7.055171440666009e-05,0.0
2020-12-12,Monterey,053,433212.0,7,0,3,0,4,0,0,0,7,0,7,0,0,0,1.615837049758548e-05,1.615837049758548e-05,0.0
2020-12-12,Napa,055,140530.0,7,1,4,1,2,0,1,0,6,1,7,1,1,0,4.269550985554686e-05,4.9811428164804665e-05,7.11591830925781e-06
2020-12-12,Nevada,057,99092.0,3,0,3,0,0,0,0,0,1,0,2,0,1,0,1.009163201873007e-05,2.018326403746014e-05,1.009163201873007e-05
2020-12-12,Orange,059,3164182.0,408,3,257,1,77,1,74,1,157,2,321,3,164,1,4.961787912326156e-05,0.000101448020373,5.1830141249776405e-05
2020-12-12,Placer,061,380077.0,34,0,26,0,7,0,1,0,6,0,21,0,15,0,1.5786274886404598e-05,5.525196210241609e-05,3.946568721601149e-05
2020-12-12,Plumas,063,18699.0,1,1,0,0,1,1,0,0,1,1,1,1,0,0,5.3478795657521794e-05,5.3478795657521794e-05,0.0
2020-12-12,Riverside,065,2383286.0,117,4,57,1,56,3,4,0,49,4,86,4,37,0,2.055984888091484e-05,3.60846327297689e-05,1.5524783848854062e-05
2020-12-12,Sacramento,067,1510023.0,263,2,175,1,82,0,6,1,49,1,159,2,110,1,3.2449836856789595e-05,0.0001052964093924,7.284657253565012e-05
2020-12-12,San Benito,069,59416.0,1,0,1,0,0,0,0,0,1,0,1,0,0,0,1.6830483371482428e-05,1.6830483371482428e-05,0.0
2020-12-12,San Bernardino,071,2135413.0,71,2,22,1,45,1,4,0,38,2,57,2,19,0,1.779515250679845e-05,2.669272876019768e-05,8.897576253399226e-06
2020-12-12,San Diego,073,3302833.0,1012,18,387,13,479,5,146,0,197,17,672,17,475,1,5.964576471168842e-05,0.000203461694854,0.0001438159301423
2020-12-12,San Francisco,075,870044.0,91,3,59,3,24,0,8,0,35,2,67,3,32,1,4.0227850545489657e-05,7.700759961565162e-05,3.677974907016197e-05
2020-12-12,San Joaquin,077,732212.0,41,1,30,0,11,1,0,0,24,1,33,1,9,0,3.277739233992341e-05,4.506891446739469e-05,1.2291522127471278e-05
2020-12-12,San Luis Obispo,079,281455.0,14,0,4,0,10,0,0,0,10,0,12,0,2,0,3.552965838233465e-05,4.2635590058801584e-05,7.10593167646693e-06
2020-12-12,San Mateo,081,765935.0,92,5,56,5,13,0,23,0,27,5,71,5,44,0,3.525103305110747e-05,9.269716098624556e-05,5.74461279351381e-05
2020-12-12,Santa Barbara,083,443738.0,18,2,11,2,5,0,2,0,14,2,17,2,3,0,3.155014896177474e-05,3.8310895167869325e-05,6.760746206094587e-06
2020-12-12,Santa Clara,085,1922200.0,258,2,200,2,19,0,39,0,66,2,183,2,117,0,3.4335657059619186e-05,9.520341275621684e-05,6.086775569659765e-05
2020-12-12,Santa Cruz,087,273765.0,15,0,7,0,4,0,4,0,8,0,14,0,6,0,2.922214307891805e-05,5.113875038810659e-05,2.191660730918854e-05
2020-12-12,Shasta,089,179085.0,359,0,143,0,216,0,0,0,7,0,183,0,176,0,3.908758410810509e-05,0.0010218611273976,0.0009827735432894
2020-12-12,Sierra,091,2930.0,1,0,0,0,1,0,0,0,1,0,1,0,0,0,0.0003412969283276,0.0003412969283276,0.0
2020-12-12,Siskiyou,093,43540.0,13,0,8,0,4,0,1,0,0,0,7,0,7,0,0.0,0.00016077170418,0.00016077170418
2020-12-12,Solano,095,438530.0,15,1,11,1,3,0,1,0,8,1,12,1,4,0,1.8242765603265456e-05,2.7364148404898184e-05,9.121382801632728e-06
2020-12-12,Sonoma,097,501317.0,24,0,17,0,7,0,0,0,19,0,22,0,3,0,3.790017094971845e-05,4.388440846809504e-05,5.984237518376596e-06
2020-12-12,Stanislaus,099,539301.0,37,0,28,0,9,0,0,0,25,0,31,0,6,0,4.6356301953825416e-05,5.748181442274351e-05,1.11255124689181e-05
2020-12-12,Sutter,101,95872.0,4,0,2,0,2,0,0,0,2,0,3,0,1,0,2.0861148197596795e-05,3.12917222963952e-05,1.0430574098798398e-05
2020-12-12,Tehama,103,63373.0,27,0,8,0,19,0,0,0,1,0,14,0,13,0,1.5779590677417828e-05,0.0002209142694838,0.0002051346788064
2020-12-12,Trinity,105,12862.0,2,0,0,0,2,0,0,0,0,0,1,0,1,0,0.0,7.774840615767377e-05,7.774840615767377e-05
2020-12-12,Tulare,107,460477.0,8,0,3,0,5,0,0,0,6,0,7,0,1,0,1.3029966751868171e-05,1.5201627877179532e-05,2.171661125311362e-06
2020-12-12,Tuolumne,109,53932.0,6,0,3,0,3,0,0,0,6,0,6,0,0,0,0.0001112512052213,0.0001112512052213,0.0
2020-12-12,Ventura,111,848112.0,63,0,44,0,15,0,4,0,29,0,48,0,19,0,3.419359707208482e-05,5.659629860207143e-05,2.2402701529986605e-05
2020-12-12,Yolo,113,214977.0,66,1,45,1,21,0,0,0,6,1,36,1,30,0,2.790996246110049e-05,0.0001674597747666,0.0001395498123055
2020-12-12,Yuba,115,75493.0,2,0,0,0,2,0,0,0,0,0,1,0,1,0,0.0,1.3246261242764227e-05,1.3246261242764227e-05
2020-12-11,Alameda,001,1643700.0,133,3,108,2,13,0,12,1,34,2,89,3,55,1,2.068503984912089e-05,5.414613372269879e-05,3.34610938735779e-05
2020-12-11,Alpine,003,1148.0,0,0,0,0,0,0,0,0,0,0,0,0,0,0,0.0,0.0,0.0
2020-12-11,Amador,005,37829.0,4,0,4,0,0,0,0,0,4,0,4,0,0,0,0.0001057389833196,0.0001057389833196,0.0
2020-12-11,Butte,007,227075.0,27,0,14,0,13,0,0,0,15,0,21,0,6,0,6.605746999889905e-05,9.248045799845864e-05,2.6422987999559612e-05
2020-12-11,Calaveras,009,45235.0,5,0,4,0,1,0,0,0,5,0,5,0,0,0,0.0001105338786338,0.0001105338786338,0.0
2020-12-11,Colusa,011,21464.0,0,0,0,0,0,0,0,0,0,0,0,0,0,0,0.0,0.0,0.0
2020-12-11,Contra Costa,013,1133247.0,158,1,127,0,20,0,11,1,32,0,101,1,69,1,2.8237445146556752e-05,8.912443624381975e-05,6.0886991097263e-05
2020-12-11,Del Norte,015,27424.0,3,0,2,0,1,0,0,0,1,0,2,0,1,0,3.646441073512252e-05,7.292882147024503e-05,3.646441073512252e-05
2020-12-11,El Dorado,017,186661.0,25,0,9,0,14,0,2,0,9,0,18,0,9,0,4.8215749406678415e-05,9.643149881335684e-05,4.8215749406678415e-05
2020-12-11,Fresno,019,978130.0,23,1,14,1,9,0,0,0,15,1,19,1,4,0,1.5335384867042212e-05,1.94248208315868e-05,4.08943596454459e-06
2020-12-11,Glenn,021,27897.0,5,0,3,0,2,0,0,0,1,0,3,0,2,0,3.58461483313618e-05,0.000107538444994,7.169229666272359e-05
2020-12-11,Humboldt,023,135768.0,6,0,4,0,2,0,0,0,6,0,6,0,0,0,4.4193035177656e-05,4.4193035177656e-05,0.0
2020-12-11,Imperial,025,180216.0,6,0,2,0,4,0,0,0,6,0,6,0,0,0,3.329338127580237e-05,3.329338127580237e-05,0.0
2020-12-11,Inyo,027,18085.0,1,0,1,0,0,0,0,0,1,0,1,0,0,0,5.52944429084877e-05,5.52944429084877e-05,0.0
2020-12-11,Kern,029,883053.0,14,0,7,0,6,0,1,0,11,0,13,0,2,0,1.2456783454673728e-05,1.4721653173705315e-05,2.264869719031587e-06
2020-12-11,Kings,031,150075.0,4,0,3,0,1,0,0,0,4,0,4,0,0,0,2.665333999666833e-05,2.665333999666833e-05,0.0
2020-12-11,Lake,033,64148.0,3,0,3,0,0,0,0,0,1,0,2,0,1,0,1.558895055184885e-05,3.11779011036977e-05,1.558895055184885e-05
2020-12-11,Lassen,035,31185.0,2,0,0,0,2,0,0,0,0,0,1,0,1,0,0.0,3.20666987333654e-05,3.20666987333654e-05
2020-12-11,Los Angeles,037,10098052.0,1269,22,913,9,218,2,138,11,415,11,915,22,500,11,4.1097035348996025e-05,9.061153576947316e-05,4.951450042047714e-05
2020-12-11,Madera,039,155013.0,8,0,5,0,2,0,1,0,5,0,6,0,1,0,3.225535922793572e-05,3.8706431073522864e-05,6.451071845587144e-06
2020-12-11,Marin,041,260295.0,23,0,15,0,6,0,2,0,13,0,19,0,6,0,4.994333352542308e-05,7.299410284484912e-05,2.305076931942604e-05
2020-12-11,Mariposa,043,17540.0,4,0,4,0,0,0,0,0,2,0,3,0,1,0,0.0001140250855188,0.0001710376282782,5.701254275940707e-05
2020-12-11,Mendocino,045,87422.0,6,0,5,0,1,0,0,0,6,0,6,0,0,0,6.86326096405939e-05,6.86326096405939e-05,0.0
2020-12-11,Merced,047,269075.0,18,2,11,2,7,0,0,0,10,2,14,2,4,0,3.71643593793552e-05,5.203010313109728e-05,1.486574375174208e-05
2020-12-11,Modoc,049,8938.0,0,0,0,0,0,0,0,0,0,0,0,0,0,0,0.0,0.0,0.0
2020-12-11,Mono,051,14174.0,1,0,1,0,0,0,0,0,1,0,1,0,0,0,7.055171440666009e-05,7.055171440666009e-05,0.0
2020-12-11,Monterey,053,433212.0,7,1,3,1,4,0,0,0,7,1,7,1,0,0,1.615837049758548e-05,1.615837049758548e-05,0.0
2020-12-11,Napa,055,140530.0,6,0,3,0,2,0,1,0,5,0,6,0,1,0,3.557959154628905e-05,4.269550985554686e-05,7.11591830925781e-06
2020-12-11,Nevada,057,99092.0,3,1,3,1,0,0,0,0,1,1,2,1,1,0,1.009163201873007e-05,2.018326403746014e-05,1.009163201873007e-05
2020-12-11,Orange,059,3164182.0,405,8,256,4,76,1,73,3,155,5,318,8,163,3,4.89858042299716e-05,0.0001004999080331,5.151410380313142e-05
2020-12-11,Placer,061,380077.0,34,2,26,0,7,1,1,1,6,1,21,2,15,1,1.5786274886404598e-05,5.525196210241609e-05,3.946568721601149e-05
2020-12-11,Plumas,063,18699.0,0,0,0,0,0,0,0,0,0,0,0,0,0,0,0.0,0.0,0.0
2020-12-11,Riverside,065,2383286.0,113,2,56,2,53,0,4,0,45,2,82,2,37,0,1.888149387022791e-05,3.440627771908197e-05,1.5524783848854062e-05
2020-12-11,Sacramento,067,1510023.0,261,2,174,1,82,0,5,1,48,1,157,2,109,1,3.1787595288283686e-05,0.0001039719262554,7.21843309671442e-05
2020-12-11,San Benito,069,59416.0,1,0,1,0,0,0,0,0,1,0,1,0,0,0,1.6830483371482428e-05,1.6830483371482428e-05,0.0
2020-12-11,San Bernardino,071,2135413.0,69,2,21,0,44,2,4,0,36,2,55,2,19,0,1.6858565532756428e-05,2.5756141786155654e-05,8.897576253399226e-06
2020-12-11,San Diego,073,3302833.0,994,12,374,3,474,1,146,8,181,4,655,12,474,8,5.480143864373403e-05,0.0001983145984068,0.0001435131597631
2020-12-11,San Francisco,075,870044.0,88,2,56,0,24,1,8,1,33,1,64,2,31,1,3.792911622860453e-05,7.355949814032394e-05,3.563038191171941e-05
2020-12-11,San Joaquin,077,732212.0,40,4,30,3,10,1,0,0,23,3,32,3,9,1,3.141166765909327e-05,4.370318978656455e-05,1.2291522127471278e-05
2020-12-11,San Luis Obispo,079,281455.0,14,1,4,0,10,1,0,0,10,1,12,1,2,0,3.552965838233465e-05,4.2635590058801584e-05,7.10593167646693e-06
2020-12-11,San Mateo,081,765935.0,87,3,51,0,13,0,23,3,22,0,66,3,44,3,2.872306396756905e-05,8.616919190270715e-05,5.74461279351381e-05
2020-12-11,Santa Barbara,083,443738.0,16,0,9,0,5,0,2,0,12,0,15,0,3,0,2.7042984824378348e-05,3.380373103047294e-05,6.760746206094587e-06
2020-12-11,Santa Clara,085,1922200.0,256,3,198,1,19,0,39,2,64,0,181,3,117,3,3.329518260326709e-05,9.416293829986474e-05,6.086775569659765e-05
2020-12-11,Santa Cruz,087,273765.0,15,0,7,0,4,0,4,0,8,0,14,0,6,0,2.922214307891805e-05,5.113875038810659e-05,2.191660730918854e-05
2020-12-11,Shasta,089,179085.0,359,0,143,0,216,0,0,0,7,0,183,0,176,0,3.908758410810509e-05,0.0010218611273976,0.0009827735432894
2020-12-11,Sierra,091,2930.0,1,0,0,0,1,0,0,0,1,0,1,0,0,0,0.0003412969283276,0.0003412969283276,0.0
2020-12-11,Siskiyou,093,43540.0,13,0,8,0,4,0,1,0,0,0,7,0,7,0,0.0,0.00016077170418,0.00016077170418
2020-12-11,Solano,095,438530.0,14,1,10,0,3,0,1,1,7,0,11,1,4,1,1.5962419902857274e-05,2.508380270449e-05,9.121382801632728e-06
2020-12-11,Sonoma,097,501317.0,24,0,17,0,7,0,0,0,19,0,22,0,3,0,3.790017094971845e-05,4.388440846809504e-05,5.984237518376596e-06
2020-12-11,Stanislaus,099,539301.0,37,1,28,1,9,0,0,0,25,1,31,1,6,0,4.6356301953825416e-05,5.748181442274351e-05,1.11255124689181e-05
2020-12-11,Sutter,101,95872.0,4,0,2,0,2,0,0,0,2,0,3,0,1,0,2.0861148197596795e-05,3.12917222963952e-05,1.0430574098798398e-05
2020-12-11,Tehama,103,63373.0,27,1,8,1,19,0,0,0,1,0,14,0,13,1,1.5779590677417828e-05,0.0002209142694838,0.0002051346788064
2020-12-11,Trinity,105,12862.0,2,0,0,0,2,0,0,0,0,0,1,0,1,0,0.0,7.774840615767377e-05,7.774840615767377e-05
2020-12-11,Tulare,107,460477.0,8,2,3,1,5,1,0,0,6,2,7,2,1,0,1.3029966751868171e-05,1.5201627877179532e-05,2.171661125311362e-06
2020-12-11,Tuolumne,109,53932.0,6,0,3,0,3,0,0,0,6,0,6,0,0,0,0.0001112512052213,0.0001112512052213,0.0
2020-12-11,Ventura,111,848112.0,63,1,44,1,15,0,4,0,29,1,48,1,19,0,3.419359707208482e-05,5.659629860207143e-05,2.2402701529986605e-05
2020-12-11,Yolo,113,214977.0,65,0,44,0,21,0,0,0,5,0,35,0,30,0,2.3258302050917078e-05,0.0001628081143564,0.0001395498123055
2020-12-11,Yuba,115,75493.0,2,0,0,0,2,0,0,0,0,0,1,0,1,0,0.0,1.3246261242764227e-05,1.3246261242764227e-05
2020-12-10,Alameda,001,1643700.0,130,1,106,1,13,0,11,0,32,1,86,1,54,0,1.94682727991726e-05,5.232098314777636e-05,3.285271034860376e-05
2020-12-10,Alpine,003,1148.0,0,0,0,0,0,0,0,0,0,0,0,0,0,0,0.0,0.0,0.0
2020-12-10,Amador,005,37829.0,4,0,4,0,0,0,0,0,4,0,4,0,0,0,0.0001057389833196,0.0001057389833196,0.0
2020-12-10,Butte,007,227075.0,27,0,14,0,13,0,0,0,15,0,21,0,6,0,6.605746999889905e-05,9.248045799845864e-05,2.6422987999559612e-05
2020-12-10,Calaveras,009,45235.0,5,0,4,0,1,0,0,0,5,0,5,0,0,0,0.0001105338786338,0.0001105338786338,0.0
2020-12-10,Colusa,011,21464.0,0,0,0,0,0,0,0,0,0,0,0,0,0,0,0.0,0.0,0.0
2020-12-10,Contra Costa,013,1133247.0,157,2,127,1,20,0,10,1,32,1,100,2,68,1,2.8237445146556752e-05,8.824201608298985e-05,6.00045709364331e-05
2020-12-10,Del Norte,015,27424.0,3,0,2,0,1,0,0,0,1,0,2,0,1,0,3.646441073512252e-05,7.292882147024503e-05,3.646441073512252e-05
2020-12-10,El Dorado,017,186661.0,25,0,9,0,14,0,2,0,9,0,18,0,9,0,4.8215749406678415e-05,9.643149881335684e-05,4.8215749406678415e-05
2020-12-10,Fresno,019,978130.0,22,0,13,0,9,0,0,0,14,0,18,0,4,0,1.4313025875906066e-05,1.8402461840450656e-05,4.08943596454459e-06
2020-12-10,Glenn,021,27897.0,5,0,3,0,2,0,0,0,1,0,3,0,2,0,3.58461483313618e-05,0.000107538444994,7.169229666272359e-05
2020-12-10,Humboldt,023,135768.0,6,1,4,0,2,1,0,0,6,1,6,1,0,0,4.4193035177656e-05,4.4193035177656e-05,0.0
2020-12-10,Imperial,025,180216.0,6,0,2,0,4,0,0,0,6,0,6,0,0,0,3.329338127580237e-05,3.329338127580237e-05,0.0
2020-12-10,Inyo,027,18085.0,1,0,1,0,0,0,0,0,1,0,1,0,0,0,5.52944429084877e-05,5.52944429084877e-05,0.0
2020-12-10,Kern,029,883053.0,14,1,7,0,6,1,1,0,11,1,13,1,2,0,1.2456783454673728e-05,1.4721653173705315e-05,2.264869719031587e-06
2020-12-10,Kings,031,150075.0,4,0,3,0,1,0,0,0,4,0,4,0,0,0,2.665333999666833e-05,2.665333999666833e-05,0.0
2020-12-10,Lake,033,64148.0,3,0,3,0,0,0,0,0,1,0,2,0,1,0,1.558895055184885e-05,3.11779011036977e-05,1.558895055184885e-05
2020-12-10,Lassen,035,31185.0,2,0,0,0,2,0,0,0,0,0,1,0,1,0,0.0,3.20666987333654e-05,3.20666987333654e-05
2020-12-10,Los Angeles,037,10098052.0,1247,17,904,10,216,1,127,6,404,10,893,17,489,8,4.000771633974553e-05,8.843289775097216e-05,4.842518141122664e-05
2020-12-10,Madera,039,155013.0,8,0,5,0,2,0,1,0,5,0,6,0,1,0,3.225535922793572e-05,3.8706431073522864e-05,6.451071845587144e-06
2020-12-10,Marin,041,260295.0,23,1,15,1,6,0,2,0,13,1,19,1,6,0,4.994333352542308e-05,7.299410284484912e-05,2.305076931942604e-05
2020-12-10,Mariposa,043,17540.0,4,0,4,0,0,0,0,0,2,0,3,0,1,0,0.0001140250855188,0.0001710376282782,5.701254275940707e-05
2020-12-10,Mendocino,045,87422.0,6,0,5,0,1,0,0,0,6,0,6,0,0,0,6.86326096405939e-05,6.86326096405939e-05,0.0
2020-12-10,Merced,047,269075.0,16,0,9,0,7,0,0,0,8,0,12,0,4,0,2.973148750348416e-05,4.459723125522624e-05,1.486574375174208e-05
2020-12-10,Modoc,049,8938.0,0,0,0,0,0,0,0,0,0,0,0,0,0,0,0.0,0.0,0.0
2020-12-10,Mono,051,14174.0,1,0,1,0,0,0,0,0,1,0,1,0,0,0,7.055171440666009e-05,7.055171440666009e-05,0.0
2020-12-10,Monterey,053,433212.0,6,0,2,0,4,0,0,0,6,0,6,0,0,0,1.3850031855073266e-05,1.3850031855073266e-05,0.0
2020-12-10,Napa,055,140530.0,6,0,3,0,2,0,1,0,5,0,6,0,1,0,3.557959154628905e-05,4.269550985554686e-05,7.11591830925781e-06
2020-12-10,Nevada,057,99092.0,2,0,2,0,0,0,0,0,0,0,1,0,1,0,0.0,1.009163201873007e-05,1.009163201873007e-05
2020-12-10,Orange,059,3164182.0,397,7,252,0,75,3,70,4,150,3,310,7,160,4,4.740561699674671e-05,9.79716084599432e-05,5.056599146319649e-05
2020-12-10,Placer,061,380077.0,32,0,26,0,6,0,0,0,5,0,19,0,14,0,1.3155229072003831e-05,4.998987047361456e-05,3.683464140161073e-05
2020-12-10,Plumas,063,18699.0,0,0,0,0,0,0,0,0,0,0,0,0,0,0,0.0,0.0,0.0
2020-12-10,Riverside,065,2383286.0,111,1,54,1,53,0,4,0,43,1,80,1,37,0,1.804231636488445e-05,3.356710021373851e-05,1.5524783848854062e-05
2020-12-10,Sacramento,067,1510023.0,259,3,173,3,82,0,4,0,47,3,155,3,108,0,3.112535371977778e-05,0.0001026474431184,7.15220893986383e-05
2020-12-10,San Benito,069,59416.0,1,0,1,0,0,0,0,0,1,0,1,0,0,0,1.6830483371482428e-05,1.6830483371482428e-05,0.0
2020-12-10,San Bernardino,071,2135413.0,67,0,21,0,42,0,4,0,34,1,53,1,19,0,1.59219785587144e-05,2.4819554812113627e-05,8.897576253399226e-06
2020-12-10,San Diego,073,3302833.0,982,21,371,9,473,0,138,12,177,8,643,19,466,11,5.359035712674543e-05,0.0001946813538559,0.0001410909967291
2020-12-10,San Francisco,075,870044.0,86,5,56,2,23,0,7,3,32,2,62,5,30,3,3.677974907016197e-05,7.126076382343882e-05,3.4481014753276845e-05
2020-12-10,San Joaquin,077,732212.0,36,0,27,0,9,0,0,0,21,0,29,0,8,0,2.8680218297432983e-05,3.960601574407412e-05,1.0925797446641135e-05
2020-12-10,San Luis Obispo,079,281455.0,13,0,4,0,9,0,0,0,9,0,11,0,2,0,3.197669254410119e-05,3.908262422056812e-05,7.10593167646693e-06
2020-12-10,San Mateo,081,765935.0,84,5,51,0,13,2,20,3,22,2,63,5,41,3,2.872306396756905e-05,8.22524104525841e-05,5.3529346485015045e-05
2020-12-10,Santa Barbara,083,443738.0,16,0,9,0,5,0,2,0,12,0,15,0,3,0,2.7042984824378348e-05,3.380373103047294e-05,6.760746206094587e-06
2020-12-10,Santa Clara,085,1922200.0,253,3,197,1,19,0,37,2,64,1,178,3,114,2,3.329518260326709e-05,9.26022266153366e-05,5.93070440120695e-05
2020-12-10,Santa Cruz,087,273765.0,15,1,7,1,4,0,4,0,8,1,14,1,6,0,2.922214307891805e-05,5.113875038810659e-05,2.191660730918854e-05
2020-12-10,Shasta,089,179085.0,359,0,143,0,216,0,0,0,7,0,183,0,176,0,3.908758410810509e-05,0.0010218611273976,0.0009827735432894
2020-12-10,Sierra,091,2930.0,1,0,0,0,1,0,0,0,1,0,1,0,0,0,0.0003412969283276,0.0003412969283276,0.0
2020-12-10,Siskiyou,093,43540.0,13,0,8,0,4,0,1,0,0,0,7,0,7,0,0.0,0.00016077170418,0.00016077170418
2020-12-10,Solano,095,438530.0,13,1,10,0,3,1,0,0,7,1,10,1,3,0,1.5962419902857274e-05,2.280345700408182e-05,6.841037101224546e-06
2020-12-10,Sonoma,097,501317.0,24,0,17,0,7,0,0,0,19,0,22,0,3,0,3.790017094971845e-05,4.388440846809504e-05,5.984237518376596e-06
2020-12-10,Stanislaus,099,539301.0,36,0,27,0,9,0,0,0,24,0,30,0,6,0,4.45020498756724e-05,5.56275623445905e-05,1.11255124689181e-05
2020-12-10,Sutter,101,95872.0,4,0,2,0,2,0,0,0,2,0,3,0,1,0,2.0861148197596795e-05,3.12917222963952e-05,1.0430574098798398e-05
2020-12-10,Tehama,103,63373.0,26,0,7,0,19,0,0,0,2,0,14,0,12,0,3.1559181354835657e-05,0.0002209142694838,0.000189355088129
2020-12-10,Trinity,105,12862.0,2,0,0,0,2,0,0,0,0,0,1,0,1,0,0.0,7.774840615767377e-05,7.774840615767377e-05
2020-12-10,Tulare,107,460477.0,6,0,2,0,4,0,0,0,4,0,5,0,1,0,8.686644501245448e-06,1.085830562655681e-05,2.171661125311362e-06
2020-12-10,Tuolumne,109,53932.0,6,0,3,0,3,0,0,0,6,0,6,0,0,0,0.0001112512052213,0.0001112512052213,0.0
2020-12-10,Ventura,111,848112.0,62,2,43,1,15,1,4,0,28,2,47,2,19,0,3.3014507517874995e-05,5.54172090478616e-05,2.2402701529986605e-05
2020-12-10,Yolo,113,214977.0,65,0,44,0,21,0,0,0,5,0,35,0,30,0,2.3258302050917078e-05,0.0001628081143564,0.0001395498123055
2020-12-10,Yuba,115,75493.0,2,0,0,0,2,0,0,0,0,0,1,0,1,0,0.0,1.3246261242764227e-05,1.3246261242764227e-05
2020-12-09,Alameda,001,1643700.0,129,2,105,0,13,0,11,2,31,0,85,2,54,2,1.885988927419845e-05,5.171259962280221e-05,3.285271034860376e-05
2020-12-09,Alpine,003,1148.0,0,0,0,0,0,0,0,0,0,0,0,0,0,0,0.0,0.0,0.0
2020-12-09,Amador,005,37829.0,4,0,4,0,0,0,0,0,4,0,4,0,0,0,0.0001057389833196,0.0001057389833196,0.0
2020-12-09,Butte,007,227075.0,27,0,14,0,13,0,0,0,15,0,21,0,6,0,6.605746999889905e-05,9.248045799845864e-05,2.6422987999559612e-05
2020-12-09,Calaveras,009,45235.0,5,0,4,0,1,0,0,0,5,0,5,0,0,0,0.0001105338786338,0.0001105338786338,0.0
2020-12-09,Colusa,011,21464.0,0,0,0,0,0,0,0,0,0,0,0,0,0,0,0.0,0.0,0.0
2020-12-09,Contra Costa,013,1133247.0,155,2,126,0,20,0,9,2,31,0,98,2,67,2,2.735502498572685e-05,8.647717576133006e-05,5.91221507756032e-05
2020-12-09,Del Norte,015,27424.0,3,0,2,0,1,0,0,0,1,0,2,0,1,0,3.646441073512252e-05,7.292882147024503e-05,3.646441073512252e-05
2020-12-09,El Dorado,017,186661.0,25,0,9,0,14,0,2,0,9,0,18,0,9,0,4.8215749406678415e-05,9.643149881335684e-05,4.8215749406678415e-05
2020-12-09,Fresno,019,978130.0,22,1,13,1,9,0,0,0,14,1,18,1,4,0,1.4313025875906066e-05,1.8402461840450656e-05,4.08943596454459e-06
2020-12-09,Glenn,021,27897.0,5,0,3,0,2,0,0,0,1,0,3,0,2,0,3.58461483313618e-05,0.000107538444994,7.169229666272359e-05
2020-12-09,Humboldt,023,135768.0,5,0,4,0,1,0,0,0,5,0,5,0,0,0,3.6827529314713335e-05,3.6827529314713335e-05,0.0
2020-12-09,Imperial,025,180216.0,6,0,2,0,4,0,0,0,6,0,6,0,0,0,3.329338127580237e-05,3.329338127580237e-05,0.0
2020-12-09,Inyo,027,18085.0,1,0,1,0,0,0,0,0,1,0,1,0,0,0,5.52944429084877e-05,5.52944429084877e-05,0.0
2020-12-09,Kern,029,883053.0,13,0,7,0,5,0,1,0,10,0,12,0,2,0,1.1324348595157936e-05,1.3589218314189522e-05,2.264869719031587e-06
2020-12-09,Kings,031,150075.0,4,0,3,0,1,0,0,0,4,0,4,0,0,0,2.665333999666833e-05,2.665333999666833e-05,0.0
2020-12-09,Lake,033,64148.0,3,0,3,0,0,0,0,0,1,0,2,0,1,0,1.558895055184885e-05,3.11779011036977e-05,1.558895055184885e-05
2020-12-09,Lassen,035,31185.0,2,0,0,0,2,0,0,0,0,0,1,0,1,0,0.0,3.20666987333654e-05,3.20666987333654e-05
2020-12-09,Los Angeles,037,10098052.0,1230,7,894,6,215,1,121,0,395,7,876,7,481,0,3.911645533217694e-05,8.674940473667594e-05,4.763294940449901e-05
2020-12-09,Madera,039,155013.0,8,0,5,0,2,0,1,0,5,0,6,0,1,0,3.225535922793572e-05,3.8706431073522864e-05,6.451071845587144e-06
2020-12-09,Marin,041,260295.0,22,0,14,0,6,0,2,0,12,0,18,0,6,0,4.610153863885207e-05,6.91523079582781e-05,2.305076931942604e-05
2020-12-09,Mariposa,043,17540.0,4,0,4,0,0,0,0,0,2,0,3,0,1,0,0.0001140250855188,0.0001710376282782,5.701254275940707e-05
2020-12-09,Mendocino,045,87422.0,6,0,5,0,1,0,0,0,6,0,6,0,0,0,6.86326096405939e-05,6.86326096405939e-05,0.0
2020-12-09,Merced,047,269075.0,16,1,9,0,7,1,0,0,8,1,12,1,4,0,2.973148750348416e-05,4.459723125522624e-05,1.486574375174208e-05
2020-12-09,Modoc,049,8938.0,0,0,0,0,0,0,0,0,0,0,0,0,0,0,0.0,0.0,0.0
2020-12-09,Mono,051,14174.0,1,0,1,0,0,0,0,0,1,0,1,0,0,0,7.055171440666009e-05,7.055171440666009e-05,0.0
2020-12-09,Monterey,053,433212.0,6,1,2,1,4,0,0,0,6,1,6,1,0,0,1.3850031855073266e-05,1.3850031855073266e-05,0.0
2020-12-09,Napa,055,140530.0,6,1,3,1,2,0,1,0,5,1,6,1,1,0,3.557959154628905e-05,4.269550985554686e-05,7.11591830925781e-06
2020-12-09,Nevada,057,99092.0,2,0,2,0,0,0,0,0,0,0,1,0,1,0,0.0,1.009163201873007e-05,1.009163201873007e-05
2020-12-09,Orange,059,3164182.0,390,6,252,4,72,1,66,1,147,5,303,6,156,1,4.6457504656811775e-05,9.575934633342836e-05,4.930184167661658e-05
2020-12-09,Placer,061,380077.0,32,0,26,0,6,0,0,0,5,0,19,0,14,0,1.3155229072003831e-05,4.998987047361456e-05,3.683464140161073e-05
2020-12-09,Plumas,063,18699.0,0,0,0,0,0,0,0,0,0,0,0,0,0,0,0.0,0.0,0.0
2020-12-09,Riverside,065,2383286.0,110,2,53,2,53,0,4,0,42,2,79,2,37,0,1.7622727612212718e-05,3.3147511461066777e-05,1.5524783848854062e-05
2020-12-09,Sacramento,067,1510023.0,256,3,170,2,82,0,4,1,44,0,152,1,108,3,2.913862901426005e-05,0.0001006607184128,7.15220893986383e-05
2020-12-09,San Benito,069,59416.0,1,0,1,0,0,0,0,0,1,0,1,0,0,0,1.6830483371482428e-05,1.6830483371482428e-05,0.0
2020-12-09,San Bernardino,071,2135413.0,67,0,21,0,42,0,4,0,33,0,52,0,19,0,1.545368507169339e-05,2.4351261325092616e-05,8.897576253399226e-06
2020-12-09,San Diego,073,3302833.0,961,7,362,4,473,1,126,2,169,5,624,7,455,2,5.116819409276824e-05,0.0001889287166502,0.0001377605225574
2020-12-09,San Francisco,075,870044.0,81,1,54,0,23,1,4,0,30,1,57,1,27,0,3.4481014753276845e-05,6.551392803122601e-05,3.103291327794916e-05
2020-12-09,San Joaquin,077,732212.0,36,0,27,0,9,0,0,0,21,0,29,0,8,0,2.8680218297432983e-05,3.960601574407412e-05,1.0925797446641135e-05
2020-12-09,San Luis Obispo,079,281455.0,13,0,4,0,9,0,0,0,9,0,11,0,2,0,3.197669254410119e-05,3.908262422056812e-05,7.10593167646693e-06
2020-12-09,San Mateo,081,765935.0,79,3,51,2,11,1,17,0,20,3,58,3,38,0,2.611187633415368e-05,7.572444136904568e-05,4.9612565034892e-05
2020-12-09,Santa Barbara,083,443738.0,16,0,9,0,5,0,2,0,12,0,15,0,3,0,2.7042984824378348e-05,3.380373103047294e-05,6.760746206094587e-06
2020-12-09,Santa Clara,085,1922200.0,250,6,196,4,19,1,35,1,63,4,175,5,112,2,3.2774945375091044e-05,9.104151493080844e-05,5.826656955571741e-05
2020-12-09,Santa Cruz,087,273765.0,14,0,6,0,4,0,4,0,7,0,13,0,6,0,2.556937519405329e-05,4.7485982503241833e-05,2.191660730918854e-05
2020-12-09,Shasta,089,179085.0,359,0,143,0,216,0,0,0,7,0,183,0,176,0,3.908758410810509e-05,0.0010218611273976,0.0009827735432894
2020-12-09,Sierra,091,2930.0,1,0,0,0,1,0,0,0,1,0,1,0,0,0,0.0003412969283276,0.0003412969283276,0.0
2020-12-09,Siskiyou,093,43540.0,13,0,8,0,4,0,1,0,0,0,7,0,7,0,0.0,0.00016077170418,0.00016077170418
2020-12-09,Solano,095,438530.0,12,1,10,1,2,0,0,0,6,1,9,1,3,0,1.3682074202449092e-05,2.052311130367364e-05,6.841037101224546e-06
2020-12-09,Sonoma,097,501317.0,24,0,17,0,7,0,0,0,19,0,22,0,3,0,3.790017094971845e-05,4.388440846809504e-05,5.984237518376596e-06
2020-12-09,Stanislaus,099,539301.0,36,0,27,0,9,0,0,0,24,0,30,0,6,0,4.45020498756724e-05,5.56275623445905e-05,1.11255124689181e-05
2020-12-09,Sutter,101,95872.0,4,0,2,0,2,0,0,0,2,0,3,0,1,0,2.0861148197596795e-05,3.12917222963952e-05,1.0430574098798398e-05
2020-12-09,Tehama,103,63373.0,26,0,7,0,19,0,0,0,2,0,14,0,12,0,3.1559181354835657e-05,0.0002209142694838,0.000189355088129
2020-12-09,Trinity,105,12862.0,2,0,0,0,2,0,0,0,0,0,1,0,1,0,0.0,7.774840615767377e-05,7.774840615767377e-05
2020-12-09,Tulare,107,460477.0,6,0,2,0,4,0,0,0,4,0,5,0,1,0,8.686644501245448e-06,1.085830562655681e-05,2.171661125311362e-06
2020-12-09,Tuolumne,109,53932.0,6,0,3,0,3,0,0,0,6,0,6,0,0,0,0.0001112512052213,0.0001112512052213,0.0
2020-12-09,Ventura,111,848112.0,60,1,42,1,14,0,4,0,26,1,45,1,19,0,3.065632840945536e-05,5.305902993944196e-05,2.2402701529986605e-05
2020-12-09,Yolo,113,214977.0,65,0,44,0,21,0,0,0,5,0,35,0,30,0,2.3258302050917078e-05,0.0001628081143564,0.0001395498123055
2020-12-09,Yuba,115,75493.0,2,0,0,0,2,0,0,0,0,0,1,0,1,0,0.0,1.3246261242764227e-05,1.3246261242764227e-05
2020-12-08,Alameda,001,1643700.0,127,6,105,3,13,1,9,2,31,4,83,6,52,2,1.885988927419845e-05,5.0495832572853925e-05,3.163594329865547e-05
2020-12-08,Alpine,003,1148.0,0,0,0,0,0,0,0,0,0,0,0,0,0,0,0.0,0.0,0.0
2020-12-08,Amador,005,37829.0,4,0,4,0,0,0,0,0,4,0,4,0,0,0,0.0001057389833196,0.0001057389833196,0.0
2020-12-08,Butte,007,227075.0,27,0,14,0,13,0,0,0,15,0,21,0,6,0,6.605746999889905e-05,9.248045799845864e-05,2.6422987999559612e-05
2020-12-08,Calaveras,009,45235.0,5,0,4,0,1,0,0,0,5,0,5,0,0,0,0.0001105338786338,0.0001105338786338,0.0
2020-12-08,Colusa,011,21464.0,0,0,0,0,0,0,0,0,0,0,0,0,0,0,0.0,0.0,0.0
2020-12-08,Contra Costa,013,1133247.0,153,1,126,0,20,1,7,0,31,1,96,1,65,0,2.735502498572685e-05,8.471233543967026e-05,5.73573104539434e-05
2020-12-08,Del Norte,015,27424.0,3,0,2,0,1,0,0,0,1,0,2,0,1,0,3.646441073512252e-05,7.292882147024503e-05,3.646441073512252e-05
2020-12-08,El Dorado,017,186661.0,25,1,9,0,14,0,2,1,9,0,18,1,9,1,4.8215749406678415e-05,9.643149881335684e-05,4.8215749406678415e-05
2020-12-08,Fresno,019,978130.0,21,1,12,0,9,1,0,0,13,1,17,1,4,0,1.3290666884769918e-05,1.7380102849314507e-05,4.08943596454459e-06
2020-12-08,Glenn,021,27897.0,5,0,3,0,2,0,0,0,1,0,3,0,2,0,3.58461483313618e-05,0.000107538444994,7.169229666272359e-05
2020-12-08,Humboldt,023,135768.0,5,0,4,0,1,0,0,0,5,0,5,0,0,0,3.6827529314713335e-05,3.6827529314713335e-05,0.0
2020-12-08,Imperial,025,180216.0,6,1,2,0,4,1,0,0,6,1,6,1,0,0,3.329338127580237e-05,3.329338127580237e-05,0.0
2020-12-08,Inyo,027,18085.0,1,0,1,0,0,0,0,0,1,0,1,0,0,0,5.52944429084877e-05,5.52944429084877e-05,0.0
2020-12-08,Kern,029,883053.0,13,0,7,0,5,0,1,0,10,0,12,0,2,0,1.1324348595157936e-05,1.3589218314189522e-05,2.264869719031587e-06
2020-12-08,Kings,031,150075.0,4,0,3,0,1,0,0,0,4,0,4,0,0,0,2.665333999666833e-05,2.665333999666833e-05,0.0
2020-12-08,Lake,033,64148.0,3,0,3,0,0,0,0,0,1,0,2,0,1,0,1.558895055184885e-05,3.11779011036977e-05,1.558895055184885e-05
2020-12-08,Lassen,035,31185.0,2,0,0,0,2,0,0,0,0,0,1,0,1,0,0.0,3.20666987333654e-05,3.20666987333654e-05
2020-12-08,Los Angeles,037,10098052.0,1223,34,888,23,214,5,121,6,388,28,869,34,481,6,3.842325232629026e-05,8.605620173078926e-05,4.763294940449901e-05
2020-12-08,Madera,039,155013.0,8,0,5,0,2,0,1,0,5,0,6,0,1,0,3.225535922793572e-05,3.8706431073522864e-05,6.451071845587144e-06
2020-12-08,Marin,041,260295.0,22,1,14,0,6,1,2,0,12,1,18,1,6,0,4.610153863885207e-05,6.91523079582781e-05,2.305076931942604e-05
2020-12-08,Mariposa,043,17540.0,4,0,4,0,0,0,0,0,2,0,3,0,1,0,0.0001140250855188,0.0001710376282782,5.701254275940707e-05
2020-12-08,Mendocino,045,87422.0,6,0,5,0,1,0,0,0,6,0,6,0,0,0,6.86326096405939e-05,6.86326096405939e-05,0.0
2020-12-08,Merced,047,269075.0,15,0,9,0,6,0,0,0,7,0,11,0,4,0,2.601505156554864e-05,4.088079531729072e-05,1.486574375174208e-05
2020-12-08,Modoc,049,8938.0,0,0,0,0,0,0,0,0,0,0,0,0,0,0,0.0,0.0,0.0
2020-12-08,Mono,051,14174.0,1,0,1,0,0,0,0,0,1,0,1,0,0,0,7.055171440666009e-05,7.055171440666009e-05,0.0
2020-12-08,Monterey,053,433212.0,5,0,1,0,4,0,0,0,5,0,5,0,0,0,1.1541693212561055e-05,1.1541693212561055e-05,0.0
2020-12-08,Napa,055,140530.0,5,0,2,0,2,0,1,0,4,0,5,0,1,0,2.846367323703124e-05,3.557959154628905e-05,7.11591830925781e-06
2020-12-08,Nevada,057,99092.0,2,0,2,0,0,0,0,0,0,0,1,0,1,0,0.0,1.009163201873007e-05,1.009163201873007e-05
2020-12-08,Orange,059,3164182.0,384,13,248,4,71,1,65,8,142,5,297,13,155,8,4.487731742358688e-05,9.386312165355848e-05,4.89858042299716e-05
2020-12-08,Placer,061,380077.0,32,0,26,0,6,0,0,0,5,0,19,0,14,0,1.3155229072003831e-05,4.998987047361456e-05,3.683464140161073e-05
2020-12-08,Plumas,063,18699.0,0,0,0,0,0,0,0,0,0,0,0,0,0,0,0.0,0.0,0.0
2020-12-08,Riverside,065,2383286.0,108,7,51,5,53,2,4,0,40,7,77,7,37,0,1.6783550106869255e-05,3.2308333955723314e-05,1.5524783848854062e-05
2020-12-08,Sacramento,067,1510023.0,253,0,168,0,82,0,3,0,46,0,151,0,105,0,3.0463112151271867e-05,9.999847684439244e-05,6.953536469312057e-05
2020-12-08,San Benito,069,59416.0,1,0,1,0,0,0,0,0,1,0,1,0,0,0,1.6830483371482428e-05,1.6830483371482428e-05,0.0
2020-12-08,San Bernardino,071,2135413.0,67,0,21,0,42,0,4,0,33,0,52,0,19,0,1.545368507169339e-05,2.4351261325092616e-05,8.897576253399226e-06
2020-12-08,San Diego,073,3302833.0,954,19,358,5,472,3,124,11,164,8,617,19,453,11,4.965434219653249e-05,0.0001868093239954,0.0001371549817989
2020-12-08,San Francisco,075,870044.0,80,1,54,0,22,1,4,0,29,1,56,1,27,0,3.333164759483429e-05,6.436456087278345e-05,3.103291327794916e-05
2020-12-08,San Joaquin,077,732212.0,36,1,27,1,9,0,0,0,21,1,29,1,8,0,2.8680218297432983e-05,3.960601574407412e-05,1.0925797446641135e-05
2020-12-08,San Luis Obispo,079,281455.0,13,1,4,1,9,0,0,0,9,1,11,1,2,0,3.197669254410119e-05,3.908262422056812e-05,7.10593167646693e-06
2020-12-08,San Mateo,081,765935.0,76,4,49,1,10,0,17,3,17,1,55,4,38,3,2.219509488403063e-05,7.180765991892262e-05,4.9612565034892e-05
2020-12-08,Santa Barbara,083,443738.0,16,0,9,0,5,0,2,0,12,0,15,0,3,0,2.7042984824378348e-05,3.380373103047294e-05,6.760746206094587e-06
2020-12-08,Santa Clara,085,1922200.0,244,4,192,3,18,1,34,0,60,2,170,2,110,2,3.1214233690562896e-05,8.844032878992821e-05,5.722609509936531e-05
2020-12-08,Santa Cruz,087,273765.0,14,1,6,0,4,0,4,1,7,0,13,1,6,1,2.556937519405329e-05,4.7485982503241833e-05,2.191660730918854e-05
2020-12-08,Shasta,089,179085.0,359,0,143,0,216,0,0,0,7,0,183,0,176,0,3.908758410810509e-05,0.0010218611273976,0.0009827735432894
2020-12-08,Sierra,091,2930.0,1,0,0,0,1,0,0,0,1,0,1,0,0,0,0.0003412969283276,0.0003412969283276,0.0
2020-12-08,Siskiyou,093,43540.0,13,0,8,0,4,0,1,0,0,0,7,0,7,0,0.0,0.00016077170418,0.00016077170418
2020-12-08,Solano,095,438530.0,11,0,9,0,2,0,0,0,5,0,8,0,3,0,1.140172850204091e-05,1.8242765603265456e-05,6.841037101224546e-06
2020-12-08,Sonoma,097,501317.0,24,0,17,0,7,0,0,0,19,0,22,0,3,0,3.790017094971845e-05,4.388440846809504e-05,5.984237518376596e-06
2020-12-08,Stanislaus,099,539301.0,36,3,27,2,9,1,0,0,24,3,30,3,6,0,4.45020498756724e-05,5.56275623445905e-05,1.11255124689181e-05
2020-12-08,Sutter,101,95872.0,4,0,2,0,2,0,0,0,2,0,3,0,1,0,2.0861148197596795e-05,3.12917222963952e-05,1.0430574098798398e-05
2020-12-08,Tehama,103,63373.0,26,0,7,0,19,0,0,0,2,0,14,0,12,0,3.1559181354835657e-05,0.0002209142694838,0.000189355088129
2020-12-08,Trinity,105,12862.0,2,0,0,0,2,0,0,0,0,0,1,0,1,0,0.0,7.774840615767377e-05,7.774840615767377e-05
2020-12-08,Tulare,107,460477.0,6,0,2,0,4,0,0,0,4,0,5,0,1,0,8.686644501245448e-06,1.085830562655681e-05,2.171661125311362e-06
2020-12-08,Tuolumne,109,53932.0,6,0,3,0,3,0,0,0,6,0,6,0,0,0,0.0001112512052213,0.0001112512052213,0.0
2020-12-08,Ventura,111,848112.0,59,2,41,1,14,0,4,1,25,1,44,2,19,1,2.947723885524553e-05,5.187994038523214e-05,2.2402701529986605e-05
2020-12-08,Yolo,113,214977.0,65,0,44,0,21,0,0,0,5,0,35,0,30,0,2.3258302050917078e-05,0.0001628081143564,0.0001395498123055
2020-12-08,Yuba,115,75493.0,2,0,0,0,2,0,0,0,0,0,1,0,1,0,0.0,1.3246261242764227e-05,1.3246261242764227e-05
2020-12-07,Alameda,001,1643700.0,121,1,102,1,12,0,7,0,27,1,77,1,50,0,1.642635517430188e-05,4.684553142300906e-05,3.0419176248707186e-05
2020-12-07,Alpine,003,1148.0,0,0,0,0,0,0,0,0,0,0,0,0,0,0,0.0,0.0,0.0
2020-12-07,Amador,005,37829.0,4,0,4,0,0,0,0,0,4,0,4,0,0,0,0.0001057389833196,0.0001057389833196,0.0
2020-12-07,Butte,007,227075.0,27,0,14,0,13,0,0,0,15,0,21,0,6,0,6.605746999889905e-05,9.248045799845864e-05,2.6422987999559612e-05
2020-12-07,Calaveras,009,45235.0,5,0,4,0,1,0,0,0,5,0,5,0,0,0,0.0001105338786338,0.0001105338786338,0.0
2020-12-07,Colusa,011,21464.0,0,0,0,0,0,0,0,0,0,0,0,0,0,0,0.0,0.0,0.0
2020-12-07,Contra Costa,013,1133247.0,152,4,126,2,19,0,7,2,30,2,95,4,65,2,2.647260482489696e-05,8.382991527884036e-05,5.73573104539434e-05
2020-12-07,Del Norte,015,27424.0,3,0,2,0,1,0,0,0,1,0,2,0,1,0,3.646441073512252e-05,7.292882147024503e-05,3.646441073512252e-05
2020-12-07,El Dorado,017,186661.0,24,0,9,0,14,0,1,0,9,0,17,0,8,0,4.8215749406678415e-05,9.10741933237259e-05,4.2858443917047485e-05
2020-12-07,Fresno,019,978130.0,20,2,12,0,8,2,0,0,12,2,16,2,4,0,1.2268307893633773e-05,1.635774385817836e-05,4.08943596454459e-06
2020-12-07,Glenn,021,27897.0,5,0,3,0,2,0,0,0,1,0,3,0,2,0,3.58461483313618e-05,0.000107538444994,7.169229666272359e-05
2020-12-07,Humboldt,023,135768.0,5,0,4,0,1,0,0,0,5,0,5,0,0,0,3.6827529314713335e-05,3.6827529314713335e-05,0.0
2020-12-07,Imperial,025,180216.0,5,0,2,0,3,0,0,0,5,0,5,0,0,0,2.7744484396501972e-05,2.7744484396501972e-05,0.0
2020-12-07,Inyo,027,18085.0,1,0,1,0,0,0,0,0,1,0,1,0,0,0,5.52944429084877e-05,5.52944429084877e-05,0.0
2020-12-07,Kern,029,883053.0,13,1,7,0,5,1,1,0,10,1,12,1,2,0,1.1324348595157936e-05,1.3589218314189522e-05,2.264869719031587e-06
2020-12-07,Kings,031,150075.0,4,0,3,0,1,0,0,0,4,0,4,0,0,0,2.665333999666833e-05,2.665333999666833e-05,0.0
2020-12-07,Lake,033,64148.0,3,0,3,0,0,0,0,0,1,0,2,0,1,0,1.558895055184885e-05,3.11779011036977e-05,1.558895055184885e-05
2020-12-07,Lassen,035,31185.0,2,0,0,0,2,0,0,0,0,0,1,0,1,0,0.0,3.20666987333654e-05,3.20666987333654e-05
2020-12-07,Los Angeles,037,10098052.0,1189,20,865,11,209,7,115,2,360,18,835,20,475,2,3.565044030274354e-05,8.268921570219682e-05,4.703877539945328e-05
2020-12-07,Madera,039,155013.0,8,1,5,1,2,0,1,0,5,1,6,1,1,0,3.225535922793572e-05,3.8706431073522864e-05,6.451071845587144e-06
2020-12-07,Marin,041,260295.0,21,1,14,1,5,0,2,0,11,1,17,1,6,0,4.2259743752281066e-05,6.53105130717071e-05,2.305076931942604e-05
2020-12-07,Mariposa,043,17540.0,4,1,4,1,0,0,0,0,2,1,3,1,1,0,0.0001140250855188,0.0001710376282782,5.701254275940707e-05
2020-12-07,Mendocino,045,87422.0,6,0,5,0,1,0,0,0,6,0,6,0,0,0,6.86326096405939e-05,6.86326096405939e-05,0.0
2020-12-07,Merced,047,269075.0,15,1,9,1,6,0,0,0,7,1,11,1,4,0,2.601505156554864e-05,4.088079531729072e-05,1.486574375174208e-05
2020-12-07,Modoc,049,8938.0,0,0,0,0,0,0,0,0,0,0,0,0,0,0,0.0,0.0,0.0
2020-12-07,Mono,051,14174.0,1,0,1,0,0,0,0,0,1,0,1,0,0,0,7.055171440666009e-05,7.055171440666009e-05,0.0
2020-12-07,Monterey,053,433212.0,5,0,1,0,4,0,0,0,5,0,5,0,0,0,1.1541693212561055e-05,1.1541693212561055e-05,0.0
2020-12-07,Napa,055,140530.0,5,0,2,0,2,0,1,0,4,0,5,0,1,0,2.846367323703124e-05,3.557959154628905e-05,7.11591830925781e-06
2020-12-07,Nevada,057,99092.0,2,0,2,0,0,0,0,0,0,0,1,0,1,0,0.0,1.009163201873007e-05,1.009163201873007e-05
2020-12-07,Orange,059,3164182.0,371,11,244,9,70,1,57,1,137,9,284,11,147,2,4.329713019036199e-05,8.975463484717377e-05,4.6457504656811775e-05
2020-12-07,Placer,061,380077.0,32,0,26,0,6,0,0,0,5,0,19,0,14,0,1.3155229072003831e-05,4.998987047361456e-05,3.683464140161073e-05
2020-12-07,Plumas,063,18699.0,0,0,0,0,0,0,0,0,0,0,0,0,0,0,0.0,0.0,0.0
2020-12-07,Riverside,065,2383286.0,101,1,46,1,51,0,4,0,33,1,70,1,37,0,1.3846428838167136e-05,2.93712126870212e-05,1.5524783848854062e-05
2020-12-07,Sacramento,067,1510023.0,253,1,168,0,82,1,3,0,46,1,151,1,105,0,3.0463112151271867e-05,9.999847684439244e-05,6.953536469312057e-05
2020-12-07,San Benito,069,59416.0,1,0,1,0,0,0,0,0,1,0,1,0,0,0,1.6830483371482428e-05,1.6830483371482428e-05,0.0
2020-12-07,San Bernardino,071,2135413.0,67,2,21,1,42,1,4,0,33,2,52,2,19,0,1.545368507169339e-05,2.4351261325092616e-05,8.897576253399226e-06
2020-12-07,San Diego,073,3302833.0,935,16,353,9,469,1,113,6,156,10,598,16,442,6,4.72321791625553e-05,0.0001810566867897,0.0001338245076272
2020-12-07,San Francisco,075,870044.0,79,2,54,2,21,0,4,0,28,1,55,1,27,0,3.2182280436391724e-05,6.321519371434088e-05,3.103291327794916e-05
2020-12-07,San Joaquin,077,732212.0,35,3,26,2,9,1,0,0,20,3,28,3,8,0,2.7314493616602843e-05,3.824029106324398e-05,1.0925797446641135e-05
2020-12-07,San Luis Obispo,079,281455.0,12,0,3,0,9,0,0,0,8,0,10,0,2,0,2.842372670586772e-05,3.552965838233465e-05,7.10593167646693e-06
2020-12-07,San Mateo,081,765935.0,72,3,48,1,10,0,14,2,16,1,51,3,35,2,2.0889501067322944e-05,6.658528465209188e-05,4.569578358476895e-05
2020-12-07,Santa Barbara,083,443738.0,16,0,9,0,5,0,2,0,12,0,15,0,3,0,2.7042984824378348e-05,3.380373103047294e-05,6.760746206094587e-06
2020-12-07,Santa Clara,085,1922200.0,240,6,189,4,17,0,34,2,60,3,168,5,108,3,3.1214233690562896e-05,8.739985433357611e-05,5.618562064301321e-05
2020-12-07,Santa Cruz,087,273765.0,13,1,6,0,4,0,3,1,7,0,12,1,5,1,2.556937519405329e-05,4.383321461837708e-05,1.826383942432378e-05
2020-12-07,Shasta,089,179085.0,359,0,143,0,216,0,0,0,7,0,183,0,176,0,3.908758410810509e-05,0.0010218611273976,0.0009827735432894
2020-12-07,Sierra,091,2930.0,1,0,0,0,1,0,0,0,1,0,1,0,0,0,0.0003412969283276,0.0003412969283276,0.0
2020-12-07,Siskiyou,093,43540.0,13,0,8,0,4,0,1,0,0,0,7,0,7,0,0.0,0.00016077170418,0.00016077170418
2020-12-07,Solano,095,438530.0,11,1,9,1,2,0,0,0,5,1,8,1,3,0,1.140172850204091e-05,1.8242765603265456e-05,6.841037101224546e-06
2020-12-07,Sonoma,097,501317.0,24,0,17,0,7,0,0,0,19,0,22,0,3,0,3.790017094971845e-05,4.388440846809504e-05,5.984237518376596e-06
2020-12-07,Stanislaus,099,539301.0,33,2,25,2,8,0,0,0,21,2,27,2,6,0,3.893929364121335e-05,5.0064806110131446e-05,1.11255124689181e-05
2020-12-07,Sutter,101,95872.0,4,0,2,0,2,0,0,0,2,0,3,0,1,0,2.0861148197596795e-05,3.12917222963952e-05,1.0430574098798398e-05
2020-12-07,Tehama,103,63373.0,26,0,7,0,19,0,0,0,2,0,14,0,12,0,3.1559181354835657e-05,0.0002209142694838,0.000189355088129
2020-12-07,Trinity,105,12862.0,2,0,0,0,2,0,0,0,0,0,1,0,1,0,0.0,7.774840615767377e-05,7.774840615767377e-05
2020-12-07,Tulare,107,460477.0,6,0,2,0,4,0,0,0,4,0,5,0,1,0,8.686644501245448e-06,1.085830562655681e-05,2.171661125311362e-06
2020-12-07,Tuolumne,109,53932.0,6,0,3,0,3,0,0,0,6,0,6,0,0,0,0.0001112512052213,0.0001112512052213,0.0
2020-12-07,Ventura,111,848112.0,57,1,40,1,14,0,3,0,24,1,42,1,18,0,2.8298149301035716e-05,4.95217612768125e-05,2.1223611975776783e-05
2020-12-07,Yolo,113,214977.0,65,0,44,0,21,0,0,0,5,0,35,0,30,0,2.3258302050917078e-05,0.0001628081143564,0.0001395498123055
2020-12-07,Yuba,115,75493.0,2,0,0,0,2,0,0,0,0,0,1,0,1,0,0.0,1.3246261242764227e-05,1.3246261242764227e-05
2020-12-06,Alameda,001,1643700.0,120,0,101,0,12,0,7,0,26,0,76,0,50,0,1.5817971649327736e-05,4.623714789803492e-05,3.0419176248707186e-05
2020-12-06,Alpine,003,1148.0,0,0,0,0,0,0,0,0,0,0,0,0,0,0,0.0,0.0,0.0
2020-12-06,Amador,005,37829.0,4,0,4,0,0,0,0,0,4,0,4,0,0,0,0.0001057389833196,0.0001057389833196,0.0
2020-12-06,Butte,007,227075.0,27,0,14,0,13,0,0,0,15,0,21,0,6,0,6.605746999889905e-05,9.248045799845864e-05,2.6422987999559612e-05
2020-12-06,Calaveras,009,45235.0,5,0,4,0,1,0,0,0,5,0,5,0,0,0,0.0001105338786338,0.0001105338786338,0.0
2020-12-06,Colusa,011,21464.0,0,0,0,0,0,0,0,0,0,0,0,0,0,0,0.0,0.0,0.0
2020-12-06,Contra Costa,013,1133247.0,148,1,124,1,19,0,5,0,28,1,91,1,63,0,2.470776450323716e-05,8.030023463552077e-05,5.559247013228361e-05
2020-12-06,Del Norte,015,27424.0,3,0,2,0,1,0,0,0,1,0,2,0,1,0,3.646441073512252e-05,7.292882147024503e-05,3.646441073512252e-05
2020-12-06,El Dorado,017,186661.0,24,0,9,0,14,0,1,0,9,0,17,0,8,0,4.8215749406678415e-05,9.10741933237259e-05,4.2858443917047485e-05
2020-12-06,Fresno,019,978130.0,18,0,12,0,6,0,0,0,10,0,14,0,4,0,1.0223589911361476e-05,1.4313025875906066e-05,4.08943596454459e-06
2020-12-06,Glenn,021,27897.0,5,0,3,0,2,0,0,0,1,0,3,0,2,0,3.58461483313618e-05,0.000107538444994,7.169229666272359e-05
2020-12-06,Humboldt,023,135768.0,5,0,4,0,1,0,0,0,5,0,5,0,0,0,3.6827529314713335e-05,3.6827529314713335e-05,0.0
2020-12-06,Imperial,025,180216.0,5,0,2,0,3,0,0,0,5,0,5,0,0,0,2.7744484396501972e-05,2.7744484396501972e-05,0.0
2020-12-06,Inyo,027,18085.0,1,0,1,0,0,0,0,0,1,0,1,0,0,0,5.52944429084877e-05,5.52944429084877e-05,0.0
2020-12-06,Kern,029,883053.0,12,1,7,1,4,0,1,0,9,1,11,1,2,0,1.0191913735642142e-05,1.2456783454673728e-05,2.264869719031587e-06
2020-12-06,Kings,031,150075.0,4,0,3,0,1,0,0,0,4,0,4,0,0,0,2.665333999666833e-05,2.665333999666833e-05,0.0
2020-12-06,Lake,033,64148.0,3,0,3,0,0,0,0,0,1,0,2,0,1,0,1.558895055184885e-05,3.11779011036977e-05,1.558895055184885e-05
2020-12-06,Lassen,035,31185.0,2,0,0,0,2,0,0,0,0,0,1,0,1,0,0.0,3.20666987333654e-05,3.20666987333654e-05
2020-12-06,Los Angeles,037,10098052.0,1169,10,854,5,202,3,113,2,342,8,815,10,473,2,3.386791828760636e-05,8.070863568537774e-05,4.6840717397771375e-05
2020-12-06,Madera,039,155013.0,7,0,4,0,2,0,1,0,4,0,5,0,1,0,2.5804287382348576e-05,3.225535922793572e-05,6.451071845587144e-06
2020-12-06,Marin,041,260295.0,20,0,13,0,5,0,2,0,10,0,16,0,6,0,3.841794886571006e-05,6.146871818513609e-05,2.305076931942604e-05
2020-12-06,Mariposa,043,17540.0,3,0,3,0,0,0,0,0,1,0,2,0,1,0,5.701254275940707e-05,0.0001140250855188,5.701254275940707e-05
2020-12-06,Mendocino,045,87422.0,6,0,5,0,1,0,0,0,6,0,6,0,0,0,6.86326096405939e-05,6.86326096405939e-05,0.0
2020-12-06,Merced,047,269075.0,14,0,8,0,6,0,0,0,6,0,10,0,4,0,2.229861562761312e-05,3.71643593793552e-05,1.486574375174208e-05
2020-12-06,Modoc,049,8938.0,0,0,0,0,0,0,0,0,0,0,0,0,0,0,0.0,0.0,0.0
2020-12-06,Mono,051,14174.0,1,0,1,0,0,0,0,0,1,0,1,0,0,0,7.055171440666009e-05,7.055171440666009e-05,0.0
2020-12-06,Monterey,053,433212.0,5,0,1,0,4,0,0,0,5,0,5,0,0,0,1.1541693212561055e-05,1.1541693212561055e-05,0.0
2020-12-06,Napa,055,140530.0,5,0,2,0,2,0,1,0,4,0,5,0,1,0,2.846367323703124e-05,3.557959154628905e-05,7.11591830925781e-06
2020-12-06,Nevada,057,99092.0,2,0,2,0,0,0,0,0,0,0,1,0,1,0,0.0,1.009163201873007e-05,1.009163201873007e-05
2020-12-06,Orange,059,3164182.0,360,1,235,0,69,1,56,0,128,1,273,1,145,0,4.045279317055719e-05,8.627822293407901e-05,4.582542976352182e-05
2020-12-06,Placer,061,380077.0,32,0,26,0,6,0,0,0,5,0,19,0,14,0,1.3155229072003831e-05,4.998987047361456e-05,3.683464140161073e-05
2020-12-06,Plumas,063,18699.0,0,0,0,0,0,0,0,0,0,0,0,0,0,0,0.0,0.0,0.0
2020-12-06,Riverside,065,2383286.0,100,0,45,0,51,0,4,0,32,0,69,0,37,0,1.3426840085495404e-05,2.8951623934349463e-05,1.5524783848854062e-05
2020-12-06,Sacramento,067,1510023.0,252,0,168,0,81,0,3,0,45,0,150,0,105,0,2.980087058276596e-05,9.933623527588651e-05,6.953536469312057e-05
2020-12-06,San Benito,069,59416.0,1,0,1,0,0,0,0,0,1,0,1,0,0,0,1.6830483371482428e-05,1.6830483371482428e-05,0.0
2020-12-06,San Bernardino,071,2135413.0,65,1,20,0,41,1,4,0,31,1,50,1,19,0,1.4517098097651369e-05,2.3414674351050596e-05,8.897576253399226e-06
2020-12-06,San Diego,073,3302833.0,919,12,344,11,468,1,107,0,146,12,582,12,436,0,4.420447537008381e-05,0.0001762123607218,0.0001320078853517
2020-12-06,San Francisco,075,870044.0,77,0,52,0,21,0,4,0,27,0,54,0,27,0,3.103291327794916e-05,6.206582655589832e-05,3.103291327794916e-05
2020-12-06,San Joaquin,077,732212.0,32,2,24,2,8,0,0,0,17,2,25,2,8,0,2.3217319574112417e-05,3.414311702075355e-05,1.0925797446641135e-05
2020-12-06,San Luis Obispo,079,281455.0,12,0,3,0,9,0,0,0,8,0,10,0,2,0,2.842372670586772e-05,3.552965838233465e-05,7.10593167646693e-06
2020-12-06,San Mateo,081,765935.0,69,2,47,2,10,0,12,0,15,2,48,2,33,0,1.958390725061526e-05,6.266850320196884e-05,4.3084595951353576e-05
2020-12-06,Santa Barbara,083,443738.0,16,0,9,0,5,0,2,0,12,0,15,0,3,0,2.7042984824378348e-05,3.380373103047294e-05,6.760746206094587e-06
2020-12-06,Santa Clara,085,1922200.0,234,2,185,2,17,0,32,0,58,2,163,2,105,0,3.01737592342108e-05,8.479866819269587e-05,5.462490895848507e-05
2020-12-06,Santa Cruz,087,273765.0,12,0,6,0,4,0,2,0,7,0,11,0,4,0,2.556937519405329e-05,4.018044673351232e-05,1.4611071539459023e-05
2020-12-06,Shasta,089,179085.0,359,0,143,0,216,0,0,0,7,0,183,0,176,0,3.908758410810509e-05,0.0010218611273976,0.0009827735432894
2020-12-06,Sierra,091,2930.0,1,0,0,0,1,0,0,0,1,0,1,0,0,0,0.0003412969283276,0.0003412969283276,0.0
2020-12-06,Siskiyou,093,43540.0,13,0,8,0,4,0,1,0,0,0,7,0,7,0,0.0,0.00016077170418,0.00016077170418
2020-12-06,Solano,095,438530.0,10,0,8,0,2,0,0,0,4,0,7,0,3,0,9.121382801632728e-06,1.5962419902857274e-05,6.841037101224546e-06
2020-12-06,Sonoma,097,501317.0,24,1,17,1,7,0,0,0,19,1,22,1,3,0,3.790017094971845e-05,4.388440846809504e-05,5.984237518376596e-06
2020-12-06,Stanislaus,099,539301.0,31,0,23,0,8,0,0,0,19,0,25,0,6,0,3.523078948490731e-05,4.6356301953825416e-05,1.11255124689181e-05
2020-12-06,Sutter,101,95872.0,4,0,2,0,2,0,0,0,2,0,3,0,1,0,2.0861148197596795e-05,3.12917222963952e-05,1.0430574098798398e-05
2020-12-06,Tehama,103,63373.0,26,0,7,0,19,0,0,0,2,0,14,0,12,0,3.1559181354835657e-05,0.0002209142694838,0.000189355088129
2020-12-06,Trinity,105,12862.0,2,0,0,0,2,0,0,0,0,0,1,0,1,0,0.0,7.774840615767377e-05,7.774840615767377e-05
2020-12-06,Tulare,107,460477.0,6,0,2,0,4,0,0,0,4,0,5,0,1,0,8.686644501245448e-06,1.085830562655681e-05,2.171661125311362e-06
2020-12-06,Tuolumne,109,53932.0,6,0,3,0,3,0,0,0,6,0,6,0,0,0,0.0001112512052213,0.0001112512052213,0.0
2020-12-06,Ventura,111,848112.0,56,0,39,0,14,0,3,0,23,0,41,0,18,0,2.711905974682589e-05,4.834267172260268e-05,2.1223611975776783e-05
2020-12-06,Yolo,113,214977.0,65,0,44,0,21,0,0,0,5,0,35,0,30,0,2.3258302050917078e-05,0.0001628081143564,0.0001395498123055
2020-12-06,Yuba,115,75493.0,2,0,0,0,2,0,0,0,0,0,1,0,1,0,0.0,1.3246261242764227e-05,1.3246261242764227e-05
2020-12-05,Alameda,001,1643700.0,120,1,101,1,12,0,7,0,26,1,76,1,50,0,1.5817971649327736e-05,4.623714789803492e-05,3.0419176248707186e-05
2020-12-05,Alpine,003,1148.0,0,0,0,0,0,0,0,0,0,0,0,0,0,0,0.0,0.0,0.0
2020-12-05,Amador,005,37829.0,4,2,4,2,0,0,0,0,4,2,4,2,0,0,0.0001057389833196,0.0001057389833196,0.0
2020-12-05,Butte,007,227075.0,27,0,14,0,13,0,0,0,15,0,21,0,6,0,6.605746999889905e-05,9.248045799845864e-05,2.6422987999559612e-05
2020-12-05,Calaveras,009,45235.0,5,0,4,0,1,0,0,0,5,0,5,0,0,0,0.0001105338786338,0.0001105338786338,0.0
2020-12-05,Colusa,011,21464.0,0,0,0,0,0,0,0,0,0,0,0,0,0,0,0.0,0.0,0.0
2020-12-05,Contra Costa,013,1133247.0,147,1,123,0,19,1,5,0,27,1,90,1,63,0,2.382534434240726e-05,7.941781447469087e-05,5.559247013228361e-05
2020-12-05,Del Norte,015,27424.0,3,0,2,0,1,0,0,0,1,0,2,0,1,0,3.646441073512252e-05,7.292882147024503e-05,3.646441073512252e-05
2020-12-05,El Dorado,017,186661.0,24,0,9,0,14,0,1,0,9,0,17,0,8,0,4.8215749406678415e-05,9.10741933237259e-05,4.2858443917047485e-05
2020-12-05,Fresno,019,978130.0,18,2,12,1,6,1,0,0,10,1,14,1,4,1,1.0223589911361476e-05,1.4313025875906066e-05,4.08943596454459e-06
2020-12-05,Glenn,021,27897.0,5,0,3,0,2,0,0,0,1,0,3,0,2,0,3.58461483313618e-05,0.000107538444994,7.169229666272359e-05
2020-12-05,Humboldt,023,135768.0,5,0,4,0,1,0,0,0,5,0,5,0,0,0,3.6827529314713335e-05,3.6827529314713335e-05,0.0
2020-12-05,Imperial,025,180216.0,5,0,2,0,3,0,0,0,5,0,5,0,0,0,2.7744484396501972e-05,2.7744484396501972e-05,0.0
2020-12-05,Inyo,027,18085.0,1,0,1,0,0,0,0,0,1,0,1,0,0,0,5.52944429084877e-05,5.52944429084877e-05,0.0
2020-12-05,Kern,029,883053.0,11,0,6,0,4,0,1,0,8,0,10,0,2,0,9.059478876126349e-06,1.1324348595157936e-05,2.264869719031587e-06
2020-12-05,Kings,031,150075.0,4,1,3,1,1,0,0,0,4,1,4,1,0,0,2.665333999666833e-05,2.665333999666833e-05,0.0
2020-12-05,Lake,033,64148.0,3,0,3,0,0,0,0,0,1,0,2,0,1,0,1.558895055184885e-05,3.11779011036977e-05,1.558895055184885e-05
2020-12-05,Lassen,035,31185.0,2,0,0,0,2,0,0,0,0,0,1,0,1,0,0.0,3.20666987333654e-05,3.20666987333654e-05
2020-12-05,Los Angeles,037,10098052.0,1159,18,849,7,199,3,111,8,334,10,805,17,471,7,3.307568628087873e-05,7.97183456769682e-05,4.6642659396089467e-05
2020-12-05,Madera,039,155013.0,7,0,4,0,2,0,1,0,4,0,5,0,1,0,2.5804287382348576e-05,3.225535922793572e-05,6.451071845587144e-06
2020-12-05,Marin,041,260295.0,20,0,13,0,5,0,2,0,10,0,16,0,6,0,3.841794886571006e-05,6.146871818513609e-05,2.305076931942604e-05
2020-12-05,Mariposa,043,17540.0,3,0,3,0,0,0,0,0,1,0,2,0,1,0,5.701254275940707e-05,0.0001140250855188,5.701254275940707e-05
2020-12-05,Mendocino,045,87422.0,6,0,5,0,1,0,0,0,6,0,6,0,0,0,6.86326096405939e-05,6.86326096405939e-05,0.0
2020-12-05,Merced,047,269075.0,14,0,8,0,6,0,0,0,6,0,10,0,4,0,2.229861562761312e-05,3.71643593793552e-05,1.486574375174208e-05
2020-12-05,Modoc,049,8938.0,0,0,0,0,0,0,0,0,0,0,0,0,0,0,0.0,0.0,0.0
2020-12-05,Mono,051,14174.0,1,0,1,0,0,0,0,0,1,0,1,0,0,0,7.055171440666009e-05,7.055171440666009e-05,0.0
2020-12-05,Monterey,053,433212.0,5,0,1,0,4,0,0,0,5,0,5,0,0,0,1.1541693212561055e-05,1.1541693212561055e-05,0.0
2020-12-05,Napa,055,140530.0,5,0,2,0,2,0,1,0,4,0,5,0,1,0,2.846367323703124e-05,3.557959154628905e-05,7.11591830925781e-06
2020-12-05,Nevada,057,99092.0,2,0,2,0,0,0,0,0,0,0,1,0,1,0,0.0,1.009163201873007e-05,1.009163201873007e-05
2020-12-05,Orange,059,3164182.0,359,5,235,2,68,1,56,2,127,3,272,5,145,2,4.013675572391222e-05,8.596218548743403e-05,4.582542976352182e-05
2020-12-05,Placer,061,380077.0,32,0,26,0,6,0,0,0,5,0,19,0,14,0,1.3155229072003831e-05,4.998987047361456e-05,3.683464140161073e-05
2020-12-05,Plumas,063,18699.0,0,0,0,0,0,0,0,0,0,0,0,0,0,0,0.0,0.0,0.0
2020-12-05,Riverside,065,2383286.0,100,0,45,0,51,0,4,0,32,0,69,0,37,0,1.3426840085495404e-05,2.8951623934349463e-05,1.5524783848854062e-05
2020-12-05,Sacramento,067,1510023.0,252,0,168,0,81,0,3,0,45,0,150,0,105,0,2.980087058276596e-05,9.933623527588651e-05,6.953536469312057e-05
2020-12-05,San Benito,069,59416.0,1,0,1,0,0,0,0,0,1,0,1,0,0,0,1.6830483371482428e-05,1.6830483371482428e-05,0.0
2020-12-05,San Bernardino,071,2135413.0,64,1,20,1,40,0,4,0,30,1,49,1,19,0,1.4048804610630356e-05,2.294638086402958e-05,8.897576253399226e-06
2020-12-05,San Diego,073,3302833.0,907,7,333,0,467,0,107,7,134,0,570,7,436,7,4.057123081911801e-05,0.0001725791161708,0.0001320078853517
2020-12-05,San Francisco,075,870044.0,77,1,52,1,21,0,4,0,27,1,54,1,27,0,3.103291327794916e-05,6.206582655589832e-05,3.103291327794916e-05
2020-12-05,San Joaquin,077,732212.0,30,0,22,0,8,0,0,0,15,0,23,0,8,0,2.048587021245213e-05,3.141166765909327e-05,1.0925797446641135e-05
2020-12-05,San Luis Obispo,079,281455.0,12,0,3,0,9,0,0,0,8,0,10,0,2,0,2.842372670586772e-05,3.552965838233465e-05,7.10593167646693e-06
2020-12-05,San Mateo,081,765935.0,67,0,45,0,10,0,12,0,13,0,46,0,33,0,1.6972719617199894e-05,6.005731556855347e-05,4.3084595951353576e-05
2020-12-05,Santa Barbara,083,443738.0,16,0,9,0,5,0,2,0,12,0,15,0,3,0,2.7042984824378348e-05,3.380373103047294e-05,6.760746206094587e-06
2020-12-05,Santa Clara,085,1922200.0,232,0,183,0,17,0,32,0,56,0,161,0,105,0,2.9133284777858705e-05,8.375819373634377e-05,5.462490895848507e-05
2020-12-05,Santa Cruz,087,273765.0,12,0,6,0,4,0,2,0,7,0,11,0,4,0,2.556937519405329e-05,4.018044673351232e-05,1.4611071539459023e-05
2020-12-05,Shasta,089,179085.0,359,0,143,0,216,0,0,0,7,0,183,0,176,0,3.908758410810509e-05,0.0010218611273976,0.0009827735432894
2020-12-05,Sierra,091,2930.0,1,0,0,0,1,0,0,0,1,0,1,0,0,0,0.0003412969283276,0.0003412969283276,0.0
2020-12-05,Siskiyou,093,43540.0,13,0,8,0,4,0,1,0,0,0,7,0,7,0,0.0,0.00016077170418,0.00016077170418
2020-12-05,Solano,095,438530.0,10,0,8,0,2,0,0,0,4,0,7,0,3,0,9.121382801632728e-06,1.5962419902857274e-05,6.841037101224546e-06
2020-12-05,Sonoma,097,501317.0,23,0,16,0,7,0,0,0,18,0,21,0,3,0,3.590542511025958e-05,4.188966262863617e-05,5.984237518376596e-06
2020-12-05,Stanislaus,099,539301.0,31,0,23,0,8,0,0,0,19,0,25,0,6,0,3.523078948490731e-05,4.6356301953825416e-05,1.11255124689181e-05
2020-12-05,Sutter,101,95872.0,4,0,2,0,2,0,0,0,2,0,3,0,1,0,2.0861148197596795e-05,3.12917222963952e-05,1.0430574098798398e-05
2020-12-05,Tehama,103,63373.0,26,0,7,0,19,0,0,0,2,0,14,0,12,0,3.1559181354835657e-05,0.0002209142694838,0.000189355088129
2020-12-05,Trinity,105,12862.0,2,0,0,0,2,0,0,0,0,0,1,0,1,0,0.0,7.774840615767377e-05,7.774840615767377e-05
2020-12-05,Tulare,107,460477.0,6,0,2,0,4,0,0,0,4,0,5,0,1,0,8.686644501245448e-06,1.085830562655681e-05,2.171661125311362e-06
2020-12-05,Tuolumne,109,53932.0,6,1,3,1,3,0,0,0,6,1,6,1,0,0,0.0001112512052213,0.0001112512052213,0.0
2020-12-05,Ventura,111,848112.0,56,1,39,1,14,0,3,0,23,1,41,1,18,0,2.711905974682589e-05,4.834267172260268e-05,2.1223611975776783e-05
2020-12-05,Yolo,113,214977.0,65,0,44,0,21,0,0,0,5,0,35,0,30,0,2.3258302050917078e-05,0.0001628081143564,0.0001395498123055
2020-12-05,Yuba,115,75493.0,2,0,0,0,2,0,0,0,0,0,1,0,1,0,0.0,1.3246261242764227e-05,1.3246261242764227e-05
2020-12-04,Alameda,001,1643700.0,119,0,100,0,12,0,7,0,25,0,75,0,50,0,1.5209588124353593e-05,4.5628764373060775e-05,3.0419176248707186e-05
2020-12-04,Alpine,003,1148.0,0,0,0,0,0,0,0,0,0,0,0,0,0,0,0.0,0.0,0.0
2020-12-04,Amador,005,37829.0,2,0,2,0,0,0,0,0,2,0,2,0,0,0,5.286949165983769e-05,5.286949165983769e-05,0.0
2020-12-04,Butte,007,227075.0,27,0,14,0,13,0,0,0,15,0,21,0,6,0,6.605746999889905e-05,9.248045799845864e-05,2.6422987999559612e-05
2020-12-04,Calaveras,009,45235.0,5,0,4,0,1,0,0,0,5,0,5,0,0,0,0.0001105338786338,0.0001105338786338,0.0
2020-12-04,Colusa,011,21464.0,0,0,0,0,0,0,0,0,0,0,0,0,0,0,0.0,0.0,0.0
2020-12-04,Contra Costa,013,1133247.0,146,0,123,0,18,0,5,0,26,0,89,0,63,0,2.294292418157736e-05,7.853539431386096e-05,5.559247013228361e-05
2020-12-04,Del Norte,015,27424.0,3,0,2,0,1,0,0,0,1,0,2,0,1,0,3.646441073512252e-05,7.292882147024503e-05,3.646441073512252e-05
2020-12-04,El Dorado,017,186661.0,24,0,9,0,14,0,1,0,9,0,17,0,8,0,4.8215749406678415e-05,9.10741933237259e-05,4.2858443917047485e-05
2020-12-04,Fresno,019,978130.0,16,0,11,0,5,0,0,0,10,0,13,0,3,0,1.0223589911361476e-05,1.3290666884769918e-05,3.0670769734084427e-06
2020-12-04,Glenn,021,27897.0,5,0,3,0,2,0,0,0,1,0,3,0,2,0,3.58461483313618e-05,0.000107538444994,7.169229666272359e-05
2020-12-04,Humboldt,023,135768.0,5,0,4,0,1,0,0,0,5,0,5,0,0,0,3.6827529314713335e-05,3.6827529314713335e-05,0.0
2020-12-04,Imperial,025,180216.0,5,1,2,1,3,0,0,0,5,1,5,1,0,0,2.7744484396501972e-05,2.7744484396501972e-05,0.0
2020-12-04,Inyo,027,18085.0,1,0,1,0,0,0,0,0,1,0,1,0,0,0,5.52944429084877e-05,5.52944429084877e-05,0.0
2020-12-04,Kern,029,883053.0,11,0,6,0,4,0,1,0,8,0,10,0,2,0,9.059478876126349e-06,1.1324348595157936e-05,2.264869719031587e-06
2020-12-04,Kings,031,150075.0,3,0,2,0,1,0,0,0,3,0,3,0,0,0,1.999000499750125e-05,1.999000499750125e-05,0.0
2020-12-04,Lake,033,64148.0,3,0,3,0,0,0,0,0,1,0,2,0,1,0,1.558895055184885e-05,3.11779011036977e-05,1.558895055184885e-05
2020-12-04,Lassen,035,31185.0,2,0,0,0,2,0,0,0,0,0,1,0,1,0,0.0,3.20666987333654e-05,3.20666987333654e-05
2020-12-04,Los Angeles,037,10098052.0,1141,19,842,5,196,11,103,3,324,16,788,19,464,3,3.2085396272469186e-05,7.803485266267197e-05,4.594945639020278e-05
2020-12-04,Madera,039,155013.0,7,0,4,0,2,0,1,0,4,0,5,0,1,0,2.5804287382348576e-05,3.225535922793572e-05,6.451071845587144e-06
2020-12-04,Marin,041,260295.0,20,0,13,0,5,0,2,0,10,0,16,0,6,0,3.841794886571006e-05,6.146871818513609e-05,2.305076931942604e-05
2020-12-04,Mariposa,043,17540.0,3,0,3,0,0,0,0,0,1,0,2,0,1,0,5.701254275940707e-05,0.0001140250855188,5.701254275940707e-05
2020-12-04,Mendocino,045,87422.0,6,0,5,0,1,0,0,0,6,0,6,0,0,0,6.86326096405939e-05,6.86326096405939e-05,0.0
2020-12-04,Merced,047,269075.0,14,1,8,1,6,0,0,0,6,0,10,0,4,1,2.229861562761312e-05,3.71643593793552e-05,1.486574375174208e-05
2020-12-04,Modoc,049,8938.0,0,0,0,0,0,0,0,0,0,0,0,0,0,0,0.0,0.0,0.0
2020-12-04,Mono,051,14174.0,1,1,1,1,0,0,0,0,1,1,1,1,0,0,7.055171440666009e-05,7.055171440666009e-05,0.0
2020-12-04,Monterey,053,433212.0,5,0,1,0,4,0,0,0,5,0,5,0,0,0,1.1541693212561055e-05,1.1541693212561055e-05,0.0
2020-12-04,Napa,055,140530.0,5,0,2,0,2,0,1,0,4,0,5,0,1,0,2.846367323703124e-05,3.557959154628905e-05,7.11591830925781e-06
2020-12-04,Nevada,057,99092.0,2,0,2,0,0,0,0,0,0,0,1,0,1,0,0.0,1.009163201873007e-05,1.009163201873007e-05
2020-12-04,Orange,059,3164182.0,354,9,233,2,67,0,54,7,124,2,267,9,143,7,3.918864338397728e-05,8.438199825420914e-05,4.5193354870231866e-05
2020-12-04,Placer,061,380077.0,32,0,26,0,6,0,0,0,5,0,19,0,14,0,1.3155229072003831e-05,4.998987047361456e-05,3.683464140161073e-05
2020-12-04,Plumas,063,18699.0,0,0,0,0,0,0,0,0,0,0,0,0,0,0,0.0,0.0,0.0
2020-12-04,Riverside,065,2383286.0,100,1,45,1,51,0,4,0,32,1,69,1,37,0,1.3426840085495404e-05,2.8951623934349463e-05,1.5524783848854062e-05
2020-12-04,Sacramento,067,1510023.0,252,3,168,2,81,1,3,0,45,3,150,3,105,0,2.980087058276596e-05,9.933623527588651e-05,6.953536469312057e-05
2020-12-04,San Benito,069,59416.0,1,0,1,0,0,0,0,0,1,0,1,0,0,0,1.6830483371482428e-05,1.6830483371482428e-05,0.0
2020-12-04,San Bernardino,071,2135413.0,63,1,19,0,40,1,4,0,29,1,48,1,19,0,1.3580511123609344e-05,2.247808737700857e-05,8.897576253399226e-06
2020-12-04,San Diego,073,3302833.0,900,12,333,2,467,3,100,7,134,5,563,12,429,7,4.057123081911801e-05,0.0001704597235161,0.000129888492697
2020-12-04,San Francisco,075,870044.0,76,2,51,1,21,1,4,0,26,2,53,2,27,0,2.98835461195066e-05,6.091645939745576e-05,3.103291327794916e-05
2020-12-04,San Joaquin,077,732212.0,30,0,22,0,8,0,0,0,15,0,23,0,8,0,2.048587021245213e-05,3.141166765909327e-05,1.0925797446641135e-05
2020-12-04,San Luis Obispo,079,281455.0,12,0,3,0,9,0,0,0,8,0,10,0,2,0,2.842372670586772e-05,3.552965838233465e-05,7.10593167646693e-06
2020-12-04,San Mateo,081,765935.0,67,1,45,0,10,0,12,1,13,0,46,1,33,1,1.6972719617199894e-05,6.005731556855347e-05,4.3084595951353576e-05
2020-12-04,Santa Barbara,083,443738.0,16,0,9,0,5,0,2,0,12,0,15,0,3,0,2.7042984824378348e-05,3.380373103047294e-05,6.760746206094587e-06
2020-12-04,Santa Clara,085,1922200.0,232,10,183,4,17,1,32,5,56,3,161,8,105,7,2.9133284777858705e-05,8.375819373634377e-05,5.462490895848507e-05
2020-12-04,Santa Cruz,087,273765.0,12,0,6,0,4,0,2,0,7,0,11,0,4,0,2.556937519405329e-05,4.018044673351232e-05,1.4611071539459023e-05
2020-12-04,Shasta,089,179085.0,359,1,143,0,216,1,0,0,7,1,183,1,176,0,3.908758410810509e-05,0.0010218611273976,0.0009827735432894
2020-12-04,Sierra,091,2930.0,1,0,0,0,1,0,0,0,1,0,1,0,0,0,0.0003412969283276,0.0003412969283276,0.0
2020-12-04,Siskiyou,093,43540.0,13,0,8,0,4,0,1,0,0,0,7,0,7,0,0.0,0.00016077170418,0.00016077170418
2020-12-04,Solano,095,438530.0,10,0,8,0,2,0,0,0,4,0,7,0,3,0,9.121382801632728e-06,1.5962419902857274e-05,6.841037101224546e-06
2020-12-04,Sonoma,097,501317.0,23,0,16,0,7,0,0,0,18,0,21,0,3,0,3.590542511025958e-05,4.188966262863617e-05,5.984237518376596e-06
2020-12-04,Stanislaus,099,539301.0,31,0,23,0,8,0,0,0,19,0,25,0,6,0,3.523078948490731e-05,4.6356301953825416e-05,1.11255124689181e-05
2020-12-04,Sutter,101,95872.0,4,0,2,0,2,0,0,0,2,0,3,0,1,0,2.0861148197596795e-05,3.12917222963952e-05,1.0430574098798398e-05
2020-12-04,Tehama,103,63373.0,26,0,7,0,19,0,0,0,2,0,14,0,12,0,3.1559181354835657e-05,0.0002209142694838,0.000189355088129
2020-12-04,Trinity,105,12862.0,2,0,0,0,2,0,0,0,0,0,1,0,1,0,0.0,7.774840615767377e-05,7.774840615767377e-05
2020-12-04,Tulare,107,460477.0,6,0,2,0,4,0,0,0,4,0,5,0,1,0,8.686644501245448e-06,1.085830562655681e-05,2.171661125311362e-06
2020-12-04,Tuolumne,109,53932.0,5,0,2,0,3,0,0,0,5,0,5,0,0,0,9.27093376844916e-05,9.27093376844916e-05,0.0
2020-12-04,Ventura,111,848112.0,55,1,38,0,14,0,3,1,22,0,40,1,18,1,2.593997019261607e-05,4.7163582168392855e-05,2.1223611975776783e-05
2020-12-04,Yolo,113,214977.0,65,1,44,0,21,1,0,0,5,1,35,1,30,0,2.3258302050917078e-05,0.0001628081143564,0.0001395498123055
2020-12-04,Yuba,115,75493.0,2,0,0,0,2,0,0,0,0,0,1,0,1,0,0.0,1.3246261242764227e-05,1.3246261242764227e-05
2020-12-03,Alameda,001,1643700.0,119,1,100,0,12,1,7,0,25,1,75,1,50,0,1.5209588124353593e-05,4.5628764373060775e-05,3.0419176248707186e-05
2020-12-03,Alpine,003,1148.0,0,0,0,0,0,0,0,0,0,0,0,0,0,0,0.0,0.0,0.0
2020-12-03,Amador,005,37829.0,2,1,2,1,0,0,0,0,2,1,2,1,0,0,5.286949165983769e-05,5.286949165983769e-05,0.0
2020-12-03,Butte,007,227075.0,27,1,14,0,13,1,0,0,15,1,21,1,6,0,6.605746999889905e-05,9.248045799845864e-05,2.6422987999559612e-05
2020-12-03,Calaveras,009,45235.0,5,2,4,2,1,0,0,0,5,2,5,2,0,0,0.0001105338786338,0.0001105338786338,0.0
2020-12-03,Colusa,011,21464.0,0,0,0,0,0,0,0,0,0,0,0,0,0,0,0.0,0.0,0.0
2020-12-03,Contra Costa,013,1133247.0,146,3,123,1,18,2,5,0,26,3,89,3,63,0,2.294292418157736e-05,7.853539431386096e-05,5.559247013228361e-05
2020-12-03,Del Norte,015,27424.0,3,0,2,0,1,0,0,0,1,0,2,0,1,0,3.646441073512252e-05,7.292882147024503e-05,3.646441073512252e-05
2020-12-03,El Dorado,017,186661.0,24,1,9,0,14,1,1,0,9,1,17,1,8,0,4.8215749406678415e-05,9.10741933237259e-05,4.2858443917047485e-05
2020-12-03,Fresno,019,978130.0,16,0,11,0,5,0,0,0,10,0,13,0,3,0,1.0223589911361476e-05,1.3290666884769918e-05,3.0670769734084427e-06
2020-12-03,Glenn,021,27897.0,5,0,3,0,2,0,0,0,1,0,3,0,2,0,3.58461483313618e-05,0.000107538444994,7.169229666272359e-05
2020-12-03,Humboldt,023,135768.0,5,0,4,0,1,0,0,0,5,0,5,0,0,0,3.6827529314713335e-05,3.6827529314713335e-05,0.0
2020-12-03,Imperial,025,180216.0,4,0,1,0,3,0,0,0,4,0,4,0,0,0,2.219558751720158e-05,2.219558751720158e-05,0.0
2020-12-03,Inyo,027,18085.0,1,0,1,0,0,0,0,0,1,0,1,0,0,0,5.52944429084877e-05,5.52944429084877e-05,0.0
2020-12-03,Kern,029,883053.0,11,1,6,0,4,1,1,0,8,1,10,1,2,0,9.059478876126349e-06,1.1324348595157936e-05,2.264869719031587e-06
2020-12-03,Kings,031,150075.0,3,0,2,0,1,0,0,0,3,0,3,0,0,0,1.999000499750125e-05,1.999000499750125e-05,0.0
2020-12-03,Lake,033,64148.0,3,0,3,0,0,0,0,0,1,0,2,0,1,0,1.558895055184885e-05,3.11779011036977e-05,1.558895055184885e-05
2020-12-03,Lassen,035,31185.0,2,0,0,0,2,0,0,0,0,0,1,0,1,0,0.0,3.20666987333654e-05,3.20666987333654e-05
2020-12-03,Los Angeles,037,10098052.0,1122,31,837,16,185,11,100,4,308,27,769,31,461,4,3.050093225901392e-05,7.615330164669384e-05,4.565236938767992e-05
2020-12-03,Madera,039,155013.0,7,1,4,0,2,1,1,0,4,1,5,1,1,0,2.5804287382348576e-05,3.225535922793572e-05,6.451071845587144e-06
2020-12-03,Marin,041,260295.0,20,0,13,0,5,0,2,0,10,0,16,0,6,0,3.841794886571006e-05,6.146871818513609e-05,2.305076931942604e-05
2020-12-03,Mariposa,043,17540.0,3,0,3,0,0,0,0,0,1,0,2,0,1,0,5.701254275940707e-05,0.0001140250855188,5.701254275940707e-05
2020-12-03,Mendocino,045,87422.0,6,0,5,0,1,0,0,0,6,0,6,0,0,0,6.86326096405939e-05,6.86326096405939e-05,0.0
2020-12-03,Merced,047,269075.0,13,1,7,0,6,1,0,0,7,1,10,1,3,0,2.601505156554864e-05,3.71643593793552e-05,1.114930781380656e-05
2020-12-03,Modoc,049,8938.0,0,0,0,0,0,0,0,0,0,0,0,0,0,0,0.0,0.0,0.0
2020-12-03,Mono,051,14174.0,0,0,0,0,0,0,0,0,0,0,0,0,0,0,0.0,0.0,0.0
2020-12-03,Monterey,053,433212.0,5,0,1,0,4,0,0,0,5,0,5,0,0,0,1.1541693212561055e-05,1.1541693212561055e-05,0.0
2020-12-03,Napa,055,140530.0,5,0,2,0,2,0,1,0,4,0,5,0,1,0,2.846367323703124e-05,3.557959154628905e-05,7.11591830925781e-06
2020-12-03,Nevada,057,99092.0,2,0,2,0,0,0,0,0,0,0,1,0,1,0,0.0,1.009163201873007e-05,1.009163201873007e-05
2020-12-03,Orange,059,3164182.0,345,6,231,4,67,2,47,0,122,5,258,6,136,1,3.855656849068733e-05,8.153766123440434e-05,4.298109274371702e-05
2020-12-03,Placer,061,380077.0,32,1,26,1,6,0,0,0,5,1,19,1,14,0,1.3155229072003831e-05,4.998987047361456e-05,3.683464140161073e-05
2020-12-03,Plumas,063,18699.0,0,0,0,0,0,0,0,0,0,0,0,0,0,0,0.0,0.0,0.0
2020-12-03,Riverside,065,2383286.0,99,4,44,1,51,3,4,0,31,4,68,4,37,0,1.3007251332823673e-05,2.853203518167773e-05,1.5524783848854062e-05
2020-12-03,Sacramento,067,1510023.0,249,7,166,4,80,2,3,1,42,6,147,7,105,1,2.7814145877248227e-05,9.73495105703688e-05,6.953536469312057e-05
2020-12-03,San Benito,069,59416.0,1,0,1,0,0,0,0,0,1,0,1,0,0,0,1.6830483371482428e-05,1.6830483371482428e-05,0.0
2020-12-03,San Bernardino,071,2135413.0,62,7,19,2,39,5,4,0,28,7,47,7,19,0,1.3112217636588333e-05,2.200979388998756e-05,8.897576253399226e-06
2020-12-03,San Diego,073,3302833.0,888,23,331,8,464,8,93,7,129,16,551,23,422,7,3.905737892288226e-05,0.0001668264789651,0.0001277691000422
2020-12-03,San Francisco,075,870044.0,74,3,50,0,20,2,4,1,24,2,51,3,27,1,2.758481180262148e-05,5.861772508057064e-05,3.103291327794916e-05
2020-12-03,San Joaquin,077,732212.0,30,4,22,3,8,1,0,0,15,4,23,4,8,0,2.048587021245213e-05,3.141166765909327e-05,1.0925797446641135e-05
2020-12-03,San Luis Obispo,079,281455.0,12,0,3,0,9,0,0,0,8,0,10,0,2,0,2.842372670586772e-05,3.552965838233465e-05,7.10593167646693e-06
2020-12-03,San Mateo,081,765935.0,66,2,45,1,10,1,11,0,13,1,45,1,32,1,1.6972719617199894e-05,5.875172175184578e-05,4.177900213464589e-05
2020-12-03,Santa Barbara,083,443738.0,16,0,9,0,5,0,2,0,12,0,15,0,3,0,2.7042984824378348e-05,3.380373103047294e-05,6.760746206094587e-06
2020-12-03,Santa Clara,085,1922200.0,222,10,179,4,16,3,27,3,55,7,153,10,98,3,2.8613047549682652e-05,7.959629591093539e-05,5.098324836125273e-05
2020-12-03,Santa Cruz,087,273765.0,12,3,6,1,4,2,2,0,7,3,11,3,4,0,2.556937519405329e-05,4.018044673351232e-05,1.4611071539459023e-05
2020-12-03,Shasta,089,179085.0,358,0,143,0,215,0,0,0,6,0,182,0,176,0,3.350364352123293e-05,0.0010162771868107,0.0009827735432894
2020-12-03,Sierra,091,2930.0,1,0,0,0,1,0,0,0,1,0,1,0,0,0,0.0003412969283276,0.0003412969283276,0.0
2020-12-03,Siskiyou,093,43540.0,13,0,8,0,4,0,1,0,0,0,7,0,7,0,0.0,0.00016077170418,0.00016077170418
2020-12-03,Solano,095,438530.0,10,0,8,0,2,0,0,0,4,0,7,0,3,0,9.121382801632728e-06,1.5962419902857274e-05,6.841037101224546e-06
2020-12-03,Sonoma,097,501317.0,23,0,16,0,7,0,0,0,18,0,21,0,3,0,3.590542511025958e-05,4.188966262863617e-05,5.984237518376596e-06
2020-12-03,Stanislaus,099,539301.0,31,0,23,0,8,0,0,0,19,0,25,0,6,0,3.523078948490731e-05,4.6356301953825416e-05,1.11255124689181e-05
2020-12-03,Sutter,101,95872.0,4,1,2,1,2,0,0,0,2,1,3,1,1,0,2.0861148197596795e-05,3.12917222963952e-05,1.0430574098798398e-05
2020-12-03,Tehama,103,63373.0,26,0,7,0,19,0,0,0,2,0,14,0,12,0,3.1559181354835657e-05,0.0002209142694838,0.000189355088129
2020-12-03,Trinity,105,12862.0,2,0,0,0,2,0,0,0,0,0,1,0,1,0,0.0,7.774840615767377e-05,7.774840615767377e-05
2020-12-03,Tulare,107,460477.0,6,0,2,0,4,0,0,0,4,0,5,0,1,0,8.686644501245448e-06,1.085830562655681e-05,2.171661125311362e-06
2020-12-03,Tuolumne,109,53932.0,5,0,2,0,3,0,0,0,5,0,5,0,0,0,9.27093376844916e-05,9.27093376844916e-05,0.0
2020-12-03,Ventura,111,848112.0,54,2,38,1,14,1,2,0,22,2,39,2,17,0,2.593997019261607e-05,4.598449261418303e-05,2.0044522421566964e-05
2020-12-03,Yolo,113,214977.0,64,0,44,0,20,0,0,0,4,0,34,0,30,0,1.860664164073366e-05,0.0001581564539462,0.0001395498123055
2020-12-03,Yuba,115,75493.0,2,0,0,0,2,0,0,0,0,0,1,0,1,0,0.0,1.3246261242764227e-05,1.3246261242764227e-05
2020-12-02,Alameda,001,1643700.0,118,6,100,5,11,0,7,1,24,5,74,6,50,1,1.4601204599379447e-05,4.502038084808664e-05,3.0419176248707186e-05
2020-12-02,Alpine,003,1148.0,0,0,0,0,0,0,0,0,0,0,0,0,0,0,0.0,0.0,0.0
2020-12-02,Amador,005,37829.0,1,0,1,0,0,0,0,0,1,0,1,0,0,0,2.643474582991885e-05,2.643474582991885e-05,0.0
2020-12-02,Butte,007,227075.0,26,0,14,0,12,0,0,0,14,0,20,0,6,0,6.16536386656391e-05,8.807662666519873e-05,2.6422987999559612e-05
2020-12-02,Calaveras,009,45235.0,3,0,2,0,1,0,0,0,3,0,3,0,0,0,6.632032718028075e-05,6.632032718028075e-05,0.0
2020-12-02,Colusa,011,21464.0,0,0,0,0,0,0,0,0,0,0,0,0,0,0,0.0,0.0,0.0
2020-12-02,Contra Costa,013,1133247.0,143,3,122,1,16,2,5,0,23,3,86,3,63,0,2.0295663699087667e-05,7.588813383137127e-05,5.559247013228361e-05
2020-12-02,Del Norte,015,27424.0,3,0,2,0,1,0,0,0,1,0,2,0,1,0,3.646441073512252e-05,7.292882147024503e-05,3.646441073512252e-05
2020-12-02,El Dorado,017,186661.0,23,2,9,1,13,0,1,1,8,1,16,2,8,1,4.2858443917047485e-05,8.571688783409497e-05,4.2858443917047485e-05
2020-12-02,Fresno,019,978130.0,16,1,11,1,5,0,0,0,10,1,13,1,3,0,1.0223589911361476e-05,1.3290666884769918e-05,3.0670769734084427e-06
2020-12-02,Glenn,021,27897.0,5,0,3,0,2,0,0,0,1,0,3,0,2,0,3.58461483313618e-05,0.000107538444994,7.169229666272359e-05
2020-12-02,Humboldt,023,135768.0,5,1,4,1,1,0,0,0,5,1,5,1,0,0,3.6827529314713335e-05,3.6827529314713335e-05,0.0
2020-12-02,Imperial,025,180216.0,4,0,1,0,3,0,0,0,4,0,4,0,0,0,2.219558751720158e-05,2.219558751720158e-05,0.0
2020-12-02,Inyo,027,18085.0,1,0,1,0,0,0,0,0,1,0,1,0,0,0,5.52944429084877e-05,5.52944429084877e-05,0.0
2020-12-02,Kern,029,883053.0,10,0,6,0,3,0,1,0,7,0,9,0,2,0,7.927044016610554e-06,1.0191913735642142e-05,2.264869719031587e-06
2020-12-02,Kings,031,150075.0,3,2,2,2,1,0,0,0,3,2,3,2,0,0,1.999000499750125e-05,1.999000499750125e-05,0.0
2020-12-02,Lake,033,64148.0,3,1,3,1,0,0,0,0,1,1,2,1,1,0,1.558895055184885e-05,3.11779011036977e-05,1.558895055184885e-05
2020-12-02,Lassen,035,31185.0,2,0,0,0,2,0,0,0,0,0,1,0,1,0,0.0,3.20666987333654e-05,3.20666987333654e-05
2020-12-02,Los Angeles,037,10098052.0,1091,20,821,19,174,1,96,0,281,20,738,20,457,0,2.7827149236308156e-05,7.308340262062425e-05,4.52562533843161e-05
2020-12-02,Madera,039,155013.0,6,0,4,0,1,0,1,0,3,0,4,0,1,0,1.9353215536761432e-05,2.5804287382348576e-05,6.451071845587144e-06
2020-12-02,Marin,041,260295.0,20,2,13,0,5,1,2,1,10,1,16,2,6,1,3.841794886571006e-05,6.146871818513609e-05,2.305076931942604e-05
2020-12-02,Mariposa,043,17540.0,3,0,3,0,0,0,0,0,1,0,2,0,1,0,5.701254275940707e-05,0.0001140250855188,5.701254275940707e-05
2020-12-02,Mendocino,045,87422.0,6,0,5,0,1,0,0,0,6,0,6,0,0,0,6.86326096405939e-05,6.86326096405939e-05,0.0
2020-12-02,Merced,047,269075.0,12,0,7,0,5,0,0,0,6,0,9,0,3,0,2.229861562761312e-05,3.344792344141968e-05,1.114930781380656e-05
2020-12-02,Modoc,049,8938.0,0,0,0,0,0,0,0,0,0,0,0,0,0,0,0.0,0.0,0.0
2020-12-02,Mono,051,14174.0,0,0,0,0,0,0,0,0,0,0,0,0,0,0,0.0,0.0,0.0
2020-12-02,Monterey,053,433212.0,5,0,1,0,4,0,0,0,5,0,5,0,0,0,1.1541693212561055e-05,1.1541693212561055e-05,0.0
2020-12-02,Napa,055,140530.0,5,0,2,0,2,0,1,0,4,0,5,0,1,0,2.846367323703124e-05,3.557959154628905e-05,7.11591830925781e-06
2020-12-02,Nevada,057,99092.0,2,0,2,0,0,0,0,0,0,0,1,0,1,0,0.0,1.009163201873007e-05,1.009163201873007e-05
2020-12-02,Orange,059,3164182.0,339,5,227,4,65,1,47,0,117,5,252,5,135,0,3.697638125746244e-05,7.964143655453447e-05,4.266505529707204e-05
2020-12-02,Placer,061,380077.0,31,0,25,0,6,0,0,0,4,0,18,0,14,0,1.0524183257603063e-05,4.735882465921379e-05,3.683464140161073e-05
2020-12-02,Plumas,063,18699.0,0,0,0,0,0,0,0,0,0,0,0,0,0,0,0.0,0.0,0.0
2020-12-02,Riverside,065,2383286.0,95,2,43,2,48,0,4,0,27,2,64,2,37,0,1.1328896322136748e-05,2.6853680170990807e-05,1.5524783848854062e-05
2020-12-02,Sacramento,067,1510023.0,242,6,162,4,78,2,2,0,36,4,140,4,104,2,2.3840696466212768e-05,9.271381959082742e-05,6.887312312461466e-05
2020-12-02,San Benito,069,59416.0,1,1,1,1,0,0,0,0,1,1,1,1,0,0,1.6830483371482428e-05,1.6830483371482428e-05,0.0
2020-12-02,San Bernardino,071,2135413.0,55,2,17,2,34,0,4,0,21,2,40,2,19,0,9.834163227441249e-06,1.8731739480840478e-05,8.897576253399226e-06
2020-12-02,San Diego,073,3302833.0,865,16,323,8,456,1,86,7,113,9,528,15,415,6,3.421305285492788e-05,0.0001598627602424,0.0001256497073875
2020-12-02,San Francisco,075,870044.0,71,3,50,3,18,0,3,0,22,3,48,3,26,0,2.5286077485736355e-05,5.516962360524295e-05,2.98835461195066e-05
2020-12-02,San Joaquin,077,732212.0,26,3,19,2,7,1,0,0,11,3,19,3,8,0,1.5022971489131565e-05,2.59487689357727e-05,1.0925797446641135e-05
2020-12-02,San Luis Obispo,079,281455.0,12,1,3,0,9,1,0,0,8,1,10,1,2,0,2.842372670586772e-05,3.552965838233465e-05,7.10593167646693e-06
2020-12-02,San Mateo,081,765935.0,64,6,44,2,9,2,11,2,13,3,44,6,31,3,1.6972719617199894e-05,5.74461279351381e-05,4.047340831793821e-05
2020-12-02,Santa Barbara,083,443738.0,16,1,9,1,5,0,2,0,12,1,15,1,3,0,2.7042984824378348e-05,3.380373103047294e-05,6.760746206094587e-06
2020-12-02,Santa Clara,085,1922200.0,212,12,175,12,13,0,24,0,48,11,143,11,95,1,2.497138695245032e-05,7.439392362917491e-05,4.942253667672459e-05
2020-12-02,Santa Cruz,087,273765.0,9,0,5,0,2,0,2,0,4,0,8,0,4,0,1.4611071539459023e-05,2.922214307891805e-05,1.4611071539459023e-05
2020-12-02,Shasta,089,179085.0,358,0,143,0,215,0,0,0,6,0,182,0,176,0,3.350364352123293e-05,0.0010162771868107,0.0009827735432894
2020-12-02,Sierra,091,2930.0,1,0,0,0,1,0,0,0,1,0,1,0,0,0,0.0003412969283276,0.0003412969283276,0.0
2020-12-02,Siskiyou,093,43540.0,13,0,8,0,4,0,1,0,0,0,7,0,7,0,0.0,0.00016077170418,0.00016077170418
2020-12-02,Solano,095,438530.0,10,0,8,0,2,0,0,0,4,0,7,0,3,0,9.121382801632728e-06,1.5962419902857274e-05,6.841037101224546e-06
2020-12-02,Sonoma,097,501317.0,23,2,16,2,7,0,0,0,18,2,21,2,3,0,3.590542511025958e-05,4.188966262863617e-05,5.984237518376596e-06
2020-12-02,Stanislaus,099,539301.0,31,4,23,3,8,1,0,0,19,3,25,3,6,1,3.523078948490731e-05,4.6356301953825416e-05,1.11255124689181e-05
2020-12-02,Sutter,101,95872.0,3,0,1,0,2,0,0,0,1,0,2,0,1,0,1.0430574098798398e-05,2.0861148197596795e-05,1.0430574098798398e-05
2020-12-02,Tehama,103,63373.0,26,0,7,0,19,0,0,0,2,0,14,0,12,0,3.1559181354835657e-05,0.0002209142694838,0.000189355088129
2020-12-02,Trinity,105,12862.0,2,0,0,0,2,0,0,0,0,0,1,0,1,0,0.0,7.774840615767377e-05,7.774840615767377e-05
2020-12-02,Tulare,107,460477.0,6,0,2,0,4,0,0,0,4,0,5,0,1,0,8.686644501245448e-06,1.085830562655681e-05,2.171661125311362e-06
2020-12-02,Tuolumne,109,53932.0,5,1,2,1,3,0,0,0,5,1,5,1,0,0,9.27093376844916e-05,9.27093376844916e-05,0.0
2020-12-02,Ventura,111,848112.0,52,2,37,2,13,0,2,0,20,2,37,2,17,0,2.3581791084196427e-05,4.362631350576339e-05,2.0044522421566964e-05
2020-12-02,Yolo,113,214977.0,64,1,44,1,20,0,0,0,4,1,34,1,30,0,1.860664164073366e-05,0.0001581564539462,0.0001395498123055
2020-12-02,Yuba,115,75493.0,2,0,0,0,2,0,0,0,0,0,1,0,1,0,0.0,1.3246261242764227e-05,1.3246261242764227e-05
2020-12-01,Alameda,001,1643700.0,112,8,95,4,11,2,6,2,19,6,68,8,49,2,1.155928697450873e-05,4.137007969824177e-05,2.981079272373304e-05
2020-12-01,Alpine,003,1148.0,0,0,0,0,0,0,0,0,0,0,0,0,0,0,0.0,0.0,0.0
2020-12-01,Amador,005,37829.0,1,0,1,0,0,0,0,0,1,0,1,0,0,0,2.643474582991885e-05,2.643474582991885e-05,0.0
2020-12-01,Butte,007,227075.0,26,1,14,0,12,1,0,0,14,1,20,1,6,0,6.16536386656391e-05,8.807662666519873e-05,2.6422987999559612e-05
2020-12-01,Calaveras,009,45235.0,3,1,2,0,1,1,0,0,3,1,3,1,0,0,6.632032718028075e-05,6.632032718028075e-05,0.0
2020-12-01,Colusa,011,21464.0,0,0,0,0,0,0,0,0,0,0,0,0,0,0,0.0,0.0,0.0
2020-12-01,Contra Costa,013,1133247.0,140,5,121,3,14,2,5,0,20,5,83,5,63,0,1.764840321659797e-05,7.324087334888157e-05,5.559247013228361e-05
2020-12-01,Del Norte,015,27424.0,3,0,2,0,1,0,0,0,1,0,2,0,1,0,3.646441073512252e-05,7.292882147024503e-05,3.646441073512252e-05
2020-12-01,El Dorado,017,186661.0,21,2,8,0,13,2,0,0,7,2,14,2,7,0,3.750113842741655e-05,7.50022768548331e-05,3.750113842741655e-05
2020-12-01,Fresno,019,978130.0,15,3,10,3,5,0,0,0,9,3,12,3,3,0,9.201230920225328e-06,1.2268307893633773e-05,3.0670769734084427e-06
2020-12-01,Glenn,021,27897.0,5,1,3,1,2,0,0,0,1,1,3,1,2,0,3.58461483313618e-05,0.000107538444994,7.169229666272359e-05
2020-12-01,Humboldt,023,135768.0,4,2,3,1,1,1,0,0,4,2,4,2,0,0,2.9462023451770667e-05,2.9462023451770667e-05,0.0
2020-12-01,Imperial,025,180216.0,4,0,1,0,3,0,0,0,4,0,4,0,0,0,2.219558751720158e-05,2.219558751720158e-05,0.0
2020-12-01,Inyo,027,18085.0,1,1,1,1,0,0,0,0,1,1,1,1,0,0,5.52944429084877e-05,5.52944429084877e-05,0.0
2020-12-01,Kern,029,883053.0,10,3,6,2,3,1,1,0,7,3,9,3,2,0,7.927044016610554e-06,1.0191913735642142e-05,2.264869719031587e-06
2020-12-01,Kings,031,150075.0,1,0,0,0,1,0,0,0,1,0,1,0,0,0,6.663334999167083e-06,6.663334999167083e-06,0.0
2020-12-01,Lake,033,64148.0,2,0,2,0,0,0,0,0,0,0,1,0,1,0,0.0,1.558895055184885e-05,1.558895055184885e-05
2020-12-01,Lassen,035,31185.0,2,0,0,0,2,0,0,0,0,0,1,0,1,0,0.0,3.20666987333654e-05,3.20666987333654e-05
2020-12-01,Los Angeles,037,10098052.0,1071,107,802,81,173,19,96,7,261,94,718,104,457,13,2.5846569219489065e-05,7.110282260380517e-05,4.52562533843161e-05
2020-12-01,Madera,039,155013.0,6,1,4,1,1,0,1,0,3,1,4,1,1,0,1.9353215536761432e-05,2.5804287382348576e-05,6.451071845587144e-06
2020-12-01,Marin,041,260295.0,18,7,13,3,4,4,1,0,9,7,14,7,5,0,3.457615397913905e-05,5.3785128411994086e-05,1.920897443285503e-05
2020-12-01,Mariposa,043,17540.0,3,0,3,0,0,0,0,0,1,0,2,0,1,0,5.701254275940707e-05,0.0001140250855188,5.701254275940707e-05
2020-12-01,Mendocino,045,87422.0,6,3,5,3,1,0,0,0,6,3,6,3,0,0,6.86326096405939e-05,6.86326096405939e-05,0.0
2020-12-01,Merced,047,269075.0,12,3,7,1,5,2,0,0,6,2,9,2,3,0,2.229861562761312e-05,3.344792344141968e-05,1.114930781380656e-05
2020-12-01,Modoc,049,8938.0,0,0,0,0,0,0,0,0,0,0,0,0,0,0,0.0,0.0,0.0
2020-12-01,Mono,051,14174.0,0,0,0,0,0,0,0,0,0,0,0,0,0,0,0.0,0.0,0.0
2020-12-01,Monterey,053,433212.0,5,1,1,1,4,0,0,0,5,1,5,1,0,0,1.1541693212561055e-05,1.1541693212561055e-05,0.0
2020-12-01,Napa,055,140530.0,5,1,2,1,2,0,1,0,4,1,5,1,1,0,2.846367323703124e-05,3.557959154628905e-05,7.11591830925781e-06
2020-12-01,Nevada,057,99092.0,2,0,2,0,0,0,0,0,0,0,1,0,1,0,0.0,1.009163201873007e-05,1.009163201873007e-05
2020-12-01,Orange,059,3164182.0,334,70,223,47,64,20,47,3,112,59,247,65,135,11,3.5396194024237545e-05,7.806124932130958e-05,4.266505529707204e-05
2020-12-01,Placer,061,380077.0,31,1,25,1,6,0,0,0,4,1,18,1,14,0,1.0524183257603063e-05,4.735882465921379e-05,3.683464140161073e-05
2020-12-01,Plumas,063,18699.0,0,0,0,0,0,0,0,0,0,0,0,0,0,0,0.0,0.0,0.0
2020-12-01,Riverside,065,2383286.0,93,10,41,9,48,1,4,0,25,8,62,9,37,2,1.0489718816793285e-05,2.6014502665647345e-05,1.5524783848854062e-05
2020-12-01,Sacramento,067,1510023.0,236,6,158,3,76,2,2,1,34,5,136,6,102,1,2.2516213329200943e-05,9.006485331680378e-05,6.754863998760284e-05
2020-12-01,San Benito,069,59416.0,0,0,0,0,0,0,0,0,0,0,0,0,0,0,0.0,0.0,0.0
2020-12-01,San Bernardino,071,2135413.0,53,10,15,5,34,5,4,0,19,9,38,9,19,1,8.897576253399226e-06,1.779515250679845e-05,8.897576253399226e-06
2020-12-01,San Diego,073,3302833.0,849,75,315,43,455,19,79,13,104,60,513,75,409,15,3.148811944170353e-05,0.0001553212045537,0.000123833085112
2020-12-01,San Francisco,075,870044.0,68,10,47,8,18,2,3,0,19,10,45,10,26,0,2.183797601040867e-05,5.172152212991527e-05,2.98835461195066e-05
2020-12-01,San Joaquin,077,732212.0,23,4,17,4,6,0,0,0,8,4,16,4,8,0,1.0925797446641135e-05,2.1851594893282277e-05,1.0925797446641135e-05
2020-12-01,San Luis Obispo,079,281455.0,11,3,3,1,8,2,0,0,7,3,9,3,2,0,2.487076086763426e-05,3.197669254410119e-05,7.10593167646693e-06
2020-12-01,San Mateo,081,765935.0,58,5,42,5,7,0,9,0,10,4,38,4,28,1,1.305593816707684e-05,4.9612565034892e-05,3.655662686781515e-05
2020-12-01,Santa Barbara,083,443738.0,15,8,8,3,5,5,2,0,11,8,14,8,3,0,2.4789402755680155e-05,3.155014896177474e-05,6.760746206094587e-06
2020-12-01,Santa Clara,085,1922200.0,200,15,163,11,13,1,24,3,38,11,132,14,94,3,1.9769014670689837e-05,6.867131411923837e-05,4.890229944854854e-05
2020-12-01,Santa Cruz,087,273765.0,9,2,5,1,2,0,2,1,4,2,8,3,4,1,1.4611071539459023e-05,2.922214307891805e-05,1.4611071539459023e-05
2020-12-01,Shasta,089,179085.0,358,1,143,1,215,0,0,0,6,0,182,0,176,1,3.350364352123293e-05,0.0010162771868107,0.0009827735432894
2020-12-01,Sierra,091,2930.0,1,1,0,0,1,1,0,0,1,1,1,1,0,0,0.0003412969283276,0.0003412969283276,0.0
2020-12-01,Siskiyou,093,43540.0,13,0,8,0,4,0,1,0,0,0,7,0,7,0,0.0,0.00016077170418,0.00016077170418
2020-12-01,Solano,095,438530.0,10,3,8,2,2,1,0,0,4,3,7,3,3,0,9.121382801632728e-06,1.5962419902857274e-05,6.841037101224546e-06
2020-12-01,Sonoma,097,501317.0,21,13,14,9,7,4,0,0,16,13,19,13,3,0,3.1915933431341846e-05,3.790017094971845e-05,5.984237518376596e-06
2020-12-01,Stanislaus,099,539301.0,27,5,20,3,7,2,0,0,17,5,22,5,5,0,3.152228532860128e-05,4.079354571936637e-05,9.271260390765084e-06
2020-12-01,Sutter,101,95872.0,3,0,1,0,2,0,0,0,1,0,2,0,1,0,1.0430574098798398e-05,2.0861148197596795e-05,1.0430574098798398e-05
2020-12-01,Tehama,103,63373.0,26,0,7,0,19,0,0,0,2,0,14,0,12,0,3.1559181354835657e-05,0.0002209142694838,0.000189355088129
2020-12-01,Trinity,105,12862.0,2,0,0,0,2,0,0,0,0,0,1,0,1,0,0.0,7.774840615767377e-05,7.774840615767377e-05
2020-12-01,Tulare,107,460477.0,6,0,2,0,4,0,0,0,4,0,5,0,1,0,8.686644501245448e-06,1.085830562655681e-05,2.171661125311362e-06
2020-12-01,Tuolumne,109,53932.0,4,0,1,0,3,0,0,0,4,0,4,0,0,0,7.416747014759327e-05,7.416747014759327e-05,0.0
2020-12-01,Ventura,111,848112.0,50,8,35,6,13,2,2,0,18,8,35,8,17,0,2.1223611975776783e-05,4.126813439734375e-05,2.0044522421566964e-05
2020-12-01,Yolo,113,214977.0,63,0,43,0,20,0,0,0,3,0,33,0,30,0,1.3954981230550245e-05,0.000153504793536,0.0001395498123055
2020-12-01,Yuba,115,75493.0,2,0,0,0,2,0,0,0,0,0,1,0,1,0,0.0,1.3246261242764227e-05,1.3246261242764227e-05
2020-11-30,Alameda,001,1643700.0,104,1,91,0,9,0,4,1,13,0,60,0,47,0,7.908985824663868e-06,3.650301149844862e-05,2.8594025673784754e-05
2020-11-30,Alpine,003,1148.0,0,0,0,0,0,0,0,0,0,0,0,0,0,0,0.0,0.0,0.0
2020-11-30,Amador,005,37829.0,1,0,1,0,0,0,0,0,1,0,1,0,0,0,2.643474582991885e-05,2.643474582991885e-05,0.0
2020-11-30,Butte,007,227075.0,25,0,14,0,11,0,0,0,13,0,19,0,6,0,5.724980733237917e-05,8.367279533193878e-05,2.6422987999559612e-05
2020-11-30,Calaveras,009,45235.0,2,0,2,0,0,0,0,0,2,0,2,0,0,0,4.421355145352051e-05,4.421355145352051e-05,0.0
2020-11-30,Colusa,011,21464.0,0,0,0,0,0,0,0,0,0,0,0,0,0,0,0.0,0.0,0.0
2020-11-30,Contra Costa,013,1133247.0,135,0,118,0,12,0,5,0,15,0,78,0,63,0,1.3236302412448478e-05,6.882877254473208e-05,5.559247013228361e-05
2020-11-30,Del Norte,015,27424.0,3,0,2,0,1,0,0,0,1,0,2,0,1,0,3.646441073512252e-05,7.292882147024503e-05,3.646441073512252e-05
2020-11-30,El Dorado,017,186661.0,19,1,8,0,11,1,0,0,5,1,12,1,7,0,2.678652744815468e-05,6.428766587557122e-05,3.750113842741655e-05
2020-11-30,Fresno,019,978130.0,12,0,7,0,5,0,0,0,6,0,9,0,3,0,6.134153946816885e-06,9.201230920225328e-06,3.0670769734084427e-06
2020-11-30,Glenn,021,27897.0,4,0,2,0,2,0,0,0,0,0,2,0,2,0,0.0,7.169229666272359e-05,7.169229666272359e-05
2020-11-30,Humboldt,023,135768.0,2,0,2,0,0,0,0,0,2,0,2,0,0,0,1.4731011725885332e-05,1.4731011725885332e-05,0.0
2020-11-30,Imperial,025,180216.0,4,0,1,0,3,0,0,0,4,0,4,0,0,0,2.219558751720158e-05,2.219558751720158e-05,0.0
2020-11-30,Inyo,027,18085.0,0,0,0,0,0,0,0,0,0,0,0,0,0,0,0.0,0.0,0.0
2020-11-30,Kern,029,883053.0,7,1,4,0,2,0,1,1,4,0,6,1,2,1,4.529739438063174e-06,6.794609157094761e-06,2.264869719031587e-06
2020-11-30,Kings,031,150075.0,1,0,0,0,1,0,0,0,1,0,1,0,0,0,6.663334999167083e-06,6.663334999167083e-06,0.0
2020-11-30,Lake,033,64148.0,2,0,2,0,0,0,0,0,0,0,1,0,1,0,0.0,1.558895055184885e-05,1.558895055184885e-05
2020-11-30,Lassen,035,31185.0,2,0,0,0,2,0,0,0,0,0,1,0,1,0,0.0,3.20666987333654e-05,3.20666987333654e-05
2020-11-30,Los Angeles,037,10098052.0,964,5,721,3,154,2,89,0,170,5,614,5,444,0,1.6834930142962227e-05,6.080380651634592e-05,4.3968876373383696e-05
2020-11-30,Madera,039,155013.0,5,0,3,0,1,0,1,0,2,0,3,0,1,0,1.2902143691174288e-05,1.9353215536761432e-05,6.451071845587144e-06
2020-11-30,Marin,041,260295.0,11,0,10,0,0,0,1,0,2,0,7,0,5,0,7.683589773142011e-06,2.6892564205997043e-05,1.920897443285503e-05
2020-11-30,Mariposa,043,17540.0,3,0,3,0,0,0,0,0,1,0,2,0,1,0,5.701254275940707e-05,0.0001140250855188,5.701254275940707e-05
2020-11-30,Mendocino,045,87422.0,3,0,2,0,1,0,0,0,3,0,3,0,0,0,3.431630482029695e-05,3.431630482029695e-05,0.0
2020-11-30,Merced,047,269075.0,9,1,6,0,3,1,0,0,4,1,7,1,3,0,1.486574375174208e-05,2.601505156554864e-05,1.114930781380656e-05
2020-11-30,Modoc,049,8938.0,0,0,0,0,0,0,0,0,0,0,0,0,0,0,0.0,0.0,0.0
2020-11-30,Mono,051,14174.0,0,0,0,0,0,0,0,0,0,0,0,0,0,0,0.0,0.0,0.0
2020-11-30,Monterey,053,433212.0,4,0,0,0,4,0,0,0,4,0,4,0,0,0,9.233354570048845e-06,9.233354570048845e-06,0.0
2020-11-30,Napa,055,140530.0,4,0,1,0,2,0,1,0,3,0,4,0,1,0,2.134775492777343e-05,2.846367323703124e-05,7.11591830925781e-06
2020-11-30,Nevada,057,99092.0,2,0,2,0,0,0,0,0,0,0,1,0,1,0,0.0,1.009163201873007e-05,1.009163201873007e-05
2020-11-30,Orange,059,3164182.0,264,8,176,1,44,2,44,5,58,2,182,7,124,6,1.8330171905408727e-05,5.751881528938601e-05,3.918864338397728e-05
2020-11-30,Placer,061,380077.0,30,0,24,0,6,0,0,0,3,0,17,0,14,0,7.893137443202299e-06,4.472777884481303e-05,3.683464140161073e-05
2020-11-30,Plumas,063,18699.0,0,0,0,0,0,0,0,0,0,0,0,0,0,0,0.0,0.0,0.0
2020-11-30,Riverside,065,2383286.0,83,2,32,1,47,0,4,1,18,1,53,2,35,1,7.552597548091165e-06,2.223820389160176e-05,1.46856063435106e-05
2020-11-30,Sacramento,067,1510023.0,230,0,155,0,74,0,1,0,29,0,130,0,101,0,1.92050054866714e-05,8.609140390576833e-05,6.688639841909693e-05
2020-11-30,San Benito,069,59416.0,0,0,0,0,0,0,0,0,0,0,0,0,0,0,0.0,0.0,0.0
2020-11-30,San Bernardino,071,2135413.0,43,0,10,0,29,0,4,0,11,0,29,0,18,0,5.15122835723113e-06,1.3580511123609344e-05,8.429282766378214e-06
2020-11-30,San Diego,073,3302833.0,774,3,272,1,436,1,66,1,44,1,438,2,394,2,1.3321896686874571e-05,0.0001326134261102,0.0001192915294233
2020-11-30,San Francisco,075,870044.0,58,0,39,0,16,0,3,0,9,0,35,0,26,0,1.0344304425983052e-05,4.0227850545489657e-05,2.98835461195066e-05
2020-11-30,San Joaquin,077,732212.0,19,0,13,0,6,0,0,0,4,0,12,0,8,0,5.4628987233205685e-06,1.6388696169961705e-05,1.0925797446641135e-05
2020-11-30,San Luis Obispo,079,281455.0,8,0,2,0,6,0,0,0,4,0,6,0,2,0,1.421186335293386e-05,2.1317795029400792e-05,7.10593167646693e-06
2020-11-30,San Mateo,081,765935.0,53,1,37,1,7,0,9,0,7,1,34,1,27,0,9.139156716953788e-06,4.439018976806126e-05,3.525103305110747e-05
2020-11-30,Santa Barbara,083,443738.0,7,0,5,0,0,0,2,0,3,0,6,0,3,0,6.760746206094587e-06,1.3521492412189174e-05,6.760746206094587e-06
2020-11-30,Santa Clara,085,1922200.0,185,5,152,4,12,1,21,0,27,5,118,5,91,0,1.4046405160753304e-05,6.138799292477369e-05,4.73415877640204e-05
2020-11-30,Santa Cruz,087,273765.0,7,0,4,0,2,0,1,0,2,0,5,0,3,0,7.305535769729512e-06,1.826383942432378e-05,1.095830365459427e-05
2020-11-30,Shasta,089,179085.0,357,0,142,0,215,0,0,0,7,0,182,0,175,0,3.908758410810509e-05,0.0010162771868107,0.0009771896027026
2020-11-30,Sierra,091,2930.0,0,0,0,0,0,0,0,0,0,0,0,0,0,0,0.0,0.0,0.0
2020-11-30,Siskiyou,093,43540.0,13,0,8,0,4,0,1,0,0,0,7,0,7,0,0.0,0.00016077170418,0.00016077170418
2020-11-30,Solano,095,438530.0,7,0,6,0,1,0,0,0,1,0,4,0,3,0,2.280345700408182e-06,9.121382801632728e-06,6.841037101224546e-06
2020-11-30,Sonoma,097,501317.0,8,0,5,0,3,0,0,0,3,0,6,0,3,0,5.984237518376596e-06,1.1968475036753192e-05,5.984237518376596e-06
2020-11-30,Stanislaus,099,539301.0,22,0,17,0,5,0,0,0,12,0,17,0,5,0,2.22510249378362e-05,3.152228532860128e-05,9.271260390765084e-06
2020-11-30,Sutter,101,95872.0,3,0,1,0,2,0,0,0,1,0,2,0,1,0,1.0430574098798398e-05,2.0861148197596795e-05,1.0430574098798398e-05
2020-11-30,Tehama,103,63373.0,26,0,7,0,19,0,0,0,2,0,14,0,12,0,3.1559181354835657e-05,0.0002209142694838,0.000189355088129
2020-11-30,Trinity,105,12862.0,2,0,0,0,2,0,0,0,0,0,1,0,1,0,0.0,7.774840615767377e-05,7.774840615767377e-05
2020-11-30,Tulare,107,460477.0,6,0,2,0,4,0,0,0,4,0,5,0,1,0,8.686644501245448e-06,1.085830562655681e-05,2.171661125311362e-06
2020-11-30,Tuolumne,109,53932.0,4,0,1,0,3,0,0,0,4,0,4,0,0,0,7.416747014759327e-05,7.416747014759327e-05,0.0
2020-11-30,Ventura,111,848112.0,42,0,29,0,11,0,2,0,10,0,27,0,17,0,1.1790895542098214e-05,3.183541796366518e-05,2.0044522421566964e-05
2020-11-30,Yolo,113,214977.0,63,0,43,0,20,0,0,0,3,0,33,0,30,0,1.3954981230550245e-05,0.000153504793536,0.0001395498123055
2020-11-30,Yuba,115,75493.0,2,0,0,0,2,0,0,0,0,0,1,0,1,0,0.0,1.3246261242764227e-05,1.3246261242764227e-05
2020-11-29,Alameda,001,1643700.0,103,0,91,0,9,0,3,0,13,0,60,0,47,0,7.908985824663868e-06,3.650301149844862e-05,2.8594025673784754e-05
2020-11-29,Alpine,003,1148.0,0,0,0,0,0,0,0,0,0,0,0,0,0,0,0.0,0.0,0.0
2020-11-29,Amador,005,37829.0,1,0,1,0,0,0,0,0,1,0,1,0,0,0,2.643474582991885e-05,2.643474582991885e-05,0.0
2020-11-29,Butte,007,227075.0,25,0,14,0,11,0,0,0,13,0,19,0,6,0,5.724980733237917e-05,8.367279533193878e-05,2.6422987999559612e-05
2020-11-29,Calaveras,009,45235.0,2,0,2,0,0,0,0,0,2,0,2,0,0,0,4.421355145352051e-05,4.421355145352051e-05,0.0
2020-11-29,Colusa,011,21464.0,0,0,0,0,0,0,0,0,0,0,0,0,0,0,0.0,0.0,0.0
2020-11-29,Contra Costa,013,1133247.0,135,0,118,0,12,0,5,0,15,0,78,0,63,0,1.3236302412448478e-05,6.882877254473208e-05,5.559247013228361e-05
2020-11-29,Del Norte,015,27424.0,3,0,2,0,1,0,0,0,1,0,2,0,1,0,3.646441073512252e-05,7.292882147024503e-05,3.646441073512252e-05
2020-11-29,El Dorado,017,186661.0,18,0,8,0,10,0,0,0,4,0,11,0,7,0,2.1429221958523742e-05,5.893036038594029e-05,3.750113842741655e-05
2020-11-29,Fresno,019,978130.0,12,0,7,0,5,0,0,0,6,0,9,0,3,0,6.134153946816885e-06,9.201230920225328e-06,3.0670769734084427e-06
2020-11-29,Glenn,021,27897.0,4,0,2,0,2,0,0,0,0,0,2,0,2,0,0.0,7.169229666272359e-05,7.169229666272359e-05
2020-11-29,Humboldt,023,135768.0,2,0,2,0,0,0,0,0,2,0,2,0,0,0,1.4731011725885332e-05,1.4731011725885332e-05,0.0
2020-11-29,Imperial,025,180216.0,4,0,1,0,3,0,0,0,4,0,4,0,0,0,2.219558751720158e-05,2.219558751720158e-05,0.0
2020-11-29,Inyo,027,18085.0,0,0,0,0,0,0,0,0,0,0,0,0,0,0,0.0,0.0,0.0
2020-11-29,Kern,029,883053.0,6,0,4,0,2,0,0,0,4,0,5,0,1,0,4.529739438063174e-06,5.662174297578967e-06,1.1324348595157936e-06
2020-11-29,Kings,031,150075.0,1,0,0,0,1,0,0,0,1,0,1,0,0,0,6.663334999167083e-06,6.663334999167083e-06,0.0
2020-11-29,Lake,033,64148.0,2,0,2,0,0,0,0,0,0,0,1,0,1,0,0.0,1.558895055184885e-05,1.558895055184885e-05
2020-11-29,Lassen,035,31185.0,2,0,0,0,2,0,0,0,0,0,1,0,1,0,0.0,3.20666987333654e-05,3.20666987333654e-05
2020-11-29,Los Angeles,037,10098052.0,959,2,718,0,152,2,89,0,165,2,609,2,444,0,1.6339785138757456e-05,6.030866151214115e-05,4.3968876373383696e-05
2020-11-29,Madera,039,155013.0,5,0,3,0,1,0,1,0,2,0,3,0,1,0,1.2902143691174288e-05,1.9353215536761432e-05,6.451071845587144e-06
2020-11-29,Marin,041,260295.0,11,0,10,0,0,0,1,0,2,0,7,0,5,0,7.683589773142011e-06,2.6892564205997043e-05,1.920897443285503e-05
2020-11-29,Mariposa,043,17540.0,3,0,3,0,0,0,0,0,1,0,2,0,1,0,5.701254275940707e-05,0.0001140250855188,5.701254275940707e-05
2020-11-29,Mendocino,045,87422.0,3,0,2,0,1,0,0,0,3,0,3,0,0,0,3.431630482029695e-05,3.431630482029695e-05,0.0
2020-11-29,Merced,047,269075.0,8,0,6,0,2,0,0,0,3,0,6,0,3,0,1.114930781380656e-05,2.229861562761312e-05,1.114930781380656e-05
2020-11-29,Modoc,049,8938.0,0,0,0,0,0,0,0,0,0,0,0,0,0,0,0.0,0.0,0.0
2020-11-29,Mono,051,14174.0,0,0,0,0,0,0,0,0,0,0,0,0,0,0,0.0,0.0,0.0
2020-11-29,Monterey,053,433212.0,4,0,0,0,4,0,0,0,4,0,4,0,0,0,9.233354570048845e-06,9.233354570048845e-06,0.0
2020-11-29,Napa,055,140530.0,4,0,1,0,2,0,1,0,3,0,4,0,1,0,2.134775492777343e-05,2.846367323703124e-05,7.11591830925781e-06
2020-11-29,Nevada,057,99092.0,2,0,2,0,0,0,0,0,0,0,1,0,1,0,0.0,1.009163201873007e-05,1.009163201873007e-05
2020-11-29,Orange,059,3164182.0,256,1,175,0,42,1,39,0,57,0,175,0,118,1,1.801413445876375e-05,5.530655316287116e-05,3.729241870410741e-05
2020-11-29,Placer,061,380077.0,30,0,24,0,6,0,0,0,3,0,17,0,14,0,7.893137443202299e-06,4.472777884481303e-05,3.683464140161073e-05
2020-11-29,Plumas,063,18699.0,0,0,0,0,0,0,0,0,0,0,0,0,0,0,0.0,0.0,0.0
2020-11-29,Riverside,065,2383286.0,81,0,31,0,47,0,3,0,17,0,51,0,34,0,7.133008795419434e-06,2.13990263862583e-05,1.4266017590838867e-05
2020-11-29,Sacramento,067,1510023.0,230,0,155,0,74,0,1,0,29,0,130,0,101,0,1.92050054866714e-05,8.609140390576833e-05,6.688639841909693e-05
2020-11-29,San Benito,069,59416.0,0,0,0,0,0,0,0,0,0,0,0,0,0,0,0.0,0.0,0.0
2020-11-29,San Bernardino,071,2135413.0,43,0,10,0,29,0,4,0,11,0,29,0,18,0,5.15122835723113e-06,1.3580511123609344e-05,8.429282766378214e-06
2020-11-29,San Diego,073,3302833.0,771,0,271,0,435,0,65,0,44,0,436,0,392,0,1.3321896686874571e-05,0.0001320078853517,0.0001186859886648
2020-11-29,San Francisco,075,870044.0,58,1,39,0,16,1,3,0,9,1,35,1,26,0,1.0344304425983052e-05,4.0227850545489657e-05,2.98835461195066e-05
2020-11-29,San Joaquin,077,732212.0,19,0,13,0,6,0,0,0,4,0,12,0,8,0,5.4628987233205685e-06,1.6388696169961705e-05,1.0925797446641135e-05
2020-11-29,San Luis Obispo,079,281455.0,8,0,2,0,6,0,0,0,4,0,6,0,2,0,1.421186335293386e-05,2.1317795029400792e-05,7.10593167646693e-06
2020-11-29,San Mateo,081,765935.0,52,0,36,0,7,0,9,0,6,0,33,0,27,0,7.833562900246105e-06,4.3084595951353576e-05,3.525103305110747e-05
2020-11-29,Santa Barbara,083,443738.0,7,0,5,0,0,0,2,0,3,0,6,0,3,0,6.760746206094587e-06,1.3521492412189174e-05,6.760746206094587e-06
2020-11-29,Santa Clara,085,1922200.0,180,0,148,0,11,0,21,0,22,0,113,0,91,0,1.1445219019873062e-05,5.878680678389346e-05,4.73415877640204e-05
2020-11-29,Santa Cruz,087,273765.0,7,0,4,0,2,0,1,0,2,0,5,0,3,0,7.305535769729512e-06,1.826383942432378e-05,1.095830365459427e-05
2020-11-29,Shasta,089,179085.0,357,0,142,0,215,0,0,0,7,0,182,0,175,0,3.908758410810509e-05,0.0010162771868107,0.0009771896027026
2020-11-29,Sierra,091,2930.0,0,0,0,0,0,0,0,0,0,0,0,0,0,0,0.0,0.0,0.0
2020-11-29,Siskiyou,093,43540.0,13,0,8,0,4,0,1,0,0,0,7,0,7,0,0.0,0.00016077170418,0.00016077170418
2020-11-29,Solano,095,438530.0,7,0,6,0,1,0,0,0,1,0,4,0,3,0,2.280345700408182e-06,9.121382801632728e-06,6.841037101224546e-06
2020-11-29,Sonoma,097,501317.0,8,0,5,0,3,0,0,0,3,0,6,0,3,0,5.984237518376596e-06,1.1968475036753192e-05,5.984237518376596e-06
2020-11-29,Stanislaus,099,539301.0,22,0,17,0,5,0,0,0,12,0,17,0,5,0,2.22510249378362e-05,3.152228532860128e-05,9.271260390765084e-06
2020-11-29,Sutter,101,95872.0,3,0,1,0,2,0,0,0,1,0,2,0,1,0,1.0430574098798398e-05,2.0861148197596795e-05,1.0430574098798398e-05
2020-11-29,Tehama,103,63373.0,26,0,7,0,19,0,0,0,2,0,14,0,12,0,3.1559181354835657e-05,0.0002209142694838,0.000189355088129
2020-11-29,Trinity,105,12862.0,2,0,0,0,2,0,0,0,0,0,1,0,1,0,0.0,7.774840615767377e-05,7.774840615767377e-05
2020-11-29,Tulare,107,460477.0,6,0,2,0,4,0,0,0,4,0,5,0,1,0,8.686644501245448e-06,1.085830562655681e-05,2.171661125311362e-06
2020-11-29,Tuolumne,109,53932.0,4,0,1,0,3,0,0,0,4,0,4,0,0,0,7.416747014759327e-05,7.416747014759327e-05,0.0
2020-11-29,Ventura,111,848112.0,42,0,29,0,11,0,2,0,10,0,27,0,17,0,1.1790895542098214e-05,3.183541796366518e-05,2.0044522421566964e-05
2020-11-29,Yolo,113,214977.0,63,0,43,0,20,0,0,0,3,0,33,0,30,0,1.3954981230550245e-05,0.000153504793536,0.0001395498123055
2020-11-29,Yuba,115,75493.0,2,0,0,0,2,0,0,0,0,0,1,0,1,0,0.0,1.3246261242764227e-05,1.3246261242764227e-05
2020-11-28,Alameda,001,1643700.0,103,0,91,0,9,0,3,0,13,0,60,0,47,0,7.908985824663868e-06,3.650301149844862e-05,2.8594025673784754e-05
2020-11-28,Alpine,003,1148.0,0,0,0,0,0,0,0,0,0,0,0,0,0,0,0.0,0.0,0.0
2020-11-28,Amador,005,37829.0,1,0,1,0,0,0,0,0,1,0,1,0,0,0,2.643474582991885e-05,2.643474582991885e-05,0.0
2020-11-28,Butte,007,227075.0,25,0,14,0,11,0,0,0,13,0,19,0,6,0,5.724980733237917e-05,8.367279533193878e-05,2.6422987999559612e-05
2020-11-28,Calaveras,009,45235.0,2,0,2,0,0,0,0,0,2,0,2,0,0,0,4.421355145352051e-05,4.421355145352051e-05,0.0
2020-11-28,Colusa,011,21464.0,0,0,0,0,0,0,0,0,0,0,0,0,0,0,0.0,0.0,0.0
2020-11-28,Contra Costa,013,1133247.0,135,1,118,1,12,0,5,0,15,1,78,1,63,0,1.3236302412448478e-05,6.882877254473208e-05,5.559247013228361e-05
2020-11-28,Del Norte,015,27424.0,3,0,2,0,1,0,0,0,1,0,2,0,1,0,3.646441073512252e-05,7.292882147024503e-05,3.646441073512252e-05
2020-11-28,El Dorado,017,186661.0,18,0,8,0,10,0,0,0,4,0,11,0,7,0,2.1429221958523742e-05,5.893036038594029e-05,3.750113842741655e-05
2020-11-28,Fresno,019,978130.0,12,0,7,0,5,0,0,0,6,0,9,0,3,0,6.134153946816885e-06,9.201230920225328e-06,3.0670769734084427e-06
2020-11-28,Glenn,021,27897.0,4,0,2,0,2,0,0,0,0,0,2,0,2,0,0.0,7.169229666272359e-05,7.169229666272359e-05
2020-11-28,Humboldt,023,135768.0,2,0,2,0,0,0,0,0,2,0,2,0,0,0,1.4731011725885332e-05,1.4731011725885332e-05,0.0
2020-11-28,Imperial,025,180216.0,4,0,1,0,3,0,0,0,4,0,4,0,0,0,2.219558751720158e-05,2.219558751720158e-05,0.0
2020-11-28,Inyo,027,18085.0,0,0,0,0,0,0,0,0,0,0,0,0,0,0,0.0,0.0,0.0
2020-11-28,Kern,029,883053.0,6,0,4,0,2,0,0,0,4,0,5,0,1,0,4.529739438063174e-06,5.662174297578967e-06,1.1324348595157936e-06
2020-11-28,Kings,031,150075.0,1,0,0,0,1,0,0,0,1,0,1,0,0,0,6.663334999167083e-06,6.663334999167083e-06,0.0
2020-11-28,Lake,033,64148.0,2,0,2,0,0,0,0,0,0,0,1,0,1,0,0.0,1.558895055184885e-05,1.558895055184885e-05
2020-11-28,Lassen,035,31185.0,2,0,0,0,2,0,0,0,0,0,1,0,1,0,0.0,3.20666987333654e-05,3.20666987333654e-05
2020-11-28,Los Angeles,037,10098052.0,957,4,718,1,150,1,89,2,163,2,607,4,444,2,1.6141727137075547e-05,6.011060351045925e-05,4.3968876373383696e-05
2020-11-28,Madera,039,155013.0,5,0,3,0,1,0,1,0,2,0,3,0,1,0,1.2902143691174288e-05,1.9353215536761432e-05,6.451071845587144e-06
2020-11-28,Marin,041,260295.0,11,0,10,0,0,0,1,0,2,0,7,0,5,0,7.683589773142011e-06,2.6892564205997043e-05,1.920897443285503e-05
2020-11-28,Mariposa,043,17540.0,3,0,3,0,0,0,0,0,1,0,2,0,1,0,5.701254275940707e-05,0.0001140250855188,5.701254275940707e-05
2020-11-28,Mendocino,045,87422.0,3,0,2,0,1,0,0,0,3,0,3,0,0,0,3.431630482029695e-05,3.431630482029695e-05,0.0
2020-11-28,Merced,047,269075.0,8,0,6,0,2,0,0,0,3,0,6,0,3,0,1.114930781380656e-05,2.229861562761312e-05,1.114930781380656e-05
2020-11-28,Modoc,049,8938.0,0,0,0,0,0,0,0,0,0,0,0,0,0,0,0.0,0.0,0.0
2020-11-28,Mono,051,14174.0,0,0,0,0,0,0,0,0,0,0,0,0,0,0,0.0,0.0,0.0
2020-11-28,Monterey,053,433212.0,4,0,0,0,4,0,0,0,4,0,4,0,0,0,9.233354570048845e-06,9.233354570048845e-06,0.0
2020-11-28,Napa,055,140530.0,4,1,1,0,2,1,1,0,3,1,4,1,1,0,2.134775492777343e-05,2.846367323703124e-05,7.11591830925781e-06
2020-11-28,Nevada,057,99092.0,2,0,2,0,0,0,0,0,0,0,1,0,1,0,0.0,1.009163201873007e-05,1.009163201873007e-05
2020-11-28,Orange,059,3164182.0,255,1,175,1,41,0,39,0,58,0,175,0,117,1,1.8330171905408727e-05,5.530655316287116e-05,3.697638125746244e-05
2020-11-28,Placer,061,380077.0,30,0,24,0,6,0,0,0,3,0,17,0,14,0,7.893137443202299e-06,4.472777884481303e-05,3.683464140161073e-05
2020-11-28,Plumas,063,18699.0,0,0,0,0,0,0,0,0,0,0,0,0,0,0,0.0,0.0,0.0
2020-11-28,Riverside,065,2383286.0,81,0,31,0,47,0,3,0,17,0,51,0,34,0,7.133008795419434e-06,2.13990263862583e-05,1.4266017590838867e-05
2020-11-28,Sacramento,067,1510023.0,230,1,155,0,74,1,1,0,29,1,130,1,101,0,1.92050054866714e-05,8.609140390576833e-05,6.688639841909693e-05
2020-11-28,San Benito,069,59416.0,0,0,0,0,0,0,0,0,0,0,0,0,0,0,0.0,0.0,0.0
2020-11-28,San Bernardino,071,2135413.0,43,0,10,0,29,0,4,0,11,0,29,0,18,0,5.15122835723113e-06,1.3580511123609344e-05,8.429282766378214e-06
2020-11-28,San Diego,073,3302833.0,771,1,271,0,435,1,65,0,44,1,436,1,392,0,1.3321896686874571e-05,0.0001320078853517,0.0001186859886648
2020-11-28,San Francisco,075,870044.0,57,0,39,0,15,0,3,0,8,0,34,0,26,0,9.194937267540491e-06,3.907848338704709e-05,2.98835461195066e-05
2020-11-28,San Joaquin,077,732212.0,19,0,13,0,6,0,0,0,4,0,12,0,8,0,5.4628987233205685e-06,1.6388696169961705e-05,1.0925797446641135e-05
2020-11-28,San Luis Obispo,079,281455.0,8,0,2,0,6,0,0,0,4,0,6,0,2,0,1.421186335293386e-05,2.1317795029400792e-05,7.10593167646693e-06
2020-11-28,San Mateo,081,765935.0,52,0,36,0,7,0,9,0,6,0,33,0,27,0,7.833562900246105e-06,4.3084595951353576e-05,3.525103305110747e-05
2020-11-28,Santa Barbara,083,443738.0,7,0,5,0,0,0,2,0,3,0,6,0,3,0,6.760746206094587e-06,1.3521492412189174e-05,6.760746206094587e-06
2020-11-28,Santa Clara,085,1922200.0,180,1,148,1,11,0,21,0,22,1,113,1,91,0,1.1445219019873062e-05,5.878680678389346e-05,4.73415877640204e-05
2020-11-28,Santa Cruz,087,273765.0,7,0,4,0,2,0,1,0,2,0,5,0,3,0,7.305535769729512e-06,1.826383942432378e-05,1.095830365459427e-05
2020-11-28,Shasta,089,179085.0,357,0,142,0,215,0,0,0,7,0,182,0,175,0,3.908758410810509e-05,0.0010162771868107,0.0009771896027026
2020-11-28,Sierra,091,2930.0,0,0,0,0,0,0,0,0,0,0,0,0,0,0,0.0,0.0,0.0
2020-11-28,Siskiyou,093,43540.0,13,0,8,0,4,0,1,0,0,0,7,0,7,0,0.0,0.00016077170418,0.00016077170418
2020-11-28,Solano,095,438530.0,7,0,6,0,1,0,0,0,1,0,4,0,3,0,2.280345700408182e-06,9.121382801632728e-06,6.841037101224546e-06
2020-11-28,Sonoma,097,501317.0,8,0,5,0,3,0,0,0,3,0,6,0,3,0,5.984237518376596e-06,1.1968475036753192e-05,5.984237518376596e-06
2020-11-28,Stanislaus,099,539301.0,22,1,17,1,5,0,0,0,12,1,17,1,5,0,2.22510249378362e-05,3.152228532860128e-05,9.271260390765084e-06
2020-11-28,Sutter,101,95872.0,3,0,1,0,2,0,0,0,1,0,2,0,1,0,1.0430574098798398e-05,2.0861148197596795e-05,1.0430574098798398e-05
2020-11-28,Tehama,103,63373.0,26,0,7,0,19,0,0,0,2,0,14,0,12,0,3.1559181354835657e-05,0.0002209142694838,0.000189355088129
2020-11-28,Trinity,105,12862.0,2,0,0,0,2,0,0,0,0,0,1,0,1,0,0.0,7.774840615767377e-05,7.774840615767377e-05
2020-11-28,Tulare,107,460477.0,6,0,2,0,4,0,0,0,4,0,5,0,1,0,8.686644501245448e-06,1.085830562655681e-05,2.171661125311362e-06
2020-11-28,Tuolumne,109,53932.0,4,0,1,0,3,0,0,0,4,0,4,0,0,0,7.416747014759327e-05,7.416747014759327e-05,0.0
2020-11-28,Ventura,111,848112.0,42,0,29,0,11,0,2,0,10,0,27,0,17,0,1.1790895542098214e-05,3.183541796366518e-05,2.0044522421566964e-05
2020-11-28,Yolo,113,214977.0,63,0,43,0,20,0,0,0,3,0,33,0,30,0,1.3954981230550245e-05,0.000153504793536,0.0001395498123055
2020-11-28,Yuba,115,75493.0,2,0,0,0,2,0,0,0,0,0,1,0,1,0,0.0,1.3246261242764227e-05,1.3246261242764227e-05
2020-11-27,Alameda,001,1643700.0,103,0,91,0,9,0,3,0,13,0,60,0,47,0,7.908985824663868e-06,3.650301149844862e-05,2.8594025673784754e-05
2020-11-27,Alpine,003,1148.0,0,0,0,0,0,0,0,0,0,0,0,0,0,0,0.0,0.0,0.0
2020-11-27,Amador,005,37829.0,1,0,1,0,0,0,0,0,1,0,1,0,0,0,2.643474582991885e-05,2.643474582991885e-05,0.0
2020-11-27,Butte,007,227075.0,25,1,14,1,11,0,0,0,13,1,19,1,6,0,5.724980733237917e-05,8.367279533193878e-05,2.6422987999559612e-05
2020-11-27,Calaveras,009,45235.0,2,0,2,0,0,0,0,0,2,0,2,0,0,0,4.421355145352051e-05,4.421355145352051e-05,0.0
2020-11-27,Colusa,011,21464.0,0,0,0,0,0,0,0,0,0,0,0,0,0,0,0.0,0.0,0.0
2020-11-27,Contra Costa,013,1133247.0,134,1,117,1,12,0,5,0,14,1,77,1,63,0,1.235388225161858e-05,6.794635238390219e-05,5.559247013228361e-05
2020-11-27,Del Norte,015,27424.0,3,0,2,0,1,0,0,0,1,0,2,0,1,0,3.646441073512252e-05,7.292882147024503e-05,3.646441073512252e-05
2020-11-27,El Dorado,017,186661.0,18,0,8,0,10,0,0,0,4,0,11,0,7,0,2.1429221958523742e-05,5.893036038594029e-05,3.750113842741655e-05
2020-11-27,Fresno,019,978130.0,12,0,7,0,5,0,0,0,6,0,9,0,3,0,6.134153946816885e-06,9.201230920225328e-06,3.0670769734084427e-06
2020-11-27,Glenn,021,27897.0,4,0,2,0,2,0,0,0,0,0,2,0,2,0,0.0,7.169229666272359e-05,7.169229666272359e-05
2020-11-27,Humboldt,023,135768.0,2,0,2,0,0,0,0,0,2,0,2,0,0,0,1.4731011725885332e-05,1.4731011725885332e-05,0.0
2020-11-27,Imperial,025,180216.0,4,0,1,0,3,0,0,0,4,0,4,0,0,0,2.219558751720158e-05,2.219558751720158e-05,0.0
2020-11-27,Inyo,027,18085.0,0,0,0,0,0,0,0,0,0,0,0,0,0,0,0.0,0.0,0.0
2020-11-27,Kern,029,883053.0,6,0,4,0,2,0,0,0,4,0,5,0,1,0,4.529739438063174e-06,5.662174297578967e-06,1.1324348595157936e-06
2020-11-27,Kings,031,150075.0,1,0,0,0,1,0,0,0,1,0,1,0,0,0,6.663334999167083e-06,6.663334999167083e-06,0.0
2020-11-27,Lake,033,64148.0,2,0,2,0,0,0,0,0,0,0,1,0,1,0,0.0,1.558895055184885e-05,1.558895055184885e-05
2020-11-27,Lassen,035,31185.0,2,0,0,0,2,0,0,0,0,0,1,0,1,0,0.0,3.20666987333654e-05,3.20666987333654e-05
2020-11-27,Los Angeles,037,10098052.0,953,4,717,0,149,0,87,4,161,0,603,4,442,4,1.594366913539364e-05,5.971448750709543e-05,4.377081837170179e-05
2020-11-27,Madera,039,155013.0,5,0,3,0,1,0,1,0,2,0,3,0,1,0,1.2902143691174288e-05,1.9353215536761432e-05,6.451071845587144e-06
2020-11-27,Marin,041,260295.0,11,0,10,0,0,0,1,0,2,0,7,0,5,0,7.683589773142011e-06,2.6892564205997043e-05,1.920897443285503e-05
2020-11-27,Mariposa,043,17540.0,3,0,3,0,0,0,0,0,1,0,2,0,1,0,5.701254275940707e-05,0.0001140250855188,5.701254275940707e-05
2020-11-27,Mendocino,045,87422.0,3,0,2,0,1,0,0,0,3,0,3,0,0,0,3.431630482029695e-05,3.431630482029695e-05,0.0
2020-11-27,Merced,047,269075.0,8,0,6,0,2,0,0,0,3,0,6,0,3,0,1.114930781380656e-05,2.229861562761312e-05,1.114930781380656e-05
2020-11-27,Modoc,049,8938.0,0,0,0,0,0,0,0,0,0,0,0,0,0,0,0.0,0.0,0.0
2020-11-27,Mono,051,14174.0,0,0,0,0,0,0,0,0,0,0,0,0,0,0,0.0,0.0,0.0
2020-11-27,Monterey,053,433212.0,4,0,0,0,4,0,0,0,4,0,4,0,0,0,9.233354570048845e-06,9.233354570048845e-06,0.0
2020-11-27,Napa,055,140530.0,3,0,1,0,1,0,1,0,2,0,3,0,1,0,1.423183661851562e-05,2.134775492777343e-05,7.11591830925781e-06
2020-11-27,Nevada,057,99092.0,2,0,2,0,0,0,0,0,0,0,1,0,1,0,0.0,1.009163201873007e-05,1.009163201873007e-05
2020-11-27,Orange,059,3164182.0,254,6,174,1,41,1,39,4,59,2,175,6,116,4,1.8646209352053706e-05,5.530655316287116e-05,3.6660343810817454e-05
2020-11-27,Placer,061,380077.0,30,0,24,0,6,0,0,0,3,0,17,0,14,0,7.893137443202299e-06,4.472777884481303e-05,3.683464140161073e-05
2020-11-27,Plumas,063,18699.0,0,0,0,0,0,0,0,0,0,0,0,0,0,0,0.0,0.0,0.0
2020-11-27,Riverside,065,2383286.0,81,1,31,1,47,0,3,0,17,1,51,1,34,0,7.133008795419434e-06,2.13990263862583e-05,1.4266017590838867e-05
2020-11-27,Sacramento,067,1510023.0,229,0,155,0,73,0,1,0,28,0,129,0,101,0,1.8542763918165483e-05,8.542916233726242e-05,6.688639841909693e-05
2020-11-27,San Benito,069,59416.0,0,0,0,0,0,0,0,0,0,0,0,0,0,0,0.0,0.0,0.0
2020-11-27,San Bernardino,071,2135413.0,43,1,10,0,29,1,4,0,11,1,29,1,18,0,5.15122835723113e-06,1.3580511123609344e-05,8.429282766378214e-06
2020-11-27,San Diego,073,3302833.0,770,2,271,2,434,0,65,0,43,1,435,1,392,1,1.301912630762742e-05,0.0001317051149725,0.0001186859886648
2020-11-27,San Francisco,075,870044.0,57,0,39,0,15,0,3,0,8,0,34,0,26,0,9.194937267540491e-06,3.907848338704709e-05,2.98835461195066e-05
2020-11-27,San Joaquin,077,732212.0,19,0,13,0,6,0,0,0,4,0,12,0,8,0,5.4628987233205685e-06,1.6388696169961705e-05,1.0925797446641135e-05
2020-11-27,San Luis Obispo,079,281455.0,8,0,2,0,6,0,0,0,4,0,6,0,2,0,1.421186335293386e-05,2.1317795029400792e-05,7.10593167646693e-06
2020-11-27,San Mateo,081,765935.0,52,0,36,0,7,0,9,0,6,0,33,0,27,0,7.833562900246105e-06,4.3084595951353576e-05,3.525103305110747e-05
2020-11-27,Santa Barbara,083,443738.0,7,0,5,0,0,0,2,0,3,0,6,0,3,0,6.760746206094587e-06,1.3521492412189174e-05,6.760746206094587e-06
2020-11-27,Santa Clara,085,1922200.0,179,0,147,0,11,0,21,0,21,0,112,0,91,0,1.0924981791697014e-05,5.826656955571741e-05,4.73415877640204e-05
2020-11-27,Santa Cruz,087,273765.0,7,0,4,0,2,0,1,0,2,0,5,0,3,0,7.305535769729512e-06,1.826383942432378e-05,1.095830365459427e-05
2020-11-27,Shasta,089,179085.0,357,0,142,0,215,0,0,0,7,0,182,0,175,0,3.908758410810509e-05,0.0010162771868107,0.0009771896027026
2020-11-27,Sierra,091,2930.0,0,0,0,0,0,0,0,0,0,0,0,0,0,0,0.0,0.0,0.0
2020-11-27,Siskiyou,093,43540.0,13,0,8,0,4,0,1,0,0,0,7,0,7,0,0.0,0.00016077170418,0.00016077170418
2020-11-27,Solano,095,438530.0,7,0,6,0,1,0,0,0,1,0,4,0,3,0,2.280345700408182e-06,9.121382801632728e-06,6.841037101224546e-06
2020-11-27,Sonoma,097,501317.0,8,0,5,0,3,0,0,0,3,0,6,0,3,0,5.984237518376596e-06,1.1968475036753192e-05,5.984237518376596e-06
2020-11-27,Stanislaus,099,539301.0,21,0,16,0,5,0,0,0,11,0,16,0,5,0,2.0396772859683185e-05,2.9668033250448264e-05,9.271260390765084e-06
2020-11-27,Sutter,101,95872.0,3,0,1,0,2,0,0,0,1,0,2,0,1,0,1.0430574098798398e-05,2.0861148197596795e-05,1.0430574098798398e-05
2020-11-27,Tehama,103,63373.0,26,0,7,0,19,0,0,0,2,0,14,0,12,0,3.1559181354835657e-05,0.0002209142694838,0.000189355088129
2020-11-27,Trinity,105,12862.0,2,0,0,0,2,0,0,0,0,0,1,0,1,0,0.0,7.774840615767377e-05,7.774840615767377e-05
2020-11-27,Tulare,107,460477.0,6,0,2,0,4,0,0,0,4,0,5,0,1,0,8.686644501245448e-06,1.085830562655681e-05,2.171661125311362e-06
2020-11-27,Tuolumne,109,53932.0,4,0,1,0,3,0,0,0,4,0,4,0,0,0,7.416747014759327e-05,7.416747014759327e-05,0.0
2020-11-27,Ventura,111,848112.0,42,0,29,0,11,0,2,0,10,0,27,0,17,0,1.1790895542098214e-05,3.183541796366518e-05,2.0044522421566964e-05
2020-11-27,Yolo,113,214977.0,63,0,43,0,20,0,0,0,3,0,33,0,30,0,1.3954981230550245e-05,0.000153504793536,0.0001395498123055
2020-11-27,Yuba,115,75493.0,2,0,0,0,2,0,0,0,0,0,1,0,1,0,0.0,1.3246261242764227e-05,1.3246261242764227e-05
2020-11-26,Alameda,001,1643700.0,103,0,91,0,9,0,3,0,13,0,60,0,47,0,7.908985824663868e-06,3.650301149844862e-05,2.8594025673784754e-05
2020-11-26,Alpine,003,1148.0,0,0,0,0,0,0,0,0,0,0,0,0,0,0,0.0,0.0,0.0
2020-11-26,Amador,005,37829.0,1,0,1,0,0,0,0,0,1,0,1,0,0,0,2.643474582991885e-05,2.643474582991885e-05,0.0
2020-11-26,Butte,007,227075.0,24,0,13,0,11,0,0,0,12,0,18,0,6,0,5.284597599911923e-05,7.926896399867886e-05,2.6422987999559612e-05
2020-11-26,Calaveras,009,45235.0,2,0,2,0,0,0,0,0,2,0,2,0,0,0,4.421355145352051e-05,4.421355145352051e-05,0.0
2020-11-26,Colusa,011,21464.0,0,0,0,0,0,0,0,0,0,0,0,0,0,0,0.0,0.0,0.0
2020-11-26,Contra Costa,013,1133247.0,133,0,116,0,12,0,5,0,13,0,76,0,63,0,1.147146209078868e-05,6.706393222307229e-05,5.559247013228361e-05
2020-11-26,Del Norte,015,27424.0,3,0,2,0,1,0,0,0,1,0,2,0,1,0,3.646441073512252e-05,7.292882147024503e-05,3.646441073512252e-05
2020-11-26,El Dorado,017,186661.0,18,0,8,0,10,0,0,0,4,0,11,0,7,0,2.1429221958523742e-05,5.893036038594029e-05,3.750113842741655e-05
2020-11-26,Fresno,019,978130.0,12,0,7,0,5,0,0,0,6,0,9,0,3,0,6.134153946816885e-06,9.201230920225328e-06,3.0670769734084427e-06
2020-11-26,Glenn,021,27897.0,4,0,2,0,2,0,0,0,0,0,2,0,2,0,0.0,7.169229666272359e-05,7.169229666272359e-05
2020-11-26,Humboldt,023,135768.0,2,1,2,1,0,0,0,0,2,1,2,1,0,0,1.4731011725885332e-05,1.4731011725885332e-05,0.0
2020-11-26,Imperial,025,180216.0,4,0,1,0,3,0,0,0,4,0,4,0,0,0,2.219558751720158e-05,2.219558751720158e-05,0.0
2020-11-26,Inyo,027,18085.0,0,0,0,0,0,0,0,0,0,0,0,0,0,0,0.0,0.0,0.0
2020-11-26,Kern,029,883053.0,6,0,4,0,2,0,0,0,4,0,5,0,1,0,4.529739438063174e-06,5.662174297578967e-06,1.1324348595157936e-06
2020-11-26,Kings,031,150075.0,1,0,0,0,1,0,0,0,1,0,1,0,0,0,6.663334999167083e-06,6.663334999167083e-06,0.0
2020-11-26,Lake,033,64148.0,2,0,2,0,0,0,0,0,0,0,1,0,1,0,0.0,1.558895055184885e-05,1.558895055184885e-05
2020-11-26,Lassen,035,31185.0,2,0,0,0,2,0,0,0,0,0,1,0,1,0,0.0,3.20666987333654e-05,3.20666987333654e-05
2020-11-26,Los Angeles,037,10098052.0,949,2,717,1,149,1,83,0,161,2,599,2,438,0,1.594366913539364e-05,5.931837150373161e-05,4.337470236833797e-05
2020-11-26,Madera,039,155013.0,5,0,3,0,1,0,1,0,2,0,3,0,1,0,1.2902143691174288e-05,1.9353215536761432e-05,6.451071845587144e-06
2020-11-26,Marin,041,260295.0,11,0,10,0,0,0,1,0,2,0,7,0,5,0,7.683589773142011e-06,2.6892564205997043e-05,1.920897443285503e-05
2020-11-26,Mariposa,043,17540.0,3,0,3,0,0,0,0,0,1,0,2,0,1,0,5.701254275940707e-05,0.0001140250855188,5.701254275940707e-05
2020-11-26,Mendocino,045,87422.0,3,0,2,0,1,0,0,0,3,0,3,0,0,0,3.431630482029695e-05,3.431630482029695e-05,0.0
2020-11-26,Merced,047,269075.0,8,0,6,0,2,0,0,0,3,0,6,0,3,0,1.114930781380656e-05,2.229861562761312e-05,1.114930781380656e-05
2020-11-26,Modoc,049,8938.0,0,0,0,0,0,0,0,0,0,0,0,0,0,0,0.0,0.0,0.0
2020-11-26,Mono,051,14174.0,0,0,0,0,0,0,0,0,0,0,0,0,0,0,0.0,0.0,0.0
2020-11-26,Monterey,053,433212.0,4,0,0,0,4,0,0,0,4,0,4,0,0,0,9.233354570048845e-06,9.233354570048845e-06,0.0
2020-11-26,Napa,055,140530.0,3,0,1,0,1,0,1,0,2,0,3,0,1,0,1.423183661851562e-05,2.134775492777343e-05,7.11591830925781e-06
2020-11-26,Nevada,057,99092.0,2,0,2,0,0,0,0,0,0,0,1,0,1,0,0.0,1.009163201873007e-05,1.009163201873007e-05
2020-11-26,Orange,059,3164182.0,248,0,173,0,40,0,35,0,57,0,169,0,112,0,1.801413445876375e-05,5.3410328483001296e-05,3.5396194024237545e-05
2020-11-26,Placer,061,380077.0,30,0,24,0,6,0,0,0,3,0,17,0,14,0,7.893137443202299e-06,4.472777884481303e-05,3.683464140161073e-05
2020-11-26,Plumas,063,18699.0,0,0,0,0,0,0,0,0,0,0,0,0,0,0,0.0,0.0,0.0
2020-11-26,Riverside,065,2383286.0,80,1,30,1,47,0,3,0,16,1,50,1,34,0,6.713420042747702e-06,2.097943763358657e-05,1.4266017590838867e-05
2020-11-26,Sacramento,067,1510023.0,229,0,155,0,73,0,1,0,28,0,129,0,101,0,1.8542763918165483e-05,8.542916233726242e-05,6.688639841909693e-05
2020-11-26,San Benito,069,59416.0,0,0,0,0,0,0,0,0,0,0,0,0,0,0,0.0,0.0,0.0
2020-11-26,San Bernardino,071,2135413.0,42,0,10,0,28,0,4,0,10,0,28,0,18,0,4.682934870210119e-06,1.3112217636588333e-05,8.429282766378214e-06
2020-11-26,San Diego,073,3302833.0,768,1,269,1,434,0,65,0,43,1,434,1,391,0,1.301912630762742e-05,0.0001314023445932,0.0001183832182856
2020-11-26,San Francisco,075,870044.0,57,0,39,0,15,0,3,0,8,0,34,0,26,0,9.194937267540491e-06,3.907848338704709e-05,2.98835461195066e-05
2020-11-26,San Joaquin,077,732212.0,19,0,13,0,6,0,0,0,4,0,12,0,8,0,5.4628987233205685e-06,1.6388696169961705e-05,1.0925797446641135e-05
2020-11-26,San Luis Obispo,079,281455.0,8,1,2,0,6,1,0,0,4,1,6,1,2,0,1.421186335293386e-05,2.1317795029400792e-05,7.10593167646693e-06
2020-11-26,San Mateo,081,765935.0,52,0,36,0,7,0,9,0,6,0,33,0,27,0,7.833562900246105e-06,4.3084595951353576e-05,3.525103305110747e-05
2020-11-26,Santa Barbara,083,443738.0,7,0,5,0,0,0,2,0,3,0,6,0,3,0,6.760746206094587e-06,1.3521492412189174e-05,6.760746206094587e-06
2020-11-26,Santa Clara,085,1922200.0,179,0,147,0,11,0,21,0,21,0,112,0,91,0,1.0924981791697014e-05,5.826656955571741e-05,4.73415877640204e-05
2020-11-26,Santa Cruz,087,273765.0,7,0,4,0,2,0,1,0,2,0,5,0,3,0,7.305535769729512e-06,1.826383942432378e-05,1.095830365459427e-05
2020-11-26,Shasta,089,179085.0,357,0,142,0,215,0,0,0,7,0,182,0,175,0,3.908758410810509e-05,0.0010162771868107,0.0009771896027026
2020-11-26,Sierra,091,2930.0,0,0,0,0,0,0,0,0,0,0,0,0,0,0,0.0,0.0,0.0
2020-11-26,Siskiyou,093,43540.0,13,0,8,0,4,0,1,0,0,0,7,0,7,0,0.0,0.00016077170418,0.00016077170418
2020-11-26,Solano,095,438530.0,7,0,6,0,1,0,0,0,1,0,4,0,3,0,2.280345700408182e-06,9.121382801632728e-06,6.841037101224546e-06
2020-11-26,Sonoma,097,501317.0,8,0,5,0,3,0,0,0,3,0,6,0,3,0,5.984237518376596e-06,1.1968475036753192e-05,5.984237518376596e-06
2020-11-26,Stanislaus,099,539301.0,21,0,16,0,5,0,0,0,11,0,16,0,5,0,2.0396772859683185e-05,2.9668033250448264e-05,9.271260390765084e-06
2020-11-26,Sutter,101,95872.0,3,0,1,0,2,0,0,0,1,0,2,0,1,0,1.0430574098798398e-05,2.0861148197596795e-05,1.0430574098798398e-05
2020-11-26,Tehama,103,63373.0,26,0,7,0,19,0,0,0,2,0,14,0,12,0,3.1559181354835657e-05,0.0002209142694838,0.000189355088129
2020-11-26,Trinity,105,12862.0,2,0,0,0,2,0,0,0,0,0,1,0,1,0,0.0,7.774840615767377e-05,7.774840615767377e-05
2020-11-26,Tulare,107,460477.0,6,0,2,0,4,0,0,0,4,0,5,0,1,0,8.686644501245448e-06,1.085830562655681e-05,2.171661125311362e-06
2020-11-26,Tuolumne,109,53932.0,4,0,1,0,3,0,0,0,4,0,4,0,0,0,7.416747014759327e-05,7.416747014759327e-05,0.0
2020-11-26,Ventura,111,848112.0,42,1,29,0,11,0,2,1,10,0,27,1,17,1,1.1790895542098214e-05,3.183541796366518e-05,2.0044522421566964e-05
2020-11-26,Yolo,113,214977.0,63,0,43,0,20,0,0,0,3,0,33,0,30,0,1.3954981230550245e-05,0.000153504793536,0.0001395498123055
2020-11-26,Yuba,115,75493.0,2,0,0,0,2,0,0,0,0,0,1,0,1,0,0.0,1.3246261242764227e-05,1.3246261242764227e-05
2020-11-25,Alameda,001,1643700.0,103,1,91,0,9,0,3,1,13,0,60,1,47,1,7.908985824663868e-06,3.650301149844862e-05,2.8594025673784754e-05
2020-11-25,Alpine,003,1148.0,0,0,0,0,0,0,0,0,0,0,0,0,0,0,0.0,0.0,0.0
2020-11-25,Amador,005,37829.0,1,0,1,0,0,0,0,0,1,0,1,0,0,0,2.643474582991885e-05,2.643474582991885e-05,0.0
2020-11-25,Butte,007,227075.0,24,0,13,0,11,0,0,0,12,0,18,0,6,0,5.284597599911923e-05,7.926896399867886e-05,2.6422987999559612e-05
2020-11-25,Calaveras,009,45235.0,2,0,2,0,0,0,0,0,2,0,2,0,0,0,4.421355145352051e-05,4.421355145352051e-05,0.0
2020-11-25,Colusa,011,21464.0,0,0,0,0,0,0,0,0,0,0,0,0,0,0,0.0,0.0,0.0
2020-11-25,Contra Costa,013,1133247.0,133,0,116,0,12,0,5,0,13,0,76,0,63,0,1.147146209078868e-05,6.706393222307229e-05,5.559247013228361e-05
2020-11-25,Del Norte,015,27424.0,3,0,2,0,1,0,0,0,1,0,2,0,1,0,3.646441073512252e-05,7.292882147024503e-05,3.646441073512252e-05
2020-11-25,El Dorado,017,186661.0,18,0,8,0,10,0,0,0,4,0,11,0,7,0,2.1429221958523742e-05,5.893036038594029e-05,3.750113842741655e-05
2020-11-25,Fresno,019,978130.0,12,0,7,0,5,0,0,0,6,0,9,0,3,0,6.134153946816885e-06,9.201230920225328e-06,3.0670769734084427e-06
2020-11-25,Glenn,021,27897.0,4,0,2,0,2,0,0,0,0,0,2,0,2,0,0.0,7.169229666272359e-05,7.169229666272359e-05
2020-11-25,Humboldt,023,135768.0,1,0,1,0,0,0,0,0,1,0,1,0,0,0,7.365505862942667e-06,7.365505862942667e-06,0.0
2020-11-25,Imperial,025,180216.0,4,0,1,0,3,0,0,0,4,0,4,0,0,0,2.219558751720158e-05,2.219558751720158e-05,0.0
2020-11-25,Inyo,027,18085.0,0,0,0,0,0,0,0,0,0,0,0,0,0,0,0.0,0.0,0.0
2020-11-25,Kern,029,883053.0,6,0,4,0,2,0,0,0,4,0,5,0,1,0,4.529739438063174e-06,5.662174297578967e-06,1.1324348595157936e-06
2020-11-25,Kings,031,150075.0,1,1,0,0,1,1,0,0,1,1,1,1,0,0,6.663334999167083e-06,6.663334999167083e-06,0.0
2020-11-25,Lake,033,64148.0,2,0,2,0,0,0,0,0,0,0,1,0,1,0,0.0,1.558895055184885e-05,1.558895055184885e-05
2020-11-25,Lassen,035,31185.0,2,0,0,0,2,0,0,0,0,0,1,0,1,0,0.0,3.20666987333654e-05,3.20666987333654e-05
2020-11-25,Los Angeles,037,10098052.0,947,0,716,0,148,0,83,0,159,0,597,0,438,0,1.574561113371173e-05,5.91203135020497e-05,4.337470236833797e-05
2020-11-25,Madera,039,155013.0,5,0,3,0,1,0,1,0,2,0,3,0,1,0,1.2902143691174288e-05,1.9353215536761432e-05,6.451071845587144e-06
2020-11-25,Marin,041,260295.0,11,0,10,0,0,0,1,0,2,0,7,0,5,0,7.683589773142011e-06,2.6892564205997043e-05,1.920897443285503e-05
2020-11-25,Mariposa,043,17540.0,3,0,3,0,0,0,0,0,1,0,2,0,1,0,5.701254275940707e-05,0.0001140250855188,5.701254275940707e-05
2020-11-25,Mendocino,045,87422.0,3,0,2,0,1,0,0,0,3,0,3,0,0,0,3.431630482029695e-05,3.431630482029695e-05,0.0
2020-11-25,Merced,047,269075.0,8,0,6,0,2,0,0,0,3,0,6,0,3,0,1.114930781380656e-05,2.229861562761312e-05,1.114930781380656e-05
2020-11-25,Modoc,049,8938.0,0,0,0,0,0,0,0,0,0,0,0,0,0,0,0.0,0.0,0.0
2020-11-25,Mono,051,14174.0,0,0,0,0,0,0,0,0,0,0,0,0,0,0,0.0,0.0,0.0
2020-11-25,Monterey,053,433212.0,4,0,0,0,4,0,0,0,4,0,4,0,0,0,9.233354570048845e-06,9.233354570048845e-06,0.0
2020-11-25,Napa,055,140530.0,3,0,1,0,1,0,1,0,2,0,3,0,1,0,1.423183661851562e-05,2.134775492777343e-05,7.11591830925781e-06
2020-11-25,Nevada,057,99092.0,2,0,2,0,0,0,0,0,0,0,1,0,1,0,0.0,1.009163201873007e-05,1.009163201873007e-05
2020-11-25,Orange,059,3164182.0,248,1,173,0,40,1,35,0,57,1,169,1,112,0,1.801413445876375e-05,5.3410328483001296e-05,3.5396194024237545e-05
2020-11-25,Placer,061,380077.0,30,1,24,1,6,0,0,0,3,0,17,1,14,1,7.893137443202299e-06,4.472777884481303e-05,3.683464140161073e-05
2020-11-25,Plumas,063,18699.0,0,0,0,0,0,0,0,0,0,0,0,0,0,0,0.0,0.0,0.0
2020-11-25,Riverside,065,2383286.0,79,0,29,0,47,0,3,0,15,0,49,0,34,0,6.293831290075971e-06,2.055984888091484e-05,1.4266017590838867e-05
2020-11-25,Sacramento,067,1510023.0,229,2,155,2,73,0,1,0,28,1,129,1,101,1,1.8542763918165483e-05,8.542916233726242e-05,6.688639841909693e-05
2020-11-25,San Benito,069,59416.0,0,0,0,0,0,0,0,0,0,0,0,0,0,0,0.0,0.0,0.0
2020-11-25,San Bernardino,071,2135413.0,42,0,10,0,28,0,4,0,10,0,28,0,18,0,4.682934870210119e-06,1.3112217636588333e-05,8.429282766378214e-06
2020-11-25,San Diego,073,3302833.0,767,5,268,1,434,0,65,4,42,1,433,5,391,4,1.2716355928380271e-05,0.000131099574214,0.0001183832182856
2020-11-25,San Francisco,075,870044.0,57,0,39,0,15,0,3,0,8,0,34,0,26,0,9.194937267540491e-06,3.907848338704709e-05,2.98835461195066e-05
2020-11-25,San Joaquin,077,732212.0,19,0,13,0,6,0,0,0,4,0,12,0,8,0,5.4628987233205685e-06,1.6388696169961705e-05,1.0925797446641135e-05
2020-11-25,San Luis Obispo,079,281455.0,7,1,2,0,5,1,0,0,3,0,5,0,2,1,1.0658897514700396e-05,1.7764829191167326e-05,7.10593167646693e-06
2020-11-25,San Mateo,081,765935.0,52,1,36,1,7,0,9,0,6,1,33,1,27,0,7.833562900246105e-06,4.3084595951353576e-05,3.525103305110747e-05
2020-11-25,Santa Barbara,083,443738.0,7,2,5,0,0,0,2,2,3,0,6,2,3,2,6.760746206094587e-06,1.3521492412189174e-05,6.760746206094587e-06
2020-11-25,Santa Clara,085,1922200.0,179,1,147,0,11,0,21,1,21,0,112,1,91,1,1.0924981791697014e-05,5.826656955571741e-05,4.73415877640204e-05
2020-11-25,Santa Cruz,087,273765.0,7,0,4,0,2,0,1,0,2,0,5,0,3,0,7.305535769729512e-06,1.826383942432378e-05,1.095830365459427e-05
2020-11-25,Shasta,089,179085.0,357,0,142,0,215,0,0,0,7,0,182,0,175,0,3.908758410810509e-05,0.0010162771868107,0.0009771896027026
2020-11-25,Sierra,091,2930.0,0,0,0,0,0,0,0,0,0,0,0,0,0,0,0.0,0.0,0.0
2020-11-25,Siskiyou,093,43540.0,13,0,8,0,4,0,1,0,0,0,7,0,7,0,0.0,0.00016077170418,0.00016077170418
2020-11-25,Solano,095,438530.0,7,1,6,0,1,1,0,0,1,1,4,1,3,0,2.280345700408182e-06,9.121382801632728e-06,6.841037101224546e-06
2020-11-25,Sonoma,097,501317.0,8,0,5,0,3,0,0,0,3,0,6,0,3,0,5.984237518376596e-06,1.1968475036753192e-05,5.984237518376596e-06
2020-11-25,Stanislaus,099,539301.0,21,0,16,0,5,0,0,0,11,0,16,0,5,0,2.0396772859683185e-05,2.9668033250448264e-05,9.271260390765084e-06
2020-11-25,Sutter,101,95872.0,3,0,1,0,2,0,0,0,1,0,2,0,1,0,1.0430574098798398e-05,2.0861148197596795e-05,1.0430574098798398e-05
2020-11-25,Tehama,103,63373.0,26,0,7,0,19,0,0,0,2,0,14,0,12,0,3.1559181354835657e-05,0.0002209142694838,0.000189355088129
2020-11-25,Trinity,105,12862.0,2,0,0,0,2,0,0,0,0,0,1,0,1,0,0.0,7.774840615767377e-05,7.774840615767377e-05
2020-11-25,Tulare,107,460477.0,6,0,2,0,4,0,0,0,4,0,5,0,1,0,8.686644501245448e-06,1.085830562655681e-05,2.171661125311362e-06
2020-11-25,Tuolumne,109,53932.0,4,0,1,0,3,0,0,0,4,0,4,0,0,0,7.416747014759327e-05,7.416747014759327e-05,0.0
2020-11-25,Ventura,111,848112.0,41,1,29,1,11,0,1,0,10,0,26,0,16,1,1.1790895542098214e-05,3.065632840945536e-05,1.8865432867357145e-05
2020-11-25,Yolo,113,214977.0,63,0,43,0,20,0,0,0,3,0,33,0,30,0,1.3954981230550245e-05,0.000153504793536,0.0001395498123055
2020-11-25,Yuba,115,75493.0,2,0,0,0,2,0,0,0,0,0,1,0,1,0,0.0,1.3246261242764227e-05,1.3246261242764227e-05
2020-11-24,Alameda,001,1643700.0,102,2,91,1,9,1,2,0,13,2,59,2,46,0,7.908985824663868e-06,3.589462797347448e-05,2.798564214881061e-05
2020-11-24,Alpine,003,1148.0,0,0,0,0,0,0,0,0,0,0,0,0,0,0,0.0,0.0,0.0
2020-11-24,Amador,005,37829.0,1,0,1,0,0,0,0,0,1,0,1,0,0,0,2.643474582991885e-05,2.643474582991885e-05,0.0
2020-11-24,Butte,007,227075.0,24,0,13,0,11,0,0,0,12,0,18,0,6,0,5.284597599911923e-05,7.926896399867886e-05,2.6422987999559612e-05
2020-11-24,Calaveras,009,45235.0,2,0,2,0,0,0,0,0,2,0,2,0,0,0,4.421355145352051e-05,4.421355145352051e-05,0.0
2020-11-24,Colusa,011,21464.0,0,0,0,0,0,0,0,0,0,0,0,0,0,0,0.0,0.0,0.0
2020-11-24,Contra Costa,013,1133247.0,133,2,116,2,12,0,5,0,13,2,76,2,63,0,1.147146209078868e-05,6.706393222307229e-05,5.559247013228361e-05
2020-11-24,Del Norte,015,27424.0,3,0,2,0,1,0,0,0,1,0,2,0,1,0,3.646441073512252e-05,7.292882147024503e-05,3.646441073512252e-05
2020-11-24,El Dorado,017,186661.0,18,0,8,0,10,0,0,0,4,0,11,0,7,0,2.1429221958523742e-05,5.893036038594029e-05,3.750113842741655e-05
2020-11-24,Fresno,019,978130.0,12,1,7,0,5,1,0,0,6,0,9,0,3,1,6.134153946816885e-06,9.201230920225328e-06,3.0670769734084427e-06
2020-11-24,Glenn,021,27897.0,4,0,2,0,2,0,0,0,0,0,2,0,2,0,0.0,7.169229666272359e-05,7.169229666272359e-05
2020-11-24,Humboldt,023,135768.0,1,0,1,0,0,0,0,0,1,0,1,0,0,0,7.365505862942667e-06,7.365505862942667e-06,0.0
2020-11-24,Imperial,025,180216.0,4,0,1,0,3,0,0,0,4,0,4,0,0,0,2.219558751720158e-05,2.219558751720158e-05,0.0
2020-11-24,Inyo,027,18085.0,0,0,0,0,0,0,0,0,0,0,0,0,0,0,0.0,0.0,0.0
2020-11-24,Kern,029,883053.0,6,0,4,0,2,0,0,0,4,0,5,0,1,0,4.529739438063174e-06,5.662174297578967e-06,1.1324348595157936e-06
2020-11-24,Kings,031,150075.0,0,0,0,0,0,0,0,0,0,0,0,0,0,0,0.0,0.0,0.0
2020-11-24,Lake,033,64148.0,2,1,2,1,0,0,0,0,0,0,1,0,1,1,0.0,1.558895055184885e-05,1.558895055184885e-05
2020-11-24,Lassen,035,31185.0,2,0,0,0,2,0,0,0,0,0,1,0,1,0,0.0,3.20666987333654e-05,3.20666987333654e-05
2020-11-24,Los Angeles,037,10098052.0,947,5,716,1,148,1,83,3,159,2,597,5,438,3,1.574561113371173e-05,5.91203135020497e-05,4.337470236833797e-05
2020-11-24,Madera,039,155013.0,5,0,3,0,1,0,1,0,2,0,3,0,1,0,1.2902143691174288e-05,1.9353215536761432e-05,6.451071845587144e-06
2020-11-24,Marin,041,260295.0,11,0,10,0,0,0,1,0,2,0,7,0,5,0,7.683589773142011e-06,2.6892564205997043e-05,1.920897443285503e-05
2020-11-24,Mariposa,043,17540.0,3,0,3,0,0,0,0,0,1,0,2,0,1,0,5.701254275940707e-05,0.0001140250855188,5.701254275940707e-05
2020-11-24,Mendocino,045,87422.0,3,0,2,0,1,0,0,0,3,0,3,0,0,0,3.431630482029695e-05,3.431630482029695e-05,0.0
2020-11-24,Merced,047,269075.0,8,0,6,0,2,0,0,0,3,0,6,0,3,0,1.114930781380656e-05,2.229861562761312e-05,1.114930781380656e-05
2020-11-24,Modoc,049,8938.0,0,0,0,0,0,0,0,0,0,0,0,0,0,0,0.0,0.0,0.0
2020-11-24,Mono,051,14174.0,0,0,0,0,0,0,0,0,0,0,0,0,0,0,0.0,0.0,0.0
2020-11-24,Monterey,053,433212.0,4,0,0,0,4,0,0,0,4,0,4,0,0,0,9.233354570048845e-06,9.233354570048845e-06,0.0
2020-11-24,Napa,055,140530.0,3,0,1,0,1,0,1,0,2,0,3,0,1,0,1.423183661851562e-05,2.134775492777343e-05,7.11591830925781e-06
2020-11-24,Nevada,057,99092.0,2,0,2,0,0,0,0,0,0,0,1,0,1,0,0.0,1.009163201873007e-05,1.009163201873007e-05
2020-11-24,Orange,059,3164182.0,247,3,173,0,39,0,35,3,56,0,168,3,112,3,1.7698097012118772e-05,5.309429103635632e-05,3.5396194024237545e-05
2020-11-24,Placer,061,380077.0,29,0,23,0,6,0,0,0,3,0,16,0,13,0,7.893137443202299e-06,4.209673303041226e-05,3.420359558720996e-05
2020-11-24,Plumas,063,18699.0,0,0,0,0,0,0,0,0,0,0,0,0,0,0,0.0,0.0,0.0
2020-11-24,Riverside,065,2383286.0,79,1,29,0,47,0,3,1,15,0,49,1,34,1,6.293831290075971e-06,2.055984888091484e-05,1.4266017590838867e-05
2020-11-24,Sacramento,067,1510023.0,227,3,153,3,73,0,1,0,28,2,128,2,100,1,1.8542763918165483e-05,8.47669207687565e-05,6.622415685059102e-05
2020-11-24,San Benito,069,59416.0,0,0,0,0,0,0,0,0,0,0,0,0,0,0,0.0,0.0,0.0
2020-11-24,San Bernardino,071,2135413.0,42,0,10,0,28,0,4,0,10,0,28,0,18,0,4.682934870210119e-06,1.3112217636588333e-05,8.429282766378214e-06
2020-11-24,San Diego,073,3302833.0,762,7,267,3,434,1,61,3,41,4,428,7,387,3,1.2413585549133125e-05,0.0001295857223177,0.0001171721367686
2020-11-24,San Francisco,075,870044.0,57,1,39,0,15,0,3,1,8,0,34,1,26,1,9.194937267540491e-06,3.907848338704709e-05,2.98835461195066e-05
2020-11-24,San Joaquin,077,732212.0,19,0,13,0,6,0,0,0,4,0,12,0,8,0,5.4628987233205685e-06,1.6388696169961705e-05,1.0925797446641135e-05
2020-11-24,San Luis Obispo,079,281455.0,6,0,2,0,4,0,0,0,4,0,5,0,1,0,1.421186335293386e-05,1.7764829191167326e-05,3.552965838233465e-06
2020-11-24,San Mateo,081,765935.0,51,2,35,0,7,1,9,1,5,1,32,2,27,1,6.5279690835384205e-06,4.177900213464589e-05,3.525103305110747e-05
2020-11-24,Santa Barbara,083,443738.0,5,0,5,0,0,0,0,0,3,0,4,0,1,0,6.760746206094587e-06,9.014328274792785e-06,2.253582068698196e-06
2020-11-24,Santa Clara,085,1922200.0,178,3,147,1,11,0,20,2,21,1,111,3,90,2,1.0924981791697014e-05,5.774633232754136e-05,4.682135053584435e-05
2020-11-24,Santa Cruz,087,273765.0,7,0,4,0,2,0,1,0,2,0,5,0,3,0,7.305535769729512e-06,1.826383942432378e-05,1.095830365459427e-05
2020-11-24,Shasta,089,179085.0,357,0,142,0,215,0,0,0,7,0,182,0,175,0,3.908758410810509e-05,0.0010162771868107,0.0009771896027026
2020-11-24,Sierra,091,2930.0,0,0,0,0,0,0,0,0,0,0,0,0,0,0,0.0,0.0,0.0
2020-11-24,Siskiyou,093,43540.0,13,1,8,0,4,0,1,1,0,0,7,1,7,1,0.0,0.00016077170418,0.00016077170418
2020-11-24,Solano,095,438530.0,6,0,6,0,0,0,0,0,0,0,3,0,3,0,0.0,6.841037101224546e-06,6.841037101224546e-06
2020-11-24,Sonoma,097,501317.0,8,0,5,0,3,0,0,0,3,0,6,0,3,0,5.984237518376596e-06,1.1968475036753192e-05,5.984237518376596e-06
2020-11-24,Stanislaus,099,539301.0,21,0,16,0,5,0,0,0,11,0,16,0,5,0,2.0396772859683185e-05,2.9668033250448264e-05,9.271260390765084e-06
2020-11-24,Sutter,101,95872.0,3,0,1,0,2,0,0,0,1,0,2,0,1,0,1.0430574098798398e-05,2.0861148197596795e-05,1.0430574098798398e-05
2020-11-24,Tehama,103,63373.0,26,0,7,0,19,0,0,0,2,0,14,0,12,0,3.1559181354835657e-05,0.0002209142694838,0.000189355088129
2020-11-24,Trinity,105,12862.0,2,0,0,0,2,0,0,0,0,0,1,0,1,0,0.0,7.774840615767377e-05,7.774840615767377e-05
2020-11-24,Tulare,107,460477.0,6,0,2,0,4,0,0,0,4,0,5,0,1,0,8.686644501245448e-06,1.085830562655681e-05,2.171661125311362e-06
2020-11-24,Tuolumne,109,53932.0,4,0,1,0,3,0,0,0,4,0,4,0,0,0,7.416747014759327e-05,7.416747014759327e-05,0.0
2020-11-24,Ventura,111,848112.0,40,0,28,0,11,0,1,0,11,0,26,0,15,0,1.2969985096308034e-05,3.065632840945536e-05,1.768634331314732e-05
2020-11-24,Yolo,113,214977.0,63,0,43,0,20,0,0,0,3,0,33,0,30,0,1.3954981230550245e-05,0.000153504793536,0.0001395498123055
2020-11-24,Yuba,115,75493.0,2,0,0,0,2,0,0,0,0,0,1,0,1,0,0.0,1.3246261242764227e-05,1.3246261242764227e-05
2020-11-23,Alameda,001,1643700.0,100,1,90,1,8,0,2,0,11,1,57,1,46,0,6.692218774715581e-06,3.467786092352619e-05,2.798564214881061e-05
2020-11-23,Alpine,003,1148.0,0,0,0,0,0,0,0,0,0,0,0,0,0,0,0.0,0.0,0.0
2020-11-23,Amador,005,37829.0,1,0,1,0,0,0,0,0,1,0,1,0,0,0,2.643474582991885e-05,2.643474582991885e-05,0.0
2020-11-23,Butte,007,227075.0,24,0,13,0,11,0,0,0,12,0,18,0,6,0,5.284597599911923e-05,7.926896399867886e-05,2.6422987999559612e-05
2020-11-23,Calaveras,009,45235.0,2,0,2,0,0,0,0,0,2,0,2,0,0,0,4.421355145352051e-05,4.421355145352051e-05,0.0
2020-11-23,Colusa,011,21464.0,0,0,0,0,0,0,0,0,0,0,0,0,0,0,0.0,0.0,0.0
2020-11-23,Contra Costa,013,1133247.0,131,0,114,0,12,0,5,0,11,0,74,0,63,0,9.706621769128885e-06,6.529909190141249e-05,5.559247013228361e-05
2020-11-23,Del Norte,015,27424.0,3,0,2,0,1,0,0,0,1,0,2,0,1,0,3.646441073512252e-05,7.292882147024503e-05,3.646441073512252e-05
2020-11-23,El Dorado,017,186661.0,18,0,8,0,10,0,0,0,4,0,11,0,7,0,2.1429221958523742e-05,5.893036038594029e-05,3.750113842741655e-05
2020-11-23,Fresno,019,978130.0,11,0,7,0,4,0,0,0,7,0,9,0,2,0,7.156512937953033e-06,9.201230920225328e-06,2.044717982272295e-06
2020-11-23,Glenn,021,27897.0,4,0,2,0,2,0,0,0,0,0,2,0,2,0,0.0,7.169229666272359e-05,7.169229666272359e-05
2020-11-23,Humboldt,023,135768.0,1,0,1,0,0,0,0,0,1,0,1,0,0,0,7.365505862942667e-06,7.365505862942667e-06,0.0
2020-11-23,Imperial,025,180216.0,4,2,1,1,3,1,0,0,4,2,4,2,0,0,2.219558751720158e-05,2.219558751720158e-05,0.0
2020-11-23,Inyo,027,18085.0,0,0,0,0,0,0,0,0,0,0,0,0,0,0,0.0,0.0,0.0
2020-11-23,Kern,029,883053.0,6,0,4,0,2,0,0,0,4,0,5,0,1,0,4.529739438063174e-06,5.662174297578967e-06,1.1324348595157936e-06
2020-11-23,Kings,031,150075.0,0,0,0,0,0,0,0,0,0,0,0,0,0,0,0.0,0.0,0.0
2020-11-23,Lake,033,64148.0,1,0,1,0,0,0,0,0,1,0,1,0,0,0,1.558895055184885e-05,1.558895055184885e-05,0.0
2020-11-23,Lassen,035,31185.0,2,0,0,0,2,0,0,0,0,0,1,0,1,0,0.0,3.20666987333654e-05,3.20666987333654e-05
2020-11-23,Los Angeles,037,10098052.0,942,4,715,2,147,2,80,0,157,1,592,1,435,3,1.5547553132029822e-05,5.862516849784493e-05,4.307761536581511e-05
2020-11-23,Madera,039,155013.0,5,0,3,0,1,0,1,0,2,0,3,0,1,0,1.2902143691174288e-05,1.9353215536761432e-05,6.451071845587144e-06
2020-11-23,Marin,041,260295.0,11,1,10,0,0,0,1,1,2,0,7,1,5,1,7.683589773142011e-06,2.6892564205997043e-05,1.920897443285503e-05
2020-11-23,Mariposa,043,17540.0,3,0,3,0,0,0,0,0,1,0,2,0,1,0,5.701254275940707e-05,0.0001140250855188,5.701254275940707e-05
2020-11-23,Mendocino,045,87422.0,3,0,2,0,1,0,0,0,3,0,3,0,0,0,3.431630482029695e-05,3.431630482029695e-05,0.0
2020-11-23,Merced,047,269075.0,8,0,6,0,2,0,0,0,3,0,6,0,3,0,1.114930781380656e-05,2.229861562761312e-05,1.114930781380656e-05
2020-11-23,Modoc,049,8938.0,0,0,0,0,0,0,0,0,0,0,0,0,0,0,0.0,0.0,0.0
2020-11-23,Mono,051,14174.0,0,0,0,0,0,0,0,0,0,0,0,0,0,0,0.0,0.0,0.0
2020-11-23,Monterey,053,433212.0,4,0,0,0,4,0,0,0,4,0,4,0,0,0,9.233354570048845e-06,9.233354570048845e-06,0.0
2020-11-23,Napa,055,140530.0,3,0,1,0,1,0,1,0,2,0,3,0,1,0,1.423183661851562e-05,2.134775492777343e-05,7.11591830925781e-06
2020-11-23,Nevada,057,99092.0,2,0,2,0,0,0,0,0,0,0,1,0,1,0,0.0,1.009163201873007e-05,1.009163201873007e-05
2020-11-23,Orange,059,3164182.0,244,3,173,2,39,0,32,1,56,2,165,3,109,1,1.7698097012118772e-05,5.214617869642138e-05,3.444808168430261e-05
2020-11-23,Placer,061,380077.0,29,0,23,0,6,0,0,0,3,0,16,0,13,0,7.893137443202299e-06,4.209673303041226e-05,3.420359558720996e-05
2020-11-23,Plumas,063,18699.0,0,0,0,0,0,0,0,0,0,0,0,0,0,0,0.0,0.0,0.0
2020-11-23,Riverside,065,2383286.0,78,0,29,0,47,0,2,0,15,0,48,0,33,0,6.293831290075971e-06,2.0140260128243107e-05,1.3846428838167136e-05
2020-11-23,Sacramento,067,1510023.0,224,4,150,3,73,1,1,0,27,2,126,2,99,2,1.7880522349659574e-05,8.344243763174468e-05,6.556191528208511e-05
2020-11-23,San Benito,069,59416.0,0,0,0,0,0,0,0,0,0,0,0,0,0,0,0.0,0.0,0.0
2020-11-23,San Bernardino,071,2135413.0,42,0,10,0,28,0,4,0,10,0,28,0,18,0,4.682934870210119e-06,1.3112217636588333e-05,8.429282766378214e-06
2020-11-23,San Diego,073,3302833.0,755,9,264,4,433,0,58,5,37,4,421,9,384,5,1.1202504032144523e-05,0.000127466329663,0.0001162638256309
2020-11-23,San Francisco,075,870044.0,56,2,39,1,15,0,2,1,8,1,33,2,25,1,9.194937267540491e-06,3.792911622860453e-05,2.873417896106404e-05
2020-11-23,San Joaquin,077,732212.0,19,0,13,0,6,0,0,0,4,0,12,0,8,0,5.4628987233205685e-06,1.6388696169961705e-05,1.0925797446641135e-05
2020-11-23,San Luis Obispo,079,281455.0,6,0,2,0,4,0,0,0,4,0,5,0,1,0,1.421186335293386e-05,1.7764829191167326e-05,3.552965838233465e-06
2020-11-23,San Mateo,081,765935.0,49,1,35,0,6,0,8,1,4,0,30,1,26,1,5.222375266830736e-06,3.916781450123052e-05,3.394543923439979e-05
2020-11-23,Santa Barbara,083,443738.0,5,0,5,0,0,0,0,0,3,0,4,0,1,0,6.760746206094587e-06,9.014328274792785e-06,2.253582068698196e-06
2020-11-23,Santa Clara,085,1922200.0,175,4,146,2,11,1,18,1,20,3,108,4,88,1,1.0404744563520965e-05,5.618562064301321e-05,4.578087607949225e-05
2020-11-23,Santa Cruz,087,273765.0,7,0,4,0,2,0,1,0,2,0,5,0,3,0,7.305535769729512e-06,1.826383942432378e-05,1.095830365459427e-05
2020-11-23,Shasta,089,179085.0,357,0,142,0,215,0,0,0,7,0,182,0,175,0,3.908758410810509e-05,0.0010162771868107,0.0009771896027026
2020-11-23,Sierra,091,2930.0,0,0,0,0,0,0,0,0,0,0,0,0,0,0,0.0,0.0,0.0
2020-11-23,Siskiyou,093,43540.0,12,0,8,0,4,0,0,0,0,0,6,0,6,0,0.0,0.0001378043178686,0.0001378043178686
2020-11-23,Solano,095,438530.0,6,0,6,0,0,0,0,0,0,0,3,0,3,0,0.0,6.841037101224546e-06,6.841037101224546e-06
2020-11-23,Sonoma,097,501317.0,8,0,5,0,3,0,0,0,3,0,6,0,3,0,5.984237518376596e-06,1.1968475036753192e-05,5.984237518376596e-06
2020-11-23,Stanislaus,099,539301.0,21,0,16,0,5,0,0,0,11,0,16,0,5,0,2.0396772859683185e-05,2.9668033250448264e-05,9.271260390765084e-06
2020-11-23,Sutter,101,95872.0,3,0,1,0,2,0,0,0,1,0,2,0,1,0,1.0430574098798398e-05,2.0861148197596795e-05,1.0430574098798398e-05
2020-11-23,Tehama,103,63373.0,26,0,7,0,19,0,0,0,2,0,14,0,12,0,3.1559181354835657e-05,0.0002209142694838,0.000189355088129
2020-11-23,Trinity,105,12862.0,2,0,0,0,2,0,0,0,0,0,1,0,1,0,0.0,7.774840615767377e-05,7.774840615767377e-05
2020-11-23,Tulare,107,460477.0,6,0,2,0,4,0,0,0,4,0,5,0,1,0,8.686644501245448e-06,1.085830562655681e-05,2.171661125311362e-06
2020-11-23,Tuolumne,109,53932.0,4,0,1,0,3,0,0,0,4,0,4,0,0,0,7.416747014759327e-05,7.416747014759327e-05,0.0
2020-11-23,Ventura,111,848112.0,40,0,28,0,11,0,1,0,11,0,26,0,15,0,1.2969985096308034e-05,3.065632840945536e-05,1.768634331314732e-05
2020-11-23,Yolo,113,214977.0,63,0,43,0,20,0,0,0,3,0,33,0,30,0,1.3954981230550245e-05,0.000153504793536,0.0001395498123055
2020-11-23,Yuba,115,75493.0,2,0,0,0,2,0,0,0,0,0,1,0,1,0,0.0,1.3246261242764227e-05,1.3246261242764227e-05
2020-11-22,Alameda,001,1643700.0,99,1,89,1,8,0,2,0,10,1,56,1,46,0,6.083835249741437e-06,3.406947739855205e-05,2.798564214881061e-05
2020-11-22,Alpine,003,1148.0,0,0,0,0,0,0,0,0,0,0,0,0,0,0,0.0,0.0,0.0
2020-11-22,Amador,005,37829.0,1,0,1,0,0,0,0,0,1,0,1,0,0,0,2.643474582991885e-05,2.643474582991885e-05,0.0
2020-11-22,Butte,007,227075.0,24,0,13,0,11,0,0,0,12,0,18,0,6,0,5.284597599911923e-05,7.926896399867886e-05,2.6422987999559612e-05
2020-11-22,Calaveras,009,45235.0,2,1,2,1,0,0,0,0,2,1,2,1,0,0,4.421355145352051e-05,4.421355145352051e-05,0.0
2020-11-22,Colusa,011,21464.0,0,0,0,0,0,0,0,0,0,0,0,0,0,0,0.0,0.0,0.0
2020-11-22,Contra Costa,013,1133247.0,131,1,114,0,12,1,5,0,11,1,74,1,63,0,9.706621769128885e-06,6.529909190141249e-05,5.559247013228361e-05
2020-11-22,Del Norte,015,27424.0,3,0,2,0,1,0,0,0,1,0,2,0,1,0,3.646441073512252e-05,7.292882147024503e-05,3.646441073512252e-05
2020-11-22,El Dorado,017,186661.0,18,0,8,0,10,0,0,0,4,0,11,0,7,0,2.1429221958523742e-05,5.893036038594029e-05,3.750113842741655e-05
2020-11-22,Fresno,019,978130.0,11,0,7,0,4,0,0,0,7,0,9,0,2,0,7.156512937953033e-06,9.201230920225328e-06,2.044717982272295e-06
2020-11-22,Glenn,021,27897.0,4,0,2,0,2,0,0,0,0,0,2,0,2,0,0.0,7.169229666272359e-05,7.169229666272359e-05
2020-11-22,Humboldt,023,135768.0,1,0,1,0,0,0,0,0,1,0,1,0,0,0,7.365505862942667e-06,7.365505862942667e-06,0.0
2020-11-22,Imperial,025,180216.0,2,0,0,0,2,0,0,0,2,0,2,0,0,0,1.109779375860079e-05,1.109779375860079e-05,0.0
2020-11-22,Inyo,027,18085.0,0,0,0,0,0,0,0,0,0,0,0,0,0,0,0.0,0.0,0.0
2020-11-22,Kern,029,883053.0,6,0,4,0,2,0,0,0,4,0,5,0,1,0,4.529739438063174e-06,5.662174297578967e-06,1.1324348595157936e-06
2020-11-22,Kings,031,150075.0,0,0,0,0,0,0,0,0,0,0,0,0,0,0,0.0,0.0,0.0
2020-11-22,Lake,033,64148.0,1,0,1,0,0,0,0,0,1,0,1,0,0,0,1.558895055184885e-05,1.558895055184885e-05,0.0
2020-11-22,Lassen,035,31185.0,2,0,0,0,2,0,0,0,0,0,1,0,1,0,0.0,3.20666987333654e-05,3.20666987333654e-05
2020-11-22,Los Angeles,037,10098052.0,938,11,713,2,145,1,80,8,159,3,591,11,432,8,1.574561113371173e-05,5.852613949700398e-05,4.2780528363292246e-05
2020-11-22,Madera,039,155013.0,5,0,3,0,1,0,1,0,2,0,3,0,1,0,1.2902143691174288e-05,1.9353215536761432e-05,6.451071845587144e-06
2020-11-22,Marin,041,260295.0,10,0,10,0,0,0,0,0,2,0,6,0,4,0,7.683589773142011e-06,2.305076931942604e-05,1.5367179546284023e-05
2020-11-22,Mariposa,043,17540.0,3,1,3,1,0,0,0,0,1,0,2,0,1,1,5.701254275940707e-05,0.0001140250855188,5.701254275940707e-05
2020-11-22,Mendocino,045,87422.0,3,0,2,0,1,0,0,0,3,0,3,0,0,0,3.431630482029695e-05,3.431630482029695e-05,0.0
2020-11-22,Merced,047,269075.0,8,0,6,0,2,0,0,0,3,0,6,0,3,0,1.114930781380656e-05,2.229861562761312e-05,1.114930781380656e-05
2020-11-22,Modoc,049,8938.0,0,0,0,0,0,0,0,0,0,0,0,0,0,0,0.0,0.0,0.0
2020-11-22,Mono,051,14174.0,0,0,0,0,0,0,0,0,0,0,0,0,0,0,0.0,0.0,0.0
2020-11-22,Monterey,053,433212.0,4,0,0,0,4,0,0,0,4,0,4,0,0,0,9.233354570048845e-06,9.233354570048845e-06,0.0
2020-11-22,Napa,055,140530.0,3,0,1,0,1,0,1,0,2,0,3,0,1,0,1.423183661851562e-05,2.134775492777343e-05,7.11591830925781e-06
2020-11-22,Nevada,057,99092.0,2,0,2,0,0,0,0,0,0,0,1,0,1,0,0.0,1.009163201873007e-05,1.009163201873007e-05
2020-11-22,Orange,059,3164182.0,241,4,171,1,39,0,31,3,54,0,162,2,108,3,1.7066022118828815e-05,5.119806635648645e-05,3.413204423765763e-05
2020-11-22,Placer,061,380077.0,29,0,23,0,6,0,0,0,3,0,16,0,13,0,7.893137443202299e-06,4.209673303041226e-05,3.420359558720996e-05
2020-11-22,Plumas,063,18699.0,0,0,0,0,0,0,0,0,0,0,0,0,0,0,0.0,0.0,0.0
2020-11-22,Riverside,065,2383286.0,78,0,29,0,47,0,2,0,15,0,48,0,33,0,6.293831290075971e-06,2.0140260128243107e-05,1.3846428838167136e-05
2020-11-22,Sacramento,067,1510023.0,220,0,147,0,72,0,1,0,27,0,124,0,97,0,1.7880522349659574e-05,8.211795449473286e-05,6.423743214507328e-05
2020-11-22,San Benito,069,59416.0,0,0,0,0,0,0,0,0,0,0,0,0,0,0,0.0,0.0,0.0
2020-11-22,San Bernardino,071,2135413.0,42,1,10,0,28,1,4,0,10,1,28,1,18,0,4.682934870210119e-06,1.3112217636588333e-05,8.429282766378214e-06
2020-11-22,San Diego,073,3302833.0,746,4,260,3,433,1,53,0,33,3,412,3,379,1,9.991422515155929e-06,0.0001247413962498,0.0001147499737346
2020-11-22,San Francisco,075,870044.0,54,0,38,0,15,0,1,0,7,0,31,0,24,0,8.045570109097931e-06,3.563038191171941e-05,2.758481180262148e-05
2020-11-22,San Joaquin,077,732212.0,19,0,13,0,6,0,0,0,4,0,12,0,8,0,5.4628987233205685e-06,1.6388696169961705e-05,1.0925797446641135e-05
2020-11-22,San Luis Obispo,079,281455.0,6,0,2,0,4,0,0,0,4,0,5,0,1,0,1.421186335293386e-05,1.7764829191167326e-05,3.552965838233465e-06
2020-11-22,San Mateo,081,765935.0,48,0,35,0,6,0,7,0,4,0,29,0,25,0,5.222375266830736e-06,3.786222068452284e-05,3.26398454176921e-05
2020-11-22,Santa Barbara,083,443738.0,5,0,5,0,0,0,0,0,3,0,4,0,1,0,6.760746206094587e-06,9.014328274792785e-06,2.253582068698196e-06
2020-11-22,Santa Clara,085,1922200.0,171,1,144,1,10,0,17,0,17,1,104,1,87,0,8.844032878992821e-06,5.410467173030902e-05,4.52606388513162e-05
2020-11-22,Santa Cruz,087,273765.0,7,0,4,0,2,0,1,0,2,0,5,0,3,0,7.305535769729512e-06,1.826383942432378e-05,1.095830365459427e-05
2020-11-22,Shasta,089,179085.0,357,0,142,0,215,0,0,0,7,0,182,0,175,0,3.908758410810509e-05,0.0010162771868107,0.0009771896027026
2020-11-22,Sierra,091,2930.0,0,0,0,0,0,0,0,0,0,0,0,0,0,0,0.0,0.0,0.0
2020-11-22,Siskiyou,093,43540.0,12,0,8,0,4,0,0,0,0,0,6,0,6,0,0.0,0.0001378043178686,0.0001378043178686
2020-11-22,Solano,095,438530.0,6,0,6,0,0,0,0,0,0,0,3,0,3,0,0.0,6.841037101224546e-06,6.841037101224546e-06
2020-11-22,Sonoma,097,501317.0,8,0,5,0,3,0,0,0,3,0,6,0,3,0,5.984237518376596e-06,1.1968475036753192e-05,5.984237518376596e-06
2020-11-22,Stanislaus,099,539301.0,21,1,16,1,5,0,0,0,11,1,16,1,5,0,2.0396772859683185e-05,2.9668033250448264e-05,9.271260390765084e-06
2020-11-22,Sutter,101,95872.0,3,0,1,0,2,0,0,0,1,0,2,0,1,0,1.0430574098798398e-05,2.0861148197596795e-05,1.0430574098798398e-05
2020-11-22,Tehama,103,63373.0,26,0,7,0,19,0,0,0,2,0,14,0,12,0,3.1559181354835657e-05,0.0002209142694838,0.000189355088129
2020-11-22,Trinity,105,12862.0,2,0,0,0,2,0,0,0,0,0,1,0,1,0,0.0,7.774840615767377e-05,7.774840615767377e-05
2020-11-22,Tulare,107,460477.0,6,0,2,0,4,0,0,0,4,0,5,0,1,0,8.686644501245448e-06,1.085830562655681e-05,2.171661125311362e-06
2020-11-22,Tuolumne,109,53932.0,4,0,1,0,3,0,0,0,4,0,4,0,0,0,7.416747014759327e-05,7.416747014759327e-05,0.0
2020-11-22,Ventura,111,848112.0,40,3,28,3,11,0,1,0,11,3,26,3,15,0,1.2969985096308034e-05,3.065632840945536e-05,1.768634331314732e-05
2020-11-22,Yolo,113,214977.0,63,0,43,0,20,0,0,0,3,0,33,0,30,0,1.3954981230550245e-05,0.000153504793536,0.0001395498123055
2020-11-22,Yuba,115,75493.0,2,0,0,0,2,0,0,0,0,0,1,0,1,0,0.0,1.3246261242764227e-05,1.3246261242764227e-05
2020-11-21,Alameda,001,1643700.0,98,1,88,1,8,0,2,0,9,1,55,1,46,0,5.475451724767293e-06,3.34610938735779e-05,2.798564214881061e-05
2020-11-21,Alpine,003,1148.0,0,0,0,0,0,0,0,0,0,0,0,0,0,0,0.0,0.0,0.0
2020-11-21,Amador,005,37829.0,1,0,1,0,0,0,0,0,1,0,1,0,0,0,2.643474582991885e-05,2.643474582991885e-05,0.0
2020-11-21,Butte,007,227075.0,24,0,13,0,11,0,0,0,12,0,18,0,6,0,5.284597599911923e-05,7.926896399867886e-05,2.6422987999559612e-05
2020-11-21,Calaveras,009,45235.0,1,0,1,0,0,0,0,0,1,0,1,0,0,0,2.2106775726760254e-05,2.2106775726760254e-05,0.0
2020-11-21,Colusa,011,21464.0,0,0,0,0,0,0,0,0,0,0,0,0,0,0,0.0,0.0,0.0
2020-11-21,Contra Costa,013,1133247.0,130,0,114,0,11,0,5,0,10,0,73,0,63,0,8.824201608298985e-06,6.44166717405826e-05,5.559247013228361e-05
2020-11-21,Del Norte,015,27424.0,3,0,2,0,1,0,0,0,1,0,2,0,1,0,3.646441073512252e-05,7.292882147024503e-05,3.646441073512252e-05
2020-11-21,El Dorado,017,186661.0,18,0,8,0,10,0,0,0,4,0,11,0,7,0,2.1429221958523742e-05,5.893036038594029e-05,3.750113842741655e-05
2020-11-21,Fresno,019,978130.0,11,0,7,0,4,0,0,0,7,0,9,0,2,0,7.156512937953033e-06,9.201230920225328e-06,2.044717982272295e-06
2020-11-21,Glenn,021,27897.0,4,0,2,0,2,0,0,0,0,0,2,0,2,0,0.0,7.169229666272359e-05,7.169229666272359e-05
2020-11-21,Humboldt,023,135768.0,1,0,1,0,0,0,0,0,1,0,1,0,0,0,7.365505862942667e-06,7.365505862942667e-06,0.0
2020-11-21,Imperial,025,180216.0,2,0,0,0,2,0,0,0,2,0,2,0,0,0,1.109779375860079e-05,1.109779375860079e-05,0.0
2020-11-21,Inyo,027,18085.0,0,0,0,0,0,0,0,0,0,0,0,0,0,0,0.0,0.0,0.0
2020-11-21,Kern,029,883053.0,6,0,4,0,2,0,0,0,4,0,5,0,1,0,4.529739438063174e-06,5.662174297578967e-06,1.1324348595157936e-06
2020-11-21,Kings,031,150075.0,0,0,0,0,0,0,0,0,0,0,0,0,0,0,0.0,0.0,0.0
2020-11-21,Lake,033,64148.0,1,0,1,0,0,0,0,0,1,0,1,0,0,0,1.558895055184885e-05,1.558895055184885e-05,0.0
2020-11-21,Lassen,035,31185.0,2,0,0,0,2,0,0,0,0,0,1,0,1,0,0.0,3.20666987333654e-05,3.20666987333654e-05
2020-11-21,Los Angeles,037,10098052.0,927,6,711,1,144,1,72,4,156,1,580,5,424,5,1.5448524131188868e-05,5.743682048775348e-05,4.198829635656461e-05
2020-11-21,Madera,039,155013.0,5,0,3,0,1,0,1,0,2,0,3,0,1,0,1.2902143691174288e-05,1.9353215536761432e-05,6.451071845587144e-06
2020-11-21,Marin,041,260295.0,10,0,10,0,0,0,0,0,2,0,6,0,4,0,7.683589773142011e-06,2.305076931942604e-05,1.5367179546284023e-05
2020-11-21,Mariposa,043,17540.0,2,0,2,0,0,0,0,0,2,0,2,0,0,0,0.0001140250855188,0.0001140250855188,0.0
2020-11-21,Mendocino,045,87422.0,3,0,2,0,1,0,0,0,3,0,3,0,0,0,3.431630482029695e-05,3.431630482029695e-05,0.0
2020-11-21,Merced,047,269075.0,8,0,6,0,2,0,0,0,3,0,6,0,3,0,1.114930781380656e-05,2.229861562761312e-05,1.114930781380656e-05
2020-11-21,Modoc,049,8938.0,0,0,0,0,0,0,0,0,0,0,0,0,0,0,0.0,0.0,0.0
2020-11-21,Mono,051,14174.0,0,0,0,0,0,0,0,0,0,0,0,0,0,0,0.0,0.0,0.0
2020-11-21,Monterey,053,433212.0,4,0,0,0,4,0,0,0,4,0,4,0,0,0,9.233354570048845e-06,9.233354570048845e-06,0.0
2020-11-21,Napa,055,140530.0,3,0,1,0,1,0,1,0,2,0,3,0,1,0,1.423183661851562e-05,2.134775492777343e-05,7.11591830925781e-06
2020-11-21,Nevada,057,99092.0,2,0,2,0,0,0,0,0,0,0,1,0,1,0,0.0,1.009163201873007e-05,1.009163201873007e-05
2020-11-21,Orange,059,3164182.0,237,1,170,1,39,0,28,0,55,1,160,1,105,0,1.7382059565473794e-05,5.056599146319649e-05,3.3183931897722696e-05
2020-11-21,Placer,061,380077.0,29,0,23,0,6,0,0,0,3,0,16,0,13,0,7.893137443202299e-06,4.209673303041226e-05,3.420359558720996e-05
2020-11-21,Plumas,063,18699.0,0,0,0,0,0,0,0,0,0,0,0,0,0,0,0.0,0.0,0.0
2020-11-21,Riverside,065,2383286.0,78,0,29,0,47,0,2,0,15,0,48,0,33,0,6.293831290075971e-06,2.0140260128243107e-05,1.3846428838167136e-05
2020-11-21,Sacramento,067,1510023.0,220,0,147,0,72,0,1,0,27,0,124,0,97,0,1.7880522349659574e-05,8.211795449473286e-05,6.423743214507328e-05
2020-11-21,San Benito,069,59416.0,0,0,0,0,0,0,0,0,0,0,0,0,0,0,0.0,0.0,0.0
2020-11-21,San Bernardino,071,2135413.0,41,0,10,0,27,0,4,0,9,0,27,0,18,0,4.214641383189107e-06,1.264392414956732e-05,8.429282766378214e-06
2020-11-21,San Diego,073,3302833.0,742,0,257,0,432,0,53,0,31,0,409,0,378,0,9.385881756661627e-06,0.000123833085112,0.0001144472033554
2020-11-21,San Francisco,075,870044.0,54,0,38,0,15,0,1,0,7,0,31,0,24,0,8.045570109097931e-06,3.563038191171941e-05,2.758481180262148e-05
2020-11-21,San Joaquin,077,732212.0,19,0,13,0,6,0,0,0,4,0,12,0,8,0,5.4628987233205685e-06,1.6388696169961705e-05,1.0925797446641135e-05
2020-11-21,San Luis Obispo,079,281455.0,6,0,2,0,4,0,0,0,4,0,5,0,1,0,1.421186335293386e-05,1.7764829191167326e-05,3.552965838233465e-06
2020-11-21,San Mateo,081,765935.0,48,0,35,0,6,0,7,0,4,0,29,0,25,0,5.222375266830736e-06,3.786222068452284e-05,3.26398454176921e-05
2020-11-21,Santa Barbara,083,443738.0,5,0,5,0,0,0,0,0,3,0,4,0,1,0,6.760746206094587e-06,9.014328274792785e-06,2.253582068698196e-06
2020-11-21,Santa Clara,085,1922200.0,170,0,143,0,10,0,17,0,16,0,103,0,87,0,8.323795650816772e-06,5.358443450213297e-05,4.52606388513162e-05
2020-11-21,Santa Cruz,087,273765.0,7,0,4,0,2,0,1,0,2,0,5,0,3,0,7.305535769729512e-06,1.826383942432378e-05,1.095830365459427e-05
2020-11-21,Shasta,089,179085.0,357,0,142,0,215,0,0,0,7,0,182,0,175,0,3.908758410810509e-05,0.0010162771868107,0.0009771896027026
2020-11-21,Sierra,091,2930.0,0,0,0,0,0,0,0,0,0,0,0,0,0,0,0.0,0.0,0.0
2020-11-21,Siskiyou,093,43540.0,12,0,8,0,4,0,0,0,0,0,6,0,6,0,0.0,0.0001378043178686,0.0001378043178686
2020-11-21,Solano,095,438530.0,6,0,6,0,0,0,0,0,0,0,3,0,3,0,0.0,6.841037101224546e-06,6.841037101224546e-06
2020-11-21,Sonoma,097,501317.0,8,0,5,0,3,0,0,0,3,0,6,0,3,0,5.984237518376596e-06,1.1968475036753192e-05,5.984237518376596e-06
2020-11-21,Stanislaus,099,539301.0,20,0,15,0,5,0,0,0,10,0,15,0,5,0,1.8542520781530167e-05,2.781378117229525e-05,9.271260390765084e-06
2020-11-21,Sutter,101,95872.0,3,0,1,0,2,0,0,0,1,0,2,0,1,0,1.0430574098798398e-05,2.0861148197596795e-05,1.0430574098798398e-05
2020-11-21,Tehama,103,63373.0,26,0,7,0,19,0,0,0,2,0,14,0,12,0,3.1559181354835657e-05,0.0002209142694838,0.000189355088129
2020-11-21,Trinity,105,12862.0,2,0,0,0,2,0,0,0,0,0,1,0,1,0,0.0,7.774840615767377e-05,7.774840615767377e-05
2020-11-21,Tulare,107,460477.0,6,0,2,0,4,0,0,0,4,0,5,0,1,0,8.686644501245448e-06,1.085830562655681e-05,2.171661125311362e-06
2020-11-21,Tuolumne,109,53932.0,4,0,1,0,3,0,0,0,4,0,4,0,0,0,7.416747014759327e-05,7.416747014759327e-05,0.0
2020-11-21,Ventura,111,848112.0,37,0,25,0,11,0,1,0,8,0,23,0,15,0,9.432716433678573e-06,2.711905974682589e-05,1.768634331314732e-05
2020-11-21,Yolo,113,214977.0,63,0,43,0,20,0,0,0,3,0,33,0,30,0,1.3954981230550245e-05,0.000153504793536,0.0001395498123055
2020-11-21,Yuba,115,75493.0,2,0,0,0,2,0,0,0,0,0,1,0,1,0,0.0,1.3246261242764227e-05,1.3246261242764227e-05
2020-11-20,Alameda,001,1643700.0,97,0,87,0,8,0,2,0,8,0,54,0,46,0,4.86706819979315e-06,3.285271034860376e-05,2.798564214881061e-05
2020-11-20,Alpine,003,1148.0,0,0,0,0,0,0,0,0,0,0,0,0,0,0,0.0,0.0,0.0
2020-11-20,Amador,005,37829.0,1,0,1,0,0,0,0,0,1,0,1,0,0,0,2.643474582991885e-05,2.643474582991885e-05,0.0
2020-11-20,Butte,007,227075.0,24,0,13,0,11,0,0,0,12,0,18,0,6,0,5.284597599911923e-05,7.926896399867886e-05,2.6422987999559612e-05
2020-11-20,Calaveras,009,45235.0,1,0,1,0,0,0,0,0,1,0,1,0,0,0,2.2106775726760254e-05,2.2106775726760254e-05,0.0
2020-11-20,Colusa,011,21464.0,0,0,0,0,0,0,0,0,0,0,0,0,0,0,0.0,0.0,0.0
2020-11-20,Contra Costa,013,1133247.0,130,1,114,0,11,0,5,1,10,0,73,1,63,1,8.824201608298985e-06,6.44166717405826e-05,5.559247013228361e-05
2020-11-20,Del Norte,015,27424.0,3,0,2,0,1,0,0,0,1,0,2,0,1,0,3.646441073512252e-05,7.292882147024503e-05,3.646441073512252e-05
2020-11-20,El Dorado,017,186661.0,18,0,8,0,10,0,0,0,4,0,11,0,7,0,2.1429221958523742e-05,5.893036038594029e-05,3.750113842741655e-05
2020-11-20,Fresno,019,978130.0,11,1,7,0,4,1,0,0,7,1,9,1,2,0,7.156512937953033e-06,9.201230920225328e-06,2.044717982272295e-06
2020-11-20,Glenn,021,27897.0,4,0,2,0,2,0,0,0,0,0,2,0,2,0,0.0,7.169229666272359e-05,7.169229666272359e-05
2020-11-20,Humboldt,023,135768.0,1,0,1,0,0,0,0,0,1,0,1,0,0,0,7.365505862942667e-06,7.365505862942667e-06,0.0
2020-11-20,Imperial,025,180216.0,2,0,0,0,2,0,0,0,2,0,2,0,0,0,1.109779375860079e-05,1.109779375860079e-05,0.0
2020-11-20,Inyo,027,18085.0,0,0,0,0,0,0,0,0,0,0,0,0,0,0,0.0,0.0,0.0
2020-11-20,Kern,029,883053.0,6,0,4,0,2,0,0,0,4,0,5,0,1,0,4.529739438063174e-06,5.662174297578967e-06,1.1324348595157936e-06
2020-11-20,Kings,031,150075.0,0,0,0,0,0,0,0,0,0,0,0,0,0,0,0.0,0.0,0.0
2020-11-20,Lake,033,64148.0,1,0,1,0,0,0,0,0,1,0,1,0,0,0,1.558895055184885e-05,1.558895055184885e-05,0.0
2020-11-20,Lassen,035,31185.0,2,0,0,0,2,0,0,0,0,0,1,0,1,0,0.0,3.20666987333654e-05,3.20666987333654e-05
2020-11-20,Los Angeles,037,10098052.0,921,12,710,3,143,3,68,6,156,5,575,11,419,7,1.5448524131188868e-05,5.694167548354871e-05,4.149315135235984e-05
2020-11-20,Madera,039,155013.0,5,1,3,0,1,1,1,0,2,1,3,1,1,0,1.2902143691174288e-05,1.9353215536761432e-05,6.451071845587144e-06
2020-11-20,Marin,041,260295.0,10,0,10,0,0,0,0,0,2,0,6,0,4,0,7.683589773142011e-06,2.305076931942604e-05,1.5367179546284023e-05
2020-11-20,Mariposa,043,17540.0,2,0,2,0,0,0,0,0,2,0,2,0,0,0,0.0001140250855188,0.0001140250855188,0.0
2020-11-20,Mendocino,045,87422.0,3,0,2,0,1,0,0,0,3,0,3,0,0,0,3.431630482029695e-05,3.431630482029695e-05,0.0
2020-11-20,Merced,047,269075.0,8,0,6,0,2,0,0,0,3,0,6,0,3,0,1.114930781380656e-05,2.229861562761312e-05,1.114930781380656e-05
2020-11-20,Modoc,049,8938.0,0,0,0,0,0,0,0,0,0,0,0,0,0,0,0.0,0.0,0.0
2020-11-20,Mono,051,14174.0,0,0,0,0,0,0,0,0,0,0,0,0,0,0,0.0,0.0,0.0
2020-11-20,Monterey,053,433212.0,4,0,0,0,4,0,0,0,4,0,4,0,0,0,9.233354570048845e-06,9.233354570048845e-06,0.0
2020-11-20,Napa,055,140530.0,3,1,1,0,1,0,1,1,2,0,3,1,1,1,1.423183661851562e-05,2.134775492777343e-05,7.11591830925781e-06
2020-11-20,Nevada,057,99092.0,2,0,2,0,0,0,0,0,0,0,1,0,1,0,0.0,1.009163201873007e-05,1.009163201873007e-05
2020-11-20,Orange,059,3164182.0,236,4,169,1,39,0,28,3,54,1,159,4,105,3,1.7066022118828815e-05,5.024995401655152e-05,3.3183931897722696e-05
2020-11-20,Placer,061,380077.0,29,0,23,0,6,0,0,0,3,0,16,0,13,0,7.893137443202299e-06,4.209673303041226e-05,3.420359558720996e-05
2020-11-20,Plumas,063,18699.0,0,0,0,0,0,0,0,0,0,0,0,0,0,0,0.0,0.0,0.0
2020-11-20,Riverside,065,2383286.0,78,2,29,1,47,0,2,1,15,1,48,2,33,1,6.293831290075971e-06,2.0140260128243107e-05,1.3846428838167136e-05
2020-11-20,Sacramento,067,1510023.0,220,1,147,1,72,0,1,0,27,1,124,1,97,0,1.7880522349659574e-05,8.211795449473286e-05,6.423743214507328e-05
2020-11-20,San Benito,069,59416.0,0,0,0,0,0,0,0,0,0,0,0,0,0,0,0.0,0.0,0.0
2020-11-20,San Bernardino,071,2135413.0,41,1,10,0,27,0,4,1,9,0,27,1,18,1,4.214641383189107e-06,1.264392414956732e-05,8.429282766378214e-06
2020-11-20,San Diego,073,3302833.0,742,9,257,0,432,3,53,6,31,0,409,6,378,9,9.385881756661627e-06,0.000123833085112,0.0001144472033554
2020-11-20,San Francisco,075,870044.0,54,1,38,0,15,0,1,1,7,0,31,1,24,1,8.045570109097931e-06,3.563038191171941e-05,2.758481180262148e-05
2020-11-20,San Joaquin,077,732212.0,19,1,13,1,6,0,0,0,4,1,12,1,8,0,5.4628987233205685e-06,1.6388696169961705e-05,1.0925797446641135e-05
2020-11-20,San Luis Obispo,079,281455.0,6,0,2,0,4,0,0,0,4,0,5,0,1,0,1.421186335293386e-05,1.7764829191167326e-05,3.552965838233465e-06
2020-11-20,San Mateo,081,765935.0,48,2,35,0,6,0,7,2,4,0,29,2,25,2,5.222375266830736e-06,3.786222068452284e-05,3.26398454176921e-05
2020-11-20,Santa Barbara,083,443738.0,5,0,5,0,0,0,0,0,3,0,4,0,1,0,6.760746206094587e-06,9.014328274792785e-06,2.253582068698196e-06
2020-11-20,Santa Clara,085,1922200.0,170,4,143,2,10,0,17,2,16,0,103,2,87,4,8.323795650816772e-06,5.358443450213297e-05,4.52606388513162e-05
2020-11-20,Santa Cruz,087,273765.0,7,0,4,0,2,0,1,0,2,0,5,0,3,0,7.305535769729512e-06,1.826383942432378e-05,1.095830365459427e-05
2020-11-20,Shasta,089,179085.0,357,0,142,0,215,0,0,0,7,0,182,0,175,0,3.908758410810509e-05,0.0010162771868107,0.0009771896027026
2020-11-20,Sierra,091,2930.0,0,0,0,0,0,0,0,0,0,0,0,0,0,0,0.0,0.0,0.0
2020-11-20,Siskiyou,093,43540.0,12,0,8,0,4,0,0,0,0,0,6,0,6,0,0.0,0.0001378043178686,0.0001378043178686
2020-11-20,Solano,095,438530.0,6,0,6,0,0,0,0,0,0,0,3,0,3,0,0.0,6.841037101224546e-06,6.841037101224546e-06
2020-11-20,Sonoma,097,501317.0,8,1,5,1,3,0,0,0,3,1,6,1,3,0,5.984237518376596e-06,1.1968475036753192e-05,5.984237518376596e-06
2020-11-20,Stanislaus,099,539301.0,20,1,15,0,5,1,0,0,10,1,15,1,5,0,1.8542520781530167e-05,2.781378117229525e-05,9.271260390765084e-06
2020-11-20,Sutter,101,95872.0,3,0,1,0,2,0,0,0,1,0,2,0,1,0,1.0430574098798398e-05,2.0861148197596795e-05,1.0430574098798398e-05
2020-11-20,Tehama,103,63373.0,26,0,7,0,19,0,0,0,2,0,14,0,12,0,3.1559181354835657e-05,0.0002209142694838,0.000189355088129
2020-11-20,Trinity,105,12862.0,2,0,0,0,2,0,0,0,0,0,1,0,1,0,0.0,7.774840615767377e-05,7.774840615767377e-05
2020-11-20,Tulare,107,460477.0,6,0,2,0,4,0,0,0,4,0,5,0,1,0,8.686644501245448e-06,1.085830562655681e-05,2.171661125311362e-06
2020-11-20,Tuolumne,109,53932.0,4,0,1,0,3,0,0,0,4,0,4,0,0,0,7.416747014759327e-05,7.416747014759327e-05,0.0
2020-11-20,Ventura,111,848112.0,37,0,25,0,11,0,1,0,8,0,23,0,15,0,9.432716433678573e-06,2.711905974682589e-05,1.768634331314732e-05
2020-11-20,Yolo,113,214977.0,63,0,43,0,20,0,0,0,3,0,33,0,30,0,1.3954981230550245e-05,0.000153504793536,0.0001395498123055
2020-11-20,Yuba,115,75493.0,2,0,0,0,2,0,0,0,0,0,1,0,1,0,0.0,1.3246261242764227e-05,1.3246261242764227e-05
2020-11-19,Alameda,001,1643700.0,97,1,87,1,8,0,2,0,8,1,54,1,46,0,4.86706819979315e-06,3.285271034860376e-05,2.798564214881061e-05
2020-11-19,Alpine,003,1148.0,0,0,0,0,0,0,0,0,0,0,0,0,0,0,0.0,0.0,0.0
2020-11-19,Amador,005,37829.0,1,1,1,1,0,0,0,0,1,1,1,1,0,0,2.643474582991885e-05,2.643474582991885e-05,0.0
2020-11-19,Butte,007,227075.0,24,0,13,0,11,0,0,0,12,0,18,0,6,0,5.284597599911923e-05,7.926896399867886e-05,2.6422987999559612e-05
2020-11-19,Calaveras,009,45235.0,1,0,1,0,0,0,0,0,1,0,1,0,0,0,2.2106775726760254e-05,2.2106775726760254e-05,0.0
2020-11-19,Colusa,011,21464.0,0,0,0,0,0,0,0,0,0,0,0,0,0,0,0.0,0.0,0.0
2020-11-19,Contra Costa,013,1133247.0,129,3,114,1,11,1,4,1,10,1,72,2,62,2,8.824201608298985e-06,6.35342515797527e-05,5.471004997145371e-05
2020-11-19,Del Norte,015,27424.0,3,0,2,0,1,0,0,0,1,0,2,0,1,0,3.646441073512252e-05,7.292882147024503e-05,3.646441073512252e-05
2020-11-19,El Dorado,017,186661.0,18,0,8,0,10,0,0,0,4,0,11,0,7,0,2.1429221958523742e-05,5.893036038594029e-05,3.750113842741655e-05
2020-11-19,Fresno,019,978130.0,10,0,7,0,3,0,0,0,6,0,8,0,2,0,6.134153946816885e-06,8.17887192908918e-06,2.044717982272295e-06
2020-11-19,Glenn,021,27897.0,4,0,2,0,2,0,0,0,0,0,2,0,2,0,0.0,7.169229666272359e-05,7.169229666272359e-05
2020-11-19,Humboldt,023,135768.0,1,0,1,0,0,0,0,0,1,0,1,0,0,0,7.365505862942667e-06,7.365505862942667e-06,0.0
2020-11-19,Imperial,025,180216.0,2,0,0,0,2,0,0,0,2,0,2,0,0,0,1.109779375860079e-05,1.109779375860079e-05,0.0
2020-11-19,Inyo,027,18085.0,0,0,0,0,0,0,0,0,0,0,0,0,0,0,0.0,0.0,0.0
2020-11-19,Kern,029,883053.0,6,0,4,0,2,0,0,0,4,0,5,0,1,0,4.529739438063174e-06,5.662174297578967e-06,1.1324348595157936e-06
2020-11-19,Kings,031,150075.0,0,0,0,0,0,0,0,0,0,0,0,0,0,0,0.0,0.0,0.0
2020-11-19,Lake,033,64148.0,1,0,1,0,0,0,0,0,1,0,1,0,0,0,1.558895055184885e-05,1.558895055184885e-05,0.0
2020-11-19,Lassen,035,31185.0,2,0,0,0,2,0,0,0,0,0,1,0,1,0,0.0,3.20666987333654e-05,3.20666987333654e-05
2020-11-19,Los Angeles,037,10098052.0,909,4,707,1,140,1,62,2,152,0,564,2,412,4,1.505240812782505e-05,5.585235647429821e-05,4.079994834647316e-05
2020-11-19,Madera,039,155013.0,4,0,3,0,0,0,1,0,1,0,2,0,1,0,6.451071845587144e-06,1.2902143691174288e-05,6.451071845587144e-06
2020-11-19,Marin,041,260295.0,10,0,10,0,0,0,0,0,2,0,6,0,4,0,7.683589773142011e-06,2.305076931942604e-05,1.5367179546284023e-05
2020-11-19,Mariposa,043,17540.0,2,0,2,0,0,0,0,0,2,0,2,0,0,0,0.0001140250855188,0.0001140250855188,0.0
2020-11-19,Mendocino,045,87422.0,3,0,2,0,1,0,0,0,3,0,3,0,0,0,3.431630482029695e-05,3.431630482029695e-05,0.0
2020-11-19,Merced,047,269075.0,8,0,6,0,2,0,0,0,3,0,6,0,3,0,1.114930781380656e-05,2.229861562761312e-05,1.114930781380656e-05
2020-11-19,Modoc,049,8938.0,0,0,0,0,0,0,0,0,0,0,0,0,0,0,0.0,0.0,0.0
2020-11-19,Mono,051,14174.0,0,0,0,0,0,0,0,0,0,0,0,0,0,0,0.0,0.0,0.0
2020-11-19,Monterey,053,433212.0,4,0,0,0,4,0,0,0,4,0,4,0,0,0,9.233354570048845e-06,9.233354570048845e-06,0.0
2020-11-19,Napa,055,140530.0,2,0,1,0,1,0,0,0,2,0,2,0,0,0,1.423183661851562e-05,1.423183661851562e-05,0.0
2020-11-19,Nevada,057,99092.0,2,0,2,0,0,0,0,0,0,0,1,0,1,0,0.0,1.009163201873007e-05,1.009163201873007e-05
2020-11-19,Orange,059,3164182.0,232,0,168,0,39,0,25,0,53,0,155,0,102,0,1.674998467218384e-05,4.89858042299716e-05,3.223581955778776e-05
2020-11-19,Placer,061,380077.0,29,0,23,0,6,0,0,0,3,0,16,0,13,0,7.893137443202299e-06,4.209673303041226e-05,3.420359558720996e-05
2020-11-19,Plumas,063,18699.0,0,0,0,0,0,0,0,0,0,0,0,0,0,0,0.0,0.0,0.0
2020-11-19,Riverside,065,2383286.0,76,0,28,0,47,0,1,0,14,0,46,0,32,0,5.87424253740424e-06,1.9301082622899645e-05,1.3426840085495404e-05
2020-11-19,Sacramento,067,1510023.0,219,2,146,1,72,0,1,1,26,1,123,2,97,1,1.7218280781153665e-05,8.145571292622695e-05,6.423743214507328e-05
2020-11-19,San Benito,069,59416.0,0,0,0,0,0,0,0,0,0,0,0,0,0,0,0.0,0.0,0.0
2020-11-19,San Bernardino,071,2135413.0,40,1,10,0,27,0,3,1,9,0,26,1,17,1,4.214641383189107e-06,1.2175630662546308e-05,7.9609892793572e-06
2020-11-19,San Diego,073,3302833.0,733,8,257,2,429,0,47,6,34,2,403,8,369,6,1.0294192894403075e-05,0.0001220164628366,0.0001117222699421
2020-11-19,San Francisco,075,870044.0,53,0,38,0,15,0,0,0,7,0,30,0,23,0,8.045570109097931e-06,3.4481014753276845e-05,2.6435444644178915e-05
2020-11-19,San Joaquin,077,732212.0,18,0,12,0,6,0,0,0,3,0,11,0,8,0,4.097174042490426e-06,1.5022971489131565e-05,1.0925797446641135e-05
2020-11-19,San Luis Obispo,079,281455.0,6,0,2,0,4,0,0,0,4,0,5,0,1,0,1.421186335293386e-05,1.7764829191167326e-05,3.552965838233465e-06
2020-11-19,San Mateo,081,765935.0,46,1,35,0,6,0,5,1,4,0,27,1,23,1,5.222375266830736e-06,3.525103305110747e-05,3.0028657784276732e-05
2020-11-19,Santa Barbara,083,443738.0,5,0,5,0,0,0,0,0,3,0,4,0,1,0,6.760746206094587e-06,9.014328274792785e-06,2.253582068698196e-06
2020-11-19,Santa Clara,085,1922200.0,166,3,141,0,10,0,15,3,18,0,101,3,83,3,9.364270107168867e-06,5.254396004578088e-05,4.317968993861201e-05
2020-11-19,Santa Cruz,087,273765.0,7,1,4,0,2,0,1,1,2,0,5,1,3,1,7.305535769729512e-06,1.826383942432378e-05,1.095830365459427e-05
2020-11-19,Shasta,089,179085.0,357,0,142,0,215,0,0,0,7,0,182,0,175,0,3.908758410810509e-05,0.0010162771868107,0.0009771896027026
2020-11-19,Sierra,091,2930.0,0,0,0,0,0,0,0,0,0,0,0,0,0,0,0.0,0.0,0.0
2020-11-19,Siskiyou,093,43540.0,12,0,8,0,4,0,0,0,0,0,6,0,6,0,0.0,0.0001378043178686,0.0001378043178686
2020-11-19,Solano,095,438530.0,6,0,6,0,0,0,0,0,0,0,3,0,3,0,0.0,6.841037101224546e-06,6.841037101224546e-06
2020-11-19,Sonoma,097,501317.0,7,0,4,0,3,0,0,0,2,0,5,0,3,0,3.989491678917731e-06,9.973729197294326e-06,5.984237518376596e-06
2020-11-19,Stanislaus,099,539301.0,19,0,15,0,4,0,0,0,9,0,14,0,5,0,1.668826870337715e-05,2.5959529094142237e-05,9.271260390765084e-06
2020-11-19,Sutter,101,95872.0,3,0,1,0,2,0,0,0,1,0,2,0,1,0,1.0430574098798398e-05,2.0861148197596795e-05,1.0430574098798398e-05
2020-11-19,Tehama,103,63373.0,26,0,7,0,19,0,0,0,2,0,14,0,12,0,3.1559181354835657e-05,0.0002209142694838,0.000189355088129
2020-11-19,Trinity,105,12862.0,2,0,0,0,2,0,0,0,0,0,1,0,1,0,0.0,7.774840615767377e-05,7.774840615767377e-05
2020-11-19,Tulare,107,460477.0,6,0,2,0,4,0,0,0,4,0,5,0,1,0,8.686644501245448e-06,1.085830562655681e-05,2.171661125311362e-06
2020-11-19,Tuolumne,109,53932.0,4,0,1,0,3,0,0,0,4,0,4,0,0,0,7.416747014759327e-05,7.416747014759327e-05,0.0
2020-11-19,Ventura,111,848112.0,37,0,25,0,11,0,1,0,8,0,23,0,15,0,9.432716433678573e-06,2.711905974682589e-05,1.768634331314732e-05
2020-11-19,Yolo,113,214977.0,63,0,43,0,20,0,0,0,3,0,33,0,30,0,1.3954981230550245e-05,0.000153504793536,0.0001395498123055
2020-11-19,Yuba,115,75493.0,2,0,0,0,2,0,0,0,0,0,1,0,1,0,0.0,1.3246261242764227e-05,1.3246261242764227e-05
2020-11-18,Alameda,001,1643700.0,96,0,86,0,8,0,2,0,7,0,53,0,46,0,4.258684674819006e-06,3.224432682362961e-05,2.798564214881061e-05
2020-11-18,Alpine,003,1148.0,0,0,0,0,0,0,0,0,0,0,0,0,0,0,0.0,0.0,0.0
2020-11-18,Amador,005,37829.0,0,0,0,0,0,0,0,0,0,0,0,0,0,0,0.0,0.0,0.0
2020-11-18,Butte,007,227075.0,24,1,13,1,11,0,0,0,12,1,18,1,6,0,5.284597599911923e-05,7.926896399867886e-05,2.6422987999559612e-05
2020-11-18,Calaveras,009,45235.0,1,0,1,0,0,0,0,0,1,0,1,0,0,0,2.2106775726760254e-05,2.2106775726760254e-05,0.0
2020-11-18,Colusa,011,21464.0,0,0,0,0,0,0,0,0,0,0,0,0,0,0,0.0,0.0,0.0
2020-11-18,Contra Costa,013,1133247.0,126,1,113,1,10,0,3,0,10,1,70,1,60,0,8.824201608298985e-06,6.17694112580929e-05,5.294520964979391e-05
2020-11-18,Del Norte,015,27424.0,3,0,2,0,1,0,0,0,1,0,2,0,1,0,3.646441073512252e-05,7.292882147024503e-05,3.646441073512252e-05
2020-11-18,El Dorado,017,186661.0,18,1,8,0,10,1,0,0,4,0,11,0,7,1,2.1429221958523742e-05,5.893036038594029e-05,3.750113842741655e-05
2020-11-18,Fresno,019,978130.0,10,0,7,0,3,0,0,0,6,0,8,0,2,0,6.134153946816885e-06,8.17887192908918e-06,2.044717982272295e-06
2020-11-18,Glenn,021,27897.0,4,0,2,0,2,0,0,0,0,0,2,0,2,0,0.0,7.169229666272359e-05,7.169229666272359e-05
2020-11-18,Humboldt,023,135768.0,1,0,1,0,0,0,0,0,1,0,1,0,0,0,7.365505862942667e-06,7.365505862942667e-06,0.0
2020-11-18,Imperial,025,180216.0,2,0,0,0,2,0,0,0,2,0,2,0,0,0,1.109779375860079e-05,1.109779375860079e-05,0.0
2020-11-18,Inyo,027,18085.0,0,0,0,0,0,0,0,0,0,0,0,0,0,0,0.0,0.0,0.0
2020-11-18,Kern,029,883053.0,6,0,4,0,2,0,0,0,4,0,5,0,1,0,4.529739438063174e-06,5.662174297578967e-06,1.1324348595157936e-06
2020-11-18,Kings,031,150075.0,0,0,0,0,0,0,0,0,0,0,0,0,0,0,0.0,0.0,0.0
2020-11-18,Lake,033,64148.0,1,0,1,0,0,0,0,0,1,0,1,0,0,0,1.558895055184885e-05,1.558895055184885e-05,0.0
2020-11-18,Lassen,035,31185.0,2,0,0,0,2,0,0,0,0,0,1,0,1,0,0.0,3.20666987333654e-05,3.20666987333654e-05
2020-11-18,Los Angeles,037,10098052.0,905,4,706,3,139,0,60,1,154,3,562,4,408,1,1.5250466129506958e-05,5.565429847261631e-05,4.040383234310935e-05
2020-11-18,Madera,039,155013.0,4,0,3,0,0,0,1,0,1,0,2,0,1,0,6.451071845587144e-06,1.2902143691174288e-05,6.451071845587144e-06
2020-11-18,Marin,041,260295.0,10,0,10,0,0,0,0,0,2,0,6,0,4,0,7.683589773142011e-06,2.305076931942604e-05,1.5367179546284023e-05
2020-11-18,Mariposa,043,17540.0,2,0,2,0,0,0,0,0,2,0,2,0,0,0,0.0001140250855188,0.0001140250855188,0.0
2020-11-18,Mendocino,045,87422.0,3,0,2,0,1,0,0,0,3,0,3,0,0,0,3.431630482029695e-05,3.431630482029695e-05,0.0
2020-11-18,Merced,047,269075.0,8,0,6,0,2,0,0,0,3,0,6,0,3,0,1.114930781380656e-05,2.229861562761312e-05,1.114930781380656e-05
2020-11-18,Modoc,049,8938.0,0,0,0,0,0,0,0,0,0,0,0,0,0,0,0.0,0.0,0.0
2020-11-18,Mono,051,14174.0,0,0,0,0,0,0,0,0,0,0,0,0,0,0,0.0,0.0,0.0
2020-11-18,Monterey,053,433212.0,4,0,0,0,4,0,0,0,4,0,4,0,0,0,9.233354570048845e-06,9.233354570048845e-06,0.0
2020-11-18,Napa,055,140530.0,2,0,1,0,1,0,0,0,2,0,2,0,0,0,1.423183661851562e-05,1.423183661851562e-05,0.0
2020-11-18,Nevada,057,99092.0,2,0,2,0,0,0,0,0,0,0,1,0,1,0,0.0,1.009163201873007e-05,1.009163201873007e-05
2020-11-18,Orange,059,3164182.0,232,4,168,0,39,1,25,3,53,1,155,4,102,3,1.674998467218384e-05,4.89858042299716e-05,3.223581955778776e-05
2020-11-18,Placer,061,380077.0,29,0,23,0,6,0,0,0,3,0,16,0,13,0,7.893137443202299e-06,4.209673303041226e-05,3.420359558720996e-05
2020-11-18,Plumas,063,18699.0,0,0,0,0,0,0,0,0,0,0,0,0,0,0,0.0,0.0,0.0
2020-11-18,Riverside,065,2383286.0,76,1,28,1,47,0,1,0,14,0,46,0,32,1,5.87424253740424e-06,1.9301082622899645e-05,1.3426840085495404e-05
2020-11-18,Sacramento,067,1510023.0,217,3,145,2,72,1,0,0,25,3,121,3,96,0,1.6556039212647756e-05,8.013122978921513e-05,6.357519057656737e-05
2020-11-18,San Benito,069,59416.0,0,0,0,0,0,0,0,0,0,0,0,0,0,0,0.0,0.0,0.0
2020-11-18,San Bernardino,071,2135413.0,39,0,10,0,27,0,2,0,9,0,25,0,16,0,4.214641383189107e-06,1.1707337175525296e-05,7.49269579233619e-06
2020-11-18,San Diego,073,3302833.0,725,9,255,1,429,2,41,6,32,1,395,7,363,8,9.68865213590878e-06,0.0001195942998026,0.0001099056476667
2020-11-18,San Francisco,075,870044.0,53,0,38,0,15,0,0,0,7,0,30,0,23,0,8.045570109097931e-06,3.4481014753276845e-05,2.6435444644178915e-05
2020-11-18,San Joaquin,077,732212.0,18,0,12,0,6,0,0,0,3,0,11,0,8,0,4.097174042490426e-06,1.5022971489131565e-05,1.0925797446641135e-05
2020-11-18,San Luis Obispo,079,281455.0,6,0,2,0,4,0,0,0,4,0,5,0,1,0,1.421186335293386e-05,1.7764829191167326e-05,3.552965838233465e-06
2020-11-18,San Mateo,081,765935.0,45,0,35,0,6,0,4,0,4,0,26,0,22,0,5.222375266830736e-06,3.394543923439979e-05,2.872306396756905e-05
2020-11-18,Santa Barbara,083,443738.0,5,0,5,0,0,0,0,0,3,0,4,0,1,0,6.760746206094587e-06,9.014328274792785e-06,2.253582068698196e-06
2020-11-18,Santa Clara,085,1922200.0,163,4,141,2,10,0,12,2,18,2,98,4,80,2,9.364270107168867e-06,5.098324836125273e-05,4.161897825408386e-05
2020-11-18,Santa Cruz,087,273765.0,6,1,4,0,2,1,0,0,2,1,4,1,2,0,7.305535769729512e-06,1.4611071539459023e-05,7.305535769729512e-06
2020-11-18,Shasta,089,179085.0,357,0,142,0,215,0,0,0,7,0,182,0,175,0,3.908758410810509e-05,0.0010162771868107,0.0009771896027026
2020-11-18,Sierra,091,2930.0,0,0,0,0,0,0,0,0,0,0,0,0,0,0,0.0,0.0,0.0
2020-11-18,Siskiyou,093,43540.0,12,0,8,0,4,0,0,0,0,0,6,0,6,0,0.0,0.0001378043178686,0.0001378043178686
2020-11-18,Solano,095,438530.0,6,0,6,0,0,0,0,0,0,0,3,0,3,0,0.0,6.841037101224546e-06,6.841037101224546e-06
2020-11-18,Sonoma,097,501317.0,7,0,4,0,3,0,0,0,2,0,5,0,3,0,3.989491678917731e-06,9.973729197294326e-06,5.984237518376596e-06
2020-11-18,Stanislaus,099,539301.0,19,0,15,0,4,0,0,0,9,0,14,0,5,0,1.668826870337715e-05,2.5959529094142237e-05,9.271260390765084e-06
2020-11-18,Sutter,101,95872.0,3,1,1,1,2,0,0,0,1,1,2,1,1,0,1.0430574098798398e-05,2.0861148197596795e-05,1.0430574098798398e-05
2020-11-18,Tehama,103,63373.0,26,0,7,0,19,0,0,0,2,0,14,0,12,0,3.1559181354835657e-05,0.0002209142694838,0.000189355088129
2020-11-18,Trinity,105,12862.0,2,0,0,0,2,0,0,0,0,0,1,0,1,0,0.0,7.774840615767377e-05,7.774840615767377e-05
2020-11-18,Tulare,107,460477.0,6,0,2,0,4,0,0,0,4,0,5,0,1,0,8.686644501245448e-06,1.085830562655681e-05,2.171661125311362e-06
2020-11-18,Tuolumne,109,53932.0,4,0,1,0,3,0,0,0,4,0,4,0,0,0,7.416747014759327e-05,7.416747014759327e-05,0.0
2020-11-18,Ventura,111,848112.0,37,0,25,0,11,0,1,0,8,0,23,0,15,0,9.432716433678573e-06,2.711905974682589e-05,1.768634331314732e-05
2020-11-18,Yolo,113,214977.0,63,0,43,0,20,0,0,0,3,0,33,0,30,0,1.3954981230550245e-05,0.000153504793536,0.0001395498123055
2020-11-18,Yuba,115,75493.0,2,0,0,0,2,0,0,0,0,0,1,0,1,0,0.0,1.3246261242764227e-05,1.3246261242764227e-05
2020-11-17,Alameda,001,1643700.0,96,1,86,0,8,0,2,1,7,0,53,1,46,1,4.258684674819006e-06,3.224432682362961e-05,2.798564214881061e-05
2020-11-17,Alpine,003,1148.0,0,0,0,0,0,0,0,0,0,0,0,0,0,0,0.0,0.0,0.0
2020-11-17,Amador,005,37829.0,0,0,0,0,0,0,0,0,0,0,0,0,0,0,0.0,0.0,0.0
2020-11-17,Butte,007,227075.0,23,0,12,0,11,0,0,0,11,0,17,0,6,0,4.84421446658593e-05,7.486513266541892e-05,2.6422987999559612e-05
2020-11-17,Calaveras,009,45235.0,1,0,1,0,0,0,0,0,1,0,1,0,0,0,2.2106775726760254e-05,2.2106775726760254e-05,0.0
2020-11-17,Colusa,011,21464.0,0,0,0,0,0,0,0,0,0,0,0,0,0,0,0.0,0.0,0.0
2020-11-17,Contra Costa,013,1133247.0,125,0,112,0,10,0,3,0,9,0,69,0,60,0,7.941781447469087e-06,6.0886991097263e-05,5.294520964979391e-05
2020-11-17,Del Norte,015,27424.0,3,0,2,0,1,0,0,0,1,0,2,0,1,0,3.646441073512252e-05,7.292882147024503e-05,3.646441073512252e-05
2020-11-17,El Dorado,017,186661.0,17,0,8,0,9,0,0,0,5,0,11,0,6,0,2.678652744815468e-05,5.893036038594029e-05,3.214383293778561e-05
2020-11-17,Fresno,019,978130.0,10,0,7,0,3,0,0,0,6,0,8,0,2,0,6.134153946816885e-06,8.17887192908918e-06,2.044717982272295e-06
2020-11-17,Glenn,021,27897.0,4,0,2,0,2,0,0,0,0,0,2,0,2,0,0.0,7.169229666272359e-05,7.169229666272359e-05
2020-11-17,Humboldt,023,135768.0,1,0,1,0,0,0,0,0,1,0,1,0,0,0,7.365505862942667e-06,7.365505862942667e-06,0.0
2020-11-17,Imperial,025,180216.0,2,0,0,0,2,0,0,0,2,0,2,0,0,0,1.109779375860079e-05,1.109779375860079e-05,0.0
2020-11-17,Inyo,027,18085.0,0,0,0,0,0,0,0,0,0,0,0,0,0,0,0.0,0.0,0.0
2020-11-17,Kern,029,883053.0,6,0,4,0,2,0,0,0,4,0,5,0,1,0,4.529739438063174e-06,5.662174297578967e-06,1.1324348595157936e-06
2020-11-17,Kings,031,150075.0,0,0,0,0,0,0,0,0,0,0,0,0,0,0,0.0,0.0,0.0
2020-11-17,Lake,033,64148.0,1,0,1,0,0,0,0,0,1,0,1,0,0,0,1.558895055184885e-05,1.558895055184885e-05,0.0
2020-11-17,Lassen,035,31185.0,2,0,0,0,2,0,0,0,0,0,1,0,1,0,0.0,3.20666987333654e-05,3.20666987333654e-05
2020-11-17,Los Angeles,037,10098052.0,901,8,703,6,139,2,59,0,151,1,558,3,407,7,1.4953379126984095e-05,5.525818246925249e-05,4.030480334226839e-05
2020-11-17,Madera,039,155013.0,4,0,3,0,0,0,1,0,1,0,2,0,1,0,6.451071845587144e-06,1.2902143691174288e-05,6.451071845587144e-06
2020-11-17,Marin,041,260295.0,10,0,10,0,0,0,0,0,2,0,6,0,4,0,7.683589773142011e-06,2.305076931942604e-05,1.5367179546284023e-05
2020-11-17,Mariposa,043,17540.0,2,0,2,0,0,0,0,0,2,0,2,0,0,0,0.0001140250855188,0.0001140250855188,0.0
2020-11-17,Mendocino,045,87422.0,3,0,2,0,1,0,0,0,3,0,3,0,0,0,3.431630482029695e-05,3.431630482029695e-05,0.0
2020-11-17,Merced,047,269075.0,8,0,6,0,2,0,0,0,3,0,6,0,3,0,1.114930781380656e-05,2.229861562761312e-05,1.114930781380656e-05
2020-11-17,Modoc,049,8938.0,0,0,0,0,0,0,0,0,0,0,0,0,0,0,0.0,0.0,0.0
2020-11-17,Mono,051,14174.0,0,0,0,0,0,0,0,0,0,0,0,0,0,0,0.0,0.0,0.0
2020-11-17,Monterey,053,433212.0,4,0,0,0,4,0,0,0,4,0,4,0,0,0,9.233354570048845e-06,9.233354570048845e-06,0.0
2020-11-17,Napa,055,140530.0,2,0,1,0,1,0,0,0,2,0,2,0,0,0,1.423183661851562e-05,1.423183661851562e-05,0.0
2020-11-17,Nevada,057,99092.0,2,0,2,0,0,0,0,0,0,0,1,0,1,0,0.0,1.009163201873007e-05,1.009163201873007e-05
2020-11-17,Orange,059,3164182.0,228,3,168,2,38,0,22,1,52,1,151,2,99,2,1.643394722553886e-05,4.772165444339169e-05,3.128770721785283e-05
2020-11-17,Placer,061,380077.0,29,0,23,0,6,0,0,0,3,0,16,0,13,0,7.893137443202299e-06,4.209673303041226e-05,3.420359558720996e-05
2020-11-17,Plumas,063,18699.0,0,0,0,0,0,0,0,0,0,0,0,0,0,0,0.0,0.0,0.0
2020-11-17,Riverside,065,2383286.0,75,0,27,0,47,0,1,0,15,0,46,0,31,0,6.293831290075971e-06,1.9301082622899645e-05,1.3007251332823673e-05
2020-11-17,Sacramento,067,1510023.0,214,0,143,0,71,0,0,0,22,0,118,0,96,0,1.4569314507130024e-05,7.81445050836974e-05,6.357519057656737e-05
2020-11-17,San Benito,069,59416.0,0,0,0,0,0,0,0,0,0,0,0,0,0,0,0.0,0.0,0.0
2020-11-17,San Bernardino,071,2135413.0,39,1,10,0,27,1,2,0,9,0,25,0,16,1,4.214641383189107e-06,1.1707337175525296e-05,7.49269579233619e-06
2020-11-17,San Diego,073,3302833.0,716,4,254,3,427,0,35,1,33,0,388,1,355,4,9.991422515155929e-06,0.0001174749071478,0.0001074834846327
2020-11-17,San Francisco,075,870044.0,53,0,38,0,15,0,0,0,7,0,30,0,23,0,8.045570109097931e-06,3.4481014753276845e-05,2.6435444644178915e-05
2020-11-17,San Joaquin,077,732212.0,18,0,12,0,6,0,0,0,3,0,11,0,8,0,4.097174042490426e-06,1.5022971489131565e-05,1.0925797446641135e-05
2020-11-17,San Luis Obispo,079,281455.0,6,0,2,0,4,0,0,0,4,0,5,0,1,0,1.421186335293386e-05,1.7764829191167326e-05,3.552965838233465e-06
2020-11-17,San Mateo,081,765935.0,45,0,35,0,6,0,4,0,4,0,26,0,22,0,5.222375266830736e-06,3.394543923439979e-05,2.872306396756905e-05
2020-11-17,Santa Barbara,083,443738.0,5,0,5,0,0,0,0,0,3,0,4,0,1,0,6.760746206094587e-06,9.014328274792785e-06,2.253582068698196e-06
2020-11-17,Santa Clara,085,1922200.0,159,1,139,1,10,0,10,0,16,1,94,1,78,0,8.323795650816772e-06,4.890229944854854e-05,4.057850379773177e-05
2020-11-17,Santa Cruz,087,273765.0,5,0,4,0,1,0,0,0,1,0,3,0,2,0,3.652767884864756e-06,1.095830365459427e-05,7.305535769729512e-06
2020-11-17,Shasta,089,179085.0,357,1,142,1,215,0,0,0,7,0,182,0,175,1,3.908758410810509e-05,0.0010162771868107,0.0009771896027026
2020-11-17,Sierra,091,2930.0,0,0,0,0,0,0,0,0,0,0,0,0,0,0,0.0,0.0,0.0
2020-11-17,Siskiyou,093,43540.0,12,0,8,0,4,0,0,0,0,0,6,0,6,0,0.0,0.0001378043178686,0.0001378043178686
2020-11-17,Solano,095,438530.0,6,0,6,0,0,0,0,0,0,0,3,0,3,0,0.0,6.841037101224546e-06,6.841037101224546e-06
2020-11-17,Sonoma,097,501317.0,7,0,4,0,3,0,0,0,2,0,5,0,3,0,3.989491678917731e-06,9.973729197294326e-06,5.984237518376596e-06
2020-11-17,Stanislaus,099,539301.0,19,0,15,0,4,0,0,0,9,0,14,0,5,0,1.668826870337715e-05,2.5959529094142237e-05,9.271260390765084e-06
2020-11-17,Sutter,101,95872.0,2,0,0,0,2,0,0,0,0,0,1,0,1,0,0.0,1.0430574098798398e-05,1.0430574098798398e-05
2020-11-17,Tehama,103,63373.0,26,0,7,0,19,0,0,0,2,0,14,0,12,0,3.1559181354835657e-05,0.0002209142694838,0.000189355088129
2020-11-17,Trinity,105,12862.0,2,0,0,0,2,0,0,0,0,0,1,0,1,0,0.0,7.774840615767377e-05,7.774840615767377e-05
2020-11-17,Tulare,107,460477.0,6,1,2,0,4,1,0,0,4,1,5,1,1,0,8.686644501245448e-06,1.085830562655681e-05,2.171661125311362e-06
2020-11-17,Tuolumne,109,53932.0,4,0,1,0,3,0,0,0,4,0,4,0,0,0,7.416747014759327e-05,7.416747014759327e-05,0.0
2020-11-17,Ventura,111,848112.0,37,0,25,0,11,0,1,0,8,0,23,0,15,0,9.432716433678573e-06,2.711905974682589e-05,1.768634331314732e-05
2020-11-17,Yolo,113,214977.0,63,0,43,0,20,0,0,0,3,0,33,0,30,0,1.3954981230550245e-05,0.000153504793536,0.0001395498123055
2020-11-17,Yuba,115,75493.0,2,0,0,0,2,0,0,0,0,0,1,0,1,0,0.0,1.3246261242764227e-05,1.3246261242764227e-05
2020-11-16,Alameda,001,1643700.0,95,1,86,0,8,1,1,0,7,0,52,0,45,1,4.258684674819006e-06,3.163594329865547e-05,2.7377258623836467e-05
2020-11-16,Alpine,003,1148.0,0,0,0,0,0,0,0,0,0,0,0,0,0,0,0.0,0.0,0.0
2020-11-16,Amador,005,37829.0,0,0,0,0,0,0,0,0,0,0,0,0,0,0,0.0,0.0,0.0
2020-11-16,Butte,007,227075.0,23,0,12,0,11,0,0,0,11,0,17,0,6,0,4.84421446658593e-05,7.486513266541892e-05,2.6422987999559612e-05
2020-11-16,Calaveras,009,45235.0,1,0,1,0,0,0,0,0,1,0,1,0,0,0,2.2106775726760254e-05,2.2106775726760254e-05,0.0
2020-11-16,Colusa,011,21464.0,0,0,0,0,0,0,0,0,0,0,0,0,0,0,0.0,0.0,0.0
2020-11-16,Contra Costa,013,1133247.0,125,3,112,1,10,1,3,1,9,1,69,2,60,2,7.941781447469087e-06,6.0886991097263e-05,5.294520964979391e-05
2020-11-16,Del Norte,015,27424.0,3,0,2,0,1,0,0,0,1,0,2,0,1,0,3.646441073512252e-05,7.292882147024503e-05,3.646441073512252e-05
2020-11-16,El Dorado,017,186661.0,17,1,8,0,9,1,0,0,5,1,11,1,6,0,2.678652744815468e-05,5.893036038594029e-05,3.214383293778561e-05
2020-11-16,Fresno,019,978130.0,10,0,7,0,3,0,0,0,6,0,8,0,2,0,6.134153946816885e-06,8.17887192908918e-06,2.044717982272295e-06
2020-11-16,Glenn,021,27897.0,4,0,2,0,2,0,0,0,0,0,2,0,2,0,0.0,7.169229666272359e-05,7.169229666272359e-05
2020-11-16,Humboldt,023,135768.0,1,0,1,0,0,0,0,0,1,0,1,0,0,0,7.365505862942667e-06,7.365505862942667e-06,0.0
2020-11-16,Imperial,025,180216.0,2,0,0,0,2,0,0,0,2,0,2,0,0,0,1.109779375860079e-05,1.109779375860079e-05,0.0
2020-11-16,Inyo,027,18085.0,0,0,0,0,0,0,0,0,0,0,0,0,0,0,0.0,0.0,0.0
2020-11-16,Kern,029,883053.0,6,0,4,0,2,0,0,0,4,0,5,0,1,0,4.529739438063174e-06,5.662174297578967e-06,1.1324348595157936e-06
2020-11-16,Kings,031,150075.0,0,0,0,0,0,0,0,0,0,0,0,0,0,0,0.0,0.0,0.0
2020-11-16,Lake,033,64148.0,1,0,1,0,0,0,0,0,1,0,1,0,0,0,1.558895055184885e-05,1.558895055184885e-05,0.0
2020-11-16,Lassen,035,31185.0,2,0,0,0,2,0,0,0,0,0,1,0,1,0,0.0,3.20666987333654e-05,3.20666987333654e-05
2020-11-16,Los Angeles,037,10098052.0,893,7,697,4,137,0,59,3,155,1,555,4,400,6,1.5349495130347914e-05,5.4961095466729626e-05,3.961160033638171e-05
2020-11-16,Madera,039,155013.0,4,0,3,0,0,0,1,0,1,0,2,0,1,0,6.451071845587144e-06,1.2902143691174288e-05,6.451071845587144e-06
2020-11-16,Marin,041,260295.0,10,0,10,0,0,0,0,0,2,0,6,0,4,0,7.683589773142011e-06,2.305076931942604e-05,1.5367179546284023e-05
2020-11-16,Mariposa,043,17540.0,2,0,2,0,0,0,0,0,2,0,2,0,0,0,0.0001140250855188,0.0001140250855188,0.0
2020-11-16,Mendocino,045,87422.0,3,0,2,0,1,0,0,0,3,0,3,0,0,0,3.431630482029695e-05,3.431630482029695e-05,0.0
2020-11-16,Merced,047,269075.0,8,0,6,0,2,0,0,0,3,0,6,0,3,0,1.114930781380656e-05,2.229861562761312e-05,1.114930781380656e-05
2020-11-16,Modoc,049,8938.0,0,0,0,0,0,0,0,0,0,0,0,0,0,0,0.0,0.0,0.0
2020-11-16,Mono,051,14174.0,0,0,0,0,0,0,0,0,0,0,0,0,0,0,0.0,0.0,0.0
2020-11-16,Monterey,053,433212.0,4,0,0,0,4,0,0,0,4,0,4,0,0,0,9.233354570048845e-06,9.233354570048845e-06,0.0
2020-11-16,Napa,055,140530.0,2,0,1,0,1,0,0,0,2,0,2,0,0,0,1.423183661851562e-05,1.423183661851562e-05,0.0
2020-11-16,Nevada,057,99092.0,2,0,2,0,0,0,0,0,0,0,1,0,1,0,0.0,1.009163201873007e-05,1.009163201873007e-05
2020-11-16,Orange,059,3164182.0,225,2,166,2,38,0,21,0,52,2,149,2,97,0,1.643394722553886e-05,4.708957955010173e-05,3.065563232456287e-05
2020-11-16,Placer,061,380077.0,29,1,23,1,6,0,0,0,3,1,16,1,13,0,7.893137443202299e-06,4.209673303041226e-05,3.420359558720996e-05
2020-11-16,Plumas,063,18699.0,0,0,0,0,0,0,0,0,0,0,0,0,0,0,0.0,0.0,0.0
2020-11-16,Riverside,065,2383286.0,75,0,27,0,47,0,1,0,15,0,46,0,31,0,6.293831290075971e-06,1.9301082622899645e-05,1.3007251332823673e-05
2020-11-16,Sacramento,067,1510023.0,214,0,143,0,71,0,0,0,22,0,118,0,96,0,1.4569314507130024e-05,7.81445050836974e-05,6.357519057656737e-05
2020-11-16,San Benito,069,59416.0,0,0,0,0,0,0,0,0,0,0,0,0,0,0,0.0,0.0,0.0
2020-11-16,San Bernardino,071,2135413.0,38,3,10,0,26,1,2,2,10,1,25,3,15,2,4.682934870210119e-06,1.1707337175525296e-05,7.024402305315178e-06
2020-11-16,San Diego,073,3302833.0,712,8,251,3,427,1,34,4,36,2,387,6,351,6,1.0899733652897375e-05,0.0001171721367686,0.0001062724031157
2020-11-16,San Francisco,075,870044.0,53,0,38,0,15,0,0,0,7,0,30,0,23,0,8.045570109097931e-06,3.4481014753276845e-05,2.6435444644178915e-05
2020-11-16,San Joaquin,077,732212.0,18,0,12,0,6,0,0,0,3,0,11,0,8,0,4.097174042490426e-06,1.5022971489131565e-05,1.0925797446641135e-05
2020-11-16,San Luis Obispo,079,281455.0,6,0,2,0,4,0,0,0,4,0,5,0,1,0,1.421186335293386e-05,1.7764829191167326e-05,3.552965838233465e-06
2020-11-16,San Mateo,081,765935.0,45,1,35,0,6,0,4,1,4,0,26,1,22,1,5.222375266830736e-06,3.394543923439979e-05,2.872306396756905e-05
2020-11-16,Santa Barbara,083,443738.0,5,0,5,0,0,0,0,0,3,0,4,0,1,0,6.760746206094587e-06,9.014328274792785e-06,2.253582068698196e-06
2020-11-16,Santa Clara,085,1922200.0,158,3,138,1,10,0,10,2,15,1,93,3,78,2,7.803558422640724e-06,4.838206222037249e-05,4.057850379773177e-05
2020-11-16,Santa Cruz,087,273765.0,5,0,4,0,1,0,0,0,1,0,3,0,2,0,3.652767884864756e-06,1.095830365459427e-05,7.305535769729512e-06
2020-11-16,Shasta,089,179085.0,356,0,141,0,215,0,0,0,8,0,182,0,174,0,4.4671524694977245e-05,0.0010162771868107,0.0009716056621157
2020-11-16,Sierra,091,2930.0,0,0,0,0,0,0,0,0,0,0,0,0,0,0,0.0,0.0,0.0
2020-11-16,Siskiyou,093,43540.0,12,0,8,0,4,0,0,0,0,0,6,0,6,0,0.0,0.0001378043178686,0.0001378043178686
2020-11-16,Solano,095,438530.0,6,0,6,0,0,0,0,0,0,0,3,0,3,0,0.0,6.841037101224546e-06,6.841037101224546e-06
2020-11-16,Sonoma,097,501317.0,7,0,4,0,3,0,0,0,2,0,5,0,3,0,3.989491678917731e-06,9.973729197294326e-06,5.984237518376596e-06
2020-11-16,Stanislaus,099,539301.0,19,0,15,0,4,0,0,0,9,0,14,0,5,0,1.668826870337715e-05,2.5959529094142237e-05,9.271260390765084e-06
2020-11-16,Sutter,101,95872.0,2,0,0,0,2,0,0,0,0,0,1,0,1,0,0.0,1.0430574098798398e-05,1.0430574098798398e-05
2020-11-16,Tehama,103,63373.0,26,0,7,0,19,0,0,0,2,0,14,0,12,0,3.1559181354835657e-05,0.0002209142694838,0.000189355088129
2020-11-16,Trinity,105,12862.0,2,0,0,0,2,0,0,0,0,0,1,0,1,0,0.0,7.774840615767377e-05,7.774840615767377e-05
2020-11-16,Tulare,107,460477.0,5,0,2,0,3,0,0,0,3,0,4,0,1,0,6.514983375934086e-06,8.686644501245448e-06,2.171661125311362e-06
2020-11-16,Tuolumne,109,53932.0,4,0,1,0,3,0,0,0,4,0,4,0,0,0,7.416747014759327e-05,7.416747014759327e-05,0.0
2020-11-16,Ventura,111,848112.0,37,1,25,1,11,0,1,0,8,1,23,1,15,0,9.432716433678573e-06,2.711905974682589e-05,1.768634331314732e-05
2020-11-16,Yolo,113,214977.0,63,0,43,0,20,0,0,0,3,0,33,0,30,0,1.3954981230550245e-05,0.000153504793536,0.0001395498123055
2020-11-16,Yuba,115,75493.0,2,0,0,0,2,0,0,0,0,0,1,0,1,0,0.0,1.3246261242764227e-05,1.3246261242764227e-05
2020-11-15,Alameda,001,1643700.0,94,0,86,0,7,0,1,0,8,0,52,0,44,0,4.86706819979315e-06,3.163594329865547e-05,2.6768875098862323e-05
2020-11-15,Alpine,003,1148.0,0,0,0,0,0,0,0,0,0,0,0,0,0,0,0.0,0.0,0.0
2020-11-15,Amador,005,37829.0,0,0,0,0,0,0,0,0,0,0,0,0,0,0,0.0,0.0,0.0
2020-11-15,Butte,007,227075.0,23,0,12,0,11,0,0,0,11,0,17,0,6,0,4.84421446658593e-05,7.486513266541892e-05,2.6422987999559612e-05
2020-11-15,Calaveras,009,45235.0,1,0,1,0,0,0,0,0,1,0,1,0,0,0,2.2106775726760254e-05,2.2106775726760254e-05,0.0
2020-11-15,Colusa,011,21464.0,0,0,0,0,0,0,0,0,0,0,0,0,0,0,0.0,0.0,0.0
2020-11-15,Contra Costa,013,1133247.0,122,0,111,0,9,0,2,0,9,0,67,0,58,0,7.941781447469087e-06,5.91221507756032e-05,5.118036932813412e-05
2020-11-15,Del Norte,015,27424.0,3,0,2,0,1,0,0,0,1,0,2,0,1,0,3.646441073512252e-05,7.292882147024503e-05,3.646441073512252e-05
2020-11-15,El Dorado,017,186661.0,16,0,8,0,8,0,0,0,4,0,10,0,6,0,2.1429221958523742e-05,5.357305489630935e-05,3.214383293778561e-05
2020-11-15,Fresno,019,978130.0,10,0,7,0,3,0,0,0,6,0,8,0,2,0,6.134153946816885e-06,8.17887192908918e-06,2.044717982272295e-06
2020-11-15,Glenn,021,27897.0,4,0,2,0,2,0,0,0,0,0,2,0,2,0,0.0,7.169229666272359e-05,7.169229666272359e-05
2020-11-15,Humboldt,023,135768.0,1,0,1,0,0,0,0,0,1,0,1,0,0,0,7.365505862942667e-06,7.365505862942667e-06,0.0
2020-11-15,Imperial,025,180216.0,2,0,0,0,2,0,0,0,2,0,2,0,0,0,1.109779375860079e-05,1.109779375860079e-05,0.0
2020-11-15,Inyo,027,18085.0,0,0,0,0,0,0,0,0,0,0,0,0,0,0,0.0,0.0,0.0
2020-11-15,Kern,029,883053.0,6,0,4,0,2,0,0,0,4,0,5,0,1,0,4.529739438063174e-06,5.662174297578967e-06,1.1324348595157936e-06
2020-11-15,Kings,031,150075.0,0,0,0,0,0,0,0,0,0,0,0,0,0,0,0.0,0.0,0.0
2020-11-15,Lake,033,64148.0,1,0,1,0,0,0,0,0,1,0,1,0,0,0,1.558895055184885e-05,1.558895055184885e-05,0.0
2020-11-15,Lassen,035,31185.0,2,0,0,0,2,0,0,0,0,0,1,0,1,0,0.0,3.20666987333654e-05,3.20666987333654e-05
2020-11-15,Los Angeles,037,10098052.0,886,7,693,0,137,1,56,6,157,1,551,7,394,6,1.5547553132029822e-05,5.456497946336581e-05,3.901742633133599e-05
2020-11-15,Madera,039,155013.0,4,0,3,0,0,0,1,0,1,0,2,0,1,0,6.451071845587144e-06,1.2902143691174288e-05,6.451071845587144e-06
2020-11-15,Marin,041,260295.0,10,0,10,0,0,0,0,0,2,0,6,0,4,0,7.683589773142011e-06,2.305076931942604e-05,1.5367179546284023e-05
2020-11-15,Mariposa,043,17540.0,2,0,2,0,0,0,0,0,2,0,2,0,0,0,0.0001140250855188,0.0001140250855188,0.0
2020-11-15,Mendocino,045,87422.0,3,0,2,0,1,0,0,0,3,0,3,0,0,0,3.431630482029695e-05,3.431630482029695e-05,0.0
2020-11-15,Merced,047,269075.0,8,0,6,0,2,0,0,0,3,0,6,0,3,0,1.114930781380656e-05,2.229861562761312e-05,1.114930781380656e-05
2020-11-15,Modoc,049,8938.0,0,0,0,0,0,0,0,0,0,0,0,0,0,0,0.0,0.0,0.0
2020-11-15,Mono,051,14174.0,0,0,0,0,0,0,0,0,0,0,0,0,0,0,0.0,0.0,0.0
2020-11-15,Monterey,053,433212.0,4,0,0,0,4,0,0,0,4,0,4,0,0,0,9.233354570048845e-06,9.233354570048845e-06,0.0
2020-11-15,Napa,055,140530.0,2,0,1,0,1,0,0,0,2,0,2,0,0,0,1.423183661851562e-05,1.423183661851562e-05,0.0
2020-11-15,Nevada,057,99092.0,2,0,2,0,0,0,0,0,0,0,1,0,1,0,0.0,1.009163201873007e-05,1.009163201873007e-05
2020-11-15,Orange,059,3164182.0,223,3,164,1,38,0,21,2,50,1,147,3,97,2,1.5801872332248903e-05,4.6457504656811775e-05,3.065563232456287e-05
2020-11-15,Placer,061,380077.0,28,0,22,0,6,0,0,0,2,0,15,0,13,0,5.2620916288015326e-06,3.946568721601149e-05,3.420359558720996e-05
2020-11-15,Plumas,063,18699.0,0,0,0,0,0,0,0,0,0,0,0,0,0,0,0.0,0.0,0.0
2020-11-15,Riverside,065,2383286.0,75,1,27,0,47,1,1,0,15,1,46,1,31,0,6.293831290075971e-06,1.9301082622899645e-05,1.3007251332823673e-05
2020-11-15,Sacramento,067,1510023.0,214,0,143,0,71,0,0,0,22,0,118,0,96,0,1.4569314507130024e-05,7.81445050836974e-05,6.357519057656737e-05
2020-11-15,San Benito,069,59416.0,0,0,0,0,0,0,0,0,0,0,0,0,0,0,0.0,0.0,0.0
2020-11-15,San Bernardino,071,2135413.0,35,1,10,0,25,1,0,0,9,1,22,1,13,0,4.214641383189107e-06,1.030245671446226e-05,6.087815331273154e-06
2020-11-15,San Diego,073,3302833.0,704,1,248,1,426,0,30,0,36,1,381,1,345,0,1.0899733652897375e-05,0.0001153555144931,0.0001044557808402
2020-11-15,San Francisco,075,870044.0,53,0,38,0,15,0,0,0,7,0,30,0,23,0,8.045570109097931e-06,3.4481014753276845e-05,2.6435444644178915e-05
2020-11-15,San Joaquin,077,732212.0,18,0,12,0,6,0,0,0,3,0,11,0,8,0,4.097174042490426e-06,1.5022971489131565e-05,1.0925797446641135e-05
2020-11-15,San Luis Obispo,079,281455.0,6,0,2,0,4,0,0,0,4,0,5,0,1,0,1.421186335293386e-05,1.7764829191167326e-05,3.552965838233465e-06
2020-11-15,San Mateo,081,765935.0,44,1,35,0,6,0,3,1,4,0,25,1,21,1,5.222375266830736e-06,3.26398454176921e-05,2.7417470150861366e-05
2020-11-15,Santa Barbara,083,443738.0,5,0,5,0,0,0,0,0,3,0,4,0,1,0,6.760746206094587e-06,9.014328274792785e-06,2.253582068698196e-06
2020-11-15,Santa Clara,085,1922200.0,155,0,137,0,10,0,8,0,14,0,90,0,76,0,7.283321194464676e-06,4.682135053584435e-05,3.953802934137967e-05
2020-11-15,Santa Cruz,087,273765.0,5,0,4,0,1,0,0,0,1,0,3,0,2,0,3.652767884864756e-06,1.095830365459427e-05,7.305535769729512e-06
2020-11-15,Shasta,089,179085.0,356,0,141,0,215,0,0,0,8,0,182,0,174,0,4.4671524694977245e-05,0.0010162771868107,0.0009716056621157
2020-11-15,Sierra,091,2930.0,0,0,0,0,0,0,0,0,0,0,0,0,0,0,0.0,0.0,0.0
2020-11-15,Siskiyou,093,43540.0,12,0,8,0,4,0,0,0,0,0,6,0,6,0,0.0,0.0001378043178686,0.0001378043178686
2020-11-15,Solano,095,438530.0,6,0,6,0,0,0,0,0,0,0,3,0,3,0,0.0,6.841037101224546e-06,6.841037101224546e-06
2020-11-15,Sonoma,097,501317.0,7,0,4,0,3,0,0,0,2,0,5,0,3,0,3.989491678917731e-06,9.973729197294326e-06,5.984237518376596e-06
2020-11-15,Stanislaus,099,539301.0,19,0,15,0,4,0,0,0,9,0,14,0,5,0,1.668826870337715e-05,2.5959529094142237e-05,9.271260390765084e-06
2020-11-15,Sutter,101,95872.0,2,0,0,0,2,0,0,0,0,0,1,0,1,0,0.0,1.0430574098798398e-05,1.0430574098798398e-05
2020-11-15,Tehama,103,63373.0,26,0,7,0,19,0,0,0,2,0,14,0,12,0,3.1559181354835657e-05,0.0002209142694838,0.000189355088129
2020-11-15,Trinity,105,12862.0,2,0,0,0,2,0,0,0,0,0,1,0,1,0,0.0,7.774840615767377e-05,7.774840615767377e-05
2020-11-15,Tulare,107,460477.0,5,0,2,0,3,0,0,0,3,0,4,0,1,0,6.514983375934086e-06,8.686644501245448e-06,2.171661125311362e-06
2020-11-15,Tuolumne,109,53932.0,4,0,1,0,3,0,0,0,4,0,4,0,0,0,7.416747014759327e-05,7.416747014759327e-05,0.0
2020-11-15,Ventura,111,848112.0,36,1,24,0,11,1,1,0,7,1,22,1,15,0,8.253626879468749e-06,2.593997019261607e-05,1.768634331314732e-05
2020-11-15,Yolo,113,214977.0,63,0,43,0,20,0,0,0,3,0,33,0,30,0,1.3954981230550245e-05,0.000153504793536,0.0001395498123055
2020-11-15,Yuba,115,75493.0,2,0,0,0,2,0,0,0,0,0,1,0,1,0,0.0,1.3246261242764227e-05,1.3246261242764227e-05
2020-11-14,Alameda,001,1643700.0,94,0,86,0,7,0,1,0,8,0,52,0,44,0,4.86706819979315e-06,3.163594329865547e-05,2.6768875098862323e-05
2020-11-14,Alpine,003,1148.0,0,0,0,0,0,0,0,0,0,0,0,0,0,0,0.0,0.0,0.0
2020-11-14,Amador,005,37829.0,0,0,0,0,0,0,0,0,0,0,0,0,0,0,0.0,0.0,0.0
2020-11-14,Butte,007,227075.0,23,0,12,0,11,0,0,0,11,0,17,0,6,0,4.84421446658593e-05,7.486513266541892e-05,2.6422987999559612e-05
2020-11-14,Calaveras,009,45235.0,1,0,1,0,0,0,0,0,1,0,1,0,0,0,2.2106775726760254e-05,2.2106775726760254e-05,0.0
2020-11-14,Colusa,011,21464.0,0,0,0,0,0,0,0,0,0,0,0,0,0,0,0.0,0.0,0.0
2020-11-14,Contra Costa,013,1133247.0,122,0,111,0,9,0,2,0,9,0,67,0,58,0,7.941781447469087e-06,5.91221507756032e-05,5.118036932813412e-05
2020-11-14,Del Norte,015,27424.0,3,0,2,0,1,0,0,0,1,0,2,0,1,0,3.646441073512252e-05,7.292882147024503e-05,3.646441073512252e-05
2020-11-14,El Dorado,017,186661.0,16,0,8,0,8,0,0,0,4,0,10,0,6,0,2.1429221958523742e-05,5.357305489630935e-05,3.214383293778561e-05
2020-11-14,Fresno,019,978130.0,10,1,7,1,3,0,0,0,6,1,8,1,2,0,6.134153946816885e-06,8.17887192908918e-06,2.044717982272295e-06
2020-11-14,Glenn,021,27897.0,4,0,2,0,2,0,0,0,0,0,2,0,2,0,0.0,7.169229666272359e-05,7.169229666272359e-05
2020-11-14,Humboldt,023,135768.0,1,0,1,0,0,0,0,0,1,0,1,0,0,0,7.365505862942667e-06,7.365505862942667e-06,0.0
2020-11-14,Imperial,025,180216.0,2,0,0,0,2,0,0,0,2,0,2,0,0,0,1.109779375860079e-05,1.109779375860079e-05,0.0
2020-11-14,Inyo,027,18085.0,0,0,0,0,0,0,0,0,0,0,0,0,0,0,0.0,0.0,0.0
2020-11-14,Kern,029,883053.0,6,0,4,0,2,0,0,0,4,0,5,0,1,0,4.529739438063174e-06,5.662174297578967e-06,1.1324348595157936e-06
2020-11-14,Kings,031,150075.0,0,0,0,0,0,0,0,0,0,0,0,0,0,0,0.0,0.0,0.0
2020-11-14,Lake,033,64148.0,1,0,1,0,0,0,0,0,1,0,1,0,0,0,1.558895055184885e-05,1.558895055184885e-05,0.0
2020-11-14,Lassen,035,31185.0,2,0,0,0,2,0,0,0,0,0,1,0,1,0,0.0,3.20666987333654e-05,3.20666987333654e-05
2020-11-14,Los Angeles,037,10098052.0,879,9,693,0,136,0,50,9,156,0,544,9,388,9,1.5448524131188868e-05,5.387177645747912e-05,3.842325232629026e-05
2020-11-14,Madera,039,155013.0,4,0,3,0,0,0,1,0,1,0,2,0,1,0,6.451071845587144e-06,1.2902143691174288e-05,6.451071845587144e-06
2020-11-14,Marin,041,260295.0,10,0,10,0,0,0,0,0,2,0,6,0,4,0,7.683589773142011e-06,2.305076931942604e-05,1.5367179546284023e-05
2020-11-14,Mariposa,043,17540.0,2,0,2,0,0,0,0,0,2,0,2,0,0,0,0.0001140250855188,0.0001140250855188,0.0
2020-11-14,Mendocino,045,87422.0,3,0,2,0,1,0,0,0,3,0,3,0,0,0,3.431630482029695e-05,3.431630482029695e-05,0.0
2020-11-14,Merced,047,269075.0,8,0,6,0,2,0,0,0,3,0,6,0,3,0,1.114930781380656e-05,2.229861562761312e-05,1.114930781380656e-05
2020-11-14,Modoc,049,8938.0,0,0,0,0,0,0,0,0,0,0,0,0,0,0,0.0,0.0,0.0
2020-11-14,Mono,051,14174.0,0,0,0,0,0,0,0,0,0,0,0,0,0,0,0.0,0.0,0.0
2020-11-14,Monterey,053,433212.0,4,0,0,0,4,0,0,0,4,0,4,0,0,0,9.233354570048845e-06,9.233354570048845e-06,0.0
2020-11-14,Napa,055,140530.0,2,0,1,0,1,0,0,0,2,0,2,0,0,0,1.423183661851562e-05,1.423183661851562e-05,0.0
2020-11-14,Nevada,057,99092.0,2,0,2,0,0,0,0,0,0,0,1,0,1,0,0.0,1.009163201873007e-05,1.009163201873007e-05
2020-11-14,Orange,059,3164182.0,220,3,163,1,38,0,19,2,49,1,144,3,95,2,1.5485834885603927e-05,4.550939231687684e-05,3.002355743127292e-05
2020-11-14,Placer,061,380077.0,28,0,22,0,6,0,0,0,2,0,15,0,13,0,5.2620916288015326e-06,3.946568721601149e-05,3.420359558720996e-05
2020-11-14,Plumas,063,18699.0,0,0,0,0,0,0,0,0,0,0,0,0,0,0,0.0,0.0,0.0
2020-11-14,Riverside,065,2383286.0,74,0,27,0,46,0,1,0,14,0,45,0,31,0,5.87424253740424e-06,1.888149387022791e-05,1.3007251332823673e-05
2020-11-14,Sacramento,067,1510023.0,214,0,143,0,71,0,0,0,22,0,118,0,96,0,1.4569314507130024e-05,7.81445050836974e-05,6.357519057656737e-05
2020-11-14,San Benito,069,59416.0,0,0,0,0,0,0,0,0,0,0,0,0,0,0,0.0,0.0,0.0
2020-11-14,San Bernardino,071,2135413.0,34,0,10,0,24,0,0,0,8,0,21,0,13,0,3.746347896168095e-06,9.834163227441249e-06,6.087815331273154e-06
2020-11-14,San Diego,073,3302833.0,703,0,247,0,426,0,30,0,35,0,380,0,345,0,1.0596963273650229e-05,0.0001150527441139,0.0001044557808402
2020-11-14,San Francisco,075,870044.0,53,1,38,1,15,0,0,0,7,1,30,1,23,0,8.045570109097931e-06,3.4481014753276845e-05,2.6435444644178915e-05
2020-11-14,San Joaquin,077,732212.0,18,0,12,0,6,0,0,0,3,0,11,0,8,0,4.097174042490426e-06,1.5022971489131565e-05,1.0925797446641135e-05
2020-11-14,San Luis Obispo,079,281455.0,6,0,2,0,4,0,0,0,4,0,5,0,1,0,1.421186335293386e-05,1.7764829191167326e-05,3.552965838233465e-06
2020-11-14,San Mateo,081,765935.0,43,0,35,0,6,0,2,0,4,0,24,0,20,0,5.222375266830736e-06,3.133425160098442e-05,2.611187633415368e-05
2020-11-14,Santa Barbara,083,443738.0,5,0,5,0,0,0,0,0,3,0,4,0,1,0,6.760746206094587e-06,9.014328274792785e-06,2.253582068698196e-06
2020-11-14,Santa Clara,085,1922200.0,155,0,137,0,10,0,8,0,14,0,90,0,76,0,7.283321194464676e-06,4.682135053584435e-05,3.953802934137967e-05
2020-11-14,Santa Cruz,087,273765.0,5,0,4,0,1,0,0,0,1,0,3,0,2,0,3.652767884864756e-06,1.095830365459427e-05,7.305535769729512e-06
2020-11-14,Shasta,089,179085.0,356,0,141,0,215,0,0,0,8,0,182,0,174,0,4.4671524694977245e-05,0.0010162771868107,0.0009716056621157
2020-11-14,Sierra,091,2930.0,0,0,0,0,0,0,0,0,0,0,0,0,0,0,0.0,0.0,0.0
2020-11-14,Siskiyou,093,43540.0,12,0,8,0,4,0,0,0,0,0,6,0,6,0,0.0,0.0001378043178686,0.0001378043178686
2020-11-14,Solano,095,438530.0,6,0,6,0,0,0,0,0,0,0,3,0,3,0,0.0,6.841037101224546e-06,6.841037101224546e-06
2020-11-14,Sonoma,097,501317.0,7,0,4,0,3,0,0,0,2,0,5,0,3,0,3.989491678917731e-06,9.973729197294326e-06,5.984237518376596e-06
2020-11-14,Stanislaus,099,539301.0,19,0,15,0,4,0,0,0,9,0,14,0,5,0,1.668826870337715e-05,2.5959529094142237e-05,9.271260390765084e-06
2020-11-14,Sutter,101,95872.0,2,0,0,0,2,0,0,0,0,0,1,0,1,0,0.0,1.0430574098798398e-05,1.0430574098798398e-05
2020-11-14,Tehama,103,63373.0,26,0,7,0,19,0,0,0,2,0,14,0,12,0,3.1559181354835657e-05,0.0002209142694838,0.000189355088129
2020-11-14,Trinity,105,12862.0,2,0,0,0,2,0,0,0,0,0,1,0,1,0,0.0,7.774840615767377e-05,7.774840615767377e-05
2020-11-14,Tulare,107,460477.0,5,0,2,0,3,0,0,0,3,0,4,0,1,0,6.514983375934086e-06,8.686644501245448e-06,2.171661125311362e-06
2020-11-14,Tuolumne,109,53932.0,4,0,1,0,3,0,0,0,4,0,4,0,0,0,7.416747014759327e-05,7.416747014759327e-05,0.0
2020-11-14,Ventura,111,848112.0,35,0,24,0,10,0,1,0,6,0,21,0,15,0,7.074537325258928e-06,2.476088063840625e-05,1.768634331314732e-05
2020-11-14,Yolo,113,214977.0,63,0,43,0,20,0,0,0,3,0,33,0,30,0,1.3954981230550245e-05,0.000153504793536,0.0001395498123055
2020-11-14,Yuba,115,75493.0,2,0,0,0,2,0,0,0,0,0,1,0,1,0,0.0,1.3246261242764227e-05,1.3246261242764227e-05
2020-11-13,Alameda,001,1643700.0,94,0,86,0,7,0,1,0,8,0,52,0,44,0,4.86706819979315e-06,3.163594329865547e-05,2.6768875098862323e-05
2020-11-13,Alpine,003,1148.0,0,0,0,0,0,0,0,0,0,0,0,0,0,0,0.0,0.0,0.0
2020-11-13,Amador,005,37829.0,0,0,0,0,0,0,0,0,0,0,0,0,0,0,0.0,0.0,0.0
2020-11-13,Butte,007,227075.0,23,1,12,1,11,0,0,0,11,1,17,1,6,0,4.84421446658593e-05,7.486513266541892e-05,2.6422987999559612e-05
2020-11-13,Calaveras,009,45235.0,1,0,1,0,0,0,0,0,1,0,1,0,0,0,2.2106775726760254e-05,2.2106775726760254e-05,0.0
2020-11-13,Colusa,011,21464.0,0,0,0,0,0,0,0,0,0,0,0,0,0,0,0.0,0.0,0.0
2020-11-13,Contra Costa,013,1133247.0,122,0,111,0,9,0,2,0,9,0,67,0,58,0,7.941781447469087e-06,5.91221507756032e-05,5.118036932813412e-05
2020-11-13,Del Norte,015,27424.0,3,0,2,0,1,0,0,0,1,0,2,0,1,0,3.646441073512252e-05,7.292882147024503e-05,3.646441073512252e-05
2020-11-13,El Dorado,017,186661.0,16,0,8,0,8,0,0,0,4,0,10,0,6,0,2.1429221958523742e-05,5.357305489630935e-05,3.214383293778561e-05
2020-11-13,Fresno,019,978130.0,9,0,6,0,3,0,0,0,5,0,7,0,2,0,5.111794955680738e-06,7.156512937953033e-06,2.044717982272295e-06
2020-11-13,Glenn,021,27897.0,4,0,2,0,2,0,0,0,0,0,2,0,2,0,0.0,7.169229666272359e-05,7.169229666272359e-05
2020-11-13,Humboldt,023,135768.0,1,0,1,0,0,0,0,0,1,0,1,0,0,0,7.365505862942667e-06,7.365505862942667e-06,0.0
2020-11-13,Imperial,025,180216.0,2,0,0,0,2,0,0,0,2,0,2,0,0,0,1.109779375860079e-05,1.109779375860079e-05,0.0
2020-11-13,Inyo,027,18085.0,0,0,0,0,0,0,0,0,0,0,0,0,0,0,0.0,0.0,0.0
2020-11-13,Kern,029,883053.0,6,0,4,0,2,0,0,0,4,0,5,0,1,0,4.529739438063174e-06,5.662174297578967e-06,1.1324348595157936e-06
2020-11-13,Kings,031,150075.0,0,0,0,0,0,0,0,0,0,0,0,0,0,0,0.0,0.0,0.0
2020-11-13,Lake,033,64148.0,1,0,1,0,0,0,0,0,1,0,1,0,0,0,1.558895055184885e-05,1.558895055184885e-05,0.0
2020-11-13,Lassen,035,31185.0,2,0,0,0,2,0,0,0,0,0,1,0,1,0,0.0,3.20666987333654e-05,3.20666987333654e-05
2020-11-13,Los Angeles,037,10098052.0,870,11,693,4,136,0,41,7,156,0,535,7,379,11,1.5448524131188868e-05,5.2980515449910535e-05,3.753199131872167e-05
2020-11-13,Madera,039,155013.0,4,0,3,0,0,0,1,0,1,0,2,0,1,0,6.451071845587144e-06,1.2902143691174288e-05,6.451071845587144e-06
2020-11-13,Marin,041,260295.0,10,0,10,0,0,0,0,0,2,0,6,0,4,0,7.683589773142011e-06,2.305076931942604e-05,1.5367179546284023e-05
2020-11-13,Mariposa,043,17540.0,2,0,2,0,0,0,0,0,2,0,2,0,0,0,0.0001140250855188,0.0001140250855188,0.0
2020-11-13,Mendocino,045,87422.0,3,0,2,0,1,0,0,0,3,0,3,0,0,0,3.431630482029695e-05,3.431630482029695e-05,0.0
2020-11-13,Merced,047,269075.0,8,1,6,1,2,0,0,0,3,1,6,1,3,0,1.114930781380656e-05,2.229861562761312e-05,1.114930781380656e-05
2020-11-13,Modoc,049,8938.0,0,0,0,0,0,0,0,0,0,0,0,0,0,0,0.0,0.0,0.0
2020-11-13,Mono,051,14174.0,0,0,0,0,0,0,0,0,0,0,0,0,0,0,0.0,0.0,0.0
2020-11-13,Monterey,053,433212.0,4,0,0,0,4,0,0,0,4,0,4,0,0,0,9.233354570048845e-06,9.233354570048845e-06,0.0
2020-11-13,Napa,055,140530.0,2,0,1,0,1,0,0,0,2,0,2,0,0,0,1.423183661851562e-05,1.423183661851562e-05,0.0
2020-11-13,Nevada,057,99092.0,2,0,2,0,0,0,0,0,0,0,1,0,1,0,0.0,1.009163201873007e-05,1.009163201873007e-05
2020-11-13,Orange,059,3164182.0,217,5,162,4,38,0,17,1,48,0,141,1,93,5,1.5169797438958948e-05,4.456127997694191e-05,2.939148253798296e-05
2020-11-13,Placer,061,380077.0,28,0,22,0,6,0,0,0,2,0,15,0,13,0,5.2620916288015326e-06,3.946568721601149e-05,3.420359558720996e-05
2020-11-13,Plumas,063,18699.0,0,0,0,0,0,0,0,0,0,0,0,0,0,0,0.0,0.0,0.0
2020-11-13,Riverside,065,2383286.0,74,0,27,0,46,0,1,0,14,0,45,0,31,0,5.87424253740424e-06,1.888149387022791e-05,1.3007251332823673e-05
2020-11-13,Sacramento,067,1510023.0,214,3,143,3,71,0,0,0,22,0,118,0,96,3,1.4569314507130024e-05,7.81445050836974e-05,6.357519057656737e-05
2020-11-13,San Benito,069,59416.0,0,0,0,0,0,0,0,0,0,0,0,0,0,0,0.0,0.0,0.0
2020-11-13,San Bernardino,071,2135413.0,34,1,10,0,24,1,0,0,8,0,21,0,13,1,3.746347896168095e-06,9.834163227441249e-06,6.087815331273154e-06
2020-11-13,San Diego,073,3302833.0,703,9,247,2,426,1,30,6,35,1,380,7,345,8,1.0596963273650229e-05,0.0001150527441139,0.0001044557808402
2020-11-13,San Francisco,075,870044.0,52,1,37,1,15,0,0,0,6,0,29,0,23,1,6.896202950655369e-06,3.333164759483429e-05,2.6435444644178915e-05
2020-11-13,San Joaquin,077,732212.0,18,0,12,0,6,0,0,0,3,0,11,0,8,0,4.097174042490426e-06,1.5022971489131565e-05,1.0925797446641135e-05
2020-11-13,San Luis Obispo,079,281455.0,6,0,2,0,4,0,0,0,4,0,5,0,1,0,1.421186335293386e-05,1.7764829191167326e-05,3.552965838233465e-06
2020-11-13,San Mateo,081,765935.0,43,0,35,0,6,0,2,0,4,0,24,0,20,0,5.222375266830736e-06,3.133425160098442e-05,2.611187633415368e-05
2020-11-13,Santa Barbara,083,443738.0,5,0,5,0,0,0,0,0,3,0,4,0,1,0,6.760746206094587e-06,9.014328274792785e-06,2.253582068698196e-06
2020-11-13,Santa Clara,085,1922200.0,155,2,137,1,10,0,8,1,14,1,90,2,76,1,7.283321194464676e-06,4.682135053584435e-05,3.953802934137967e-05
2020-11-13,Santa Cruz,087,273765.0,5,0,4,0,1,0,0,0,1,0,3,0,2,0,3.652767884864756e-06,1.095830365459427e-05,7.305535769729512e-06
2020-11-13,Shasta,089,179085.0,356,0,141,0,215,0,0,0,8,0,182,0,174,0,4.4671524694977245e-05,0.0010162771868107,0.0009716056621157
2020-11-13,Sierra,091,2930.0,0,0,0,0,0,0,0,0,0,0,0,0,0,0,0.0,0.0,0.0
2020-11-13,Siskiyou,093,43540.0,12,0,8,0,4,0,0,0,0,0,6,0,6,0,0.0,0.0001378043178686,0.0001378043178686
2020-11-13,Solano,095,438530.0,6,0,6,0,0,0,0,0,0,0,3,0,3,0,0.0,6.841037101224546e-06,6.841037101224546e-06
2020-11-13,Sonoma,097,501317.0,7,0,4,0,3,0,0,0,2,0,5,0,3,0,3.989491678917731e-06,9.973729197294326e-06,5.984237518376596e-06
2020-11-13,Stanislaus,099,539301.0,19,0,15,0,4,0,0,0,9,0,14,0,5,0,1.668826870337715e-05,2.5959529094142237e-05,9.271260390765084e-06
2020-11-13,Sutter,101,95872.0,2,0,0,0,2,0,0,0,0,0,1,0,1,0,0.0,1.0430574098798398e-05,1.0430574098798398e-05
2020-11-13,Tehama,103,63373.0,26,0,7,0,19,0,0,0,2,0,14,0,12,0,3.1559181354835657e-05,0.0002209142694838,0.000189355088129
2020-11-13,Trinity,105,12862.0,2,0,0,0,2,0,0,0,0,0,1,0,1,0,0.0,7.774840615767377e-05,7.774840615767377e-05
2020-11-13,Tulare,107,460477.0,5,0,2,0,3,0,0,0,3,0,4,0,1,0,6.514983375934086e-06,8.686644501245448e-06,2.171661125311362e-06
2020-11-13,Tuolumne,109,53932.0,4,0,1,0,3,0,0,0,4,0,4,0,0,0,7.416747014759327e-05,7.416747014759327e-05,0.0
2020-11-13,Ventura,111,848112.0,35,0,24,0,10,0,1,0,6,0,21,0,15,0,7.074537325258928e-06,2.476088063840625e-05,1.768634331314732e-05
2020-11-13,Yolo,113,214977.0,63,1,43,1,20,0,0,0,3,0,33,0,30,1,1.3954981230550245e-05,0.000153504793536,0.0001395498123055
2020-11-13,Yuba,115,75493.0,2,0,0,0,2,0,0,0,0,0,1,0,1,0,0.0,1.3246261242764227e-05,1.3246261242764227e-05
2020-11-12,Alameda,001,1643700.0,94,0,86,0,7,0,1,0,8,0,52,0,44,0,4.86706819979315e-06,3.163594329865547e-05,2.6768875098862323e-05
2020-11-12,Alpine,003,1148.0,0,0,0,0,0,0,0,0,0,0,0,0,0,0,0.0,0.0,0.0
2020-11-12,Amador,005,37829.0,0,0,0,0,0,0,0,0,0,0,0,0,0,0,0.0,0.0,0.0
2020-11-12,Butte,007,227075.0,22,0,11,0,11,0,0,0,10,0,16,0,6,0,4.403831333259936e-05,7.046130133215897e-05,2.6422987999559612e-05
2020-11-12,Calaveras,009,45235.0,1,0,1,0,0,0,0,0,1,0,1,0,0,0,2.2106775726760254e-05,2.2106775726760254e-05,0.0
2020-11-12,Colusa,011,21464.0,0,0,0,0,0,0,0,0,0,0,0,0,0,0,0.0,0.0,0.0
2020-11-12,Contra Costa,013,1133247.0,122,1,111,0,9,0,2,1,9,0,67,1,58,1,7.941781447469087e-06,5.91221507756032e-05,5.118036932813412e-05
2020-11-12,Del Norte,015,27424.0,3,0,2,0,1,0,0,0,1,0,2,0,1,0,3.646441073512252e-05,7.292882147024503e-05,3.646441073512252e-05
2020-11-12,El Dorado,017,186661.0,16,0,8,0,8,0,0,0,4,0,10,0,6,0,2.1429221958523742e-05,5.357305489630935e-05,3.214383293778561e-05
2020-11-12,Fresno,019,978130.0,9,0,6,0,3,0,0,0,5,0,7,0,2,0,5.111794955680738e-06,7.156512937953033e-06,2.044717982272295e-06
2020-11-12,Glenn,021,27897.0,4,0,2,0,2,0,0,0,0,0,2,0,2,0,0.0,7.169229666272359e-05,7.169229666272359e-05
2020-11-12,Humboldt,023,135768.0,1,0,1,0,0,0,0,0,1,0,1,0,0,0,7.365505862942667e-06,7.365505862942667e-06,0.0
2020-11-12,Imperial,025,180216.0,2,0,0,0,2,0,0,0,2,0,2,0,0,0,1.109779375860079e-05,1.109779375860079e-05,0.0
2020-11-12,Inyo,027,18085.0,0,0,0,0,0,0,0,0,0,0,0,0,0,0,0.0,0.0,0.0
2020-11-12,Kern,029,883053.0,6,0,4,0,2,0,0,0,4,0,5,0,1,0,4.529739438063174e-06,5.662174297578967e-06,1.1324348595157936e-06
2020-11-12,Kings,031,150075.0,0,0,0,0,0,0,0,0,0,0,0,0,0,0,0.0,0.0,0.0
2020-11-12,Lake,033,64148.0,1,0,1,0,0,0,0,0,1,0,1,0,0,0,1.558895055184885e-05,1.558895055184885e-05,0.0
2020-11-12,Lassen,035,31185.0,2,0,0,0,2,0,0,0,0,0,1,0,1,0,0.0,3.20666987333654e-05,3.20666987333654e-05
2020-11-12,Los Angeles,037,10098052.0,859,5,689,3,136,2,34,0,160,0,528,0,368,5,1.5844640134552685e-05,5.2287312444023856e-05,3.644267230947117e-05
2020-11-12,Madera,039,155013.0,4,0,3,0,0,0,1,0,1,0,2,0,1,0,6.451071845587144e-06,1.2902143691174288e-05,6.451071845587144e-06
2020-11-12,Marin,041,260295.0,10,0,10,0,0,0,0,0,2,0,6,0,4,0,7.683589773142011e-06,2.305076931942604e-05,1.5367179546284023e-05
2020-11-12,Mariposa,043,17540.0,2,0,2,0,0,0,0,0,2,0,2,0,0,0,0.0001140250855188,0.0001140250855188,0.0
2020-11-12,Mendocino,045,87422.0,3,1,2,1,1,0,0,0,3,1,3,1,0,0,3.431630482029695e-05,3.431630482029695e-05,0.0
2020-11-12,Merced,047,269075.0,7,0,5,0,2,0,0,0,2,0,5,0,3,0,7.43287187587104e-06,1.85821796896776e-05,1.114930781380656e-05
2020-11-12,Modoc,049,8938.0,0,0,0,0,0,0,0,0,0,0,0,0,0,0,0.0,0.0,0.0
2020-11-12,Mono,051,14174.0,0,0,0,0,0,0,0,0,0,0,0,0,0,0,0.0,0.0,0.0
2020-11-12,Monterey,053,433212.0,4,0,0,0,4,0,0,0,4,0,4,0,0,0,9.233354570048845e-06,9.233354570048845e-06,0.0
2020-11-12,Napa,055,140530.0,2,0,1,0,1,0,0,0,2,0,2,0,0,0,1.423183661851562e-05,1.423183661851562e-05,0.0
2020-11-12,Nevada,057,99092.0,2,0,2,0,0,0,0,0,0,0,1,0,1,0,0.0,1.009163201873007e-05,1.009163201873007e-05
2020-11-12,Orange,059,3164182.0,212,3,158,3,38,0,16,0,52,0,140,0,88,3,1.643394722553886e-05,4.424524253029693e-05,2.781129530475807e-05
2020-11-12,Placer,061,380077.0,28,0,22,0,6,0,0,0,2,0,15,0,13,0,5.2620916288015326e-06,3.946568721601149e-05,3.420359558720996e-05
2020-11-12,Plumas,063,18699.0,0,0,0,0,0,0,0,0,0,0,0,0,0,0,0.0,0.0,0.0
2020-11-12,Riverside,065,2383286.0,74,2,27,0,46,2,1,0,14,1,45,1,31,1,5.87424253740424e-06,1.888149387022791e-05,1.3007251332823673e-05
2020-11-12,Sacramento,067,1510023.0,211,1,140,1,71,0,0,0,25,1,118,1,93,0,1.6556039212647756e-05,7.81445050836974e-05,6.158846587104964e-05
2020-11-12,San Benito,069,59416.0,0,0,0,0,0,0,0,0,0,0,0,0,0,0,0.0,0.0,0.0
2020-11-12,San Bernardino,071,2135413.0,33,0,10,0,23,0,0,0,9,0,21,0,12,0,4.214641383189107e-06,9.834163227441249e-06,5.619521844252142e-06
2020-11-12,San Diego,073,3302833.0,694,6,245,1,425,1,24,4,36,0,373,4,337,6,1.0899733652897375e-05,0.0001129333514591,0.0001020336178062
2020-11-12,San Francisco,075,870044.0,51,0,36,0,15,0,0,0,7,0,29,0,22,0,8.045570109097931e-06,3.333164759483429e-05,2.5286077485736355e-05
2020-11-12,San Joaquin,077,732212.0,18,0,12,0,6,0,0,0,3,0,11,0,8,0,4.097174042490426e-06,1.5022971489131565e-05,1.0925797446641135e-05
2020-11-12,San Luis Obispo,079,281455.0,6,0,2,0,4,0,0,0,4,0,5,0,1,0,1.421186335293386e-05,1.7764829191167326e-05,3.552965838233465e-06
2020-11-12,San Mateo,081,765935.0,43,0,35,0,6,0,2,0,4,0,24,0,20,0,5.222375266830736e-06,3.133425160098442e-05,2.611187633415368e-05
2020-11-12,Santa Barbara,083,443738.0,5,0,5,0,0,0,0,0,3,0,4,0,1,0,6.760746206094587e-06,9.014328274792785e-06,2.253582068698196e-06
2020-11-12,Santa Clara,085,1922200.0,153,1,136,0,10,0,7,1,13,0,88,1,75,1,6.763083966288628e-06,4.578087607949225e-05,3.901779211320362e-05
2020-11-12,Santa Cruz,087,273765.0,5,0,4,0,1,0,0,0,1,0,3,0,2,0,3.652767884864756e-06,1.095830365459427e-05,7.305535769729512e-06
2020-11-12,Shasta,089,179085.0,356,0,141,0,215,0,0,0,8,0,182,0,174,0,4.4671524694977245e-05,0.0010162771868107,0.0009716056621157
2020-11-12,Sierra,091,2930.0,0,0,0,0,0,0,0,0,0,0,0,0,0,0,0.0,0.0,0.0
2020-11-12,Siskiyou,093,43540.0,12,0,8,0,4,0,0,0,0,0,6,0,6,0,0.0,0.0001378043178686,0.0001378043178686
2020-11-12,Solano,095,438530.0,6,0,6,0,0,0,0,0,0,0,3,0,3,0,0.0,6.841037101224546e-06,6.841037101224546e-06
2020-11-12,Sonoma,097,501317.0,7,0,4,0,3,0,0,0,2,0,5,0,3,0,3.989491678917731e-06,9.973729197294326e-06,5.984237518376596e-06
2020-11-12,Stanislaus,099,539301.0,19,0,15,0,4,0,0,0,9,0,14,0,5,0,1.668826870337715e-05,2.5959529094142237e-05,9.271260390765084e-06
2020-11-12,Sutter,101,95872.0,2,0,0,0,2,0,0,0,0,0,1,0,1,0,0.0,1.0430574098798398e-05,1.0430574098798398e-05
2020-11-12,Tehama,103,63373.0,26,0,7,0,19,0,0,0,2,0,14,0,12,0,3.1559181354835657e-05,0.0002209142694838,0.000189355088129
2020-11-12,Trinity,105,12862.0,2,0,0,0,2,0,0,0,0,0,1,0,1,0,0.0,7.774840615767377e-05,7.774840615767377e-05
2020-11-12,Tulare,107,460477.0,5,0,2,0,3,0,0,0,3,0,4,0,1,0,6.514983375934086e-06,8.686644501245448e-06,2.171661125311362e-06
2020-11-12,Tuolumne,109,53932.0,4,0,1,0,3,0,0,0,4,0,4,0,0,0,7.416747014759327e-05,7.416747014759327e-05,0.0
2020-11-12,Ventura,111,848112.0,35,0,24,0,10,0,1,0,6,0,21,0,15,0,7.074537325258928e-06,2.476088063840625e-05,1.768634331314732e-05
2020-11-12,Yolo,113,214977.0,62,0,42,0,20,0,0,0,4,0,33,0,29,0,1.860664164073366e-05,0.000153504793536,0.0001348981518953
2020-11-12,Yuba,115,75493.0,2,0,0,0,2,0,0,0,0,0,1,0,1,0,0.0,1.3246261242764227e-05,1.3246261242764227e-05
2020-11-11,Alameda,001,1643700.0,94,0,86,0,7,0,1,0,8,0,52,0,44,0,4.86706819979315e-06,3.163594329865547e-05,2.6768875098862323e-05
2020-11-11,Alpine,003,1148.0,0,0,0,0,0,0,0,0,0,0,0,0,0,0,0.0,0.0,0.0
2020-11-11,Amador,005,37829.0,0,0,0,0,0,0,0,0,0,0,0,0,0,0,0.0,0.0,0.0
2020-11-11,Butte,007,227075.0,22,2,11,1,11,1,0,0,10,1,16,1,6,1,4.403831333259936e-05,7.046130133215897e-05,2.6422987999559612e-05
2020-11-11,Calaveras,009,45235.0,1,0,1,0,0,0,0,0,1,0,1,0,0,0,2.2106775726760254e-05,2.2106775726760254e-05,0.0
2020-11-11,Colusa,011,21464.0,0,0,0,0,0,0,0,0,0,0,0,0,0,0,0.0,0.0,0.0
2020-11-11,Contra Costa,013,1133247.0,121,0,111,0,9,0,1,0,9,0,66,0,57,0,7.941781447469087e-06,5.82397306147733e-05,5.029794916730421e-05
2020-11-11,Del Norte,015,27424.0,3,1,2,1,1,0,0,0,1,0,2,0,1,1,3.646441073512252e-05,7.292882147024503e-05,3.646441073512252e-05
2020-11-11,El Dorado,017,186661.0,16,0,8,0,8,0,0,0,4,0,10,0,6,0,2.1429221958523742e-05,5.357305489630935e-05,3.214383293778561e-05
2020-11-11,Fresno,019,978130.0,9,0,6,0,3,0,0,0,5,0,7,0,2,0,5.111794955680738e-06,7.156512937953033e-06,2.044717982272295e-06
2020-11-11,Glenn,021,27897.0,4,0,2,0,2,0,0,0,0,0,2,0,2,0,0.0,7.169229666272359e-05,7.169229666272359e-05
2020-11-11,Humboldt,023,135768.0,1,0,1,0,0,0,0,0,1,0,1,0,0,0,7.365505862942667e-06,7.365505862942667e-06,0.0
2020-11-11,Imperial,025,180216.0,2,0,0,0,2,0,0,0,2,0,2,0,0,0,1.109779375860079e-05,1.109779375860079e-05,0.0
2020-11-11,Inyo,027,18085.0,0,0,0,0,0,0,0,0,0,0,0,0,0,0,0.0,0.0,0.0
2020-11-11,Kern,029,883053.0,6,1,4,0,2,1,0,0,4,1,5,1,1,0,4.529739438063174e-06,5.662174297578967e-06,1.1324348595157936e-06
2020-11-11,Kings,031,150075.0,0,0,0,0,0,0,0,0,0,0,0,0,0,0,0.0,0.0,0.0
2020-11-11,Lake,033,64148.0,1,0,1,0,0,0,0,0,1,0,1,0,0,0,1.558895055184885e-05,1.558895055184885e-05,0.0
2020-11-11,Lassen,035,31185.0,2,0,0,0,2,0,0,0,0,0,1,0,1,0,0.0,3.20666987333654e-05,3.20666987333654e-05
2020-11-11,Los Angeles,037,10098052.0,854,7,686,6,134,0,34,1,165,2,528,3,363,5,1.6339785138757456e-05,5.2287312444023856e-05,3.59475273052664e-05
2020-11-11,Madera,039,155013.0,4,0,3,0,0,0,1,0,1,0,2,0,1,0,6.451071845587144e-06,1.2902143691174288e-05,6.451071845587144e-06
2020-11-11,Marin,041,260295.0,10,0,10,0,0,0,0,0,2,0,6,0,4,0,7.683589773142011e-06,2.305076931942604e-05,1.5367179546284023e-05
2020-11-11,Mariposa,043,17540.0,2,0,2,0,0,0,0,0,2,0,2,0,0,0,0.0001140250855188,0.0001140250855188,0.0
2020-11-11,Mendocino,045,87422.0,2,0,1,0,1,0,0,0,2,0,2,0,0,0,2.2877536546864634e-05,2.2877536546864634e-05,0.0
2020-11-11,Merced,047,269075.0,7,0,5,0,2,0,0,0,2,0,5,0,3,0,7.43287187587104e-06,1.85821796896776e-05,1.114930781380656e-05
2020-11-11,Modoc,049,8938.0,0,0,0,0,0,0,0,0,0,0,0,0,0,0,0.0,0.0,0.0
2020-11-11,Mono,051,14174.0,0,0,0,0,0,0,0,0,0,0,0,0,0,0,0.0,0.0,0.0
2020-11-11,Monterey,053,433212.0,4,0,0,0,4,0,0,0,4,0,4,0,0,0,9.233354570048845e-06,9.233354570048845e-06,0.0
2020-11-11,Napa,055,140530.0,2,0,1,0,1,0,0,0,2,0,2,0,0,0,1.423183661851562e-05,1.423183661851562e-05,0.0
2020-11-11,Nevada,057,99092.0,2,0,2,0,0,0,0,0,0,0,1,0,1,0,0.0,1.009163201873007e-05,1.009163201873007e-05
2020-11-11,Orange,059,3164182.0,209,2,155,1,38,0,16,1,55,0,140,1,85,2,1.7382059565473794e-05,4.424524253029693e-05,2.6863182964823136e-05
2020-11-11,Placer,061,380077.0,28,0,22,0,6,0,0,0,2,0,15,0,13,0,5.2620916288015326e-06,3.946568721601149e-05,3.420359558720996e-05
2020-11-11,Plumas,063,18699.0,0,0,0,0,0,0,0,0,0,0,0,0,0,0,0.0,0.0,0.0
2020-11-11,Riverside,065,2383286.0,72,0,27,0,44,0,1,0,14,0,44,0,30,0,5.87424253740424e-06,1.846190511755618e-05,1.2587662580151942e-05
2020-11-11,Sacramento,067,1510023.0,210,2,139,1,71,1,0,0,24,2,117,2,93,0,1.5893797644141843e-05,7.74822635151915e-05,6.158846587104964e-05
2020-11-11,San Benito,069,59416.0,0,0,0,0,0,0,0,0,0,0,0,0,0,0,0.0,0.0,0.0
2020-11-11,San Bernardino,071,2135413.0,33,0,10,0,23,0,0,0,9,0,21,0,12,0,4.214641383189107e-06,9.834163227441249e-06,5.619521844252142e-06
2020-11-11,San Diego,073,3302833.0,688,8,244,6,424,0,20,2,38,0,369,2,331,8,1.1505274411391677e-05,0.0001117222699421,0.0001002169955308
2020-11-11,San Francisco,075,870044.0,51,0,36,0,15,0,0,0,7,0,29,0,22,0,8.045570109097931e-06,3.333164759483429e-05,2.5286077485736355e-05
2020-11-11,San Joaquin,077,732212.0,18,0,12,0,6,0,0,0,3,0,11,0,8,0,4.097174042490426e-06,1.5022971489131565e-05,1.0925797446641135e-05
2020-11-11,San Luis Obispo,079,281455.0,6,0,2,0,4,0,0,0,4,0,5,0,1,0,1.421186335293386e-05,1.7764829191167326e-05,3.552965838233465e-06
2020-11-11,San Mateo,081,765935.0,43,2,35,1,6,0,2,1,4,0,24,1,20,2,5.222375266830736e-06,3.133425160098442e-05,2.611187633415368e-05
2020-11-11,Santa Barbara,083,443738.0,5,1,5,1,0,0,0,0,3,1,4,1,1,0,6.760746206094587e-06,9.014328274792785e-06,2.253582068698196e-06
2020-11-11,Santa Clara,085,1922200.0,152,2,136,1,10,0,6,1,13,1,87,2,74,1,6.763083966288628e-06,4.52606388513162e-05,3.8497554885027575e-05
2020-11-11,Santa Cruz,087,273765.0,5,0,4,0,1,0,0,0,1,0,3,0,2,0,3.652767884864756e-06,1.095830365459427e-05,7.305535769729512e-06
2020-11-11,Shasta,089,179085.0,356,1,141,1,215,0,0,0,8,0,182,0,174,1,4.4671524694977245e-05,0.0010162771868107,0.0009716056621157
2020-11-11,Sierra,091,2930.0,0,0,0,0,0,0,0,0,0,0,0,0,0,0,0.0,0.0,0.0
2020-11-11,Siskiyou,093,43540.0,12,0,8,0,4,0,0,0,0,0,6,0,6,0,0.0,0.0001378043178686,0.0001378043178686
2020-11-11,Solano,095,438530.0,6,0,6,0,0,0,0,0,0,0,3,0,3,0,0.0,6.841037101224546e-06,6.841037101224546e-06
2020-11-11,Sonoma,097,501317.0,7,0,4,0,3,0,0,0,2,0,5,0,3,0,3.989491678917731e-06,9.973729197294326e-06,5.984237518376596e-06
2020-11-11,Stanislaus,099,539301.0,19,0,15,0,4,0,0,0,9,0,14,0,5,0,1.668826870337715e-05,2.5959529094142237e-05,9.271260390765084e-06
2020-11-11,Sutter,101,95872.0,2,0,0,0,2,0,0,0,0,0,1,0,1,0,0.0,1.0430574098798398e-05,1.0430574098798398e-05
2020-11-11,Tehama,103,63373.0,26,0,7,0,19,0,0,0,2,0,14,0,12,0,3.1559181354835657e-05,0.0002209142694838,0.000189355088129
2020-11-11,Trinity,105,12862.0,2,0,0,0,2,0,0,0,0,0,1,0,1,0,0.0,7.774840615767377e-05,7.774840615767377e-05
2020-11-11,Tulare,107,460477.0,5,0,2,0,3,0,0,0,3,0,4,0,1,0,6.514983375934086e-06,8.686644501245448e-06,2.171661125311362e-06
2020-11-11,Tuolumne,109,53932.0,4,0,1,0,3,0,0,0,4,0,4,0,0,0,7.416747014759327e-05,7.416747014759327e-05,0.0
2020-11-11,Ventura,111,848112.0,35,1,24,0,10,1,1,0,6,1,21,1,15,0,7.074537325258928e-06,2.476088063840625e-05,1.768634331314732e-05
2020-11-11,Yolo,113,214977.0,62,0,42,0,20,0,0,0,4,0,33,0,29,0,1.860664164073366e-05,0.000153504793536,0.0001348981518953
2020-11-11,Yuba,115,75493.0,2,0,0,0,2,0,0,0,0,0,1,0,1,0,0.0,1.3246261242764227e-05,1.3246261242764227e-05
2020-11-10,Alameda,001,1643700.0,94,0,86,0,7,0,1,0,8,0,52,0,44,0,4.86706819979315e-06,3.163594329865547e-05,2.6768875098862323e-05
2020-11-10,Alpine,003,1148.0,0,0,0,0,0,0,0,0,0,0,0,0,0,0,0.0,0.0,0.0
2020-11-10,Amador,005,37829.0,0,0,0,0,0,0,0,0,0,0,0,0,0,0,0.0,0.0,0.0
2020-11-10,Butte,007,227075.0,20,0,10,0,10,0,0,0,10,0,15,0,5,0,4.403831333259936e-05,6.605746999889905e-05,2.201915666629968e-05
2020-11-10,Calaveras,009,45235.0,1,0,1,0,0,0,0,0,1,0,1,0,0,0,2.2106775726760254e-05,2.2106775726760254e-05,0.0
2020-11-10,Colusa,011,21464.0,0,0,0,0,0,0,0,0,0,0,0,0,0,0,0.0,0.0,0.0
2020-11-10,Contra Costa,013,1133247.0,121,0,111,0,9,0,1,0,9,0,66,0,57,0,7.941781447469087e-06,5.82397306147733e-05,5.029794916730421e-05
2020-11-10,Del Norte,015,27424.0,2,0,1,0,1,0,0,0,2,0,2,0,0,0,7.292882147024503e-05,7.292882147024503e-05,0.0
2020-11-10,El Dorado,017,186661.0,16,0,8,0,8,0,0,0,4,0,10,0,6,0,2.1429221958523742e-05,5.357305489630935e-05,3.214383293778561e-05
2020-11-10,Fresno,019,978130.0,9,0,6,0,3,0,0,0,5,0,7,0,2,0,5.111794955680738e-06,7.156512937953033e-06,2.044717982272295e-06
2020-11-10,Glenn,021,27897.0,4,0,2,0,2,0,0,0,0,0,2,0,2,0,0.0,7.169229666272359e-05,7.169229666272359e-05
2020-11-10,Humboldt,023,135768.0,1,0,1,0,0,0,0,0,1,0,1,0,0,0,7.365505862942667e-06,7.365505862942667e-06,0.0
2020-11-10,Imperial,025,180216.0,2,0,0,0,2,0,0,0,2,0,2,0,0,0,1.109779375860079e-05,1.109779375860079e-05,0.0
2020-11-10,Inyo,027,18085.0,0,0,0,0,0,0,0,0,0,0,0,0,0,0,0.0,0.0,0.0
2020-11-10,Kern,029,883053.0,5,1,4,1,1,0,0,0,3,1,4,1,1,0,3.397304578547381e-06,4.529739438063174e-06,1.1324348595157936e-06
2020-11-10,Kings,031,150075.0,0,0,0,0,0,0,0,0,0,0,0,0,0,0,0.0,0.0,0.0
2020-11-10,Lake,033,64148.0,1,0,1,0,0,0,0,0,1,0,1,0,0,0,1.558895055184885e-05,1.558895055184885e-05,0.0
2020-11-10,Lassen,035,31185.0,2,0,0,0,2,0,0,0,0,0,1,0,1,0,0.0,3.20666987333654e-05,3.20666987333654e-05
2020-11-10,Los Angeles,037,10098052.0,847,5,680,0,134,2,33,3,167,0,525,4,358,5,1.6537843140439364e-05,5.199022544150099e-05,3.545238230106163e-05
2020-11-10,Madera,039,155013.0,4,0,3,0,0,0,1,0,1,0,2,0,1,0,6.451071845587144e-06,1.2902143691174288e-05,6.451071845587144e-06
2020-11-10,Marin,041,260295.0,10,0,10,0,0,0,0,0,2,0,6,0,4,0,7.683589773142011e-06,2.305076931942604e-05,1.5367179546284023e-05
2020-11-10,Mariposa,043,17540.0,2,0,2,0,0,0,0,0,2,0,2,0,0,0,0.0001140250855188,0.0001140250855188,0.0
2020-11-10,Mendocino,045,87422.0,2,0,1,0,1,0,0,0,2,0,2,0,0,0,2.2877536546864634e-05,2.2877536546864634e-05,0.0
2020-11-10,Merced,047,269075.0,7,0,5,0,2,0,0,0,2,0,5,0,3,0,7.43287187587104e-06,1.85821796896776e-05,1.114930781380656e-05
2020-11-10,Modoc,049,8938.0,0,0,0,0,0,0,0,0,0,0,0,0,0,0,0.0,0.0,0.0
2020-11-10,Mono,051,14174.0,0,0,0,0,0,0,0,0,0,0,0,0,0,0,0.0,0.0,0.0
2020-11-10,Monterey,053,433212.0,4,0,0,0,4,0,0,0,4,0,4,0,0,0,9.233354570048845e-06,9.233354570048845e-06,0.0
2020-11-10,Napa,055,140530.0,2,1,1,0,1,1,0,0,2,1,2,1,0,0,1.423183661851562e-05,1.423183661851562e-05,0.0
2020-11-10,Nevada,057,99092.0,2,0,2,0,0,0,0,0,0,0,1,0,1,0,0.0,1.009163201873007e-05,1.009163201873007e-05
2020-11-10,Orange,059,3164182.0,207,2,154,0,38,0,15,2,56,0,139,2,83,2,1.7698097012118772e-05,4.392920508365195e-05,2.623110807153318e-05
2020-11-10,Placer,061,380077.0,28,0,22,0,6,0,0,0,2,0,15,0,13,0,5.2620916288015326e-06,3.946568721601149e-05,3.420359558720996e-05
2020-11-10,Plumas,063,18699.0,0,0,0,0,0,0,0,0,0,0,0,0,0,0,0.0,0.0,0.0
2020-11-10,Riverside,065,2383286.0,72,0,27,0,44,0,1,0,14,0,44,0,30,0,5.87424253740424e-06,1.846190511755618e-05,1.2587662580151942e-05
2020-11-10,Sacramento,067,1510023.0,208,0,138,0,70,0,0,0,22,0,115,0,93,0,1.4569314507130024e-05,7.615778037817968e-05,6.158846587104964e-05
2020-11-10,San Benito,069,59416.0,0,0,0,0,0,0,0,0,0,0,0,0,0,0,0.0,0.0,0.0
2020-11-10,San Bernardino,071,2135413.0,33,0,10,0,23,0,0,0,9,0,21,0,12,0,4.214641383189107e-06,9.834163227441249e-06,5.619521844252142e-06
2020-11-10,San Diego,073,3302833.0,680,2,238,2,424,0,18,0,44,1,367,1,323,1,1.3321896686874571e-05,0.0001111167291837,9.779483249682924e-05
2020-11-10,San Francisco,075,870044.0,51,0,36,0,15,0,0,0,7,0,29,0,22,0,8.045570109097931e-06,3.333164759483429e-05,2.5286077485736355e-05
2020-11-10,San Joaquin,077,732212.0,18,0,12,0,6,0,0,0,3,0,11,0,8,0,4.097174042490426e-06,1.5022971489131565e-05,1.0925797446641135e-05
2020-11-10,San Luis Obispo,079,281455.0,6,0,2,0,4,0,0,0,4,0,5,0,1,0,1.421186335293386e-05,1.7764829191167326e-05,3.552965838233465e-06
2020-11-10,San Mateo,081,765935.0,41,1,34,0,6,0,1,1,5,0,23,1,18,1,6.5279690835384205e-06,3.0028657784276732e-05,2.3500688700738317e-05
2020-11-10,Santa Barbara,083,443738.0,4,0,4,0,0,0,0,0,2,0,3,0,1,0,4.507164137396392e-06,6.760746206094587e-06,2.253582068698196e-06
2020-11-10,Santa Clara,085,1922200.0,150,0,135,0,10,0,5,0,12,0,85,0,73,0,6.24284673811258e-06,4.4220164394964106e-05,3.7977317656851526e-05
2020-11-10,Santa Cruz,087,273765.0,5,0,4,0,1,0,0,0,1,0,3,0,2,0,3.652767884864756e-06,1.095830365459427e-05,7.305535769729512e-06
2020-11-10,Shasta,089,179085.0,355,4,140,3,215,1,0,0,9,0,182,0,173,4,5.02554652818494e-05,0.0010162771868107,0.0009660217215288
2020-11-10,Sierra,091,2930.0,0,0,0,0,0,0,0,0,0,0,0,0,0,0,0.0,0.0,0.0
2020-11-10,Siskiyou,093,43540.0,12,0,8,0,4,0,0,0,0,0,6,0,6,0,0.0,0.0001378043178686,0.0001378043178686
2020-11-10,Solano,095,438530.0,6,0,6,0,0,0,0,0,0,0,3,0,3,0,0.0,6.841037101224546e-06,6.841037101224546e-06
2020-11-10,Sonoma,097,501317.0,7,0,4,0,3,0,0,0,2,0,5,0,3,0,3.989491678917731e-06,9.973729197294326e-06,5.984237518376596e-06
2020-11-10,Stanislaus,099,539301.0,19,0,15,0,4,0,0,0,9,0,14,0,5,0,1.668826870337715e-05,2.5959529094142237e-05,9.271260390765084e-06
2020-11-10,Sutter,101,95872.0,2,0,0,0,2,0,0,0,0,0,1,0,1,0,0.0,1.0430574098798398e-05,1.0430574098798398e-05
2020-11-10,Tehama,103,63373.0,26,0,7,0,19,0,0,0,2,0,14,0,12,0,3.1559181354835657e-05,0.0002209142694838,0.000189355088129
2020-11-10,Trinity,105,12862.0,2,0,0,0,2,0,0,0,0,0,1,0,1,0,0.0,7.774840615767377e-05,7.774840615767377e-05
2020-11-10,Tulare,107,460477.0,5,0,2,0,3,0,0,0,3,0,4,0,1,0,6.514983375934086e-06,8.686644501245448e-06,2.171661125311362e-06
2020-11-10,Tuolumne,109,53932.0,4,1,1,0,3,1,0,0,4,1,4,1,0,0,7.416747014759327e-05,7.416747014759327e-05,0.0
2020-11-10,Ventura,111,848112.0,34,0,24,0,9,0,1,0,5,0,20,0,15,0,5.895447771049107e-06,2.3581791084196427e-05,1.768634331314732e-05
2020-11-10,Yolo,113,214977.0,62,0,42,0,20,0,0,0,4,0,33,0,29,0,1.860664164073366e-05,0.000153504793536,0.0001348981518953
2020-11-10,Yuba,115,75493.0,2,0,0,0,2,0,0,0,0,0,1,0,1,0,0.0,1.3246261242764227e-05,1.3246261242764227e-05
2020-11-09,Alameda,001,1643700.0,94,0,86,0,7,0,1,0,8,0,52,0,44,0,4.86706819979315e-06,3.163594329865547e-05,2.6768875098862323e-05
2020-11-09,Alpine,003,1148.0,0,0,0,0,0,0,0,0,0,0,0,0,0,0,0.0,0.0,0.0
2020-11-09,Amador,005,37829.0,0,0,0,0,0,0,0,0,0,0,0,0,0,0,0.0,0.0,0.0
2020-11-09,Butte,007,227075.0,20,0,10,0,10,0,0,0,10,0,15,0,5,0,4.403831333259936e-05,6.605746999889905e-05,2.201915666629968e-05
2020-11-09,Calaveras,009,45235.0,1,0,1,0,0,0,0,0,1,0,1,0,0,0,2.2106775726760254e-05,2.2106775726760254e-05,0.0
2020-11-09,Colusa,011,21464.0,0,0,0,0,0,0,0,0,0,0,0,0,0,0,0.0,0.0,0.0
2020-11-09,Contra Costa,013,1133247.0,121,0,111,0,9,0,1,0,9,0,66,0,57,0,7.941781447469087e-06,5.82397306147733e-05,5.029794916730421e-05
2020-11-09,Del Norte,015,27424.0,2,0,1,0,1,0,0,0,2,0,2,0,0,0,7.292882147024503e-05,7.292882147024503e-05,0.0
2020-11-09,El Dorado,017,186661.0,16,0,8,0,8,0,0,0,4,0,10,0,6,0,2.1429221958523742e-05,5.357305489630935e-05,3.214383293778561e-05
2020-11-09,Fresno,019,978130.0,9,0,6,0,3,0,0,0,5,0,7,0,2,0,5.111794955680738e-06,7.156512937953033e-06,2.044717982272295e-06
2020-11-09,Glenn,021,27897.0,4,0,2,0,2,0,0,0,0,0,2,0,2,0,0.0,7.169229666272359e-05,7.169229666272359e-05
2020-11-09,Humboldt,023,135768.0,1,0,1,0,0,0,0,0,1,0,1,0,0,0,7.365505862942667e-06,7.365505862942667e-06,0.0
2020-11-09,Imperial,025,180216.0,2,0,0,0,2,0,0,0,2,0,2,0,0,0,1.109779375860079e-05,1.109779375860079e-05,0.0
2020-11-09,Inyo,027,18085.0,0,0,0,0,0,0,0,0,0,0,0,0,0,0,0.0,0.0,0.0
2020-11-09,Kern,029,883053.0,4,0,3,0,1,0,0,0,2,0,3,0,1,0,2.264869719031587e-06,3.397304578547381e-06,1.1324348595157936e-06
2020-11-09,Kings,031,150075.0,0,0,0,0,0,0,0,0,0,0,0,0,0,0,0.0,0.0,0.0
2020-11-09,Lake,033,64148.0,1,0,1,0,0,0,0,0,1,0,1,0,0,0,1.558895055184885e-05,1.558895055184885e-05,0.0
2020-11-09,Lassen,035,31185.0,2,0,0,0,2,0,0,0,0,0,1,0,1,0,0.0,3.20666987333654e-05,3.20666987333654e-05
2020-11-09,Los Angeles,037,10098052.0,842,0,680,0,132,0,30,0,168,0,521,0,353,0,1.663687214128032e-05,5.1594109438137176e-05,3.495723729685686e-05
2020-11-09,Madera,039,155013.0,4,0,3,0,0,0,1,0,1,0,2,0,1,0,6.451071845587144e-06,1.2902143691174288e-05,6.451071845587144e-06
2020-11-09,Marin,041,260295.0,10,0,10,0,0,0,0,0,2,0,6,0,4,0,7.683589773142011e-06,2.305076931942604e-05,1.5367179546284023e-05
2020-11-09,Mariposa,043,17540.0,2,0,2,0,0,0,0,0,2,0,2,0,0,0,0.0001140250855188,0.0001140250855188,0.0
2020-11-09,Mendocino,045,87422.0,2,0,1,0,1,0,0,0,2,0,2,0,0,0,2.2877536546864634e-05,2.2877536546864634e-05,0.0
2020-11-09,Merced,047,269075.0,7,0,5,0,2,0,0,0,2,0,5,0,3,0,7.43287187587104e-06,1.85821796896776e-05,1.114930781380656e-05
2020-11-09,Modoc,049,8938.0,0,0,0,0,0,0,0,0,0,0,0,0,0,0,0.0,0.0,0.0
2020-11-09,Mono,051,14174.0,0,0,0,0,0,0,0,0,0,0,0,0,0,0,0.0,0.0,0.0
2020-11-09,Monterey,053,433212.0,4,0,0,0,4,0,0,0,4,0,4,0,0,0,9.233354570048845e-06,9.233354570048845e-06,0.0
2020-11-09,Napa,055,140530.0,1,0,1,0,0,0,0,0,1,0,1,0,0,0,7.11591830925781e-06,7.11591830925781e-06,0.0
2020-11-09,Nevada,057,99092.0,2,0,2,0,0,0,0,0,0,0,1,0,1,0,0.0,1.009163201873007e-05,1.009163201873007e-05
2020-11-09,Orange,059,3164182.0,205,0,154,0,38,0,13,0,56,0,137,0,81,0,1.7698097012118772e-05,4.329713019036199e-05,2.5599033178243224e-05
2020-11-09,Placer,061,380077.0,28,0,22,0,6,0,0,0,2,0,15,0,13,0,5.2620916288015326e-06,3.946568721601149e-05,3.420359558720996e-05
2020-11-09,Plumas,063,18699.0,0,0,0,0,0,0,0,0,0,0,0,0,0,0,0.0,0.0,0.0
2020-11-09,Riverside,065,2383286.0,72,0,27,0,44,0,1,0,14,0,44,0,30,0,5.87424253740424e-06,1.846190511755618e-05,1.2587662580151942e-05
2020-11-09,Sacramento,067,1510023.0,208,0,138,0,70,0,0,0,22,0,115,0,93,0,1.4569314507130024e-05,7.615778037817968e-05,6.158846587104964e-05
2020-11-09,San Benito,069,59416.0,0,0,0,0,0,0,0,0,0,0,0,0,0,0,0.0,0.0,0.0
2020-11-09,San Bernardino,071,2135413.0,33,1,10,0,23,1,0,0,9,0,21,0,12,1,4.214641383189107e-06,9.834163227441249e-06,5.619521844252142e-06
2020-11-09,San Diego,073,3302833.0,678,1,236,1,424,0,18,0,44,0,366,0,322,1,1.3321896686874571e-05,0.0001108139588044,9.749206211758208e-05
2020-11-09,San Francisco,075,870044.0,51,0,36,0,15,0,0,0,7,0,29,0,22,0,8.045570109097931e-06,3.333164759483429e-05,2.5286077485736355e-05
2020-11-09,San Joaquin,077,732212.0,18,0,12,0,6,0,0,0,3,0,11,0,8,0,4.097174042490426e-06,1.5022971489131565e-05,1.0925797446641135e-05
2020-11-09,San Luis Obispo,079,281455.0,6,0,2,0,4,0,0,0,4,0,5,0,1,0,1.421186335293386e-05,1.7764829191167326e-05,3.552965838233465e-06
2020-11-09,San Mateo,081,765935.0,40,0,34,0,6,0,0,0,5,0,22,0,17,0,6.5279690835384205e-06,2.872306396756905e-05,2.219509488403063e-05
2020-11-09,Santa Barbara,083,443738.0,4,0,4,0,0,0,0,0,2,0,3,0,1,0,4.507164137396392e-06,6.760746206094587e-06,2.253582068698196e-06
2020-11-09,Santa Clara,085,1922200.0,150,2,135,0,10,0,5,2,12,0,85,2,73,2,6.24284673811258e-06,4.4220164394964106e-05,3.7977317656851526e-05
2020-11-09,Santa Cruz,087,273765.0,5,0,4,0,1,0,0,0,1,0,3,0,2,0,3.652767884864756e-06,1.095830365459427e-05,7.305535769729512e-06
2020-11-09,Shasta,089,179085.0,351,2,137,2,214,0,0,0,13,0,182,0,169,2,7.259122762933802e-05,0.0010162771868107,0.0009436859591813
2020-11-09,Sierra,091,2930.0,0,0,0,0,0,0,0,0,0,0,0,0,0,0,0.0,0.0,0.0
2020-11-09,Siskiyou,093,43540.0,12,0,8,0,4,0,0,0,0,0,6,0,6,0,0.0,0.0001378043178686,0.0001378043178686
2020-11-09,Solano,095,438530.0,6,0,6,0,0,0,0,0,0,0,3,0,3,0,0.0,6.841037101224546e-06,6.841037101224546e-06
2020-11-09,Sonoma,097,501317.0,7,0,4,0,3,0,0,0,2,0,5,0,3,0,3.989491678917731e-06,9.973729197294326e-06,5.984237518376596e-06
2020-11-09,Stanislaus,099,539301.0,19,0,15,0,4,0,0,0,9,0,14,0,5,0,1.668826870337715e-05,2.5959529094142237e-05,9.271260390765084e-06
2020-11-09,Sutter,101,95872.0,2,0,0,0,2,0,0,0,0,0,1,0,1,0,0.0,1.0430574098798398e-05,1.0430574098798398e-05
2020-11-09,Tehama,103,63373.0,26,0,7,0,19,0,0,0,2,0,14,0,12,0,3.1559181354835657e-05,0.0002209142694838,0.000189355088129
2020-11-09,Trinity,105,12862.0,2,0,0,0,2,0,0,0,0,0,1,0,1,0,0.0,7.774840615767377e-05,7.774840615767377e-05
2020-11-09,Tulare,107,460477.0,5,0,2,0,3,0,0,0,3,0,4,0,1,0,6.514983375934086e-06,8.686644501245448e-06,2.171661125311362e-06
2020-11-09,Tuolumne,109,53932.0,3,0,1,0,2,0,0,0,3,0,3,0,0,0,5.562560261069495e-05,5.562560261069495e-05,0.0
2020-11-09,Ventura,111,848112.0,34,0,24,0,9,0,1,0,5,0,20,0,15,0,5.895447771049107e-06,2.3581791084196427e-05,1.768634331314732e-05
2020-11-09,Yolo,113,214977.0,62,0,42,0,20,0,0,0,4,0,33,0,29,0,1.860664164073366e-05,0.000153504793536,0.0001348981518953
2020-11-09,Yuba,115,75493.0,2,0,0,0,2,0,0,0,0,0,1,0,1,0,0.0,1.3246261242764227e-05,1.3246261242764227e-05
2020-11-08,Alameda,001,1643700.0,94,0,86,0,7,0,1,0,8,0,52,0,44,0,4.86706819979315e-06,3.163594329865547e-05,2.6768875098862323e-05
2020-11-08,Alpine,003,1148.0,0,0,0,0,0,0,0,0,0,0,0,0,0,0,0.0,0.0,0.0
2020-11-08,Amador,005,37829.0,0,0,0,0,0,0,0,0,0,0,0,0,0,0,0.0,0.0,0.0
2020-11-08,Butte,007,227075.0,20,0,10,0,10,0,0,0,10,0,15,0,5,0,4.403831333259936e-05,6.605746999889905e-05,2.201915666629968e-05
2020-11-08,Calaveras,009,45235.0,1,0,1,0,0,0,0,0,1,0,1,0,0,0,2.2106775726760254e-05,2.2106775726760254e-05,0.0
2020-11-08,Colusa,011,21464.0,0,0,0,0,0,0,0,0,0,0,0,0,0,0,0.0,0.0,0.0
2020-11-08,Contra Costa,013,1133247.0,121,1,111,1,9,0,1,0,9,1,66,1,57,0,7.941781447469087e-06,5.82397306147733e-05,5.029794916730421e-05
2020-11-08,Del Norte,015,27424.0,2,0,1,0,1,0,0,0,2,0,2,0,0,0,7.292882147024503e-05,7.292882147024503e-05,0.0
2020-11-08,El Dorado,017,186661.0,16,0,8,0,8,0,0,0,4,0,10,0,6,0,2.1429221958523742e-05,5.357305489630935e-05,3.214383293778561e-05
2020-11-08,Fresno,019,978130.0,9,0,6,0,3,0,0,0,5,0,7,0,2,0,5.111794955680738e-06,7.156512937953033e-06,2.044717982272295e-06
2020-11-08,Glenn,021,27897.0,4,0,2,0,2,0,0,0,0,0,2,0,2,0,0.0,7.169229666272359e-05,7.169229666272359e-05
2020-11-08,Humboldt,023,135768.0,1,0,1,0,0,0,0,0,1,0,1,0,0,0,7.365505862942667e-06,7.365505862942667e-06,0.0
2020-11-08,Imperial,025,180216.0,2,0,0,0,2,0,0,0,2,0,2,0,0,0,1.109779375860079e-05,1.109779375860079e-05,0.0
2020-11-08,Inyo,027,18085.0,0,0,0,0,0,0,0,0,0,0,0,0,0,0,0.0,0.0,0.0
2020-11-08,Kern,029,883053.0,4,0,3,0,1,0,0,0,2,0,3,0,1,0,2.264869719031587e-06,3.397304578547381e-06,1.1324348595157936e-06
2020-11-08,Kings,031,150075.0,0,0,0,0,0,0,0,0,0,0,0,0,0,0,0.0,0.0,0.0
2020-11-08,Lake,033,64148.0,1,0,1,0,0,0,0,0,1,0,1,0,0,0,1.558895055184885e-05,1.558895055184885e-05,0.0
2020-11-08,Lassen,035,31185.0,2,0,0,0,2,0,0,0,0,0,1,0,1,0,0.0,3.20666987333654e-05,3.20666987333654e-05
2020-11-08,Los Angeles,037,10098052.0,842,0,680,0,132,0,30,0,168,0,521,0,353,0,1.663687214128032e-05,5.1594109438137176e-05,3.495723729685686e-05
2020-11-08,Madera,039,155013.0,4,0,3,0,0,0,1,0,1,0,2,0,1,0,6.451071845587144e-06,1.2902143691174288e-05,6.451071845587144e-06
2020-11-08,Marin,041,260295.0,10,0,10,0,0,0,0,0,2,0,6,0,4,0,7.683589773142011e-06,2.305076931942604e-05,1.5367179546284023e-05
2020-11-08,Mariposa,043,17540.0,2,0,2,0,0,0,0,0,2,0,2,0,0,0,0.0001140250855188,0.0001140250855188,0.0
2020-11-08,Mendocino,045,87422.0,2,0,1,0,1,0,0,0,2,0,2,0,0,0,2.2877536546864634e-05,2.2877536546864634e-05,0.0
2020-11-08,Merced,047,269075.0,7,0,5,0,2,0,0,0,2,0,5,0,3,0,7.43287187587104e-06,1.85821796896776e-05,1.114930781380656e-05
2020-11-08,Modoc,049,8938.0,0,0,0,0,0,0,0,0,0,0,0,0,0,0,0.0,0.0,0.0
2020-11-08,Mono,051,14174.0,0,0,0,0,0,0,0,0,0,0,0,0,0,0,0.0,0.0,0.0
2020-11-08,Monterey,053,433212.0,4,0,0,0,4,0,0,0,4,0,4,0,0,0,9.233354570048845e-06,9.233354570048845e-06,0.0
2020-11-08,Napa,055,140530.0,1,0,1,0,0,0,0,0,1,0,1,0,0,0,7.11591830925781e-06,7.11591830925781e-06,0.0
2020-11-08,Nevada,057,99092.0,2,0,2,0,0,0,0,0,0,0,1,0,1,0,0.0,1.009163201873007e-05,1.009163201873007e-05
2020-11-08,Orange,059,3164182.0,205,1,154,0,38,0,13,1,56,0,137,1,81,1,1.7698097012118772e-05,4.329713019036199e-05,2.5599033178243224e-05
2020-11-08,Placer,061,380077.0,28,0,22,0,6,0,0,0,2,0,15,0,13,0,5.2620916288015326e-06,3.946568721601149e-05,3.420359558720996e-05
2020-11-08,Plumas,063,18699.0,0,0,0,0,0,0,0,0,0,0,0,0,0,0,0.0,0.0,0.0
2020-11-08,Riverside,065,2383286.0,72,0,27,0,44,0,1,0,14,0,44,0,30,0,5.87424253740424e-06,1.846190511755618e-05,1.2587662580151942e-05
2020-11-08,Sacramento,067,1510023.0,208,0,138,0,70,0,0,0,22,0,115,0,93,0,1.4569314507130024e-05,7.615778037817968e-05,6.158846587104964e-05
2020-11-08,San Benito,069,59416.0,0,0,0,0,0,0,0,0,0,0,0,0,0,0,0.0,0.0,0.0
2020-11-08,San Bernardino,071,2135413.0,32,0,10,0,22,0,0,0,10,0,21,0,11,0,4.682934870210119e-06,9.834163227441249e-06,5.15122835723113e-06
2020-11-08,San Diego,073,3302833.0,677,0,235,0,424,0,18,0,45,0,366,0,321,0,1.362466706612172e-05,0.0001108139588044,9.718929173833494e-05
2020-11-08,San Francisco,075,870044.0,51,0,36,0,15,0,0,0,7,0,29,0,22,0,8.045570109097931e-06,3.333164759483429e-05,2.5286077485736355e-05
2020-11-08,San Joaquin,077,732212.0,18,0,12,0,6,0,0,0,3,0,11,0,8,0,4.097174042490426e-06,1.5022971489131565e-05,1.0925797446641135e-05
2020-11-08,San Luis Obispo,079,281455.0,6,0,2,0,4,0,0,0,4,0,5,0,1,0,1.421186335293386e-05,1.7764829191167326e-05,3.552965838233465e-06
2020-11-08,San Mateo,081,765935.0,40,0,34,0,6,0,0,0,5,0,22,0,17,0,6.5279690835384205e-06,2.872306396756905e-05,2.219509488403063e-05
2020-11-08,Santa Barbara,083,443738.0,4,0,4,0,0,0,0,0,2,0,3,0,1,0,4.507164137396392e-06,6.760746206094587e-06,2.253582068698196e-06
2020-11-08,Santa Clara,085,1922200.0,148,0,135,0,10,0,3,0,12,0,83,0,71,0,6.24284673811258e-06,4.317968993861201e-05,3.693684320049943e-05
2020-11-08,Santa Cruz,087,273765.0,5,0,4,0,1,0,0,0,1,0,3,0,2,0,3.652767884864756e-06,1.095830365459427e-05,7.305535769729512e-06
2020-11-08,Shasta,089,179085.0,349,0,135,0,214,0,0,0,15,0,182,0,167,0,8.375910880308233e-05,0.0010162771868107,0.0009325180780076
2020-11-08,Sierra,091,2930.0,0,0,0,0,0,0,0,0,0,0,0,0,0,0,0.0,0.0,0.0
2020-11-08,Siskiyou,093,43540.0,12,0,8,0,4,0,0,0,0,0,6,0,6,0,0.0,0.0001378043178686,0.0001378043178686
2020-11-08,Solano,095,438530.0,6,0,6,0,0,0,0,0,0,0,3,0,3,0,0.0,6.841037101224546e-06,6.841037101224546e-06
2020-11-08,Sonoma,097,501317.0,7,0,4,0,3,0,0,0,2,0,5,0,3,0,3.989491678917731e-06,9.973729197294326e-06,5.984237518376596e-06
2020-11-08,Stanislaus,099,539301.0,19,0,15,0,4,0,0,0,9,0,14,0,5,0,1.668826870337715e-05,2.5959529094142237e-05,9.271260390765084e-06
2020-11-08,Sutter,101,95872.0,2,0,0,0,2,0,0,0,0,0,1,0,1,0,0.0,1.0430574098798398e-05,1.0430574098798398e-05
2020-11-08,Tehama,103,63373.0,26,0,7,0,19,0,0,0,2,0,14,0,12,0,3.1559181354835657e-05,0.0002209142694838,0.000189355088129
2020-11-08,Trinity,105,12862.0,2,0,0,0,2,0,0,0,0,0,1,0,1,0,0.0,7.774840615767377e-05,7.774840615767377e-05
2020-11-08,Tulare,107,460477.0,5,0,2,0,3,0,0,0,3,0,4,0,1,0,6.514983375934086e-06,8.686644501245448e-06,2.171661125311362e-06
2020-11-08,Tuolumne,109,53932.0,3,0,1,0,2,0,0,0,3,0,3,0,0,0,5.562560261069495e-05,5.562560261069495e-05,0.0
2020-11-08,Ventura,111,848112.0,34,0,24,0,9,0,1,0,5,0,20,0,15,0,5.895447771049107e-06,2.3581791084196427e-05,1.768634331314732e-05
2020-11-08,Yolo,113,214977.0,62,0,42,0,20,0,0,0,4,0,33,0,29,0,1.860664164073366e-05,0.000153504793536,0.0001348981518953
2020-11-08,Yuba,115,75493.0,2,0,0,0,2,0,0,0,0,0,1,0,1,0,0.0,1.3246261242764227e-05,1.3246261242764227e-05
2020-11-07,Alameda,001,1643700.0,94,0,86,0,7,0,1,0,8,0,52,0,44,0,4.86706819979315e-06,3.163594329865547e-05,2.6768875098862323e-05
2020-11-07,Alpine,003,1148.0,0,0,0,0,0,0,0,0,0,0,0,0,0,0,0.0,0.0,0.0
2020-11-07,Amador,005,37829.0,0,0,0,0,0,0,0,0,0,0,0,0,0,0,0.0,0.0,0.0
2020-11-07,Butte,007,227075.0,20,0,10,0,10,0,0,0,10,0,15,0,5,0,4.403831333259936e-05,6.605746999889905e-05,2.201915666629968e-05
2020-11-07,Calaveras,009,45235.0,1,0,1,0,0,0,0,0,1,0,1,0,0,0,2.2106775726760254e-05,2.2106775726760254e-05,0.0
2020-11-07,Colusa,011,21464.0,0,0,0,0,0,0,0,0,0,0,0,0,0,0,0.0,0.0,0.0
2020-11-07,Contra Costa,013,1133247.0,120,0,110,0,9,0,1,0,8,0,65,0,57,0,7.059361286639188e-06,5.73573104539434e-05,5.029794916730421e-05
2020-11-07,Del Norte,015,27424.0,2,0,1,0,1,0,0,0,2,0,2,0,0,0,7.292882147024503e-05,7.292882147024503e-05,0.0
2020-11-07,El Dorado,017,186661.0,16,0,8,0,8,0,0,0,4,0,10,0,6,0,2.1429221958523742e-05,5.357305489630935e-05,3.214383293778561e-05
2020-11-07,Fresno,019,978130.0,9,0,6,0,3,0,0,0,5,0,7,0,2,0,5.111794955680738e-06,7.156512937953033e-06,2.044717982272295e-06
2020-11-07,Glenn,021,27897.0,4,0,2,0,2,0,0,0,0,0,2,0,2,0,0.0,7.169229666272359e-05,7.169229666272359e-05
2020-11-07,Humboldt,023,135768.0,1,0,1,0,0,0,0,0,1,0,1,0,0,0,7.365505862942667e-06,7.365505862942667e-06,0.0
2020-11-07,Imperial,025,180216.0,2,0,0,0,2,0,0,0,2,0,2,0,0,0,1.109779375860079e-05,1.109779375860079e-05,0.0
2020-11-07,Inyo,027,18085.0,0,0,0,0,0,0,0,0,0,0,0,0,0,0,0.0,0.0,0.0
2020-11-07,Kern,029,883053.0,4,0,3,0,1,0,0,0,2,0,3,0,1,0,2.264869719031587e-06,3.397304578547381e-06,1.1324348595157936e-06
2020-11-07,Kings,031,150075.0,0,0,0,0,0,0,0,0,0,0,0,0,0,0,0.0,0.0,0.0
2020-11-07,Lake,033,64148.0,1,0,1,0,0,0,0,0,1,0,1,0,0,0,1.558895055184885e-05,1.558895055184885e-05,0.0
2020-11-07,Lassen,035,31185.0,2,0,0,0,2,0,0,0,0,0,1,0,1,0,0.0,3.20666987333654e-05,3.20666987333654e-05
2020-11-07,Los Angeles,037,10098052.0,842,2,680,1,132,0,30,1,168,0,521,1,353,2,1.663687214128032e-05,5.1594109438137176e-05,3.495723729685686e-05
2020-11-07,Madera,039,155013.0,4,0,3,0,0,0,1,0,1,0,2,0,1,0,6.451071845587144e-06,1.2902143691174288e-05,6.451071845587144e-06
2020-11-07,Marin,041,260295.0,10,0,10,0,0,0,0,0,2,0,6,0,4,0,7.683589773142011e-06,2.305076931942604e-05,1.5367179546284023e-05
2020-11-07,Mariposa,043,17540.0,2,0,2,0,0,0,0,0,2,0,2,0,0,0,0.0001140250855188,0.0001140250855188,0.0
2020-11-07,Mendocino,045,87422.0,2,0,1,0,1,0,0,0,2,0,2,0,0,0,2.2877536546864634e-05,2.2877536546864634e-05,0.0
2020-11-07,Merced,047,269075.0,7,0,5,0,2,0,0,0,2,0,5,0,3,0,7.43287187587104e-06,1.85821796896776e-05,1.114930781380656e-05
2020-11-07,Modoc,049,8938.0,0,0,0,0,0,0,0,0,0,0,0,0,0,0,0.0,0.0,0.0
2020-11-07,Mono,051,14174.0,0,0,0,0,0,0,0,0,0,0,0,0,0,0,0.0,0.0,0.0
2020-11-07,Monterey,053,433212.0,4,0,0,0,4,0,0,0,4,0,4,0,0,0,9.233354570048845e-06,9.233354570048845e-06,0.0
2020-11-07,Napa,055,140530.0,1,0,1,0,0,0,0,0,1,0,1,0,0,0,7.11591830925781e-06,7.11591830925781e-06,0.0
2020-11-07,Nevada,057,99092.0,2,0,2,0,0,0,0,0,0,0,1,0,1,0,0.0,1.009163201873007e-05,1.009163201873007e-05
2020-11-07,Orange,059,3164182.0,204,0,154,0,38,0,12,0,56,0,136,0,80,0,1.7698097012118772e-05,4.298109274371702e-05,2.5282995731598245e-05
2020-11-07,Placer,061,380077.0,28,0,22,0,6,0,0,0,2,0,15,0,13,0,5.2620916288015326e-06,3.946568721601149e-05,3.420359558720996e-05
2020-11-07,Plumas,063,18699.0,0,0,0,0,0,0,0,0,0,0,0,0,0,0,0.0,0.0,0.0
2020-11-07,Riverside,065,2383286.0,72,0,27,0,44,0,1,0,14,0,44,0,30,0,5.87424253740424e-06,1.846190511755618e-05,1.2587662580151942e-05
2020-11-07,Sacramento,067,1510023.0,208,0,138,0,70,0,0,0,22,0,115,0,93,0,1.4569314507130024e-05,7.615778037817968e-05,6.158846587104964e-05
2020-11-07,San Benito,069,59416.0,0,0,0,0,0,0,0,0,0,0,0,0,0,0,0.0,0.0,0.0
2020-11-07,San Bernardino,071,2135413.0,32,1,10,1,22,0,0,0,10,1,21,1,11,0,4.682934870210119e-06,9.834163227441249e-06,5.15122835723113e-06
2020-11-07,San Diego,073,3302833.0,677,0,235,0,424,0,18,0,45,0,366,0,321,0,1.362466706612172e-05,0.0001108139588044,9.718929173833494e-05
2020-11-07,San Francisco,075,870044.0,51,0,36,0,15,0,0,0,7,0,29,0,22,0,8.045570109097931e-06,3.333164759483429e-05,2.5286077485736355e-05
2020-11-07,San Joaquin,077,732212.0,18,0,12,0,6,0,0,0,3,0,11,0,8,0,4.097174042490426e-06,1.5022971489131565e-05,1.0925797446641135e-05
2020-11-07,San Luis Obispo,079,281455.0,6,0,2,0,4,0,0,0,4,0,5,0,1,0,1.421186335293386e-05,1.7764829191167326e-05,3.552965838233465e-06
2020-11-07,San Mateo,081,765935.0,40,0,34,0,6,0,0,0,5,0,22,0,17,0,6.5279690835384205e-06,2.872306396756905e-05,2.219509488403063e-05
2020-11-07,Santa Barbara,083,443738.0,4,0,4,0,0,0,0,0,2,0,3,0,1,0,4.507164137396392e-06,6.760746206094587e-06,2.253582068698196e-06
2020-11-07,Santa Clara,085,1922200.0,148,0,135,0,10,0,3,0,12,0,83,0,71,0,6.24284673811258e-06,4.317968993861201e-05,3.693684320049943e-05
2020-11-07,Santa Cruz,087,273765.0,5,0,4,0,1,0,0,0,1,0,3,0,2,0,3.652767884864756e-06,1.095830365459427e-05,7.305535769729512e-06
2020-11-07,Shasta,089,179085.0,349,0,135,0,214,0,0,0,15,0,182,0,167,0,8.375910880308233e-05,0.0010162771868107,0.0009325180780076
2020-11-07,Sierra,091,2930.0,0,0,0,0,0,0,0,0,0,0,0,0,0,0,0.0,0.0,0.0
2020-11-07,Siskiyou,093,43540.0,12,0,8,0,4,0,0,0,0,0,6,0,6,0,0.0,0.0001378043178686,0.0001378043178686
2020-11-07,Solano,095,438530.0,6,0,6,0,0,0,0,0,0,0,3,0,3,0,0.0,6.841037101224546e-06,6.841037101224546e-06
2020-11-07,Sonoma,097,501317.0,7,0,4,0,3,0,0,0,2,0,5,0,3,0,3.989491678917731e-06,9.973729197294326e-06,5.984237518376596e-06
2020-11-07,Stanislaus,099,539301.0,19,0,15,0,4,0,0,0,9,0,14,0,5,0,1.668826870337715e-05,2.5959529094142237e-05,9.271260390765084e-06
2020-11-07,Sutter,101,95872.0,2,0,0,0,2,0,0,0,0,0,1,0,1,0,0.0,1.0430574098798398e-05,1.0430574098798398e-05
2020-11-07,Tehama,103,63373.0,26,0,7,0,19,0,0,0,2,0,14,0,12,0,3.1559181354835657e-05,0.0002209142694838,0.000189355088129
2020-11-07,Trinity,105,12862.0,2,0,0,0,2,0,0,0,0,0,1,0,1,0,0.0,7.774840615767377e-05,7.774840615767377e-05
2020-11-07,Tulare,107,460477.0,5,0,2,0,3,0,0,0,3,0,4,0,1,0,6.514983375934086e-06,8.686644501245448e-06,2.171661125311362e-06
2020-11-07,Tuolumne,109,53932.0,3,0,1,0,2,0,0,0,3,0,3,0,0,0,5.562560261069495e-05,5.562560261069495e-05,0.0
2020-11-07,Ventura,111,848112.0,34,0,24,0,9,0,1,0,5,0,20,0,15,0,5.895447771049107e-06,2.3581791084196427e-05,1.768634331314732e-05
2020-11-07,Yolo,113,214977.0,62,0,42,0,20,0,0,0,4,0,33,0,29,0,1.860664164073366e-05,0.000153504793536,0.0001348981518953
2020-11-07,Yuba,115,75493.0,2,0,0,0,2,0,0,0,0,0,1,0,1,0,0.0,1.3246261242764227e-05,1.3246261242764227e-05
2020-11-06,Alameda,001,1643700.0,94,0,86,0,7,0,1,0,8,0,52,0,44,0,4.86706819979315e-06,3.163594329865547e-05,2.6768875098862323e-05
2020-11-06,Alpine,003,1148.0,0,0,0,0,0,0,0,0,0,0,0,0,0,0,0.0,0.0,0.0
2020-11-06,Amador,005,37829.0,0,0,0,0,0,0,0,0,0,0,0,0,0,0,0.0,0.0,0.0
2020-11-06,Butte,007,227075.0,20,0,10,0,10,0,0,0,10,0,15,0,5,0,4.403831333259936e-05,6.605746999889905e-05,2.201915666629968e-05
2020-11-06,Calaveras,009,45235.0,1,0,1,0,0,0,0,0,1,0,1,0,0,0,2.2106775726760254e-05,2.2106775726760254e-05,0.0
2020-11-06,Colusa,011,21464.0,0,0,0,0,0,0,0,0,0,0,0,0,0,0,0.0,0.0,0.0
2020-11-06,Contra Costa,013,1133247.0,120,1,110,0,9,0,1,1,8,0,65,1,57,1,7.059361286639188e-06,5.73573104539434e-05,5.029794916730421e-05
2020-11-06,Del Norte,015,27424.0,2,0,1,0,1,0,0,0,2,0,2,0,0,0,7.292882147024503e-05,7.292882147024503e-05,0.0
2020-11-06,El Dorado,017,186661.0,16,0,8,0,8,0,0,0,4,0,10,0,6,0,2.1429221958523742e-05,5.357305489630935e-05,3.214383293778561e-05
2020-11-06,Fresno,019,978130.0,9,0,6,0,3,0,0,0,5,0,7,0,2,0,5.111794955680738e-06,7.156512937953033e-06,2.044717982272295e-06
2020-11-06,Glenn,021,27897.0,4,0,2,0,2,0,0,0,0,0,2,0,2,0,0.0,7.169229666272359e-05,7.169229666272359e-05
2020-11-06,Humboldt,023,135768.0,1,0,1,0,0,0,0,0,1,0,1,0,0,0,7.365505862942667e-06,7.365505862942667e-06,0.0
2020-11-06,Imperial,025,180216.0,2,0,0,0,2,0,0,0,2,0,2,0,0,0,1.109779375860079e-05,1.109779375860079e-05,0.0
2020-11-06,Inyo,027,18085.0,0,0,0,0,0,0,0,0,0,0,0,0,0,0,0.0,0.0,0.0
2020-11-06,Kern,029,883053.0,4,0,3,0,1,0,0,0,2,0,3,0,1,0,2.264869719031587e-06,3.397304578547381e-06,1.1324348595157936e-06
2020-11-06,Kings,031,150075.0,0,0,0,0,0,0,0,0,0,0,0,0,0,0,0.0,0.0,0.0
2020-11-06,Lake,033,64148.0,1,0,1,0,0,0,0,0,1,0,1,0,0,0,1.558895055184885e-05,1.558895055184885e-05,0.0
2020-11-06,Lassen,035,31185.0,2,0,0,0,2,0,0,0,0,0,1,0,1,0,0.0,3.20666987333654e-05,3.20666987333654e-05
2020-11-06,Los Angeles,037,10098052.0,840,1,679,0,132,0,29,1,169,0,520,1,351,1,1.6735901142121273e-05,5.149508043729622e-05,3.475917929517495e-05
2020-11-06,Madera,039,155013.0,4,0,3,0,0,0,1,0,1,0,2,0,1,0,6.451071845587144e-06,1.2902143691174288e-05,6.451071845587144e-06
2020-11-06,Marin,041,260295.0,10,0,10,0,0,0,0,0,2,0,6,0,4,0,7.683589773142011e-06,2.305076931942604e-05,1.5367179546284023e-05
2020-11-06,Mariposa,043,17540.0,2,0,2,0,0,0,0,0,2,0,2,0,0,0,0.0001140250855188,0.0001140250855188,0.0
2020-11-06,Mendocino,045,87422.0,2,0,1,0,1,0,0,0,2,0,2,0,0,0,2.2877536546864634e-05,2.2877536546864634e-05,0.0
2020-11-06,Merced,047,269075.0,7,0,5,0,2,0,0,0,2,0,5,0,3,0,7.43287187587104e-06,1.85821796896776e-05,1.114930781380656e-05
2020-11-06,Modoc,049,8938.0,0,0,0,0,0,0,0,0,0,0,0,0,0,0,0.0,0.0,0.0
2020-11-06,Mono,051,14174.0,0,0,0,0,0,0,0,0,0,0,0,0,0,0,0.0,0.0,0.0
2020-11-06,Monterey,053,433212.0,4,0,0,0,4,0,0,0,4,0,4,0,0,0,9.233354570048845e-06,9.233354570048845e-06,0.0
2020-11-06,Napa,055,140530.0,1,0,1,0,0,0,0,0,1,0,1,0,0,0,7.11591830925781e-06,7.11591830925781e-06,0.0
2020-11-06,Nevada,057,99092.0,2,0,2,0,0,0,0,0,0,0,1,0,1,0,0.0,1.009163201873007e-05,1.009163201873007e-05
2020-11-06,Orange,059,3164182.0,204,0,154,0,38,0,12,0,56,0,136,0,80,0,1.7698097012118772e-05,4.298109274371702e-05,2.5282995731598245e-05
2020-11-06,Placer,061,380077.0,28,0,22,0,6,0,0,0,2,0,15,0,13,0,5.2620916288015326e-06,3.946568721601149e-05,3.420359558720996e-05
2020-11-06,Plumas,063,18699.0,0,0,0,0,0,0,0,0,0,0,0,0,0,0,0.0,0.0,0.0
2020-11-06,Riverside,065,2383286.0,72,0,27,0,44,0,1,0,14,0,44,0,30,0,5.87424253740424e-06,1.846190511755618e-05,1.2587662580151942e-05
2020-11-06,Sacramento,067,1510023.0,208,2,138,1,70,1,0,0,22,1,115,1,93,1,1.4569314507130024e-05,7.615778037817968e-05,6.158846587104964e-05
2020-11-06,San Benito,069,59416.0,0,0,0,0,0,0,0,0,0,0,0,0,0,0,0.0,0.0,0.0
2020-11-06,San Bernardino,071,2135413.0,31,0,9,0,22,0,0,0,9,0,20,0,11,0,4.214641383189107e-06,9.365869740420235e-06,5.15122835723113e-06
2020-11-06,San Diego,073,3302833.0,677,0,235,0,424,0,18,0,45,0,366,0,321,0,1.362466706612172e-05,0.0001108139588044,9.718929173833494e-05
2020-11-06,San Francisco,075,870044.0,51,0,36,0,15,0,0,0,7,0,29,0,22,0,8.045570109097931e-06,3.333164759483429e-05,2.5286077485736355e-05
2020-11-06,San Joaquin,077,732212.0,18,0,12,0,6,0,0,0,3,0,11,0,8,0,4.097174042490426e-06,1.5022971489131565e-05,1.0925797446641135e-05
2020-11-06,San Luis Obispo,079,281455.0,6,0,2,0,4,0,0,0,4,0,5,0,1,0,1.421186335293386e-05,1.7764829191167326e-05,3.552965838233465e-06
2020-11-06,San Mateo,081,765935.0,40,0,34,0,6,0,0,0,5,0,22,0,17,0,6.5279690835384205e-06,2.872306396756905e-05,2.219509488403063e-05
2020-11-06,Santa Barbara,083,443738.0,4,0,4,0,0,0,0,0,2,0,3,0,1,0,4.507164137396392e-06,6.760746206094587e-06,2.253582068698196e-06
2020-11-06,Santa Clara,085,1922200.0,148,2,135,0,10,1,3,1,12,1,83,2,71,1,6.24284673811258e-06,4.317968993861201e-05,3.693684320049943e-05
2020-11-06,Santa Cruz,087,273765.0,5,0,4,0,1,0,0,0,1,0,3,0,2,0,3.652767884864756e-06,1.095830365459427e-05,7.305535769729512e-06
2020-11-06,Shasta,089,179085.0,349,0,135,0,214,0,0,0,15,0,182,0,167,0,8.375910880308233e-05,0.0010162771868107,0.0009325180780076
2020-11-06,Sierra,091,2930.0,0,0,0,0,0,0,0,0,0,0,0,0,0,0,0.0,0.0,0.0
2020-11-06,Siskiyou,093,43540.0,12,0,8,0,4,0,0,0,0,0,6,0,6,0,0.0,0.0001378043178686,0.0001378043178686
2020-11-06,Solano,095,438530.0,6,0,6,0,0,0,0,0,0,0,3,0,3,0,0.0,6.841037101224546e-06,6.841037101224546e-06
2020-11-06,Sonoma,097,501317.0,7,0,4,0,3,0,0,0,2,0,5,0,3,0,3.989491678917731e-06,9.973729197294326e-06,5.984237518376596e-06
2020-11-06,Stanislaus,099,539301.0,19,0,15,0,4,0,0,0,9,0,14,0,5,0,1.668826870337715e-05,2.5959529094142237e-05,9.271260390765084e-06
2020-11-06,Sutter,101,95872.0,2,0,0,0,2,0,0,0,0,0,1,0,1,0,0.0,1.0430574098798398e-05,1.0430574098798398e-05
2020-11-06,Tehama,103,63373.0,26,0,7,0,19,0,0,0,2,0,14,0,12,0,3.1559181354835657e-05,0.0002209142694838,0.000189355088129
2020-11-06,Trinity,105,12862.0,2,0,0,0,2,0,0,0,0,0,1,0,1,0,0.0,7.774840615767377e-05,7.774840615767377e-05
2020-11-06,Tulare,107,460477.0,5,0,2,0,3,0,0,0,3,0,4,0,1,0,6.514983375934086e-06,8.686644501245448e-06,2.171661125311362e-06
2020-11-06,Tuolumne,109,53932.0,3,0,1,0,2,0,0,0,3,0,3,0,0,0,5.562560261069495e-05,5.562560261069495e-05,0.0
2020-11-06,Ventura,111,848112.0,34,0,24,0,9,0,1,0,5,0,20,0,15,0,5.895447771049107e-06,2.3581791084196427e-05,1.768634331314732e-05
2020-11-06,Yolo,113,214977.0,62,0,42,0,20,0,0,0,4,0,33,0,29,0,1.860664164073366e-05,0.000153504793536,0.0001348981518953
2020-11-06,Yuba,115,75493.0,2,0,0,0,2,0,0,0,0,0,1,0,1,0,0.0,1.3246261242764227e-05,1.3246261242764227e-05
2020-11-05,Alameda,001,1643700.0,94,0,86,0,7,0,1,0,8,0,52,0,44,0,4.86706819979315e-06,3.163594329865547e-05,2.6768875098862323e-05
2020-11-05,Alpine,003,1148.0,0,0,0,0,0,0,0,0,0,0,0,0,0,0,0.0,0.0,0.0
2020-11-05,Amador,005,37829.0,0,0,0,0,0,0,0,0,0,0,0,0,0,0,0.0,0.0,0.0
2020-11-05,Butte,007,227075.0,20,0,10,0,10,0,0,0,10,0,15,0,5,0,4.403831333259936e-05,6.605746999889905e-05,2.201915666629968e-05
2020-11-05,Calaveras,009,45235.0,1,0,1,0,0,0,0,0,1,0,1,0,0,0,2.2106775726760254e-05,2.2106775726760254e-05,0.0
2020-11-05,Colusa,011,21464.0,0,0,0,0,0,0,0,0,0,0,0,0,0,0,0.0,0.0,0.0
2020-11-05,Contra Costa,013,1133247.0,119,0,110,0,9,0,0,0,8,0,64,0,56,0,7.059361286639188e-06,5.647489029311351e-05,4.941552900647432e-05
2020-11-05,Del Norte,015,27424.0,2,0,1,0,1,0,0,0,2,0,2,0,0,0,7.292882147024503e-05,7.292882147024503e-05,0.0
2020-11-05,El Dorado,017,186661.0,16,3,8,0,8,3,0,0,4,3,10,3,6,0,2.1429221958523742e-05,5.357305489630935e-05,3.214383293778561e-05
2020-11-05,Fresno,019,978130.0,9,0,6,0,3,0,0,0,5,0,7,0,2,0,5.111794955680738e-06,7.156512937953033e-06,2.044717982272295e-06
2020-11-05,Glenn,021,27897.0,4,0,2,0,2,0,0,0,0,0,2,0,2,0,0.0,7.169229666272359e-05,7.169229666272359e-05
2020-11-05,Humboldt,023,135768.0,1,0,1,0,0,0,0,0,1,0,1,0,0,0,7.365505862942667e-06,7.365505862942667e-06,0.0
2020-11-05,Imperial,025,180216.0,2,0,0,0,2,0,0,0,2,0,2,0,0,0,1.109779375860079e-05,1.109779375860079e-05,0.0
2020-11-05,Inyo,027,18085.0,0,0,0,0,0,0,0,0,0,0,0,0,0,0,0.0,0.0,0.0
2020-11-05,Kern,029,883053.0,4,0,3,0,1,0,0,0,2,0,3,0,1,0,2.264869719031587e-06,3.397304578547381e-06,1.1324348595157936e-06
2020-11-05,Kings,031,150075.0,0,0,0,0,0,0,0,0,0,0,0,0,0,0,0.0,0.0,0.0
2020-11-05,Lake,033,64148.0,1,0,1,0,0,0,0,0,1,0,1,0,0,0,1.558895055184885e-05,1.558895055184885e-05,0.0
2020-11-05,Lassen,035,31185.0,2,0,0,0,2,0,0,0,0,0,1,0,1,0,0.0,3.20666987333654e-05,3.20666987333654e-05
2020-11-05,Los Angeles,037,10098052.0,839,50,679,35,132,13,28,2,169,48,519,50,350,2,1.6735901142121273e-05,5.139605143645527e-05,3.4660150294333995e-05
2020-11-05,Madera,039,155013.0,4,0,3,0,0,0,1,0,1,0,2,0,1,0,6.451071845587144e-06,1.2902143691174288e-05,6.451071845587144e-06
2020-11-05,Marin,041,260295.0,10,0,10,0,0,0,0,0,2,0,6,0,4,0,7.683589773142011e-06,2.305076931942604e-05,1.5367179546284023e-05
2020-11-05,Mariposa,043,17540.0,2,0,2,0,0,0,0,0,2,0,2,0,0,0,0.0001140250855188,0.0001140250855188,0.0
2020-11-05,Mendocino,045,87422.0,2,1,1,1,1,0,0,0,2,1,2,1,0,0,2.2877536546864634e-05,2.2877536546864634e-05,0.0
2020-11-05,Merced,047,269075.0,7,0,5,0,2,0,0,0,2,0,5,0,3,0,7.43287187587104e-06,1.85821796896776e-05,1.114930781380656e-05
2020-11-05,Modoc,049,8938.0,0,0,0,0,0,0,0,0,0,0,0,0,0,0,0.0,0.0,0.0
2020-11-05,Mono,051,14174.0,0,0,0,0,0,0,0,0,0,0,0,0,0,0,0.0,0.0,0.0
2020-11-05,Monterey,053,433212.0,4,0,0,0,4,0,0,0,4,0,4,0,0,0,9.233354570048845e-06,9.233354570048845e-06,0.0
2020-11-05,Napa,055,140530.0,1,0,1,0,0,0,0,0,1,0,1,0,0,0,7.11591830925781e-06,7.11591830925781e-06,0.0
2020-11-05,Nevada,057,99092.0,2,0,2,0,0,0,0,0,0,0,1,0,1,0,0.0,1.009163201873007e-05,1.009163201873007e-05
2020-11-05,Orange,059,3164182.0,204,0,154,0,38,0,12,0,56,0,136,0,80,0,1.7698097012118772e-05,4.298109274371702e-05,2.5282995731598245e-05
2020-11-05,Placer,061,380077.0,28,0,22,0,6,0,0,0,2,0,15,0,13,0,5.2620916288015326e-06,3.946568721601149e-05,3.420359558720996e-05
2020-11-05,Plumas,063,18699.0,0,0,0,0,0,0,0,0,0,0,0,0,0,0,0.0,0.0,0.0
2020-11-05,Riverside,065,2383286.0,72,0,27,0,44,0,1,0,14,0,44,0,30,0,5.87424253740424e-06,1.846190511755618e-05,1.2587662580151942e-05
2020-11-05,Sacramento,067,1510023.0,206,1,137,1,69,0,0,0,22,1,114,1,92,0,1.4569314507130024e-05,7.549553880967377e-05,6.0926224302543735e-05
2020-11-05,San Benito,069,59416.0,0,0,0,0,0,0,0,0,0,0,0,0,0,0,0.0,0.0,0.0
2020-11-05,San Bernardino,071,2135413.0,31,0,9,0,22,0,0,0,9,0,20,0,11,0,4.214641383189107e-06,9.365869740420235e-06,5.15122835723113e-06
2020-11-05,San Diego,073,3302833.0,677,6,235,2,424,2,18,2,45,0,366,2,321,6,1.362466706612172e-05,0.0001108139588044,9.718929173833494e-05
2020-11-05,San Francisco,075,870044.0,51,0,36,0,15,0,0,0,7,0,29,0,22,0,8.045570109097931e-06,3.333164759483429e-05,2.5286077485736355e-05
2020-11-05,San Joaquin,077,732212.0,18,0,12,0,6,0,0,0,3,0,11,0,8,0,4.097174042490426e-06,1.5022971489131565e-05,1.0925797446641135e-05
2020-11-05,San Luis Obispo,079,281455.0,6,0,2,0,4,0,0,0,4,0,5,0,1,0,1.421186335293386e-05,1.7764829191167326e-05,3.552965838233465e-06
2020-11-05,San Mateo,081,765935.0,40,0,34,0,6,0,0,0,5,0,22,0,17,0,6.5279690835384205e-06,2.872306396756905e-05,2.219509488403063e-05
2020-11-05,Santa Barbara,083,443738.0,4,0,4,0,0,0,0,0,2,0,3,0,1,0,4.507164137396392e-06,6.760746206094587e-06,2.253582068698196e-06
2020-11-05,Santa Clara,085,1922200.0,146,2,135,0,9,0,2,2,11,0,81,2,70,2,5.722609509936531e-06,4.213921548225991e-05,3.641660597232338e-05
2020-11-05,Santa Cruz,087,273765.0,5,0,4,0,1,0,0,0,1,0,3,0,2,0,3.652767884864756e-06,1.095830365459427e-05,7.305535769729512e-06
2020-11-05,Shasta,089,179085.0,349,0,135,0,214,0,0,0,15,0,182,0,167,0,8.375910880308233e-05,0.0010162771868107,0.0009325180780076
2020-11-05,Sierra,091,2930.0,0,0,0,0,0,0,0,0,0,0,0,0,0,0,0.0,0.0,0.0
2020-11-05,Siskiyou,093,43540.0,12,0,8,0,4,0,0,0,0,0,6,0,6,0,0.0,0.0001378043178686,0.0001378043178686
2020-11-05,Solano,095,438530.0,6,0,6,0,0,0,0,0,0,0,3,0,3,0,0.0,6.841037101224546e-06,6.841037101224546e-06
2020-11-05,Sonoma,097,501317.0,7,0,4,0,3,0,0,0,2,0,5,0,3,0,3.989491678917731e-06,9.973729197294326e-06,5.984237518376596e-06
2020-11-05,Stanislaus,099,539301.0,19,0,15,0,4,0,0,0,9,0,14,0,5,0,1.668826870337715e-05,2.5959529094142237e-05,9.271260390765084e-06
2020-11-05,Sutter,101,95872.0,2,0,0,0,2,0,0,0,0,0,1,0,1,0,0.0,1.0430574098798398e-05,1.0430574098798398e-05
2020-11-05,Tehama,103,63373.0,26,0,7,0,19,0,0,0,2,0,14,0,12,0,3.1559181354835657e-05,0.0002209142694838,0.000189355088129
2020-11-05,Trinity,105,12862.0,2,0,0,0,2,0,0,0,0,0,1,0,1,0,0.0,7.774840615767377e-05,7.774840615767377e-05
2020-11-05,Tulare,107,460477.0,5,0,2,0,3,0,0,0,3,0,4,0,1,0,6.514983375934086e-06,8.686644501245448e-06,2.171661125311362e-06
2020-11-05,Tuolumne,109,53932.0,3,0,1,0,2,0,0,0,3,0,3,0,0,0,5.562560261069495e-05,5.562560261069495e-05,0.0
2020-11-05,Ventura,111,848112.0,34,0,24,0,9,0,1,0,5,0,20,0,15,0,5.895447771049107e-06,2.3581791084196427e-05,1.768634331314732e-05
2020-11-05,Yolo,113,214977.0,62,0,42,0,20,0,0,0,4,0,33,0,29,0,1.860664164073366e-05,0.000153504793536,0.0001348981518953
2020-11-05,Yuba,115,75493.0,2,0,0,0,2,0,0,0,0,0,1,0,1,0,0.0,1.3246261242764227e-05,1.3246261242764227e-05
2020-11-04,Alameda,001,1643700.0,94,0,86,0,7,0,1,0,8,0,52,0,44,0,4.86706819979315e-06,3.163594329865547e-05,2.6768875098862323e-05
2020-11-04,Alpine,003,1148.0,0,0,0,0,0,0,0,0,0,0,0,0,0,0,0.0,0.0,0.0
2020-11-04,Amador,005,37829.0,0,0,0,0,0,0,0,0,0,0,0,0,0,0,0.0,0.0,0.0
2020-11-04,Butte,007,227075.0,20,0,10,0,10,0,0,0,10,0,15,0,5,0,4.403831333259936e-05,6.605746999889905e-05,2.201915666629968e-05
2020-11-04,Calaveras,009,45235.0,1,0,1,0,0,0,0,0,1,0,1,0,0,0,2.2106775726760254e-05,2.2106775726760254e-05,0.0
2020-11-04,Colusa,011,21464.0,0,0,0,0,0,0,0,0,0,0,0,0,0,0,0.0,0.0,0.0
2020-11-04,Contra Costa,013,1133247.0,119,0,110,0,9,0,0,0,8,0,64,0,56,0,7.059361286639188e-06,5.647489029311351e-05,4.941552900647432e-05
2020-11-04,Del Norte,015,27424.0,2,0,1,0,1,0,0,0,2,0,2,0,0,0,7.292882147024503e-05,7.292882147024503e-05,0.0
2020-11-04,El Dorado,017,186661.0,13,0,8,0,5,0,0,0,1,0,7,0,6,0,5.357305489630936e-06,3.750113842741655e-05,3.214383293778561e-05
2020-11-04,Fresno,019,978130.0,9,0,6,0,3,0,0,0,5,0,7,0,2,0,5.111794955680738e-06,7.156512937953033e-06,2.044717982272295e-06
2020-11-04,Glenn,021,27897.0,4,0,2,0,2,0,0,0,0,0,2,0,2,0,0.0,7.169229666272359e-05,7.169229666272359e-05
2020-11-04,Humboldt,023,135768.0,1,0,1,0,0,0,0,0,1,0,1,0,0,0,7.365505862942667e-06,7.365505862942667e-06,0.0
2020-11-04,Imperial,025,180216.0,2,0,0,0,2,0,0,0,2,0,2,0,0,0,1.109779375860079e-05,1.109779375860079e-05,0.0
2020-11-04,Inyo,027,18085.0,0,0,0,0,0,0,0,0,0,0,0,0,0,0,0.0,0.0,0.0
2020-11-04,Kern,029,883053.0,4,0,3,0,1,0,0,0,2,0,3,0,1,0,2.264869719031587e-06,3.397304578547381e-06,1.1324348595157936e-06
2020-11-04,Kings,031,150075.0,0,0,0,0,0,0,0,0,0,0,0,0,0,0,0.0,0.0,0.0
2020-11-04,Lake,033,64148.0,1,0,1,0,0,0,0,0,1,0,1,0,0,0,1.558895055184885e-05,1.558895055184885e-05,0.0
2020-11-04,Lassen,035,31185.0,2,0,0,0,2,0,0,0,0,0,1,0,1,0,0.0,3.20666987333654e-05,3.20666987333654e-05
2020-11-04,Los Angeles,037,10098052.0,789,5,644,2,119,2,26,1,121,2,469,3,348,3,1.1982509101755468e-05,4.644460139440756e-05,3.446209229265209e-05
2020-11-04,Madera,039,155013.0,4,0,3,0,0,0,1,0,1,0,2,0,1,0,6.451071845587144e-06,1.2902143691174288e-05,6.451071845587144e-06
2020-11-04,Marin,041,260295.0,10,0,10,0,0,0,0,0,2,0,6,0,4,0,7.683589773142011e-06,2.305076931942604e-05,1.5367179546284023e-05
2020-11-04,Mariposa,043,17540.0,2,0,2,0,0,0,0,0,2,0,2,0,0,0,0.0001140250855188,0.0001140250855188,0.0
2020-11-04,Mendocino,045,87422.0,1,0,0,0,1,0,0,0,1,0,1,0,0,0,1.1438768273432316e-05,1.1438768273432316e-05,0.0
2020-11-04,Merced,047,269075.0,7,0,5,0,2,0,0,0,2,0,5,0,3,0,7.43287187587104e-06,1.85821796896776e-05,1.114930781380656e-05
2020-11-04,Modoc,049,8938.0,0,0,0,0,0,0,0,0,0,0,0,0,0,0,0.0,0.0,0.0
2020-11-04,Mono,051,14174.0,0,0,0,0,0,0,0,0,0,0,0,0,0,0,0.0,0.0,0.0
2020-11-04,Monterey,053,433212.0,4,0,0,0,4,0,0,0,4,0,4,0,0,0,9.233354570048845e-06,9.233354570048845e-06,0.0
2020-11-04,Napa,055,140530.0,1,0,1,0,0,0,0,0,1,0,1,0,0,0,7.11591830925781e-06,7.11591830925781e-06,0.0
2020-11-04,Nevada,057,99092.0,2,0,2,0,0,0,0,0,0,0,1,0,1,0,0.0,1.009163201873007e-05,1.009163201873007e-05
2020-11-04,Orange,059,3164182.0,204,3,154,0,38,1,12,2,56,1,136,3,80,2,1.7698097012118772e-05,4.298109274371702e-05,2.5282995731598245e-05
2020-11-04,Placer,061,380077.0,28,0,22,0,6,0,0,0,2,0,15,0,13,0,5.2620916288015326e-06,3.946568721601149e-05,3.420359558720996e-05
2020-11-04,Plumas,063,18699.0,0,0,0,0,0,0,0,0,0,0,0,0,0,0,0.0,0.0,0.0
2020-11-04,Riverside,065,2383286.0,72,0,27,0,44,0,1,0,14,0,44,0,30,0,5.87424253740424e-06,1.846190511755618e-05,1.2587662580151942e-05
2020-11-04,Sacramento,067,1510023.0,205,0,136,0,69,0,0,0,21,0,113,0,92,0,1.3907072938624112e-05,7.483329724116784e-05,6.0926224302543735e-05
2020-11-04,San Benito,069,59416.0,0,0,0,0,0,0,0,0,0,0,0,0,0,0,0.0,0.0,0.0
2020-11-04,San Bernardino,071,2135413.0,31,0,9,0,22,0,0,0,9,0,20,0,11,0,4.214641383189107e-06,9.365869740420235e-06,5.15122835723113e-06
2020-11-04,San Diego,073,3302833.0,671,15,233,7,422,0,16,8,49,0,364,8,315,15,1.4835748583110316e-05,0.0001102084180459,9.537266946285204e-05
2020-11-04,San Francisco,075,870044.0,51,0,36,0,15,0,0,0,7,0,29,0,22,0,8.045570109097931e-06,3.333164759483429e-05,2.5286077485736355e-05
2020-11-04,San Joaquin,077,732212.0,18,0,12,0,6,0,0,0,3,0,11,0,8,0,4.097174042490426e-06,1.5022971489131565e-05,1.0925797446641135e-05
2020-11-04,San Luis Obispo,079,281455.0,6,0,2,0,4,0,0,0,4,0,5,0,1,0,1.421186335293386e-05,1.7764829191167326e-05,3.552965838233465e-06
2020-11-04,San Mateo,081,765935.0,40,0,34,0,6,0,0,0,5,0,22,0,17,0,6.5279690835384205e-06,2.872306396756905e-05,2.219509488403063e-05
2020-11-04,Santa Barbara,083,443738.0,4,0,4,0,0,0,0,0,2,0,3,0,1,0,4.507164137396392e-06,6.760746206094587e-06,2.253582068698196e-06
2020-11-04,Santa Clara,085,1922200.0,144,0,135,0,9,0,0,0,11,0,79,0,68,0,5.722609509936531e-06,4.1098741025907816e-05,3.5376131515971285e-05
2020-11-04,Santa Cruz,087,273765.0,5,0,4,0,1,0,0,0,1,0,3,0,2,0,3.652767884864756e-06,1.095830365459427e-05,7.305535769729512e-06
2020-11-04,Shasta,089,179085.0,349,1,135,1,214,0,0,0,15,1,182,1,167,0,8.375910880308233e-05,0.0010162771868107,0.0009325180780076
2020-11-04,Sierra,091,2930.0,0,0,0,0,0,0,0,0,0,0,0,0,0,0,0.0,0.0,0.0
2020-11-04,Siskiyou,093,43540.0,12,0,8,0,4,0,0,0,0,0,6,0,6,0,0.0,0.0001378043178686,0.0001378043178686
2020-11-04,Solano,095,438530.0,6,0,6,0,0,0,0,0,0,0,3,0,3,0,0.0,6.841037101224546e-06,6.841037101224546e-06
2020-11-04,Sonoma,097,501317.0,7,0,4,0,3,0,0,0,2,0,5,0,3,0,3.989491678917731e-06,9.973729197294326e-06,5.984237518376596e-06
2020-11-04,Stanislaus,099,539301.0,19,0,15,0,4,0,0,0,9,0,14,0,5,0,1.668826870337715e-05,2.5959529094142237e-05,9.271260390765084e-06
2020-11-04,Sutter,101,95872.0,2,0,0,0,2,0,0,0,0,0,1,0,1,0,0.0,1.0430574098798398e-05,1.0430574098798398e-05
2020-11-04,Tehama,103,63373.0,26,0,7,0,19,0,0,0,2,0,14,0,12,0,3.1559181354835657e-05,0.0002209142694838,0.000189355088129
2020-11-04,Trinity,105,12862.0,2,0,0,0,2,0,0,0,0,0,1,0,1,0,0.0,7.774840615767377e-05,7.774840615767377e-05
2020-11-04,Tulare,107,460477.0,5,0,2,0,3,0,0,0,3,0,4,0,1,0,6.514983375934086e-06,8.686644501245448e-06,2.171661125311362e-06
2020-11-04,Tuolumne,109,53932.0,3,0,1,0,2,0,0,0,3,0,3,0,0,0,5.562560261069495e-05,5.562560261069495e-05,0.0
2020-11-04,Ventura,111,848112.0,34,0,24,0,9,0,1,0,5,0,20,0,15,0,5.895447771049107e-06,2.3581791084196427e-05,1.768634331314732e-05
2020-11-04,Yolo,113,214977.0,62,1,42,1,20,0,0,0,4,1,33,1,29,0,1.860664164073366e-05,0.000153504793536,0.0001348981518953
2020-11-04,Yuba,115,75493.0,2,0,0,0,2,0,0,0,0,0,1,0,1,0,0.0,1.3246261242764227e-05,1.3246261242764227e-05
2020-11-03,Alameda,001,1643700.0,94,0,86,0,7,0,1,0,8,0,52,0,44,0,4.86706819979315e-06,3.163594329865547e-05,2.6768875098862323e-05
2020-11-03,Alpine,003,1148.0,0,0,0,0,0,0,0,0,0,0,0,0,0,0,0.0,0.0,0.0
2020-11-03,Amador,005,37829.0,0,0,0,0,0,0,0,0,0,0,0,0,0,0,0.0,0.0,0.0
2020-11-03,Butte,007,227075.0,20,0,10,0,10,0,0,0,10,0,15,0,5,0,4.403831333259936e-05,6.605746999889905e-05,2.201915666629968e-05
2020-11-03,Calaveras,009,45235.0,1,0,1,0,0,0,0,0,1,0,1,0,0,0,2.2106775726760254e-05,2.2106775726760254e-05,0.0
2020-11-03,Colusa,011,21464.0,0,0,0,0,0,0,0,0,0,0,0,0,0,0,0.0,0.0,0.0
2020-11-03,Contra Costa,013,1133247.0,119,0,110,0,9,0,0,0,8,0,64,0,56,0,7.059361286639188e-06,5.647489029311351e-05,4.941552900647432e-05
2020-11-03,Del Norte,015,27424.0,2,0,1,0,1,0,0,0,2,0,2,0,0,0,7.292882147024503e-05,7.292882147024503e-05,0.0
2020-11-03,El Dorado,017,186661.0,13,0,8,0,5,0,0,0,1,0,7,0,6,0,5.357305489630936e-06,3.750113842741655e-05,3.214383293778561e-05
2020-11-03,Fresno,019,978130.0,9,0,6,0,3,0,0,0,5,0,7,0,2,0,5.111794955680738e-06,7.156512937953033e-06,2.044717982272295e-06
2020-11-03,Glenn,021,27897.0,4,0,2,0,2,0,0,0,0,0,2,0,2,0,0.0,7.169229666272359e-05,7.169229666272359e-05
2020-11-03,Humboldt,023,135768.0,1,0,1,0,0,0,0,0,1,0,1,0,0,0,7.365505862942667e-06,7.365505862942667e-06,0.0
2020-11-03,Imperial,025,180216.0,2,0,0,0,2,0,0,0,2,0,2,0,0,0,1.109779375860079e-05,1.109779375860079e-05,0.0
2020-11-03,Inyo,027,18085.0,0,0,0,0,0,0,0,0,0,0,0,0,0,0,0.0,0.0,0.0
2020-11-03,Kern,029,883053.0,4,0,3,0,1,0,0,0,2,0,3,0,1,0,2.264869719031587e-06,3.397304578547381e-06,1.1324348595157936e-06
2020-11-03,Kings,031,150075.0,0,0,0,0,0,0,0,0,0,0,0,0,0,0,0.0,0.0,0.0
2020-11-03,Lake,033,64148.0,1,1,1,1,0,0,0,0,1,1,1,1,0,0,1.558895055184885e-05,1.558895055184885e-05,0.0
2020-11-03,Lassen,035,31185.0,2,0,0,0,2,0,0,0,0,0,1,0,1,0,0.0,3.20666987333654e-05,3.20666987333654e-05
2020-11-03,Los Angeles,037,10098052.0,784,3,642,1,117,1,25,1,121,0,466,1,345,3,1.1982509101755468e-05,4.6147514391884696e-05,3.4165005290129224e-05
2020-11-03,Madera,039,155013.0,4,0,3,0,0,0,1,0,1,0,2,0,1,0,6.451071845587144e-06,1.2902143691174288e-05,6.451071845587144e-06
2020-11-03,Marin,041,260295.0,10,0,10,0,0,0,0,0,2,0,6,0,4,0,7.683589773142011e-06,2.305076931942604e-05,1.5367179546284023e-05
2020-11-03,Mariposa,043,17540.0,2,0,2,0,0,0,0,0,2,0,2,0,0,0,0.0001140250855188,0.0001140250855188,0.0
2020-11-03,Mendocino,045,87422.0,1,0,0,0,1,0,0,0,1,0,1,0,0,0,1.1438768273432316e-05,1.1438768273432316e-05,0.0
2020-11-03,Merced,047,269075.0,7,0,5,0,2,0,0,0,2,0,5,0,3,0,7.43287187587104e-06,1.85821796896776e-05,1.114930781380656e-05
2020-11-03,Modoc,049,8938.0,0,0,0,0,0,0,0,0,0,0,0,0,0,0,0.0,0.0,0.0
2020-11-03,Mono,051,14174.0,0,0,0,0,0,0,0,0,0,0,0,0,0,0,0.0,0.0,0.0
2020-11-03,Monterey,053,433212.0,4,0,0,0,4,0,0,0,4,0,4,0,0,0,9.233354570048845e-06,9.233354570048845e-06,0.0
2020-11-03,Napa,055,140530.0,1,0,1,0,0,0,0,0,1,0,1,0,0,0,7.11591830925781e-06,7.11591830925781e-06,0.0
2020-11-03,Nevada,057,99092.0,2,0,2,0,0,0,0,0,0,0,1,0,1,0,0.0,1.009163201873007e-05,1.009163201873007e-05
2020-11-03,Orange,059,3164182.0,201,2,154,1,37,1,10,0,55,2,133,2,78,0,1.7382059565473794e-05,4.203298040378208e-05,2.465092083830829e-05
2020-11-03,Placer,061,380077.0,28,0,22,0,6,0,0,0,2,0,15,0,13,0,5.2620916288015326e-06,3.946568721601149e-05,3.420359558720996e-05
2020-11-03,Plumas,063,18699.0,0,0,0,0,0,0,0,0,0,0,0,0,0,0,0.0,0.0,0.0
2020-11-03,Riverside,065,2383286.0,72,0,27,0,44,0,1,0,14,0,44,0,30,0,5.87424253740424e-06,1.846190511755618e-05,1.2587662580151942e-05
2020-11-03,Sacramento,067,1510023.0,205,1,136,0,69,1,0,0,21,1,113,1,92,0,1.3907072938624112e-05,7.483329724116784e-05,6.0926224302543735e-05
2020-11-03,San Benito,069,59416.0,0,0,0,0,0,0,0,0,0,0,0,0,0,0,0.0,0.0,0.0
2020-11-03,San Bernardino,071,2135413.0,31,0,9,0,22,0,0,0,9,0,20,0,11,0,4.214641383189107e-06,9.365869740420235e-06,5.15122835723113e-06
2020-11-03,San Diego,073,3302833.0,656,3,226,0,422,0,8,3,56,0,356,3,300,3,1.6955141237840362e-05,0.0001077862550119,9.08311137741448e-05
2020-11-03,San Francisco,075,870044.0,51,0,36,0,15,0,0,0,7,0,29,0,22,0,8.045570109097931e-06,3.333164759483429e-05,2.5286077485736355e-05
2020-11-03,San Joaquin,077,732212.0,18,1,12,1,6,0,0,0,3,1,11,1,8,0,4.097174042490426e-06,1.5022971489131565e-05,1.0925797446641135e-05
2020-11-03,San Luis Obispo,079,281455.0,6,0,2,0,4,0,0,0,4,0,5,0,1,0,1.421186335293386e-05,1.7764829191167326e-05,3.552965838233465e-06
2020-11-03,San Mateo,081,765935.0,40,0,34,0,6,0,0,0,5,0,22,0,17,0,6.5279690835384205e-06,2.872306396756905e-05,2.219509488403063e-05
2020-11-03,Santa Barbara,083,443738.0,4,0,4,0,0,0,0,0,2,0,3,0,1,0,4.507164137396392e-06,6.760746206094587e-06,2.253582068698196e-06
2020-11-03,Santa Clara,085,1922200.0,144,0,135,0,9,0,0,0,11,0,79,0,68,0,5.722609509936531e-06,4.1098741025907816e-05,3.5376131515971285e-05
2020-11-03,Santa Cruz,087,273765.0,5,0,4,0,1,0,0,0,1,0,3,0,2,0,3.652767884864756e-06,1.095830365459427e-05,7.305535769729512e-06
2020-11-03,Shasta,089,179085.0,348,0,134,0,214,0,0,0,14,0,181,0,167,0,7.817516821621018e-05,0.0010106932462238,0.0009325180780076
2020-11-03,Sierra,091,2930.0,0,0,0,0,0,0,0,0,0,0,0,0,0,0,0.0,0.0,0.0
2020-11-03,Siskiyou,093,43540.0,12,0,8,0,4,0,0,0,0,0,6,0,6,0,0.0,0.0001378043178686,0.0001378043178686
2020-11-03,Solano,095,438530.0,6,0,6,0,0,0,0,0,0,0,3,0,3,0,0.0,6.841037101224546e-06,6.841037101224546e-06
2020-11-03,Sonoma,097,501317.0,7,0,4,0,3,0,0,0,2,0,5,0,3,0,3.989491678917731e-06,9.973729197294326e-06,5.984237518376596e-06
2020-11-03,Stanislaus,099,539301.0,19,0,15,0,4,0,0,0,9,0,14,0,5,0,1.668826870337715e-05,2.5959529094142237e-05,9.271260390765084e-06
2020-11-03,Sutter,101,95872.0,2,0,0,0,2,0,0,0,0,0,1,0,1,0,0.0,1.0430574098798398e-05,1.0430574098798398e-05
2020-11-03,Tehama,103,63373.0,26,0,7,0,19,0,0,0,2,0,14,0,12,0,3.1559181354835657e-05,0.0002209142694838,0.000189355088129
2020-11-03,Trinity,105,12862.0,2,0,0,0,2,0,0,0,0,0,1,0,1,0,0.0,7.774840615767377e-05,7.774840615767377e-05
2020-11-03,Tulare,107,460477.0,5,0,2,0,3,0,0,0,3,0,4,0,1,0,6.514983375934086e-06,8.686644501245448e-06,2.171661125311362e-06
2020-11-03,Tuolumne,109,53932.0,3,0,1,0,2,0,0,0,3,0,3,0,0,0,5.562560261069495e-05,5.562560261069495e-05,0.0
2020-11-03,Ventura,111,848112.0,34,0,24,0,9,0,1,0,5,0,20,0,15,0,5.895447771049107e-06,2.3581791084196427e-05,1.768634331314732e-05
2020-11-03,Yolo,113,214977.0,61,0,41,0,20,0,0,0,3,0,32,0,29,0,1.3954981230550245e-05,0.0001488531331258,0.0001348981518953
2020-11-03,Yuba,115,75493.0,2,0,0,0,2,0,0,0,0,0,1,0,1,0,0.0,1.3246261242764227e-05,1.3246261242764227e-05
2020-11-02,Alameda,001,1643700.0,94,1,86,0,7,0,1,1,8,0,52,1,44,1,4.86706819979315e-06,3.163594329865547e-05,2.6768875098862323e-05
2020-11-02,Alpine,003,1148.0,0,0,0,0,0,0,0,0,0,0,0,0,0,0,0.0,0.0,0.0
2020-11-02,Amador,005,37829.0,0,0,0,0,0,0,0,0,0,0,0,0,0,0,0.0,0.0,0.0
2020-11-02,Butte,007,227075.0,20,0,10,0,10,0,0,0,10,0,15,0,5,0,4.403831333259936e-05,6.605746999889905e-05,2.201915666629968e-05
2020-11-02,Calaveras,009,45235.0,1,0,1,0,0,0,0,0,1,0,1,0,0,0,2.2106775726760254e-05,2.2106775726760254e-05,0.0
2020-11-02,Colusa,011,21464.0,0,0,0,0,0,0,0,0,0,0,0,0,0,0,0.0,0.0,0.0
2020-11-02,Contra Costa,013,1133247.0,119,1,110,1,9,0,0,0,8,1,64,1,56,0,7.059361286639188e-06,5.647489029311351e-05,4.941552900647432e-05
2020-11-02,Del Norte,015,27424.0,2,0,1,0,1,0,0,0,2,0,2,0,0,0,7.292882147024503e-05,7.292882147024503e-05,0.0
2020-11-02,El Dorado,017,186661.0,13,0,8,0,5,0,0,0,1,0,7,0,6,0,5.357305489630936e-06,3.750113842741655e-05,3.214383293778561e-05
2020-11-02,Fresno,019,978130.0,9,0,6,0,3,0,0,0,5,0,7,0,2,0,5.111794955680738e-06,7.156512937953033e-06,2.044717982272295e-06
2020-11-02,Glenn,021,27897.0,4,0,2,0,2,0,0,0,0,0,2,0,2,0,0.0,7.169229666272359e-05,7.169229666272359e-05
2020-11-02,Humboldt,023,135768.0,1,0,1,0,0,0,0,0,1,0,1,0,0,0,7.365505862942667e-06,7.365505862942667e-06,0.0
2020-11-02,Imperial,025,180216.0,2,0,0,0,2,0,0,0,2,0,2,0,0,0,1.109779375860079e-05,1.109779375860079e-05,0.0
2020-11-02,Inyo,027,18085.0,0,0,0,0,0,0,0,0,0,0,0,0,0,0,0.0,0.0,0.0
2020-11-02,Kern,029,883053.0,4,0,3,0,1,0,0,0,2,0,3,0,1,0,2.264869719031587e-06,3.397304578547381e-06,1.1324348595157936e-06
2020-11-02,Kings,031,150075.0,0,0,0,0,0,0,0,0,0,0,0,0,0,0,0.0,0.0,0.0
2020-11-02,Lake,033,64148.0,0,0,0,0,0,0,0,0,0,0,0,0,0,0,0.0,0.0,0.0
2020-11-02,Lassen,035,31185.0,2,0,0,0,2,0,0,0,0,0,1,0,1,0,0.0,3.20666987333654e-05,3.20666987333654e-05
2020-11-02,Los Angeles,037,10098052.0,781,3,641,1,116,0,24,2,123,1,465,3,342,2,1.2180567103437376e-05,4.6048485391043735e-05,3.386791828760636e-05
2020-11-02,Madera,039,155013.0,4,0,3,0,0,0,1,0,1,0,2,0,1,0,6.451071845587144e-06,1.2902143691174288e-05,6.451071845587144e-06
2020-11-02,Marin,041,260295.0,10,0,10,0,0,0,0,0,2,0,6,0,4,0,7.683589773142011e-06,2.305076931942604e-05,1.5367179546284023e-05
2020-11-02,Mariposa,043,17540.0,2,0,2,0,0,0,0,0,2,0,2,0,0,0,0.0001140250855188,0.0001140250855188,0.0
2020-11-02,Mendocino,045,87422.0,1,0,0,0,1,0,0,0,1,0,1,0,0,0,1.1438768273432316e-05,1.1438768273432316e-05,0.0
2020-11-02,Merced,047,269075.0,7,2,5,0,2,2,0,0,2,1,5,2,3,1,7.43287187587104e-06,1.85821796896776e-05,1.114930781380656e-05
2020-11-02,Modoc,049,8938.0,0,0,0,0,0,0,0,0,0,0,0,0,0,0,0.0,0.0,0.0
2020-11-02,Mono,051,14174.0,0,0,0,0,0,0,0,0,0,0,0,0,0,0,0.0,0.0,0.0
2020-11-02,Monterey,053,433212.0,4,0,0,0,4,0,0,0,4,0,4,0,0,0,9.233354570048845e-06,9.233354570048845e-06,0.0
2020-11-02,Napa,055,140530.0,1,0,1,0,0,0,0,0,1,0,1,0,0,0,7.11591830925781e-06,7.11591830925781e-06,0.0
2020-11-02,Nevada,057,99092.0,2,0,2,0,0,0,0,0,0,0,1,0,1,0,0.0,1.009163201873007e-05,1.009163201873007e-05
2020-11-02,Orange,059,3164182.0,199,3,153,1,36,2,10,0,53,3,131,3,78,0,1.674998467218384e-05,4.1400905510492126e-05,2.465092083830829e-05
2020-11-02,Placer,061,380077.0,28,1,22,0,6,1,0,0,2,0,15,0,13,1,5.2620916288015326e-06,3.946568721601149e-05,3.420359558720996e-05
2020-11-02,Plumas,063,18699.0,0,0,0,0,0,0,0,0,0,0,0,0,0,0,0.0,0.0,0.0
2020-11-02,Riverside,065,2383286.0,72,0,27,0,44,0,1,0,14,0,44,0,30,0,5.87424253740424e-06,1.846190511755618e-05,1.2587662580151942e-05
2020-11-02,Sacramento,067,1510023.0,204,1,136,0,68,1,0,0,20,1,112,1,92,0,1.3244831370118204e-05,7.417105567266193e-05,6.0926224302543735e-05
2020-11-02,San Benito,069,59416.0,0,0,0,0,0,0,0,0,0,0,0,0,0,0,0.0,0.0,0.0
2020-11-02,San Bernardino,071,2135413.0,31,0,9,0,22,0,0,0,9,0,20,0,11,0,4.214641383189107e-06,9.365869740420235e-06,5.15122835723113e-06
2020-11-02,San Diego,073,3302833.0,653,2,226,1,422,0,5,1,56,1,353,2,297,1,1.6955141237840362e-05,0.0001068779438742,8.992280263640336e-05
2020-11-02,San Francisco,075,870044.0,51,1,36,0,15,1,0,0,7,1,29,1,22,0,8.045570109097931e-06,3.333164759483429e-05,2.5286077485736355e-05
2020-11-02,San Joaquin,077,732212.0,17,0,11,0,6,0,0,0,2,0,10,0,8,0,2.731449361660284e-06,1.3657246808301422e-05,1.0925797446641135e-05
2020-11-02,San Luis Obispo,079,281455.0,6,0,2,0,4,0,0,0,4,0,5,0,1,0,1.421186335293386e-05,1.7764829191167326e-05,3.552965838233465e-06
2020-11-02,San Mateo,081,765935.0,40,0,34,0,6,0,0,0,5,0,22,0,17,0,6.5279690835384205e-06,2.872306396756905e-05,2.219509488403063e-05
2020-11-02,Santa Barbara,083,443738.0,4,0,4,0,0,0,0,0,2,0,3,0,1,0,4.507164137396392e-06,6.760746206094587e-06,2.253582068698196e-06
2020-11-02,Santa Clara,085,1922200.0,144,0,135,0,9,0,0,0,11,0,79,0,68,0,5.722609509936531e-06,4.1098741025907816e-05,3.5376131515971285e-05
2020-11-02,Santa Cruz,087,273765.0,5,0,4,0,1,0,0,0,1,0,3,0,2,0,3.652767884864756e-06,1.095830365459427e-05,7.305535769729512e-06
2020-11-02,Shasta,089,179085.0,348,3,134,3,214,0,0,0,14,0,181,0,167,3,7.817516821621018e-05,0.0010106932462238,0.0009325180780076
2020-11-02,Sierra,091,2930.0,0,0,0,0,0,0,0,0,0,0,0,0,0,0,0.0,0.0,0.0
2020-11-02,Siskiyou,093,43540.0,12,1,8,1,4,0,0,0,0,0,6,0,6,1,0.0,0.0001378043178686,0.0001378043178686
2020-11-02,Solano,095,438530.0,6,0,6,0,0,0,0,0,0,0,3,0,3,0,0.0,6.841037101224546e-06,6.841037101224546e-06
2020-11-02,Sonoma,097,501317.0,7,0,4,0,3,0,0,0,2,0,5,0,3,0,3.989491678917731e-06,9.973729197294326e-06,5.984237518376596e-06
2020-11-02,Stanislaus,099,539301.0,19,1,15,0,4,1,0,0,9,1,14,1,5,0,1.668826870337715e-05,2.5959529094142237e-05,9.271260390765084e-06
2020-11-02,Sutter,101,95872.0,2,0,0,0,2,0,0,0,0,0,1,0,1,0,0.0,1.0430574098798398e-05,1.0430574098798398e-05
2020-11-02,Tehama,103,63373.0,26,0,7,0,19,0,0,0,2,0,14,0,12,0,3.1559181354835657e-05,0.0002209142694838,0.000189355088129
2020-11-02,Trinity,105,12862.0,2,0,0,0,2,0,0,0,0,0,1,0,1,0,0.0,7.774840615767377e-05,7.774840615767377e-05
2020-11-02,Tulare,107,460477.0,5,0,2,0,3,0,0,0,3,0,4,0,1,0,6.514983375934086e-06,8.686644501245448e-06,2.171661125311362e-06
2020-11-02,Tuolumne,109,53932.0,3,0,1,0,2,0,0,0,3,0,3,0,0,0,5.562560261069495e-05,5.562560261069495e-05,0.0
2020-11-02,Ventura,111,848112.0,34,1,24,1,9,0,1,0,5,1,20,1,15,0,5.895447771049107e-06,2.3581791084196427e-05,1.768634331314732e-05
2020-11-02,Yolo,113,214977.0,61,0,41,0,20,0,0,0,3,0,32,0,29,0,1.3954981230550245e-05,0.0001488531331258,0.0001348981518953
2020-11-02,Yuba,115,75493.0,2,0,0,0,2,0,0,0,0,0,1,0,1,0,0.0,1.3246261242764227e-05,1.3246261242764227e-05
2020-11-01,Alameda,001,1643700.0,93,1,86,1,7,0,0,0,8,1,51,1,43,0,4.86706819979315e-06,3.1027559773681326e-05,2.616049157388818e-05
2020-11-01,Alpine,003,1148.0,0,0,0,0,0,0,0,0,0,0,0,0,0,0,0.0,0.0,0.0
2020-11-01,Amador,005,37829.0,0,0,0,0,0,0,0,0,0,0,0,0,0,0,0.0,0.0,0.0
2020-11-01,Butte,007,227075.0,20,0,10,0,10,0,0,0,10,0,15,0,5,0,4.403831333259936e-05,6.605746999889905e-05,2.201915666629968e-05
2020-11-01,Calaveras,009,45235.0,1,0,1,0,0,0,0,0,1,0,1,0,0,0,2.2106775726760254e-05,2.2106775726760254e-05,0.0
2020-11-01,Colusa,011,21464.0,0,0,0,0,0,0,0,0,0,0,0,0,0,0,0.0,0.0,0.0
2020-11-01,Contra Costa,013,1133247.0,118,0,109,0,9,0,0,0,7,0,63,0,56,0,6.176941125809289e-06,5.559247013228361e-05,4.941552900647432e-05
2020-11-01,Del Norte,015,27424.0,2,0,1,0,1,0,0,0,2,0,2,0,0,0,7.292882147024503e-05,7.292882147024503e-05,0.0
2020-11-01,El Dorado,017,186661.0,13,0,8,0,5,0,0,0,1,0,7,0,6,0,5.357305489630936e-06,3.750113842741655e-05,3.214383293778561e-05
2020-11-01,Fresno,019,978130.0,9,0,6,0,3,0,0,0,5,0,7,0,2,0,5.111794955680738e-06,7.156512937953033e-06,2.044717982272295e-06
2020-11-01,Glenn,021,27897.0,4,0,2,0,2,0,0,0,0,0,2,0,2,0,0.0,7.169229666272359e-05,7.169229666272359e-05
2020-11-01,Humboldt,023,135768.0,1,0,1,0,0,0,0,0,1,0,1,0,0,0,7.365505862942667e-06,7.365505862942667e-06,0.0
2020-11-01,Imperial,025,180216.0,2,0,0,0,2,0,0,0,2,0,2,0,0,0,1.109779375860079e-05,1.109779375860079e-05,0.0
2020-11-01,Inyo,027,18085.0,0,0,0,0,0,0,0,0,0,0,0,0,0,0,0.0,0.0,0.0
2020-11-01,Kern,029,883053.0,4,0,3,0,1,0,0,0,2,0,3,0,1,0,2.264869719031587e-06,3.397304578547381e-06,1.1324348595157936e-06
2020-11-01,Kings,031,150075.0,0,0,0,0,0,0,0,0,0,0,0,0,0,0,0.0,0.0,0.0
2020-11-01,Lake,033,64148.0,0,0,0,0,0,0,0,0,0,0,0,0,0,0,0.0,0.0,0.0
2020-11-01,Lassen,035,31185.0,2,0,0,0,2,0,0,0,0,0,1,0,1,0,0.0,3.20666987333654e-05,3.20666987333654e-05
2020-11-01,Los Angeles,037,10098052.0,778,11,640,5,116,2,22,4,122,7,462,11,340,4,1.2081538102596422e-05,4.575139838852087e-05,3.3669860285924453e-05
2020-11-01,Madera,039,155013.0,4,0,3,0,0,0,1,0,1,0,2,0,1,0,6.451071845587144e-06,1.2902143691174288e-05,6.451071845587144e-06
2020-11-01,Marin,041,260295.0,10,1,10,1,0,0,0,0,2,1,6,1,4,0,7.683589773142011e-06,2.305076931942604e-05,1.5367179546284023e-05
2020-11-01,Mariposa,043,17540.0,2,0,2,0,0,0,0,0,2,0,2,0,0,0,0.0001140250855188,0.0001140250855188,0.0
2020-11-01,Mendocino,045,87422.0,1,0,0,0,1,0,0,0,1,0,1,0,0,0,1.1438768273432316e-05,1.1438768273432316e-05,0.0
2020-11-01,Merced,047,269075.0,5,0,5,0,0,0,0,0,1,0,3,0,2,0,3.71643593793552e-06,1.114930781380656e-05,7.43287187587104e-06
2020-11-01,Modoc,049,8938.0,0,0,0,0,0,0,0,0,0,0,0,0,0,0,0.0,0.0,0.0
2020-11-01,Mono,051,14174.0,0,0,0,0,0,0,0,0,0,0,0,0,0,0,0.0,0.0,0.0
2020-11-01,Monterey,053,433212.0,4,0,0,0,4,0,0,0,4,0,4,0,0,0,9.233354570048845e-06,9.233354570048845e-06,0.0
2020-11-01,Napa,055,140530.0,1,0,1,0,0,0,0,0,1,0,1,0,0,0,7.11591830925781e-06,7.11591830925781e-06,0.0
2020-11-01,Nevada,057,99092.0,2,0,2,0,0,0,0,0,0,0,1,0,1,0,0.0,1.009163201873007e-05,1.009163201873007e-05
2020-11-01,Orange,059,3164182.0,196,10,152,6,34,1,10,3,50,7,128,10,78,3,1.5801872332248903e-05,4.045279317055719e-05,2.465092083830829e-05
2020-11-01,Placer,061,380077.0,27,0,22,0,5,0,0,0,3,0,15,0,12,0,7.893137443202299e-06,3.946568721601149e-05,3.1572549772809195e-05
2020-11-01,Plumas,063,18699.0,0,0,0,0,0,0,0,0,0,0,0,0,0,0,0.0,0.0,0.0
2020-11-01,Riverside,065,2383286.0,72,1,27,1,44,0,1,0,14,1,44,1,30,0,5.87424253740424e-06,1.846190511755618e-05,1.2587662580151942e-05
2020-11-01,Sacramento,067,1510023.0,203,0,136,0,67,0,0,0,19,0,111,0,92,0,1.2582589801612292e-05,7.350881410415602e-05,6.0926224302543735e-05
2020-11-01,San Benito,069,59416.0,0,0,0,0,0,0,0,0,0,0,0,0,0,0,0.0,0.0,0.0
2020-11-01,San Bernardino,071,2135413.0,31,1,9,0,22,1,0,0,9,1,20,1,11,0,4.214641383189107e-06,9.365869740420235e-06,5.15122835723113e-06
2020-11-01,San Diego,073,3302833.0,651,5,225,1,422,3,4,1,55,2,351,3,296,3,1.6652370858593214e-05,0.0001062724031157,8.96200322571562e-05
2020-11-01,San Francisco,075,870044.0,50,0,36,0,14,0,0,0,6,0,28,0,22,0,6.896202950655369e-06,3.2182280436391724e-05,2.5286077485736355e-05
2020-11-01,San Joaquin,077,732212.0,17,0,11,0,6,0,0,0,2,0,10,0,8,0,2.731449361660284e-06,1.3657246808301422e-05,1.0925797446641135e-05
2020-11-01,San Luis Obispo,079,281455.0,6,0,2,0,4,0,0,0,4,0,5,0,1,0,1.421186335293386e-05,1.7764829191167326e-05,3.552965838233465e-06
2020-11-01,San Mateo,081,765935.0,40,1,34,1,6,0,0,0,5,1,22,1,17,0,6.5279690835384205e-06,2.872306396756905e-05,2.219509488403063e-05
2020-11-01,Santa Barbara,083,443738.0,4,0,4,0,0,0,0,0,2,0,3,0,1,0,4.507164137396392e-06,6.760746206094587e-06,2.253582068698196e-06
2020-11-01,Santa Clara,085,1922200.0,144,1,135,1,9,0,0,0,11,0,79,0,68,1,5.722609509936531e-06,4.1098741025907816e-05,3.5376131515971285e-05
2020-11-01,Santa Cruz,087,273765.0,5,0,4,0,1,0,0,0,1,0,3,0,2,0,3.652767884864756e-06,1.095830365459427e-05,7.305535769729512e-06
2020-11-01,Shasta,089,179085.0,345,0,131,0,214,0,0,0,17,0,181,0,164,0,9.492698997682664e-05,0.0010106932462238,0.000915766256247
2020-11-01,Sierra,091,2930.0,0,0,0,0,0,0,0,0,0,0,0,0,0,0,0.0,0.0,0.0
2020-11-01,Siskiyou,093,43540.0,11,0,7,0,4,0,0,0,1,0,6,0,5,0,2.296738631143776e-05,0.0001378043178686,0.0001148369315571
2020-11-01,Solano,095,438530.0,6,0,6,0,0,0,0,0,0,0,3,0,3,0,0.0,6.841037101224546e-06,6.841037101224546e-06
2020-11-01,Sonoma,097,501317.0,7,0,4,0,3,0,0,0,2,0,5,0,3,0,3.989491678917731e-06,9.973729197294326e-06,5.984237518376596e-06
2020-11-01,Stanislaus,099,539301.0,18,0,15,0,3,0,0,0,8,0,13,0,5,0,1.4834016625224132e-05,2.4105277015989212e-05,9.271260390765084e-06
2020-11-01,Sutter,101,95872.0,2,0,0,0,2,0,0,0,0,0,1,0,1,0,0.0,1.0430574098798398e-05,1.0430574098798398e-05
2020-11-01,Tehama,103,63373.0,26,0,7,0,19,0,0,0,2,0,14,0,12,0,3.1559181354835657e-05,0.0002209142694838,0.000189355088129
2020-11-01,Trinity,105,12862.0,2,0,0,0,2,0,0,0,0,0,1,0,1,0,0.0,7.774840615767377e-05,7.774840615767377e-05
2020-11-01,Tulare,107,460477.0,5,0,2,0,3,0,0,0,3,0,4,0,1,0,6.514983375934086e-06,8.686644501245448e-06,2.171661125311362e-06
2020-11-01,Tuolumne,109,53932.0,3,0,1,0,2,0,0,0,3,0,3,0,0,0,5.562560261069495e-05,5.562560261069495e-05,0.0
2020-11-01,Ventura,111,848112.0,33,2,23,1,9,1,1,0,4,1,19,1,15,1,4.7163582168392855e-06,2.2402701529986605e-05,1.768634331314732e-05
2020-11-01,Yolo,113,214977.0,61,0,41,0,20,0,0,0,3,0,32,0,29,0,1.3954981230550245e-05,0.0001488531331258,0.0001348981518953
2020-11-01,Yuba,115,75493.0,2,0,0,0,2,0,0,0,0,0,1,0,1,0,0.0,1.3246261242764227e-05,1.3246261242764227e-05
2020-10-31,Alameda,001,1643700.0,92,1,85,1,7,0,0,0,7,0,50,0,43,1,4.258684674819006e-06,3.0419176248707186e-05,2.616049157388818e-05
2020-10-31,Alpine,003,1148.0,0,0,0,0,0,0,0,0,0,0,0,0,0,0,0.0,0.0,0.0
2020-10-31,Amador,005,37829.0,0,0,0,0,0,0,0,0,0,0,0,0,0,0,0.0,0.0,0.0
2020-10-31,Butte,007,227075.0,20,0,10,0,10,0,0,0,10,0,15,0,5,0,4.403831333259936e-05,6.605746999889905e-05,2.201915666629968e-05
2020-10-31,Calaveras,009,45235.0,1,0,1,0,0,0,0,0,1,0,1,0,0,0,2.2106775726760254e-05,2.2106775726760254e-05,0.0
2020-10-31,Colusa,011,21464.0,0,0,0,0,0,0,0,0,0,0,0,0,0,0,0.0,0.0,0.0
2020-10-31,Contra Costa,013,1133247.0,118,1,109,0,9,1,0,0,7,1,63,1,56,0,6.176941125809289e-06,5.559247013228361e-05,4.941552900647432e-05
2020-10-31,Del Norte,015,27424.0,2,0,1,0,1,0,0,0,2,0,2,0,0,0,7.292882147024503e-05,7.292882147024503e-05,0.0
2020-10-31,El Dorado,017,186661.0,13,0,8,0,5,0,0,0,1,0,7,0,6,0,5.357305489630936e-06,3.750113842741655e-05,3.214383293778561e-05
2020-10-31,Fresno,019,978130.0,9,0,6,0,3,0,0,0,5,0,7,0,2,0,5.111794955680738e-06,7.156512937953033e-06,2.044717982272295e-06
2020-10-31,Glenn,021,27897.0,4,0,2,0,2,0,0,0,0,0,2,0,2,0,0.0,7.169229666272359e-05,7.169229666272359e-05
2020-10-31,Humboldt,023,135768.0,1,0,1,0,0,0,0,0,1,0,1,0,0,0,7.365505862942667e-06,7.365505862942667e-06,0.0
2020-10-31,Imperial,025,180216.0,2,0,0,0,2,0,0,0,2,0,2,0,0,0,1.109779375860079e-05,1.109779375860079e-05,0.0
2020-10-31,Inyo,027,18085.0,0,0,0,0,0,0,0,0,0,0,0,0,0,0,0.0,0.0,0.0
2020-10-31,Kern,029,883053.0,4,0,3,0,1,0,0,0,2,0,3,0,1,0,2.264869719031587e-06,3.397304578547381e-06,1.1324348595157936e-06
2020-10-31,Kings,031,150075.0,0,0,0,0,0,0,0,0,0,0,0,0,0,0,0.0,0.0,0.0
2020-10-31,Lake,033,64148.0,0,0,0,0,0,0,0,0,0,0,0,0,0,0,0.0,0.0,0.0
2020-10-31,Lassen,035,31185.0,2,0,0,0,2,0,0,0,0,0,1,0,1,0,0.0,3.20666987333654e-05,3.20666987333654e-05
2020-10-31,Los Angeles,037,10098052.0,767,6,635,1,114,0,18,5,115,1,451,6,336,5,1.138833509670974e-05,4.4662079379270376e-05,3.327374428256064e-05
2020-10-31,Madera,039,155013.0,4,0,3,0,0,0,1,0,1,0,2,0,1,0,6.451071845587144e-06,1.2902143691174288e-05,6.451071845587144e-06
2020-10-31,Marin,041,260295.0,9,0,9,0,0,0,0,0,1,0,5,0,4,0,3.841794886571006e-06,1.920897443285503e-05,1.5367179546284023e-05
2020-10-31,Mariposa,043,17540.0,2,0,2,0,0,0,0,0,2,0,2,0,0,0,0.0001140250855188,0.0001140250855188,0.0
2020-10-31,Mendocino,045,87422.0,1,0,0,0,1,0,0,0,1,0,1,0,0,0,1.1438768273432316e-05,1.1438768273432316e-05,0.0
2020-10-31,Merced,047,269075.0,5,0,5,0,0,0,0,0,1,0,3,0,2,0,3.71643593793552e-06,1.114930781380656e-05,7.43287187587104e-06
2020-10-31,Modoc,049,8938.0,0,0,0,0,0,0,0,0,0,0,0,0,0,0,0.0,0.0,0.0
2020-10-31,Mono,051,14174.0,0,0,0,0,0,0,0,0,0,0,0,0,0,0,0.0,0.0,0.0
2020-10-31,Monterey,053,433212.0,4,0,0,0,4,0,0,0,4,0,4,0,0,0,9.233354570048845e-06,9.233354570048845e-06,0.0
2020-10-31,Napa,055,140530.0,1,0,1,0,0,0,0,0,1,0,1,0,0,0,7.11591830925781e-06,7.11591830925781e-06,0.0
2020-10-31,Nevada,057,99092.0,2,0,2,0,0,0,0,0,0,0,1,0,1,0,0.0,1.009163201873007e-05,1.009163201873007e-05
2020-10-31,Orange,059,3164182.0,186,0,146,0,33,0,7,0,43,0,118,0,75,0,1.3589610205734056e-05,3.729241870410741e-05,2.3702808498373357e-05
2020-10-31,Placer,061,380077.0,27,0,22,0,5,0,0,0,3,0,15,0,12,0,7.893137443202299e-06,3.946568721601149e-05,3.1572549772809195e-05
2020-10-31,Plumas,063,18699.0,0,0,0,0,0,0,0,0,0,0,0,0,0,0,0.0,0.0,0.0
2020-10-31,Riverside,065,2383286.0,71,0,26,0,44,0,1,0,13,0,43,0,30,0,5.454653784732508e-06,1.804231636488445e-05,1.2587662580151942e-05
2020-10-31,Sacramento,067,1510023.0,203,0,136,0,67,0,0,0,19,0,111,0,92,0,1.2582589801612292e-05,7.350881410415602e-05,6.0926224302543735e-05
2020-10-31,San Benito,069,59416.0,0,0,0,0,0,0,0,0,0,0,0,0,0,0,0.0,0.0,0.0
2020-10-31,San Bernardino,071,2135413.0,30,0,9,0,21,0,0,0,8,0,19,0,11,0,3.746347896168095e-06,8.897576253399226e-06,5.15122835723113e-06
2020-10-31,San Diego,073,3302833.0,646,0,224,0,419,0,3,0,55,0,348,0,293,0,1.6652370858593214e-05,0.000105364091978,8.871172111941476e-05
2020-10-31,San Francisco,075,870044.0,50,1,36,0,14,1,0,0,6,1,28,1,22,0,6.896202950655369e-06,3.2182280436391724e-05,2.5286077485736355e-05
2020-10-31,San Joaquin,077,732212.0,17,0,11,0,6,0,0,0,2,0,10,0,8,0,2.731449361660284e-06,1.3657246808301422e-05,1.0925797446641135e-05
2020-10-31,San Luis Obispo,079,281455.0,6,0,2,0,4,0,0,0,4,0,5,0,1,0,1.421186335293386e-05,1.7764829191167326e-05,3.552965838233465e-06
2020-10-31,San Mateo,081,765935.0,39,0,33,0,6,0,0,0,4,0,21,0,17,0,5.222375266830736e-06,2.7417470150861366e-05,2.219509488403063e-05
2020-10-31,Santa Barbara,083,443738.0,4,0,4,0,0,0,0,0,2,0,3,0,1,0,4.507164137396392e-06,6.760746206094587e-06,2.253582068698196e-06
2020-10-31,Santa Clara,085,1922200.0,143,0,134,0,9,0,0,0,12,0,79,0,67,0,6.24284673811258e-06,4.1098741025907816e-05,3.485589428779524e-05
2020-10-31,Santa Cruz,087,273765.0,5,0,4,0,1,0,0,0,1,0,3,0,2,0,3.652767884864756e-06,1.095830365459427e-05,7.305535769729512e-06
2020-10-31,Shasta,089,179085.0,345,0,131,0,214,0,0,0,17,0,181,0,164,0,9.492698997682664e-05,0.0010106932462238,0.000915766256247
2020-10-31,Sierra,091,2930.0,0,0,0,0,0,0,0,0,0,0,0,0,0,0,0.0,0.0,0.0
2020-10-31,Siskiyou,093,43540.0,11,0,7,0,4,0,0,0,1,0,6,0,5,0,2.296738631143776e-05,0.0001378043178686,0.0001148369315571
2020-10-31,Solano,095,438530.0,6,0,6,0,0,0,0,0,0,0,3,0,3,0,0.0,6.841037101224546e-06,6.841037101224546e-06
2020-10-31,Sonoma,097,501317.0,7,0,4,0,3,0,0,0,2,0,5,0,3,0,3.989491678917731e-06,9.973729197294326e-06,5.984237518376596e-06
2020-10-31,Stanislaus,099,539301.0,18,0,15,0,3,0,0,0,8,0,13,0,5,0,1.4834016625224132e-05,2.4105277015989212e-05,9.271260390765084e-06
2020-10-31,Sutter,101,95872.0,2,0,0,0,2,0,0,0,0,0,1,0,1,0,0.0,1.0430574098798398e-05,1.0430574098798398e-05
2020-10-31,Tehama,103,63373.0,26,0,7,0,19,0,0,0,2,0,14,0,12,0,3.1559181354835657e-05,0.0002209142694838,0.000189355088129
2020-10-31,Trinity,105,12862.0,2,0,0,0,2,0,0,0,0,0,1,0,1,0,0.0,7.774840615767377e-05,7.774840615767377e-05
2020-10-31,Tulare,107,460477.0,5,0,2,0,3,0,0,0,3,0,4,0,1,0,6.514983375934086e-06,8.686644501245448e-06,2.171661125311362e-06
2020-10-31,Tuolumne,109,53932.0,3,0,1,0,2,0,0,0,3,0,3,0,0,0,5.562560261069495e-05,5.562560261069495e-05,0.0
2020-10-31,Ventura,111,848112.0,31,0,22,0,8,0,1,0,4,0,18,0,14,0,4.7163582168392855e-06,2.1223611975776783e-05,1.6507253758937497e-05
2020-10-31,Yolo,113,214977.0,61,0,41,0,20,0,0,0,3,0,32,0,29,0,1.3954981230550245e-05,0.0001488531331258,0.0001348981518953
2020-10-31,Yuba,115,75493.0,2,0,0,0,2,0,0,0,0,0,1,0,1,0,0.0,1.3246261242764227e-05,1.3246261242764227e-05
2020-10-30,Alameda,001,1643700.0,91,0,84,0,7,0,0,0,8,0,50,0,42,0,4.86706819979315e-06,3.0419176248707186e-05,2.555210804891404e-05
2020-10-30,Alpine,003,1148.0,0,0,0,0,0,0,0,0,0,0,0,0,0,0,0.0,0.0,0.0
2020-10-30,Amador,005,37829.0,0,0,0,0,0,0,0,0,0,0,0,0,0,0,0.0,0.0,0.0
2020-10-30,Butte,007,227075.0,20,0,10,0,10,0,0,0,10,0,15,0,5,0,4.403831333259936e-05,6.605746999889905e-05,2.201915666629968e-05
2020-10-30,Calaveras,009,45235.0,1,0,1,0,0,0,0,0,1,0,1,0,0,0,2.2106775726760254e-05,2.2106775726760254e-05,0.0
2020-10-30,Colusa,011,21464.0,0,0,0,0,0,0,0,0,0,0,0,0,0,0,0.0,0.0,0.0
2020-10-30,Contra Costa,013,1133247.0,117,0,109,0,8,0,0,0,6,0,62,0,56,0,5.294520964979391e-06,5.471004997145371e-05,4.941552900647432e-05
2020-10-30,Del Norte,015,27424.0,2,0,1,0,1,0,0,0,2,0,2,0,0,0,7.292882147024503e-05,7.292882147024503e-05,0.0
2020-10-30,El Dorado,017,186661.0,13,0,8,0,5,0,0,0,1,0,7,0,6,0,5.357305489630936e-06,3.750113842741655e-05,3.214383293778561e-05
2020-10-30,Fresno,019,978130.0,9,0,6,0,3,0,0,0,5,0,7,0,2,0,5.111794955680738e-06,7.156512937953033e-06,2.044717982272295e-06
2020-10-30,Glenn,021,27897.0,4,0,2,0,2,0,0,0,0,0,2,0,2,0,0.0,7.169229666272359e-05,7.169229666272359e-05
2020-10-30,Humboldt,023,135768.0,1,0,1,0,0,0,0,0,1,0,1,0,0,0,7.365505862942667e-06,7.365505862942667e-06,0.0
2020-10-30,Imperial,025,180216.0,2,0,0,0,2,0,0,0,2,0,2,0,0,0,1.109779375860079e-05,1.109779375860079e-05,0.0
2020-10-30,Inyo,027,18085.0,0,0,0,0,0,0,0,0,0,0,0,0,0,0,0.0,0.0,0.0
2020-10-30,Kern,029,883053.0,4,0,3,0,1,0,0,0,2,0,3,0,1,0,2.264869719031587e-06,3.397304578547381e-06,1.1324348595157936e-06
2020-10-30,Kings,031,150075.0,0,0,0,0,0,0,0,0,0,0,0,0,0,0,0.0,0.0,0.0
2020-10-30,Lake,033,64148.0,0,0,0,0,0,0,0,0,0,0,0,0,0,0,0.0,0.0,0.0
2020-10-30,Lassen,035,31185.0,2,0,0,0,2,0,0,0,0,0,1,0,1,0,0.0,3.20666987333654e-05,3.20666987333654e-05
2020-10-30,Los Angeles,037,10098052.0,761,1,634,1,114,0,13,0,114,1,445,1,331,0,1.1289306095868788e-05,4.406790537422465e-05,3.2778599278355866e-05
2020-10-30,Madera,039,155013.0,4,0,3,0,0,0,1,0,1,0,2,0,1,0,6.451071845587144e-06,1.2902143691174288e-05,6.451071845587144e-06
2020-10-30,Marin,041,260295.0,9,0,9,0,0,0,0,0,1,0,5,0,4,0,3.841794886571006e-06,1.920897443285503e-05,1.5367179546284023e-05
2020-10-30,Mariposa,043,17540.0,2,0,2,0,0,0,0,0,2,0,2,0,0,0,0.0001140250855188,0.0001140250855188,0.0
2020-10-30,Mendocino,045,87422.0,1,0,0,0,1,0,0,0,1,0,1,0,0,0,1.1438768273432316e-05,1.1438768273432316e-05,0.0
2020-10-30,Merced,047,269075.0,5,0,5,0,0,0,0,0,1,0,3,0,2,0,3.71643593793552e-06,1.114930781380656e-05,7.43287187587104e-06
2020-10-30,Modoc,049,8938.0,0,0,0,0,0,0,0,0,0,0,0,0,0,0,0.0,0.0,0.0
2020-10-30,Mono,051,14174.0,0,0,0,0,0,0,0,0,0,0,0,0,0,0,0.0,0.0,0.0
2020-10-30,Monterey,053,433212.0,4,0,0,0,4,0,0,0,4,0,4,0,0,0,9.233354570048845e-06,9.233354570048845e-06,0.0
2020-10-30,Napa,055,140530.0,1,0,1,0,0,0,0,0,1,0,1,0,0,0,7.11591830925781e-06,7.11591830925781e-06,0.0
2020-10-30,Nevada,057,99092.0,2,0,2,0,0,0,0,0,0,0,1,0,1,0,0.0,1.009163201873007e-05,1.009163201873007e-05
2020-10-30,Orange,059,3164182.0,186,1,146,0,33,0,7,1,43,0,118,1,75,1,1.3589610205734056e-05,3.729241870410741e-05,2.3702808498373357e-05
2020-10-30,Placer,061,380077.0,27,0,22,0,5,0,0,0,3,0,15,0,12,0,7.893137443202299e-06,3.946568721601149e-05,3.1572549772809195e-05
2020-10-30,Plumas,063,18699.0,0,0,0,0,0,0,0,0,0,0,0,0,0,0,0.0,0.0,0.0
2020-10-30,Riverside,065,2383286.0,71,0,26,0,44,0,1,0,13,0,43,0,30,0,5.454653784732508e-06,1.804231636488445e-05,1.2587662580151942e-05
2020-10-30,Sacramento,067,1510023.0,203,0,136,0,67,0,0,0,19,0,111,0,92,0,1.2582589801612292e-05,7.350881410415602e-05,6.0926224302543735e-05
2020-10-30,San Benito,069,59416.0,0,0,0,0,0,0,0,0,0,0,0,0,0,0,0.0,0.0,0.0
2020-10-30,San Bernardino,071,2135413.0,30,0,9,0,21,0,0,0,8,0,19,0,11,0,3.746347896168095e-06,8.897576253399226e-06,5.15122835723113e-06
2020-10-30,San Diego,073,3302833.0,646,5,224,2,419,3,3,0,55,1,348,1,293,4,1.6652370858593214e-05,0.000105364091978,8.871172111941476e-05
2020-10-30,San Francisco,075,870044.0,49,0,36,0,13,0,0,0,5,0,27,0,22,0,5.746835792212808e-06,3.103291327794916e-05,2.5286077485736355e-05
2020-10-30,San Joaquin,077,732212.0,17,0,11,0,6,0,0,0,2,0,10,0,8,0,2.731449361660284e-06,1.3657246808301422e-05,1.0925797446641135e-05
2020-10-30,San Luis Obispo,079,281455.0,6,0,2,0,4,0,0,0,4,0,5,0,1,0,1.421186335293386e-05,1.7764829191167326e-05,3.552965838233465e-06
2020-10-30,San Mateo,081,765935.0,39,0,33,0,6,0,0,0,4,0,21,0,17,0,5.222375266830736e-06,2.7417470150861366e-05,2.219509488403063e-05
2020-10-30,Santa Barbara,083,443738.0,4,0,4,0,0,0,0,0,2,0,3,0,1,0,4.507164137396392e-06,6.760746206094587e-06,2.253582068698196e-06
2020-10-30,Santa Clara,085,1922200.0,143,2,134,2,9,0,0,0,12,2,79,2,67,0,6.24284673811258e-06,4.1098741025907816e-05,3.485589428779524e-05
2020-10-30,Santa Cruz,087,273765.0,5,0,4,0,1,0,0,0,1,0,3,0,2,0,3.652767884864756e-06,1.095830365459427e-05,7.305535769729512e-06
2020-10-30,Shasta,089,179085.0,345,3,131,3,214,0,0,0,17,0,181,0,164,3,9.492698997682664e-05,0.0010106932462238,0.000915766256247
2020-10-30,Sierra,091,2930.0,0,0,0,0,0,0,0,0,0,0,0,0,0,0,0.0,0.0,0.0
2020-10-30,Siskiyou,093,43540.0,11,0,7,0,4,0,0,0,1,0,6,0,5,0,2.296738631143776e-05,0.0001378043178686,0.0001148369315571
2020-10-30,Solano,095,438530.0,6,0,6,0,0,0,0,0,0,0,3,0,3,0,0.0,6.841037101224546e-06,6.841037101224546e-06
2020-10-30,Sonoma,097,501317.0,7,0,4,0,3,0,0,0,2,0,5,0,3,0,3.989491678917731e-06,9.973729197294326e-06,5.984237518376596e-06
2020-10-30,Stanislaus,099,539301.0,18,0,15,0,3,0,0,0,8,0,13,0,5,0,1.4834016625224132e-05,2.4105277015989212e-05,9.271260390765084e-06
2020-10-30,Sutter,101,95872.0,2,0,0,0,2,0,0,0,0,0,1,0,1,0,0.0,1.0430574098798398e-05,1.0430574098798398e-05
2020-10-30,Tehama,103,63373.0,26,0,7,0,19,0,0,0,2,0,14,0,12,0,3.1559181354835657e-05,0.0002209142694838,0.000189355088129
2020-10-30,Trinity,105,12862.0,2,0,0,0,2,0,0,0,0,0,1,0,1,0,0.0,7.774840615767377e-05,7.774840615767377e-05
2020-10-30,Tulare,107,460477.0,5,0,2,0,3,0,0,0,3,0,4,0,1,0,6.514983375934086e-06,8.686644501245448e-06,2.171661125311362e-06
2020-10-30,Tuolumne,109,53932.0,3,1,1,0,2,1,0,0,3,1,3,1,0,0,5.562560261069495e-05,5.562560261069495e-05,0.0
2020-10-30,Ventura,111,848112.0,31,0,22,0,8,0,1,0,4,0,18,0,14,0,4.7163582168392855e-06,2.1223611975776783e-05,1.6507253758937497e-05
2020-10-30,Yolo,113,214977.0,61,0,41,0,20,0,0,0,3,0,32,0,29,0,1.3954981230550245e-05,0.0001488531331258,0.0001348981518953
2020-10-30,Yuba,115,75493.0,2,0,0,0,2,0,0,0,0,0,1,0,1,0,0.0,1.3246261242764227e-05,1.3246261242764227e-05
2020-10-29,Alameda,001,1643700.0,91,1,84,1,7,0,0,0,8,1,50,1,42,0,4.86706819979315e-06,3.0419176248707186e-05,2.555210804891404e-05
2020-10-29,Alpine,003,1148.0,0,0,0,0,0,0,0,0,0,0,0,0,0,0,0.0,0.0,0.0
2020-10-29,Amador,005,37829.0,0,0,0,0,0,0,0,0,0,0,0,0,0,0,0.0,0.0,0.0
2020-10-29,Butte,007,227075.0,20,0,10,0,10,0,0,0,10,0,15,0,5,0,4.403831333259936e-05,6.605746999889905e-05,2.201915666629968e-05
2020-10-29,Calaveras,009,45235.0,1,0,1,0,0,0,0,0,1,0,1,0,0,0,2.2106775726760254e-05,2.2106775726760254e-05,0.0
2020-10-29,Colusa,011,21464.0,0,0,0,0,0,0,0,0,0,0,0,0,0,0,0.0,0.0,0.0
2020-10-29,Contra Costa,013,1133247.0,117,0,109,0,8,0,0,0,6,0,62,0,56,0,5.294520964979391e-06,5.471004997145371e-05,4.941552900647432e-05
2020-10-29,Del Norte,015,27424.0,2,0,1,0,1,0,0,0,2,0,2,0,0,0,7.292882147024503e-05,7.292882147024503e-05,0.0
2020-10-29,El Dorado,017,186661.0,13,1,8,0,5,1,0,0,1,1,7,1,6,0,5.357305489630936e-06,3.750113842741655e-05,3.214383293778561e-05
2020-10-29,Fresno,019,978130.0,9,0,6,0,3,0,0,0,5,0,7,0,2,0,5.111794955680738e-06,7.156512937953033e-06,2.044717982272295e-06
2020-10-29,Glenn,021,27897.0,4,0,2,0,2,0,0,0,0,0,2,0,2,0,0.0,7.169229666272359e-05,7.169229666272359e-05
2020-10-29,Humboldt,023,135768.0,1,0,1,0,0,0,0,0,1,0,1,0,0,0,7.365505862942667e-06,7.365505862942667e-06,0.0
2020-10-29,Imperial,025,180216.0,2,0,0,0,2,0,0,0,2,0,2,0,0,0,1.109779375860079e-05,1.109779375860079e-05,0.0
2020-10-29,Inyo,027,18085.0,0,0,0,0,0,0,0,0,0,0,0,0,0,0,0.0,0.0,0.0
2020-10-29,Kern,029,883053.0,4,0,3,0,1,0,0,0,2,0,3,0,1,0,2.264869719031587e-06,3.397304578547381e-06,1.1324348595157936e-06
2020-10-29,Kings,031,150075.0,0,0,0,0,0,0,0,0,0,0,0,0,0,0,0.0,0.0,0.0
2020-10-29,Lake,033,64148.0,0,0,0,0,0,0,0,0,0,0,0,0,0,0,0.0,0.0,0.0
2020-10-29,Lassen,035,31185.0,2,0,0,0,2,0,0,0,0,0,1,0,1,0,0.0,3.20666987333654e-05,3.20666987333654e-05
2020-10-29,Los Angeles,037,10098052.0,760,2,633,1,114,1,13,0,113,0,444,0,331,2,1.1190277095027833e-05,4.3968876373383696e-05,3.2778599278355866e-05
2020-10-29,Madera,039,155013.0,4,0,3,0,0,0,1,0,1,0,2,0,1,0,6.451071845587144e-06,1.2902143691174288e-05,6.451071845587144e-06
2020-10-29,Marin,041,260295.0,9,0,9,0,0,0,0,0,1,0,5,0,4,0,3.841794886571006e-06,1.920897443285503e-05,1.5367179546284023e-05
2020-10-29,Mariposa,043,17540.0,2,0,2,0,0,0,0,0,2,0,2,0,0,0,0.0001140250855188,0.0001140250855188,0.0
2020-10-29,Mendocino,045,87422.0,1,0,0,0,1,0,0,0,1,0,1,0,0,0,1.1438768273432316e-05,1.1438768273432316e-05,0.0
2020-10-29,Merced,047,269075.0,5,0,5,0,0,0,0,0,1,0,3,0,2,0,3.71643593793552e-06,1.114930781380656e-05,7.43287187587104e-06
2020-10-29,Modoc,049,8938.0,0,0,0,0,0,0,0,0,0,0,0,0,0,0,0.0,0.0,0.0
2020-10-29,Mono,051,14174.0,0,0,0,0,0,0,0,0,0,0,0,0,0,0,0.0,0.0,0.0
2020-10-29,Monterey,053,433212.0,4,0,0,0,4,0,0,0,4,0,4,0,0,0,9.233354570048845e-06,9.233354570048845e-06,0.0
2020-10-29,Napa,055,140530.0,1,0,1,0,0,0,0,0,1,0,1,0,0,0,7.11591830925781e-06,7.11591830925781e-06,0.0
2020-10-29,Nevada,057,99092.0,2,0,2,0,0,0,0,0,0,0,1,0,1,0,0.0,1.009163201873007e-05,1.009163201873007e-05
2020-10-29,Orange,059,3164182.0,185,1,146,0,33,0,6,1,43,0,117,1,74,1,1.3589610205734056e-05,3.697638125746244e-05,2.338677105172838e-05
2020-10-29,Placer,061,380077.0,27,0,22,0,5,0,0,0,3,0,15,0,12,0,7.893137443202299e-06,3.946568721601149e-05,3.1572549772809195e-05
2020-10-29,Plumas,063,18699.0,0,0,0,0,0,0,0,0,0,0,0,0,0,0,0.0,0.0,0.0
2020-10-29,Riverside,065,2383286.0,71,0,26,0,44,0,1,0,13,0,43,0,30,0,5.454653784732508e-06,1.804231636488445e-05,1.2587662580151942e-05
2020-10-29,Sacramento,067,1510023.0,203,0,136,0,67,0,0,0,19,0,111,0,92,0,1.2582589801612292e-05,7.350881410415602e-05,6.0926224302543735e-05
2020-10-29,San Benito,069,59416.0,0,0,0,0,0,0,0,0,0,0,0,0,0,0,0.0,0.0,0.0
2020-10-29,San Bernardino,071,2135413.0,30,0,9,0,21,0,0,0,8,0,19,0,11,0,3.746347896168095e-06,8.897576253399226e-06,5.15122835723113e-06
2020-10-29,San Diego,073,3302833.0,641,4,222,3,416,1,3,0,58,2,347,2,289,2,1.756068199633466e-05,0.0001050613215987,8.750063960242616e-05
2020-10-29,San Francisco,075,870044.0,49,0,36,0,13,0,0,0,5,0,27,0,22,0,5.746835792212808e-06,3.103291327794916e-05,2.5286077485736355e-05
2020-10-29,San Joaquin,077,732212.0,17,0,11,0,6,0,0,0,2,0,10,0,8,0,2.731449361660284e-06,1.3657246808301422e-05,1.0925797446641135e-05
2020-10-29,San Luis Obispo,079,281455.0,6,1,2,1,4,0,0,0,4,1,5,1,1,0,1.421186335293386e-05,1.7764829191167326e-05,3.552965838233465e-06
2020-10-29,San Mateo,081,765935.0,39,0,33,0,6,0,0,0,4,0,21,0,17,0,5.222375266830736e-06,2.7417470150861366e-05,2.219509488403063e-05
2020-10-29,Santa Barbara,083,443738.0,4,0,4,0,0,0,0,0,2,0,3,0,1,0,4.507164137396392e-06,6.760746206094587e-06,2.253582068698196e-06
2020-10-29,Santa Clara,085,1922200.0,141,2,132,2,9,0,0,0,10,2,77,2,67,0,5.202372281760482e-06,4.005826656955572e-05,3.485589428779524e-05
2020-10-29,Santa Cruz,087,273765.0,5,0,4,0,1,0,0,0,1,0,3,0,2,0,3.652767884864756e-06,1.095830365459427e-05,7.305535769729512e-06
2020-10-29,Shasta,089,179085.0,342,0,128,0,214,0,0,0,20,0,181,0,161,0,0.0001116788117374,0.0010106932462238,0.0008990144344864
2020-10-29,Sierra,091,2930.0,0,0,0,0,0,0,0,0,0,0,0,0,0,0,0.0,0.0,0.0
2020-10-29,Siskiyou,093,43540.0,11,0,7,0,4,0,0,0,1,0,6,0,5,0,2.296738631143776e-05,0.0001378043178686,0.0001148369315571
2020-10-29,Solano,095,438530.0,6,0,6,0,0,0,0,0,0,0,3,0,3,0,0.0,6.841037101224546e-06,6.841037101224546e-06
2020-10-29,Sonoma,097,501317.0,7,0,4,0,3,0,0,0,2,0,5,0,3,0,3.989491678917731e-06,9.973729197294326e-06,5.984237518376596e-06
2020-10-29,Stanislaus,099,539301.0,18,0,15,0,3,0,0,0,8,0,13,0,5,0,1.4834016625224132e-05,2.4105277015989212e-05,9.271260390765084e-06
2020-10-29,Sutter,101,95872.0,2,0,0,0,2,0,0,0,0,0,1,0,1,0,0.0,1.0430574098798398e-05,1.0430574098798398e-05
2020-10-29,Tehama,103,63373.0,26,0,7,0,19,0,0,0,2,0,14,0,12,0,3.1559181354835657e-05,0.0002209142694838,0.000189355088129
2020-10-29,Trinity,105,12862.0,2,0,0,0,2,0,0,0,0,0,1,0,1,0,0.0,7.774840615767377e-05,7.774840615767377e-05
2020-10-29,Tulare,107,460477.0,5,1,2,0,3,1,0,0,3,1,4,1,1,0,6.514983375934086e-06,8.686644501245448e-06,2.171661125311362e-06
2020-10-29,Tuolumne,109,53932.0,2,0,1,0,1,0,0,0,2,0,2,0,0,0,3.708373507379664e-05,3.708373507379664e-05,0.0
2020-10-29,Ventura,111,848112.0,31,0,22,0,8,0,1,0,4,0,18,0,14,0,4.7163582168392855e-06,2.1223611975776783e-05,1.6507253758937497e-05
2020-10-29,Yolo,113,214977.0,61,0,41,0,20,0,0,0,3,0,32,0,29,0,1.3954981230550245e-05,0.0001488531331258,0.0001348981518953
2020-10-29,Yuba,115,75493.0,2,0,0,0,2,0,0,0,0,0,1,0,1,0,0.0,1.3246261242764227e-05,1.3246261242764227e-05
2020-10-28,Alameda,001,1643700.0,90,0,83,0,7,0,0,0,7,0,49,0,42,0,4.258684674819006e-06,2.981079272373304e-05,2.555210804891404e-05
2020-10-28,Alpine,003,1148.0,0,0,0,0,0,0,0,0,0,0,0,0,0,0,0.0,0.0,0.0
2020-10-28,Amador,005,37829.0,0,0,0,0,0,0,0,0,0,0,0,0,0,0,0.0,0.0,0.0
2020-10-28,Butte,007,227075.0,20,0,10,0,10,0,0,0,10,0,15,0,5,0,4.403831333259936e-05,6.605746999889905e-05,2.201915666629968e-05
2020-10-28,Calaveras,009,45235.0,1,0,1,0,0,0,0,0,1,0,1,0,0,0,2.2106775726760254e-05,2.2106775726760254e-05,0.0
2020-10-28,Colusa,011,21464.0,0,0,0,0,0,0,0,0,0,0,0,0,0,0,0.0,0.0,0.0
2020-10-28,Contra Costa,013,1133247.0,117,0,109,0,8,0,0,0,6,0,62,0,56,0,5.294520964979391e-06,5.471004997145371e-05,4.941552900647432e-05
2020-10-28,Del Norte,015,27424.0,2,0,1,0,1,0,0,0,2,0,2,0,0,0,7.292882147024503e-05,7.292882147024503e-05,0.0
2020-10-28,El Dorado,017,186661.0,12,0,8,0,4,0,0,0,0,0,6,0,6,0,0.0,3.214383293778561e-05,3.214383293778561e-05
2020-10-28,Fresno,019,978130.0,9,0,6,0,3,0,0,0,5,0,7,0,2,0,5.111794955680738e-06,7.156512937953033e-06,2.044717982272295e-06
2020-10-28,Glenn,021,27897.0,4,0,2,0,2,0,0,0,0,0,2,0,2,0,0.0,7.169229666272359e-05,7.169229666272359e-05
2020-10-28,Humboldt,023,135768.0,1,0,1,0,0,0,0,0,1,0,1,0,0,0,7.365505862942667e-06,7.365505862942667e-06,0.0
2020-10-28,Imperial,025,180216.0,2,0,0,0,2,0,0,0,2,0,2,0,0,0,1.109779375860079e-05,1.109779375860079e-05,0.0
2020-10-28,Inyo,027,18085.0,0,0,0,0,0,0,0,0,0,0,0,0,0,0,0.0,0.0,0.0
2020-10-28,Kern,029,883053.0,4,0,3,0,1,0,0,0,2,0,3,0,1,0,2.264869719031587e-06,3.397304578547381e-06,1.1324348595157936e-06
2020-10-28,Kings,031,150075.0,0,0,0,0,0,0,0,0,0,0,0,0,0,0,0.0,0.0,0.0
2020-10-28,Lake,033,64148.0,0,0,0,0,0,0,0,0,0,0,0,0,0,0,0.0,0.0,0.0
2020-10-28,Lassen,035,31185.0,2,0,0,0,2,0,0,0,0,0,1,0,1,0,0.0,3.20666987333654e-05,3.20666987333654e-05
2020-10-28,Los Angeles,037,10098052.0,758,5,632,0,113,5,13,0,115,4,444,5,329,1,1.138833509670974e-05,4.3968876373383696e-05,3.258054127667396e-05
2020-10-28,Madera,039,155013.0,4,0,3,0,0,0,1,0,1,0,2,0,1,0,6.451071845587144e-06,1.2902143691174288e-05,6.451071845587144e-06
2020-10-28,Marin,041,260295.0,9,0,9,0,0,0,0,0,1,0,5,0,4,0,3.841794886571006e-06,1.920897443285503e-05,1.5367179546284023e-05
2020-10-28,Mariposa,043,17540.0,2,0,2,0,0,0,0,0,2,0,2,0,0,0,0.0001140250855188,0.0001140250855188,0.0
2020-10-28,Mendocino,045,87422.0,1,0,0,0,1,0,0,0,1,0,1,0,0,0,1.1438768273432316e-05,1.1438768273432316e-05,0.0
2020-10-28,Merced,047,269075.0,5,0,5,0,0,0,0,0,1,0,3,0,2,0,3.71643593793552e-06,1.114930781380656e-05,7.43287187587104e-06
2020-10-28,Modoc,049,8938.0,0,0,0,0,0,0,0,0,0,0,0,0,0,0,0.0,0.0,0.0
2020-10-28,Mono,051,14174.0,0,0,0,0,0,0,0,0,0,0,0,0,0,0,0.0,0.0,0.0
2020-10-28,Monterey,053,433212.0,4,0,0,0,4,0,0,0,4,0,4,0,0,0,9.233354570048845e-06,9.233354570048845e-06,0.0
2020-10-28,Napa,055,140530.0,1,0,1,0,0,0,0,0,1,0,1,0,0,0,7.11591830925781e-06,7.11591830925781e-06,0.0
2020-10-28,Nevada,057,99092.0,2,0,2,0,0,0,0,0,0,0,1,0,1,0,0.0,1.009163201873007e-05,1.009163201873007e-05
2020-10-28,Orange,059,3164182.0,184,1,146,0,33,1,5,0,43,1,116,1,73,0,1.3589610205734056e-05,3.6660343810817454e-05,2.30707336050834e-05
2020-10-28,Placer,061,380077.0,27,0,22,0,5,0,0,0,3,0,15,0,12,0,7.893137443202299e-06,3.946568721601149e-05,3.1572549772809195e-05
2020-10-28,Plumas,063,18699.0,0,0,0,0,0,0,0,0,0,0,0,0,0,0,0.0,0.0,0.0
2020-10-28,Riverside,065,2383286.0,71,2,26,1,44,1,1,0,13,1,43,1,30,1,5.454653784732508e-06,1.804231636488445e-05,1.2587662580151942e-05
2020-10-28,Sacramento,067,1510023.0,203,0,136,0,67,0,0,0,19,0,111,0,92,0,1.2582589801612292e-05,7.350881410415602e-05,6.0926224302543735e-05
2020-10-28,San Benito,069,59416.0,0,0,0,0,0,0,0,0,0,0,0,0,0,0,0.0,0.0,0.0
2020-10-28,San Bernardino,071,2135413.0,30,1,9,0,21,1,0,0,8,0,19,0,11,1,3.746347896168095e-06,8.897576253399226e-06,5.15122835723113e-06
2020-10-28,San Diego,073,3302833.0,637,0,219,0,415,0,3,0,58,0,345,0,287,0,1.756068199633466e-05,0.0001044557808402,8.689509884393186e-05
2020-10-28,San Francisco,075,870044.0,49,0,36,0,13,0,0,0,5,0,27,0,22,0,5.746835792212808e-06,3.103291327794916e-05,2.5286077485736355e-05
2020-10-28,San Joaquin,077,732212.0,17,0,11,0,6,0,0,0,2,0,10,0,8,0,2.731449361660284e-06,1.3657246808301422e-05,1.0925797446641135e-05
2020-10-28,San Luis Obispo,079,281455.0,5,1,1,0,4,1,0,0,3,1,4,1,1,0,1.0658897514700396e-05,1.421186335293386e-05,3.552965838233465e-06
2020-10-28,San Mateo,081,765935.0,39,0,33,0,6,0,0,0,4,0,21,0,17,0,5.222375266830736e-06,2.7417470150861366e-05,2.219509488403063e-05
2020-10-28,Santa Barbara,083,443738.0,4,0,4,0,0,0,0,0,2,0,3,0,1,0,4.507164137396392e-06,6.760746206094587e-06,2.253582068698196e-06
2020-10-28,Santa Clara,085,1922200.0,139,0,130,0,9,0,0,0,8,0,75,0,67,0,4.161897825408386e-06,3.901779211320362e-05,3.485589428779524e-05
2020-10-28,Santa Cruz,087,273765.0,5,0,4,0,1,0,0,0,1,0,3,0,2,0,3.652767884864756e-06,1.095830365459427e-05,7.305535769729512e-06
2020-10-28,Shasta,089,179085.0,342,0,128,0,214,0,0,0,20,0,181,0,161,0,0.0001116788117374,0.0010106932462238,0.0008990144344864
2020-10-28,Sierra,091,2930.0,0,0,0,0,0,0,0,0,0,0,0,0,0,0,0.0,0.0,0.0
2020-10-28,Siskiyou,093,43540.0,11,0,7,0,4,0,0,0,1,0,6,0,5,0,2.296738631143776e-05,0.0001378043178686,0.0001148369315571
2020-10-28,Solano,095,438530.0,6,0,6,0,0,0,0,0,0,0,3,0,3,0,0.0,6.841037101224546e-06,6.841037101224546e-06
2020-10-28,Sonoma,097,501317.0,7,0,4,0,3,0,0,0,2,0,5,0,3,0,3.989491678917731e-06,9.973729197294326e-06,5.984237518376596e-06
2020-10-28,Stanislaus,099,539301.0,18,0,15,0,3,0,0,0,8,0,13,0,5,0,1.4834016625224132e-05,2.4105277015989212e-05,9.271260390765084e-06
2020-10-28,Sutter,101,95872.0,2,0,0,0,2,0,0,0,0,0,1,0,1,0,0.0,1.0430574098798398e-05,1.0430574098798398e-05
2020-10-28,Tehama,103,63373.0,26,0,7,0,19,0,0,0,2,0,14,0,12,0,3.1559181354835657e-05,0.0002209142694838,0.000189355088129
2020-10-28,Trinity,105,12862.0,2,0,0,0,2,0,0,0,0,0,1,0,1,0,0.0,7.774840615767377e-05,7.774840615767377e-05
2020-10-28,Tulare,107,460477.0,4,1,2,0,2,1,0,0,2,1,3,1,1,0,4.343322250622724e-06,6.514983375934086e-06,2.171661125311362e-06
2020-10-28,Tuolumne,109,53932.0,2,0,1,0,1,0,0,0,2,0,2,0,0,0,3.708373507379664e-05,3.708373507379664e-05,0.0
2020-10-28,Ventura,111,848112.0,31,0,22,0,8,0,1,0,4,0,18,0,14,0,4.7163582168392855e-06,2.1223611975776783e-05,1.6507253758937497e-05
2020-10-28,Yolo,113,214977.0,61,0,41,0,20,0,0,0,3,0,32,0,29,0,1.3954981230550245e-05,0.0001488531331258,0.0001348981518953
2020-10-28,Yuba,115,75493.0,2,0,0,0,2,0,0,0,0,0,1,0,1,0,0.0,1.3246261242764227e-05,1.3246261242764227e-05
2020-10-27,Alameda,001,1643700.0,90,0,83,0,7,0,0,0,7,0,49,0,42,0,4.258684674819006e-06,2.981079272373304e-05,2.555210804891404e-05
2020-10-27,Alpine,003,1148.0,0,0,0,0,0,0,0,0,0,0,0,0,0,0,0.0,0.0,0.0
2020-10-27,Amador,005,37829.0,0,0,0,0,0,0,0,0,0,0,0,0,0,0,0.0,0.0,0.0
2020-10-27,Butte,007,227075.0,20,0,10,0,10,0,0,0,10,0,15,0,5,0,4.403831333259936e-05,6.605746999889905e-05,2.201915666629968e-05
2020-10-27,Calaveras,009,45235.0,1,0,1,0,0,0,0,0,1,0,1,0,0,0,2.2106775726760254e-05,2.2106775726760254e-05,0.0
2020-10-27,Colusa,011,21464.0,0,0,0,0,0,0,0,0,0,0,0,0,0,0,0.0,0.0,0.0
2020-10-27,Contra Costa,013,1133247.0,117,0,109,0,8,0,0,0,6,0,62,0,56,0,5.294520964979391e-06,5.471004997145371e-05,4.941552900647432e-05
2020-10-27,Del Norte,015,27424.0,2,0,1,0,1,0,0,0,2,0,2,0,0,0,7.292882147024503e-05,7.292882147024503e-05,0.0
2020-10-27,El Dorado,017,186661.0,12,0,8,0,4,0,0,0,0,0,6,0,6,0,0.0,3.214383293778561e-05,3.214383293778561e-05
2020-10-27,Fresno,019,978130.0,9,0,6,0,3,0,0,0,5,0,7,0,2,0,5.111794955680738e-06,7.156512937953033e-06,2.044717982272295e-06
2020-10-27,Glenn,021,27897.0,4,0,2,0,2,0,0,0,0,0,2,0,2,0,0.0,7.169229666272359e-05,7.169229666272359e-05
2020-10-27,Humboldt,023,135768.0,1,0,1,0,0,0,0,0,1,0,1,0,0,0,7.365505862942667e-06,7.365505862942667e-06,0.0
2020-10-27,Imperial,025,180216.0,2,0,0,0,2,0,0,0,2,0,2,0,0,0,1.109779375860079e-05,1.109779375860079e-05,0.0
2020-10-27,Inyo,027,18085.0,0,0,0,0,0,0,0,0,0,0,0,0,0,0,0.0,0.0,0.0
2020-10-27,Kern,029,883053.0,4,0,3,0,1,0,0,0,2,0,3,0,1,0,2.264869719031587e-06,3.397304578547381e-06,1.1324348595157936e-06
2020-10-27,Kings,031,150075.0,0,0,0,0,0,0,0,0,0,0,0,0,0,0,0.0,0.0,0.0
2020-10-27,Lake,033,64148.0,0,0,0,0,0,0,0,0,0,0,0,0,0,0,0.0,0.0,0.0
2020-10-27,Lassen,035,31185.0,2,0,0,0,2,0,0,0,0,0,1,0,1,0,0.0,3.20666987333654e-05,3.20666987333654e-05
2020-10-27,Los Angeles,037,10098052.0,753,5,632,5,108,0,13,0,111,4,439,4,328,1,1.0992219093345924e-05,4.3473731369178925e-05,3.2481512275833e-05
2020-10-27,Madera,039,155013.0,4,0,3,0,0,0,1,0,1,0,2,0,1,0,6.451071845587144e-06,1.2902143691174288e-05,6.451071845587144e-06
2020-10-27,Marin,041,260295.0,9,0,9,0,0,0,0,0,1,0,5,0,4,0,3.841794886571006e-06,1.920897443285503e-05,1.5367179546284023e-05
2020-10-27,Mariposa,043,17540.0,2,0,2,0,0,0,0,0,2,0,2,0,0,0,0.0001140250855188,0.0001140250855188,0.0
2020-10-27,Mendocino,045,87422.0,1,0,0,0,1,0,0,0,1,0,1,0,0,0,1.1438768273432316e-05,1.1438768273432316e-05,0.0
2020-10-27,Merced,047,269075.0,5,0,5,0,0,0,0,0,1,0,3,0,2,0,3.71643593793552e-06,1.114930781380656e-05,7.43287187587104e-06
2020-10-27,Modoc,049,8938.0,0,0,0,0,0,0,0,0,0,0,0,0,0,0,0.0,0.0,0.0
2020-10-27,Mono,051,14174.0,0,0,0,0,0,0,0,0,0,0,0,0,0,0,0.0,0.0,0.0
2020-10-27,Monterey,053,433212.0,4,0,0,0,4,0,0,0,4,0,4,0,0,0,9.233354570048845e-06,9.233354570048845e-06,0.0
2020-10-27,Napa,055,140530.0,1,0,1,0,0,0,0,0,1,0,1,0,0,0,7.11591830925781e-06,7.11591830925781e-06,0.0
2020-10-27,Nevada,057,99092.0,2,0,2,0,0,0,0,0,0,0,1,0,1,0,0.0,1.009163201873007e-05,1.009163201873007e-05
2020-10-27,Orange,059,3164182.0,183,1,146,0,32,1,5,0,42,1,115,1,73,0,1.3273572759089078e-05,3.634430636417248e-05,2.30707336050834e-05
2020-10-27,Placer,061,380077.0,27,0,22,0,5,0,0,0,3,0,15,0,12,0,7.893137443202299e-06,3.946568721601149e-05,3.1572549772809195e-05
2020-10-27,Plumas,063,18699.0,0,0,0,0,0,0,0,0,0,0,0,0,0,0,0.0,0.0,0.0
2020-10-27,Riverside,065,2383286.0,69,1,25,1,43,0,1,0,13,1,42,1,29,0,5.454653784732508e-06,1.7622727612212718e-05,1.216807382748021e-05
2020-10-27,Sacramento,067,1510023.0,203,0,136,0,67,0,0,0,19,0,111,0,92,0,1.2582589801612292e-05,7.350881410415602e-05,6.0926224302543735e-05
2020-10-27,San Benito,069,59416.0,0,0,0,0,0,0,0,0,0,0,0,0,0,0,0.0,0.0,0.0
2020-10-27,San Bernardino,071,2135413.0,29,0,9,0,20,0,0,0,9,0,19,0,10,0,4.214641383189107e-06,8.897576253399226e-06,4.682934870210119e-06
2020-10-27,San Diego,073,3302833.0,637,6,219,3,415,2,3,1,58,2,345,3,287,4,1.756068199633466e-05,0.0001044557808402,8.689509884393186e-05
2020-10-27,San Francisco,075,870044.0,49,0,36,0,13,0,0,0,5,0,27,0,22,0,5.746835792212808e-06,3.103291327794916e-05,2.5286077485736355e-05
2020-10-27,San Joaquin,077,732212.0,17,0,11,0,6,0,0,0,2,0,10,0,8,0,2.731449361660284e-06,1.3657246808301422e-05,1.0925797446641135e-05
2020-10-27,San Luis Obispo,079,281455.0,4,0,1,0,3,0,0,0,2,0,3,0,1,0,7.10593167646693e-06,1.0658897514700396e-05,3.552965838233465e-06
2020-10-27,San Mateo,081,765935.0,39,0,33,0,6,0,0,0,4,0,21,0,17,0,5.222375266830736e-06,2.7417470150861366e-05,2.219509488403063e-05
2020-10-27,Santa Barbara,083,443738.0,4,0,4,0,0,0,0,0,2,0,3,0,1,0,4.507164137396392e-06,6.760746206094587e-06,2.253582068698196e-06
2020-10-27,Santa Clara,085,1922200.0,139,0,130,0,9,0,0,0,8,0,75,0,67,0,4.161897825408386e-06,3.901779211320362e-05,3.485589428779524e-05
2020-10-27,Santa Cruz,087,273765.0,5,0,4,0,1,0,0,0,1,0,3,0,2,0,3.652767884864756e-06,1.095830365459427e-05,7.305535769729512e-06
2020-10-27,Shasta,089,179085.0,342,1,128,1,214,0,0,0,20,0,181,0,161,1,0.0001116788117374,0.0010106932462238,0.0008990144344864
2020-10-27,Sierra,091,2930.0,0,0,0,0,0,0,0,0,0,0,0,0,0,0,0.0,0.0,0.0
2020-10-27,Siskiyou,093,43540.0,11,0,7,0,4,0,0,0,1,0,6,0,5,0,2.296738631143776e-05,0.0001378043178686,0.0001148369315571
2020-10-27,Solano,095,438530.0,6,0,6,0,0,0,0,0,0,0,3,0,3,0,0.0,6.841037101224546e-06,6.841037101224546e-06
2020-10-27,Sonoma,097,501317.0,7,0,4,0,3,0,0,0,2,0,5,0,3,0,3.989491678917731e-06,9.973729197294326e-06,5.984237518376596e-06
2020-10-27,Stanislaus,099,539301.0,18,0,15,0,3,0,0,0,8,0,13,0,5,0,1.4834016625224132e-05,2.4105277015989212e-05,9.271260390765084e-06
2020-10-27,Sutter,101,95872.0,2,0,0,0,2,0,0,0,0,0,1,0,1,0,0.0,1.0430574098798398e-05,1.0430574098798398e-05
2020-10-27,Tehama,103,63373.0,26,0,7,0,19,0,0,0,2,0,14,0,12,0,3.1559181354835657e-05,0.0002209142694838,0.000189355088129
2020-10-27,Trinity,105,12862.0,2,0,0,0,2,0,0,0,0,0,1,0,1,0,0.0,7.774840615767377e-05,7.774840615767377e-05
2020-10-27,Tulare,107,460477.0,3,0,2,0,1,0,0,0,1,0,2,0,1,0,2.171661125311362e-06,4.343322250622724e-06,2.171661125311362e-06
2020-10-27,Tuolumne,109,53932.0,2,0,1,0,1,0,0,0,2,0,2,0,0,0,3.708373507379664e-05,3.708373507379664e-05,0.0
2020-10-27,Ventura,111,848112.0,31,0,22,0,8,0,1,0,4,0,18,0,14,0,4.7163582168392855e-06,2.1223611975776783e-05,1.6507253758937497e-05
2020-10-27,Yolo,113,214977.0,61,0,41,0,20,0,0,0,3,0,32,0,29,0,1.3954981230550245e-05,0.0001488531331258,0.0001348981518953
2020-10-27,Yuba,115,75493.0,2,0,0,0,2,0,0,0,0,0,1,0,1,0,0.0,1.3246261242764227e-05,1.3246261242764227e-05
2020-10-26,Alameda,001,1643700.0,90,0,83,0,7,0,0,0,7,0,49,0,42,0,4.258684674819006e-06,2.981079272373304e-05,2.555210804891404e-05
2020-10-26,Alpine,003,1148.0,0,0,0,0,0,0,0,0,0,0,0,0,0,0,0.0,0.0,0.0
2020-10-26,Amador,005,37829.0,0,0,0,0,0,0,0,0,0,0,0,0,0,0,0.0,0.0,0.0
2020-10-26,Butte,007,227075.0,20,0,10,0,10,0,0,0,10,0,15,0,5,0,4.403831333259936e-05,6.605746999889905e-05,2.201915666629968e-05
2020-10-26,Calaveras,009,45235.0,1,0,1,0,0,0,0,0,1,0,1,0,0,0,2.2106775726760254e-05,2.2106775726760254e-05,0.0
2020-10-26,Colusa,011,21464.0,0,0,0,0,0,0,0,0,0,0,0,0,0,0,0.0,0.0,0.0
2020-10-26,Contra Costa,013,1133247.0,117,0,109,0,8,0,0,0,6,0,62,0,56,0,5.294520964979391e-06,5.471004997145371e-05,4.941552900647432e-05
2020-10-26,Del Norte,015,27424.0,2,0,1,0,1,0,0,0,2,0,2,0,0,0,7.292882147024503e-05,7.292882147024503e-05,0.0
2020-10-26,El Dorado,017,186661.0,12,0,8,0,4,0,0,0,0,0,6,0,6,0,0.0,3.214383293778561e-05,3.214383293778561e-05
2020-10-26,Fresno,019,978130.0,9,0,6,0,3,0,0,0,5,0,7,0,2,0,5.111794955680738e-06,7.156512937953033e-06,2.044717982272295e-06
2020-10-26,Glenn,021,27897.0,4,0,2,0,2,0,0,0,0,0,2,0,2,0,0.0,7.169229666272359e-05,7.169229666272359e-05
2020-10-26,Humboldt,023,135768.0,1,0,1,0,0,0,0,0,1,0,1,0,0,0,7.365505862942667e-06,7.365505862942667e-06,0.0
2020-10-26,Imperial,025,180216.0,2,0,0,0,2,0,0,0,2,0,2,0,0,0,1.109779375860079e-05,1.109779375860079e-05,0.0
2020-10-26,Inyo,027,18085.0,0,0,0,0,0,0,0,0,0,0,0,0,0,0,0.0,0.0,0.0
2020-10-26,Kern,029,883053.0,4,0,3,0,1,0,0,0,2,0,3,0,1,0,2.264869719031587e-06,3.397304578547381e-06,1.1324348595157936e-06
2020-10-26,Kings,031,150075.0,0,0,0,0,0,0,0,0,0,0,0,0,0,0,0.0,0.0,0.0
2020-10-26,Lake,033,64148.0,0,0,0,0,0,0,0,0,0,0,0,0,0,0,0.0,0.0,0.0
2020-10-26,Lassen,035,31185.0,2,0,0,0,2,0,0,0,0,0,1,0,1,0,0.0,3.20666987333654e-05,3.20666987333654e-05
2020-10-26,Los Angeles,037,10098052.0,748,4,627,4,108,0,13,0,108,4,435,4,327,0,1.0695132090823062e-05,4.307761536581511e-05,3.238248327499205e-05
2020-10-26,Madera,039,155013.0,4,0,3,0,0,0,1,0,1,0,2,0,1,0,6.451071845587144e-06,1.2902143691174288e-05,6.451071845587144e-06
2020-10-26,Marin,041,260295.0,9,0,9,0,0,0,0,0,1,0,5,0,4,0,3.841794886571006e-06,1.920897443285503e-05,1.5367179546284023e-05
2020-10-26,Mariposa,043,17540.0,2,0,2,0,0,0,0,0,2,0,2,0,0,0,0.0001140250855188,0.0001140250855188,0.0
2020-10-26,Mendocino,045,87422.0,1,0,0,0,1,0,0,0,1,0,1,0,0,0,1.1438768273432316e-05,1.1438768273432316e-05,0.0
2020-10-26,Merced,047,269075.0,5,0,5,0,0,0,0,0,1,0,3,0,2,0,3.71643593793552e-06,1.114930781380656e-05,7.43287187587104e-06
2020-10-26,Modoc,049,8938.0,0,0,0,0,0,0,0,0,0,0,0,0,0,0,0.0,0.0,0.0
2020-10-26,Mono,051,14174.0,0,0,0,0,0,0,0,0,0,0,0,0,0,0,0.0,0.0,0.0
2020-10-26,Monterey,053,433212.0,4,0,0,0,4,0,0,0,4,0,4,0,0,0,9.233354570048845e-06,9.233354570048845e-06,0.0
2020-10-26,Napa,055,140530.0,1,0,1,0,0,0,0,0,1,0,1,0,0,0,7.11591830925781e-06,7.11591830925781e-06,0.0
2020-10-26,Nevada,057,99092.0,2,0,2,0,0,0,0,0,0,0,1,0,1,0,0.0,1.009163201873007e-05,1.009163201873007e-05
2020-10-26,Orange,059,3164182.0,182,3,146,3,31,0,5,0,41,2,114,2,73,1,1.29575353124441e-05,3.60282689175275e-05,2.30707336050834e-05
2020-10-26,Placer,061,380077.0,27,0,22,0,5,0,0,0,3,0,15,0,12,0,7.893137443202299e-06,3.946568721601149e-05,3.1572549772809195e-05
2020-10-26,Plumas,063,18699.0,0,0,0,0,0,0,0,0,0,0,0,0,0,0,0.0,0.0,0.0
2020-10-26,Riverside,065,2383286.0,68,1,24,0,43,1,1,0,12,0,41,0,29,1,5.035065032060777e-06,1.7203138859540987e-05,1.216807382748021e-05
2020-10-26,Sacramento,067,1510023.0,203,0,136,0,67,0,0,0,19,0,111,0,92,0,1.2582589801612292e-05,7.350881410415602e-05,6.0926224302543735e-05
2020-10-26,San Benito,069,59416.0,0,0,0,0,0,0,0,0,0,0,0,0,0,0,0.0,0.0,0.0
2020-10-26,San Bernardino,071,2135413.0,29,1,9,1,20,0,0,0,9,1,19,1,10,0,4.214641383189107e-06,8.897576253399226e-06,4.682934870210119e-06
2020-10-26,San Diego,073,3302833.0,631,3,216,2,413,0,2,1,59,2,342,3,283,1,1.786345237558181e-05,0.0001035474697025,8.568401732694327e-05
2020-10-26,San Francisco,075,870044.0,49,1,36,0,13,1,0,0,5,1,27,1,22,0,5.746835792212808e-06,3.103291327794916e-05,2.5286077485736355e-05
2020-10-26,San Joaquin,077,732212.0,17,0,11,0,6,0,0,0,2,0,10,0,8,0,2.731449361660284e-06,1.3657246808301422e-05,1.0925797446641135e-05
2020-10-26,San Luis Obispo,079,281455.0,4,0,1,0,3,0,0,0,2,0,3,0,1,0,7.10593167646693e-06,1.0658897514700396e-05,3.552965838233465e-06
2020-10-26,San Mateo,081,765935.0,39,1,33,0,6,1,0,0,4,0,21,0,17,1,5.222375266830736e-06,2.7417470150861366e-05,2.219509488403063e-05
2020-10-26,Santa Barbara,083,443738.0,4,0,4,0,0,0,0,0,2,0,3,0,1,0,4.507164137396392e-06,6.760746206094587e-06,2.253582068698196e-06
2020-10-26,Santa Clara,085,1922200.0,139,0,130,0,9,0,0,0,8,0,75,0,67,0,4.161897825408386e-06,3.901779211320362e-05,3.485589428779524e-05
2020-10-26,Santa Cruz,087,273765.0,5,0,4,0,1,0,0,0,1,0,3,0,2,0,3.652767884864756e-06,1.095830365459427e-05,7.305535769729512e-06
2020-10-26,Shasta,089,179085.0,341,1,127,1,214,0,0,0,21,1,181,1,160,0,0.0001172627523243,0.0010106932462238,0.0008934304938995
2020-10-26,Sierra,091,2930.0,0,0,0,0,0,0,0,0,0,0,0,0,0,0,0.0,0.0,0.0
2020-10-26,Siskiyou,093,43540.0,11,0,7,0,4,0,0,0,1,0,6,0,5,0,2.296738631143776e-05,0.0001378043178686,0.0001148369315571
2020-10-26,Solano,095,438530.0,6,0,6,0,0,0,0,0,0,0,3,0,3,0,0.0,6.841037101224546e-06,6.841037101224546e-06
2020-10-26,Sonoma,097,501317.0,7,0,4,0,3,0,0,0,2,0,5,0,3,0,3.989491678917731e-06,9.973729197294326e-06,5.984237518376596e-06
2020-10-26,Stanislaus,099,539301.0,18,1,15,0,3,1,0,0,8,1,13,1,5,0,1.4834016625224132e-05,2.4105277015989212e-05,9.271260390765084e-06
2020-10-26,Sutter,101,95872.0,2,0,0,0,2,0,0,0,0,0,1,0,1,0,0.0,1.0430574098798398e-05,1.0430574098798398e-05
2020-10-26,Tehama,103,63373.0,26,0,7,0,19,0,0,0,2,0,14,0,12,0,3.1559181354835657e-05,0.0002209142694838,0.000189355088129
2020-10-26,Trinity,105,12862.0,2,0,0,0,2,0,0,0,0,0,1,0,1,0,0.0,7.774840615767377e-05,7.774840615767377e-05
2020-10-26,Tulare,107,460477.0,3,0,2,0,1,0,0,0,1,0,2,0,1,0,2.171661125311362e-06,4.343322250622724e-06,2.171661125311362e-06
2020-10-26,Tuolumne,109,53932.0,2,0,1,0,1,0,0,0,2,0,2,0,0,0,3.708373507379664e-05,3.708373507379664e-05,0.0
2020-10-26,Ventura,111,848112.0,31,0,22,0,8,0,1,0,4,0,18,0,14,0,4.7163582168392855e-06,2.1223611975776783e-05,1.6507253758937497e-05
2020-10-26,Yolo,113,214977.0,61,0,41,0,20,0,0,0,3,0,32,0,29,0,1.3954981230550245e-05,0.0001488531331258,0.0001348981518953
2020-10-26,Yuba,115,75493.0,2,0,0,0,2,0,0,0,0,0,1,0,1,0,0.0,1.3246261242764227e-05,1.3246261242764227e-05
2020-10-25,Alameda,001,1643700.0,90,0,83,0,7,0,0,0,7,0,49,0,42,0,4.258684674819006e-06,2.981079272373304e-05,2.555210804891404e-05
2020-10-25,Alpine,003,1148.0,0,0,0,0,0,0,0,0,0,0,0,0,0,0,0.0,0.0,0.0
2020-10-25,Amador,005,37829.0,0,0,0,0,0,0,0,0,0,0,0,0,0,0,0.0,0.0,0.0
2020-10-25,Butte,007,227075.0,20,0,10,0,10,0,0,0,10,0,15,0,5,0,4.403831333259936e-05,6.605746999889905e-05,2.201915666629968e-05
2020-10-25,Calaveras,009,45235.0,1,0,1,0,0,0,0,0,1,0,1,0,0,0,2.2106775726760254e-05,2.2106775726760254e-05,0.0
2020-10-25,Colusa,011,21464.0,0,0,0,0,0,0,0,0,0,0,0,0,0,0,0.0,0.0,0.0
2020-10-25,Contra Costa,013,1133247.0,117,0,109,0,8,0,0,0,6,0,62,0,56,0,5.294520964979391e-06,5.471004997145371e-05,4.941552900647432e-05
2020-10-25,Del Norte,015,27424.0,2,0,1,0,1,0,0,0,2,0,2,0,0,0,7.292882147024503e-05,7.292882147024503e-05,0.0
2020-10-25,El Dorado,017,186661.0,12,0,8,0,4,0,0,0,0,0,6,0,6,0,0.0,3.214383293778561e-05,3.214383293778561e-05
2020-10-25,Fresno,019,978130.0,9,0,6,0,3,0,0,0,5,0,7,0,2,0,5.111794955680738e-06,7.156512937953033e-06,2.044717982272295e-06
2020-10-25,Glenn,021,27897.0,4,0,2,0,2,0,0,0,0,0,2,0,2,0,0.0,7.169229666272359e-05,7.169229666272359e-05
2020-10-25,Humboldt,023,135768.0,1,0,1,0,0,0,0,0,1,0,1,0,0,0,7.365505862942667e-06,7.365505862942667e-06,0.0
2020-10-25,Imperial,025,180216.0,2,0,0,0,2,0,0,0,2,0,2,0,0,0,1.109779375860079e-05,1.109779375860079e-05,0.0
2020-10-25,Inyo,027,18085.0,0,0,0,0,0,0,0,0,0,0,0,0,0,0,0.0,0.0,0.0
2020-10-25,Kern,029,883053.0,4,0,3,0,1,0,0,0,2,0,3,0,1,0,2.264869719031587e-06,3.397304578547381e-06,1.1324348595157936e-06
2020-10-25,Kings,031,150075.0,0,0,0,0,0,0,0,0,0,0,0,0,0,0,0.0,0.0,0.0
2020-10-25,Lake,033,64148.0,0,0,0,0,0,0,0,0,0,0,0,0,0,0,0.0,0.0,0.0
2020-10-25,Lassen,035,31185.0,2,0,0,0,2,0,0,0,0,0,1,0,1,0,0.0,3.20666987333654e-05,3.20666987333654e-05
2020-10-25,Los Angeles,037,10098052.0,744,1,623,1,108,0,13,0,104,1,431,1,327,0,1.0299016087459245e-05,4.268149936245129e-05,3.238248327499205e-05
2020-10-25,Madera,039,155013.0,4,0,3,0,0,0,1,0,1,0,2,0,1,0,6.451071845587144e-06,1.2902143691174288e-05,6.451071845587144e-06
2020-10-25,Marin,041,260295.0,9,0,9,0,0,0,0,0,1,0,5,0,4,0,3.841794886571006e-06,1.920897443285503e-05,1.5367179546284023e-05
2020-10-25,Mariposa,043,17540.0,2,0,2,0,0,0,0,0,2,0,2,0,0,0,0.0001140250855188,0.0001140250855188,0.0
2020-10-25,Mendocino,045,87422.0,1,0,0,0,1,0,0,0,1,0,1,0,0,0,1.1438768273432316e-05,1.1438768273432316e-05,0.0
2020-10-25,Merced,047,269075.0,5,0,5,0,0,0,0,0,1,0,3,0,2,0,3.71643593793552e-06,1.114930781380656e-05,7.43287187587104e-06
2020-10-25,Modoc,049,8938.0,0,0,0,0,0,0,0,0,0,0,0,0,0,0,0.0,0.0,0.0
2020-10-25,Mono,051,14174.0,0,0,0,0,0,0,0,0,0,0,0,0,0,0,0.0,0.0,0.0
2020-10-25,Monterey,053,433212.0,4,0,0,0,4,0,0,0,4,0,4,0,0,0,9.233354570048845e-06,9.233354570048845e-06,0.0
2020-10-25,Napa,055,140530.0,1,0,1,0,0,0,0,0,1,0,1,0,0,0,7.11591830925781e-06,7.11591830925781e-06,0.0
2020-10-25,Nevada,057,99092.0,2,0,2,0,0,0,0,0,0,0,1,0,1,0,0.0,1.009163201873007e-05,1.009163201873007e-05
2020-10-25,Orange,059,3164182.0,179,2,143,1,31,1,5,0,40,2,112,2,72,0,1.2641497865799122e-05,3.5396194024237545e-05,2.275469615843842e-05
2020-10-25,Placer,061,380077.0,27,0,22,0,5,0,0,0,3,0,15,0,12,0,7.893137443202299e-06,3.946568721601149e-05,3.1572549772809195e-05
2020-10-25,Plumas,063,18699.0,0,0,0,0,0,0,0,0,0,0,0,0,0,0,0.0,0.0,0.0
2020-10-25,Riverside,065,2383286.0,67,0,24,0,42,0,1,0,13,0,41,0,28,0,5.454653784732508e-06,1.7203138859540987e-05,1.174848507480848e-05
2020-10-25,Sacramento,067,1510023.0,203,0,136,0,67,0,0,0,19,0,111,0,92,0,1.2582589801612292e-05,7.350881410415602e-05,6.0926224302543735e-05
2020-10-25,San Benito,069,59416.0,0,0,0,0,0,0,0,0,0,0,0,0,0,0,0.0,0.0,0.0
2020-10-25,San Bernardino,071,2135413.0,28,0,8,0,20,0,0,0,8,0,18,0,10,0,3.746347896168095e-06,8.429282766378214e-06,4.682934870210119e-06
2020-10-25,San Diego,073,3302833.0,628,0,214,0,413,0,1,0,57,0,339,0,282,0,1.7257911617087513e-05,0.0001026391585647,8.538124694769611e-05
2020-10-25,San Francisco,075,870044.0,48,0,36,0,12,0,0,0,4,0,26,0,22,0,4.597468633770247e-06,2.98835461195066e-05,2.5286077485736355e-05
2020-10-25,San Joaquin,077,732212.0,17,0,11,0,6,0,0,0,2,0,10,0,8,0,2.731449361660284e-06,1.3657246808301422e-05,1.0925797446641135e-05
2020-10-25,San Luis Obispo,079,281455.0,4,0,1,0,3,0,0,0,2,0,3,0,1,0,7.10593167646693e-06,1.0658897514700396e-05,3.552965838233465e-06
2020-10-25,San Mateo,081,765935.0,38,0,33,0,5,0,0,0,5,0,21,0,16,0,6.5279690835384205e-06,2.7417470150861366e-05,2.0889501067322944e-05
2020-10-25,Santa Barbara,083,443738.0,4,0,4,0,0,0,0,0,2,0,3,0,1,0,4.507164137396392e-06,6.760746206094587e-06,2.253582068698196e-06
2020-10-25,Santa Clara,085,1922200.0,139,0,130,0,9,0,0,0,8,0,75,0,67,0,4.161897825408386e-06,3.901779211320362e-05,3.485589428779524e-05
2020-10-25,Santa Cruz,087,273765.0,5,0,4,0,1,0,0,0,1,0,3,0,2,0,3.652767884864756e-06,1.095830365459427e-05,7.305535769729512e-06
2020-10-25,Shasta,089,179085.0,340,0,126,0,214,0,0,0,20,0,180,0,160,0,0.0001116788117374,0.0010051093056369,0.0008934304938995
2020-10-25,Sierra,091,2930.0,0,0,0,0,0,0,0,0,0,0,0,0,0,0,0.0,0.0,0.0
2020-10-25,Siskiyou,093,43540.0,11,0,7,0,4,0,0,0,1,0,6,0,5,0,2.296738631143776e-05,0.0001378043178686,0.0001148369315571
2020-10-25,Solano,095,438530.0,6,0,6,0,0,0,0,0,0,0,3,0,3,0,0.0,6.841037101224546e-06,6.841037101224546e-06
2020-10-25,Sonoma,097,501317.0,7,0,4,0,3,0,0,0,2,0,5,0,3,0,3.989491678917731e-06,9.973729197294326e-06,5.984237518376596e-06
2020-10-25,Stanislaus,099,539301.0,17,0,15,0,2,0,0,0,7,0,12,0,5,0,1.2979764547071115e-05,2.22510249378362e-05,9.271260390765084e-06
2020-10-25,Sutter,101,95872.0,2,0,0,0,2,0,0,0,0,0,1,0,1,0,0.0,1.0430574098798398e-05,1.0430574098798398e-05
2020-10-25,Tehama,103,63373.0,26,0,7,0,19,0,0,0,2,0,14,0,12,0,3.1559181354835657e-05,0.0002209142694838,0.000189355088129
2020-10-25,Trinity,105,12862.0,2,0,0,0,2,0,0,0,0,0,1,0,1,0,0.0,7.774840615767377e-05,7.774840615767377e-05
2020-10-25,Tulare,107,460477.0,3,0,2,0,1,0,0,0,1,0,2,0,1,0,2.171661125311362e-06,4.343322250622724e-06,2.171661125311362e-06
2020-10-25,Tuolumne,109,53932.0,2,0,1,0,1,0,0,0,2,0,2,0,0,0,3.708373507379664e-05,3.708373507379664e-05,0.0
2020-10-25,Ventura,111,848112.0,31,0,22,0,8,0,1,0,4,0,18,0,14,0,4.7163582168392855e-06,2.1223611975776783e-05,1.6507253758937497e-05
2020-10-25,Yolo,113,214977.0,61,0,41,0,20,0,0,0,3,0,32,0,29,0,1.3954981230550245e-05,0.0001488531331258,0.0001348981518953
2020-10-25,Yuba,115,75493.0,2,0,0,0,2,0,0,0,0,0,1,0,1,0,0.0,1.3246261242764227e-05,1.3246261242764227e-05
2020-10-24,Alameda,001,1643700.0,90,0,83,0,7,0,0,0,7,0,49,0,42,0,4.258684674819006e-06,2.981079272373304e-05,2.555210804891404e-05
2020-10-24,Alpine,003,1148.0,0,0,0,0,0,0,0,0,0,0,0,0,0,0,0.0,0.0,0.0
2020-10-24,Amador,005,37829.0,0,0,0,0,0,0,0,0,0,0,0,0,0,0,0.0,0.0,0.0
2020-10-24,Butte,007,227075.0,20,0,10,0,10,0,0,0,10,0,15,0,5,0,4.403831333259936e-05,6.605746999889905e-05,2.201915666629968e-05
2020-10-24,Calaveras,009,45235.0,1,0,1,0,0,0,0,0,1,0,1,0,0,0,2.2106775726760254e-05,2.2106775726760254e-05,0.0
2020-10-24,Colusa,011,21464.0,0,0,0,0,0,0,0,0,0,0,0,0,0,0,0.0,0.0,0.0
2020-10-24,Contra Costa,013,1133247.0,117,0,109,0,8,0,0,0,6,0,62,0,56,0,5.294520964979391e-06,5.471004997145371e-05,4.941552900647432e-05
2020-10-24,Del Norte,015,27424.0,2,0,1,0,1,0,0,0,2,0,2,0,0,0,7.292882147024503e-05,7.292882147024503e-05,0.0
2020-10-24,El Dorado,017,186661.0,12,0,8,0,4,0,0,0,0,0,6,0,6,0,0.0,3.214383293778561e-05,3.214383293778561e-05
2020-10-24,Fresno,019,978130.0,9,0,6,0,3,0,0,0,5,0,7,0,2,0,5.111794955680738e-06,7.156512937953033e-06,2.044717982272295e-06
2020-10-24,Glenn,021,27897.0,4,0,2,0,2,0,0,0,0,0,2,0,2,0,0.0,7.169229666272359e-05,7.169229666272359e-05
2020-10-24,Humboldt,023,135768.0,1,0,1,0,0,0,0,0,1,0,1,0,0,0,7.365505862942667e-06,7.365505862942667e-06,0.0
2020-10-24,Imperial,025,180216.0,2,0,0,0,2,0,0,0,2,0,2,0,0,0,1.109779375860079e-05,1.109779375860079e-05,0.0
2020-10-24,Inyo,027,18085.0,0,0,0,0,0,0,0,0,0,0,0,0,0,0,0.0,0.0,0.0
2020-10-24,Kern,029,883053.0,4,0,3,0,1,0,0,0,2,0,3,0,1,0,2.264869719031587e-06,3.397304578547381e-06,1.1324348595157936e-06
2020-10-24,Kings,031,150075.0,0,0,0,0,0,0,0,0,0,0,0,0,0,0,0.0,0.0,0.0
2020-10-24,Lake,033,64148.0,0,0,0,0,0,0,0,0,0,0,0,0,0,0,0.0,0.0,0.0
2020-10-24,Lassen,035,31185.0,2,0,0,0,2,0,0,0,0,0,1,0,1,0,0.0,3.20666987333654e-05,3.20666987333654e-05
2020-10-24,Los Angeles,037,10098052.0,743,4,622,4,108,0,13,0,103,4,430,4,327,0,1.019998708661829e-05,4.258247036161034e-05,3.238248327499205e-05
2020-10-24,Madera,039,155013.0,4,0,3,0,0,0,1,0,1,0,2,0,1,0,6.451071845587144e-06,1.2902143691174288e-05,6.451071845587144e-06
2020-10-24,Marin,041,260295.0,9,0,9,0,0,0,0,0,1,0,5,0,4,0,3.841794886571006e-06,1.920897443285503e-05,1.5367179546284023e-05
2020-10-24,Mariposa,043,17540.0,2,0,2,0,0,0,0,0,2,0,2,0,0,0,0.0001140250855188,0.0001140250855188,0.0
2020-10-24,Mendocino,045,87422.0,1,0,0,0,1,0,0,0,1,0,1,0,0,0,1.1438768273432316e-05,1.1438768273432316e-05,0.0
2020-10-24,Merced,047,269075.0,5,0,5,0,0,0,0,0,1,0,3,0,2,0,3.71643593793552e-06,1.114930781380656e-05,7.43287187587104e-06
2020-10-24,Modoc,049,8938.0,0,0,0,0,0,0,0,0,0,0,0,0,0,0,0.0,0.0,0.0
2020-10-24,Mono,051,14174.0,0,0,0,0,0,0,0,0,0,0,0,0,0,0,0.0,0.0,0.0
2020-10-24,Monterey,053,433212.0,4,0,0,0,4,0,0,0,4,0,4,0,0,0,9.233354570048845e-06,9.233354570048845e-06,0.0
2020-10-24,Napa,055,140530.0,1,0,1,0,0,0,0,0,1,0,1,0,0,0,7.11591830925781e-06,7.11591830925781e-06,0.0
2020-10-24,Nevada,057,99092.0,2,0,2,0,0,0,0,0,0,0,1,0,1,0,0.0,1.009163201873007e-05,1.009163201873007e-05
2020-10-24,Orange,059,3164182.0,177,3,142,3,30,0,5,0,38,3,110,3,72,0,1.2009422972509166e-05,3.476411913094759e-05,2.275469615843842e-05
2020-10-24,Placer,061,380077.0,27,0,22,0,5,0,0,0,3,0,15,0,12,0,7.893137443202299e-06,3.946568721601149e-05,3.1572549772809195e-05
2020-10-24,Plumas,063,18699.0,0,0,0,0,0,0,0,0,0,0,0,0,0,0,0.0,0.0,0.0
2020-10-24,Riverside,065,2383286.0,67,0,24,0,42,0,1,0,13,0,41,0,28,0,5.454653784732508e-06,1.7203138859540987e-05,1.174848507480848e-05
2020-10-24,Sacramento,067,1510023.0,203,0,136,0,67,0,0,0,19,0,111,0,92,0,1.2582589801612292e-05,7.350881410415602e-05,6.0926224302543735e-05
2020-10-24,San Benito,069,59416.0,0,0,0,0,0,0,0,0,0,0,0,0,0,0,0.0,0.0,0.0
2020-10-24,San Bernardino,071,2135413.0,28,0,8,0,20,0,0,0,8,0,18,0,10,0,3.746347896168095e-06,8.429282766378214e-06,4.682934870210119e-06
2020-10-24,San Diego,073,3302833.0,628,0,214,0,413,0,1,0,57,0,339,0,282,0,1.7257911617087513e-05,0.0001026391585647,8.538124694769611e-05
2020-10-24,San Francisco,075,870044.0,48,0,36,0,12,0,0,0,4,0,26,0,22,0,4.597468633770247e-06,2.98835461195066e-05,2.5286077485736355e-05
2020-10-24,San Joaquin,077,732212.0,17,0,11,0,6,0,0,0,2,0,10,0,8,0,2.731449361660284e-06,1.3657246808301422e-05,1.0925797446641135e-05
2020-10-24,San Luis Obispo,079,281455.0,4,0,1,0,3,0,0,0,2,0,3,0,1,0,7.10593167646693e-06,1.0658897514700396e-05,3.552965838233465e-06
2020-10-24,San Mateo,081,765935.0,38,0,33,0,5,0,0,0,5,0,21,0,16,0,6.5279690835384205e-06,2.7417470150861366e-05,2.0889501067322944e-05
2020-10-24,Santa Barbara,083,443738.0,4,0,4,0,0,0,0,0,2,0,3,0,1,0,4.507164137396392e-06,6.760746206094587e-06,2.253582068698196e-06
2020-10-24,Santa Clara,085,1922200.0,139,0,130,0,9,0,0,0,8,0,75,0,67,0,4.161897825408386e-06,3.901779211320362e-05,3.485589428779524e-05
2020-10-24,Santa Cruz,087,273765.0,5,0,4,0,1,0,0,0,1,0,3,0,2,0,3.652767884864756e-06,1.095830365459427e-05,7.305535769729512e-06
2020-10-24,Shasta,089,179085.0,340,0,126,0,214,0,0,0,20,0,180,0,160,0,0.0001116788117374,0.0010051093056369,0.0008934304938995
2020-10-24,Sierra,091,2930.0,0,0,0,0,0,0,0,0,0,0,0,0,0,0,0.0,0.0,0.0
2020-10-24,Siskiyou,093,43540.0,11,0,7,0,4,0,0,0,1,0,6,0,5,0,2.296738631143776e-05,0.0001378043178686,0.0001148369315571
2020-10-24,Solano,095,438530.0,6,0,6,0,0,0,0,0,0,0,3,0,3,0,0.0,6.841037101224546e-06,6.841037101224546e-06
2020-10-24,Sonoma,097,501317.0,7,0,4,0,3,0,0,0,2,0,5,0,3,0,3.989491678917731e-06,9.973729197294326e-06,5.984237518376596e-06
2020-10-24,Stanislaus,099,539301.0,17,0,15,0,2,0,0,0,7,0,12,0,5,0,1.2979764547071115e-05,2.22510249378362e-05,9.271260390765084e-06
2020-10-24,Sutter,101,95872.0,2,0,0,0,2,0,0,0,0,0,1,0,1,0,0.0,1.0430574098798398e-05,1.0430574098798398e-05
2020-10-24,Tehama,103,63373.0,26,0,7,0,19,0,0,0,2,0,14,0,12,0,3.1559181354835657e-05,0.0002209142694838,0.000189355088129
2020-10-24,Trinity,105,12862.0,2,0,0,0,2,0,0,0,0,0,1,0,1,0,0.0,7.774840615767377e-05,7.774840615767377e-05
2020-10-24,Tulare,107,460477.0,3,0,2,0,1,0,0,0,1,0,2,0,1,0,2.171661125311362e-06,4.343322250622724e-06,2.171661125311362e-06
2020-10-24,Tuolumne,109,53932.0,2,0,1,0,1,0,0,0,2,0,2,0,0,0,3.708373507379664e-05,3.708373507379664e-05,0.0
2020-10-24,Ventura,111,848112.0,31,0,22,0,8,0,1,0,4,0,18,0,14,0,4.7163582168392855e-06,2.1223611975776783e-05,1.6507253758937497e-05
2020-10-24,Yolo,113,214977.0,61,0,41,0,20,0,0,0,3,0,32,0,29,0,1.3954981230550245e-05,0.0001488531331258,0.0001348981518953
2020-10-24,Yuba,115,75493.0,2,0,0,0,2,0,0,0,0,0,1,0,1,0,0.0,1.3246261242764227e-05,1.3246261242764227e-05
2020-10-23,Alameda,001,1643700.0,90,0,83,0,7,0,0,0,7,0,49,0,42,0,4.258684674819006e-06,2.981079272373304e-05,2.555210804891404e-05
2020-10-23,Alpine,003,1148.0,0,0,0,0,0,0,0,0,0,0,0,0,0,0,0.0,0.0,0.0
2020-10-23,Amador,005,37829.0,0,0,0,0,0,0,0,0,0,0,0,0,0,0,0.0,0.0,0.0
2020-10-23,Butte,007,227075.0,20,0,10,0,10,0,0,0,10,0,15,0,5,0,4.403831333259936e-05,6.605746999889905e-05,2.201915666629968e-05
2020-10-23,Calaveras,009,45235.0,1,0,1,0,0,0,0,0,1,0,1,0,0,0,2.2106775726760254e-05,2.2106775726760254e-05,0.0
2020-10-23,Colusa,011,21464.0,0,0,0,0,0,0,0,0,0,0,0,0,0,0,0.0,0.0,0.0
2020-10-23,Contra Costa,013,1133247.0,117,1,109,1,8,0,0,0,6,1,62,1,56,0,5.294520964979391e-06,5.471004997145371e-05,4.941552900647432e-05
2020-10-23,Del Norte,015,27424.0,2,0,1,0,1,0,0,0,2,0,2,0,0,0,7.292882147024503e-05,7.292882147024503e-05,0.0
2020-10-23,El Dorado,017,186661.0,12,0,8,0,4,0,0,0,0,0,6,0,6,0,0.0,3.214383293778561e-05,3.214383293778561e-05
2020-10-23,Fresno,019,978130.0,9,0,6,0,3,0,0,0,5,0,7,0,2,0,5.111794955680738e-06,7.156512937953033e-06,2.044717982272295e-06
2020-10-23,Glenn,021,27897.0,4,0,2,0,2,0,0,0,0,0,2,0,2,0,0.0,7.169229666272359e-05,7.169229666272359e-05
2020-10-23,Humboldt,023,135768.0,1,0,1,0,0,0,0,0,1,0,1,0,0,0,7.365505862942667e-06,7.365505862942667e-06,0.0
2020-10-23,Imperial,025,180216.0,2,0,0,0,2,0,0,0,2,0,2,0,0,0,1.109779375860079e-05,1.109779375860079e-05,0.0
2020-10-23,Inyo,027,18085.0,0,0,0,0,0,0,0,0,0,0,0,0,0,0,0.0,0.0,0.0
2020-10-23,Kern,029,883053.0,4,0,3,0,1,0,0,0,2,0,3,0,1,0,2.264869719031587e-06,3.397304578547381e-06,1.1324348595157936e-06
2020-10-23,Kings,031,150075.0,0,0,0,0,0,0,0,0,0,0,0,0,0,0,0.0,0.0,0.0
2020-10-23,Lake,033,64148.0,0,0,0,0,0,0,0,0,0,0,0,0,0,0,0.0,0.0,0.0
2020-10-23,Lassen,035,31185.0,2,0,0,0,2,0,0,0,0,0,1,0,1,0,0.0,3.20666987333654e-05,3.20666987333654e-05
2020-10-23,Los Angeles,037,10098052.0,739,8,618,3,108,5,13,0,99,8,426,8,327,0,9.803871083254474e-06,4.218635435824652e-05,3.238248327499205e-05
2020-10-23,Madera,039,155013.0,4,0,3,0,0,0,1,0,1,0,2,0,1,0,6.451071845587144e-06,1.2902143691174288e-05,6.451071845587144e-06
2020-10-23,Marin,041,260295.0,9,0,9,0,0,0,0,0,1,0,5,0,4,0,3.841794886571006e-06,1.920897443285503e-05,1.5367179546284023e-05
2020-10-23,Mariposa,043,17540.0,2,0,2,0,0,0,0,0,2,0,2,0,0,0,0.0001140250855188,0.0001140250855188,0.0
2020-10-23,Mendocino,045,87422.0,1,0,0,0,1,0,0,0,1,0,1,0,0,0,1.1438768273432316e-05,1.1438768273432316e-05,0.0
2020-10-23,Merced,047,269075.0,5,0,5,0,0,0,0,0,1,0,3,0,2,0,3.71643593793552e-06,1.114930781380656e-05,7.43287187587104e-06
2020-10-23,Modoc,049,8938.0,0,0,0,0,0,0,0,0,0,0,0,0,0,0,0.0,0.0,0.0
2020-10-23,Mono,051,14174.0,0,0,0,0,0,0,0,0,0,0,0,0,0,0,0.0,0.0,0.0
2020-10-23,Monterey,053,433212.0,4,1,0,0,4,1,0,0,4,1,4,1,0,0,9.233354570048845e-06,9.233354570048845e-06,0.0
2020-10-23,Napa,055,140530.0,1,0,1,0,0,0,0,0,1,0,1,0,0,0,7.11591830925781e-06,7.11591830925781e-06,0.0
2020-10-23,Nevada,057,99092.0,2,0,2,0,0,0,0,0,0,0,1,0,1,0,0.0,1.009163201873007e-05,1.009163201873007e-05
2020-10-23,Orange,059,3164182.0,174,3,139,3,30,0,5,0,35,3,107,3,72,0,1.1061310632574231e-05,3.3816006791012654e-05,2.275469615843842e-05
2020-10-23,Placer,061,380077.0,27,1,22,1,5,0,0,0,3,1,15,1,12,0,7.893137443202299e-06,3.946568721601149e-05,3.1572549772809195e-05
2020-10-23,Plumas,063,18699.0,0,0,0,0,0,0,0,0,0,0,0,0,0,0,0.0,0.0,0.0
2020-10-23,Riverside,065,2383286.0,67,0,24,0,42,0,1,0,13,0,41,0,28,0,5.454653784732508e-06,1.7203138859540987e-05,1.174848507480848e-05
2020-10-23,Sacramento,067,1510023.0,203,3,136,3,67,0,0,0,19,2,111,2,92,1,1.2582589801612292e-05,7.350881410415602e-05,6.0926224302543735e-05
2020-10-23,San Benito,069,59416.0,0,0,0,0,0,0,0,0,0,0,0,0,0,0,0.0,0.0,0.0
2020-10-23,San Bernardino,071,2135413.0,28,0,8,0,20,0,0,0,8,0,18,0,10,0,3.746347896168095e-06,8.429282766378214e-06,4.682934870210119e-06
2020-10-23,San Diego,073,3302833.0,628,5,214,1,413,4,1,0,57,2,339,2,282,3,1.7257911617087513e-05,0.0001026391585647,8.538124694769611e-05
2020-10-23,San Francisco,075,870044.0,48,1,36,0,12,1,0,0,4,1,26,1,22,0,4.597468633770247e-06,2.98835461195066e-05,2.5286077485736355e-05
2020-10-23,San Joaquin,077,732212.0,17,0,11,0,6,0,0,0,2,0,10,0,8,0,2.731449361660284e-06,1.3657246808301422e-05,1.0925797446641135e-05
2020-10-23,San Luis Obispo,079,281455.0,4,0,1,0,3,0,0,0,2,0,3,0,1,0,7.10593167646693e-06,1.0658897514700396e-05,3.552965838233465e-06
2020-10-23,San Mateo,081,765935.0,38,0,33,0,5,0,0,0,5,0,21,0,16,0,6.5279690835384205e-06,2.7417470150861366e-05,2.0889501067322944e-05
2020-10-23,Santa Barbara,083,443738.0,4,0,4,0,0,0,0,0,2,0,3,0,1,0,4.507164137396392e-06,6.760746206094587e-06,2.253582068698196e-06
2020-10-23,Santa Clara,085,1922200.0,139,1,130,0,9,1,0,0,8,0,75,0,67,1,4.161897825408386e-06,3.901779211320362e-05,3.485589428779524e-05
2020-10-23,Santa Cruz,087,273765.0,5,0,4,0,1,0,0,0,1,0,3,0,2,0,3.652767884864756e-06,1.095830365459427e-05,7.305535769729512e-06
2020-10-23,Shasta,089,179085.0,340,1,126,0,214,1,0,0,20,0,180,0,160,1,0.0001116788117374,0.0010051093056369,0.0008934304938995
2020-10-23,Sierra,091,2930.0,0,0,0,0,0,0,0,0,0,0,0,0,0,0,0.0,0.0,0.0
2020-10-23,Siskiyou,093,43540.0,11,0,7,0,4,0,0,0,1,0,6,0,5,0,2.296738631143776e-05,0.0001378043178686,0.0001148369315571
2020-10-23,Solano,095,438530.0,6,0,6,0,0,0,0,0,0,0,3,0,3,0,0.0,6.841037101224546e-06,6.841037101224546e-06
2020-10-23,Sonoma,097,501317.0,7,0,4,0,3,0,0,0,2,0,5,0,3,0,3.989491678917731e-06,9.973729197294326e-06,5.984237518376596e-06
2020-10-23,Stanislaus,099,539301.0,17,0,15,0,2,0,0,0,7,0,12,0,5,0,1.2979764547071115e-05,2.22510249378362e-05,9.271260390765084e-06
2020-10-23,Sutter,101,95872.0,2,0,0,0,2,0,0,0,0,0,1,0,1,0,0.0,1.0430574098798398e-05,1.0430574098798398e-05
2020-10-23,Tehama,103,63373.0,26,0,7,0,19,0,0,0,2,0,14,0,12,0,3.1559181354835657e-05,0.0002209142694838,0.000189355088129
2020-10-23,Trinity,105,12862.0,2,0,0,0,2,0,0,0,0,0,1,0,1,0,0.0,7.774840615767377e-05,7.774840615767377e-05
2020-10-23,Tulare,107,460477.0,3,0,2,0,1,0,0,0,1,0,2,0,1,0,2.171661125311362e-06,4.343322250622724e-06,2.171661125311362e-06
2020-10-23,Tuolumne,109,53932.0,2,0,1,0,1,0,0,0,2,0,2,0,0,0,3.708373507379664e-05,3.708373507379664e-05,0.0
2020-10-23,Ventura,111,848112.0,31,0,22,0,8,0,1,0,4,0,18,0,14,0,4.7163582168392855e-06,2.1223611975776783e-05,1.6507253758937497e-05
2020-10-23,Yolo,113,214977.0,61,1,41,1,20,0,0,0,3,1,32,1,29,0,1.3954981230550245e-05,0.0001488531331258,0.0001348981518953
2020-10-23,Yuba,115,75493.0,2,0,0,0,2,0,0,0,0,0,1,0,1,0,0.0,1.3246261242764227e-05,1.3246261242764227e-05
2020-10-22,Alameda,001,1643700.0,90,0,83,0,7,0,0,0,7,0,49,0,42,0,4.258684674819006e-06,2.981079272373304e-05,2.555210804891404e-05
2020-10-22,Alpine,003,1148.0,0,0,0,0,0,0,0,0,0,0,0,0,0,0,0.0,0.0,0.0
2020-10-22,Amador,005,37829.0,0,0,0,0,0,0,0,0,0,0,0,0,0,0,0.0,0.0,0.0
2020-10-22,Butte,007,227075.0,20,0,10,0,10,0,0,0,10,0,15,0,5,0,4.403831333259936e-05,6.605746999889905e-05,2.201915666629968e-05
2020-10-22,Calaveras,009,45235.0,1,0,1,0,0,0,0,0,1,0,1,0,0,0,2.2106775726760254e-05,2.2106775726760254e-05,0.0
2020-10-22,Colusa,011,21464.0,0,0,0,0,0,0,0,0,0,0,0,0,0,0,0.0,0.0,0.0
2020-10-22,Contra Costa,013,1133247.0,116,1,108,1,8,0,0,0,5,0,61,0,56,1,4.4121008041494924e-06,5.382762981062381e-05,4.941552900647432e-05
2020-10-22,Del Norte,015,27424.0,2,0,1,0,1,0,0,0,2,0,2,0,0,0,7.292882147024503e-05,7.292882147024503e-05,0.0
2020-10-22,El Dorado,017,186661.0,12,0,8,0,4,0,0,0,0,0,6,0,6,0,0.0,3.214383293778561e-05,3.214383293778561e-05
2020-10-22,Fresno,019,978130.0,9,0,6,0,3,0,0,0,5,0,7,0,2,0,5.111794955680738e-06,7.156512937953033e-06,2.044717982272295e-06
2020-10-22,Glenn,021,27897.0,4,0,2,0,2,0,0,0,0,0,2,0,2,0,0.0,7.169229666272359e-05,7.169229666272359e-05
2020-10-22,Humboldt,023,135768.0,1,0,1,0,0,0,0,0,1,0,1,0,0,0,7.365505862942667e-06,7.365505862942667e-06,0.0
2020-10-22,Imperial,025,180216.0,2,0,0,0,2,0,0,0,2,0,2,0,0,0,1.109779375860079e-05,1.109779375860079e-05,0.0
2020-10-22,Inyo,027,18085.0,0,0,0,0,0,0,0,0,0,0,0,0,0,0,0.0,0.0,0.0
2020-10-22,Kern,029,883053.0,4,0,3,0,1,0,0,0,2,0,3,0,1,0,2.264869719031587e-06,3.397304578547381e-06,1.1324348595157936e-06
2020-10-22,Kings,031,150075.0,0,0,0,0,0,0,0,0,0,0,0,0,0,0,0.0,0.0,0.0
2020-10-22,Lake,033,64148.0,0,0,0,0,0,0,0,0,0,0,0,0,0,0,0.0,0.0,0.0
2020-10-22,Lassen,035,31185.0,2,0,0,0,2,0,0,0,0,0,1,0,1,0,0.0,3.20666987333654e-05,3.20666987333654e-05
2020-10-22,Los Angeles,037,10098052.0,731,4,615,2,103,2,13,0,91,4,418,4,327,0,9.01163907652684e-06,4.139412235151889e-05,3.238248327499205e-05
2020-10-22,Madera,039,155013.0,4,0,3,0,0,0,1,0,1,0,2,0,1,0,6.451071845587144e-06,1.2902143691174288e-05,6.451071845587144e-06
2020-10-22,Marin,041,260295.0,9,0,9,0,0,0,0,0,1,0,5,0,4,0,3.841794886571006e-06,1.920897443285503e-05,1.5367179546284023e-05
2020-10-22,Mariposa,043,17540.0,2,1,2,1,0,0,0,0,2,1,2,1,0,0,0.0001140250855188,0.0001140250855188,0.0
2020-10-22,Mendocino,045,87422.0,1,0,0,0,1,0,0,0,1,0,1,0,0,0,1.1438768273432316e-05,1.1438768273432316e-05,0.0
2020-10-22,Merced,047,269075.0,5,0,5,0,0,0,0,0,1,0,3,0,2,0,3.71643593793552e-06,1.114930781380656e-05,7.43287187587104e-06
2020-10-22,Modoc,049,8938.0,0,0,0,0,0,0,0,0,0,0,0,0,0,0,0.0,0.0,0.0
2020-10-22,Mono,051,14174.0,0,0,0,0,0,0,0,0,0,0,0,0,0,0,0.0,0.0,0.0
2020-10-22,Monterey,053,433212.0,3,0,0,0,3,0,0,0,3,0,3,0,0,0,6.925015927536633e-06,6.925015927536633e-06,0.0
2020-10-22,Napa,055,140530.0,1,0,1,0,0,0,0,0,1,0,1,0,0,0,7.11591830925781e-06,7.11591830925781e-06,0.0
2020-10-22,Nevada,057,99092.0,2,0,2,0,0,0,0,0,0,0,1,0,1,0,0.0,1.009163201873007e-05,1.009163201873007e-05
2020-10-22,Orange,059,3164182.0,171,0,136,0,30,0,5,0,32,0,104,0,72,0,1.0113198292639298e-05,3.286789445107772e-05,2.275469615843842e-05
2020-10-22,Placer,061,380077.0,26,1,21,1,5,0,0,0,2,1,14,1,12,0,5.2620916288015326e-06,3.683464140161073e-05,3.1572549772809195e-05
2020-10-22,Plumas,063,18699.0,0,0,0,0,0,0,0,0,0,0,0,0,0,0,0.0,0.0,0.0
2020-10-22,Riverside,065,2383286.0,67,1,24,1,42,0,1,0,13,1,41,1,28,0,5.454653784732508e-06,1.7203138859540987e-05,1.174848507480848e-05
2020-10-22,Sacramento,067,1510023.0,200,1,133,0,67,1,0,0,18,0,109,0,91,1,1.1920348233106384e-05,7.21843309671442e-05,6.026398273403783e-05
2020-10-22,San Benito,069,59416.0,0,0,0,0,0,0,0,0,0,0,0,0,0,0,0.0,0.0,0.0
2020-10-22,San Bernardino,071,2135413.0,28,0,8,0,20,0,0,0,8,0,18,0,10,0,3.746347896168095e-06,8.429282766378214e-06,4.682934870210119e-06
2020-10-22,San Diego,073,3302833.0,623,6,213,5,409,1,1,0,58,5,337,5,279,1,1.756068199633466e-05,0.0001020336178062,8.447293580995466e-05
2020-10-22,San Francisco,075,870044.0,47,0,36,0,11,0,0,0,3,0,25,0,22,0,3.4481014753276845e-06,2.873417896106404e-05,2.5286077485736355e-05
2020-10-22,San Joaquin,077,732212.0,17,0,11,0,6,0,0,0,2,0,10,0,8,0,2.731449361660284e-06,1.3657246808301422e-05,1.0925797446641135e-05
2020-10-22,San Luis Obispo,079,281455.0,4,1,1,0,3,1,0,0,2,1,3,1,1,0,7.10593167646693e-06,1.0658897514700396e-05,3.552965838233465e-06
2020-10-22,San Mateo,081,765935.0,38,0,33,0,5,0,0,0,5,0,21,0,16,0,6.5279690835384205e-06,2.7417470150861366e-05,2.0889501067322944e-05
2020-10-22,Santa Barbara,083,443738.0,4,0,4,0,0,0,0,0,2,0,3,0,1,0,4.507164137396392e-06,6.760746206094587e-06,2.253582068698196e-06
2020-10-22,Santa Clara,085,1922200.0,138,0,130,0,8,0,0,0,9,0,75,0,66,0,4.6821350535844345e-06,3.901779211320362e-05,3.4335657059619186e-05
2020-10-22,Santa Cruz,087,273765.0,5,0,4,0,1,0,0,0,1,0,3,0,2,0,3.652767884864756e-06,1.095830365459427e-05,7.305535769729512e-06
2020-10-22,Shasta,089,179085.0,339,0,126,0,213,0,0,0,21,0,180,0,159,0,0.0001172627523243,0.0010051093056369,0.0008878465533126
2020-10-22,Sierra,091,2930.0,0,0,0,0,0,0,0,0,0,0,0,0,0,0,0.0,0.0,0.0
2020-10-22,Siskiyou,093,43540.0,11,0,7,0,4,0,0,0,1,0,6,0,5,0,2.296738631143776e-05,0.0001378043178686,0.0001148369315571
2020-10-22,Solano,095,438530.0,6,0,6,0,0,0,0,0,0,0,3,0,3,0,0.0,6.841037101224546e-06,6.841037101224546e-06
2020-10-22,Sonoma,097,501317.0,7,0,4,0,3,0,0,0,2,0,5,0,3,0,3.989491678917731e-06,9.973729197294326e-06,5.984237518376596e-06
2020-10-22,Stanislaus,099,539301.0,17,0,15,0,2,0,0,0,7,0,12,0,5,0,1.2979764547071115e-05,2.22510249378362e-05,9.271260390765084e-06
2020-10-22,Sutter,101,95872.0,2,0,0,0,2,0,0,0,0,0,1,0,1,0,0.0,1.0430574098798398e-05,1.0430574098798398e-05
2020-10-22,Tehama,103,63373.0,26,0,7,0,19,0,0,0,2,0,14,0,12,0,3.1559181354835657e-05,0.0002209142694838,0.000189355088129
2020-10-22,Trinity,105,12862.0,2,0,0,0,2,0,0,0,0,0,1,0,1,0,0.0,7.774840615767377e-05,7.774840615767377e-05
2020-10-22,Tulare,107,460477.0,3,0,2,0,1,0,0,0,1,0,2,0,1,0,2.171661125311362e-06,4.343322250622724e-06,2.171661125311362e-06
2020-10-22,Tuolumne,109,53932.0,2,0,1,0,1,0,0,0,2,0,2,0,0,0,3.708373507379664e-05,3.708373507379664e-05,0.0
2020-10-22,Ventura,111,848112.0,31,0,22,0,8,0,1,0,4,0,18,0,14,0,4.7163582168392855e-06,2.1223611975776783e-05,1.6507253758937497e-05
2020-10-22,Yolo,113,214977.0,60,0,40,0,20,0,0,0,2,0,31,0,29,0,9.30332082036683e-06,0.0001442014727156,0.0001348981518953
2020-10-22,Yuba,115,75493.0,2,0,0,0,2,0,0,0,0,0,1,0,1,0,0.0,1.3246261242764227e-05,1.3246261242764227e-05
2020-10-21,Alameda,001,1643700.0,90,0,83,0,7,0,0,0,7,0,49,0,42,0,4.258684674819006e-06,2.981079272373304e-05,2.555210804891404e-05
2020-10-21,Alpine,003,1148.0,0,0,0,0,0,0,0,0,0,0,0,0,0,0,0.0,0.0,0.0
2020-10-21,Amador,005,37829.0,0,0,0,0,0,0,0,0,0,0,0,0,0,0,0.0,0.0,0.0
2020-10-21,Butte,007,227075.0,20,0,10,0,10,0,0,0,10,0,15,0,5,0,4.403831333259936e-05,6.605746999889905e-05,2.201915666629968e-05
2020-10-21,Calaveras,009,45235.0,1,0,1,0,0,0,0,0,1,0,1,0,0,0,2.2106775726760254e-05,2.2106775726760254e-05,0.0
2020-10-21,Colusa,011,21464.0,0,0,0,0,0,0,0,0,0,0,0,0,0,0,0.0,0.0,0.0
2020-10-21,Contra Costa,013,1133247.0,115,0,107,0,8,0,0,0,6,0,61,0,55,0,5.294520964979391e-06,5.382762981062381e-05,4.8533108845644416e-05
2020-10-21,Del Norte,015,27424.0,2,0,1,0,1,0,0,0,2,0,2,0,0,0,7.292882147024503e-05,7.292882147024503e-05,0.0
2020-10-21,El Dorado,017,186661.0,12,0,8,0,4,0,0,0,0,0,6,0,6,0,0.0,3.214383293778561e-05,3.214383293778561e-05
2020-10-21,Fresno,019,978130.0,9,0,6,0,3,0,0,0,5,0,7,0,2,0,5.111794955680738e-06,7.156512937953033e-06,2.044717982272295e-06
2020-10-21,Glenn,021,27897.0,4,0,2,0,2,0,0,0,0,0,2,0,2,0,0.0,7.169229666272359e-05,7.169229666272359e-05
2020-10-21,Humboldt,023,135768.0,1,0,1,0,0,0,0,0,1,0,1,0,0,0,7.365505862942667e-06,7.365505862942667e-06,0.0
2020-10-21,Imperial,025,180216.0,2,0,0,0,2,0,0,0,2,0,2,0,0,0,1.109779375860079e-05,1.109779375860079e-05,0.0
2020-10-21,Inyo,027,18085.0,0,0,0,0,0,0,0,0,0,0,0,0,0,0,0.0,0.0,0.0
2020-10-21,Kern,029,883053.0,4,0,3,0,1,0,0,0,2,0,3,0,1,0,2.264869719031587e-06,3.397304578547381e-06,1.1324348595157936e-06
2020-10-21,Kings,031,150075.0,0,0,0,0,0,0,0,0,0,0,0,0,0,0,0.0,0.0,0.0
2020-10-21,Lake,033,64148.0,0,0,0,0,0,0,0,0,0,0,0,0,0,0,0.0,0.0,0.0
2020-10-21,Lassen,035,31185.0,2,0,0,0,2,0,0,0,0,0,1,0,1,0,0.0,3.20666987333654e-05,3.20666987333654e-05
2020-10-21,Los Angeles,037,10098052.0,727,7,613,4,101,3,13,0,87,5,414,5,327,2,8.615523073163022e-06,4.099800634815507e-05,3.238248327499205e-05
2020-10-21,Madera,039,155013.0,4,0,3,0,0,0,1,0,1,0,2,0,1,0,6.451071845587144e-06,1.2902143691174288e-05,6.451071845587144e-06
2020-10-21,Marin,041,260295.0,9,0,9,0,0,0,0,0,1,0,5,0,4,0,3.841794886571006e-06,1.920897443285503e-05,1.5367179546284023e-05
2020-10-21,Mariposa,043,17540.0,1,0,1,0,0,0,0,0,1,0,1,0,0,0,5.701254275940707e-05,5.701254275940707e-05,0.0
2020-10-21,Mendocino,045,87422.0,1,0,0,0,1,0,0,0,1,0,1,0,0,0,1.1438768273432316e-05,1.1438768273432316e-05,0.0
2020-10-21,Merced,047,269075.0,5,0,5,0,0,0,0,0,1,0,3,0,2,0,3.71643593793552e-06,1.114930781380656e-05,7.43287187587104e-06
2020-10-21,Modoc,049,8938.0,0,0,0,0,0,0,0,0,0,0,0,0,0,0,0.0,0.0,0.0
2020-10-21,Mono,051,14174.0,0,0,0,0,0,0,0,0,0,0,0,0,0,0,0.0,0.0,0.0
2020-10-21,Monterey,053,433212.0,3,0,0,0,3,0,0,0,3,0,3,0,0,0,6.925015927536633e-06,6.925015927536633e-06,0.0
2020-10-21,Napa,055,140530.0,1,0,1,0,0,0,0,0,1,0,1,0,0,0,7.11591830925781e-06,7.11591830925781e-06,0.0
2020-10-21,Nevada,057,99092.0,2,0,2,0,0,0,0,0,0,0,1,0,1,0,0.0,1.009163201873007e-05,1.009163201873007e-05
2020-10-21,Orange,059,3164182.0,171,3,136,2,30,1,5,0,32,2,104,2,72,1,1.0113198292639298e-05,3.286789445107772e-05,2.275469615843842e-05
2020-10-21,Placer,061,380077.0,25,0,20,0,5,0,0,0,1,0,13,0,12,0,2.6310458144007663e-06,3.420359558720996e-05,3.1572549772809195e-05
2020-10-21,Plumas,063,18699.0,0,0,0,0,0,0,0,0,0,0,0,0,0,0,0.0,0.0,0.0
2020-10-21,Riverside,065,2383286.0,66,0,23,0,42,0,1,0,12,0,40,0,28,0,5.035065032060777e-06,1.6783550106869255e-05,1.174848507480848e-05
2020-10-21,Sacramento,067,1510023.0,199,1,133,1,66,0,0,0,19,1,109,1,90,0,1.2582589801612292e-05,7.21843309671442e-05,5.960174116553192e-05
2020-10-21,San Benito,069,59416.0,0,0,0,0,0,0,0,0,0,0,0,0,0,0,0.0,0.0,0.0
2020-10-21,San Bernardino,071,2135413.0,28,0,8,0,20,0,0,0,8,0,18,0,10,0,3.746347896168095e-06,8.429282766378214e-06,4.682934870210119e-06
2020-10-21,San Diego,073,3302833.0,617,10,208,5,408,5,1,0,54,5,332,5,278,5,1.6349600479346065e-05,0.00010051976591,8.417016543070752e-05
2020-10-21,San Francisco,075,870044.0,47,1,36,1,11,0,0,0,3,1,25,1,22,0,3.4481014753276845e-06,2.873417896106404e-05,2.5286077485736355e-05
2020-10-21,San Joaquin,077,732212.0,17,0,11,0,6,0,0,0,2,0,10,0,8,0,2.731449361660284e-06,1.3657246808301422e-05,1.0925797446641135e-05
2020-10-21,San Luis Obispo,079,281455.0,3,0,1,0,2,0,0,0,1,0,2,0,1,0,3.552965838233465e-06,7.10593167646693e-06,3.552965838233465e-06
2020-10-21,San Mateo,081,765935.0,38,0,33,0,5,0,0,0,5,0,21,0,16,0,6.5279690835384205e-06,2.7417470150861366e-05,2.0889501067322944e-05
2020-10-21,Santa Barbara,083,443738.0,4,0,4,0,0,0,0,0,2,0,3,0,1,0,4.507164137396392e-06,6.760746206094587e-06,2.253582068698196e-06
2020-10-21,Santa Clara,085,1922200.0,138,0,130,0,8,0,0,0,9,0,75,0,66,0,4.6821350535844345e-06,3.901779211320362e-05,3.4335657059619186e-05
2020-10-21,Santa Cruz,087,273765.0,5,0,4,0,1,0,0,0,1,0,3,0,2,0,3.652767884864756e-06,1.095830365459427e-05,7.305535769729512e-06
2020-10-21,Shasta,089,179085.0,339,0,126,0,213,0,0,0,21,0,180,0,159,0,0.0001172627523243,0.0010051093056369,0.0008878465533126
2020-10-21,Sierra,091,2930.0,0,0,0,0,0,0,0,0,0,0,0,0,0,0,0.0,0.0,0.0
2020-10-21,Siskiyou,093,43540.0,11,0,7,0,4,0,0,0,1,0,6,0,5,0,2.296738631143776e-05,0.0001378043178686,0.0001148369315571
2020-10-21,Solano,095,438530.0,6,0,6,0,0,0,0,0,0,0,3,0,3,0,0.0,6.841037101224546e-06,6.841037101224546e-06
2020-10-21,Sonoma,097,501317.0,7,0,4,0,3,0,0,0,2,0,5,0,3,0,3.989491678917731e-06,9.973729197294326e-06,5.984237518376596e-06
2020-10-21,Stanislaus,099,539301.0,17,0,15,0,2,0,0,0,7,0,12,0,5,0,1.2979764547071115e-05,2.22510249378362e-05,9.271260390765084e-06
2020-10-21,Sutter,101,95872.0,2,0,0,0,2,0,0,0,0,0,1,0,1,0,0.0,1.0430574098798398e-05,1.0430574098798398e-05
2020-10-21,Tehama,103,63373.0,26,0,7,0,19,0,0,0,2,0,14,0,12,0,3.1559181354835657e-05,0.0002209142694838,0.000189355088129
2020-10-21,Trinity,105,12862.0,2,0,0,0,2,0,0,0,0,0,1,0,1,0,0.0,7.774840615767377e-05,7.774840615767377e-05
2020-10-21,Tulare,107,460477.0,3,0,2,0,1,0,0,0,1,0,2,0,1,0,2.171661125311362e-06,4.343322250622724e-06,2.171661125311362e-06
2020-10-21,Tuolumne,109,53932.0,2,0,1,0,1,0,0,0,2,0,2,0,0,0,3.708373507379664e-05,3.708373507379664e-05,0.0
2020-10-21,Ventura,111,848112.0,31,0,22,0,8,0,1,0,4,0,18,0,14,0,4.7163582168392855e-06,2.1223611975776783e-05,1.6507253758937497e-05
2020-10-21,Yolo,113,214977.0,60,0,40,0,20,0,0,0,2,0,31,0,29,0,9.30332082036683e-06,0.0001442014727156,0.0001348981518953
2020-10-21,Yuba,115,75493.0,2,0,0,0,2,0,0,0,0,0,1,0,1,0,0.0,1.3246261242764227e-05,1.3246261242764227e-05
2020-10-20,Alameda,001,1643700.0,90,1,83,0,7,1,0,0,7,1,49,1,42,0,4.258684674819006e-06,2.981079272373304e-05,2.555210804891404e-05
2020-10-20,Alpine,003,1148.0,0,0,0,0,0,0,0,0,0,0,0,0,0,0,0.0,0.0,0.0
2020-10-20,Amador,005,37829.0,0,0,0,0,0,0,0,0,0,0,0,0,0,0,0.0,0.0,0.0
2020-10-20,Butte,007,227075.0,20,0,10,0,10,0,0,0,10,0,15,0,5,0,4.403831333259936e-05,6.605746999889905e-05,2.201915666629968e-05
2020-10-20,Calaveras,009,45235.0,1,0,1,0,0,0,0,0,1,0,1,0,0,0,2.2106775726760254e-05,2.2106775726760254e-05,0.0
2020-10-20,Colusa,011,21464.0,0,0,0,0,0,0,0,0,0,0,0,0,0,0,0.0,0.0,0.0
2020-10-20,Contra Costa,013,1133247.0,115,0,107,0,8,0,0,0,6,0,61,0,55,0,5.294520964979391e-06,5.382762981062381e-05,4.8533108845644416e-05
2020-10-20,Del Norte,015,27424.0,2,0,1,0,1,0,0,0,2,0,2,0,0,0,7.292882147024503e-05,7.292882147024503e-05,0.0
2020-10-20,El Dorado,017,186661.0,12,0,8,0,4,0,0,0,0,0,6,0,6,0,0.0,3.214383293778561e-05,3.214383293778561e-05
2020-10-20,Fresno,019,978130.0,9,1,6,0,3,1,0,0,5,1,7,1,2,0,5.111794955680738e-06,7.156512937953033e-06,2.044717982272295e-06
2020-10-20,Glenn,021,27897.0,4,0,2,0,2,0,0,0,0,0,2,0,2,0,0.0,7.169229666272359e-05,7.169229666272359e-05
2020-10-20,Humboldt,023,135768.0,1,0,1,0,0,0,0,0,1,0,1,0,0,0,7.365505862942667e-06,7.365505862942667e-06,0.0
2020-10-20,Imperial,025,180216.0,2,0,0,0,2,0,0,0,2,0,2,0,0,0,1.109779375860079e-05,1.109779375860079e-05,0.0
2020-10-20,Inyo,027,18085.0,0,0,0,0,0,0,0,0,0,0,0,0,0,0,0.0,0.0,0.0
2020-10-20,Kern,029,883053.0,4,0,3,0,1,0,0,0,2,0,3,0,1,0,2.264869719031587e-06,3.397304578547381e-06,1.1324348595157936e-06
2020-10-20,Kings,031,150075.0,0,0,0,0,0,0,0,0,0,0,0,0,0,0,0.0,0.0,0.0
2020-10-20,Lake,033,64148.0,0,0,0,0,0,0,0,0,0,0,0,0,0,0,0.0,0.0,0.0
2020-10-20,Lassen,035,31185.0,2,0,0,0,2,0,0,0,0,0,1,0,1,0,0.0,3.20666987333654e-05,3.20666987333654e-05
2020-10-20,Los Angeles,037,10098052.0,720,4,609,1,98,3,13,0,84,3,409,3,325,1,8.31843607064016e-06,4.05028613439503e-05,3.218442527331014e-05
2020-10-20,Madera,039,155013.0,4,0,3,0,0,0,1,0,1,0,2,0,1,0,6.451071845587144e-06,1.2902143691174288e-05,6.451071845587144e-06
2020-10-20,Marin,041,260295.0,9,0,9,0,0,0,0,0,1,0,5,0,4,0,3.841794886571006e-06,1.920897443285503e-05,1.5367179546284023e-05
2020-10-20,Mariposa,043,17540.0,1,0,1,0,0,0,0,0,1,0,1,0,0,0,5.701254275940707e-05,5.701254275940707e-05,0.0
2020-10-20,Mendocino,045,87422.0,1,0,0,0,1,0,0,0,1,0,1,0,0,0,1.1438768273432316e-05,1.1438768273432316e-05,0.0
2020-10-20,Merced,047,269075.0,5,0,5,0,0,0,0,0,1,0,3,0,2,0,3.71643593793552e-06,1.114930781380656e-05,7.43287187587104e-06
2020-10-20,Modoc,049,8938.0,0,0,0,0,0,0,0,0,0,0,0,0,0,0,0.0,0.0,0.0
2020-10-20,Mono,051,14174.0,0,0,0,0,0,0,0,0,0,0,0,0,0,0,0.0,0.0,0.0
2020-10-20,Monterey,053,433212.0,3,0,0,0,3,0,0,0,3,0,3,0,0,0,6.925015927536633e-06,6.925015927536633e-06,0.0
2020-10-20,Napa,055,140530.0,1,1,1,1,0,0,0,0,1,1,1,1,0,0,7.11591830925781e-06,7.11591830925781e-06,0.0
2020-10-20,Nevada,057,99092.0,2,0,2,0,0,0,0,0,0,0,1,0,1,0,0.0,1.009163201873007e-05,1.009163201873007e-05
2020-10-20,Orange,059,3164182.0,168,1,134,0,29,1,5,0,31,1,102,1,71,0,9.79716084599432e-06,3.223581955778776e-05,2.243865871179344e-05
2020-10-20,Placer,061,380077.0,25,0,20,0,5,0,0,0,1,0,13,0,12,0,2.6310458144007663e-06,3.420359558720996e-05,3.1572549772809195e-05
2020-10-20,Plumas,063,18699.0,0,0,0,0,0,0,0,0,0,0,0,0,0,0,0.0,0.0,0.0
2020-10-20,Riverside,065,2383286.0,66,1,23,1,42,0,1,0,12,1,40,1,28,0,5.035065032060777e-06,1.6783550106869255e-05,1.174848507480848e-05
2020-10-20,Sacramento,067,1510023.0,198,0,132,0,66,0,0,0,18,0,108,0,90,0,1.1920348233106384e-05,7.15220893986383e-05,5.960174116553192e-05
2020-10-20,San Benito,069,59416.0,0,0,0,0,0,0,0,0,0,0,0,0,0,0,0.0,0.0,0.0
2020-10-20,San Bernardino,071,2135413.0,28,1,8,0,20,1,0,0,8,1,18,1,10,0,3.746347896168095e-06,8.429282766378214e-06,4.682934870210119e-06
2020-10-20,San Diego,073,3302833.0,607,4,203,1,403,3,1,0,54,2,327,2,273,1,1.6349600479346065e-05,9.900591401381784e-05,8.265631353447177e-05
2020-10-20,San Francisco,075,870044.0,46,0,35,0,11,0,0,0,2,0,24,0,22,0,2.2987343168851237e-06,2.758481180262148e-05,2.5286077485736355e-05
2020-10-20,San Joaquin,077,732212.0,17,1,11,0,6,1,0,0,2,1,10,1,8,0,2.731449361660284e-06,1.3657246808301422e-05,1.0925797446641135e-05
2020-10-20,San Luis Obispo,079,281455.0,3,0,1,0,2,0,0,0,1,0,2,0,1,0,3.552965838233465e-06,7.10593167646693e-06,3.552965838233465e-06
2020-10-20,San Mateo,081,765935.0,38,0,33,0,5,0,0,0,5,0,21,0,16,0,6.5279690835384205e-06,2.7417470150861366e-05,2.0889501067322944e-05
2020-10-20,Santa Barbara,083,443738.0,4,0,4,0,0,0,0,0,2,0,3,0,1,0,4.507164137396392e-06,6.760746206094587e-06,2.253582068698196e-06
2020-10-20,Santa Clara,085,1922200.0,138,0,130,0,8,0,0,0,9,0,75,0,66,0,4.6821350535844345e-06,3.901779211320362e-05,3.4335657059619186e-05
2020-10-20,Santa Cruz,087,273765.0,5,0,4,0,1,0,0,0,1,0,3,0,2,0,3.652767884864756e-06,1.095830365459427e-05,7.305535769729512e-06
2020-10-20,Shasta,089,179085.0,339,1,126,0,213,1,0,0,21,0,180,0,159,1,0.0001172627523243,0.0010051093056369,0.0008878465533126
2020-10-20,Sierra,091,2930.0,0,0,0,0,0,0,0,0,0,0,0,0,0,0,0.0,0.0,0.0
2020-10-20,Siskiyou,093,43540.0,11,0,7,0,4,0,0,0,1,0,6,0,5,0,2.296738631143776e-05,0.0001378043178686,0.0001148369315571
2020-10-20,Solano,095,438530.0,6,0,6,0,0,0,0,0,0,0,3,0,3,0,0.0,6.841037101224546e-06,6.841037101224546e-06
2020-10-20,Sonoma,097,501317.0,7,0,4,0,3,0,0,0,2,0,5,0,3,0,3.989491678917731e-06,9.973729197294326e-06,5.984237518376596e-06
2020-10-20,Stanislaus,099,539301.0,17,1,15,1,2,0,0,0,7,1,12,1,5,0,1.2979764547071115e-05,2.22510249378362e-05,9.271260390765084e-06
2020-10-20,Sutter,101,95872.0,2,0,0,0,2,0,0,0,0,0,1,0,1,0,0.0,1.0430574098798398e-05,1.0430574098798398e-05
2020-10-20,Tehama,103,63373.0,26,0,7,0,19,0,0,0,2,0,14,0,12,0,3.1559181354835657e-05,0.0002209142694838,0.000189355088129
2020-10-20,Trinity,105,12862.0,2,0,0,0,2,0,0,0,0,0,1,0,1,0,0.0,7.774840615767377e-05,7.774840615767377e-05
2020-10-20,Tulare,107,460477.0,3,0,2,0,1,0,0,0,1,0,2,0,1,0,2.171661125311362e-06,4.343322250622724e-06,2.171661125311362e-06
2020-10-20,Tuolumne,109,53932.0,2,0,1,0,1,0,0,0,2,0,2,0,0,0,3.708373507379664e-05,3.708373507379664e-05,0.0
2020-10-20,Ventura,111,848112.0,31,0,22,0,8,0,1,0,4,0,18,0,14,0,4.7163582168392855e-06,2.1223611975776783e-05,1.6507253758937497e-05
2020-10-20,Yolo,113,214977.0,60,0,40,0,20,0,0,0,2,0,31,0,29,0,9.30332082036683e-06,0.0001442014727156,0.0001348981518953
2020-10-20,Yuba,115,75493.0,2,0,0,0,2,0,0,0,0,0,1,0,1,0,0.0,1.3246261242764227e-05,1.3246261242764227e-05
2020-10-19,Alameda,001,1643700.0,89,0,83,0,6,0,0,0,6,0,48,0,42,0,3.6503011498448623e-06,2.9202409198758895e-05,2.555210804891404e-05
2020-10-19,Alpine,003,1148.0,0,0,0,0,0,0,0,0,0,0,0,0,0,0,0.0,0.0,0.0
2020-10-19,Amador,005,37829.0,0,0,0,0,0,0,0,0,0,0,0,0,0,0,0.0,0.0,0.0
2020-10-19,Butte,007,227075.0,20,1,10,1,10,0,0,0,10,1,15,1,5,0,4.403831333259936e-05,6.605746999889905e-05,2.201915666629968e-05
2020-10-19,Calaveras,009,45235.0,1,0,1,0,0,0,0,0,1,0,1,0,0,0,2.2106775726760254e-05,2.2106775726760254e-05,0.0
2020-10-19,Colusa,011,21464.0,0,0,0,0,0,0,0,0,0,0,0,0,0,0,0.0,0.0,0.0
2020-10-19,Contra Costa,013,1133247.0,115,1,107,1,8,0,0,0,6,1,61,1,55,0,5.294520964979391e-06,5.382762981062381e-05,4.8533108845644416e-05
2020-10-19,Del Norte,015,27424.0,2,1,1,1,1,0,0,0,2,1,2,1,0,0,7.292882147024503e-05,7.292882147024503e-05,0.0
2020-10-19,El Dorado,017,186661.0,12,0,8,0,4,0,0,0,0,0,6,0,6,0,0.0,3.214383293778561e-05,3.214383293778561e-05
2020-10-19,Fresno,019,978130.0,8,0,6,0,2,0,0,0,4,0,6,0,2,0,4.08943596454459e-06,6.134153946816885e-06,2.044717982272295e-06
2020-10-19,Glenn,021,27897.0,4,0,2,0,2,0,0,0,0,0,2,0,2,0,0.0,7.169229666272359e-05,7.169229666272359e-05
2020-10-19,Humboldt,023,135768.0,1,0,1,0,0,0,0,0,1,0,1,0,0,0,7.365505862942667e-06,7.365505862942667e-06,0.0
2020-10-19,Imperial,025,180216.0,2,0,0,0,2,0,0,0,2,0,2,0,0,0,1.109779375860079e-05,1.109779375860079e-05,0.0
2020-10-19,Inyo,027,18085.0,0,0,0,0,0,0,0,0,0,0,0,0,0,0,0.0,0.0,0.0
2020-10-19,Kern,029,883053.0,4,0,3,0,1,0,0,0,2,0,3,0,1,0,2.264869719031587e-06,3.397304578547381e-06,1.1324348595157936e-06
2020-10-19,Kings,031,150075.0,0,0,0,0,0,0,0,0,0,0,0,0,0,0,0.0,0.0,0.0
2020-10-19,Lake,033,64148.0,0,0,0,0,0,0,0,0,0,0,0,0,0,0,0.0,0.0,0.0
2020-10-19,Lassen,035,31185.0,2,0,0,0,2,0,0,0,0,0,1,0,1,0,0.0,3.20666987333654e-05,3.20666987333654e-05
2020-10-19,Los Angeles,037,10098052.0,716,14,608,12,95,2,13,0,82,11,406,11,324,3,8.12037806895825e-06,4.020577434142744e-05,3.2085396272469186e-05
2020-10-19,Madera,039,155013.0,4,1,3,0,0,0,1,1,1,0,2,1,1,1,6.451071845587144e-06,1.2902143691174288e-05,6.451071845587144e-06
2020-10-19,Marin,041,260295.0,9,0,9,0,0,0,0,0,1,0,5,0,4,0,3.841794886571006e-06,1.920897443285503e-05,1.5367179546284023e-05
2020-10-19,Mariposa,043,17540.0,1,0,1,0,0,0,0,0,1,0,1,0,0,0,5.701254275940707e-05,5.701254275940707e-05,0.0
2020-10-19,Mendocino,045,87422.0,1,0,0,0,1,0,0,0,1,0,1,0,0,0,1.1438768273432316e-05,1.1438768273432316e-05,0.0
2020-10-19,Merced,047,269075.0,5,0,5,0,0,0,0,0,1,0,3,0,2,0,3.71643593793552e-06,1.114930781380656e-05,7.43287187587104e-06
2020-10-19,Modoc,049,8938.0,0,0,0,0,0,0,0,0,0,0,0,0,0,0,0.0,0.0,0.0
2020-10-19,Mono,051,14174.0,0,0,0,0,0,0,0,0,0,0,0,0,0,0,0.0,0.0,0.0
2020-10-19,Monterey,053,433212.0,3,0,0,0,3,0,0,0,3,0,3,0,0,0,6.925015927536633e-06,6.925015927536633e-06,0.0
2020-10-19,Napa,055,140530.0,0,0,0,0,0,0,0,0,0,0,0,0,0,0,0.0,0.0,0.0
2020-10-19,Nevada,057,99092.0,2,0,2,0,0,0,0,0,0,0,1,0,1,0,0.0,1.009163201873007e-05,1.009163201873007e-05
2020-10-19,Orange,059,3164182.0,167,1,134,1,28,0,5,0,30,1,101,1,71,0,9.481123399349342e-06,3.191978211114279e-05,2.243865871179344e-05
2020-10-19,Placer,061,380077.0,25,0,20,0,5,0,0,0,1,0,13,0,12,0,2.6310458144007663e-06,3.420359558720996e-05,3.1572549772809195e-05
2020-10-19,Plumas,063,18699.0,0,0,0,0,0,0,0,0,0,0,0,0,0,0,0.0,0.0,0.0
2020-10-19,Riverside,065,2383286.0,65,0,22,0,42,0,1,0,11,0,39,0,28,0,4.615476279389045e-06,1.6363961354197524e-05,1.174848507480848e-05
2020-10-19,Sacramento,067,1510023.0,198,1,132,0,66,1,0,0,18,0,108,0,90,1,1.1920348233106384e-05,7.15220893986383e-05,5.960174116553192e-05
2020-10-19,San Benito,069,59416.0,0,0,0,0,0,0,0,0,0,0,0,0,0,0,0.0,0.0,0.0
2020-10-19,San Bernardino,071,2135413.0,27,0,8,0,19,0,0,0,7,0,17,0,10,0,3.278054409147083e-06,7.9609892793572e-06,4.682934870210119e-06
2020-10-19,San Diego,073,3302833.0,603,3,202,1,400,2,1,0,53,1,325,1,272,2,1.6046830100098914e-05,9.840037325532352e-05,8.235354315522462e-05
2020-10-19,San Francisco,075,870044.0,46,1,35,0,11,1,0,0,2,0,24,0,22,1,2.2987343168851237e-06,2.758481180262148e-05,2.5286077485736355e-05
2020-10-19,San Joaquin,077,732212.0,16,0,11,0,5,0,0,0,1,0,9,0,8,0,1.365724680830142e-06,1.2291522127471278e-05,1.0925797446641135e-05
2020-10-19,San Luis Obispo,079,281455.0,3,0,1,0,2,0,0,0,1,0,2,0,1,0,3.552965838233465e-06,7.10593167646693e-06,3.552965838233465e-06
2020-10-19,San Mateo,081,765935.0,38,0,33,0,5,0,0,0,5,0,21,0,16,0,6.5279690835384205e-06,2.7417470150861366e-05,2.0889501067322944e-05
2020-10-19,Santa Barbara,083,443738.0,4,0,4,0,0,0,0,0,2,0,3,0,1,0,4.507164137396392e-06,6.760746206094587e-06,2.253582068698196e-06
2020-10-19,Santa Clara,085,1922200.0,138,0,130,0,8,0,0,0,9,0,75,0,66,0,4.6821350535844345e-06,3.901779211320362e-05,3.4335657059619186e-05
2020-10-19,Santa Cruz,087,273765.0,5,0,4,0,1,0,0,0,1,0,3,0,2,0,3.652767884864756e-06,1.095830365459427e-05,7.305535769729512e-06
2020-10-19,Shasta,089,179085.0,338,6,126,6,212,0,0,0,22,6,180,6,158,0,0.0001228466929111,0.0010051093056369,0.0008822626127258
2020-10-19,Sierra,091,2930.0,0,0,0,0,0,0,0,0,0,0,0,0,0,0,0.0,0.0,0.0
2020-10-19,Siskiyou,093,43540.0,11,0,7,0,4,0,0,0,1,0,6,0,5,0,2.296738631143776e-05,0.0001378043178686,0.0001148369315571
2020-10-19,Solano,095,438530.0,6,0,6,0,0,0,0,0,0,0,3,0,3,0,0.0,6.841037101224546e-06,6.841037101224546e-06
2020-10-19,Sonoma,097,501317.0,7,0,4,0,3,0,0,0,2,0,5,0,3,0,3.989491678917731e-06,9.973729197294326e-06,5.984237518376596e-06
2020-10-19,Stanislaus,099,539301.0,16,0,14,0,2,0,0,0,6,0,11,0,5,0,1.11255124689181e-05,2.0396772859683185e-05,9.271260390765084e-06
2020-10-19,Sutter,101,95872.0,2,0,0,0,2,0,0,0,0,0,1,0,1,0,0.0,1.0430574098798398e-05,1.0430574098798398e-05
2020-10-19,Tehama,103,63373.0,26,1,7,1,19,0,0,0,2,1,14,1,12,0,3.1559181354835657e-05,0.0002209142694838,0.000189355088129
2020-10-19,Trinity,105,12862.0,2,0,0,0,2,0,0,0,0,0,1,0,1,0,0.0,7.774840615767377e-05,7.774840615767377e-05
2020-10-19,Tulare,107,460477.0,3,0,2,0,1,0,0,0,1,0,2,0,1,0,2.171661125311362e-06,4.343322250622724e-06,2.171661125311362e-06
2020-10-19,Tuolumne,109,53932.0,2,0,1,0,1,0,0,0,2,0,2,0,0,0,3.708373507379664e-05,3.708373507379664e-05,0.0
2020-10-19,Ventura,111,848112.0,31,0,22,0,8,0,1,0,4,0,18,0,14,0,4.7163582168392855e-06,2.1223611975776783e-05,1.6507253758937497e-05
2020-10-19,Yolo,113,214977.0,60,0,40,0,20,0,0,0,2,0,31,0,29,0,9.30332082036683e-06,0.0001442014727156,0.0001348981518953
2020-10-19,Yuba,115,75493.0,2,0,0,0,2,0,0,0,0,0,1,0,1,0,0.0,1.3246261242764227e-05,1.3246261242764227e-05
2020-10-18,Alameda,001,1643700.0,89,0,83,0,6,0,0,0,6,0,48,0,42,0,3.6503011498448623e-06,2.9202409198758895e-05,2.555210804891404e-05
2020-10-18,Alpine,003,1148.0,0,0,0,0,0,0,0,0,0,0,0,0,0,0,0.0,0.0,0.0
2020-10-18,Amador,005,37829.0,0,0,0,0,0,0,0,0,0,0,0,0,0,0,0.0,0.0,0.0
2020-10-18,Butte,007,227075.0,19,0,9,0,10,0,0,0,9,0,14,0,5,0,3.963448199933943e-05,6.16536386656391e-05,2.201915666629968e-05
2020-10-18,Calaveras,009,45235.0,1,0,1,0,0,0,0,0,1,0,1,0,0,0,2.2106775726760254e-05,2.2106775726760254e-05,0.0
2020-10-18,Colusa,011,21464.0,0,0,0,0,0,0,0,0,0,0,0,0,0,0,0.0,0.0,0.0
2020-10-18,Contra Costa,013,1133247.0,114,0,106,0,8,0,0,0,5,0,60,0,55,0,4.4121008041494924e-06,5.294520964979391e-05,4.8533108845644416e-05
2020-10-18,Del Norte,015,27424.0,1,0,0,0,1,0,0,0,1,0,1,0,0,0,3.646441073512252e-05,3.646441073512252e-05,0.0
2020-10-18,El Dorado,017,186661.0,12,0,8,0,4,0,0,0,0,0,6,0,6,0,0.0,3.214383293778561e-05,3.214383293778561e-05
2020-10-18,Fresno,019,978130.0,8,0,6,0,2,0,0,0,4,0,6,0,2,0,4.08943596454459e-06,6.134153946816885e-06,2.044717982272295e-06
2020-10-18,Glenn,021,27897.0,4,0,2,0,2,0,0,0,0,0,2,0,2,0,0.0,7.169229666272359e-05,7.169229666272359e-05
2020-10-18,Humboldt,023,135768.0,1,0,1,0,0,0,0,0,1,0,1,0,0,0,7.365505862942667e-06,7.365505862942667e-06,0.0
2020-10-18,Imperial,025,180216.0,2,0,0,0,2,0,0,0,2,0,2,0,0,0,1.109779375860079e-05,1.109779375860079e-05,0.0
2020-10-18,Inyo,027,18085.0,0,0,0,0,0,0,0,0,0,0,0,0,0,0,0.0,0.0,0.0
2020-10-18,Kern,029,883053.0,4,0,3,0,1,0,0,0,2,0,3,0,1,0,2.264869719031587e-06,3.397304578547381e-06,1.1324348595157936e-06
2020-10-18,Kings,031,150075.0,0,0,0,0,0,0,0,0,0,0,0,0,0,0,0.0,0.0,0.0
2020-10-18,Lake,033,64148.0,0,0,0,0,0,0,0,0,0,0,0,0,0,0,0.0,0.0,0.0
2020-10-18,Lassen,035,31185.0,2,0,0,0,2,0,0,0,0,0,1,0,1,0,0.0,3.20666987333654e-05,3.20666987333654e-05
2020-10-18,Los Angeles,037,10098052.0,702,1,596,1,93,0,13,0,74,1,395,1,321,0,7.328146062230616e-06,3.911645533217694e-05,3.1788309269946324e-05
2020-10-18,Madera,039,155013.0,3,0,3,0,0,0,0,0,1,0,1,0,0,0,6.451071845587144e-06,6.451071845587144e-06,0.0
2020-10-18,Marin,041,260295.0,9,0,9,0,0,0,0,0,1,0,5,0,4,0,3.841794886571006e-06,1.920897443285503e-05,1.5367179546284023e-05
2020-10-18,Mariposa,043,17540.0,1,0,1,0,0,0,0,0,1,0,1,0,0,0,5.701254275940707e-05,5.701254275940707e-05,0.0
2020-10-18,Mendocino,045,87422.0,1,0,0,0,1,0,0,0,1,0,1,0,0,0,1.1438768273432316e-05,1.1438768273432316e-05,0.0
2020-10-18,Merced,047,269075.0,5,0,5,0,0,0,0,0,1,0,3,0,2,0,3.71643593793552e-06,1.114930781380656e-05,7.43287187587104e-06
2020-10-18,Modoc,049,8938.0,0,0,0,0,0,0,0,0,0,0,0,0,0,0,0.0,0.0,0.0
2020-10-18,Mono,051,14174.0,0,0,0,0,0,0,0,0,0,0,0,0,0,0,0.0,0.0,0.0
2020-10-18,Monterey,053,433212.0,3,0,0,0,3,0,0,0,3,0,3,0,0,0,6.925015927536633e-06,6.925015927536633e-06,0.0
2020-10-18,Napa,055,140530.0,0,0,0,0,0,0,0,0,0,0,0,0,0,0,0.0,0.0,0.0
2020-10-18,Nevada,057,99092.0,2,0,2,0,0,0,0,0,0,0,1,0,1,0,0.0,1.009163201873007e-05,1.009163201873007e-05
2020-10-18,Orange,059,3164182.0,166,0,133,0,28,0,5,0,29,0,100,0,71,0,9.165085952704363e-06,3.1603744664497805e-05,2.243865871179344e-05
2020-10-18,Placer,061,380077.0,25,0,20,0,5,0,0,0,1,0,13,0,12,0,2.6310458144007663e-06,3.420359558720996e-05,3.1572549772809195e-05
2020-10-18,Plumas,063,18699.0,0,0,0,0,0,0,0,0,0,0,0,0,0,0,0.0,0.0,0.0
2020-10-18,Riverside,065,2383286.0,65,1,22,1,42,0,1,0,11,1,39,1,28,0,4.615476279389045e-06,1.6363961354197524e-05,1.174848507480848e-05
2020-10-18,Sacramento,067,1510023.0,197,0,132,0,65,0,0,0,19,0,108,0,89,0,1.2582589801612292e-05,7.15220893986383e-05,5.893949959702601e-05
2020-10-18,San Benito,069,59416.0,0,0,0,0,0,0,0,0,0,0,0,0,0,0,0.0,0.0,0.0
2020-10-18,San Bernardino,071,2135413.0,27,0,8,0,19,0,0,0,7,0,17,0,10,0,3.278054409147083e-06,7.9609892793572e-06,4.682934870210119e-06
2020-10-18,San Diego,073,3302833.0,600,0,201,0,398,0,1,0,54,0,324,0,270,0,1.6349600479346065e-05,9.80976028760764e-05,8.174800239673032e-05
2020-10-18,San Francisco,075,870044.0,45,0,35,0,10,0,0,0,3,0,24,0,21,0,3.4481014753276845e-06,2.758481180262148e-05,2.413671032729379e-05
2020-10-18,San Joaquin,077,732212.0,16,0,11,0,5,0,0,0,1,0,9,0,8,0,1.365724680830142e-06,1.2291522127471278e-05,1.0925797446641135e-05
2020-10-18,San Luis Obispo,079,281455.0,3,0,1,0,2,0,0,0,1,0,2,0,1,0,3.552965838233465e-06,7.10593167646693e-06,3.552965838233465e-06
2020-10-18,San Mateo,081,765935.0,38,0,33,0,5,0,0,0,5,0,21,0,16,0,6.5279690835384205e-06,2.7417470150861366e-05,2.0889501067322944e-05
2020-10-18,Santa Barbara,083,443738.0,4,0,4,0,0,0,0,0,2,0,3,0,1,0,4.507164137396392e-06,6.760746206094587e-06,2.253582068698196e-06
2020-10-18,Santa Clara,085,1922200.0,138,0,130,0,8,0,0,0,9,0,75,0,66,0,4.6821350535844345e-06,3.901779211320362e-05,3.4335657059619186e-05
2020-10-18,Santa Cruz,087,273765.0,5,0,4,0,1,0,0,0,1,0,3,0,2,0,3.652767884864756e-06,1.095830365459427e-05,7.305535769729512e-06
2020-10-18,Shasta,089,179085.0,332,0,120,0,212,0,0,0,16,0,174,0,158,0,8.934304938995449e-05,0.0009716056621157,0.0008822626127258
2020-10-18,Sierra,091,2930.0,0,0,0,0,0,0,0,0,0,0,0,0,0,0,0.0,0.0,0.0
2020-10-18,Siskiyou,093,43540.0,11,0,7,0,4,0,0,0,1,0,6,0,5,0,2.296738631143776e-05,0.0001378043178686,0.0001148369315571
2020-10-18,Solano,095,438530.0,6,0,6,0,0,0,0,0,0,0,3,0,3,0,0.0,6.841037101224546e-06,6.841037101224546e-06
2020-10-18,Sonoma,097,501317.0,7,0,4,0,3,0,0,0,2,0,5,0,3,0,3.989491678917731e-06,9.973729197294326e-06,5.984237518376596e-06
2020-10-18,Stanislaus,099,539301.0,16,0,14,0,2,0,0,0,6,0,11,0,5,0,1.11255124689181e-05,2.0396772859683185e-05,9.271260390765084e-06
2020-10-18,Sutter,101,95872.0,2,0,0,0,2,0,0,0,0,0,1,0,1,0,0.0,1.0430574098798398e-05,1.0430574098798398e-05
2020-10-18,Tehama,103,63373.0,25,0,6,0,19,0,0,0,1,0,13,0,12,0,1.5779590677417828e-05,0.0002051346788064,0.000189355088129
2020-10-18,Trinity,105,12862.0,2,0,0,0,2,0,0,0,0,0,1,0,1,0,0.0,7.774840615767377e-05,7.774840615767377e-05
2020-10-18,Tulare,107,460477.0,3,0,2,0,1,0,0,0,1,0,2,0,1,0,2.171661125311362e-06,4.343322250622724e-06,2.171661125311362e-06
2020-10-18,Tuolumne,109,53932.0,2,1,1,1,1,0,0,0,2,1,2,1,0,0,3.708373507379664e-05,3.708373507379664e-05,0.0
2020-10-18,Ventura,111,848112.0,31,0,22,0,8,0,1,0,4,0,18,0,14,0,4.7163582168392855e-06,2.1223611975776783e-05,1.6507253758937497e-05
2020-10-18,Yolo,113,214977.0,60,0,40,0,20,0,0,0,2,0,31,0,29,0,9.30332082036683e-06,0.0001442014727156,0.0001348981518953
2020-10-18,Yuba,115,75493.0,2,0,0,0,2,0,0,0,0,0,1,0,1,0,0.0,1.3246261242764227e-05,1.3246261242764227e-05
2020-10-17,Alameda,001,1643700.0,89,0,83,0,6,0,0,0,6,0,48,0,42,0,3.6503011498448623e-06,2.9202409198758895e-05,2.555210804891404e-05
2020-10-17,Alpine,003,1148.0,0,0,0,0,0,0,0,0,0,0,0,0,0,0,0.0,0.0,0.0
2020-10-17,Amador,005,37829.0,0,0,0,0,0,0,0,0,0,0,0,0,0,0,0.0,0.0,0.0
2020-10-17,Butte,007,227075.0,19,0,9,0,10,0,0,0,9,0,14,0,5,0,3.963448199933943e-05,6.16536386656391e-05,2.201915666629968e-05
2020-10-17,Calaveras,009,45235.0,1,0,1,0,0,0,0,0,1,0,1,0,0,0,2.2106775726760254e-05,2.2106775726760254e-05,0.0
2020-10-17,Colusa,011,21464.0,0,0,0,0,0,0,0,0,0,0,0,0,0,0,0.0,0.0,0.0
2020-10-17,Contra Costa,013,1133247.0,114,0,106,0,8,0,0,0,5,0,60,0,55,0,4.4121008041494924e-06,5.294520964979391e-05,4.8533108845644416e-05
2020-10-17,Del Norte,015,27424.0,1,0,0,0,1,0,0,0,1,0,1,0,0,0,3.646441073512252e-05,3.646441073512252e-05,0.0
2020-10-17,El Dorado,017,186661.0,12,0,8,0,4,0,0,0,0,0,6,0,6,0,0.0,3.214383293778561e-05,3.214383293778561e-05
2020-10-17,Fresno,019,978130.0,8,0,6,0,2,0,0,0,4,0,6,0,2,0,4.08943596454459e-06,6.134153946816885e-06,2.044717982272295e-06
2020-10-17,Glenn,021,27897.0,4,0,2,0,2,0,0,0,0,0,2,0,2,0,0.0,7.169229666272359e-05,7.169229666272359e-05
2020-10-17,Humboldt,023,135768.0,1,0,1,0,0,0,0,0,1,0,1,0,0,0,7.365505862942667e-06,7.365505862942667e-06,0.0
2020-10-17,Imperial,025,180216.0,2,0,0,0,2,0,0,0,2,0,2,0,0,0,1.109779375860079e-05,1.109779375860079e-05,0.0
2020-10-17,Inyo,027,18085.0,0,0,0,0,0,0,0,0,0,0,0,0,0,0,0.0,0.0,0.0
2020-10-17,Kern,029,883053.0,4,0,3,0,1,0,0,0,2,0,3,0,1,0,2.264869719031587e-06,3.397304578547381e-06,1.1324348595157936e-06
2020-10-17,Kings,031,150075.0,0,0,0,0,0,0,0,0,0,0,0,0,0,0,0.0,0.0,0.0
2020-10-17,Lake,033,64148.0,0,0,0,0,0,0,0,0,0,0,0,0,0,0,0.0,0.0,0.0
2020-10-17,Lassen,035,31185.0,2,0,0,0,2,0,0,0,0,0,1,0,1,0,0.0,3.20666987333654e-05,3.20666987333654e-05
2020-10-17,Los Angeles,037,10098052.0,701,2,595,2,93,0,13,0,73,1,394,1,321,1,7.229117061389662e-06,3.901742633133599e-05,3.1788309269946324e-05
2020-10-17,Madera,039,155013.0,3,0,3,0,0,0,0,0,1,0,1,0,0,0,6.451071845587144e-06,6.451071845587144e-06,0.0
2020-10-17,Marin,041,260295.0,9,0,9,0,0,0,0,0,1,0,5,0,4,0,3.841794886571006e-06,1.920897443285503e-05,1.5367179546284023e-05
2020-10-17,Mariposa,043,17540.0,1,0,1,0,0,0,0,0,1,0,1,0,0,0,5.701254275940707e-05,5.701254275940707e-05,0.0
2020-10-17,Mendocino,045,87422.0,1,0,0,0,1,0,0,0,1,0,1,0,0,0,1.1438768273432316e-05,1.1438768273432316e-05,0.0
2020-10-17,Merced,047,269075.0,5,0,5,0,0,0,0,0,1,0,3,0,2,0,3.71643593793552e-06,1.114930781380656e-05,7.43287187587104e-06
2020-10-17,Modoc,049,8938.0,0,0,0,0,0,0,0,0,0,0,0,0,0,0,0.0,0.0,0.0
2020-10-17,Mono,051,14174.0,0,0,0,0,0,0,0,0,0,0,0,0,0,0,0.0,0.0,0.0
2020-10-17,Monterey,053,433212.0,3,0,0,0,3,0,0,0,3,0,3,0,0,0,6.925015927536633e-06,6.925015927536633e-06,0.0
2020-10-17,Napa,055,140530.0,0,0,0,0,0,0,0,0,0,0,0,0,0,0,0.0,0.0,0.0
2020-10-17,Nevada,057,99092.0,2,0,2,0,0,0,0,0,0,0,1,0,1,0,0.0,1.009163201873007e-05,1.009163201873007e-05
2020-10-17,Orange,059,3164182.0,166,2,133,2,28,0,5,0,29,2,100,2,71,0,9.165085952704363e-06,3.1603744664497805e-05,2.243865871179344e-05
2020-10-17,Placer,061,380077.0,25,0,20,0,5,0,0,0,1,0,13,0,12,0,2.6310458144007663e-06,3.420359558720996e-05,3.1572549772809195e-05
2020-10-17,Plumas,063,18699.0,0,0,0,0,0,0,0,0,0,0,0,0,0,0,0.0,0.0,0.0
2020-10-17,Riverside,065,2383286.0,64,0,21,0,42,0,1,0,10,0,38,0,28,0,4.195887526717314e-06,1.5944372601525793e-05,1.174848507480848e-05
2020-10-17,Sacramento,067,1510023.0,197,1,132,1,65,0,0,0,19,1,108,1,89,0,1.2582589801612292e-05,7.15220893986383e-05,5.893949959702601e-05
2020-10-17,San Benito,069,59416.0,0,0,0,0,0,0,0,0,0,0,0,0,0,0,0.0,0.0,0.0
2020-10-17,San Bernardino,071,2135413.0,27,0,8,0,19,0,0,0,7,0,17,0,10,0,3.278054409147083e-06,7.9609892793572e-06,4.682934870210119e-06
2020-10-17,San Diego,073,3302833.0,600,4,201,1,398,3,1,0,54,1,324,1,270,3,1.6349600479346065e-05,9.80976028760764e-05,8.174800239673032e-05
2020-10-17,San Francisco,075,870044.0,45,0,35,0,10,0,0,0,3,0,24,0,21,0,3.4481014753276845e-06,2.758481180262148e-05,2.413671032729379e-05
2020-10-17,San Joaquin,077,732212.0,16,0,11,0,5,0,0,0,1,0,9,0,8,0,1.365724680830142e-06,1.2291522127471278e-05,1.0925797446641135e-05
2020-10-17,San Luis Obispo,079,281455.0,3,0,1,0,2,0,0,0,1,0,2,0,1,0,3.552965838233465e-06,7.10593167646693e-06,3.552965838233465e-06
2020-10-17,San Mateo,081,765935.0,38,0,33,0,5,0,0,0,5,0,21,0,16,0,6.5279690835384205e-06,2.7417470150861366e-05,2.0889501067322944e-05
2020-10-17,Santa Barbara,083,443738.0,4,0,4,0,0,0,0,0,2,0,3,0,1,0,4.507164137396392e-06,6.760746206094587e-06,2.253582068698196e-06
2020-10-17,Santa Clara,085,1922200.0,138,0,130,0,8,0,0,0,9,0,75,0,66,0,4.6821350535844345e-06,3.901779211320362e-05,3.4335657059619186e-05
2020-10-17,Santa Cruz,087,273765.0,5,0,4,0,1,0,0,0,1,0,3,0,2,0,3.652767884864756e-06,1.095830365459427e-05,7.305535769729512e-06
2020-10-17,Shasta,089,179085.0,332,0,120,0,212,0,0,0,16,0,174,0,158,0,8.934304938995449e-05,0.0009716056621157,0.0008822626127258
2020-10-17,Sierra,091,2930.0,0,0,0,0,0,0,0,0,0,0,0,0,0,0,0.0,0.0,0.0
2020-10-17,Siskiyou,093,43540.0,11,0,7,0,4,0,0,0,1,0,6,0,5,0,2.296738631143776e-05,0.0001378043178686,0.0001148369315571
2020-10-17,Solano,095,438530.0,6,0,6,0,0,0,0,0,0,0,3,0,3,0,0.0,6.841037101224546e-06,6.841037101224546e-06
2020-10-17,Sonoma,097,501317.0,7,0,4,0,3,0,0,0,2,0,5,0,3,0,3.989491678917731e-06,9.973729197294326e-06,5.984237518376596e-06
2020-10-17,Stanislaus,099,539301.0,16,0,14,0,2,0,0,0,6,0,11,0,5,0,1.11255124689181e-05,2.0396772859683185e-05,9.271260390765084e-06
2020-10-17,Sutter,101,95872.0,2,0,0,0,2,0,0,0,0,0,1,0,1,0,0.0,1.0430574098798398e-05,1.0430574098798398e-05
2020-10-17,Tehama,103,63373.0,25,0,6,0,19,0,0,0,1,0,13,0,12,0,1.5779590677417828e-05,0.0002051346788064,0.000189355088129
2020-10-17,Trinity,105,12862.0,2,0,0,0,2,0,0,0,0,0,1,0,1,0,0.0,7.774840615767377e-05,7.774840615767377e-05
2020-10-17,Tulare,107,460477.0,3,0,2,0,1,0,0,0,1,0,2,0,1,0,2.171661125311362e-06,4.343322250622724e-06,2.171661125311362e-06
2020-10-17,Tuolumne,109,53932.0,1,0,0,0,1,0,0,0,1,0,1,0,0,0,1.854186753689832e-05,1.854186753689832e-05,0.0
2020-10-17,Ventura,111,848112.0,31,0,22,0,8,0,1,0,4,0,18,0,14,0,4.7163582168392855e-06,2.1223611975776783e-05,1.6507253758937497e-05
2020-10-17,Yolo,113,214977.0,60,0,40,0,20,0,0,0,2,0,31,0,29,0,9.30332082036683e-06,0.0001442014727156,0.0001348981518953
2020-10-17,Yuba,115,75493.0,2,0,0,0,2,0,0,0,0,0,1,0,1,0,0.0,1.3246261242764227e-05,1.3246261242764227e-05
2020-10-16,Alameda,001,1643700.0,89,0,83,0,6,0,0,0,6,0,48,0,42,0,3.6503011498448623e-06,2.9202409198758895e-05,2.555210804891404e-05
2020-10-16,Alpine,003,1148.0,0,0,0,0,0,0,0,0,0,0,0,0,0,0,0.0,0.0,0.0
2020-10-16,Amador,005,37829.0,0,0,0,0,0,0,0,0,0,0,0,0,0,0,0.0,0.0,0.0
2020-10-16,Butte,007,227075.0,19,0,9,0,10,0,0,0,9,0,14,0,5,0,3.963448199933943e-05,6.16536386656391e-05,2.201915666629968e-05
2020-10-16,Calaveras,009,45235.0,1,0,1,0,0,0,0,0,1,0,1,0,0,0,2.2106775726760254e-05,2.2106775726760254e-05,0.0
2020-10-16,Colusa,011,21464.0,0,0,0,0,0,0,0,0,0,0,0,0,0,0,0.0,0.0,0.0
2020-10-16,Contra Costa,013,1133247.0,114,1,106,1,8,0,0,0,5,1,60,1,55,0,4.4121008041494924e-06,5.294520964979391e-05,4.8533108845644416e-05
2020-10-16,Del Norte,015,27424.0,1,0,0,0,1,0,0,0,1,0,1,0,0,0,3.646441073512252e-05,3.646441073512252e-05,0.0
2020-10-16,El Dorado,017,186661.0,12,0,8,0,4,0,0,0,0,0,6,0,6,0,0.0,3.214383293778561e-05,3.214383293778561e-05
2020-10-16,Fresno,019,978130.0,8,0,6,0,2,0,0,0,4,0,6,0,2,0,4.08943596454459e-06,6.134153946816885e-06,2.044717982272295e-06
2020-10-16,Glenn,021,27897.0,4,0,2,0,2,0,0,0,0,0,2,0,2,0,0.0,7.169229666272359e-05,7.169229666272359e-05
2020-10-16,Humboldt,023,135768.0,1,0,1,0,0,0,0,0,1,0,1,0,0,0,7.365505862942667e-06,7.365505862942667e-06,0.0
2020-10-16,Imperial,025,180216.0,2,0,0,0,2,0,0,0,2,0,2,0,0,0,1.109779375860079e-05,1.109779375860079e-05,0.0
2020-10-16,Inyo,027,18085.0,0,0,0,0,0,0,0,0,0,0,0,0,0,0,0.0,0.0,0.0
2020-10-16,Kern,029,883053.0,4,0,3,0,1,0,0,0,2,0,3,0,1,0,2.264869719031587e-06,3.397304578547381e-06,1.1324348595157936e-06
2020-10-16,Kings,031,150075.0,0,0,0,0,0,0,0,0,0,0,0,0,0,0,0.0,0.0,0.0
2020-10-16,Lake,033,64148.0,0,0,0,0,0,0,0,0,0,0,0,0,0,0,0.0,0.0,0.0
2020-10-16,Lassen,035,31185.0,2,0,0,0,2,0,0,0,0,0,1,0,1,0,0.0,3.20666987333654e-05,3.20666987333654e-05
2020-10-16,Los Angeles,037,10098052.0,699,11,593,10,93,1,13,0,73,3,393,3,320,8,7.229117061389662e-06,3.891839733049503e-05,3.168928026910537e-05
2020-10-16,Madera,039,155013.0,3,0,3,0,0,0,0,0,1,0,1,0,0,0,6.451071845587144e-06,6.451071845587144e-06,0.0
2020-10-16,Marin,041,260295.0,9,0,9,0,0,0,0,0,1,0,5,0,4,0,3.841794886571006e-06,1.920897443285503e-05,1.5367179546284023e-05
2020-10-16,Mariposa,043,17540.0,1,0,1,0,0,0,0,0,1,0,1,0,0,0,5.701254275940707e-05,5.701254275940707e-05,0.0
2020-10-16,Mendocino,045,87422.0,1,0,0,0,1,0,0,0,1,0,1,0,0,0,1.1438768273432316e-05,1.1438768273432316e-05,0.0
2020-10-16,Merced,047,269075.0,5,0,5,0,0,0,0,0,1,0,3,0,2,0,3.71643593793552e-06,1.114930781380656e-05,7.43287187587104e-06
2020-10-16,Modoc,049,8938.0,0,0,0,0,0,0,0,0,0,0,0,0,0,0,0.0,0.0,0.0
2020-10-16,Mono,051,14174.0,0,0,0,0,0,0,0,0,0,0,0,0,0,0,0.0,0.0,0.0
2020-10-16,Monterey,053,433212.0,3,0,0,0,3,0,0,0,3,0,3,0,0,0,6.925015927536633e-06,6.925015927536633e-06,0.0
2020-10-16,Napa,055,140530.0,0,0,0,0,0,0,0,0,0,0,0,0,0,0,0.0,0.0,0.0
2020-10-16,Nevada,057,99092.0,2,0,2,0,0,0,0,0,0,0,1,0,1,0,0.0,1.009163201873007e-05,1.009163201873007e-05
2020-10-16,Orange,059,3164182.0,164,3,131,2,28,0,5,1,27,1,98,2,71,2,8.533011059414407e-06,3.0971669771207854e-05,2.243865871179344e-05
2020-10-16,Placer,061,380077.0,25,0,20,0,5,0,0,0,1,0,13,0,12,0,2.6310458144007663e-06,3.420359558720996e-05,3.1572549772809195e-05
2020-10-16,Plumas,063,18699.0,0,0,0,0,0,0,0,0,0,0,0,0,0,0,0.0,0.0,0.0
2020-10-16,Riverside,065,2383286.0,64,1,21,0,42,1,1,0,10,0,38,0,28,1,4.195887526717314e-06,1.5944372601525793e-05,1.174848507480848e-05
2020-10-16,Sacramento,067,1510023.0,196,1,131,0,65,1,0,0,18,0,107,0,89,1,1.1920348233106384e-05,7.085984783013239e-05,5.893949959702601e-05
2020-10-16,San Benito,069,59416.0,0,0,0,0,0,0,0,0,0,0,0,0,0,0,0.0,0.0,0.0
2020-10-16,San Bernardino,071,2135413.0,27,1,8,0,19,1,0,0,7,1,17,1,10,0,3.278054409147083e-06,7.9609892793572e-06,4.682934870210119e-06
2020-10-16,San Diego,073,3302833.0,596,5,200,3,395,2,1,0,56,3,323,3,267,2,1.6955141237840362e-05,9.779483249682924e-05,8.083969125898887e-05
2020-10-16,San Francisco,075,870044.0,45,1,35,1,10,0,0,0,3,1,24,1,21,0,3.4481014753276845e-06,2.758481180262148e-05,2.413671032729379e-05
2020-10-16,San Joaquin,077,732212.0,16,0,11,0,5,0,0,0,1,0,9,0,8,0,1.365724680830142e-06,1.2291522127471278e-05,1.0925797446641135e-05
2020-10-16,San Luis Obispo,079,281455.0,3,0,1,0,2,0,0,0,1,0,2,0,1,0,3.552965838233465e-06,7.10593167646693e-06,3.552965838233465e-06
2020-10-16,San Mateo,081,765935.0,38,0,33,0,5,0,0,0,5,0,21,0,16,0,6.5279690835384205e-06,2.7417470150861366e-05,2.0889501067322944e-05
2020-10-16,Santa Barbara,083,443738.0,4,0,4,0,0,0,0,0,2,0,3,0,1,0,4.507164137396392e-06,6.760746206094587e-06,2.253582068698196e-06
2020-10-16,Santa Clara,085,1922200.0,138,1,130,1,8,0,0,0,9,0,75,1,66,1,4.6821350535844345e-06,3.901779211320362e-05,3.4335657059619186e-05
2020-10-16,Santa Cruz,087,273765.0,5,0,4,0,1,0,0,0,1,0,3,0,2,0,3.652767884864756e-06,1.095830365459427e-05,7.305535769729512e-06
2020-10-16,Shasta,089,179085.0,332,1,120,0,212,1,0,0,16,0,174,0,158,1,8.934304938995449e-05,0.0009716056621157,0.0008822626127258
2020-10-16,Sierra,091,2930.0,0,0,0,0,0,0,0,0,0,0,0,0,0,0,0.0,0.0,0.0
2020-10-16,Siskiyou,093,43540.0,11,0,7,0,4,0,0,0,1,0,6,0,5,0,2.296738631143776e-05,0.0001378043178686,0.0001148369315571
2020-10-16,Solano,095,438530.0,6,0,6,0,0,0,0,0,0,0,3,0,3,0,0.0,6.841037101224546e-06,6.841037101224546e-06
2020-10-16,Sonoma,097,501317.0,7,0,4,0,3,0,0,0,2,0,5,0,3,0,3.989491678917731e-06,9.973729197294326e-06,5.984237518376596e-06
2020-10-16,Stanislaus,099,539301.0,16,0,14,0,2,0,0,0,6,0,11,0,5,0,1.11255124689181e-05,2.0396772859683185e-05,9.271260390765084e-06
2020-10-16,Sutter,101,95872.0,2,0,0,0,2,0,0,0,0,0,1,0,1,0,0.0,1.0430574098798398e-05,1.0430574098798398e-05
2020-10-16,Tehama,103,63373.0,25,0,6,0,19,0,0,0,1,0,13,0,12,0,1.5779590677417828e-05,0.0002051346788064,0.000189355088129
2020-10-16,Trinity,105,12862.0,2,0,0,0,2,0,0,0,0,0,1,0,1,0,0.0,7.774840615767377e-05,7.774840615767377e-05
2020-10-16,Tulare,107,460477.0,3,0,2,0,1,0,0,0,1,0,2,0,1,0,2.171661125311362e-06,4.343322250622724e-06,2.171661125311362e-06
2020-10-16,Tuolumne,109,53932.0,1,0,0,0,1,0,0,0,1,0,1,0,0,0,1.854186753689832e-05,1.854186753689832e-05,0.0
2020-10-16,Ventura,111,848112.0,31,0,22,0,8,0,1,0,4,0,18,0,14,0,4.7163582168392855e-06,2.1223611975776783e-05,1.6507253758937497e-05
2020-10-16,Yolo,113,214977.0,60,0,40,0,20,0,0,0,2,0,31,0,29,0,9.30332082036683e-06,0.0001442014727156,0.0001348981518953
2020-10-16,Yuba,115,75493.0,2,0,0,0,2,0,0,0,0,0,1,0,1,0,0.0,1.3246261242764227e-05,1.3246261242764227e-05
2020-10-15,Alameda,001,1643700.0,89,0,83,0,6,0,0,0,6,0,48,0,42,0,3.6503011498448623e-06,2.9202409198758895e-05,2.555210804891404e-05
2020-10-15,Alpine,003,1148.0,0,0,0,0,0,0,0,0,0,0,0,0,0,0,0.0,0.0,0.0
2020-10-15,Amador,005,37829.0,0,0,0,0,0,0,0,0,0,0,0,0,0,0,0.0,0.0,0.0
2020-10-15,Butte,007,227075.0,19,0,9,0,10,0,0,0,9,0,14,0,5,0,3.963448199933943e-05,6.16536386656391e-05,2.201915666629968e-05
2020-10-15,Calaveras,009,45235.0,1,0,1,0,0,0,0,0,1,0,1,0,0,0,2.2106775726760254e-05,2.2106775726760254e-05,0.0
2020-10-15,Colusa,011,21464.0,0,0,0,0,0,0,0,0,0,0,0,0,0,0,0.0,0.0,0.0
2020-10-15,Contra Costa,013,1133247.0,113,0,105,0,8,0,0,0,4,0,59,0,55,0,3.529680643319594e-06,5.2062789488964015e-05,4.8533108845644416e-05
2020-10-15,Del Norte,015,27424.0,1,0,0,0,1,0,0,0,1,0,1,0,0,0,3.646441073512252e-05,3.646441073512252e-05,0.0
2020-10-15,El Dorado,017,186661.0,12,0,8,0,4,0,0,0,0,0,6,0,6,0,0.0,3.214383293778561e-05,3.214383293778561e-05
2020-10-15,Fresno,019,978130.0,8,0,6,0,2,0,0,0,4,0,6,0,2,0,4.08943596454459e-06,6.134153946816885e-06,2.044717982272295e-06
2020-10-15,Glenn,021,27897.0,4,0,2,0,2,0,0,0,0,0,2,0,2,0,0.0,7.169229666272359e-05,7.169229666272359e-05
2020-10-15,Humboldt,023,135768.0,1,0,1,0,0,0,0,0,1,0,1,0,0,0,7.365505862942667e-06,7.365505862942667e-06,0.0
2020-10-15,Imperial,025,180216.0,2,0,0,0,2,0,0,0,2,0,2,0,0,0,1.109779375860079e-05,1.109779375860079e-05,0.0
2020-10-15,Inyo,027,18085.0,0,0,0,0,0,0,0,0,0,0,0,0,0,0,0.0,0.0,0.0
2020-10-15,Kern,029,883053.0,4,0,3,0,1,0,0,0,2,0,3,0,1,0,2.264869719031587e-06,3.397304578547381e-06,1.1324348595157936e-06
2020-10-15,Kings,031,150075.0,0,0,0,0,0,0,0,0,0,0,0,0,0,0,0.0,0.0,0.0
2020-10-15,Lake,033,64148.0,0,0,0,0,0,0,0,0,0,0,0,0,0,0,0.0,0.0,0.0
2020-10-15,Lassen,035,31185.0,2,0,0,0,2,0,0,0,0,0,1,0,1,0,0.0,3.20666987333654e-05,3.20666987333654e-05
2020-10-15,Los Angeles,037,10098052.0,688,7,583,6,92,1,13,0,78,1,390,1,312,6,7.724262065594434e-06,3.862131032797217e-05,3.0897048262377736e-05
2020-10-15,Madera,039,155013.0,3,0,3,0,0,0,0,0,1,0,1,0,0,0,6.451071845587144e-06,6.451071845587144e-06,0.0
2020-10-15,Marin,041,260295.0,9,0,9,0,0,0,0,0,1,0,5,0,4,0,3.841794886571006e-06,1.920897443285503e-05,1.5367179546284023e-05
2020-10-15,Mariposa,043,17540.0,1,0,1,0,0,0,0,0,1,0,1,0,0,0,5.701254275940707e-05,5.701254275940707e-05,0.0
2020-10-15,Mendocino,045,87422.0,1,0,0,0,1,0,0,0,1,0,1,0,0,0,1.1438768273432316e-05,1.1438768273432316e-05,0.0
2020-10-15,Merced,047,269075.0,5,0,5,0,0,0,0,0,1,0,3,0,2,0,3.71643593793552e-06,1.114930781380656e-05,7.43287187587104e-06
2020-10-15,Modoc,049,8938.0,0,0,0,0,0,0,0,0,0,0,0,0,0,0,0.0,0.0,0.0
2020-10-15,Mono,051,14174.0,0,0,0,0,0,0,0,0,0,0,0,0,0,0,0.0,0.0,0.0
2020-10-15,Monterey,053,433212.0,3,0,0,0,3,0,0,0,3,0,3,0,0,0,6.925015927536633e-06,6.925015927536633e-06,0.0
2020-10-15,Napa,055,140530.0,0,0,0,0,0,0,0,0,0,0,0,0,0,0,0.0,0.0,0.0
2020-10-15,Nevada,057,99092.0,2,0,2,0,0,0,0,0,0,0,1,0,1,0,0.0,1.009163201873007e-05,1.009163201873007e-05
2020-10-15,Orange,059,3164182.0,161,1,129,1,28,0,4,0,27,0,96,0,69,1,8.533011059414407e-06,3.0339594877917893e-05,2.1806583818503487e-05
2020-10-15,Placer,061,380077.0,25,0,20,0,5,0,0,0,1,0,13,0,12,0,2.6310458144007663e-06,3.420359558720996e-05,3.1572549772809195e-05
2020-10-15,Plumas,063,18699.0,0,0,0,0,0,0,0,0,0,0,0,0,0,0,0.0,0.0,0.0
2020-10-15,Riverside,065,2383286.0,63,2,21,0,41,2,1,0,11,1,38,1,27,1,4.615476279389045e-06,1.5944372601525793e-05,1.1328896322136748e-05
2020-10-15,Sacramento,067,1510023.0,195,0,131,0,64,0,0,0,19,0,107,0,88,0,1.2582589801612292e-05,7.085984783013239e-05,5.82772580285201e-05
2020-10-15,San Benito,069,59416.0,0,0,0,0,0,0,0,0,0,0,0,0,0,0,0.0,0.0,0.0
2020-10-15,San Bernardino,071,2135413.0,26,1,8,1,18,0,0,0,6,0,16,0,10,1,2.809760922126071e-06,7.49269579233619e-06,4.682934870210119e-06
2020-10-15,San Diego,073,3302833.0,591,11,197,6,393,5,1,0,55,6,320,6,265,5,1.6652370858593214e-05,9.68865213590878e-05,8.023415050049457e-05
2020-10-15,San Francisco,075,870044.0,44,0,34,0,10,0,0,0,2,0,23,0,21,0,2.2987343168851237e-06,2.6435444644178915e-05,2.413671032729379e-05
2020-10-15,San Joaquin,077,732212.0,16,0,11,0,5,0,0,0,1,0,9,0,8,0,1.365724680830142e-06,1.2291522127471278e-05,1.0925797446641135e-05
2020-10-15,San Luis Obispo,079,281455.0,3,0,1,0,2,0,0,0,1,0,2,0,1,0,3.552965838233465e-06,7.10593167646693e-06,3.552965838233465e-06
2020-10-15,San Mateo,081,765935.0,38,0,33,0,5,0,0,0,5,0,21,0,16,0,6.5279690835384205e-06,2.7417470150861366e-05,2.0889501067322944e-05
2020-10-15,Santa Barbara,083,443738.0,4,0,4,0,0,0,0,0,2,0,3,0,1,0,4.507164137396392e-06,6.760746206094587e-06,2.253582068698196e-06
2020-10-15,Santa Clara,085,1922200.0,137,1,129,1,8,0,0,0,9,1,74,1,65,0,4.6821350535844345e-06,3.8497554885027575e-05,3.3815419831443137e-05
2020-10-15,Santa Cruz,087,273765.0,5,0,4,0,1,0,0,0,1,0,3,0,2,0,3.652767884864756e-06,1.095830365459427e-05,7.305535769729512e-06
2020-10-15,Shasta,089,179085.0,331,1,120,0,211,1,0,0,17,0,174,0,157,1,9.492698997682664e-05,0.0009716056621157,0.0008766786721389
2020-10-15,Sierra,091,2930.0,0,0,0,0,0,0,0,0,0,0,0,0,0,0,0.0,0.0,0.0
2020-10-15,Siskiyou,093,43540.0,11,0,7,0,4,0,0,0,1,0,6,0,5,0,2.296738631143776e-05,0.0001378043178686,0.0001148369315571
2020-10-15,Solano,095,438530.0,6,0,6,0,0,0,0,0,0,0,3,0,3,0,0.0,6.841037101224546e-06,6.841037101224546e-06
2020-10-15,Sonoma,097,501317.0,7,1,4,1,3,0,0,0,2,1,5,1,3,0,3.989491678917731e-06,9.973729197294326e-06,5.984237518376596e-06
2020-10-15,Stanislaus,099,539301.0,16,0,14,0,2,0,0,0,6,0,11,0,5,0,1.11255124689181e-05,2.0396772859683185e-05,9.271260390765084e-06
2020-10-15,Sutter,101,95872.0,2,0,0,0,2,0,0,0,0,0,1,0,1,0,0.0,1.0430574098798398e-05,1.0430574098798398e-05
2020-10-15,Tehama,103,63373.0,25,0,6,0,19,0,0,0,1,0,13,0,12,0,1.5779590677417828e-05,0.0002051346788064,0.000189355088129
2020-10-15,Trinity,105,12862.0,2,0,0,0,2,0,0,0,0,0,1,0,1,0,0.0,7.774840615767377e-05,7.774840615767377e-05
2020-10-15,Tulare,107,460477.0,3,0,2,0,1,0,0,0,1,0,2,0,1,0,2.171661125311362e-06,4.343322250622724e-06,2.171661125311362e-06
2020-10-15,Tuolumne,109,53932.0,1,0,0,0,1,0,0,0,1,0,1,0,0,0,1.854186753689832e-05,1.854186753689832e-05,0.0
2020-10-15,Ventura,111,848112.0,31,0,22,0,8,0,1,0,4,0,18,0,14,0,4.7163582168392855e-06,2.1223611975776783e-05,1.6507253758937497e-05
2020-10-15,Yolo,113,214977.0,60,1,40,1,20,0,0,0,2,0,31,0,29,0,9.30332082036683e-06,0.0001442014727156,0.0001348981518953
2020-10-15,Yuba,115,75493.0,2,0,0,0,2,0,0,0,0,0,1,0,1,0,0.0,1.3246261242764227e-05,1.3246261242764227e-05
2020-10-14,Alameda,001,1643700.0,89,0,83,0,6,0,0,0,6,0,48,0,42,0,3.6503011498448623e-06,2.9202409198758895e-05,2.555210804891404e-05
2020-10-14,Alpine,003,1148.0,0,0,0,0,0,0,0,0,0,0,0,0,0,0,0.0,0.0,0.0
2020-10-14,Amador,005,37829.0,0,0,0,0,0,0,0,0,0,0,0,0,0,0,0.0,0.0,0.0
2020-10-14,Butte,007,227075.0,19,0,9,0,10,0,0,0,9,0,14,0,5,0,3.963448199933943e-05,6.16536386656391e-05,2.201915666629968e-05
2020-10-14,Calaveras,009,45235.0,1,0,1,0,0,0,0,0,1,0,1,0,0,0,2.2106775726760254e-05,2.2106775726760254e-05,0.0
2020-10-14,Colusa,011,21464.0,0,0,0,0,0,0,0,0,0,0,0,0,0,0,0.0,0.0,0.0
2020-10-14,Contra Costa,013,1133247.0,113,0,105,0,8,0,0,0,4,0,59,0,55,0,3.529680643319594e-06,5.2062789488964015e-05,4.8533108845644416e-05
2020-10-14,Del Norte,015,27424.0,1,0,0,0,1,0,0,0,1,0,1,0,0,0,3.646441073512252e-05,3.646441073512252e-05,0.0
2020-10-14,El Dorado,017,186661.0,12,0,8,0,4,0,0,0,0,0,6,0,6,0,0.0,3.214383293778561e-05,3.214383293778561e-05
2020-10-14,Fresno,019,978130.0,8,0,6,0,2,0,0,0,4,0,6,0,2,0,4.08943596454459e-06,6.134153946816885e-06,2.044717982272295e-06
2020-10-14,Glenn,021,27897.0,4,0,2,0,2,0,0,0,0,0,2,0,2,0,0.0,7.169229666272359e-05,7.169229666272359e-05
2020-10-14,Humboldt,023,135768.0,1,0,1,0,0,0,0,0,1,0,1,0,0,0,7.365505862942667e-06,7.365505862942667e-06,0.0
2020-10-14,Imperial,025,180216.0,2,0,0,0,2,0,0,0,2,0,2,0,0,0,1.109779375860079e-05,1.109779375860079e-05,0.0
2020-10-14,Inyo,027,18085.0,0,0,0,0,0,0,0,0,0,0,0,0,0,0,0.0,0.0,0.0
2020-10-14,Kern,029,883053.0,4,0,3,0,1,0,0,0,2,0,3,0,1,0,2.264869719031587e-06,3.397304578547381e-06,1.1324348595157936e-06
2020-10-14,Kings,031,150075.0,0,0,0,0,0,0,0,0,0,0,0,0,0,0,0.0,0.0,0.0
2020-10-14,Lake,033,64148.0,0,0,0,0,0,0,0,0,0,0,0,0,0,0,0.0,0.0,0.0
2020-10-14,Lassen,035,31185.0,2,0,0,0,2,0,0,0,0,0,1,0,1,0,0.0,3.20666987333654e-05,3.20666987333654e-05
2020-10-14,Los Angeles,037,10098052.0,681,16,577,14,91,2,13,0,83,3,389,3,306,13,8.219407069799205e-06,3.8522281327131216e-05,3.0302874257332007e-05
2020-10-14,Madera,039,155013.0,3,0,3,0,0,0,0,0,1,0,1,0,0,0,6.451071845587144e-06,6.451071845587144e-06,0.0
2020-10-14,Marin,041,260295.0,9,0,9,0,0,0,0,0,1,0,5,0,4,0,3.841794886571006e-06,1.920897443285503e-05,1.5367179546284023e-05
2020-10-14,Mariposa,043,17540.0,1,0,1,0,0,0,0,0,1,0,1,0,0,0,5.701254275940707e-05,5.701254275940707e-05,0.0
2020-10-14,Mendocino,045,87422.0,1,0,0,0,1,0,0,0,1,0,1,0,0,0,1.1438768273432316e-05,1.1438768273432316e-05,0.0
2020-10-14,Merced,047,269075.0,5,0,5,0,0,0,0,0,1,0,3,0,2,0,3.71643593793552e-06,1.114930781380656e-05,7.43287187587104e-06
2020-10-14,Modoc,049,8938.0,0,0,0,0,0,0,0,0,0,0,0,0,0,0,0.0,0.0,0.0
2020-10-14,Mono,051,14174.0,0,0,0,0,0,0,0,0,0,0,0,0,0,0,0.0,0.0,0.0
2020-10-14,Monterey,053,433212.0,3,0,0,0,3,0,0,0,3,0,3,0,0,0,6.925015927536633e-06,6.925015927536633e-06,0.0
2020-10-14,Napa,055,140530.0,0,0,0,0,0,0,0,0,0,0,0,0,0,0,0.0,0.0,0.0
2020-10-14,Nevada,057,99092.0,2,0,2,0,0,0,0,0,0,0,1,0,1,0,0.0,1.009163201873007e-05,1.009163201873007e-05
2020-10-14,Orange,059,3164182.0,160,0,128,0,28,0,4,0,28,0,96,0,68,0,8.849048506059386e-06,3.0339594877917893e-05,2.149054637185851e-05
2020-10-14,Placer,061,380077.0,25,0,20,0,5,0,0,0,1,0,13,0,12,0,2.6310458144007663e-06,3.420359558720996e-05,3.1572549772809195e-05
2020-10-14,Plumas,063,18699.0,0,0,0,0,0,0,0,0,0,0,0,0,0,0,0.0,0.0,0.0
2020-10-14,Riverside,065,2383286.0,61,0,21,0,39,0,1,0,11,0,37,0,26,0,4.615476279389045e-06,1.5524783848854062e-05,1.0909307569465016e-05
2020-10-14,Sacramento,067,1510023.0,195,1,131,1,64,0,0,0,19,0,107,0,88,1,1.2582589801612292e-05,7.085984783013239e-05,5.82772580285201e-05
2020-10-14,San Benito,069,59416.0,0,0,0,0,0,0,0,0,0,0,0,0,0,0,0.0,0.0,0.0
2020-10-14,San Bernardino,071,2135413.0,25,0,7,0,18,0,0,0,7,0,16,0,9,0,3.278054409147083e-06,7.49269579233619e-06,4.214641383189107e-06
2020-10-14,San Diego,073,3302833.0,580,6,191,1,388,5,1,0,54,2,314,2,260,4,1.6349600479346065e-05,9.50698990836049e-05,7.872029860425882e-05
2020-10-14,San Francisco,075,870044.0,44,0,34,0,10,0,0,0,2,0,23,0,21,0,2.2987343168851237e-06,2.6435444644178915e-05,2.413671032729379e-05
2020-10-14,San Joaquin,077,732212.0,16,0,11,0,5,0,0,0,1,0,9,0,8,0,1.365724680830142e-06,1.2291522127471278e-05,1.0925797446641135e-05
2020-10-14,San Luis Obispo,079,281455.0,3,0,1,0,2,0,0,0,1,0,2,0,1,0,3.552965838233465e-06,7.10593167646693e-06,3.552965838233465e-06
2020-10-14,San Mateo,081,765935.0,38,0,33,0,5,0,0,0,5,0,21,0,16,0,6.5279690835384205e-06,2.7417470150861366e-05,2.0889501067322944e-05
2020-10-14,Santa Barbara,083,443738.0,4,0,4,0,0,0,0,0,2,0,3,0,1,0,4.507164137396392e-06,6.760746206094587e-06,2.253582068698196e-06
2020-10-14,Santa Clara,085,1922200.0,136,0,128,0,8,0,0,0,8,0,73,0,65,0,4.161897825408386e-06,3.7977317656851526e-05,3.3815419831443137e-05
2020-10-14,Santa Cruz,087,273765.0,5,0,4,0,1,0,0,0,1,0,3,0,2,0,3.652767884864756e-06,1.095830365459427e-05,7.305535769729512e-06
2020-10-14,Shasta,089,179085.0,330,5,120,1,210,4,0,0,18,1,174,1,156,4,0.0001005109305636,0.0009716056621157,0.000871094731552
2020-10-14,Sierra,091,2930.0,0,0,0,0,0,0,0,0,0,0,0,0,0,0,0.0,0.0,0.0
2020-10-14,Siskiyou,093,43540.0,11,1,7,0,4,1,0,0,1,0,6,0,5,1,2.296738631143776e-05,0.0001378043178686,0.0001148369315571
2020-10-14,Solano,095,438530.0,6,0,6,0,0,0,0,0,0,0,3,0,3,0,0.0,6.841037101224546e-06,6.841037101224546e-06
2020-10-14,Sonoma,097,501317.0,6,0,3,0,3,0,0,0,1,0,4,0,3,0,1.9947458394588654e-06,7.978983357835461e-06,5.984237518376596e-06
2020-10-14,Stanislaus,099,539301.0,16,0,14,0,2,0,0,0,6,0,11,0,5,0,1.11255124689181e-05,2.0396772859683185e-05,9.271260390765084e-06
2020-10-14,Sutter,101,95872.0,2,0,0,0,2,0,0,0,0,0,1,0,1,0,0.0,1.0430574098798398e-05,1.0430574098798398e-05
2020-10-14,Tehama,103,63373.0,25,0,6,0,19,0,0,0,1,0,13,0,12,0,1.5779590677417828e-05,0.0002051346788064,0.000189355088129
2020-10-14,Trinity,105,12862.0,2,0,0,0,2,0,0,0,0,0,1,0,1,0,0.0,7.774840615767377e-05,7.774840615767377e-05
2020-10-14,Tulare,107,460477.0,3,0,2,0,1,0,0,0,1,0,2,0,1,0,2.171661125311362e-06,4.343322250622724e-06,2.171661125311362e-06
2020-10-14,Tuolumne,109,53932.0,1,0,0,0,1,0,0,0,1,0,1,0,0,0,1.854186753689832e-05,1.854186753689832e-05,0.0
2020-10-14,Ventura,111,848112.0,31,0,22,0,8,0,1,0,4,0,18,0,14,0,4.7163582168392855e-06,2.1223611975776783e-05,1.6507253758937497e-05
2020-10-14,Yolo,113,214977.0,59,1,39,1,20,0,0,0,2,0,31,0,29,1,9.30332082036683e-06,0.0001442014727156,0.0001348981518953
2020-10-14,Yuba,115,75493.0,2,0,0,0,2,0,0,0,0,0,1,0,1,0,0.0,1.3246261242764227e-05,1.3246261242764227e-05
2020-10-13,Alameda,001,1643700.0,89,0,83,0,6,0,0,0,6,0,48,0,42,0,3.6503011498448623e-06,2.9202409198758895e-05,2.555210804891404e-05
2020-10-13,Alpine,003,1148.0,0,0,0,0,0,0,0,0,0,0,0,0,0,0,0.0,0.0,0.0
2020-10-13,Amador,005,37829.0,0,0,0,0,0,0,0,0,0,0,0,0,0,0,0.0,0.0,0.0
2020-10-13,Butte,007,227075.0,19,1,9,1,10,0,0,0,9,1,14,1,5,0,3.963448199933943e-05,6.16536386656391e-05,2.201915666629968e-05
2020-10-13,Calaveras,009,45235.0,1,0,1,0,0,0,0,0,1,0,1,0,0,0,2.2106775726760254e-05,2.2106775726760254e-05,0.0
2020-10-13,Colusa,011,21464.0,0,0,0,0,0,0,0,0,0,0,0,0,0,0,0.0,0.0,0.0
2020-10-13,Contra Costa,013,1133247.0,113,0,105,0,8,0,0,0,4,0,59,0,55,0,3.529680643319594e-06,5.2062789488964015e-05,4.8533108845644416e-05
2020-10-13,Del Norte,015,27424.0,1,0,0,0,1,0,0,0,1,0,1,0,0,0,3.646441073512252e-05,3.646441073512252e-05,0.0
2020-10-13,El Dorado,017,186661.0,12,0,8,0,4,0,0,0,0,0,6,0,6,0,0.0,3.214383293778561e-05,3.214383293778561e-05
2020-10-13,Fresno,019,978130.0,8,0,6,0,2,0,0,0,4,0,6,0,2,0,4.08943596454459e-06,6.134153946816885e-06,2.044717982272295e-06
2020-10-13,Glenn,021,27897.0,4,0,2,0,2,0,0,0,0,0,2,0,2,0,0.0,7.169229666272359e-05,7.169229666272359e-05
2020-10-13,Humboldt,023,135768.0,1,0,1,0,0,0,0,0,1,0,1,0,0,0,7.365505862942667e-06,7.365505862942667e-06,0.0
2020-10-13,Imperial,025,180216.0,2,0,0,0,2,0,0,0,2,0,2,0,0,0,1.109779375860079e-05,1.109779375860079e-05,0.0
2020-10-13,Inyo,027,18085.0,0,0,0,0,0,0,0,0,0,0,0,0,0,0,0.0,0.0,0.0
2020-10-13,Kern,029,883053.0,4,0,3,0,1,0,0,0,2,0,3,0,1,0,2.264869719031587e-06,3.397304578547381e-06,1.1324348595157936e-06
2020-10-13,Kings,031,150075.0,0,0,0,0,0,0,0,0,0,0,0,0,0,0,0.0,0.0,0.0
2020-10-13,Lake,033,64148.0,0,0,0,0,0,0,0,0,0,0,0,0,0,0,0.0,0.0,0.0
2020-10-13,Lassen,035,31185.0,2,0,0,0,2,0,0,0,0,0,1,0,1,0,0.0,3.20666987333654e-05,3.20666987333654e-05
2020-10-13,Los Angeles,037,10098052.0,665,17,563,14,89,3,13,0,93,3,386,3,293,14,9.209697078208749e-06,3.822519432460835e-05,2.9015497246399603e-05
2020-10-13,Madera,039,155013.0,3,0,3,0,0,0,0,0,1,0,1,0,0,0,6.451071845587144e-06,6.451071845587144e-06,0.0
2020-10-13,Marin,041,260295.0,9,0,9,0,0,0,0,0,1,0,5,0,4,0,3.841794886571006e-06,1.920897443285503e-05,1.5367179546284023e-05
2020-10-13,Mariposa,043,17540.0,1,0,1,0,0,0,0,0,1,0,1,0,0,0,5.701254275940707e-05,5.701254275940707e-05,0.0
2020-10-13,Mendocino,045,87422.0,1,0,0,0,1,0,0,0,1,0,1,0,0,0,1.1438768273432316e-05,1.1438768273432316e-05,0.0
2020-10-13,Merced,047,269075.0,5,0,5,0,0,0,0,0,1,0,3,0,2,0,3.71643593793552e-06,1.114930781380656e-05,7.43287187587104e-06
2020-10-13,Modoc,049,8938.0,0,0,0,0,0,0,0,0,0,0,0,0,0,0,0.0,0.0,0.0
2020-10-13,Mono,051,14174.0,0,0,0,0,0,0,0,0,0,0,0,0,0,0,0.0,0.0,0.0
2020-10-13,Monterey,053,433212.0,3,0,0,0,3,0,0,0,3,0,3,0,0,0,6.925015927536633e-06,6.925015927536633e-06,0.0
2020-10-13,Napa,055,140530.0,0,0,0,0,0,0,0,0,0,0,0,0,0,0,0.0,0.0,0.0
2020-10-13,Nevada,057,99092.0,2,0,2,0,0,0,0,0,0,0,1,0,1,0,0.0,1.009163201873007e-05,1.009163201873007e-05
2020-10-13,Orange,059,3164182.0,160,1,128,1,28,0,4,0,28,0,96,0,68,1,8.849048506059386e-06,3.0339594877917893e-05,2.149054637185851e-05
2020-10-13,Placer,061,380077.0,25,0,20,0,5,0,0,0,1,0,13,0,12,0,2.6310458144007663e-06,3.420359558720996e-05,3.1572549772809195e-05
2020-10-13,Plumas,063,18699.0,0,0,0,0,0,0,0,0,0,0,0,0,0,0,0.0,0.0,0.0
2020-10-13,Riverside,065,2383286.0,61,0,21,0,39,0,1,0,11,0,37,0,26,0,4.615476279389045e-06,1.5524783848854062e-05,1.0909307569465016e-05
2020-10-13,Sacramento,067,1510023.0,194,2,130,1,64,1,0,0,20,0,107,0,87,2,1.3244831370118204e-05,7.085984783013239e-05,5.761501646001419e-05
2020-10-13,San Benito,069,59416.0,0,0,0,0,0,0,0,0,0,0,0,0,0,0,0.0,0.0,0.0
2020-10-13,San Bernardino,071,2135413.0,25,0,7,0,18,0,0,0,7,0,16,0,9,0,3.278054409147083e-06,7.49269579233619e-06,4.214641383189107e-06
2020-10-13,San Diego,073,3302833.0,574,7,190,2,383,5,1,0,56,2,312,2,256,5,1.6955141237840362e-05,9.44643583251106e-05,7.750921708727023e-05
2020-10-13,San Francisco,075,870044.0,44,0,34,0,10,0,0,0,2,0,23,0,21,0,2.2987343168851237e-06,2.6435444644178915e-05,2.413671032729379e-05
2020-10-13,San Joaquin,077,732212.0,16,0,11,0,5,0,0,0,1,0,9,0,8,0,1.365724680830142e-06,1.2291522127471278e-05,1.0925797446641135e-05
2020-10-13,San Luis Obispo,079,281455.0,3,0,1,0,2,0,0,0,1,0,2,0,1,0,3.552965838233465e-06,7.10593167646693e-06,3.552965838233465e-06
2020-10-13,San Mateo,081,765935.0,38,0,33,0,5,0,0,0,5,0,21,0,16,0,6.5279690835384205e-06,2.7417470150861366e-05,2.0889501067322944e-05
2020-10-13,Santa Barbara,083,443738.0,4,0,4,0,0,0,0,0,2,0,3,0,1,0,4.507164137396392e-06,6.760746206094587e-06,2.253582068698196e-06
2020-10-13,Santa Clara,085,1922200.0,136,0,128,0,8,0,0,0,8,0,73,0,65,0,4.161897825408386e-06,3.7977317656851526e-05,3.3815419831443137e-05
2020-10-13,Santa Cruz,087,273765.0,5,0,4,0,1,0,0,0,1,0,3,0,2,0,3.652767884864756e-06,1.095830365459427e-05,7.305535769729512e-06
2020-10-13,Shasta,089,179085.0,325,0,119,0,206,0,0,0,21,0,173,0,152,0,0.0001172627523243,0.0009660217215288,0.0008487589692045
2020-10-13,Sierra,091,2930.0,0,0,0,0,0,0,0,0,0,0,0,0,0,0,0.0,0.0,0.0
2020-10-13,Siskiyou,093,43540.0,10,0,7,0,3,0,0,0,2,0,6,0,4,0,4.593477262287552e-05,0.0001378043178686,9.186954524575104e-05
2020-10-13,Solano,095,438530.0,6,0,6,0,0,0,0,0,0,0,3,0,3,0,0.0,6.841037101224546e-06,6.841037101224546e-06
2020-10-13,Sonoma,097,501317.0,6,0,3,0,3,0,0,0,1,0,4,0,3,0,1.9947458394588654e-06,7.978983357835461e-06,5.984237518376596e-06
2020-10-13,Stanislaus,099,539301.0,16,0,14,0,2,0,0,0,6,0,11,0,5,0,1.11255124689181e-05,2.0396772859683185e-05,9.271260390765084e-06
2020-10-13,Sutter,101,95872.0,2,1,0,0,2,1,0,0,0,0,1,0,1,1,0.0,1.0430574098798398e-05,1.0430574098798398e-05
2020-10-13,Tehama,103,63373.0,25,0,6,0,19,0,0,0,1,0,13,0,12,0,1.5779590677417828e-05,0.0002051346788064,0.000189355088129
2020-10-13,Trinity,105,12862.0,2,0,0,0,2,0,0,0,0,0,1,0,1,0,0.0,7.774840615767377e-05,7.774840615767377e-05
2020-10-13,Tulare,107,460477.0,3,0,2,0,1,0,0,0,1,0,2,0,1,0,2.171661125311362e-06,4.343322250622724e-06,2.171661125311362e-06
2020-10-13,Tuolumne,109,53932.0,1,0,0,0,1,0,0,0,1,0,1,0,0,0,1.854186753689832e-05,1.854186753689832e-05,0.0
2020-10-13,Ventura,111,848112.0,31,0,22,0,8,0,1,0,4,0,18,0,14,0,4.7163582168392855e-06,2.1223611975776783e-05,1.6507253758937497e-05
2020-10-13,Yolo,113,214977.0,58,0,38,0,20,0,0,0,3,0,31,0,28,0,1.3954981230550245e-05,0.0001442014727156,0.0001302464914851
2020-10-13,Yuba,115,75493.0,2,0,0,0,2,0,0,0,0,0,1,0,1,0,0.0,1.3246261242764227e-05,1.3246261242764227e-05
2020-10-12,Alameda,001,1643700.0,89,0,83,0,6,0,0,0,6,0,48,0,42,0,3.6503011498448623e-06,2.9202409198758895e-05,2.555210804891404e-05
2020-10-12,Alpine,003,1148.0,0,0,0,0,0,0,0,0,0,0,0,0,0,0,0.0,0.0,0.0
2020-10-12,Amador,005,37829.0,0,0,0,0,0,0,0,0,0,0,0,0,0,0,0.0,0.0,0.0
2020-10-12,Butte,007,227075.0,18,0,8,0,10,0,0,0,8,0,13,0,5,0,3.523065066607949e-05,5.724980733237917e-05,2.201915666629968e-05
2020-10-12,Calaveras,009,45235.0,1,0,1,0,0,0,0,0,1,0,1,0,0,0,2.2106775726760254e-05,2.2106775726760254e-05,0.0
2020-10-12,Colusa,011,21464.0,0,0,0,0,0,0,0,0,0,0,0,0,0,0,0.0,0.0,0.0
2020-10-12,Contra Costa,013,1133247.0,113,0,105,0,8,0,0,0,4,0,59,0,55,0,3.529680643319594e-06,5.2062789488964015e-05,4.8533108845644416e-05
2020-10-12,Del Norte,015,27424.0,1,0,0,0,1,0,0,0,1,0,1,0,0,0,3.646441073512252e-05,3.646441073512252e-05,0.0
2020-10-12,El Dorado,017,186661.0,12,0,8,0,4,0,0,0,0,0,6,0,6,0,0.0,3.214383293778561e-05,3.214383293778561e-05
2020-10-12,Fresno,019,978130.0,8,0,6,0,2,0,0,0,4,0,6,0,2,0,4.08943596454459e-06,6.134153946816885e-06,2.044717982272295e-06
2020-10-12,Glenn,021,27897.0,4,0,2,0,2,0,0,0,0,0,2,0,2,0,0.0,7.169229666272359e-05,7.169229666272359e-05
2020-10-12,Humboldt,023,135768.0,1,0,1,0,0,0,0,0,1,0,1,0,0,0,7.365505862942667e-06,7.365505862942667e-06,0.0
2020-10-12,Imperial,025,180216.0,2,0,0,0,2,0,0,0,2,0,2,0,0,0,1.109779375860079e-05,1.109779375860079e-05,0.0
2020-10-12,Inyo,027,18085.0,0,0,0,0,0,0,0,0,0,0,0,0,0,0,0.0,0.0,0.0
2020-10-12,Kern,029,883053.0,4,0,3,0,1,0,0,0,2,0,3,0,1,0,2.264869719031587e-06,3.397304578547381e-06,1.1324348595157936e-06
2020-10-12,Kings,031,150075.0,0,0,0,0,0,0,0,0,0,0,0,0,0,0,0.0,0.0,0.0
2020-10-12,Lake,033,64148.0,0,0,0,0,0,0,0,0,0,0,0,0,0,0,0.0,0.0,0.0
2020-10-12,Lassen,035,31185.0,2,0,0,0,2,0,0,0,0,0,1,0,1,0,0.0,3.20666987333654e-05,3.20666987333654e-05
2020-10-12,Los Angeles,037,10098052.0,648,6,549,4,86,2,13,0,104,0,383,0,279,6,1.0299016087459245e-05,3.792810732208549e-05,2.7629091234626244e-05
2020-10-12,Madera,039,155013.0,3,0,3,0,0,0,0,0,1,0,1,0,0,0,6.451071845587144e-06,6.451071845587144e-06,0.0
2020-10-12,Marin,041,260295.0,9,0,9,0,0,0,0,0,1,0,5,0,4,0,3.841794886571006e-06,1.920897443285503e-05,1.5367179546284023e-05
2020-10-12,Mariposa,043,17540.0,1,1,1,1,0,0,0,0,1,1,1,1,0,0,5.701254275940707e-05,5.701254275940707e-05,0.0
2020-10-12,Mendocino,045,87422.0,1,0,0,0,1,0,0,0,1,0,1,0,0,0,1.1438768273432316e-05,1.1438768273432316e-05,0.0
2020-10-12,Merced,047,269075.0,5,0,5,0,0,0,0,0,1,0,3,0,2,0,3.71643593793552e-06,1.114930781380656e-05,7.43287187587104e-06
2020-10-12,Modoc,049,8938.0,0,0,0,0,0,0,0,0,0,0,0,0,0,0,0.0,0.0,0.0
2020-10-12,Mono,051,14174.0,0,0,0,0,0,0,0,0,0,0,0,0,0,0,0.0,0.0,0.0
2020-10-12,Monterey,053,433212.0,3,0,0,0,3,0,0,0,3,0,3,0,0,0,6.925015927536633e-06,6.925015927536633e-06,0.0
2020-10-12,Napa,055,140530.0,0,0,0,0,0,0,0,0,0,0,0,0,0,0,0.0,0.0,0.0
2020-10-12,Nevada,057,99092.0,2,0,2,0,0,0,0,0,0,0,1,0,1,0,0.0,1.009163201873007e-05,1.009163201873007e-05
2020-10-12,Orange,059,3164182.0,159,4,127,3,28,0,4,1,29,0,96,1,67,4,9.165085952704363e-06,3.0339594877917893e-05,2.117450892521353e-05
2020-10-12,Placer,061,380077.0,25,1,20,1,5,0,0,0,1,0,13,0,12,1,2.6310458144007663e-06,3.420359558720996e-05,3.1572549772809195e-05
2020-10-12,Plumas,063,18699.0,0,0,0,0,0,0,0,0,0,0,0,0,0,0,0.0,0.0,0.0
2020-10-12,Riverside,065,2383286.0,61,1,21,1,39,0,1,0,11,0,37,0,26,1,4.615476279389045e-06,1.5524783848854062e-05,1.0909307569465016e-05
2020-10-12,Sacramento,067,1510023.0,192,5,129,3,63,2,0,0,22,2,107,2,85,3,1.4569314507130024e-05,7.085984783013239e-05,5.629053332300236e-05
2020-10-12,San Benito,069,59416.0,0,0,0,0,0,0,0,0,0,0,0,0,0,0,0.0,0.0,0.0
2020-10-12,San Bernardino,071,2135413.0,25,0,7,0,18,0,0,0,7,0,16,0,9,0,3.278054409147083e-06,7.49269579233619e-06,4.214641383189107e-06
2020-10-12,San Diego,073,3302833.0,567,3,188,0,378,3,1,0,59,0,310,0,251,3,1.786345237558181e-05,9.385881756661628e-05,7.599536519103448e-05
2020-10-12,San Francisco,075,870044.0,44,2,34,1,10,1,0,0,2,0,23,0,21,2,2.2987343168851237e-06,2.6435444644178915e-05,2.413671032729379e-05
2020-10-12,San Joaquin,077,732212.0,16,0,11,0,5,0,0,0,1,0,9,0,8,0,1.365724680830142e-06,1.2291522127471278e-05,1.0925797446641135e-05
2020-10-12,San Luis Obispo,079,281455.0,3,0,1,0,2,0,0,0,1,0,2,0,1,0,3.552965838233465e-06,7.10593167646693e-06,3.552965838233465e-06
2020-10-12,San Mateo,081,765935.0,38,0,33,0,5,0,0,0,5,0,21,0,16,0,6.5279690835384205e-06,2.7417470150861366e-05,2.0889501067322944e-05
2020-10-12,Santa Barbara,083,443738.0,4,0,4,0,0,0,0,0,2,0,3,0,1,0,4.507164137396392e-06,6.760746206094587e-06,2.253582068698196e-06
2020-10-12,Santa Clara,085,1922200.0,136,2,128,2,8,0,0,0,8,0,73,0,65,2,4.161897825408386e-06,3.7977317656851526e-05,3.3815419831443137e-05
2020-10-12,Santa Cruz,087,273765.0,5,0,4,0,1,0,0,0,1,0,3,0,2,0,3.652767884864756e-06,1.095830365459427e-05,7.305535769729512e-06
2020-10-12,Shasta,089,179085.0,325,2,119,1,206,1,0,0,21,0,173,0,152,2,0.0001172627523243,0.0009660217215288,0.0008487589692045
2020-10-12,Sierra,091,2930.0,0,0,0,0,0,0,0,0,0,0,0,0,0,0,0.0,0.0,0.0
2020-10-12,Siskiyou,093,43540.0,10,0,7,0,3,0,0,0,2,0,6,0,4,0,4.593477262287552e-05,0.0001378043178686,9.186954524575104e-05
2020-10-12,Solano,095,438530.0,6,0,6,0,0,0,0,0,0,0,3,0,3,0,0.0,6.841037101224546e-06,6.841037101224546e-06
2020-10-12,Sonoma,097,501317.0,6,0,3,0,3,0,0,0,1,0,4,0,3,0,1.9947458394588654e-06,7.978983357835461e-06,5.984237518376596e-06
2020-10-12,Stanislaus,099,539301.0,16,0,14,0,2,0,0,0,6,0,11,0,5,0,1.11255124689181e-05,2.0396772859683185e-05,9.271260390765084e-06
2020-10-12,Sutter,101,95872.0,1,0,0,0,1,0,0,0,1,0,1,0,0,0,1.0430574098798398e-05,1.0430574098798398e-05,0.0
2020-10-12,Tehama,103,63373.0,25,0,6,0,19,0,0,0,1,0,13,0,12,0,1.5779590677417828e-05,0.0002051346788064,0.000189355088129
2020-10-12,Trinity,105,12862.0,2,0,0,0,2,0,0,0,0,0,1,0,1,0,0.0,7.774840615767377e-05,7.774840615767377e-05
2020-10-12,Tulare,107,460477.0,3,0,2,0,1,0,0,0,1,0,2,0,1,0,2.171661125311362e-06,4.343322250622724e-06,2.171661125311362e-06
2020-10-12,Tuolumne,109,53932.0,1,0,0,0,1,0,0,0,1,0,1,0,0,0,1.854186753689832e-05,1.854186753689832e-05,0.0
2020-10-12,Ventura,111,848112.0,31,0,22,0,8,0,1,0,4,0,18,0,14,0,4.7163582168392855e-06,2.1223611975776783e-05,1.6507253758937497e-05
2020-10-12,Yolo,113,214977.0,58,1,38,1,20,0,0,0,3,0,31,0,28,1,1.3954981230550245e-05,0.0001442014727156,0.0001302464914851
2020-10-12,Yuba,115,75493.0,2,0,0,0,2,0,0,0,0,0,1,0,1,0,0.0,1.3246261242764227e-05,1.3246261242764227e-05
2020-10-11,Alameda,001,1643700.0,89,0,83,0,6,0,0,0,6,0,48,0,42,0,3.6503011498448623e-06,2.9202409198758895e-05,2.555210804891404e-05
2020-10-11,Alpine,003,1148.0,0,0,0,0,0,0,0,0,0,0,0,0,0,0,0.0,0.0,0.0
2020-10-11,Amador,005,37829.0,0,0,0,0,0,0,0,0,0,0,0,0,0,0,0.0,0.0,0.0
2020-10-11,Butte,007,227075.0,18,0,8,0,10,0,0,0,8,0,13,0,5,0,3.523065066607949e-05,5.724980733237917e-05,2.201915666629968e-05
2020-10-11,Calaveras,009,45235.0,1,0,1,0,0,0,0,0,1,0,1,0,0,0,2.2106775726760254e-05,2.2106775726760254e-05,0.0
2020-10-11,Colusa,011,21464.0,0,0,0,0,0,0,0,0,0,0,0,0,0,0,0.0,0.0,0.0
2020-10-11,Contra Costa,013,1133247.0,113,0,105,0,8,0,0,0,4,0,59,0,55,0,3.529680643319594e-06,5.2062789488964015e-05,4.8533108845644416e-05
2020-10-11,Del Norte,015,27424.0,1,0,0,0,1,0,0,0,1,0,1,0,0,0,3.646441073512252e-05,3.646441073512252e-05,0.0
2020-10-11,El Dorado,017,186661.0,12,0,8,0,4,0,0,0,0,0,6,0,6,0,0.0,3.214383293778561e-05,3.214383293778561e-05
2020-10-11,Fresno,019,978130.0,8,0,6,0,2,0,0,0,4,0,6,0,2,0,4.08943596454459e-06,6.134153946816885e-06,2.044717982272295e-06
2020-10-11,Glenn,021,27897.0,4,0,2,0,2,0,0,0,0,0,2,0,2,0,0.0,7.169229666272359e-05,7.169229666272359e-05
2020-10-11,Humboldt,023,135768.0,1,0,1,0,0,0,0,0,1,0,1,0,0,0,7.365505862942667e-06,7.365505862942667e-06,0.0
2020-10-11,Imperial,025,180216.0,2,0,0,0,2,0,0,0,2,0,2,0,0,0,1.109779375860079e-05,1.109779375860079e-05,0.0
2020-10-11,Inyo,027,18085.0,0,0,0,0,0,0,0,0,0,0,0,0,0,0,0.0,0.0,0.0
2020-10-11,Kern,029,883053.0,4,0,3,0,1,0,0,0,2,0,3,0,1,0,2.264869719031587e-06,3.397304578547381e-06,1.1324348595157936e-06
2020-10-11,Kings,031,150075.0,0,0,0,0,0,0,0,0,0,0,0,0,0,0,0.0,0.0,0.0
2020-10-11,Lake,033,64148.0,0,0,0,0,0,0,0,0,0,0,0,0,0,0,0.0,0.0,0.0
2020-10-11,Lassen,035,31185.0,2,0,0,0,2,0,0,0,0,0,1,0,1,0,0.0,3.20666987333654e-05,3.20666987333654e-05
2020-10-11,Los Angeles,037,10098052.0,642,0,545,0,84,0,13,0,110,0,383,0,273,0,1.089319009250497e-05,3.792810732208549e-05,2.703491722958052e-05
2020-10-11,Madera,039,155013.0,3,0,3,0,0,0,0,0,1,0,1,0,0,0,6.451071845587144e-06,6.451071845587144e-06,0.0
2020-10-11,Marin,041,260295.0,9,0,9,0,0,0,0,0,1,0,5,0,4,0,3.841794886571006e-06,1.920897443285503e-05,1.5367179546284023e-05
2020-10-11,Mariposa,043,17540.0,0,0,0,0,0,0,0,0,0,0,0,0,0,0,0.0,0.0,0.0
2020-10-11,Mendocino,045,87422.0,1,0,0,0,1,0,0,0,1,0,1,0,0,0,1.1438768273432316e-05,1.1438768273432316e-05,0.0
2020-10-11,Merced,047,269075.0,5,0,5,0,0,0,0,0,1,0,3,0,2,0,3.71643593793552e-06,1.114930781380656e-05,7.43287187587104e-06
2020-10-11,Modoc,049,8938.0,0,0,0,0,0,0,0,0,0,0,0,0,0,0,0.0,0.0,0.0
2020-10-11,Mono,051,14174.0,0,0,0,0,0,0,0,0,0,0,0,0,0,0,0.0,0.0,0.0
2020-10-11,Monterey,053,433212.0,3,0,0,0,3,0,0,0,3,0,3,0,0,0,6.925015927536633e-06,6.925015927536633e-06,0.0
2020-10-11,Napa,055,140530.0,0,0,0,0,0,0,0,0,0,0,0,0,0,0,0.0,0.0,0.0
2020-10-11,Nevada,057,99092.0,2,0,2,0,0,0,0,0,0,0,1,0,1,0,0.0,1.009163201873007e-05,1.009163201873007e-05
2020-10-11,Orange,059,3164182.0,155,1,124,0,28,0,3,1,32,0,95,1,63,1,1.0113198292639298e-05,3.002355743127292e-05,1.9910359138633618e-05
2020-10-11,Placer,061,380077.0,24,0,19,0,5,0,0,0,2,0,13,0,11,0,5.2620916288015326e-06,3.420359558720996e-05,2.8941503958408427e-05
2020-10-11,Plumas,063,18699.0,0,0,0,0,0,0,0,0,0,0,0,0,0,0,0.0,0.0,0.0
2020-10-11,Riverside,065,2383286.0,60,0,20,0,39,0,1,0,12,0,37,0,25,0,5.035065032060777e-06,1.5524783848854062e-05,1.0489718816793285e-05
2020-10-11,Sacramento,067,1510023.0,187,1,126,1,61,0,0,0,23,0,105,0,82,1,1.5231556075635934e-05,6.953536469312057e-05,5.430380861748464e-05
2020-10-11,San Benito,069,59416.0,0,0,0,0,0,0,0,0,0,0,0,0,0,0,0.0,0.0,0.0
2020-10-11,San Bernardino,071,2135413.0,25,0,7,0,18,0,0,0,7,0,16,0,9,0,3.278054409147083e-06,7.49269579233619e-06,4.214641383189107e-06
2020-10-11,San Diego,073,3302833.0,564,0,188,0,375,0,1,0,62,0,310,0,248,0,1.8771763513323255e-05,9.385881756661628e-05,7.508705405329303e-05
2020-10-11,San Francisco,075,870044.0,42,0,33,0,9,0,0,0,4,0,23,0,19,0,4.597468633770247e-06,2.6435444644178915e-05,2.183797601040867e-05
2020-10-11,San Joaquin,077,732212.0,16,0,11,0,5,0,0,0,1,0,9,0,8,0,1.365724680830142e-06,1.2291522127471278e-05,1.0925797446641135e-05
2020-10-11,San Luis Obispo,079,281455.0,3,0,1,0,2,0,0,0,1,0,2,0,1,0,3.552965838233465e-06,7.10593167646693e-06,3.552965838233465e-06
2020-10-11,San Mateo,081,765935.0,38,0,33,0,5,0,0,0,5,0,21,0,16,0,6.5279690835384205e-06,2.7417470150861366e-05,2.0889501067322944e-05
2020-10-11,Santa Barbara,083,443738.0,4,0,4,0,0,0,0,0,2,0,3,0,1,0,4.507164137396392e-06,6.760746206094587e-06,2.253582068698196e-06
2020-10-11,Santa Clara,085,1922200.0,134,0,126,0,8,0,0,0,10,0,73,0,63,0,5.202372281760482e-06,3.7977317656851526e-05,3.2774945375091044e-05
2020-10-11,Santa Cruz,087,273765.0,5,0,4,0,1,0,0,0,1,0,3,0,2,0,3.652767884864756e-06,1.095830365459427e-05,7.305535769729512e-06
2020-10-11,Shasta,089,179085.0,323,0,118,0,205,0,0,0,23,0,173,0,150,0,0.000128430633498,0.0009660217215288,0.0008375910880308
2020-10-11,Sierra,091,2930.0,0,0,0,0,0,0,0,0,0,0,0,0,0,0,0.0,0.0,0.0
2020-10-11,Siskiyou,093,43540.0,10,0,7,0,3,0,0,0,2,0,6,0,4,0,4.593477262287552e-05,0.0001378043178686,9.186954524575104e-05
2020-10-11,Solano,095,438530.0,6,0,6,0,0,0,0,0,0,0,3,0,3,0,0.0,6.841037101224546e-06,6.841037101224546e-06
2020-10-11,Sonoma,097,501317.0,6,0,3,0,3,0,0,0,1,0,4,0,3,0,1.9947458394588654e-06,7.978983357835461e-06,5.984237518376596e-06
2020-10-11,Stanislaus,099,539301.0,16,0,14,0,2,0,0,0,6,0,11,0,5,0,1.11255124689181e-05,2.0396772859683185e-05,9.271260390765084e-06
2020-10-11,Sutter,101,95872.0,1,0,0,0,1,0,0,0,1,0,1,0,0,0,1.0430574098798398e-05,1.0430574098798398e-05,0.0
2020-10-11,Tehama,103,63373.0,25,0,6,0,19,0,0,0,1,0,13,0,12,0,1.5779590677417828e-05,0.0002051346788064,0.000189355088129
2020-10-11,Trinity,105,12862.0,2,0,0,0,2,0,0,0,0,0,1,0,1,0,0.0,7.774840615767377e-05,7.774840615767377e-05
2020-10-11,Tulare,107,460477.0,3,0,2,0,1,0,0,0,1,0,2,0,1,0,2.171661125311362e-06,4.343322250622724e-06,2.171661125311362e-06
2020-10-11,Tuolumne,109,53932.0,1,0,0,0,1,0,0,0,1,0,1,0,0,0,1.854186753689832e-05,1.854186753689832e-05,0.0
2020-10-11,Ventura,111,848112.0,31,0,22,0,8,0,1,0,4,0,18,0,14,0,4.7163582168392855e-06,2.1223611975776783e-05,1.6507253758937497e-05
2020-10-11,Yolo,113,214977.0,57,0,37,0,20,0,0,0,4,0,31,0,27,0,1.860664164073366e-05,0.0001442014727156,0.0001255948310749
2020-10-11,Yuba,115,75493.0,2,0,0,0,2,0,0,0,0,0,1,0,1,0,0.0,1.3246261242764227e-05,1.3246261242764227e-05
2020-10-10,Alameda,001,1643700.0,89,1,83,1,6,0,0,0,6,1,48,1,42,0,3.6503011498448623e-06,2.9202409198758895e-05,2.555210804891404e-05
2020-10-10,Alpine,003,1148.0,0,0,0,0,0,0,0,0,0,0,0,0,0,0,0.0,0.0,0.0
2020-10-10,Amador,005,37829.0,0,0,0,0,0,0,0,0,0,0,0,0,0,0,0.0,0.0,0.0
2020-10-10,Butte,007,227075.0,18,1,8,1,10,0,0,0,8,1,13,1,5,0,3.523065066607949e-05,5.724980733237917e-05,2.201915666629968e-05
2020-10-10,Calaveras,009,45235.0,1,0,1,0,0,0,0,0,1,0,1,0,0,0,2.2106775726760254e-05,2.2106775726760254e-05,0.0
2020-10-10,Colusa,011,21464.0,0,0,0,0,0,0,0,0,0,0,0,0,0,0,0.0,0.0,0.0
2020-10-10,Contra Costa,013,1133247.0,113,1,105,1,8,0,0,0,4,1,59,1,55,0,3.529680643319594e-06,5.2062789488964015e-05,4.8533108845644416e-05
2020-10-10,Del Norte,015,27424.0,1,0,0,0,1,0,0,0,1,0,1,0,0,0,3.646441073512252e-05,3.646441073512252e-05,0.0
2020-10-10,El Dorado,017,186661.0,12,0,8,0,4,0,0,0,0,0,6,0,6,0,0.0,3.214383293778561e-05,3.214383293778561e-05
2020-10-10,Fresno,019,978130.0,8,0,6,0,2,0,0,0,4,0,6,0,2,0,4.08943596454459e-06,6.134153946816885e-06,2.044717982272295e-06
2020-10-10,Glenn,021,27897.0,4,0,2,0,2,0,0,0,0,0,2,0,2,0,0.0,7.169229666272359e-05,7.169229666272359e-05
2020-10-10,Humboldt,023,135768.0,1,0,1,0,0,0,0,0,1,0,1,0,0,0,7.365505862942667e-06,7.365505862942667e-06,0.0
2020-10-10,Imperial,025,180216.0,2,0,0,0,2,0,0,0,2,0,2,0,0,0,1.109779375860079e-05,1.109779375860079e-05,0.0
2020-10-10,Inyo,027,18085.0,0,0,0,0,0,0,0,0,0,0,0,0,0,0,0.0,0.0,0.0
2020-10-10,Kern,029,883053.0,4,0,3,0,1,0,0,0,2,0,3,0,1,0,2.264869719031587e-06,3.397304578547381e-06,1.1324348595157936e-06
2020-10-10,Kings,031,150075.0,0,0,0,0,0,0,0,0,0,0,0,0,0,0,0.0,0.0,0.0
2020-10-10,Lake,033,64148.0,0,0,0,0,0,0,0,0,0,0,0,0,0,0,0.0,0.0,0.0
2020-10-10,Lassen,035,31185.0,2,0,0,0,2,0,0,0,0,0,1,0,1,0,0.0,3.20666987333654e-05,3.20666987333654e-05
2020-10-10,Los Angeles,037,10098052.0,642,7,545,3,84,0,13,4,110,0,383,4,273,7,1.089319009250497e-05,3.792810732208549e-05,2.703491722958052e-05
2020-10-10,Madera,039,155013.0,3,0,3,0,0,0,0,0,1,0,1,0,0,0,6.451071845587144e-06,6.451071845587144e-06,0.0
2020-10-10,Marin,041,260295.0,9,0,9,0,0,0,0,0,1,0,5,0,4,0,3.841794886571006e-06,1.920897443285503e-05,1.5367179546284023e-05
2020-10-10,Mariposa,043,17540.0,0,0,0,0,0,0,0,0,0,0,0,0,0,0,0.0,0.0,0.0
2020-10-10,Mendocino,045,87422.0,1,0,0,0,1,0,0,0,1,0,1,0,0,0,1.1438768273432316e-05,1.1438768273432316e-05,0.0
2020-10-10,Merced,047,269075.0,5,0,5,0,0,0,0,0,1,0,3,0,2,0,3.71643593793552e-06,1.114930781380656e-05,7.43287187587104e-06
2020-10-10,Modoc,049,8938.0,0,0,0,0,0,0,0,0,0,0,0,0,0,0,0.0,0.0,0.0
2020-10-10,Mono,051,14174.0,0,0,0,0,0,0,0,0,0,0,0,0,0,0,0.0,0.0,0.0
2020-10-10,Monterey,053,433212.0,3,0,0,0,3,0,0,0,3,0,3,0,0,0,6.925015927536633e-06,6.925015927536633e-06,0.0
2020-10-10,Napa,055,140530.0,0,0,0,0,0,0,0,0,0,0,0,0,0,0,0.0,0.0,0.0
2020-10-10,Nevada,057,99092.0,2,0,2,0,0,0,0,0,0,0,1,0,1,0,0.0,1.009163201873007e-05,1.009163201873007e-05
2020-10-10,Orange,059,3164182.0,154,0,124,0,28,0,2,0,32,0,94,0,62,0,1.0113198292639298e-05,2.970751998462794e-05,1.959432169198864e-05
2020-10-10,Placer,061,380077.0,24,0,19,0,5,0,0,0,2,0,13,0,11,0,5.2620916288015326e-06,3.420359558720996e-05,2.8941503958408427e-05
2020-10-10,Plumas,063,18699.0,0,0,0,0,0,0,0,0,0,0,0,0,0,0,0.0,0.0,0.0
2020-10-10,Riverside,065,2383286.0,60,1,20,0,39,0,1,1,12,0,37,1,25,1,5.035065032060777e-06,1.5524783848854062e-05,1.0489718816793285e-05
2020-10-10,Sacramento,067,1510023.0,186,0,125,0,61,0,0,0,24,0,105,0,81,0,1.5893797644141843e-05,6.953536469312057e-05,5.3641567048978726e-05
2020-10-10,San Benito,069,59416.0,0,0,0,0,0,0,0,0,0,0,0,0,0,0,0.0,0.0,0.0
2020-10-10,San Bernardino,071,2135413.0,25,0,7,0,18,0,0,0,7,0,16,0,9,0,3.278054409147083e-06,7.49269579233619e-06,4.214641383189107e-06
2020-10-10,San Diego,073,3302833.0,564,6,188,0,375,6,1,0,62,0,310,0,248,6,1.8771763513323255e-05,9.385881756661628e-05,7.508705405329303e-05
2020-10-10,San Francisco,075,870044.0,42,0,33,0,9,0,0,0,4,0,23,0,19,0,4.597468633770247e-06,2.6435444644178915e-05,2.183797601040867e-05
2020-10-10,San Joaquin,077,732212.0,16,0,11,0,5,0,0,0,1,0,9,0,8,0,1.365724680830142e-06,1.2291522127471278e-05,1.0925797446641135e-05
2020-10-10,San Luis Obispo,079,281455.0,3,0,1,0,2,0,0,0,1,0,2,0,1,0,3.552965838233465e-06,7.10593167646693e-06,3.552965838233465e-06
2020-10-10,San Mateo,081,765935.0,38,0,33,0,5,0,0,0,5,0,21,0,16,0,6.5279690835384205e-06,2.7417470150861366e-05,2.0889501067322944e-05
2020-10-10,Santa Barbara,083,443738.0,4,0,4,0,0,0,0,0,2,0,3,0,1,0,4.507164137396392e-06,6.760746206094587e-06,2.253582068698196e-06
2020-10-10,Santa Clara,085,1922200.0,134,0,126,0,8,0,0,0,10,0,73,0,63,0,5.202372281760482e-06,3.7977317656851526e-05,3.2774945375091044e-05
2020-10-10,Santa Cruz,087,273765.0,5,0,4,0,1,0,0,0,1,0,3,0,2,0,3.652767884864756e-06,1.095830365459427e-05,7.305535769729512e-06
2020-10-10,Shasta,089,179085.0,323,3,118,3,205,0,0,0,23,3,173,3,150,0,0.000128430633498,0.0009660217215288,0.0008375910880308
2020-10-10,Sierra,091,2930.0,0,0,0,0,0,0,0,0,0,0,0,0,0,0,0.0,0.0,0.0
2020-10-10,Siskiyou,093,43540.0,10,1,7,1,3,0,0,0,2,1,6,1,4,0,4.593477262287552e-05,0.0001378043178686,9.186954524575104e-05
2020-10-10,Solano,095,438530.0,6,0,6,0,0,0,0,0,0,0,3,0,3,0,0.0,6.841037101224546e-06,6.841037101224546e-06
2020-10-10,Sonoma,097,501317.0,6,0,3,0,3,0,0,0,1,0,4,0,3,0,1.9947458394588654e-06,7.978983357835461e-06,5.984237518376596e-06
2020-10-10,Stanislaus,099,539301.0,16,0,14,0,2,0,0,0,6,0,11,0,5,0,1.11255124689181e-05,2.0396772859683185e-05,9.271260390765084e-06
2020-10-10,Sutter,101,95872.0,1,0,0,0,1,0,0,0,1,0,1,0,0,0,1.0430574098798398e-05,1.0430574098798398e-05,0.0
2020-10-10,Tehama,103,63373.0,25,0,6,0,19,0,0,0,1,0,13,0,12,0,1.5779590677417828e-05,0.0002051346788064,0.000189355088129
2020-10-10,Trinity,105,12862.0,2,0,0,0,2,0,0,0,0,0,1,0,1,0,0.0,7.774840615767377e-05,7.774840615767377e-05
2020-10-10,Tulare,107,460477.0,3,0,2,0,1,0,0,0,1,0,2,0,1,0,2.171661125311362e-06,4.343322250622724e-06,2.171661125311362e-06
2020-10-10,Tuolumne,109,53932.0,1,0,0,0,1,0,0,0,1,0,1,0,0,0,1.854186753689832e-05,1.854186753689832e-05,0.0
2020-10-10,Ventura,111,848112.0,31,1,22,0,8,0,1,1,4,0,18,1,14,1,4.7163582168392855e-06,2.1223611975776783e-05,1.6507253758937497e-05
2020-10-10,Yolo,113,214977.0,57,0,37,0,20,0,0,0,4,0,31,0,27,0,1.860664164073366e-05,0.0001442014727156,0.0001255948310749
2020-10-10,Yuba,115,75493.0,2,0,0,0,2,0,0,0,0,0,1,0,1,0,0.0,1.3246261242764227e-05,1.3246261242764227e-05
2020-10-09,Alameda,001,1643700.0,88,0,82,0,6,0,0,0,5,0,47,0,42,0,3.0419176248707186e-06,2.8594025673784754e-05,2.555210804891404e-05
2020-10-09,Alpine,003,1148.0,0,0,0,0,0,0,0,0,0,0,0,0,0,0,0.0,0.0,0.0
2020-10-09,Amador,005,37829.0,0,0,0,0,0,0,0,0,0,0,0,0,0,0,0.0,0.0,0.0
2020-10-09,Butte,007,227075.0,17,0,7,0,10,0,0,0,7,0,12,0,5,0,3.082681933281955e-05,5.284597599911923e-05,2.201915666629968e-05
2020-10-09,Calaveras,009,45235.0,1,0,1,0,0,0,0,0,1,0,1,0,0,0,2.2106775726760254e-05,2.2106775726760254e-05,0.0
2020-10-09,Colusa,011,21464.0,0,0,0,0,0,0,0,0,0,0,0,0,0,0,0.0,0.0,0.0
2020-10-09,Contra Costa,013,1133247.0,112,0,104,0,8,0,0,0,3,0,58,0,55,0,2.647260482489696e-06,5.118036932813412e-05,4.8533108845644416e-05
2020-10-09,Del Norte,015,27424.0,1,0,0,0,1,0,0,0,1,0,1,0,0,0,3.646441073512252e-05,3.646441073512252e-05,0.0
2020-10-09,El Dorado,017,186661.0,12,0,8,0,4,0,0,0,0,0,6,0,6,0,0.0,3.214383293778561e-05,3.214383293778561e-05
2020-10-09,Fresno,019,978130.0,8,0,6,0,2,0,0,0,4,0,6,0,2,0,4.08943596454459e-06,6.134153946816885e-06,2.044717982272295e-06
2020-10-09,Glenn,021,27897.0,4,0,2,0,2,0,0,0,0,0,2,0,2,0,0.0,7.169229666272359e-05,7.169229666272359e-05
2020-10-09,Humboldt,023,135768.0,1,0,1,0,0,0,0,0,1,0,1,0,0,0,7.365505862942667e-06,7.365505862942667e-06,0.0
2020-10-09,Imperial,025,180216.0,2,0,0,0,2,0,0,0,2,0,2,0,0,0,1.109779375860079e-05,1.109779375860079e-05,0.0
2020-10-09,Inyo,027,18085.0,0,0,0,0,0,0,0,0,0,0,0,0,0,0,0.0,0.0,0.0
2020-10-09,Kern,029,883053.0,4,0,3,0,1,0,0,0,2,0,3,0,1,0,2.264869719031587e-06,3.397304578547381e-06,1.1324348595157936e-06
2020-10-09,Kings,031,150075.0,0,0,0,0,0,0,0,0,0,0,0,0,0,0,0.0,0.0,0.0
2020-10-09,Lake,033,64148.0,0,0,0,0,0,0,0,0,0,0,0,0,0,0,0.0,0.0,0.0
2020-10-09,Lassen,035,31185.0,2,0,0,0,2,0,0,0,0,0,1,0,1,0,0.0,3.20666987333654e-05,3.20666987333654e-05
2020-10-09,Los Angeles,037,10098052.0,635,8,542,7,84,1,9,0,113,1,379,1,266,7,1.1190277095027833e-05,3.753199131872167e-05,2.634171422369384e-05
2020-10-09,Madera,039,155013.0,3,0,3,0,0,0,0,0,1,0,1,0,0,0,6.451071845587144e-06,6.451071845587144e-06,0.0
2020-10-09,Marin,041,260295.0,9,0,9,0,0,0,0,0,1,0,5,0,4,0,3.841794886571006e-06,1.920897443285503e-05,1.5367179546284023e-05
2020-10-09,Mariposa,043,17540.0,0,0,0,0,0,0,0,0,0,0,0,0,0,0,0.0,0.0,0.0
2020-10-09,Mendocino,045,87422.0,1,0,0,0,1,0,0,0,1,0,1,0,0,0,1.1438768273432316e-05,1.1438768273432316e-05,0.0
2020-10-09,Merced,047,269075.0,5,0,5,0,0,0,0,0,1,0,3,0,2,0,3.71643593793552e-06,1.114930781380656e-05,7.43287187587104e-06
2020-10-09,Modoc,049,8938.0,0,0,0,0,0,0,0,0,0,0,0,0,0,0,0.0,0.0,0.0
2020-10-09,Mono,051,14174.0,0,0,0,0,0,0,0,0,0,0,0,0,0,0,0.0,0.0,0.0
2020-10-09,Monterey,053,433212.0,3,2,0,0,3,2,0,0,3,2,3,2,0,0,6.925015927536633e-06,6.925015927536633e-06,0.0
2020-10-09,Napa,055,140530.0,0,0,0,0,0,0,0,0,0,0,0,0,0,0,0.0,0.0,0.0
2020-10-09,Nevada,057,99092.0,2,0,2,0,0,0,0,0,0,0,1,0,1,0,0.0,1.009163201873007e-05,1.009163201873007e-05
2020-10-09,Orange,059,3164182.0,154,3,124,3,28,0,2,0,32,0,94,0,62,3,1.0113198292639298e-05,2.970751998462794e-05,1.959432169198864e-05
2020-10-09,Placer,061,380077.0,24,0,19,0,5,0,0,0,2,0,13,0,11,0,5.2620916288015326e-06,3.420359558720996e-05,2.8941503958408427e-05
2020-10-09,Plumas,063,18699.0,0,0,0,0,0,0,0,0,0,0,0,0,0,0,0.0,0.0,0.0
2020-10-09,Riverside,065,2383286.0,59,0,20,0,39,0,0,0,12,0,36,0,24,0,5.035065032060777e-06,1.510519509618233e-05,1.0070130064121554e-05
2020-10-09,Sacramento,067,1510023.0,186,6,125,4,61,2,0,0,24,1,105,1,81,5,1.5893797644141843e-05,6.953536469312057e-05,5.3641567048978726e-05
2020-10-09,San Benito,069,59416.0,0,0,0,0,0,0,0,0,0,0,0,0,0,0,0.0,0.0,0.0
2020-10-09,San Bernardino,071,2135413.0,25,1,7,0,18,1,0,0,7,1,16,1,9,0,3.278054409147083e-06,7.49269579233619e-06,4.214641383189107e-06
2020-10-09,San Diego,073,3302833.0,558,7,188,2,369,5,1,0,68,2,310,2,242,4,2.0588385788806157e-05,9.385881756661628e-05,7.327043177781014e-05
2020-10-09,San Francisco,075,870044.0,42,0,33,0,9,0,0,0,4,0,23,0,19,0,4.597468633770247e-06,2.6435444644178915e-05,2.183797601040867e-05
2020-10-09,San Joaquin,077,732212.0,16,0,11,0,5,0,0,0,1,0,9,0,8,0,1.365724680830142e-06,1.2291522127471278e-05,1.0925797446641135e-05
2020-10-09,San Luis Obispo,079,281455.0,3,0,1,0,2,0,0,0,1,0,2,0,1,0,3.552965838233465e-06,7.10593167646693e-06,3.552965838233465e-06
2020-10-09,San Mateo,081,765935.0,38,1,33,1,5,0,0,0,5,0,21,0,16,1,6.5279690835384205e-06,2.7417470150861366e-05,2.0889501067322944e-05
2020-10-09,Santa Barbara,083,443738.0,4,0,4,0,0,0,0,0,2,0,3,0,1,0,4.507164137396392e-06,6.760746206094587e-06,2.253582068698196e-06
2020-10-09,Santa Clara,085,1922200.0,134,1,126,1,8,0,0,0,10,0,73,0,63,1,5.202372281760482e-06,3.7977317656851526e-05,3.2774945375091044e-05
2020-10-09,Santa Cruz,087,273765.0,5,0,4,0,1,0,0,0,1,0,3,0,2,0,3.652767884864756e-06,1.095830365459427e-05,7.305535769729512e-06
2020-10-09,Shasta,089,179085.0,320,8,115,1,205,7,0,0,20,1,170,1,150,7,0.0001116788117374,0.0009492698997682,0.0008375910880308
2020-10-09,Sierra,091,2930.0,0,0,0,0,0,0,0,0,0,0,0,0,0,0,0.0,0.0,0.0
2020-10-09,Siskiyou,093,43540.0,9,0,6,0,3,0,0,0,1,0,5,0,4,0,2.296738631143776e-05,0.0001148369315571,9.186954524575104e-05
2020-10-09,Solano,095,438530.0,6,0,6,0,0,0,0,0,0,0,3,0,3,0,0.0,6.841037101224546e-06,6.841037101224546e-06
2020-10-09,Sonoma,097,501317.0,6,0,3,0,3,0,0,0,1,0,4,0,3,0,1.9947458394588654e-06,7.978983357835461e-06,5.984237518376596e-06
2020-10-09,Stanislaus,099,539301.0,16,0,14,0,2,0,0,0,6,0,11,0,5,0,1.11255124689181e-05,2.0396772859683185e-05,9.271260390765084e-06
2020-10-09,Sutter,101,95872.0,1,0,0,0,1,0,0,0,1,0,1,0,0,0,1.0430574098798398e-05,1.0430574098798398e-05,0.0
2020-10-09,Tehama,103,63373.0,25,0,6,0,19,0,0,0,1,0,13,0,12,0,1.5779590677417828e-05,0.0002051346788064,0.000189355088129
2020-10-09,Trinity,105,12862.0,2,0,0,0,2,0,0,0,0,0,1,0,1,0,0.0,7.774840615767377e-05,7.774840615767377e-05
2020-10-09,Tulare,107,460477.0,3,0,2,0,1,0,0,0,1,0,2,0,1,0,2.171661125311362e-06,4.343322250622724e-06,2.171661125311362e-06
2020-10-09,Tuolumne,109,53932.0,1,0,0,0,1,0,0,0,1,0,1,0,0,0,1.854186753689832e-05,1.854186753689832e-05,0.0
2020-10-09,Ventura,111,848112.0,30,0,22,0,8,0,0,0,4,0,17,0,13,0,4.7163582168392855e-06,2.0044522421566964e-05,1.532816420472768e-05
2020-10-09,Yolo,113,214977.0,57,1,37,1,20,0,0,0,4,0,31,0,27,1,1.860664164073366e-05,0.0001442014727156,0.0001255948310749
2020-10-09,Yuba,115,75493.0,2,0,0,0,2,0,0,0,0,0,1,0,1,0,0.0,1.3246261242764227e-05,1.3246261242764227e-05
2020-10-08,Alameda,001,1643700.0,88,0,82,0,6,0,0,0,5,0,47,0,42,0,3.0419176248707186e-06,2.8594025673784754e-05,2.555210804891404e-05
2020-10-08,Alpine,003,1148.0,0,0,0,0,0,0,0,0,0,0,0,0,0,0,0.0,0.0,0.0
2020-10-08,Amador,005,37829.0,0,0,0,0,0,0,0,0,0,0,0,0,0,0,0.0,0.0,0.0
2020-10-08,Butte,007,227075.0,17,0,7,0,10,0,0,0,7,0,12,0,5,0,3.082681933281955e-05,5.284597599911923e-05,2.201915666629968e-05
2020-10-08,Calaveras,009,45235.0,1,0,1,0,0,0,0,0,1,0,1,0,0,0,2.2106775726760254e-05,2.2106775726760254e-05,0.0
2020-10-08,Colusa,011,21464.0,0,0,0,0,0,0,0,0,0,0,0,0,0,0,0.0,0.0,0.0
2020-10-08,Contra Costa,013,1133247.0,112,1,104,1,8,0,0,0,3,0,58,0,55,1,2.647260482489696e-06,5.118036932813412e-05,4.8533108845644416e-05
2020-10-08,Del Norte,015,27424.0,1,0,0,0,1,0,0,0,1,0,1,0,0,0,3.646441073512252e-05,3.646441073512252e-05,0.0
2020-10-08,El Dorado,017,186661.0,12,0,8,0,4,0,0,0,0,0,6,0,6,0,0.0,3.214383293778561e-05,3.214383293778561e-05
2020-10-08,Fresno,019,978130.0,8,0,6,0,2,0,0,0,4,0,6,0,2,0,4.08943596454459e-06,6.134153946816885e-06,2.044717982272295e-06
2020-10-08,Glenn,021,27897.0,4,0,2,0,2,0,0,0,0,0,2,0,2,0,0.0,7.169229666272359e-05,7.169229666272359e-05
2020-10-08,Humboldt,023,135768.0,1,0,1,0,0,0,0,0,1,0,1,0,0,0,7.365505862942667e-06,7.365505862942667e-06,0.0
2020-10-08,Imperial,025,180216.0,2,0,0,0,2,0,0,0,2,0,2,0,0,0,1.109779375860079e-05,1.109779375860079e-05,0.0
2020-10-08,Inyo,027,18085.0,0,0,0,0,0,0,0,0,0,0,0,0,0,0,0.0,0.0,0.0
2020-10-08,Kern,029,883053.0,4,0,3,0,1,0,0,0,2,0,3,0,1,0,2.264869719031587e-06,3.397304578547381e-06,1.1324348595157936e-06
2020-10-08,Kings,031,150075.0,0,0,0,0,0,0,0,0,0,0,0,0,0,0,0.0,0.0,0.0
2020-10-08,Lake,033,64148.0,0,0,0,0,0,0,0,0,0,0,0,0,0,0,0.0,0.0,0.0
2020-10-08,Lassen,035,31185.0,2,0,0,0,2,0,0,0,0,0,1,0,1,0,0.0,3.20666987333654e-05,3.20666987333654e-05
2020-10-08,Los Angeles,037,10098052.0,627,12,535,8,83,3,9,1,119,3,378,4,259,9,1.178445110007356e-05,3.743296231788071e-05,2.564851121780716e-05
2020-10-08,Madera,039,155013.0,3,0,3,0,0,0,0,0,1,0,1,0,0,0,6.451071845587144e-06,6.451071845587144e-06,0.0
2020-10-08,Marin,041,260295.0,9,0,9,0,0,0,0,0,1,0,5,0,4,0,3.841794886571006e-06,1.920897443285503e-05,1.5367179546284023e-05
2020-10-08,Mariposa,043,17540.0,0,0,0,0,0,0,0,0,0,0,0,0,0,0,0.0,0.0,0.0
2020-10-08,Mendocino,045,87422.0,1,0,0,0,1,0,0,0,1,0,1,0,0,0,1.1438768273432316e-05,1.1438768273432316e-05,0.0
2020-10-08,Merced,047,269075.0,5,0,5,0,0,0,0,0,1,0,3,0,2,0,3.71643593793552e-06,1.114930781380656e-05,7.43287187587104e-06
2020-10-08,Modoc,049,8938.0,0,0,0,0,0,0,0,0,0,0,0,0,0,0,0.0,0.0,0.0
2020-10-08,Mono,051,14174.0,0,0,0,0,0,0,0,0,0,0,0,0,0,0,0.0,0.0,0.0
2020-10-08,Monterey,053,433212.0,1,0,0,0,1,0,0,0,1,0,1,0,0,0,2.308338642512211e-06,2.308338642512211e-06,0.0
2020-10-08,Napa,055,140530.0,0,0,0,0,0,0,0,0,0,0,0,0,0,0,0.0,0.0,0.0
2020-10-08,Nevada,057,99092.0,2,0,2,0,0,0,0,0,0,0,1,0,1,0,0.0,1.009163201873007e-05,1.009163201873007e-05
2020-10-08,Orange,059,3164182.0,151,4,121,3,28,0,2,1,35,0,94,1,59,4,1.1061310632574231e-05,2.970751998462794e-05,1.8646209352053706e-05
2020-10-08,Placer,061,380077.0,24,0,19,0,5,0,0,0,2,0,13,0,11,0,5.2620916288015326e-06,3.420359558720996e-05,2.8941503958408427e-05
2020-10-08,Plumas,063,18699.0,0,0,0,0,0,0,0,0,0,0,0,0,0,0,0.0,0.0,0.0
2020-10-08,Riverside,065,2383286.0,59,0,20,0,39,0,0,0,12,0,36,0,24,0,5.035065032060777e-06,1.510519509618233e-05,1.0070130064121554e-05
2020-10-08,Sacramento,067,1510023.0,180,4,121,4,59,0,0,0,28,1,104,1,76,3,1.8542763918165483e-05,6.887312312461466e-05,5.033035920644917e-05
2020-10-08,San Benito,069,59416.0,0,0,0,0,0,0,0,0,0,0,0,0,0,0,0.0,0.0,0.0
2020-10-08,San Bernardino,071,2135413.0,24,1,7,1,17,0,0,0,6,0,15,0,9,1,2.809760922126071e-06,7.024402305315178e-06,4.214641383189107e-06
2020-10-08,San Diego,073,3302833.0,551,6,186,0,364,6,1,0,70,2,308,2,238,4,2.119392654730045e-05,9.3253276808122e-05,7.205935026082155e-05
2020-10-08,San Francisco,075,870044.0,42,1,33,1,9,0,0,0,4,0,23,0,19,1,4.597468633770247e-06,2.6435444644178915e-05,2.183797601040867e-05
2020-10-08,San Joaquin,077,732212.0,16,1,11,1,5,0,0,0,1,1,9,1,8,0,1.365724680830142e-06,1.2291522127471278e-05,1.0925797446641135e-05
2020-10-08,San Luis Obispo,079,281455.0,3,1,1,1,2,0,0,0,1,1,2,1,1,0,3.552965838233465e-06,7.10593167646693e-06,3.552965838233465e-06
2020-10-08,San Mateo,081,765935.0,37,0,32,0,5,0,0,0,6,0,21,0,15,0,7.833562900246105e-06,2.7417470150861366e-05,1.958390725061526e-05
2020-10-08,Santa Barbara,083,443738.0,4,0,4,0,0,0,0,0,2,0,3,0,1,0,4.507164137396392e-06,6.760746206094587e-06,2.253582068698196e-06
2020-10-08,Santa Clara,085,1922200.0,133,1,125,1,8,0,0,0,11,1,73,1,62,0,5.722609509936531e-06,3.7977317656851526e-05,3.2254708146914995e-05
2020-10-08,Santa Cruz,087,273765.0,5,0,4,0,1,0,0,0,1,0,3,0,2,0,3.652767884864756e-06,1.095830365459427e-05,7.305535769729512e-06
2020-10-08,Shasta,089,179085.0,312,3,114,3,198,0,0,0,26,3,169,3,143,0,0.0001451824552586,0.0009436859591813,0.0007985035039227
2020-10-08,Sierra,091,2930.0,0,0,0,0,0,0,0,0,0,0,0,0,0,0,0.0,0.0,0.0
2020-10-08,Siskiyou,093,43540.0,9,0,6,0,3,0,0,0,1,0,5,0,4,0,2.296738631143776e-05,0.0001148369315571,9.186954524575104e-05
2020-10-08,Solano,095,438530.0,6,0,6,0,0,0,0,0,0,0,3,0,3,0,0.0,6.841037101224546e-06,6.841037101224546e-06
2020-10-08,Sonoma,097,501317.0,6,0,3,0,3,0,0,0,1,0,4,0,3,0,1.9947458394588654e-06,7.978983357835461e-06,5.984237518376596e-06
2020-10-08,Stanislaus,099,539301.0,16,0,14,0,2,0,0,0,6,0,11,0,5,0,1.11255124689181e-05,2.0396772859683185e-05,9.271260390765084e-06
2020-10-08,Sutter,101,95872.0,1,0,0,0,1,0,0,0,1,0,1,0,0,0,1.0430574098798398e-05,1.0430574098798398e-05,0.0
2020-10-08,Tehama,103,63373.0,25,0,6,0,19,0,0,0,1,0,13,0,12,0,1.5779590677417828e-05,0.0002051346788064,0.000189355088129
2020-10-08,Trinity,105,12862.0,2,0,0,0,2,0,0,0,0,0,1,0,1,0,0.0,7.774840615767377e-05,7.774840615767377e-05
2020-10-08,Tulare,107,460477.0,3,0,2,0,1,0,0,0,1,0,2,0,1,0,2.171661125311362e-06,4.343322250622724e-06,2.171661125311362e-06
2020-10-08,Tuolumne,109,53932.0,1,0,0,0,1,0,0,0,1,0,1,0,0,0,1.854186753689832e-05,1.854186753689832e-05,0.0
2020-10-08,Ventura,111,848112.0,30,0,22,0,8,0,0,0,4,0,17,0,13,0,4.7163582168392855e-06,2.0044522421566964e-05,1.532816420472768e-05
2020-10-08,Yolo,113,214977.0,56,0,36,0,20,0,0,0,5,0,31,0,26,0,2.3258302050917078e-05,0.0001442014727156,0.0001209431706647
2020-10-08,Yuba,115,75493.0,2,0,0,0,2,0,0,0,0,0,1,0,1,0,0.0,1.3246261242764227e-05,1.3246261242764227e-05
2020-10-07,Alameda,001,1643700.0,88,0,82,0,6,0,0,0,5,0,47,0,42,0,3.0419176248707186e-06,2.8594025673784754e-05,2.555210804891404e-05
2020-10-07,Alpine,003,1148.0,0,0,0,0,0,0,0,0,0,0,0,0,0,0,0.0,0.0,0.0
2020-10-07,Amador,005,37829.0,0,0,0,0,0,0,0,0,0,0,0,0,0,0,0.0,0.0,0.0
2020-10-07,Butte,007,227075.0,17,0,7,0,10,0,0,0,7,0,12,0,5,0,3.082681933281955e-05,5.284597599911923e-05,2.201915666629968e-05
2020-10-07,Calaveras,009,45235.0,1,0,1,0,0,0,0,0,1,0,1,0,0,0,2.2106775726760254e-05,2.2106775726760254e-05,0.0
2020-10-07,Colusa,011,21464.0,0,0,0,0,0,0,0,0,0,0,0,0,0,0,0.0,0.0,0.0
2020-10-07,Contra Costa,013,1133247.0,111,2,103,2,8,0,0,0,4,0,58,0,54,2,3.529680643319594e-06,5.118036932813412e-05,4.765068868481452e-05
2020-10-07,Del Norte,015,27424.0,1,0,0,0,1,0,0,0,1,0,1,0,0,0,3.646441073512252e-05,3.646441073512252e-05,0.0
2020-10-07,El Dorado,017,186661.0,12,0,8,0,4,0,0,0,0,0,6,0,6,0,0.0,3.214383293778561e-05,3.214383293778561e-05
2020-10-07,Fresno,019,978130.0,8,0,6,0,2,0,0,0,4,0,6,0,2,0,4.08943596454459e-06,6.134153946816885e-06,2.044717982272295e-06
2020-10-07,Glenn,021,27897.0,4,0,2,0,2,0,0,0,0,0,2,0,2,0,0.0,7.169229666272359e-05,7.169229666272359e-05
2020-10-07,Humboldt,023,135768.0,1,0,1,0,0,0,0,0,1,0,1,0,0,0,7.365505862942667e-06,7.365505862942667e-06,0.0
2020-10-07,Imperial,025,180216.0,2,0,0,0,2,0,0,0,2,0,2,0,0,0,1.109779375860079e-05,1.109779375860079e-05,0.0
2020-10-07,Inyo,027,18085.0,0,0,0,0,0,0,0,0,0,0,0,0,0,0,0.0,0.0,0.0
2020-10-07,Kern,029,883053.0,4,0,3,0,1,0,0,0,2,0,3,0,1,0,2.264869719031587e-06,3.397304578547381e-06,1.1324348595157936e-06
2020-10-07,Kings,031,150075.0,0,0,0,0,0,0,0,0,0,0,0,0,0,0,0.0,0.0,0.0
2020-10-07,Lake,033,64148.0,0,0,0,0,0,0,0,0,0,0,0,0,0,0,0.0,0.0,0.0
2020-10-07,Lassen,035,31185.0,2,0,0,0,2,0,0,0,0,0,1,0,1,0,0.0,3.20666987333654e-05,3.20666987333654e-05
2020-10-07,Los Angeles,037,10098052.0,615,14,527,10,80,3,8,1,124,3,374,4,250,11,1.227959610427833e-05,3.7036846314516896e-05,2.475725021023857e-05
2020-10-07,Madera,039,155013.0,3,0,3,0,0,0,0,0,1,0,1,0,0,0,6.451071845587144e-06,6.451071845587144e-06,0.0
2020-10-07,Marin,041,260295.0,9,0,9,0,0,0,0,0,1,0,5,0,4,0,3.841794886571006e-06,1.920897443285503e-05,1.5367179546284023e-05
2020-10-07,Mariposa,043,17540.0,0,0,0,0,0,0,0,0,0,0,0,0,0,0,0.0,0.0,0.0
2020-10-07,Mendocino,045,87422.0,1,0,0,0,1,0,0,0,1,0,1,0,0,0,1.1438768273432316e-05,1.1438768273432316e-05,0.0
2020-10-07,Merced,047,269075.0,5,0,5,0,0,0,0,0,1,0,3,0,2,0,3.71643593793552e-06,1.114930781380656e-05,7.43287187587104e-06
2020-10-07,Modoc,049,8938.0,0,0,0,0,0,0,0,0,0,0,0,0,0,0,0.0,0.0,0.0
2020-10-07,Mono,051,14174.0,0,0,0,0,0,0,0,0,0,0,0,0,0,0,0.0,0.0,0.0
2020-10-07,Monterey,053,433212.0,1,0,0,0,1,0,0,0,1,0,1,0,0,0,2.308338642512211e-06,2.308338642512211e-06,0.0
2020-10-07,Napa,055,140530.0,0,0,0,0,0,0,0,0,0,0,0,0,0,0,0.0,0.0,0.0
2020-10-07,Nevada,057,99092.0,2,0,2,0,0,0,0,0,0,0,1,0,1,0,0.0,1.009163201873007e-05,1.009163201873007e-05
2020-10-07,Orange,059,3164182.0,147,1,118,1,28,0,1,0,38,0,93,0,55,1,1.2009422972509166e-05,2.939148253798296e-05,1.7382059565473794e-05
2020-10-07,Placer,061,380077.0,24,1,19,0,5,1,0,0,2,1,13,1,11,0,5.2620916288015326e-06,3.420359558720996e-05,2.8941503958408427e-05
2020-10-07,Plumas,063,18699.0,0,0,0,0,0,0,0,0,0,0,0,0,0,0,0.0,0.0,0.0
2020-10-07,Riverside,065,2383286.0,59,0,20,0,39,0,0,0,12,0,36,0,24,0,5.035065032060777e-06,1.510519509618233e-05,1.0070130064121554e-05
2020-10-07,Sacramento,067,1510023.0,176,2,117,0,59,2,0,0,30,0,103,0,73,2,1.9867247055177305e-05,6.821088155610875e-05,4.8343634500931445e-05
2020-10-07,San Benito,069,59416.0,0,0,0,0,0,0,0,0,0,0,0,0,0,0,0.0,0.0,0.0
2020-10-07,San Bernardino,071,2135413.0,23,0,6,0,17,0,0,0,7,0,15,0,8,0,3.278054409147083e-06,7.024402305315178e-06,3.746347896168095e-06
2020-10-07,San Diego,073,3302833.0,545,2,186,1,358,1,1,0,72,0,306,0,234,2,2.1799467305794757e-05,9.26477360496277e-05,7.084826874383294e-05
2020-10-07,San Francisco,075,870044.0,41,0,32,0,9,0,0,0,5,0,23,0,18,0,5.746835792212808e-06,2.6435444644178915e-05,2.0688608851966107e-05
2020-10-07,San Joaquin,077,732212.0,15,0,10,0,5,0,0,0,0,0,8,0,8,0,0.0,1.0925797446641135e-05,1.0925797446641135e-05
2020-10-07,San Luis Obispo,079,281455.0,2,0,0,0,2,0,0,0,0,0,1,0,1,0,0.0,3.552965838233465e-06,3.552965838233465e-06
2020-10-07,San Mateo,081,765935.0,37,0,32,0,5,0,0,0,6,0,21,0,15,0,7.833562900246105e-06,2.7417470150861366e-05,1.958390725061526e-05
2020-10-07,Santa Barbara,083,443738.0,4,0,4,0,0,0,0,0,2,0,3,0,1,0,4.507164137396392e-06,6.760746206094587e-06,2.253582068698196e-06
2020-10-07,Santa Clara,085,1922200.0,132,2,124,1,8,1,0,0,10,0,72,0,62,2,5.202372281760482e-06,3.745708042867548e-05,3.2254708146914995e-05
2020-10-07,Santa Cruz,087,273765.0,5,0,4,0,1,0,0,0,1,0,3,0,2,0,3.652767884864756e-06,1.095830365459427e-05,7.305535769729512e-06
2020-10-07,Shasta,089,179085.0,309,6,111,0,198,6,0,0,23,1,166,1,143,5,0.000128430633498,0.0009269341374207,0.0007985035039227
2020-10-07,Sierra,091,2930.0,0,0,0,0,0,0,0,0,0,0,0,0,0,0,0.0,0.0,0.0
2020-10-07,Siskiyou,093,43540.0,9,0,6,0,3,0,0,0,1,0,5,0,4,0,2.296738631143776e-05,0.0001148369315571,9.186954524575104e-05
2020-10-07,Solano,095,438530.0,6,0,6,0,0,0,0,0,0,0,3,0,3,0,0.0,6.841037101224546e-06,6.841037101224546e-06
2020-10-07,Sonoma,097,501317.0,6,1,3,1,3,0,0,0,1,0,4,0,3,1,1.9947458394588654e-06,7.978983357835461e-06,5.984237518376596e-06
2020-10-07,Stanislaus,099,539301.0,16,0,14,0,2,0,0,0,6,0,11,0,5,0,1.11255124689181e-05,2.0396772859683185e-05,9.271260390765084e-06
2020-10-07,Sutter,101,95872.0,1,0,0,0,1,0,0,0,1,0,1,0,0,0,1.0430574098798398e-05,1.0430574098798398e-05,0.0
2020-10-07,Tehama,103,63373.0,25,0,6,0,19,0,0,0,1,0,13,0,12,0,1.5779590677417828e-05,0.0002051346788064,0.000189355088129
2020-10-07,Trinity,105,12862.0,2,0,0,0,2,0,0,0,0,0,1,0,1,0,0.0,7.774840615767377e-05,7.774840615767377e-05
2020-10-07,Tulare,107,460477.0,3,0,2,0,1,0,0,0,1,0,2,0,1,0,2.171661125311362e-06,4.343322250622724e-06,2.171661125311362e-06
2020-10-07,Tuolumne,109,53932.0,1,0,0,0,1,0,0,0,1,0,1,0,0,0,1.854186753689832e-05,1.854186753689832e-05,0.0
2020-10-07,Ventura,111,848112.0,30,1,22,1,8,0,0,0,4,0,17,0,13,1,4.7163582168392855e-06,2.0044522421566964e-05,1.532816420472768e-05
2020-10-07,Yolo,113,214977.0,56,1,36,1,20,0,0,0,5,0,31,0,26,1,2.3258302050917078e-05,0.0001442014727156,0.0001209431706647
2020-10-07,Yuba,115,75493.0,2,0,0,0,2,0,0,0,0,0,1,0,1,0,0.0,1.3246261242764227e-05,1.3246261242764227e-05
2020-10-06,Alameda,001,1643700.0,88,0,82,0,6,0,0,0,5,0,47,0,42,0,3.0419176248707186e-06,2.8594025673784754e-05,2.555210804891404e-05
2020-10-06,Alpine,003,1148.0,0,0,0,0,0,0,0,0,0,0,0,0,0,0,0.0,0.0,0.0
2020-10-06,Amador,005,37829.0,0,0,0,0,0,0,0,0,0,0,0,0,0,0,0.0,0.0,0.0
2020-10-06,Butte,007,227075.0,17,0,7,0,10,0,0,0,7,0,12,0,5,0,3.082681933281955e-05,5.284597599911923e-05,2.201915666629968e-05
2020-10-06,Calaveras,009,45235.0,1,0,1,0,0,0,0,0,1,0,1,0,0,0,2.2106775726760254e-05,2.2106775726760254e-05,0.0
2020-10-06,Colusa,011,21464.0,0,0,0,0,0,0,0,0,0,0,0,0,0,0,0.0,0.0,0.0
2020-10-06,Contra Costa,013,1133247.0,109,1,101,1,8,0,0,0,6,0,58,0,52,1,5.294520964979391e-06,5.118036932813412e-05,4.588584836315472e-05
2020-10-06,Del Norte,015,27424.0,1,0,0,0,1,0,0,0,1,0,1,0,0,0,3.646441073512252e-05,3.646441073512252e-05,0.0
2020-10-06,El Dorado,017,186661.0,12,1,8,1,4,0,0,0,0,0,6,0,6,1,0.0,3.214383293778561e-05,3.214383293778561e-05
2020-10-06,Fresno,019,978130.0,8,0,6,0,2,0,0,0,4,0,6,0,2,0,4.08943596454459e-06,6.134153946816885e-06,2.044717982272295e-06
2020-10-06,Glenn,021,27897.0,4,0,2,0,2,0,0,0,0,0,2,0,2,0,0.0,7.169229666272359e-05,7.169229666272359e-05
2020-10-06,Humboldt,023,135768.0,1,0,1,0,0,0,0,0,1,0,1,0,0,0,7.365505862942667e-06,7.365505862942667e-06,0.0
2020-10-06,Imperial,025,180216.0,2,0,0,0,2,0,0,0,2,0,2,0,0,0,1.109779375860079e-05,1.109779375860079e-05,0.0
2020-10-06,Inyo,027,18085.0,0,0,0,0,0,0,0,0,0,0,0,0,0,0,0.0,0.0,0.0
2020-10-06,Kern,029,883053.0,4,0,3,0,1,0,0,0,2,0,3,0,1,0,2.264869719031587e-06,3.397304578547381e-06,1.1324348595157936e-06
2020-10-06,Kings,031,150075.0,0,0,0,0,0,0,0,0,0,0,0,0,0,0,0.0,0.0,0.0
2020-10-06,Lake,033,64148.0,0,0,0,0,0,0,0,0,0,0,0,0,0,0,0.0,0.0,0.0
2020-10-06,Lassen,035,31185.0,2,0,0,0,2,0,0,0,0,0,1,0,1,0,0.0,3.20666987333654e-05,3.20666987333654e-05
2020-10-06,Los Angeles,037,10098052.0,601,8,517,7,77,1,7,0,131,1,370,1,239,7,1.297279911016501e-05,3.664073031115308e-05,2.3667931200988076e-05
2020-10-06,Madera,039,155013.0,3,0,3,0,0,0,0,0,1,0,1,0,0,0,6.451071845587144e-06,6.451071845587144e-06,0.0
2020-10-06,Marin,041,260295.0,9,0,9,0,0,0,0,0,1,0,5,0,4,0,3.841794886571006e-06,1.920897443285503e-05,1.5367179546284023e-05
2020-10-06,Mariposa,043,17540.0,0,0,0,0,0,0,0,0,0,0,0,0,0,0,0.0,0.0,0.0
2020-10-06,Mendocino,045,87422.0,1,0,0,0,1,0,0,0,1,0,1,0,0,0,1.1438768273432316e-05,1.1438768273432316e-05,0.0
2020-10-06,Merced,047,269075.0,5,0,5,0,0,0,0,0,1,0,3,0,2,0,3.71643593793552e-06,1.114930781380656e-05,7.43287187587104e-06
2020-10-06,Modoc,049,8938.0,0,0,0,0,0,0,0,0,0,0,0,0,0,0,0.0,0.0,0.0
2020-10-06,Mono,051,14174.0,0,0,0,0,0,0,0,0,0,0,0,0,0,0,0.0,0.0,0.0
2020-10-06,Monterey,053,433212.0,1,0,0,0,1,0,0,0,1,0,1,0,0,0,2.308338642512211e-06,2.308338642512211e-06,0.0
2020-10-06,Napa,055,140530.0,0,0,0,0,0,0,0,0,0,0,0,0,0,0,0.0,0.0,0.0
2020-10-06,Nevada,057,99092.0,2,0,2,0,0,0,0,0,0,0,1,0,1,0,0.0,1.009163201873007e-05,1.009163201873007e-05
2020-10-06,Orange,059,3164182.0,146,2,117,0,28,1,1,1,39,0,93,1,54,2,1.2325460419154144e-05,2.939148253798296e-05,1.7066022118828815e-05
2020-10-06,Placer,061,380077.0,23,2,19,2,4,0,0,0,1,0,12,0,11,2,2.6310458144007663e-06,3.1572549772809195e-05,2.8941503958408427e-05
2020-10-06,Plumas,063,18699.0,0,0,0,0,0,0,0,0,0,0,0,0,0,0,0.0,0.0,0.0
2020-10-06,Riverside,065,2383286.0,59,0,20,0,39,0,0,0,12,0,36,0,24,0,5.035065032060777e-06,1.510519509618233e-05,1.0070130064121554e-05
2020-10-06,Sacramento,067,1510023.0,174,3,117,3,57,0,0,0,32,0,103,0,71,3,2.1191730192189124e-05,6.821088155610875e-05,4.701915136391962e-05
2020-10-06,San Benito,069,59416.0,0,0,0,0,0,0,0,0,0,0,0,0,0,0,0.0,0.0,0.0
2020-10-06,San Bernardino,071,2135413.0,23,1,6,0,17,1,0,0,7,0,15,0,8,1,3.278054409147083e-06,7.024402305315178e-06,3.746347896168095e-06
2020-10-06,San Diego,073,3302833.0,543,5,185,2,357,2,1,1,74,1,306,2,232,4,2.240500806428905e-05,9.26477360496277e-05,7.024272798533865e-05
2020-10-06,San Francisco,075,870044.0,41,1,32,1,9,0,0,0,5,0,23,0,18,1,5.746835792212808e-06,2.6435444644178915e-05,2.0688608851966107e-05
2020-10-06,San Joaquin,077,732212.0,15,0,10,0,5,0,0,0,0,0,8,0,8,0,0.0,1.0925797446641135e-05,1.0925797446641135e-05
2020-10-06,San Luis Obispo,079,281455.0,2,0,0,0,2,0,0,0,0,0,1,0,1,0,0.0,3.552965838233465e-06,3.552965838233465e-06
2020-10-06,San Mateo,081,765935.0,37,0,32,0,5,0,0,0,6,0,21,0,15,0,7.833562900246105e-06,2.7417470150861366e-05,1.958390725061526e-05
2020-10-06,Santa Barbara,083,443738.0,4,0,4,0,0,0,0,0,2,0,3,0,1,0,4.507164137396392e-06,6.760746206094587e-06,2.253582068698196e-06
2020-10-06,Santa Clara,085,1922200.0,130,0,123,0,7,0,0,0,12,0,72,0,60,0,6.24284673811258e-06,3.745708042867548e-05,3.1214233690562896e-05
2020-10-06,Santa Cruz,087,273765.0,5,0,4,0,1,0,0,0,1,0,3,0,2,0,3.652767884864756e-06,1.095830365459427e-05,7.305535769729512e-06
2020-10-06,Shasta,089,179085.0,303,0,111,0,192,0,0,0,27,0,165,0,138,0,0.0001507663958455,0.0009213501968339,0.0007705838009883
2020-10-06,Sierra,091,2930.0,0,0,0,0,0,0,0,0,0,0,0,0,0,0,0.0,0.0,0.0
2020-10-06,Siskiyou,093,43540.0,9,0,6,0,3,0,0,0,1,0,5,0,4,0,2.296738631143776e-05,0.0001148369315571,9.186954524575104e-05
2020-10-06,Solano,095,438530.0,6,0,6,0,0,0,0,0,0,0,3,0,3,0,0.0,6.841037101224546e-06,6.841037101224546e-06
2020-10-06,Sonoma,097,501317.0,5,0,2,0,3,0,0,0,2,0,4,0,2,0,3.989491678917731e-06,7.978983357835461e-06,3.989491678917731e-06
2020-10-06,Stanislaus,099,539301.0,16,0,14,0,2,0,0,0,6,0,11,0,5,0,1.11255124689181e-05,2.0396772859683185e-05,9.271260390765084e-06
2020-10-06,Sutter,101,95872.0,1,0,0,0,1,0,0,0,1,0,1,0,0,0,1.0430574098798398e-05,1.0430574098798398e-05,0.0
2020-10-06,Tehama,103,63373.0,25,0,6,0,19,0,0,0,1,0,13,0,12,0,1.5779590677417828e-05,0.0002051346788064,0.000189355088129
2020-10-06,Trinity,105,12862.0,2,0,0,0,2,0,0,0,0,0,1,0,1,0,0.0,7.774840615767377e-05,7.774840615767377e-05
2020-10-06,Tulare,107,460477.0,3,0,2,0,1,0,0,0,1,0,2,0,1,0,2.171661125311362e-06,4.343322250622724e-06,2.171661125311362e-06
2020-10-06,Tuolumne,109,53932.0,1,0,0,0,1,0,0,0,1,0,1,0,0,0,1.854186753689832e-05,1.854186753689832e-05,0.0
2020-10-06,Ventura,111,848112.0,29,1,21,1,8,0,0,0,5,0,17,0,12,1,5.895447771049107e-06,2.0044522421566964e-05,1.4149074650517856e-05
2020-10-06,Yolo,113,214977.0,55,2,35,2,20,0,0,0,6,0,31,0,25,2,2.790996246110049e-05,0.0001442014727156,0.0001162915102545
2020-10-06,Yuba,115,75493.0,2,0,0,0,2,0,0,0,0,0,1,0,1,0,0.0,1.3246261242764227e-05,1.3246261242764227e-05
2020-10-05,Alameda,001,1643700.0,88,2,82,2,6,0,0,0,5,0,47,0,42,2,3.0419176248707186e-06,2.8594025673784754e-05,2.555210804891404e-05
2020-10-05,Alpine,003,1148.0,0,0,0,0,0,0,0,0,0,0,0,0,0,0,0.0,0.0,0.0
2020-10-05,Amador,005,37829.0,0,0,0,0,0,0,0,0,0,0,0,0,0,0,0.0,0.0,0.0
2020-10-05,Butte,007,227075.0,17,1,7,0,10,1,0,0,7,0,12,0,5,1,3.082681933281955e-05,5.284597599911923e-05,2.201915666629968e-05
2020-10-05,Calaveras,009,45235.0,1,0,1,0,0,0,0,0,1,0,1,0,0,0,2.2106775726760254e-05,2.2106775726760254e-05,0.0
2020-10-05,Colusa,011,21464.0,0,0,0,0,0,0,0,0,0,0,0,0,0,0,0.0,0.0,0.0
2020-10-05,Contra Costa,013,1133247.0,108,0,100,0,8,0,0,0,7,0,58,0,51,0,6.176941125809289e-06,5.118036932813412e-05,4.500342820232482e-05
2020-10-05,Del Norte,015,27424.0,1,0,0,0,1,0,0,0,1,0,1,0,0,0,3.646441073512252e-05,3.646441073512252e-05,0.0
2020-10-05,El Dorado,017,186661.0,11,0,7,0,4,0,0,0,1,0,6,0,5,0,5.357305489630936e-06,3.214383293778561e-05,2.678652744815468e-05
2020-10-05,Fresno,019,978130.0,8,0,6,0,2,0,0,0,4,0,6,0,2,0,4.08943596454459e-06,6.134153946816885e-06,2.044717982272295e-06
2020-10-05,Glenn,021,27897.0,4,0,2,0,2,0,0,0,0,0,2,0,2,0,0.0,7.169229666272359e-05,7.169229666272359e-05
2020-10-05,Humboldt,023,135768.0,1,0,1,0,0,0,0,0,1,0,1,0,0,0,7.365505862942667e-06,7.365505862942667e-06,0.0
2020-10-05,Imperial,025,180216.0,2,0,0,0,2,0,0,0,2,0,2,0,0,0,1.109779375860079e-05,1.109779375860079e-05,0.0
2020-10-05,Inyo,027,18085.0,0,0,0,0,0,0,0,0,0,0,0,0,0,0,0.0,0.0,0.0
2020-10-05,Kern,029,883053.0,4,0,3,0,1,0,0,0,2,0,3,0,1,0,2.264869719031587e-06,3.397304578547381e-06,1.1324348595157936e-06
2020-10-05,Kings,031,150075.0,0,0,0,0,0,0,0,0,0,0,0,0,0,0,0.0,0.0,0.0
2020-10-05,Lake,033,64148.0,0,0,0,0,0,0,0,0,0,0,0,0,0,0,0.0,0.0,0.0
2020-10-05,Lassen,035,31185.0,2,0,0,0,2,0,0,0,0,0,1,0,1,0,0.0,3.20666987333654e-05,3.20666987333654e-05
2020-10-05,Los Angeles,037,10098052.0,593,6,510,5,76,1,7,0,137,2,369,2,232,4,1.3566973115210737e-05,3.6541701310312125e-05,2.297472819510139e-05
2020-10-05,Madera,039,155013.0,3,1,3,1,0,0,0,0,1,0,1,0,0,0,6.451071845587144e-06,6.451071845587144e-06,0.0
2020-10-05,Marin,041,260295.0,9,0,9,0,0,0,0,0,1,0,5,0,4,0,3.841794886571006e-06,1.920897443285503e-05,1.5367179546284023e-05
2020-10-05,Mariposa,043,17540.0,0,0,0,0,0,0,0,0,0,0,0,0,0,0,0.0,0.0,0.0
2020-10-05,Mendocino,045,87422.0,1,0,0,0,1,0,0,0,1,0,1,0,0,0,1.1438768273432316e-05,1.1438768273432316e-05,0.0
2020-10-05,Merced,047,269075.0,5,0,5,0,0,0,0,0,1,0,3,0,2,0,3.71643593793552e-06,1.114930781380656e-05,7.43287187587104e-06
2020-10-05,Modoc,049,8938.0,0,0,0,0,0,0,0,0,0,0,0,0,0,0,0.0,0.0,0.0
2020-10-05,Mono,051,14174.0,0,0,0,0,0,0,0,0,0,0,0,0,0,0,0.0,0.0,0.0
2020-10-05,Monterey,053,433212.0,1,0,0,0,1,0,0,0,1,0,1,0,0,0,2.308338642512211e-06,2.308338642512211e-06,0.0
2020-10-05,Napa,055,140530.0,0,0,0,0,0,0,0,0,0,0,0,0,0,0,0.0,0.0,0.0
2020-10-05,Nevada,057,99092.0,2,0,2,0,0,0,0,0,0,0,1,0,1,0,0.0,1.009163201873007e-05,1.009163201873007e-05
2020-10-05,Orange,059,3164182.0,144,1,117,1,27,0,0,0,40,0,92,0,52,1,1.2641497865799122e-05,2.907544509133798e-05,1.643394722553886e-05
2020-10-05,Placer,061,380077.0,21,0,17,0,4,0,0,0,3,0,12,0,9,0,7.893137443202299e-06,3.1572549772809195e-05,2.367941232960689e-05
2020-10-05,Plumas,063,18699.0,0,0,0,0,0,0,0,0,0,0,0,0,0,0,0.0,0.0,0.0
2020-10-05,Riverside,065,2383286.0,59,1,20,1,39,0,0,0,12,0,36,0,24,1,5.035065032060777e-06,1.510519509618233e-05,1.0070130064121554e-05
2020-10-05,Sacramento,067,1510023.0,171,1,114,1,57,0,0,0,35,0,103,0,68,1,2.3178454897706852e-05,6.821088155610875e-05,4.503242665840189e-05
2020-10-05,San Benito,069,59416.0,0,0,0,0,0,0,0,0,0,0,0,0,0,0,0.0,0.0,0.0
2020-10-05,San Bernardino,071,2135413.0,22,0,6,0,16,0,0,0,8,0,15,0,7,0,3.746347896168095e-06,7.024402305315178e-06,3.278054409147083e-06
2020-10-05,San Diego,073,3302833.0,538,2,183,0,355,2,0,0,76,1,304,1,228,1,2.301054882278335e-05,9.20421952911334e-05,6.903164646835005e-05
2020-10-05,San Francisco,075,870044.0,40,3,31,3,9,0,0,0,6,0,23,0,17,3,6.896202950655369e-06,2.6435444644178915e-05,1.9539241693523543e-05
2020-10-05,San Joaquin,077,732212.0,15,0,10,0,5,0,0,0,0,0,8,0,8,0,0.0,1.0925797446641135e-05,1.0925797446641135e-05
2020-10-05,San Luis Obispo,079,281455.0,2,0,0,0,2,0,0,0,0,0,1,0,1,0,0.0,3.552965838233465e-06,3.552965838233465e-06
2020-10-05,San Mateo,081,765935.0,37,0,32,0,5,0,0,0,6,0,21,0,15,0,7.833562900246105e-06,2.7417470150861366e-05,1.958390725061526e-05
2020-10-05,Santa Barbara,083,443738.0,4,0,4,0,0,0,0,0,2,0,3,0,1,0,4.507164137396392e-06,6.760746206094587e-06,2.253582068698196e-06
2020-10-05,Santa Clara,085,1922200.0,130,0,123,0,7,0,0,0,12,0,72,0,60,0,6.24284673811258e-06,3.745708042867548e-05,3.1214233690562896e-05
2020-10-05,Santa Cruz,087,273765.0,5,0,4,0,1,0,0,0,1,0,3,0,2,0,3.652767884864756e-06,1.095830365459427e-05,7.305535769729512e-06
2020-10-05,Shasta,089,179085.0,303,3,111,1,192,2,0,0,27,1,165,1,138,2,0.0001507663958455,0.0009213501968339,0.0007705838009883
2020-10-05,Sierra,091,2930.0,0,0,0,0,0,0,0,0,0,0,0,0,0,0,0.0,0.0,0.0
2020-10-05,Siskiyou,093,43540.0,9,0,6,0,3,0,0,0,1,0,5,0,4,0,2.296738631143776e-05,0.0001148369315571,9.186954524575104e-05
2020-10-05,Solano,095,438530.0,6,1,6,1,0,0,0,0,0,0,3,0,3,1,0.0,6.841037101224546e-06,6.841037101224546e-06
2020-10-05,Sonoma,097,501317.0,5,0,2,0,3,0,0,0,2,0,4,0,2,0,3.989491678917731e-06,7.978983357835461e-06,3.989491678917731e-06
2020-10-05,Stanislaus,099,539301.0,16,0,14,0,2,0,0,0,6,0,11,0,5,0,1.11255124689181e-05,2.0396772859683185e-05,9.271260390765084e-06
2020-10-05,Sutter,101,95872.0,1,0,0,0,1,0,0,0,1,0,1,0,0,0,1.0430574098798398e-05,1.0430574098798398e-05,0.0
2020-10-05,Tehama,103,63373.0,25,0,6,0,19,0,0,0,1,0,13,0,12,0,1.5779590677417828e-05,0.0002051346788064,0.000189355088129
2020-10-05,Trinity,105,12862.0,2,0,0,0,2,0,0,0,0,0,1,0,1,0,0.0,7.774840615767377e-05,7.774840615767377e-05
2020-10-05,Tulare,107,460477.0,3,0,2,0,1,0,0,0,1,0,2,0,1,0,2.171661125311362e-06,4.343322250622724e-06,2.171661125311362e-06
2020-10-05,Tuolumne,109,53932.0,1,0,0,0,1,0,0,0,1,0,1,0,0,0,1.854186753689832e-05,1.854186753689832e-05,0.0
2020-10-05,Ventura,111,848112.0,28,0,20,0,8,0,0,0,6,0,17,0,11,0,7.074537325258928e-06,2.0044522421566964e-05,1.2969985096308034e-05
2020-10-05,Yolo,113,214977.0,53,0,33,0,20,0,0,0,8,0,31,0,23,0,3.721328328146732e-05,0.0001442014727156,0.0001069881894342
2020-10-05,Yuba,115,75493.0,2,0,0,0,2,0,0,0,0,0,1,0,1,0,0.0,1.3246261242764227e-05,1.3246261242764227e-05
2020-10-04,Alameda,001,1643700.0,86,0,80,0,6,0,0,0,7,0,47,0,40,0,4.258684674819006e-06,2.8594025673784754e-05,2.433534099896575e-05
2020-10-04,Alpine,003,1148.0,0,0,0,0,0,0,0,0,0,0,0,0,0,0,0.0,0.0,0.0
2020-10-04,Amador,005,37829.0,0,0,0,0,0,0,0,0,0,0,0,0,0,0,0.0,0.0,0.0
2020-10-04,Butte,007,227075.0,16,0,7,0,9,0,0,0,8,0,12,0,4,0,3.523065066607949e-05,5.284597599911923e-05,1.7615325333039744e-05
2020-10-04,Calaveras,009,45235.0,1,0,1,0,0,0,0,0,1,0,1,0,0,0,2.2106775726760254e-05,2.2106775726760254e-05,0.0
2020-10-04,Colusa,011,21464.0,0,0,0,0,0,0,0,0,0,0,0,0,0,0,0.0,0.0,0.0
2020-10-04,Contra Costa,013,1133247.0,108,0,100,0,8,0,0,0,7,0,58,0,51,0,6.176941125809289e-06,5.118036932813412e-05,4.500342820232482e-05
2020-10-04,Del Norte,015,27424.0,1,0,0,0,1,0,0,0,1,0,1,0,0,0,3.646441073512252e-05,3.646441073512252e-05,0.0
2020-10-04,El Dorado,017,186661.0,11,0,7,0,4,0,0,0,1,0,6,0,5,0,5.357305489630936e-06,3.214383293778561e-05,2.678652744815468e-05
2020-10-04,Fresno,019,978130.0,8,0,6,0,2,0,0,0,4,0,6,0,2,0,4.08943596454459e-06,6.134153946816885e-06,2.044717982272295e-06
2020-10-04,Glenn,021,27897.0,4,0,2,0,2,0,0,0,0,0,2,0,2,0,0.0,7.169229666272359e-05,7.169229666272359e-05
2020-10-04,Humboldt,023,135768.0,1,0,1,0,0,0,0,0,1,0,1,0,0,0,7.365505862942667e-06,7.365505862942667e-06,0.0
2020-10-04,Imperial,025,180216.0,2,0,0,0,2,0,0,0,2,0,2,0,0,0,1.109779375860079e-05,1.109779375860079e-05,0.0
2020-10-04,Inyo,027,18085.0,0,0,0,0,0,0,0,0,0,0,0,0,0,0,0.0,0.0,0.0
2020-10-04,Kern,029,883053.0,4,0,3,0,1,0,0,0,2,0,3,0,1,0,2.264869719031587e-06,3.397304578547381e-06,1.1324348595157936e-06
2020-10-04,Kings,031,150075.0,0,0,0,0,0,0,0,0,0,0,0,0,0,0,0.0,0.0,0.0
2020-10-04,Lake,033,64148.0,0,0,0,0,0,0,0,0,0,0,0,0,0,0,0.0,0.0,0.0
2020-10-04,Lassen,035,31185.0,2,0,0,0,2,0,0,0,0,0,1,0,1,0,0.0,3.20666987333654e-05,3.20666987333654e-05
2020-10-04,Los Angeles,037,10098052.0,587,1,505,1,75,0,7,0,139,1,367,1,228,0,1.3765031116892643e-05,3.634364330863022e-05,2.2578612191737573e-05
2020-10-04,Madera,039,155013.0,2,0,2,0,0,0,0,0,1,0,1,0,0,0,6.451071845587144e-06,6.451071845587144e-06,0.0
2020-10-04,Marin,041,260295.0,9,0,9,0,0,0,0,0,1,0,5,0,4,0,3.841794886571006e-06,1.920897443285503e-05,1.5367179546284023e-05
2020-10-04,Mariposa,043,17540.0,0,0,0,0,0,0,0,0,0,0,0,0,0,0,0.0,0.0,0.0
2020-10-04,Mendocino,045,87422.0,1,0,0,0,1,0,0,0,1,0,1,0,0,0,1.1438768273432316e-05,1.1438768273432316e-05,0.0
2020-10-04,Merced,047,269075.0,5,0,5,0,0,0,0,0,1,0,3,0,2,0,3.71643593793552e-06,1.114930781380656e-05,7.43287187587104e-06
2020-10-04,Modoc,049,8938.0,0,0,0,0,0,0,0,0,0,0,0,0,0,0,0.0,0.0,0.0
2020-10-04,Mono,051,14174.0,0,0,0,0,0,0,0,0,0,0,0,0,0,0,0.0,0.0,0.0
2020-10-04,Monterey,053,433212.0,1,0,0,0,1,0,0,0,1,0,1,0,0,0,2.308338642512211e-06,2.308338642512211e-06,0.0
2020-10-04,Napa,055,140530.0,0,0,0,0,0,0,0,0,0,0,0,0,0,0,0.0,0.0,0.0
2020-10-04,Nevada,057,99092.0,2,0,2,0,0,0,0,0,0,0,1,0,1,0,0.0,1.009163201873007e-05,1.009163201873007e-05
2020-10-04,Orange,059,3164182.0,143,0,116,0,27,0,0,0,41,0,92,0,51,0,1.29575353124441e-05,2.907544509133798e-05,1.611790977889388e-05
2020-10-04,Placer,061,380077.0,21,0,17,0,4,0,0,0,3,0,12,0,9,0,7.893137443202299e-06,3.1572549772809195e-05,2.367941232960689e-05
2020-10-04,Plumas,063,18699.0,0,0,0,0,0,0,0,0,0,0,0,0,0,0,0.0,0.0,0.0
2020-10-04,Riverside,065,2383286.0,58,0,19,0,39,0,0,0,13,0,36,0,23,0,5.454653784732508e-06,1.510519509618233e-05,9.650541311449824e-06
2020-10-04,Sacramento,067,1510023.0,170,0,113,0,57,0,0,0,36,0,103,0,67,0,2.3840696466212768e-05,6.821088155610875e-05,4.437018508989598e-05
2020-10-04,San Benito,069,59416.0,0,0,0,0,0,0,0,0,0,0,0,0,0,0,0.0,0.0,0.0
2020-10-04,San Bernardino,071,2135413.0,22,0,6,0,16,0,0,0,8,0,15,0,7,0,3.746347896168095e-06,7.024402305315178e-06,3.278054409147083e-06
2020-10-04,San Diego,073,3302833.0,536,1,183,0,353,1,0,0,76,1,303,1,227,0,2.301054882278335e-05,9.173942491188625e-05,6.87288760891029e-05
2020-10-04,San Francisco,075,870044.0,37,0,28,0,9,0,0,0,9,0,23,0,14,0,1.0344304425983052e-05,2.6435444644178915e-05,1.6091140218195862e-05
2020-10-04,San Joaquin,077,732212.0,15,0,10,0,5,0,0,0,0,0,8,0,8,0,0.0,1.0925797446641135e-05,1.0925797446641135e-05
2020-10-04,San Luis Obispo,079,281455.0,2,0,0,0,2,0,0,0,0,0,1,0,1,0,0.0,3.552965838233465e-06,3.552965838233465e-06
2020-10-04,San Mateo,081,765935.0,37,0,32,0,5,0,0,0,6,0,21,0,15,0,7.833562900246105e-06,2.7417470150861366e-05,1.958390725061526e-05
2020-10-04,Santa Barbara,083,443738.0,4,0,4,0,0,0,0,0,2,0,3,0,1,0,4.507164137396392e-06,6.760746206094587e-06,2.253582068698196e-06
2020-10-04,Santa Clara,085,1922200.0,130,0,123,0,7,0,0,0,12,0,72,0,60,0,6.24284673811258e-06,3.745708042867548e-05,3.1214233690562896e-05
2020-10-04,Santa Cruz,087,273765.0,5,0,4,0,1,0,0,0,1,0,3,0,2,0,3.652767884864756e-06,1.095830365459427e-05,7.305535769729512e-06
2020-10-04,Shasta,089,179085.0,300,0,110,0,190,0,0,0,28,0,164,0,136,0,0.0001563503364324,0.000915766256247,0.0007594159198146
2020-10-04,Sierra,091,2930.0,0,0,0,0,0,0,0,0,0,0,0,0,0,0,0.0,0.0,0.0
2020-10-04,Siskiyou,093,43540.0,9,0,6,0,3,0,0,0,1,0,5,0,4,0,2.296738631143776e-05,0.0001148369315571,9.186954524575104e-05
2020-10-04,Solano,095,438530.0,5,0,5,0,0,0,0,0,1,0,3,0,2,0,2.280345700408182e-06,6.841037101224546e-06,4.560691400816364e-06
2020-10-04,Sonoma,097,501317.0,5,0,2,0,3,0,0,0,2,0,4,0,2,0,3.989491678917731e-06,7.978983357835461e-06,3.989491678917731e-06
2020-10-04,Stanislaus,099,539301.0,16,0,14,0,2,0,0,0,6,0,11,0,5,0,1.11255124689181e-05,2.0396772859683185e-05,9.271260390765084e-06
2020-10-04,Sutter,101,95872.0,1,0,0,0,1,0,0,0,1,0,1,0,0,0,1.0430574098798398e-05,1.0430574098798398e-05,0.0
2020-10-04,Tehama,103,63373.0,25,0,6,0,19,0,0,0,1,0,13,0,12,0,1.5779590677417828e-05,0.0002051346788064,0.000189355088129
2020-10-04,Trinity,105,12862.0,2,0,0,0,2,0,0,0,0,0,1,0,1,0,0.0,7.774840615767377e-05,7.774840615767377e-05
2020-10-04,Tulare,107,460477.0,3,0,2,0,1,0,0,0,1,0,2,0,1,0,2.171661125311362e-06,4.343322250622724e-06,2.171661125311362e-06
2020-10-04,Tuolumne,109,53932.0,1,0,0,0,1,0,0,0,1,0,1,0,0,0,1.854186753689832e-05,1.854186753689832e-05,0.0
2020-10-04,Ventura,111,848112.0,28,0,20,0,8,0,0,0,6,0,17,0,11,0,7.074537325258928e-06,2.0044522421566964e-05,1.2969985096308034e-05
2020-10-04,Yolo,113,214977.0,53,0,33,0,20,0,0,0,8,0,31,0,23,0,3.721328328146732e-05,0.0001442014727156,0.0001069881894342
2020-10-04,Yuba,115,75493.0,2,0,0,0,2,0,0,0,0,0,1,0,1,0,0.0,1.3246261242764227e-05,1.3246261242764227e-05
2020-10-03,Alameda,001,1643700.0,86,0,80,0,6,0,0,0,7,0,47,0,40,0,4.258684674819006e-06,2.8594025673784754e-05,2.433534099896575e-05
2020-10-03,Alpine,003,1148.0,0,0,0,0,0,0,0,0,0,0,0,0,0,0,0.0,0.0,0.0
2020-10-03,Amador,005,37829.0,0,0,0,0,0,0,0,0,0,0,0,0,0,0,0.0,0.0,0.0
2020-10-03,Butte,007,227075.0,16,0,7,0,9,0,0,0,8,0,12,0,4,0,3.523065066607949e-05,5.284597599911923e-05,1.7615325333039744e-05
2020-10-03,Calaveras,009,45235.0,1,0,1,0,0,0,0,0,1,0,1,0,0,0,2.2106775726760254e-05,2.2106775726760254e-05,0.0
2020-10-03,Colusa,011,21464.0,0,0,0,0,0,0,0,0,0,0,0,0,0,0,0.0,0.0,0.0
2020-10-03,Contra Costa,013,1133247.0,108,0,100,0,8,0,0,0,7,0,58,0,51,0,6.176941125809289e-06,5.118036932813412e-05,4.500342820232482e-05
2020-10-03,Del Norte,015,27424.0,1,0,0,0,1,0,0,0,1,0,1,0,0,0,3.646441073512252e-05,3.646441073512252e-05,0.0
2020-10-03,El Dorado,017,186661.0,11,0,7,0,4,0,0,0,1,0,6,0,5,0,5.357305489630936e-06,3.214383293778561e-05,2.678652744815468e-05
2020-10-03,Fresno,019,978130.0,8,0,6,0,2,0,0,0,4,0,6,0,2,0,4.08943596454459e-06,6.134153946816885e-06,2.044717982272295e-06
2020-10-03,Glenn,021,27897.0,4,0,2,0,2,0,0,0,0,0,2,0,2,0,0.0,7.169229666272359e-05,7.169229666272359e-05
2020-10-03,Humboldt,023,135768.0,1,0,1,0,0,0,0,0,1,0,1,0,0,0,7.365505862942667e-06,7.365505862942667e-06,0.0
2020-10-03,Imperial,025,180216.0,2,0,0,0,2,0,0,0,2,0,2,0,0,0,1.109779375860079e-05,1.109779375860079e-05,0.0
2020-10-03,Inyo,027,18085.0,0,0,0,0,0,0,0,0,0,0,0,0,0,0,0.0,0.0,0.0
2020-10-03,Kern,029,883053.0,4,0,3,0,1,0,0,0,2,0,3,0,1,0,2.264869719031587e-06,3.397304578547381e-06,1.1324348595157936e-06
2020-10-03,Kings,031,150075.0,0,0,0,0,0,0,0,0,0,0,0,0,0,0,0.0,0.0,0.0
2020-10-03,Lake,033,64148.0,0,0,0,0,0,0,0,0,0,0,0,0,0,0,0.0,0.0,0.0
2020-10-03,Lassen,035,31185.0,2,0,0,0,2,0,0,0,0,0,1,0,1,0,0.0,3.20666987333654e-05,3.20666987333654e-05
2020-10-03,Los Angeles,037,10098052.0,586,4,504,2,75,1,7,1,138,1,366,2,228,3,1.366600211605169e-05,3.624461430778926e-05,2.2578612191737573e-05
2020-10-03,Madera,039,155013.0,2,0,2,0,0,0,0,0,1,0,1,0,0,0,6.451071845587144e-06,6.451071845587144e-06,0.0
2020-10-03,Marin,041,260295.0,9,0,9,0,0,0,0,0,1,0,5,0,4,0,3.841794886571006e-06,1.920897443285503e-05,1.5367179546284023e-05
2020-10-03,Mariposa,043,17540.0,0,0,0,0,0,0,0,0,0,0,0,0,0,0,0.0,0.0,0.0
2020-10-03,Mendocino,045,87422.0,1,0,0,0,1,0,0,0,1,0,1,0,0,0,1.1438768273432316e-05,1.1438768273432316e-05,0.0
2020-10-03,Merced,047,269075.0,5,0,5,0,0,0,0,0,1,0,3,0,2,0,3.71643593793552e-06,1.114930781380656e-05,7.43287187587104e-06
2020-10-03,Modoc,049,8938.0,0,0,0,0,0,0,0,0,0,0,0,0,0,0,0.0,0.0,0.0
2020-10-03,Mono,051,14174.0,0,0,0,0,0,0,0,0,0,0,0,0,0,0,0.0,0.0,0.0
2020-10-03,Monterey,053,433212.0,1,0,0,0,1,0,0,0,1,0,1,0,0,0,2.308338642512211e-06,2.308338642512211e-06,0.0
2020-10-03,Napa,055,140530.0,0,0,0,0,0,0,0,0,0,0,0,0,0,0,0.0,0.0,0.0
2020-10-03,Nevada,057,99092.0,2,0,2,0,0,0,0,0,0,0,1,0,1,0,0.0,1.009163201873007e-05,1.009163201873007e-05
2020-10-03,Orange,059,3164182.0,143,0,116,0,27,0,0,0,41,0,92,0,51,0,1.29575353124441e-05,2.907544509133798e-05,1.611790977889388e-05
2020-10-03,Placer,061,380077.0,21,0,17,0,4,0,0,0,3,0,12,0,9,0,7.893137443202299e-06,3.1572549772809195e-05,2.367941232960689e-05
2020-10-03,Plumas,063,18699.0,0,0,0,0,0,0,0,0,0,0,0,0,0,0,0.0,0.0,0.0
2020-10-03,Riverside,065,2383286.0,58,0,19,0,39,0,0,0,13,0,36,0,23,0,5.454653784732508e-06,1.510519509618233e-05,9.650541311449824e-06
2020-10-03,Sacramento,067,1510023.0,170,0,113,0,57,0,0,0,36,0,103,0,67,0,2.3840696466212768e-05,6.821088155610875e-05,4.437018508989598e-05
2020-10-03,San Benito,069,59416.0,0,0,0,0,0,0,0,0,0,0,0,0,0,0,0.0,0.0,0.0
2020-10-03,San Bernardino,071,2135413.0,22,0,6,0,16,0,0,0,8,0,15,0,7,0,3.746347896168095e-06,7.024402305315178e-06,3.278054409147083e-06
2020-10-03,San Diego,073,3302833.0,535,8,183,1,352,7,0,0,75,1,302,1,227,7,2.27077784435362e-05,9.14366545326391e-05,6.87288760891029e-05
2020-10-03,San Francisco,075,870044.0,37,0,28,0,9,0,0,0,9,0,23,0,14,0,1.0344304425983052e-05,2.6435444644178915e-05,1.6091140218195862e-05
2020-10-03,San Joaquin,077,732212.0,15,0,10,0,5,0,0,0,0,0,8,0,8,0,0.0,1.0925797446641135e-05,1.0925797446641135e-05
2020-10-03,San Luis Obispo,079,281455.0,2,0,0,0,2,0,0,0,0,0,1,0,1,0,0.0,3.552965838233465e-06,3.552965838233465e-06
2020-10-03,San Mateo,081,765935.0,37,0,32,0,5,0,0,0,6,0,21,0,15,0,7.833562900246105e-06,2.7417470150861366e-05,1.958390725061526e-05
2020-10-03,Santa Barbara,083,443738.0,4,0,4,0,0,0,0,0,2,0,3,0,1,0,4.507164137396392e-06,6.760746206094587e-06,2.253582068698196e-06
2020-10-03,Santa Clara,085,1922200.0,130,0,123,0,7,0,0,0,12,0,72,0,60,0,6.24284673811258e-06,3.745708042867548e-05,3.1214233690562896e-05
2020-10-03,Santa Cruz,087,273765.0,5,0,4,0,1,0,0,0,1,0,3,0,2,0,3.652767884864756e-06,1.095830365459427e-05,7.305535769729512e-06
2020-10-03,Shasta,089,179085.0,300,0,110,0,190,0,0,0,28,0,164,0,136,0,0.0001563503364324,0.000915766256247,0.0007594159198146
2020-10-03,Sierra,091,2930.0,0,0,0,0,0,0,0,0,0,0,0,0,0,0,0.0,0.0,0.0
2020-10-03,Siskiyou,093,43540.0,9,0,6,0,3,0,0,0,1,0,5,0,4,0,2.296738631143776e-05,0.0001148369315571,9.186954524575104e-05
2020-10-03,Solano,095,438530.0,5,0,5,0,0,0,0,0,1,0,3,0,2,0,2.280345700408182e-06,6.841037101224546e-06,4.560691400816364e-06
2020-10-03,Sonoma,097,501317.0,5,0,2,0,3,0,0,0,2,0,4,0,2,0,3.989491678917731e-06,7.978983357835461e-06,3.989491678917731e-06
2020-10-03,Stanislaus,099,539301.0,16,0,14,0,2,0,0,0,6,0,11,0,5,0,1.11255124689181e-05,2.0396772859683185e-05,9.271260390765084e-06
2020-10-03,Sutter,101,95872.0,1,0,0,0,1,0,0,0,1,0,1,0,0,0,1.0430574098798398e-05,1.0430574098798398e-05,0.0
2020-10-03,Tehama,103,63373.0,25,0,6,0,19,0,0,0,1,0,13,0,12,0,1.5779590677417828e-05,0.0002051346788064,0.000189355088129
2020-10-03,Trinity,105,12862.0,2,0,0,0,2,0,0,0,0,0,1,0,1,0,0.0,7.774840615767377e-05,7.774840615767377e-05
2020-10-03,Tulare,107,460477.0,3,0,2,0,1,0,0,0,1,0,2,0,1,0,2.171661125311362e-06,4.343322250622724e-06,2.171661125311362e-06
2020-10-03,Tuolumne,109,53932.0,1,0,0,0,1,0,0,0,1,0,1,0,0,0,1.854186753689832e-05,1.854186753689832e-05,0.0
2020-10-03,Ventura,111,848112.0,28,0,20,0,8,0,0,0,6,0,17,0,11,0,7.074537325258928e-06,2.0044522421566964e-05,1.2969985096308034e-05
2020-10-03,Yolo,113,214977.0,53,0,33,0,20,0,0,0,8,0,31,0,23,0,3.721328328146732e-05,0.0001442014727156,0.0001069881894342
2020-10-03,Yuba,115,75493.0,2,0,0,0,2,0,0,0,0,0,1,0,1,0,0.0,1.3246261242764227e-05,1.3246261242764227e-05
2020-10-02,Alameda,001,1643700.0,86,0,80,0,6,0,0,0,7,0,47,0,40,0,4.258684674819006e-06,2.8594025673784754e-05,2.433534099896575e-05
2020-10-02,Alpine,003,1148.0,0,0,0,0,0,0,0,0,0,0,0,0,0,0,0.0,0.0,0.0
2020-10-02,Amador,005,37829.0,0,0,0,0,0,0,0,0,0,0,0,0,0,0,0.0,0.0,0.0
2020-10-02,Butte,007,227075.0,16,0,7,0,9,0,0,0,8,0,12,0,4,0,3.523065066607949e-05,5.284597599911923e-05,1.7615325333039744e-05
2020-10-02,Calaveras,009,45235.0,1,0,1,0,0,0,0,0,1,0,1,0,0,0,2.2106775726760254e-05,2.2106775726760254e-05,0.0
2020-10-02,Colusa,011,21464.0,0,0,0,0,0,0,0,0,0,0,0,0,0,0,0.0,0.0,0.0
2020-10-02,Contra Costa,013,1133247.0,108,1,100,1,8,0,0,0,7,0,58,0,51,1,6.176941125809289e-06,5.118036932813412e-05,4.500342820232482e-05
2020-10-02,Del Norte,015,27424.0,1,0,0,0,1,0,0,0,1,0,1,0,0,0,3.646441073512252e-05,3.646441073512252e-05,0.0
2020-10-02,El Dorado,017,186661.0,11,0,7,0,4,0,0,0,1,0,6,0,5,0,5.357305489630936e-06,3.214383293778561e-05,2.678652744815468e-05
2020-10-02,Fresno,019,978130.0,8,0,6,0,2,0,0,0,4,0,6,0,2,0,4.08943596454459e-06,6.134153946816885e-06,2.044717982272295e-06
2020-10-02,Glenn,021,27897.0,4,0,2,0,2,0,0,0,0,0,2,0,2,0,0.0,7.169229666272359e-05,7.169229666272359e-05
2020-10-02,Humboldt,023,135768.0,1,0,1,0,0,0,0,0,1,0,1,0,0,0,7.365505862942667e-06,7.365505862942667e-06,0.0
2020-10-02,Imperial,025,180216.0,2,0,0,0,2,0,0,0,2,0,2,0,0,0,1.109779375860079e-05,1.109779375860079e-05,0.0
2020-10-02,Inyo,027,18085.0,0,0,0,0,0,0,0,0,0,0,0,0,0,0,0.0,0.0,0.0
2020-10-02,Kern,029,883053.0,4,0,3,0,1,0,0,0,2,0,3,0,1,0,2.264869719031587e-06,3.397304578547381e-06,1.1324348595157936e-06
2020-10-02,Kings,031,150075.0,0,0,0,0,0,0,0,0,0,0,0,0,0,0,0.0,0.0,0.0
2020-10-02,Lake,033,64148.0,0,0,0,0,0,0,0,0,0,0,0,0,0,0,0.0,0.0,0.0
2020-10-02,Lassen,035,31185.0,2,0,0,0,2,0,0,0,0,0,1,0,1,0,0.0,3.20666987333654e-05,3.20666987333654e-05
2020-10-02,Los Angeles,037,10098052.0,582,8,502,8,74,0,6,0,139,0,364,0,225,8,1.3765031116892643e-05,3.604655630610736e-05,2.228152518921471e-05
2020-10-02,Madera,039,155013.0,2,0,2,0,0,0,0,0,1,0,1,0,0,0,6.451071845587144e-06,6.451071845587144e-06,0.0
2020-10-02,Marin,041,260295.0,9,0,9,0,0,0,0,0,1,0,5,0,4,0,3.841794886571006e-06,1.920897443285503e-05,1.5367179546284023e-05
2020-10-02,Mariposa,043,17540.0,0,0,0,0,0,0,0,0,0,0,0,0,0,0,0.0,0.0,0.0
2020-10-02,Mendocino,045,87422.0,1,0,0,0,1,0,0,0,1,0,1,0,0,0,1.1438768273432316e-05,1.1438768273432316e-05,0.0
2020-10-02,Merced,047,269075.0,5,0,5,0,0,0,0,0,1,0,3,0,2,0,3.71643593793552e-06,1.114930781380656e-05,7.43287187587104e-06
2020-10-02,Modoc,049,8938.0,0,0,0,0,0,0,0,0,0,0,0,0,0,0,0.0,0.0,0.0
2020-10-02,Mono,051,14174.0,0,0,0,0,0,0,0,0,0,0,0,0,0,0,0.0,0.0,0.0
2020-10-02,Monterey,053,433212.0,1,0,0,0,1,0,0,0,1,0,1,0,0,0,2.308338642512211e-06,2.308338642512211e-06,0.0
2020-10-02,Napa,055,140530.0,0,0,0,0,0,0,0,0,0,0,0,0,0,0,0.0,0.0,0.0
2020-10-02,Nevada,057,99092.0,2,0,2,0,0,0,0,0,0,0,1,0,1,0,0.0,1.009163201873007e-05,1.009163201873007e-05
2020-10-02,Orange,059,3164182.0,143,1,116,1,27,0,0,0,41,0,92,0,51,1,1.29575353124441e-05,2.907544509133798e-05,1.611790977889388e-05
2020-10-02,Placer,061,380077.0,21,0,17,0,4,0,0,0,3,0,12,0,9,0,7.893137443202299e-06,3.1572549772809195e-05,2.367941232960689e-05
2020-10-02,Plumas,063,18699.0,0,0,0,0,0,0,0,0,0,0,0,0,0,0,0.0,0.0,0.0
2020-10-02,Riverside,065,2383286.0,58,1,19,1,39,0,0,0,13,0,36,0,23,1,5.454653784732508e-06,1.510519509618233e-05,9.650541311449824e-06
2020-10-02,Sacramento,067,1510023.0,170,3,113,3,57,0,0,0,36,0,103,0,67,3,2.3840696466212768e-05,6.821088155610875e-05,4.437018508989598e-05
2020-10-02,San Benito,069,59416.0,0,0,0,0,0,0,0,0,0,0,0,0,0,0,0.0,0.0,0.0
2020-10-02,San Bernardino,071,2135413.0,22,0,6,0,16,0,0,0,8,0,15,0,7,0,3.746347896168095e-06,7.024402305315178e-06,3.278054409147083e-06
2020-10-02,San Diego,073,3302833.0,527,7,182,2,345,5,0,0,81,3,301,3,220,4,2.4524400719019095e-05,9.113388415339196e-05,6.660948343437285e-05
2020-10-02,San Francisco,075,870044.0,37,1,28,1,9,0,0,0,9,0,23,0,14,1,1.0344304425983052e-05,2.6435444644178915e-05,1.6091140218195862e-05
2020-10-02,San Joaquin,077,732212.0,15,0,10,0,5,0,0,0,0,0,8,0,8,0,0.0,1.0925797446641135e-05,1.0925797446641135e-05
2020-10-02,San Luis Obispo,079,281455.0,2,0,0,0,2,0,0,0,0,0,1,0,1,0,0.0,3.552965838233465e-06,3.552965838233465e-06
2020-10-02,San Mateo,081,765935.0,37,0,32,0,5,0,0,0,6,0,21,0,15,0,7.833562900246105e-06,2.7417470150861366e-05,1.958390725061526e-05
2020-10-02,Santa Barbara,083,443738.0,4,0,4,0,0,0,0,0,2,0,3,0,1,0,4.507164137396392e-06,6.760746206094587e-06,2.253582068698196e-06
2020-10-02,Santa Clara,085,1922200.0,130,1,123,1,7,0,0,0,12,0,72,0,60,1,6.24284673811258e-06,3.745708042867548e-05,3.1214233690562896e-05
2020-10-02,Santa Cruz,087,273765.0,5,0,4,0,1,0,0,0,1,0,3,0,2,0,3.652767884864756e-06,1.095830365459427e-05,7.305535769729512e-06
2020-10-02,Shasta,089,179085.0,300,0,110,0,190,0,0,0,28,0,164,0,136,0,0.0001563503364324,0.000915766256247,0.0007594159198146
2020-10-02,Sierra,091,2930.0,0,0,0,0,0,0,0,0,0,0,0,0,0,0,0.0,0.0,0.0
2020-10-02,Siskiyou,093,43540.0,9,0,6,0,3,0,0,0,1,0,5,0,4,0,2.296738631143776e-05,0.0001148369315571,9.186954524575104e-05
2020-10-02,Solano,095,438530.0,5,0,5,0,0,0,0,0,1,0,3,0,2,0,2.280345700408182e-06,6.841037101224546e-06,4.560691400816364e-06
2020-10-02,Sonoma,097,501317.0,5,0,2,0,3,0,0,0,2,0,4,0,2,0,3.989491678917731e-06,7.978983357835461e-06,3.989491678917731e-06
2020-10-02,Stanislaus,099,539301.0,16,0,14,0,2,0,0,0,6,0,11,0,5,0,1.11255124689181e-05,2.0396772859683185e-05,9.271260390765084e-06
2020-10-02,Sutter,101,95872.0,1,0,0,0,1,0,0,0,1,0,1,0,0,0,1.0430574098798398e-05,1.0430574098798398e-05,0.0
2020-10-02,Tehama,103,63373.0,25,0,6,0,19,0,0,0,1,0,13,0,12,0,1.5779590677417828e-05,0.0002051346788064,0.000189355088129
2020-10-02,Trinity,105,12862.0,2,0,0,0,2,0,0,0,0,0,1,0,1,0,0.0,7.774840615767377e-05,7.774840615767377e-05
2020-10-02,Tulare,107,460477.0,3,0,2,0,1,0,0,0,1,0,2,0,1,0,2.171661125311362e-06,4.343322250622724e-06,2.171661125311362e-06
2020-10-02,Tuolumne,109,53932.0,1,0,0,0,1,0,0,0,1,0,1,0,0,0,1.854186753689832e-05,1.854186753689832e-05,0.0
2020-10-02,Ventura,111,848112.0,28,1,20,1,8,0,0,0,6,0,17,0,11,1,7.074537325258928e-06,2.0044522421566964e-05,1.2969985096308034e-05
2020-10-02,Yolo,113,214977.0,53,2,33,2,20,0,0,0,8,0,31,0,23,2,3.721328328146732e-05,0.0001442014727156,0.0001069881894342
2020-10-02,Yuba,115,75493.0,2,0,0,0,2,0,0,0,0,0,1,0,1,0,0.0,1.3246261242764227e-05,1.3246261242764227e-05
2020-10-01,Alameda,001,1643700.0,86,3,80,3,6,0,0,0,7,2,47,2,40,1,4.258684674819006e-06,2.8594025673784754e-05,2.433534099896575e-05
2020-10-01,Alpine,003,1148.0,0,0,0,0,0,0,0,0,0,0,0,0,0,0,0.0,0.0,0.0
2020-10-01,Amador,005,37829.0,0,0,0,0,0,0,0,0,0,0,0,0,0,0,0.0,0.0,0.0
2020-10-01,Butte,007,227075.0,16,0,7,0,9,0,0,0,8,0,12,0,4,0,3.523065066607949e-05,5.284597599911923e-05,1.7615325333039744e-05
2020-10-01,Calaveras,009,45235.0,1,0,1,0,0,0,0,0,1,0,1,0,0,0,2.2106775726760254e-05,2.2106775726760254e-05,0.0
2020-10-01,Colusa,011,21464.0,0,0,0,0,0,0,0,0,0,0,0,0,0,0,0.0,0.0,0.0
2020-10-01,Contra Costa,013,1133247.0,107,0,99,0,8,0,0,0,8,0,58,0,50,0,7.059361286639188e-06,5.118036932813412e-05,4.4121008041494926e-05
2020-10-01,Del Norte,015,27424.0,1,1,0,0,1,1,0,0,1,1,1,1,0,0,3.646441073512252e-05,3.646441073512252e-05,0.0
2020-10-01,El Dorado,017,186661.0,11,0,7,0,4,0,0,0,1,0,6,0,5,0,5.357305489630936e-06,3.214383293778561e-05,2.678652744815468e-05
2020-10-01,Fresno,019,978130.0,8,0,6,0,2,0,0,0,4,0,6,0,2,0,4.08943596454459e-06,6.134153946816885e-06,2.044717982272295e-06
2020-10-01,Glenn,021,27897.0,4,0,2,0,2,0,0,0,0,0,2,0,2,0,0.0,7.169229666272359e-05,7.169229666272359e-05
2020-10-01,Humboldt,023,135768.0,1,0,1,0,0,0,0,0,1,0,1,0,0,0,7.365505862942667e-06,7.365505862942667e-06,0.0
2020-10-01,Imperial,025,180216.0,2,0,0,0,2,0,0,0,2,0,2,0,0,0,1.109779375860079e-05,1.109779375860079e-05,0.0
2020-10-01,Inyo,027,18085.0,0,0,0,0,0,0,0,0,0,0,0,0,0,0,0.0,0.0,0.0
2020-10-01,Kern,029,883053.0,4,0,3,0,1,0,0,0,2,0,3,0,1,0,2.264869719031587e-06,3.397304578547381e-06,1.1324348595157936e-06
2020-10-01,Kings,031,150075.0,0,0,0,0,0,0,0,0,0,0,0,0,0,0,0.0,0.0,0.0
2020-10-01,Lake,033,64148.0,0,0,0,0,0,0,0,0,0,0,0,0,0,0,0.0,0.0,0.0
2020-10-01,Lassen,035,31185.0,2,0,0,0,2,0,0,0,0,0,1,0,1,0,0.0,3.20666987333654e-05,3.20666987333654e-05
2020-10-01,Los Angeles,037,10098052.0,574,16,494,10,74,3,6,3,147,6,364,9,217,10,1.455726312362028e-05,3.604655630610736e-05,2.148929318248708e-05
2020-10-01,Madera,039,155013.0,2,0,2,0,0,0,0,0,1,0,1,0,0,0,6.451071845587144e-06,6.451071845587144e-06,0.0
2020-10-01,Marin,041,260295.0,9,0,9,0,0,0,0,0,1,0,5,0,4,0,3.841794886571006e-06,1.920897443285503e-05,1.5367179546284023e-05
2020-10-01,Mariposa,043,17540.0,0,0,0,0,0,0,0,0,0,0,0,0,0,0,0.0,0.0,0.0
2020-10-01,Mendocino,045,87422.0,1,0,0,0,1,0,0,0,1,0,1,0,0,0,1.1438768273432316e-05,1.1438768273432316e-05,0.0
2020-10-01,Merced,047,269075.0,5,0,5,0,0,0,0,0,1,0,3,0,2,0,3.71643593793552e-06,1.114930781380656e-05,7.43287187587104e-06
2020-10-01,Modoc,049,8938.0,0,0,0,0,0,0,0,0,0,0,0,0,0,0,0.0,0.0,0.0
2020-10-01,Mono,051,14174.0,0,0,0,0,0,0,0,0,0,0,0,0,0,0,0.0,0.0,0.0
2020-10-01,Monterey,053,433212.0,1,0,0,0,1,0,0,0,1,0,1,0,0,0,2.308338642512211e-06,2.308338642512211e-06,0.0
2020-10-01,Napa,055,140530.0,0,0,0,0,0,0,0,0,0,0,0,0,0,0,0.0,0.0,0.0
2020-10-01,Nevada,057,99092.0,2,0,2,0,0,0,0,0,0,0,1,0,1,0,0.0,1.009163201873007e-05,1.009163201873007e-05
2020-10-01,Orange,059,3164182.0,142,7,115,3,27,4,0,0,42,4,92,4,50,3,1.3273572759089078e-05,2.907544509133798e-05,1.5801872332248903e-05
2020-10-01,Placer,061,380077.0,21,1,17,1,4,0,0,0,3,0,12,0,9,1,7.893137443202299e-06,3.1572549772809195e-05,2.367941232960689e-05
2020-10-01,Plumas,063,18699.0,0,0,0,0,0,0,0,0,0,0,0,0,0,0,0.0,0.0,0.0
2020-10-01,Riverside,065,2383286.0,57,0,18,0,39,0,0,0,14,0,36,0,22,0,5.87424253740424e-06,1.510519509618233e-05,9.23095255877809e-06
2020-10-01,Sacramento,067,1510023.0,167,1,110,1,57,0,0,0,39,0,103,0,64,1,2.5827421171730496e-05,6.821088155610875e-05,4.238346038437825e-05
2020-10-01,San Benito,069,59416.0,0,0,0,0,0,0,0,0,0,0,0,0,0,0,0.0,0.0,0.0
2020-10-01,San Bernardino,071,2135413.0,22,1,6,0,16,1,0,0,8,1,15,1,7,0,3.746347896168095e-06,7.024402305315178e-06,3.278054409147083e-06
2020-10-01,San Diego,073,3302833.0,520,6,180,0,340,6,0,0,82,2,298,2,216,4,2.482717109826625e-05,9.02255730156505e-05,6.539840191738426e-05
2020-10-01,San Francisco,075,870044.0,36,0,27,0,9,0,0,0,10,0,23,0,13,0,1.1493671584425615e-05,2.6435444644178915e-05,1.49417730597533e-05
2020-10-01,San Joaquin,077,732212.0,15,0,10,0,5,0,0,0,0,0,8,0,8,0,0.0,1.0925797446641135e-05,1.0925797446641135e-05
2020-10-01,San Luis Obispo,079,281455.0,2,0,0,0,2,0,0,0,0,0,1,0,1,0,0.0,3.552965838233465e-06,3.552965838233465e-06
2020-10-01,San Mateo,081,765935.0,37,0,32,0,5,0,0,0,6,0,21,0,15,0,7.833562900246105e-06,2.7417470150861366e-05,1.958390725061526e-05
2020-10-01,Santa Barbara,083,443738.0,4,0,4,0,0,0,0,0,2,0,3,0,1,0,4.507164137396392e-06,6.760746206094587e-06,2.253582068698196e-06
2020-10-01,Santa Clara,085,1922200.0,129,5,122,5,7,0,0,0,13,1,72,1,59,4,6.763083966288628e-06,3.745708042867548e-05,3.0693996462386846e-05
2020-10-01,Santa Cruz,087,273765.0,5,0,4,0,1,0,0,0,1,0,3,0,2,0,3.652767884864756e-06,1.095830365459427e-05,7.305535769729512e-06
2020-10-01,Shasta,089,179085.0,300,0,110,0,190,0,0,0,28,0,164,0,136,0,0.0001563503364324,0.000915766256247,0.0007594159198146
2020-10-01,Sierra,091,2930.0,0,0,0,0,0,0,0,0,0,0,0,0,0,0,0.0,0.0,0.0
2020-10-01,Siskiyou,093,43540.0,9,0,6,0,3,0,0,0,1,0,5,0,4,0,2.296738631143776e-05,0.0001148369315571,9.186954524575104e-05
2020-10-01,Solano,095,438530.0,5,0,5,0,0,0,0,0,1,0,3,0,2,0,2.280345700408182e-06,6.841037101224546e-06,4.560691400816364e-06
2020-10-01,Sonoma,097,501317.0,5,0,2,0,3,0,0,0,2,0,4,0,2,0,3.989491678917731e-06,7.978983357835461e-06,3.989491678917731e-06
2020-10-01,Stanislaus,099,539301.0,16,1,14,1,2,0,0,0,6,0,11,0,5,1,1.11255124689181e-05,2.0396772859683185e-05,9.271260390765084e-06
2020-10-01,Sutter,101,95872.0,1,0,0,0,1,0,0,0,1,0,1,0,0,0,1.0430574098798398e-05,1.0430574098798398e-05,0.0
2020-10-01,Tehama,103,63373.0,25,0,6,0,19,0,0,0,1,0,13,0,12,0,1.5779590677417828e-05,0.0002051346788064,0.000189355088129
2020-10-01,Trinity,105,12862.0,2,0,0,0,2,0,0,0,0,0,1,0,1,0,0.0,7.774840615767377e-05,7.774840615767377e-05
2020-10-01,Tulare,107,460477.0,3,2,2,1,1,1,0,0,1,1,2,1,1,1,2.171661125311362e-06,4.343322250622724e-06,2.171661125311362e-06
2020-10-01,Tuolumne,109,53932.0,1,0,0,0,1,0,0,0,1,0,1,0,0,0,1.854186753689832e-05,1.854186753689832e-05,0.0
2020-10-01,Ventura,111,848112.0,27,3,19,0,8,3,0,0,7,3,17,3,10,0,8.253626879468749e-06,2.0044522421566964e-05,1.1790895542098214e-05
2020-10-01,Yolo,113,214977.0,51,1,31,1,20,0,0,0,10,1,31,1,21,0,4.651660410183415e-05,0.0001442014727156,9.768486861385173e-05
2020-10-01,Yuba,115,75493.0,2,0,0,0,2,0,0,0,0,0,1,0,1,0,0.0,1.3246261242764227e-05,1.3246261242764227e-05
2020-09-30,Alameda,001,1643700.0,83,5,77,4,6,1,0,0,6,1,45,1,39,4,3.6503011498448623e-06,2.7377258623836467e-05,2.3726957473991605e-05
2020-09-30,Alpine,003,1148.0,0,0,0,0,0,0,0,0,0,0,0,0,0,0,0.0,0.0,0.0
2020-09-30,Amador,005,37829.0,0,0,0,0,0,0,0,0,0,0,0,0,0,0,0.0,0.0,0.0
2020-09-30,Butte,007,227075.0,16,0,7,0,9,0,0,0,8,0,12,0,4,0,3.523065066607949e-05,5.284597599911923e-05,1.7615325333039744e-05
2020-09-30,Calaveras,009,45235.0,1,0,1,0,0,0,0,0,1,0,1,0,0,0,2.2106775726760254e-05,2.2106775726760254e-05,0.0
2020-09-30,Colusa,011,21464.0,0,0,0,0,0,0,0,0,0,0,0,0,0,0,0.0,0.0,0.0
2020-09-30,Contra Costa,013,1133247.0,107,1,99,1,8,0,0,0,8,0,58,0,50,1,7.059361286639188e-06,5.118036932813412e-05,4.4121008041494926e-05
2020-09-30,Del Norte,015,27424.0,0,0,0,0,0,0,0,0,0,0,0,0,0,0,0.0,0.0,0.0
2020-09-30,El Dorado,017,186661.0,11,1,7,1,4,0,0,0,1,0,6,0,5,1,5.357305489630936e-06,3.214383293778561e-05,2.678652744815468e-05
2020-09-30,Fresno,019,978130.0,8,0,6,0,2,0,0,0,4,0,6,0,2,0,4.08943596454459e-06,6.134153946816885e-06,2.044717982272295e-06
2020-09-30,Glenn,021,27897.0,4,1,2,0,2,1,0,0,0,0,2,0,2,1,0.0,7.169229666272359e-05,7.169229666272359e-05
2020-09-30,Humboldt,023,135768.0,1,0,1,0,0,0,0,0,1,0,1,0,0,0,7.365505862942667e-06,7.365505862942667e-06,0.0
2020-09-30,Imperial,025,180216.0,2,0,0,0,2,0,0,0,2,0,2,0,0,0,1.109779375860079e-05,1.109779375860079e-05,0.0
2020-09-30,Inyo,027,18085.0,0,0,0,0,0,0,0,0,0,0,0,0,0,0,0.0,0.0,0.0
2020-09-30,Kern,029,883053.0,4,0,3,0,1,0,0,0,2,0,3,0,1,0,2.264869719031587e-06,3.397304578547381e-06,1.1324348595157936e-06
2020-09-30,Kings,031,150075.0,0,0,0,0,0,0,0,0,0,0,0,0,0,0,0.0,0.0,0.0
2020-09-30,Lake,033,64148.0,0,0,0,0,0,0,0,0,0,0,0,0,0,0,0.0,0.0,0.0
2020-09-30,Lassen,035,31185.0,2,0,0,0,2,0,0,0,0,0,1,0,1,0,0.0,3.20666987333654e-05,3.20666987333654e-05
2020-09-30,Los Angeles,037,10098052.0,558,7,484,6,71,0,3,1,148,0,355,1,207,7,1.4656292124461233e-05,3.5155295298538766e-05,2.0499003174077532e-05
2020-09-30,Madera,039,155013.0,2,0,2,0,0,0,0,0,1,0,1,0,0,0,6.451071845587144e-06,6.451071845587144e-06,0.0
2020-09-30,Marin,041,260295.0,9,1,9,1,0,0,0,0,1,0,5,0,4,1,3.841794886571006e-06,1.920897443285503e-05,1.5367179546284023e-05
2020-09-30,Mariposa,043,17540.0,0,0,0,0,0,0,0,0,0,0,0,0,0,0,0.0,0.0,0.0
2020-09-30,Mendocino,045,87422.0,1,0,0,0,1,0,0,0,1,0,1,0,0,0,1.1438768273432316e-05,1.1438768273432316e-05,0.0
2020-09-30,Merced,047,269075.0,5,0,5,0,0,0,0,0,1,0,3,0,2,0,3.71643593793552e-06,1.114930781380656e-05,7.43287187587104e-06
2020-09-30,Modoc,049,8938.0,0,0,0,0,0,0,0,0,0,0,0,0,0,0,0.0,0.0,0.0
2020-09-30,Mono,051,14174.0,0,0,0,0,0,0,0,0,0,0,0,0,0,0,0.0,0.0,0.0
2020-09-30,Monterey,053,433212.0,1,0,0,0,1,0,0,0,1,0,1,0,0,0,2.308338642512211e-06,2.308338642512211e-06,0.0
2020-09-30,Napa,055,140530.0,0,0,0,0,0,0,0,0,0,0,0,0,0,0,0.0,0.0,0.0
2020-09-30,Nevada,057,99092.0,2,0,2,0,0,0,0,0,0,0,1,0,1,0,0.0,1.009163201873007e-05,1.009163201873007e-05
2020-09-30,Orange,059,3164182.0,135,0,112,0,23,0,0,0,41,0,88,0,47,0,1.29575353124441e-05,2.781129530475807e-05,1.485375999231397e-05
2020-09-30,Placer,061,380077.0,20,1,16,1,4,0,0,0,4,0,12,0,8,1,1.0524183257603063e-05,3.1572549772809195e-05,2.104836651520613e-05
2020-09-30,Plumas,063,18699.0,0,0,0,0,0,0,0,0,0,0,0,0,0,0,0.0,0.0,0.0
2020-09-30,Riverside,065,2383286.0,57,1,18,0,39,1,0,0,14,1,36,1,22,0,5.87424253740424e-06,1.510519509618233e-05,9.23095255877809e-06
2020-09-30,Sacramento,067,1510023.0,166,9,109,8,57,1,0,0,40,2,103,2,63,7,2.648966274023641e-05,6.821088155610875e-05,4.172121881587234e-05
2020-09-30,San Benito,069,59416.0,0,0,0,0,0,0,0,0,0,0,0,0,0,0,0.0,0.0,0.0
2020-09-30,San Bernardino,071,2135413.0,21,0,6,0,15,0,0,0,7,0,14,0,7,0,3.278054409147083e-06,6.556108818294166e-06,3.278054409147083e-06
2020-09-30,San Diego,073,3302833.0,514,4,180,1,334,3,0,0,84,1,296,1,212,3,2.5432711856760543e-05,8.96200322571562e-05,6.418732040039565e-05
2020-09-30,San Francisco,075,870044.0,36,3,27,1,9,2,0,0,10,0,23,0,13,3,1.1493671584425615e-05,2.6435444644178915e-05,1.49417730597533e-05
2020-09-30,San Joaquin,077,732212.0,15,1,10,1,5,0,0,0,0,0,8,0,8,1,0.0,1.0925797446641135e-05,1.0925797446641135e-05
2020-09-30,San Luis Obispo,079,281455.0,2,0,0,0,2,0,0,0,0,0,1,0,1,0,0.0,3.552965838233465e-06,3.552965838233465e-06
2020-09-30,San Mateo,081,765935.0,37,0,32,0,5,0,0,0,6,0,21,0,15,0,7.833562900246105e-06,2.7417470150861366e-05,1.958390725061526e-05
2020-09-30,Santa Barbara,083,443738.0,4,0,4,0,0,0,0,0,2,0,3,0,1,0,4.507164137396392e-06,6.760746206094587e-06,2.253582068698196e-06
2020-09-30,Santa Clara,085,1922200.0,124,6,117,6,7,0,0,0,16,1,71,1,55,5,8.323795650816772e-06,3.693684320049943e-05,2.8613047549682652e-05
2020-09-30,Santa Cruz,087,273765.0,5,0,4,0,1,0,0,0,1,0,3,0,2,0,3.652767884864756e-06,1.095830365459427e-05,7.305535769729512e-06
2020-09-30,Shasta,089,179085.0,300,4,110,0,190,4,0,0,28,0,164,0,136,4,0.0001563503364324,0.000915766256247,0.0007594159198146
2020-09-30,Sierra,091,2930.0,0,0,0,0,0,0,0,0,0,0,0,0,0,0,0.0,0.0,0.0
2020-09-30,Siskiyou,093,43540.0,9,0,6,0,3,0,0,0,1,0,5,0,4,0,2.296738631143776e-05,0.0001148369315571,9.186954524575104e-05
2020-09-30,Solano,095,438530.0,5,0,5,0,0,0,0,0,1,0,3,0,2,0,2.280345700408182e-06,6.841037101224546e-06,4.560691400816364e-06
2020-09-30,Sonoma,097,501317.0,5,0,2,0,3,0,0,0,2,0,4,0,2,0,3.989491678917731e-06,7.978983357835461e-06,3.989491678917731e-06
2020-09-30,Stanislaus,099,539301.0,15,0,13,0,2,0,0,0,7,0,11,0,4,0,1.2979764547071115e-05,2.0396772859683185e-05,7.417008312612066e-06
2020-09-30,Sutter,101,95872.0,1,0,0,0,1,0,0,0,1,0,1,0,0,0,1.0430574098798398e-05,1.0430574098798398e-05,0.0
2020-09-30,Tehama,103,63373.0,25,2,6,0,19,2,0,0,1,0,13,0,12,2,1.5779590677417828e-05,0.0002051346788064,0.000189355088129
2020-09-30,Trinity,105,12862.0,2,0,0,0,2,0,0,0,0,0,1,0,1,0,0.0,7.774840615767377e-05,7.774840615767377e-05
2020-09-30,Tulare,107,460477.0,1,0,1,0,0,0,0,0,1,0,1,0,0,0,2.171661125311362e-06,2.171661125311362e-06,0.0
2020-09-30,Tuolumne,109,53932.0,1,1,0,0,1,1,0,0,1,1,1,1,0,0,1.854186753689832e-05,1.854186753689832e-05,0.0
2020-09-30,Ventura,111,848112.0,24,1,19,1,5,0,0,0,4,0,14,0,10,1,4.7163582168392855e-06,1.6507253758937497e-05,1.1790895542098214e-05
2020-09-30,Yolo,113,214977.0,50,0,30,0,20,0,0,0,9,0,30,0,21,0,4.1864943691650734e-05,0.0001395498123055,9.768486861385173e-05
2020-09-30,Yuba,115,75493.0,2,0,0,0,2,0,0,0,0,0,1,0,1,0,0.0,1.3246261242764227e-05,1.3246261242764227e-05
2020-09-29,Alameda,001,1643700.0,78,1,73,1,5,0,0,0,9,0,44,0,35,1,5.475451724767293e-06,2.6768875098862323e-05,2.129342337409503e-05
2020-09-29,Alpine,003,1148.0,0,0,0,0,0,0,0,0,0,0,0,0,0,0,0.0,0.0,0.0
2020-09-29,Amador,005,37829.0,0,0,0,0,0,0,0,0,0,0,0,0,0,0,0.0,0.0,0.0
2020-09-29,Butte,007,227075.0,16,0,7,0,9,0,0,0,8,0,12,0,4,0,3.523065066607949e-05,5.284597599911923e-05,1.7615325333039744e-05
2020-09-29,Calaveras,009,45235.0,1,0,1,0,0,0,0,0,1,0,1,0,0,0,2.2106775726760254e-05,2.2106775726760254e-05,0.0
2020-09-29,Colusa,011,21464.0,0,0,0,0,0,0,0,0,0,0,0,0,0,0,0.0,0.0,0.0
2020-09-29,Contra Costa,013,1133247.0,106,2,98,2,8,0,0,0,9,0,58,0,49,2,7.941781447469087e-06,5.118036932813412e-05,4.323858788066503e-05
2020-09-29,Del Norte,015,27424.0,0,0,0,0,0,0,0,0,0,0,0,0,0,0,0.0,0.0,0.0
2020-09-29,El Dorado,017,186661.0,10,0,6,0,4,0,0,0,2,0,6,0,4,0,1.0714610979261871e-05,3.214383293778561e-05,2.1429221958523742e-05
2020-09-29,Fresno,019,978130.0,8,1,6,0,2,1,0,0,4,1,6,1,2,0,4.08943596454459e-06,6.134153946816885e-06,2.044717982272295e-06
2020-09-29,Glenn,021,27897.0,3,0,2,0,1,0,0,0,1,0,2,0,1,0,3.58461483313618e-05,7.169229666272359e-05,3.58461483313618e-05
2020-09-29,Humboldt,023,135768.0,1,0,1,0,0,0,0,0,1,0,1,0,0,0,7.365505862942667e-06,7.365505862942667e-06,0.0
2020-09-29,Imperial,025,180216.0,2,0,0,0,2,0,0,0,2,0,2,0,0,0,1.109779375860079e-05,1.109779375860079e-05,0.0
2020-09-29,Inyo,027,18085.0,0,0,0,0,0,0,0,0,0,0,0,0,0,0,0.0,0.0,0.0
2020-09-29,Kern,029,883053.0,4,0,3,0,1,0,0,0,2,0,3,0,1,0,2.264869719031587e-06,3.397304578547381e-06,1.1324348595157936e-06
2020-09-29,Kings,031,150075.0,0,0,0,0,0,0,0,0,0,0,0,0,0,0,0.0,0.0,0.0
2020-09-29,Lake,033,64148.0,0,0,0,0,0,0,0,0,0,0,0,0,0,0,0.0,0.0,0.0
2020-09-29,Lassen,035,31185.0,2,0,0,0,2,0,0,0,0,0,1,0,1,0,0.0,3.20666987333654e-05,3.20666987333654e-05
2020-09-29,Los Angeles,037,10098052.0,551,12,478,10,71,0,2,2,154,0,354,2,200,12,1.5250466129506958e-05,3.505626629769781e-05,1.9805800168190856e-05
2020-09-29,Madera,039,155013.0,2,1,2,1,0,0,0,0,1,1,1,1,0,0,6.451071845587144e-06,6.451071845587144e-06,0.0
2020-09-29,Marin,041,260295.0,8,0,8,0,0,0,0,0,2,0,5,0,3,0,7.683589773142011e-06,1.920897443285503e-05,1.1525384659713018e-05
2020-09-29,Mariposa,043,17540.0,0,0,0,0,0,0,0,0,0,0,0,0,0,0,0.0,0.0,0.0
2020-09-29,Mendocino,045,87422.0,1,0,0,0,1,0,0,0,1,0,1,0,0,0,1.1438768273432316e-05,1.1438768273432316e-05,0.0
2020-09-29,Merced,047,269075.0,5,1,5,1,0,0,0,0,1,0,3,0,2,1,3.71643593793552e-06,1.114930781380656e-05,7.43287187587104e-06
2020-09-29,Modoc,049,8938.0,0,0,0,0,0,0,0,0,0,0,0,0,0,0,0.0,0.0,0.0
2020-09-29,Mono,051,14174.0,0,0,0,0,0,0,0,0,0,0,0,0,0,0,0.0,0.0,0.0
2020-09-29,Monterey,053,433212.0,1,0,0,0,1,0,0,0,1,0,1,0,0,0,2.308338642512211e-06,2.308338642512211e-06,0.0
2020-09-29,Napa,055,140530.0,0,0,0,0,0,0,0,0,0,0,0,0,0,0,0.0,0.0,0.0
2020-09-29,Nevada,057,99092.0,2,0,2,0,0,0,0,0,0,0,1,0,1,0,0.0,1.009163201873007e-05,1.009163201873007e-05
2020-09-29,Orange,059,3164182.0,135,0,112,0,23,0,0,0,41,0,88,0,47,0,1.29575353124441e-05,2.781129530475807e-05,1.485375999231397e-05
2020-09-29,Placer,061,380077.0,19,0,15,0,4,0,0,0,5,0,12,0,7,0,1.3155229072003831e-05,3.1572549772809195e-05,1.841732070080536e-05
2020-09-29,Plumas,063,18699.0,0,0,0,0,0,0,0,0,0,0,0,0,0,0,0.0,0.0,0.0
2020-09-29,Riverside,065,2383286.0,56,1,18,1,38,0,0,0,13,0,35,0,22,1,5.454653784732508e-06,1.46856063435106e-05,9.23095255877809e-06
2020-09-29,Sacramento,067,1510023.0,157,4,101,3,56,1,0,0,45,0,101,0,56,4,2.980087058276596e-05,6.688639841909693e-05,3.708552783633097e-05
2020-09-29,San Benito,069,59416.0,0,0,0,0,0,0,0,0,0,0,0,0,0,0,0.0,0.0,0.0
2020-09-29,San Bernardino,071,2135413.0,21,1,6,0,15,1,0,0,7,0,14,0,7,1,3.278054409147083e-06,6.556108818294166e-06,3.278054409147083e-06
2020-09-29,San Diego,073,3302833.0,510,18,179,10,331,8,0,0,86,4,295,4,209,13,2.6038252615254843e-05,8.931726187790906e-05,6.327900926265422e-05
2020-09-29,San Francisco,075,870044.0,33,0,26,0,7,0,0,0,13,0,23,0,10,0,1.49417730597533e-05,2.6435444644178915e-05,1.1493671584425615e-05
2020-09-29,San Joaquin,077,732212.0,14,1,9,0,5,1,0,0,1,0,8,0,7,1,1.365724680830142e-06,1.0925797446641135e-05,9.560072765810995e-06
2020-09-29,San Luis Obispo,079,281455.0,2,0,0,0,2,0,0,0,0,0,1,0,1,0,0.0,3.552965838233465e-06,3.552965838233465e-06
2020-09-29,San Mateo,081,765935.0,37,0,32,0,5,0,0,0,6,0,21,0,15,0,7.833562900246105e-06,2.7417470150861366e-05,1.958390725061526e-05
2020-09-29,Santa Barbara,083,443738.0,4,0,4,0,0,0,0,0,2,0,3,0,1,0,4.507164137396392e-06,6.760746206094587e-06,2.253582068698196e-06
2020-09-29,Santa Clara,085,1922200.0,118,1,111,1,7,0,0,0,20,0,70,0,50,1,1.0404744563520965e-05,3.641660597232338e-05,2.601186140880241e-05
2020-09-29,Santa Cruz,087,273765.0,5,1,4,1,1,0,0,0,1,0,3,0,2,1,3.652767884864756e-06,1.095830365459427e-05,7.305535769729512e-06
2020-09-29,Shasta,089,179085.0,296,0,110,0,186,0,0,0,32,0,164,0,132,0,0.0001786860987799,0.000915766256247,0.0007370801574671
2020-09-29,Sierra,091,2930.0,0,0,0,0,0,0,0,0,0,0,0,0,0,0,0.0,0.0,0.0
2020-09-29,Siskiyou,093,43540.0,9,0,6,0,3,0,0,0,1,0,5,0,4,0,2.296738631143776e-05,0.0001148369315571,9.186954524575104e-05
2020-09-29,Solano,095,438530.0,5,0,5,0,0,0,0,0,1,0,3,0,2,0,2.280345700408182e-06,6.841037101224546e-06,4.560691400816364e-06
2020-09-29,Sonoma,097,501317.0,5,1,2,1,3,0,0,0,2,0,4,1,2,1,3.989491678917731e-06,7.978983357835461e-06,3.989491678917731e-06
2020-09-29,Stanislaus,099,539301.0,15,0,13,0,2,0,0,0,7,0,11,0,4,0,1.2979764547071115e-05,2.0396772859683185e-05,7.417008312612066e-06
2020-09-29,Sutter,101,95872.0,1,0,0,0,1,0,0,0,1,0,1,0,0,0,1.0430574098798398e-05,1.0430574098798398e-05,0.0
2020-09-29,Tehama,103,63373.0,23,0,6,0,17,0,0,0,3,0,13,0,10,0,4.733877203225348e-05,0.0002051346788064,0.0001577959067741
2020-09-29,Trinity,105,12862.0,2,0,0,0,2,0,0,0,0,0,1,0,1,0,0.0,7.774840615767377e-05,7.774840615767377e-05
2020-09-29,Tulare,107,460477.0,1,0,1,0,0,0,0,0,1,0,1,0,0,0,2.171661125311362e-06,2.171661125311362e-06,0.0
2020-09-29,Tuolumne,109,53932.0,0,0,0,0,0,0,0,0,0,0,0,0,0,0,0.0,0.0,0.0
2020-09-29,Ventura,111,848112.0,23,2,18,1,5,1,0,0,5,0,14,0,9,2,5.895447771049107e-06,1.6507253758937497e-05,1.0611805987888391e-05
2020-09-29,Yolo,113,214977.0,50,1,30,1,20,0,0,0,9,0,30,0,21,1,4.1864943691650734e-05,0.0001395498123055,9.768486861385173e-05
2020-09-29,Yuba,115,75493.0,2,0,0,0,2,0,0,0,0,0,1,0,1,0,0.0,1.3246261242764227e-05,1.3246261242764227e-05
2020-09-28,Alameda,001,1643700.0,77,2,72,2,5,0,0,0,10,0,44,1,34,2,6.083835249741437e-06,2.6768875098862323e-05,2.068503984912089e-05
2020-09-28,Alpine,003,1148.0,0,0,0,0,0,0,0,0,0,0,0,0,0,0,0.0,0.0,0.0
2020-09-28,Amador,005,37829.0,0,0,0,0,0,0,0,0,0,0,0,0,0,0,0.0,0.0,0.0
2020-09-28,Butte,007,227075.0,16,1,7,0,9,1,0,0,8,0,12,0,4,1,3.523065066607949e-05,5.284597599911923e-05,1.7615325333039744e-05
2020-09-28,Calaveras,009,45235.0,1,0,1,0,0,0,0,0,1,0,1,0,0,0,2.2106775726760254e-05,2.2106775726760254e-05,0.0
2020-09-28,Colusa,011,21464.0,0,0,0,0,0,0,0,0,0,0,0,0,0,0,0.0,0.0,0.0
2020-09-28,Contra Costa,013,1133247.0,104,0,96,0,8,0,0,0,11,0,58,0,47,0,9.706621769128885e-06,5.118036932813412e-05,4.147374755900523e-05
2020-09-28,Del Norte,015,27424.0,0,0,0,0,0,0,0,0,0,0,0,0,0,0,0.0,0.0,0.0
2020-09-28,El Dorado,017,186661.0,10,1,6,1,4,0,0,0,2,0,6,0,4,1,1.0714610979261871e-05,3.214383293778561e-05,2.1429221958523742e-05
2020-09-28,Fresno,019,978130.0,7,0,6,0,1,0,0,0,3,0,5,0,2,0,3.0670769734084427e-06,5.111794955680738e-06,2.044717982272295e-06
2020-09-28,Glenn,021,27897.0,3,0,2,0,1,0,0,0,1,0,2,0,1,0,3.58461483313618e-05,7.169229666272359e-05,3.58461483313618e-05
2020-09-28,Humboldt,023,135768.0,1,0,1,0,0,0,0,0,1,0,1,0,0,0,7.365505862942667e-06,7.365505862942667e-06,0.0
2020-09-28,Imperial,025,180216.0,2,0,0,0,2,0,0,0,2,0,2,0,0,0,1.109779375860079e-05,1.109779375860079e-05,0.0
2020-09-28,Inyo,027,18085.0,0,0,0,0,0,0,0,0,0,0,0,0,0,0,0.0,0.0,0.0
2020-09-28,Kern,029,883053.0,4,0,3,0,1,0,0,0,2,0,3,0,1,0,2.264869719031587e-06,3.397304578547381e-06,1.1324348595157936e-06
2020-09-28,Kings,031,150075.0,0,0,0,0,0,0,0,0,0,0,0,0,0,0,0.0,0.0,0.0
2020-09-28,Lake,033,64148.0,0,0,0,0,0,0,0,0,0,0,0,0,0,0,0.0,0.0,0.0
2020-09-28,Lassen,035,31185.0,2,0,0,0,2,0,0,0,0,0,1,0,1,0,0.0,3.20666987333654e-05,3.20666987333654e-05
2020-09-28,Los Angeles,037,10098052.0,539,8,468,4,71,4,0,0,164,1,352,1,188,7,1.62407561379165e-05,3.4858208296015904e-05,1.86174521580994e-05
2020-09-28,Madera,039,155013.0,1,0,1,0,0,0,0,0,0,0,0,0,0,0,0.0,0.0,0.0
2020-09-28,Marin,041,260295.0,8,0,8,0,0,0,0,0,2,0,5,0,3,0,7.683589773142011e-06,1.920897443285503e-05,1.1525384659713018e-05
2020-09-28,Mariposa,043,17540.0,0,0,0,0,0,0,0,0,0,0,0,0,0,0,0.0,0.0,0.0
2020-09-28,Mendocino,045,87422.0,1,0,0,0,1,0,0,0,1,0,1,0,0,0,1.1438768273432316e-05,1.1438768273432316e-05,0.0
2020-09-28,Merced,047,269075.0,4,0,4,0,0,0,0,0,2,0,3,0,1,0,7.43287187587104e-06,1.114930781380656e-05,3.71643593793552e-06
2020-09-28,Modoc,049,8938.0,0,0,0,0,0,0,0,0,0,0,0,0,0,0,0.0,0.0,0.0
2020-09-28,Mono,051,14174.0,0,0,0,0,0,0,0,0,0,0,0,0,0,0,0.0,0.0,0.0
2020-09-28,Monterey,053,433212.0,1,0,0,0,1,0,0,0,1,0,1,0,0,0,2.308338642512211e-06,2.308338642512211e-06,0.0
2020-09-28,Napa,055,140530.0,0,0,0,0,0,0,0,0,0,0,0,0,0,0,0.0,0.0,0.0
2020-09-28,Nevada,057,99092.0,2,0,2,0,0,0,0,0,0,0,1,0,1,0,0.0,1.009163201873007e-05,1.009163201873007e-05
2020-09-28,Orange,059,3164182.0,135,2,112,2,23,0,0,0,41,0,88,0,47,2,1.29575353124441e-05,2.781129530475807e-05,1.485375999231397e-05
2020-09-28,Placer,061,380077.0,19,0,15,0,4,0,0,0,5,0,12,0,7,0,1.3155229072003831e-05,3.1572549772809195e-05,1.841732070080536e-05
2020-09-28,Plumas,063,18699.0,0,0,0,0,0,0,0,0,0,0,0,0,0,0,0.0,0.0,0.0
2020-09-28,Riverside,065,2383286.0,55,2,17,1,38,1,0,0,14,1,35,1,21,1,5.87424253740424e-06,1.46856063435106e-05,8.811363806106359e-06
2020-09-28,Sacramento,067,1510023.0,153,2,98,1,55,1,0,0,49,0,101,0,52,2,3.2449836856789595e-05,6.688639841909693e-05,3.443656156230733e-05
2020-09-28,San Benito,069,59416.0,0,0,0,0,0,0,0,0,0,0,0,0,0,0,0.0,0.0,0.0
2020-09-28,San Bernardino,071,2135413.0,20,0,6,0,14,0,0,0,8,0,14,0,6,0,3.746347896168095e-06,6.556108818294166e-06,2.809760922126071e-06
2020-09-28,San Diego,073,3302833.0,492,18,169,9,323,9,0,0,95,1,291,2,196,16,2.8763186028479187e-05,8.810618036092045e-05,5.934299433244127e-05
2020-09-28,San Francisco,075,870044.0,33,0,26,0,7,0,0,0,13,0,23,0,10,0,1.49417730597533e-05,2.6435444644178915e-05,1.1493671584425615e-05
2020-09-28,San Joaquin,077,732212.0,13,0,9,0,4,0,0,0,2,0,8,0,6,0,2.731449361660284e-06,1.0925797446641135e-05,8.194348084980852e-06
2020-09-28,San Luis Obispo,079,281455.0,2,0,0,0,2,0,0,0,0,0,1,0,1,0,0.0,3.552965838233465e-06,3.552965838233465e-06
2020-09-28,San Mateo,081,765935.0,37,1,32,1,5,0,0,0,6,0,21,0,15,1,7.833562900246105e-06,2.7417470150861366e-05,1.958390725061526e-05
2020-09-28,Santa Barbara,083,443738.0,4,0,4,0,0,0,0,0,2,0,3,0,1,0,4.507164137396392e-06,6.760746206094587e-06,2.253582068698196e-06
2020-09-28,Santa Clara,085,1922200.0,117,2,110,2,7,0,0,0,21,0,70,0,49,2,1.0924981791697014e-05,3.641660597232338e-05,2.5491624180626365e-05
2020-09-28,Santa Cruz,087,273765.0,4,0,3,0,1,0,0,0,2,0,3,0,1,0,7.305535769729512e-06,1.095830365459427e-05,3.652767884864756e-06
2020-09-28,Shasta,089,179085.0,296,10,110,0,186,10,0,0,32,0,164,0,132,10,0.0001786860987799,0.000915766256247,0.0007370801574671
2020-09-28,Sierra,091,2930.0,0,0,0,0,0,0,0,0,0,0,0,0,0,0,0.0,0.0,0.0
2020-09-28,Siskiyou,093,43540.0,9,1,6,0,3,1,0,0,1,0,5,0,4,1,2.296738631143776e-05,0.0001148369315571,9.186954524575104e-05
2020-09-28,Solano,095,438530.0,5,0,5,0,0,0,0,0,1,0,3,0,2,0,2.280345700408182e-06,6.841037101224546e-06,4.560691400816364e-06
2020-09-28,Sonoma,097,501317.0,4,1,1,0,3,1,0,0,2,1,3,1,1,0,3.989491678917731e-06,5.984237518376596e-06,1.9947458394588654e-06
2020-09-28,Stanislaus,099,539301.0,15,0,13,0,2,0,0,0,7,0,11,0,4,0,1.2979764547071115e-05,2.0396772859683185e-05,7.417008312612066e-06
2020-09-28,Sutter,101,95872.0,1,0,0,0,1,0,0,0,1,0,1,0,0,0,1.0430574098798398e-05,1.0430574098798398e-05,0.0
2020-09-28,Tehama,103,63373.0,23,0,6,0,17,0,0,0,3,0,13,0,10,0,4.733877203225348e-05,0.0002051346788064,0.0001577959067741
2020-09-28,Trinity,105,12862.0,2,0,0,0,2,0,0,0,0,0,1,0,1,0,0.0,7.774840615767377e-05,7.774840615767377e-05
2020-09-28,Tulare,107,460477.0,1,0,1,0,0,0,0,0,1,0,1,0,0,0,2.171661125311362e-06,2.171661125311362e-06,0.0
2020-09-28,Tuolumne,109,53932.0,0,0,0,0,0,0,0,0,0,0,0,0,0,0,0.0,0.0,0.0
2020-09-28,Ventura,111,848112.0,21,0,17,0,4,0,0,0,7,0,14,0,7,0,8.253626879468749e-06,1.6507253758937497e-05,8.253626879468749e-06
2020-09-28,Yolo,113,214977.0,49,0,29,0,20,0,0,0,10,0,30,0,20,0,4.651660410183415e-05,0.0001395498123055,9.30332082036683e-05
2020-09-28,Yuba,115,75493.0,2,1,0,0,2,1,0,0,0,0,1,0,1,1,0.0,1.3246261242764227e-05,1.3246261242764227e-05
2020-09-27,Alameda,001,1643700.0,75,0,70,0,5,0,0,0,11,0,43,0,32,0,6.692218774715581e-06,2.616049157388818e-05,1.94682727991726e-05
2020-09-27,Alpine,003,1148.0,0,0,0,0,0,0,0,0,0,0,0,0,0,0,0.0,0.0,0.0
2020-09-27,Amador,005,37829.0,0,0,0,0,0,0,0,0,0,0,0,0,0,0,0.0,0.0,0.0
2020-09-27,Butte,007,227075.0,15,1,7,1,8,0,0,0,9,1,12,1,3,0,3.963448199933943e-05,5.284597599911923e-05,1.3211493999779808e-05
2020-09-27,Calaveras,009,45235.0,1,0,1,0,0,0,0,0,1,0,1,0,0,0,2.2106775726760254e-05,2.2106775726760254e-05,0.0
2020-09-27,Colusa,011,21464.0,0,0,0,0,0,0,0,0,0,0,0,0,0,0,0.0,0.0,0.0
2020-09-27,Contra Costa,013,1133247.0,104,0,96,0,8,0,0,0,11,0,58,0,47,0,9.706621769128885e-06,5.118036932813412e-05,4.147374755900523e-05
2020-09-27,Del Norte,015,27424.0,0,0,0,0,0,0,0,0,0,0,0,0,0,0,0.0,0.0,0.0
2020-09-27,El Dorado,017,186661.0,9,0,5,0,4,0,0,0,3,0,6,0,3,0,1.6071916468892806e-05,3.214383293778561e-05,1.6071916468892806e-05
2020-09-27,Fresno,019,978130.0,7,0,6,0,1,0,0,0,3,0,5,0,2,0,3.0670769734084427e-06,5.111794955680738e-06,2.044717982272295e-06
2020-09-27,Glenn,021,27897.0,3,0,2,0,1,0,0,0,1,0,2,0,1,0,3.58461483313618e-05,7.169229666272359e-05,3.58461483313618e-05
2020-09-27,Humboldt,023,135768.0,1,0,1,0,0,0,0,0,1,0,1,0,0,0,7.365505862942667e-06,7.365505862942667e-06,0.0
2020-09-27,Imperial,025,180216.0,2,0,0,0,2,0,0,0,2,0,2,0,0,0,1.109779375860079e-05,1.109779375860079e-05,0.0
2020-09-27,Inyo,027,18085.0,0,0,0,0,0,0,0,0,0,0,0,0,0,0,0.0,0.0,0.0
2020-09-27,Kern,029,883053.0,4,0,3,0,1,0,0,0,2,0,3,0,1,0,2.264869719031587e-06,3.397304578547381e-06,1.1324348595157936e-06
2020-09-27,Kings,031,150075.0,0,0,0,0,0,0,0,0,0,0,0,0,0,0,0.0,0.0,0.0
2020-09-27,Lake,033,64148.0,0,0,0,0,0,0,0,0,0,0,0,0,0,0,0.0,0.0,0.0
2020-09-27,Lassen,035,31185.0,2,0,0,0,2,0,0,0,0,0,1,0,1,0,0.0,3.20666987333654e-05,3.20666987333654e-05
2020-09-27,Los Angeles,037,10098052.0,531,0,464,0,67,0,0,0,170,0,351,0,181,0,1.6834930142962227e-05,3.475917929517495e-05,1.7924249152212723e-05
2020-09-27,Madera,039,155013.0,1,0,1,0,0,0,0,0,0,0,0,0,0,0,0.0,0.0,0.0
2020-09-27,Marin,041,260295.0,8,0,8,0,0,0,0,0,2,0,5,0,3,0,7.683589773142011e-06,1.920897443285503e-05,1.1525384659713018e-05
2020-09-27,Mariposa,043,17540.0,0,0,0,0,0,0,0,0,0,0,0,0,0,0,0.0,0.0,0.0
2020-09-27,Mendocino,045,87422.0,1,0,0,0,1,0,0,0,1,0,1,0,0,0,1.1438768273432316e-05,1.1438768273432316e-05,0.0
2020-09-27,Merced,047,269075.0,4,0,4,0,0,0,0,0,2,0,3,0,1,0,7.43287187587104e-06,1.114930781380656e-05,3.71643593793552e-06
2020-09-27,Modoc,049,8938.0,0,0,0,0,0,0,0,0,0,0,0,0,0,0,0.0,0.0,0.0
2020-09-27,Mono,051,14174.0,0,0,0,0,0,0,0,0,0,0,0,0,0,0,0.0,0.0,0.0
2020-09-27,Monterey,053,433212.0,1,0,0,0,1,0,0,0,1,0,1,0,0,0,2.308338642512211e-06,2.308338642512211e-06,0.0
2020-09-27,Napa,055,140530.0,0,0,0,0,0,0,0,0,0,0,0,0,0,0,0.0,0.0,0.0
2020-09-27,Nevada,057,99092.0,2,0,2,0,0,0,0,0,0,0,1,0,1,0,0.0,1.009163201873007e-05,1.009163201873007e-05
2020-09-27,Orange,059,3164182.0,133,0,110,0,23,0,0,0,43,0,88,0,45,0,1.3589610205734056e-05,2.781129530475807e-05,1.4221685099024012e-05
2020-09-27,Placer,061,380077.0,19,0,15,0,4,0,0,0,5,0,12,0,7,0,1.3155229072003831e-05,3.1572549772809195e-05,1.841732070080536e-05
2020-09-27,Plumas,063,18699.0,0,0,0,0,0,0,0,0,0,0,0,0,0,0,0.0,0.0,0.0
2020-09-27,Riverside,065,2383286.0,53,0,16,0,37,0,0,0,14,0,34,0,20,0,5.87424253740424e-06,1.4266017590838867e-05,8.391775053434628e-06
2020-09-27,Sacramento,067,1510023.0,151,0,97,0,54,0,0,0,51,0,101,0,50,0,3.377431999380142e-05,6.688639841909693e-05,3.311207842529551e-05
2020-09-27,San Benito,069,59416.0,0,0,0,0,0,0,0,0,0,0,0,0,0,0,0.0,0.0,0.0
2020-09-27,San Bernardino,071,2135413.0,20,0,6,0,14,0,0,0,8,0,14,0,6,0,3.746347896168095e-06,6.556108818294166e-06,2.809760922126071e-06
2020-09-27,San Diego,073,3302833.0,474,0,160,0,314,0,0,0,109,0,289,0,180,0,3.300197133793928e-05,8.750063960242616e-05,5.449866826448688e-05
2020-09-27,San Francisco,075,870044.0,33,0,26,0,7,0,0,0,13,0,23,0,10,0,1.49417730597533e-05,2.6435444644178915e-05,1.1493671584425615e-05
2020-09-27,San Joaquin,077,732212.0,13,0,9,0,4,0,0,0,2,0,8,0,6,0,2.731449361660284e-06,1.0925797446641135e-05,8.194348084980852e-06
2020-09-27,San Luis Obispo,079,281455.0,2,0,0,0,2,0,0,0,0,0,1,0,1,0,0.0,3.552965838233465e-06,3.552965838233465e-06
2020-09-27,San Mateo,081,765935.0,36,0,31,0,5,0,0,0,7,0,21,0,14,0,9.139156716953788e-06,2.7417470150861366e-05,1.8278313433907572e-05
2020-09-27,Santa Barbara,083,443738.0,4,0,4,0,0,0,0,0,2,0,3,0,1,0,4.507164137396392e-06,6.760746206094587e-06,2.253582068698196e-06
2020-09-27,Santa Clara,085,1922200.0,115,0,108,0,7,0,0,0,23,0,70,0,47,0,1.196545624804911e-05,3.641660597232338e-05,2.445114972427427e-05
2020-09-27,Santa Cruz,087,273765.0,4,0,3,0,1,0,0,0,2,0,3,0,1,0,7.305535769729512e-06,1.095830365459427e-05,3.652767884864756e-06
2020-09-27,Shasta,089,179085.0,286,0,110,0,176,0,0,0,42,0,164,0,122,0,0.0002345255046486,0.000915766256247,0.0006812407515984
2020-09-27,Sierra,091,2930.0,0,0,0,0,0,0,0,0,0,0,0,0,0,0,0.0,0.0,0.0
2020-09-27,Siskiyou,093,43540.0,8,0,6,0,2,0,0,0,2,0,5,0,3,0,4.593477262287552e-05,0.0001148369315571,6.890215893431327e-05
2020-09-27,Solano,095,438530.0,5,0,5,0,0,0,0,0,1,0,3,0,2,0,2.280345700408182e-06,6.841037101224546e-06,4.560691400816364e-06
2020-09-27,Sonoma,097,501317.0,3,0,1,0,2,0,0,0,1,0,2,0,1,0,1.9947458394588654e-06,3.989491678917731e-06,1.9947458394588654e-06
2020-09-27,Stanislaus,099,539301.0,15,0,13,0,2,0,0,0,7,0,11,0,4,0,1.2979764547071115e-05,2.0396772859683185e-05,7.417008312612066e-06
2020-09-27,Sutter,101,95872.0,1,0,0,0,1,0,0,0,1,0,1,0,0,0,1.0430574098798398e-05,1.0430574098798398e-05,0.0
2020-09-27,Tehama,103,63373.0,23,0,6,0,17,0,0,0,3,0,13,0,10,0,4.733877203225348e-05,0.0002051346788064,0.0001577959067741
2020-09-27,Trinity,105,12862.0,2,0,0,0,2,0,0,0,0,0,1,0,1,0,0.0,7.774840615767377e-05,7.774840615767377e-05
2020-09-27,Tulare,107,460477.0,1,0,1,0,0,0,0,0,1,0,1,0,0,0,2.171661125311362e-06,2.171661125311362e-06,0.0
2020-09-27,Tuolumne,109,53932.0,0,0,0,0,0,0,0,0,0,0,0,0,0,0,0.0,0.0,0.0
2020-09-27,Ventura,111,848112.0,21,0,17,0,4,0,0,0,7,0,14,0,7,0,8.253626879468749e-06,1.6507253758937497e-05,8.253626879468749e-06
2020-09-27,Yolo,113,214977.0,49,0,29,0,20,0,0,0,10,0,30,0,20,0,4.651660410183415e-05,0.0001395498123055,9.30332082036683e-05
2020-09-27,Yuba,115,75493.0,1,0,0,0,1,0,0,0,1,0,1,0,0,0,1.3246261242764227e-05,1.3246261242764227e-05,0.0
2020-09-26,Alameda,001,1643700.0,75,0,70,0,5,0,0,0,11,0,43,0,32,0,6.692218774715581e-06,2.616049157388818e-05,1.94682727991726e-05
2020-09-26,Alpine,003,1148.0,0,0,0,0,0,0,0,0,0,0,0,0,0,0,0.0,0.0,0.0
2020-09-26,Amador,005,37829.0,0,0,0,0,0,0,0,0,0,0,0,0,0,0,0.0,0.0,0.0
2020-09-26,Butte,007,227075.0,14,0,6,0,8,0,0,0,8,0,11,0,3,0,3.523065066607949e-05,4.84421446658593e-05,1.3211493999779808e-05
2020-09-26,Calaveras,009,45235.0,1,0,1,0,0,0,0,0,1,0,1,0,0,0,2.2106775726760254e-05,2.2106775726760254e-05,0.0
2020-09-26,Colusa,011,21464.0,0,0,0,0,0,0,0,0,0,0,0,0,0,0,0.0,0.0,0.0
2020-09-26,Contra Costa,013,1133247.0,104,0,96,0,8,0,0,0,11,0,58,0,47,0,9.706621769128885e-06,5.118036932813412e-05,4.147374755900523e-05
2020-09-26,Del Norte,015,27424.0,0,0,0,0,0,0,0,0,0,0,0,0,0,0,0.0,0.0,0.0
2020-09-26,El Dorado,017,186661.0,9,0,5,0,4,0,0,0,3,0,6,0,3,0,1.6071916468892806e-05,3.214383293778561e-05,1.6071916468892806e-05
2020-09-26,Fresno,019,978130.0,7,0,6,0,1,0,0,0,3,0,5,0,2,0,3.0670769734084427e-06,5.111794955680738e-06,2.044717982272295e-06
2020-09-26,Glenn,021,27897.0,3,0,2,0,1,0,0,0,1,0,2,0,1,0,3.58461483313618e-05,7.169229666272359e-05,3.58461483313618e-05
2020-09-26,Humboldt,023,135768.0,1,0,1,0,0,0,0,0,1,0,1,0,0,0,7.365505862942667e-06,7.365505862942667e-06,0.0
2020-09-26,Imperial,025,180216.0,2,0,0,0,2,0,0,0,2,0,2,0,0,0,1.109779375860079e-05,1.109779375860079e-05,0.0
2020-09-26,Inyo,027,18085.0,0,0,0,0,0,0,0,0,0,0,0,0,0,0,0.0,0.0,0.0
2020-09-26,Kern,029,883053.0,4,0,3,0,1,0,0,0,2,0,3,0,1,0,2.264869719031587e-06,3.397304578547381e-06,1.1324348595157936e-06
2020-09-26,Kings,031,150075.0,0,0,0,0,0,0,0,0,0,0,0,0,0,0,0.0,0.0,0.0
2020-09-26,Lake,033,64148.0,0,0,0,0,0,0,0,0,0,0,0,0,0,0,0.0,0.0,0.0
2020-09-26,Lassen,035,31185.0,2,0,0,0,2,0,0,0,0,0,1,0,1,0,0.0,3.20666987333654e-05,3.20666987333654e-05
2020-09-26,Los Angeles,037,10098052.0,531,4,464,3,67,1,0,0,170,0,351,0,181,4,1.6834930142962227e-05,3.475917929517495e-05,1.7924249152212723e-05
2020-09-26,Madera,039,155013.0,1,0,1,0,0,0,0,0,0,0,0,0,0,0,0.0,0.0,0.0
2020-09-26,Marin,041,260295.0,8,0,8,0,0,0,0,0,2,0,5,0,3,0,7.683589773142011e-06,1.920897443285503e-05,1.1525384659713018e-05
2020-09-26,Mariposa,043,17540.0,0,0,0,0,0,0,0,0,0,0,0,0,0,0,0.0,0.0,0.0
2020-09-26,Mendocino,045,87422.0,1,0,0,0,1,0,0,0,1,0,1,0,0,0,1.1438768273432316e-05,1.1438768273432316e-05,0.0
2020-09-26,Merced,047,269075.0,4,0,4,0,0,0,0,0,2,0,3,0,1,0,7.43287187587104e-06,1.114930781380656e-05,3.71643593793552e-06
2020-09-26,Modoc,049,8938.0,0,0,0,0,0,0,0,0,0,0,0,0,0,0,0.0,0.0,0.0
2020-09-26,Mono,051,14174.0,0,0,0,0,0,0,0,0,0,0,0,0,0,0,0.0,0.0,0.0
2020-09-26,Monterey,053,433212.0,1,0,0,0,1,0,0,0,1,0,1,0,0,0,2.308338642512211e-06,2.308338642512211e-06,0.0
2020-09-26,Napa,055,140530.0,0,0,0,0,0,0,0,0,0,0,0,0,0,0,0.0,0.0,0.0
2020-09-26,Nevada,057,99092.0,2,0,2,0,0,0,0,0,0,0,1,0,1,0,0.0,1.009163201873007e-05,1.009163201873007e-05
2020-09-26,Orange,059,3164182.0,133,0,110,0,23,0,0,0,43,0,88,0,45,0,1.3589610205734056e-05,2.781129530475807e-05,1.4221685099024012e-05
2020-09-26,Placer,061,380077.0,19,0,15,0,4,0,0,0,5,0,12,0,7,0,1.3155229072003831e-05,3.1572549772809195e-05,1.841732070080536e-05
2020-09-26,Plumas,063,18699.0,0,0,0,0,0,0,0,0,0,0,0,0,0,0,0.0,0.0,0.0
2020-09-26,Riverside,065,2383286.0,53,0,16,0,37,0,0,0,14,0,34,0,20,0,5.87424253740424e-06,1.4266017590838867e-05,8.391775053434628e-06
2020-09-26,Sacramento,067,1510023.0,151,0,97,0,54,0,0,0,51,0,101,0,50,0,3.377431999380142e-05,6.688639841909693e-05,3.311207842529551e-05
2020-09-26,San Benito,069,59416.0,0,0,0,0,0,0,0,0,0,0,0,0,0,0,0.0,0.0,0.0
2020-09-26,San Bernardino,071,2135413.0,20,0,6,0,14,0,0,0,8,0,14,0,6,0,3.746347896168095e-06,6.556108818294166e-06,2.809760922126071e-06
2020-09-26,San Diego,073,3302833.0,474,2,160,0,314,2,0,0,109,0,289,0,180,2,3.300197133793928e-05,8.750063960242616e-05,5.449866826448688e-05
2020-09-26,San Francisco,075,870044.0,33,1,26,0,7,1,0,0,13,0,23,0,10,0,1.49417730597533e-05,2.6435444644178915e-05,1.1493671584425615e-05
2020-09-26,San Joaquin,077,732212.0,13,0,9,0,4,0,0,0,2,0,8,0,6,0,2.731449361660284e-06,1.0925797446641135e-05,8.194348084980852e-06
2020-09-26,San Luis Obispo,079,281455.0,2,0,0,0,2,0,0,0,0,0,1,0,1,0,0.0,3.552965838233465e-06,3.552965838233465e-06
2020-09-26,San Mateo,081,765935.0,36,0,31,0,5,0,0,0,7,0,21,0,14,0,9.139156716953788e-06,2.7417470150861366e-05,1.8278313433907572e-05
2020-09-26,Santa Barbara,083,443738.0,4,1,4,1,0,0,0,0,2,0,3,0,1,1,4.507164137396392e-06,6.760746206094587e-06,2.253582068698196e-06
2020-09-26,Santa Clara,085,1922200.0,115,0,108,0,7,0,0,0,23,0,70,0,47,0,1.196545624804911e-05,3.641660597232338e-05,2.445114972427427e-05
2020-09-26,Santa Cruz,087,273765.0,4,0,3,0,1,0,0,0,2,0,3,0,1,0,7.305535769729512e-06,1.095830365459427e-05,3.652767884864756e-06
2020-09-26,Shasta,089,179085.0,286,0,110,0,176,0,0,0,42,0,164,0,122,0,0.0002345255046486,0.000915766256247,0.0006812407515984
2020-09-26,Sierra,091,2930.0,0,0,0,0,0,0,0,0,0,0,0,0,0,0,0.0,0.0,0.0
2020-09-26,Siskiyou,093,43540.0,8,0,6,0,2,0,0,0,2,0,5,0,3,0,4.593477262287552e-05,0.0001148369315571,6.890215893431327e-05
2020-09-26,Solano,095,438530.0,5,0,5,0,0,0,0,0,1,0,3,0,2,0,2.280345700408182e-06,6.841037101224546e-06,4.560691400816364e-06
2020-09-26,Sonoma,097,501317.0,3,0,1,0,2,0,0,0,1,0,2,0,1,0,1.9947458394588654e-06,3.989491678917731e-06,1.9947458394588654e-06
2020-09-26,Stanislaus,099,539301.0,15,0,13,0,2,0,0,0,7,0,11,0,4,0,1.2979764547071115e-05,2.0396772859683185e-05,7.417008312612066e-06
2020-09-26,Sutter,101,95872.0,1,0,0,0,1,0,0,0,1,0,1,0,0,0,1.0430574098798398e-05,1.0430574098798398e-05,0.0
2020-09-26,Tehama,103,63373.0,23,0,6,0,17,0,0,0,3,0,13,0,10,0,4.733877203225348e-05,0.0002051346788064,0.0001577959067741
2020-09-26,Trinity,105,12862.0,2,0,0,0,2,0,0,0,0,0,1,0,1,0,0.0,7.774840615767377e-05,7.774840615767377e-05
2020-09-26,Tulare,107,460477.0,1,0,1,0,0,0,0,0,1,0,1,0,0,0,2.171661125311362e-06,2.171661125311362e-06,0.0
2020-09-26,Tuolumne,109,53932.0,0,0,0,0,0,0,0,0,0,0,0,0,0,0,0.0,0.0,0.0
2020-09-26,Ventura,111,848112.0,21,0,17,0,4,0,0,0,7,0,14,0,7,0,8.253626879468749e-06,1.6507253758937497e-05,8.253626879468749e-06
2020-09-26,Yolo,113,214977.0,49,0,29,0,20,0,0,0,10,0,30,0,20,0,4.651660410183415e-05,0.0001395498123055,9.30332082036683e-05
2020-09-26,Yuba,115,75493.0,1,0,0,0,1,0,0,0,1,0,1,0,0,0,1.3246261242764227e-05,1.3246261242764227e-05,0.0
2020-09-25,Alameda,001,1643700.0,75,1,70,1,5,0,0,0,11,0,43,0,32,1,6.692218774715581e-06,2.616049157388818e-05,1.94682727991726e-05
2020-09-25,Alpine,003,1148.0,0,0,0,0,0,0,0,0,0,0,0,0,0,0,0.0,0.0,0.0
2020-09-25,Amador,005,37829.0,0,0,0,0,0,0,0,0,0,0,0,0,0,0,0.0,0.0,0.0
2020-09-25,Butte,007,227075.0,14,1,6,0,8,1,0,0,8,0,11,0,3,1,3.523065066607949e-05,4.84421446658593e-05,1.3211493999779808e-05
2020-09-25,Calaveras,009,45235.0,1,0,1,0,0,0,0,0,1,0,1,0,0,0,2.2106775726760254e-05,2.2106775726760254e-05,0.0
2020-09-25,Colusa,011,21464.0,0,0,0,0,0,0,0,0,0,0,0,0,0,0,0.0,0.0,0.0
2020-09-25,Contra Costa,013,1133247.0,104,0,96,0,8,0,0,0,11,0,58,0,47,0,9.706621769128885e-06,5.118036932813412e-05,4.147374755900523e-05
2020-09-25,Del Norte,015,27424.0,0,0,0,0,0,0,0,0,0,0,0,0,0,0,0.0,0.0,0.0
2020-09-25,El Dorado,017,186661.0,9,0,5,0,4,0,0,0,3,0,6,0,3,0,1.6071916468892806e-05,3.214383293778561e-05,1.6071916468892806e-05
2020-09-25,Fresno,019,978130.0,7,1,6,1,1,0,0,0,3,0,5,0,2,1,3.0670769734084427e-06,5.111794955680738e-06,2.044717982272295e-06
2020-09-25,Glenn,021,27897.0,3,0,2,0,1,0,0,0,1,0,2,0,1,0,3.58461483313618e-05,7.169229666272359e-05,3.58461483313618e-05
2020-09-25,Humboldt,023,135768.0,1,0,1,0,0,0,0,0,1,0,1,0,0,0,7.365505862942667e-06,7.365505862942667e-06,0.0
2020-09-25,Imperial,025,180216.0,2,0,0,0,2,0,0,0,2,0,2,0,0,0,1.109779375860079e-05,1.109779375860079e-05,0.0
2020-09-25,Inyo,027,18085.0,0,0,0,0,0,0,0,0,0,0,0,0,0,0,0.0,0.0,0.0
2020-09-25,Kern,029,883053.0,4,1,3,1,1,0,0,0,2,0,3,0,1,1,2.264869719031587e-06,3.397304578547381e-06,1.1324348595157936e-06
2020-09-25,Kings,031,150075.0,0,0,0,0,0,0,0,0,0,0,0,0,0,0,0.0,0.0,0.0
2020-09-25,Lake,033,64148.0,0,0,0,0,0,0,0,0,0,0,0,0,0,0,0.0,0.0,0.0
2020-09-25,Lassen,035,31185.0,2,0,0,0,2,0,0,0,0,0,1,0,1,0,0.0,3.20666987333654e-05,3.20666987333654e-05
2020-09-25,Los Angeles,037,10098052.0,527,21,461,20,66,1,0,0,174,10,351,10,177,11,1.7231046146326043e-05,3.475917929517495e-05,1.7528133148848906e-05
2020-09-25,Madera,039,155013.0,1,0,1,0,0,0,0,0,0,0,0,0,0,0,0.0,0.0,0.0
2020-09-25,Marin,041,260295.0,8,1,8,1,0,0,0,0,2,0,5,0,3,1,7.683589773142011e-06,1.920897443285503e-05,1.1525384659713018e-05
2020-09-25,Mariposa,043,17540.0,0,0,0,0,0,0,0,0,0,0,0,0,0,0,0.0,0.0,0.0
2020-09-25,Mendocino,045,87422.0,1,0,0,0,1,0,0,0,1,0,1,0,0,0,1.1438768273432316e-05,1.1438768273432316e-05,0.0
2020-09-25,Merced,047,269075.0,4,0,4,0,0,0,0,0,2,0,3,0,1,0,7.43287187587104e-06,1.114930781380656e-05,3.71643593793552e-06
2020-09-25,Modoc,049,8938.0,0,0,0,0,0,0,0,0,0,0,0,0,0,0,0.0,0.0,0.0
2020-09-25,Mono,051,14174.0,0,0,0,0,0,0,0,0,0,0,0,0,0,0,0.0,0.0,0.0
2020-09-25,Monterey,053,433212.0,1,0,0,0,1,0,0,0,1,0,1,0,0,0,2.308338642512211e-06,2.308338642512211e-06,0.0
2020-09-25,Napa,055,140530.0,0,0,0,0,0,0,0,0,0,0,0,0,0,0,0.0,0.0,0.0
2020-09-25,Nevada,057,99092.0,2,1,2,1,0,0,0,0,0,0,1,0,1,1,0.0,1.009163201873007e-05,1.009163201873007e-05
2020-09-25,Orange,059,3164182.0,133,7,110,7,23,0,0,0,43,1,88,1,45,6,1.3589610205734056e-05,2.781129530475807e-05,1.4221685099024012e-05
2020-09-25,Placer,061,380077.0,19,1,15,0,4,1,0,0,5,0,12,0,7,1,1.3155229072003831e-05,3.1572549772809195e-05,1.841732070080536e-05
2020-09-25,Plumas,063,18699.0,0,0,0,0,0,0,0,0,0,0,0,0,0,0,0.0,0.0,0.0
2020-09-25,Riverside,065,2383286.0,53,2,16,1,37,1,0,0,14,0,34,0,20,2,5.87424253740424e-06,1.4266017590838867e-05,8.391775053434628e-06
2020-09-25,Sacramento,067,1510023.0,151,3,97,2,54,1,0,0,51,0,101,0,50,3,3.377431999380142e-05,6.688639841909693e-05,3.311207842529551e-05
2020-09-25,San Benito,069,59416.0,0,0,0,0,0,0,0,0,0,0,0,0,0,0,0.0,0.0,0.0
2020-09-25,San Bernardino,071,2135413.0,20,0,6,0,14,0,0,0,8,0,14,0,6,0,3.746347896168095e-06,6.556108818294166e-06,2.809760922126071e-06
2020-09-25,San Diego,073,3302833.0,472,10,160,1,312,9,0,0,111,3,289,3,178,6,3.3607512096433575e-05,8.750063960242616e-05,5.389312750599258e-05
2020-09-25,San Francisco,075,870044.0,32,0,26,0,6,0,0,0,13,0,23,0,10,0,1.49417730597533e-05,2.6435444644178915e-05,1.1493671584425615e-05
2020-09-25,San Joaquin,077,732212.0,13,0,9,0,4,0,0,0,2,0,8,0,6,0,2.731449361660284e-06,1.0925797446641135e-05,8.194348084980852e-06
2020-09-25,San Luis Obispo,079,281455.0,2,0,0,0,2,0,0,0,0,0,1,0,1,0,0.0,3.552965838233465e-06,3.552965838233465e-06
2020-09-25,San Mateo,081,765935.0,36,0,31,0,5,0,0,0,7,0,21,0,14,0,9.139156716953788e-06,2.7417470150861366e-05,1.8278313433907572e-05
2020-09-25,Santa Barbara,083,443738.0,3,0,3,0,0,0,0,0,3,0,3,0,0,0,6.760746206094587e-06,6.760746206094587e-06,0.0
2020-09-25,Santa Clara,085,1922200.0,115,0,108,0,7,0,0,0,23,0,70,0,47,0,1.196545624804911e-05,3.641660597232338e-05,2.445114972427427e-05
2020-09-25,Santa Cruz,087,273765.0,4,0,3,0,1,0,0,0,2,0,3,0,1,0,7.305535769729512e-06,1.095830365459427e-05,3.652767884864756e-06
2020-09-25,Shasta,089,179085.0,286,6,110,0,176,6,0,0,42,0,164,0,122,6,0.0002345255046486,0.000915766256247,0.0006812407515984
2020-09-25,Sierra,091,2930.0,0,0,0,0,0,0,0,0,0,0,0,0,0,0,0.0,0.0,0.0
2020-09-25,Siskiyou,093,43540.0,8,0,6,0,2,0,0,0,2,0,5,0,3,0,4.593477262287552e-05,0.0001148369315571,6.890215893431327e-05
2020-09-25,Solano,095,438530.0,5,0,5,0,0,0,0,0,1,0,3,0,2,0,2.280345700408182e-06,6.841037101224546e-06,4.560691400816364e-06
2020-09-25,Sonoma,097,501317.0,3,0,1,0,2,0,0,0,1,0,2,0,1,0,1.9947458394588654e-06,3.989491678917731e-06,1.9947458394588654e-06
2020-09-25,Stanislaus,099,539301.0,15,1,13,1,2,0,0,0,7,0,11,0,4,1,1.2979764547071115e-05,2.0396772859683185e-05,7.417008312612066e-06
2020-09-25,Sutter,101,95872.0,1,0,0,0,1,0,0,0,1,0,1,0,0,0,1.0430574098798398e-05,1.0430574098798398e-05,0.0
2020-09-25,Tehama,103,63373.0,23,3,6,0,17,3,0,0,3,0,13,0,10,3,4.733877203225348e-05,0.0002051346788064,0.0001577959067741
2020-09-25,Trinity,105,12862.0,2,0,0,0,2,0,0,0,0,0,1,0,1,0,0.0,7.774840615767377e-05,7.774840615767377e-05
2020-09-25,Tulare,107,460477.0,1,0,1,0,0,0,0,0,1,0,1,0,0,0,2.171661125311362e-06,2.171661125311362e-06,0.0
2020-09-25,Tuolumne,109,53932.0,0,0,0,0,0,0,0,0,0,0,0,0,0,0,0.0,0.0,0.0
2020-09-25,Ventura,111,848112.0,21,1,17,1,4,0,0,0,7,0,14,0,7,1,8.253626879468749e-06,1.6507253758937497e-05,8.253626879468749e-06
2020-09-25,Yolo,113,214977.0,49,2,29,2,20,0,0,0,10,0,30,0,20,2,4.651660410183415e-05,0.0001395498123055,9.30332082036683e-05
2020-09-25,Yuba,115,75493.0,1,0,0,0,1,0,0,0,1,0,1,0,0,0,1.3246261242764227e-05,1.3246261242764227e-05,0.0
2020-09-24,Alameda,001,1643700.0,74,1,69,1,5,0,0,0,12,0,43,0,31,1,7.3006022996897245e-06,2.616049157388818e-05,1.885988927419845e-05
2020-09-24,Alpine,003,1148.0,0,0,0,0,0,0,0,0,0,0,0,0,0,0,0.0,0.0,0.0
2020-09-24,Amador,005,37829.0,0,0,0,0,0,0,0,0,0,0,0,0,0,0,0.0,0.0,0.0
2020-09-24,Butte,007,227075.0,13,0,6,0,7,0,0,0,9,0,11,0,2,0,3.963448199933943e-05,4.84421446658593e-05,8.807662666519872e-06
2020-09-24,Calaveras,009,45235.0,1,0,1,0,0,0,0,0,1,0,1,0,0,0,2.2106775726760254e-05,2.2106775726760254e-05,0.0
2020-09-24,Colusa,011,21464.0,0,0,0,0,0,0,0,0,0,0,0,0,0,0,0.0,0.0,0.0
2020-09-24,Contra Costa,013,1133247.0,104,2,96,1,8,1,0,0,11,0,58,0,47,2,9.706621769128885e-06,5.118036932813412e-05,4.147374755900523e-05
2020-09-24,Del Norte,015,27424.0,0,0,0,0,0,0,0,0,0,0,0,0,0,0,0.0,0.0,0.0
2020-09-24,El Dorado,017,186661.0,9,0,5,0,4,0,0,0,3,0,6,0,3,0,1.6071916468892806e-05,3.214383293778561e-05,1.6071916468892806e-05
2020-09-24,Fresno,019,978130.0,6,0,5,0,1,0,0,0,4,0,5,0,1,0,4.08943596454459e-06,5.111794955680738e-06,1.0223589911361476e-06
2020-09-24,Glenn,021,27897.0,3,0,2,0,1,0,0,0,1,0,2,0,1,0,3.58461483313618e-05,7.169229666272359e-05,3.58461483313618e-05
2020-09-24,Humboldt,023,135768.0,1,0,1,0,0,0,0,0,1,0,1,0,0,0,7.365505862942667e-06,7.365505862942667e-06,0.0
2020-09-24,Imperial,025,180216.0,2,0,0,0,2,0,0,0,2,0,2,0,0,0,1.109779375860079e-05,1.109779375860079e-05,0.0
2020-09-24,Inyo,027,18085.0,0,0,0,0,0,0,0,0,0,0,0,0,0,0,0.0,0.0,0.0
2020-09-24,Kern,029,883053.0,3,0,2,0,1,0,0,0,3,0,3,0,0,0,3.397304578547381e-06,3.397304578547381e-06,0.0
2020-09-24,Kings,031,150075.0,0,0,0,0,0,0,0,0,0,0,0,0,0,0,0.0,0.0,0.0
2020-09-24,Lake,033,64148.0,0,0,0,0,0,0,0,0,0,0,0,0,0,0,0.0,0.0,0.0
2020-09-24,Lassen,035,31185.0,2,0,0,0,2,0,0,0,0,0,1,0,1,0,0.0,3.20666987333654e-05,3.20666987333654e-05
2020-09-24,Los Angeles,037,10098052.0,506,24,441,22,65,2,0,0,175,8,341,8,166,16,1.7330075147166998e-05,3.376888928676541e-05,1.643881413959841e-05
2020-09-24,Madera,039,155013.0,1,0,1,0,0,0,0,0,0,0,0,0,0,0,0.0,0.0,0.0
2020-09-24,Marin,041,260295.0,7,0,7,0,0,0,0,0,3,0,5,0,2,0,1.1525384659713018e-05,1.920897443285503e-05,7.683589773142011e-06
2020-09-24,Mariposa,043,17540.0,0,0,0,0,0,0,0,0,0,0,0,0,0,0,0.0,0.0,0.0
2020-09-24,Mendocino,045,87422.0,1,0,0,0,1,0,0,0,1,0,1,0,0,0,1.1438768273432316e-05,1.1438768273432316e-05,0.0
2020-09-24,Merced,047,269075.0,4,0,4,0,0,0,0,0,2,0,3,0,1,0,7.43287187587104e-06,1.114930781380656e-05,3.71643593793552e-06
2020-09-24,Modoc,049,8938.0,0,0,0,0,0,0,0,0,0,0,0,0,0,0,0.0,0.0,0.0
2020-09-24,Mono,051,14174.0,0,0,0,0,0,0,0,0,0,0,0,0,0,0,0.0,0.0,0.0
2020-09-24,Monterey,053,433212.0,1,0,0,0,1,0,0,0,1,0,1,0,0,0,2.308338642512211e-06,2.308338642512211e-06,0.0
2020-09-24,Napa,055,140530.0,0,0,0,0,0,0,0,0,0,0,0,0,0,0,0.0,0.0,0.0
2020-09-24,Nevada,057,99092.0,1,0,1,0,0,0,0,0,1,0,1,0,0,0,1.009163201873007e-05,1.009163201873007e-05,0.0
2020-09-24,Orange,059,3164182.0,126,3,103,3,23,0,0,0,48,1,87,1,39,2,1.5169797438958948e-05,2.7495257858113094e-05,1.2325460419154144e-05
2020-09-24,Placer,061,380077.0,18,0,15,0,3,0,0,0,6,0,12,0,6,0,1.5786274886404598e-05,3.1572549772809195e-05,1.5786274886404598e-05
2020-09-24,Plumas,063,18699.0,0,0,0,0,0,0,0,0,0,0,0,0,0,0,0.0,0.0,0.0
2020-09-24,Riverside,065,2383286.0,51,0,15,0,36,0,0,0,16,0,34,0,18,0,6.713420042747702e-06,1.4266017590838867e-05,7.552597548091165e-06
2020-09-24,Sacramento,067,1510023.0,148,3,95,3,53,0,0,0,54,0,101,0,47,3,3.576104469931915e-05,6.688639841909693e-05,3.112535371977778e-05
2020-09-24,San Benito,069,59416.0,0,0,0,0,0,0,0,0,0,0,0,0,0,0,0.0,0.0,0.0
2020-09-24,San Bernardino,071,2135413.0,20,1,6,1,14,0,0,0,8,1,14,1,6,0,3.746347896168095e-06,6.556108818294166e-06,2.809760922126071e-06
2020-09-24,San Diego,073,3302833.0,462,8,159,5,303,3,0,0,114,2,286,2,172,5,3.451582323417503e-05,8.65923284646847e-05,5.2076505230509685e-05
2020-09-24,San Francisco,075,870044.0,32,1,26,1,6,0,0,0,13,0,23,0,10,1,1.49417730597533e-05,2.6435444644178915e-05,1.1493671584425615e-05
2020-09-24,San Joaquin,077,732212.0,13,0,9,0,4,0,0,0,2,0,8,0,6,0,2.731449361660284e-06,1.0925797446641135e-05,8.194348084980852e-06
2020-09-24,San Luis Obispo,079,281455.0,2,0,0,0,2,0,0,0,0,0,1,0,1,0,0.0,3.552965838233465e-06,3.552965838233465e-06
2020-09-24,San Mateo,081,765935.0,36,0,31,0,5,0,0,0,7,0,21,0,14,0,9.139156716953788e-06,2.7417470150861366e-05,1.8278313433907572e-05
2020-09-24,Santa Barbara,083,443738.0,3,0,3,0,0,0,0,0,3,0,3,0,0,0,6.760746206094587e-06,6.760746206094587e-06,0.0
2020-09-24,Santa Clara,085,1922200.0,115,7,108,7,7,0,0,0,23,1,70,1,47,6,1.196545624804911e-05,3.641660597232338e-05,2.445114972427427e-05
2020-09-24,Santa Cruz,087,273765.0,4,0,3,0,1,0,0,0,2,0,3,0,1,0,7.305535769729512e-06,1.095830365459427e-05,3.652767884864756e-06
2020-09-24,Shasta,089,179085.0,280,2,110,2,170,0,0,0,48,0,164,0,116,2,0.0002680291481698,0.000915766256247,0.0006477371080771
2020-09-24,Sierra,091,2930.0,0,0,0,0,0,0,0,0,0,0,0,0,0,0,0.0,0.0,0.0
2020-09-24,Siskiyou,093,43540.0,8,0,6,0,2,0,0,0,2,0,5,0,3,0,4.593477262287552e-05,0.0001148369315571,6.890215893431327e-05
2020-09-24,Solano,095,438530.0,5,0,5,0,0,0,0,0,1,0,3,0,2,0,2.280345700408182e-06,6.841037101224546e-06,4.560691400816364e-06
2020-09-24,Sonoma,097,501317.0,3,0,1,0,2,0,0,0,1,0,2,0,1,0,1.9947458394588654e-06,3.989491678917731e-06,1.9947458394588654e-06
2020-09-24,Stanislaus,099,539301.0,14,0,12,0,2,0,0,0,8,0,11,0,3,0,1.4834016625224132e-05,2.0396772859683185e-05,5.56275623445905e-06
2020-09-24,Sutter,101,95872.0,1,0,0,0,1,0,0,0,1,0,1,0,0,0,1.0430574098798398e-05,1.0430574098798398e-05,0.0
2020-09-24,Tehama,103,63373.0,20,0,6,0,14,0,0,0,6,0,13,0,7,0,9.467754406450696e-05,0.0002051346788064,0.0001104571347419
2020-09-24,Trinity,105,12862.0,2,0,0,0,2,0,0,0,0,0,1,0,1,0,0.0,7.774840615767377e-05,7.774840615767377e-05
2020-09-24,Tulare,107,460477.0,1,0,1,0,0,0,0,0,1,0,1,0,0,0,2.171661125311362e-06,2.171661125311362e-06,0.0
2020-09-24,Tuolumne,109,53932.0,0,0,0,0,0,0,0,0,0,0,0,0,0,0,0.0,0.0,0.0
2020-09-24,Ventura,111,848112.0,20,1,16,0,4,1,0,0,8,0,14,0,6,1,9.432716433678573e-06,1.6507253758937497e-05,7.074537325258928e-06
2020-09-24,Yolo,113,214977.0,47,2,27,1,20,1,0,0,12,0,30,0,18,2,5.581992492220098e-05,0.0001395498123055,8.372988738330147e-05
2020-09-24,Yuba,115,75493.0,1,0,0,0,1,0,0,0,1,0,1,0,0,0,1.3246261242764227e-05,1.3246261242764227e-05,0.0
2020-09-23,Alameda,001,1643700.0,73,2,68,2,5,0,0,0,13,0,43,0,30,2,7.908985824663868e-06,2.616049157388818e-05,1.825150574922431e-05
2020-09-23,Alpine,003,1148.0,0,0,0,0,0,0,0,0,0,0,0,0,0,0,0.0,0.0,0.0
2020-09-23,Amador,005,37829.0,0,0,0,0,0,0,0,0,0,0,0,0,0,0,0.0,0.0,0.0
2020-09-23,Butte,007,227075.0,13,0,6,0,7,0,0,0,9,0,11,0,2,0,3.963448199933943e-05,4.84421446658593e-05,8.807662666519872e-06
2020-09-23,Calaveras,009,45235.0,1,0,1,0,0,0,0,0,1,0,1,0,0,0,2.2106775726760254e-05,2.2106775726760254e-05,0.0
2020-09-23,Colusa,011,21464.0,0,0,0,0,0,0,0,0,0,0,0,0,0,0,0.0,0.0,0.0
2020-09-23,Contra Costa,013,1133247.0,102,4,95,4,7,0,0,0,13,0,58,0,45,4,1.147146209078868e-05,5.118036932813412e-05,3.970890723734544e-05
2020-09-23,Del Norte,015,27424.0,0,0,0,0,0,0,0,0,0,0,0,0,0,0,0.0,0.0,0.0
2020-09-23,El Dorado,017,186661.0,9,1,5,1,4,0,0,0,3,0,6,0,3,1,1.6071916468892806e-05,3.214383293778561e-05,1.6071916468892806e-05
2020-09-23,Fresno,019,978130.0,6,0,5,0,1,0,0,0,4,0,5,0,1,0,4.08943596454459e-06,5.111794955680738e-06,1.0223589911361476e-06
2020-09-23,Glenn,021,27897.0,3,1,2,1,1,0,0,0,1,0,2,0,1,1,3.58461483313618e-05,7.169229666272359e-05,3.58461483313618e-05
2020-09-23,Humboldt,023,135768.0,1,0,1,0,0,0,0,0,1,0,1,0,0,0,7.365505862942667e-06,7.365505862942667e-06,0.0
2020-09-23,Imperial,025,180216.0,2,0,0,0,2,0,0,0,2,0,2,0,0,0,1.109779375860079e-05,1.109779375860079e-05,0.0
2020-09-23,Inyo,027,18085.0,0,0,0,0,0,0,0,0,0,0,0,0,0,0,0.0,0.0,0.0
2020-09-23,Kern,029,883053.0,3,0,2,0,1,0,0,0,3,0,3,0,0,0,3.397304578547381e-06,3.397304578547381e-06,0.0
2020-09-23,Kings,031,150075.0,0,0,0,0,0,0,0,0,0,0,0,0,0,0,0.0,0.0,0.0
2020-09-23,Lake,033,64148.0,0,0,0,0,0,0,0,0,0,0,0,0,0,0,0.0,0.0,0.0
2020-09-23,Lassen,035,31185.0,2,0,0,0,2,0,0,0,0,0,1,0,1,0,0.0,3.20666987333654e-05,3.20666987333654e-05
2020-09-23,Los Angeles,037,10098052.0,482,37,419,34,63,3,0,0,183,13,333,13,150,24,1.812230715389463e-05,3.2976657280037774e-05,1.485435012614314e-05
2020-09-23,Madera,039,155013.0,1,0,1,0,0,0,0,0,0,0,0,0,0,0,0.0,0.0,0.0
2020-09-23,Marin,041,260295.0,7,0,7,0,0,0,0,0,3,0,5,0,2,0,1.1525384659713018e-05,1.920897443285503e-05,7.683589773142011e-06
2020-09-23,Mariposa,043,17540.0,0,0,0,0,0,0,0,0,0,0,0,0,0,0,0.0,0.0,0.0
2020-09-23,Mendocino,045,87422.0,1,0,0,0,1,0,0,0,1,0,1,0,0,0,1.1438768273432316e-05,1.1438768273432316e-05,0.0
2020-09-23,Merced,047,269075.0,4,0,4,0,0,0,0,0,2,0,3,0,1,0,7.43287187587104e-06,1.114930781380656e-05,3.71643593793552e-06
2020-09-23,Modoc,049,8938.0,0,0,0,0,0,0,0,0,0,0,0,0,0,0,0.0,0.0,0.0
2020-09-23,Mono,051,14174.0,0,0,0,0,0,0,0,0,0,0,0,0,0,0,0.0,0.0,0.0
2020-09-23,Monterey,053,433212.0,1,0,0,0,1,0,0,0,1,0,1,0,0,0,2.308338642512211e-06,2.308338642512211e-06,0.0
2020-09-23,Napa,055,140530.0,0,0,0,0,0,0,0,0,0,0,0,0,0,0,0.0,0.0,0.0
2020-09-23,Nevada,057,99092.0,1,0,1,0,0,0,0,0,1,0,1,0,0,0,1.009163201873007e-05,1.009163201873007e-05,0.0
2020-09-23,Orange,059,3164182.0,123,8,100,6,23,2,0,0,49,3,86,3,37,5,1.5485834885603927e-05,2.7179220411468115e-05,1.169338552586419e-05
2020-09-23,Placer,061,380077.0,18,2,15,2,3,0,0,0,6,0,12,0,6,2,1.5786274886404598e-05,3.1572549772809195e-05,1.5786274886404598e-05
2020-09-23,Plumas,063,18699.0,0,0,0,0,0,0,0,0,0,0,0,0,0,0,0.0,0.0,0.0
2020-09-23,Riverside,065,2383286.0,51,2,15,2,36,0,0,0,16,2,34,2,18,0,6.713420042747702e-06,1.4266017590838867e-05,7.552597548091165e-06
2020-09-23,Sacramento,067,1510023.0,145,4,92,2,53,2,0,0,57,1,101,1,44,3,3.774776940483688e-05,6.688639841909693e-05,2.913862901426005e-05
2020-09-23,San Benito,069,59416.0,0,0,0,0,0,0,0,0,0,0,0,0,0,0,0.0,0.0,0.0
2020-09-23,San Bernardino,071,2135413.0,19,0,5,0,14,0,0,0,7,0,13,0,6,0,3.278054409147083e-06,6.087815331273154e-06,2.809760922126071e-06
2020-09-23,San Diego,073,3302833.0,454,11,154,2,300,9,0,0,117,0,284,0,167,11,3.542413437191647e-05,8.598678770619041e-05,5.056265333427394e-05
2020-09-23,San Francisco,075,870044.0,31,0,25,0,6,0,0,0,14,0,23,0,9,0,1.6091140218195862e-05,2.6435444644178915e-05,1.0344304425983052e-05
2020-09-23,San Joaquin,077,732212.0,13,0,9,0,4,0,0,0,2,0,8,0,6,0,2.731449361660284e-06,1.0925797446641135e-05,8.194348084980852e-06
2020-09-23,San Luis Obispo,079,281455.0,2,0,0,0,2,0,0,0,0,0,1,0,1,0,0.0,3.552965838233465e-06,3.552965838233465e-06
2020-09-23,San Mateo,081,765935.0,36,3,31,3,5,0,0,0,7,0,21,0,14,3,9.139156716953788e-06,2.7417470150861366e-05,1.8278313433907572e-05
2020-09-23,Santa Barbara,083,443738.0,3,0,3,0,0,0,0,0,3,0,3,0,0,0,6.760746206094587e-06,6.760746206094587e-06,0.0
2020-09-23,Santa Clara,085,1922200.0,108,3,101,2,7,1,0,0,28,1,69,1,41,2,1.4566642388929352e-05,3.589636874414733e-05,2.132972635521798e-05
2020-09-23,Santa Cruz,087,273765.0,4,0,3,0,1,0,0,0,2,0,3,0,1,0,7.305535769729512e-06,1.095830365459427e-05,3.652767884864756e-06
2020-09-23,Shasta,089,179085.0,278,10,108,9,170,1,0,0,50,2,164,2,114,8,0.0002791970293436,0.000915766256247,0.0006365692269034
2020-09-23,Sierra,091,2930.0,0,0,0,0,0,0,0,0,0,0,0,0,0,0,0.0,0.0,0.0
2020-09-23,Siskiyou,093,43540.0,8,0,6,0,2,0,0,0,2,0,5,0,3,0,4.593477262287552e-05,0.0001148369315571,6.890215893431327e-05
2020-09-23,Solano,095,438530.0,5,0,5,0,0,0,0,0,1,0,3,0,2,0,2.280345700408182e-06,6.841037101224546e-06,4.560691400816364e-06
2020-09-23,Sonoma,097,501317.0,3,0,1,0,2,0,0,0,1,0,2,0,1,0,1.9947458394588654e-06,3.989491678917731e-06,1.9947458394588654e-06
2020-09-23,Stanislaus,099,539301.0,14,1,12,1,2,0,0,0,8,1,11,1,3,0,1.4834016625224132e-05,2.0396772859683185e-05,5.56275623445905e-06
2020-09-23,Sutter,101,95872.0,1,0,0,0,1,0,0,0,1,0,1,0,0,0,1.0430574098798398e-05,1.0430574098798398e-05,0.0
2020-09-23,Tehama,103,63373.0,20,1,6,1,14,0,0,0,6,0,13,0,7,1,9.467754406450696e-05,0.0002051346788064,0.0001104571347419
2020-09-23,Trinity,105,12862.0,2,0,0,0,2,0,0,0,0,0,1,0,1,0,0.0,7.774840615767377e-05,7.774840615767377e-05
2020-09-23,Tulare,107,460477.0,1,0,1,0,0,0,0,0,1,0,1,0,0,0,2.171661125311362e-06,2.171661125311362e-06,0.0
2020-09-23,Tuolumne,109,53932.0,0,0,0,0,0,0,0,0,0,0,0,0,0,0,0.0,0.0,0.0
2020-09-23,Ventura,111,848112.0,19,0,16,0,3,0,0,0,9,0,14,0,5,0,1.0611805987888391e-05,1.6507253758937497e-05,5.895447771049107e-06
2020-09-23,Yolo,113,214977.0,45,1,26,1,19,0,0,0,14,1,30,1,16,0,6.512324574256781e-05,0.0001395498123055,7.442656656293464e-05
2020-09-23,Yuba,115,75493.0,1,0,0,0,1,0,0,0,1,0,1,0,0,0,1.3246261242764227e-05,1.3246261242764227e-05,0.0
2020-09-22,Alameda,001,1643700.0,71,0,66,0,5,0,0,0,15,0,43,0,28,0,9.125752874612156e-06,2.616049157388818e-05,1.7034738699276024e-05
2020-09-22,Alpine,003,1148.0,0,0,0,0,0,0,0,0,0,0,0,0,0,0,0.0,0.0,0.0
2020-09-22,Amador,005,37829.0,0,0,0,0,0,0,0,0,0,0,0,0,0,0,0.0,0.0,0.0
2020-09-22,Butte,007,227075.0,13,1,6,0,7,1,0,0,9,0,11,0,2,1,3.963448199933943e-05,4.84421446658593e-05,8.807662666519872e-06
2020-09-22,Calaveras,009,45235.0,1,0,1,0,0,0,0,0,1,0,1,0,0,0,2.2106775726760254e-05,2.2106775726760254e-05,0.0
2020-09-22,Colusa,011,21464.0,0,0,0,0,0,0,0,0,0,0,0,0,0,0,0.0,0.0,0.0
2020-09-22,Contra Costa,013,1133247.0,98,2,91,2,7,0,0,0,17,1,58,1,41,1,1.5001142734108274e-05,5.118036932813412e-05,3.617922659402584e-05
2020-09-22,Del Norte,015,27424.0,0,0,0,0,0,0,0,0,0,0,0,0,0,0,0.0,0.0,0.0
2020-09-22,El Dorado,017,186661.0,8,0,4,0,4,0,0,0,4,0,6,0,2,0,2.1429221958523742e-05,3.214383293778561e-05,1.0714610979261871e-05
2020-09-22,Fresno,019,978130.0,6,0,5,0,1,0,0,0,4,0,5,0,1,0,4.08943596454459e-06,5.111794955680738e-06,1.0223589911361476e-06
2020-09-22,Glenn,021,27897.0,2,0,1,0,1,0,0,0,2,0,2,0,0,0,7.169229666272359e-05,7.169229666272359e-05,0.0
2020-09-22,Humboldt,023,135768.0,1,0,1,0,0,0,0,0,1,0,1,0,0,0,7.365505862942667e-06,7.365505862942667e-06,0.0
2020-09-22,Imperial,025,180216.0,2,0,0,0,2,0,0,0,2,0,2,0,0,0,1.109779375860079e-05,1.109779375860079e-05,0.0
2020-09-22,Inyo,027,18085.0,0,0,0,0,0,0,0,0,0,0,0,0,0,0,0.0,0.0,0.0
2020-09-22,Kern,029,883053.0,3,0,2,0,1,0,0,0,3,0,3,0,0,0,3.397304578547381e-06,3.397304578547381e-06,0.0
2020-09-22,Kings,031,150075.0,0,0,0,0,0,0,0,0,0,0,0,0,0,0,0.0,0.0,0.0
2020-09-22,Lake,033,64148.0,0,0,0,0,0,0,0,0,0,0,0,0,0,0,0.0,0.0,0.0
2020-09-22,Lassen,035,31185.0,2,0,0,0,2,0,0,0,0,0,1,0,1,0,0.0,3.20666987333654e-05,3.20666987333654e-05
2020-09-22,Los Angeles,037,10098052.0,445,26,385,26,60,0,0,0,194,15,320,15,126,11,1.921162616314513e-05,3.168928026910537e-05,1.247765410596024e-05
2020-09-22,Madera,039,155013.0,1,0,1,0,0,0,0,0,0,0,0,0,0,0,0.0,0.0,0.0
2020-09-22,Marin,041,260295.0,7,0,7,0,0,0,0,0,3,0,5,0,2,0,1.1525384659713018e-05,1.920897443285503e-05,7.683589773142011e-06
2020-09-22,Mariposa,043,17540.0,0,0,0,0,0,0,0,0,0,0,0,0,0,0,0.0,0.0,0.0
2020-09-22,Mendocino,045,87422.0,1,0,0,0,1,0,0,0,1,0,1,0,0,0,1.1438768273432316e-05,1.1438768273432316e-05,0.0
2020-09-22,Merced,047,269075.0,4,0,4,0,0,0,0,0,2,0,3,0,1,0,7.43287187587104e-06,1.114930781380656e-05,3.71643593793552e-06
2020-09-22,Modoc,049,8938.0,0,0,0,0,0,0,0,0,0,0,0,0,0,0,0.0,0.0,0.0
2020-09-22,Mono,051,14174.0,0,0,0,0,0,0,0,0,0,0,0,0,0,0,0.0,0.0,0.0
2020-09-22,Monterey,053,433212.0,1,0,0,0,1,0,0,0,1,0,1,0,0,0,2.308338642512211e-06,2.308338642512211e-06,0.0
2020-09-22,Napa,055,140530.0,0,0,0,0,0,0,0,0,0,0,0,0,0,0,0.0,0.0,0.0
2020-09-22,Nevada,057,99092.0,1,0,1,0,0,0,0,0,1,0,1,0,0,0,1.009163201873007e-05,1.009163201873007e-05,0.0
2020-09-22,Orange,059,3164182.0,115,10,94,8,21,2,0,0,51,4,83,4,32,6,1.611790977889388e-05,2.623110807153318e-05,1.0113198292639298e-05
2020-09-22,Placer,061,380077.0,16,0,13,0,3,0,0,0,8,0,12,0,4,0,2.104836651520613e-05,3.1572549772809195e-05,1.0524183257603063e-05
2020-09-22,Plumas,063,18699.0,0,0,0,0,0,0,0,0,0,0,0,0,0,0,0.0,0.0,0.0
2020-09-22,Riverside,065,2383286.0,49,4,13,2,36,2,0,0,14,2,32,2,18,2,5.87424253740424e-06,1.3426840085495404e-05,7.552597548091165e-06
2020-09-22,Sacramento,067,1510023.0,141,4,90,4,51,0,0,0,59,1,100,1,41,3,3.90722525418487e-05,6.622415685059102e-05,2.715190430874232e-05
2020-09-22,San Benito,069,59416.0,0,0,0,0,0,0,0,0,0,0,0,0,0,0,0.0,0.0,0.0
2020-09-22,San Bernardino,071,2135413.0,19,1,5,1,14,0,0,0,7,0,13,0,6,1,3.278054409147083e-06,6.087815331273154e-06,2.809760922126071e-06
2020-09-22,San Diego,073,3302833.0,443,16,152,7,291,9,0,0,128,2,284,3,156,13,3.875460854363512e-05,8.598678770619041e-05,4.72321791625553e-05
2020-09-22,San Francisco,075,870044.0,31,2,25,2,6,0,0,0,14,0,23,0,9,2,1.6091140218195862e-05,2.6435444644178915e-05,1.0344304425983052e-05
2020-09-22,San Joaquin,077,732212.0,13,0,9,0,4,0,0,0,2,0,8,0,6,0,2.731449361660284e-06,1.0925797446641135e-05,8.194348084980852e-06
2020-09-22,San Luis Obispo,079,281455.0,2,0,0,0,2,0,0,0,0,0,1,0,1,0,0.0,3.552965838233465e-06,3.552965838233465e-06
2020-09-22,San Mateo,081,765935.0,33,0,28,0,5,0,0,0,10,0,21,0,11,0,1.305593816707684e-05,2.7417470150861366e-05,1.4361531983784524e-05
2020-09-22,Santa Barbara,083,443738.0,3,0,3,0,0,0,0,0,3,0,3,0,0,0,6.760746206094587e-06,6.760746206094587e-06,0.0
2020-09-22,Santa Clara,085,1922200.0,105,3,99,3,6,0,0,0,29,0,68,0,39,3,1.50868796171054e-05,3.5376131515971285e-05,2.0289251898865883e-05
2020-09-22,Santa Cruz,087,273765.0,4,0,3,0,1,0,0,0,2,0,3,0,1,0,7.305535769729512e-06,1.095830365459427e-05,3.652767884864756e-06
2020-09-22,Shasta,089,179085.0,268,4,99,0,169,4,0,0,56,0,162,0,106,4,0.0003127006728648,0.0009045983750732,0.0005918977022084
2020-09-22,Sierra,091,2930.0,0,0,0,0,0,0,0,0,0,0,0,0,0,0,0.0,0.0,0.0
2020-09-22,Siskiyou,093,43540.0,8,0,6,0,2,0,0,0,2,0,5,0,3,0,4.593477262287552e-05,0.0001148369315571,6.890215893431327e-05
2020-09-22,Solano,095,438530.0,5,1,5,1,0,0,0,0,1,0,3,0,2,1,2.280345700408182e-06,6.841037101224546e-06,4.560691400816364e-06
2020-09-22,Sonoma,097,501317.0,3,0,1,0,2,0,0,0,1,0,2,0,1,0,1.9947458394588654e-06,3.989491678917731e-06,1.9947458394588654e-06
2020-09-22,Stanislaus,099,539301.0,13,0,11,0,2,0,0,0,7,0,10,0,3,0,1.2979764547071115e-05,1.8542520781530167e-05,5.56275623445905e-06
2020-09-22,Sutter,101,95872.0,1,0,0,0,1,0,0,0,1,0,1,0,0,0,1.0430574098798398e-05,1.0430574098798398e-05,0.0
2020-09-22,Tehama,103,63373.0,19,0,5,0,14,0,0,0,7,0,13,0,6,0,0.0001104571347419,0.0002051346788064,9.467754406450696e-05
2020-09-22,Trinity,105,12862.0,2,0,0,0,2,0,0,0,0,0,1,0,1,0,0.0,7.774840615767377e-05,7.774840615767377e-05
2020-09-22,Tulare,107,460477.0,1,0,1,0,0,0,0,0,1,0,1,0,0,0,2.171661125311362e-06,2.171661125311362e-06,0.0
2020-09-22,Tuolumne,109,53932.0,0,0,0,0,0,0,0,0,0,0,0,0,0,0,0.0,0.0,0.0
2020-09-22,Ventura,111,848112.0,19,1,16,1,3,0,0,0,9,0,14,0,5,1,1.0611805987888391e-05,1.6507253758937497e-05,5.895447771049107e-06
2020-09-22,Yolo,113,214977.0,44,2,25,1,19,1,0,0,13,0,29,0,16,2,6.047158533238439e-05,0.0001348981518953,7.442656656293464e-05
2020-09-22,Yuba,115,75493.0,1,0,0,0,1,0,0,0,1,0,1,0,0,0,1.3246261242764227e-05,1.3246261242764227e-05,0.0
2020-09-21,Alameda,001,1643700.0,71,2,66,1,5,1,0,0,15,0,43,0,28,2,9.125752874612156e-06,2.616049157388818e-05,1.7034738699276024e-05
2020-09-21,Alpine,003,1148.0,0,0,0,0,0,0,0,0,0,0,0,0,0,0,0.0,0.0,0.0
2020-09-21,Amador,005,37829.0,0,0,0,0,0,0,0,0,0,0,0,0,0,0,0.0,0.0,0.0
2020-09-21,Butte,007,227075.0,12,0,6,0,6,0,0,0,10,0,11,0,1,0,4.403831333259936e-05,4.84421446658593e-05,4.403831333259936e-06
2020-09-21,Calaveras,009,45235.0,1,0,1,0,0,0,0,0,1,0,1,0,0,0,2.2106775726760254e-05,2.2106775726760254e-05,0.0
2020-09-21,Colusa,011,21464.0,0,0,0,0,0,0,0,0,0,0,0,0,0,0,0.0,0.0,0.0
2020-09-21,Contra Costa,013,1133247.0,96,1,89,1,7,0,0,0,17,0,57,0,40,1,1.5001142734108274e-05,5.029794916730421e-05,3.529680643319594e-05
2020-09-21,Del Norte,015,27424.0,0,0,0,0,0,0,0,0,0,0,0,0,0,0,0.0,0.0,0.0
2020-09-21,El Dorado,017,186661.0,8,0,4,0,4,0,0,0,4,0,6,0,2,0,2.1429221958523742e-05,3.214383293778561e-05,1.0714610979261871e-05
2020-09-21,Fresno,019,978130.0,6,1,5,1,1,0,0,0,4,0,5,0,1,1,4.08943596454459e-06,5.111794955680738e-06,1.0223589911361476e-06
2020-09-21,Glenn,021,27897.0,2,0,1,0,1,0,0,0,2,0,2,0,0,0,7.169229666272359e-05,7.169229666272359e-05,0.0
2020-09-21,Humboldt,023,135768.0,1,0,1,0,0,0,0,0,1,0,1,0,0,0,7.365505862942667e-06,7.365505862942667e-06,0.0
2020-09-21,Imperial,025,180216.0,2,1,0,0,2,1,0,0,2,1,2,1,0,0,1.109779375860079e-05,1.109779375860079e-05,0.0
2020-09-21,Inyo,027,18085.0,0,0,0,0,0,0,0,0,0,0,0,0,0,0,0.0,0.0,0.0
2020-09-21,Kern,029,883053.0,3,0,2,0,1,0,0,0,3,0,3,0,0,0,3.397304578547381e-06,3.397304578547381e-06,0.0
2020-09-21,Kings,031,150075.0,0,0,0,0,0,0,0,0,0,0,0,0,0,0,0.0,0.0,0.0
2020-09-21,Lake,033,64148.0,0,0,0,0,0,0,0,0,0,0,0,0,0,0,0.0,0.0,0.0
2020-09-21,Lassen,035,31185.0,2,0,0,0,2,0,0,0,0,0,1,0,1,0,0.0,3.20666987333654e-05,3.20666987333654e-05
2020-09-21,Los Angeles,037,10098052.0,419,25,359,23,60,2,0,0,190,7,305,7,115,18,1.881551015978131e-05,3.0203845256491053e-05,1.138833509670974e-05
2020-09-21,Madera,039,155013.0,1,0,1,0,0,0,0,0,0,0,0,0,0,0,0.0,0.0,0.0
2020-09-21,Marin,041,260295.0,7,2,7,2,0,0,0,0,3,1,5,1,2,1,1.1525384659713018e-05,1.920897443285503e-05,7.683589773142011e-06
2020-09-21,Mariposa,043,17540.0,0,0,0,0,0,0,0,0,0,0,0,0,0,0,0.0,0.0,0.0
2020-09-21,Mendocino,045,87422.0,1,0,0,0,1,0,0,0,1,0,1,0,0,0,1.1438768273432316e-05,1.1438768273432316e-05,0.0
2020-09-21,Merced,047,269075.0,4,0,4,0,0,0,0,0,2,0,3,0,1,0,7.43287187587104e-06,1.114930781380656e-05,3.71643593793552e-06
2020-09-21,Modoc,049,8938.0,0,0,0,0,0,0,0,0,0,0,0,0,0,0,0.0,0.0,0.0
2020-09-21,Mono,051,14174.0,0,0,0,0,0,0,0,0,0,0,0,0,0,0,0.0,0.0,0.0
2020-09-21,Monterey,053,433212.0,1,0,0,0,1,0,0,0,1,0,1,0,0,0,2.308338642512211e-06,2.308338642512211e-06,0.0
2020-09-21,Napa,055,140530.0,0,0,0,0,0,0,0,0,0,0,0,0,0,0,0.0,0.0,0.0
2020-09-21,Nevada,057,99092.0,1,0,1,0,0,0,0,0,1,0,1,0,0,0,1.009163201873007e-05,1.009163201873007e-05,0.0
2020-09-21,Orange,059,3164182.0,105,4,86,3,19,1,0,0,53,3,79,3,26,1,1.674998467218384e-05,2.4966958284953263e-05,8.21697361276943e-06
2020-09-21,Placer,061,380077.0,16,1,13,1,3,0,0,0,8,1,12,1,4,0,2.104836651520613e-05,3.1572549772809195e-05,1.0524183257603063e-05
2020-09-21,Plumas,063,18699.0,0,0,0,0,0,0,0,0,0,0,0,0,0,0,0.0,0.0,0.0
2020-09-21,Riverside,065,2383286.0,45,0,11,0,34,0,0,0,14,0,30,0,16,0,5.87424253740424e-06,1.2587662580151942e-05,6.713420042747702e-06
2020-09-21,Sacramento,067,1510023.0,137,6,86,6,51,0,0,0,61,2,99,2,38,4,4.039673567886052e-05,6.556191528208511e-05,2.5165179603224583e-05
2020-09-21,San Benito,069,59416.0,0,0,0,0,0,0,0,0,0,0,0,0,0,0,0.0,0.0,0.0
2020-09-21,San Bernardino,071,2135413.0,18,1,4,1,14,0,0,0,8,1,13,1,5,0,3.746347896168095e-06,6.087815331273154e-06,2.3414674351050597e-06
2020-09-21,San Diego,073,3302833.0,427,15,145,8,282,7,0,0,138,0,281,0,143,15,4.178231233610661e-05,8.507847656844897e-05,4.329616423234235e-05
2020-09-21,San Francisco,075,870044.0,29,2,23,1,6,1,0,0,16,2,23,2,7,0,1.8389874535080983e-05,2.6435444644178915e-05,8.045570109097931e-06
2020-09-21,San Joaquin,077,732212.0,13,1,9,1,4,0,0,0,2,0,8,0,6,1,2.731449361660284e-06,1.0925797446641135e-05,8.194348084980852e-06
2020-09-21,San Luis Obispo,079,281455.0,2,0,0,0,2,0,0,0,0,0,1,0,1,0,0.0,3.552965838233465e-06,3.552965838233465e-06
2020-09-21,San Mateo,081,765935.0,33,1,28,0,5,1,0,0,10,1,21,1,11,0,1.305593816707684e-05,2.7417470150861366e-05,1.4361531983784524e-05
2020-09-21,Santa Barbara,083,443738.0,3,0,3,0,0,0,0,0,3,0,3,0,0,0,6.760746206094587e-06,6.760746206094587e-06,0.0
2020-09-21,Santa Clara,085,1922200.0,102,5,96,5,6,0,0,0,32,2,68,2,36,3,1.6647591301633544e-05,3.5376131515971285e-05,1.8728540214337735e-05
2020-09-21,Santa Cruz,087,273765.0,4,0,3,0,1,0,0,0,2,0,3,0,1,0,7.305535769729512e-06,1.095830365459427e-05,3.652767884864756e-06
2020-09-21,Shasta,089,179085.0,264,5,99,0,165,5,0,0,60,0,162,0,102,5,0.0003350364352123,0.0009045983750732,0.0005695619398609
2020-09-21,Sierra,091,2930.0,0,0,0,0,0,0,0,0,0,0,0,0,0,0,0.0,0.0,0.0
2020-09-21,Siskiyou,093,43540.0,8,0,6,0,2,0,0,0,2,0,5,0,3,0,4.593477262287552e-05,0.0001148369315571,6.890215893431327e-05
2020-09-21,Solano,095,438530.0,4,0,4,0,0,0,0,0,2,0,3,0,1,0,4.560691400816364e-06,6.841037101224546e-06,2.280345700408182e-06
2020-09-21,Sonoma,097,501317.0,3,0,1,0,2,0,0,0,1,0,2,0,1,0,1.9947458394588654e-06,3.989491678917731e-06,1.9947458394588654e-06
2020-09-21,Stanislaus,099,539301.0,13,1,11,1,2,0,0,0,7,1,10,1,3,0,1.2979764547071115e-05,1.8542520781530167e-05,5.56275623445905e-06
2020-09-21,Sutter,101,95872.0,1,0,0,0,1,0,0,0,1,0,1,0,0,0,1.0430574098798398e-05,1.0430574098798398e-05,0.0
2020-09-21,Tehama,103,63373.0,19,1,5,0,14,1,0,0,7,0,13,0,6,1,0.0001104571347419,0.0002051346788064,9.467754406450696e-05
2020-09-21,Trinity,105,12862.0,2,0,0,0,2,0,0,0,0,0,1,0,1,0,0.0,7.774840615767377e-05,7.774840615767377e-05
2020-09-21,Tulare,107,460477.0,1,0,1,0,0,0,0,0,1,0,1,0,0,0,2.171661125311362e-06,2.171661125311362e-06,0.0
2020-09-21,Tuolumne,109,53932.0,0,0,0,0,0,0,0,0,0,0,0,0,0,0,0.0,0.0,0.0
2020-09-21,Ventura,111,848112.0,18,1,15,1,3,0,0,0,10,0,14,0,4,1,1.1790895542098214e-05,1.6507253758937497e-05,4.7163582168392855e-06
2020-09-21,Yolo,113,214977.0,42,3,24,2,18,1,0,0,15,1,29,1,14,2,6.977490615275122e-05,0.0001348981518953,6.512324574256781e-05
2020-09-21,Yuba,115,75493.0,1,0,0,0,1,0,0,0,1,0,1,0,0,0,1.3246261242764227e-05,1.3246261242764227e-05,0.0
2020-09-20,Alameda,001,1643700.0,69,0,65,0,4,0,0,0,17,0,43,0,26,0,1.0342519924560445e-05,2.616049157388818e-05,1.5817971649327736e-05
2020-09-20,Alpine,003,1148.0,0,0,0,0,0,0,0,0,0,0,0,0,0,0,0.0,0.0,0.0
2020-09-20,Amador,005,37829.0,0,0,0,0,0,0,0,0,0,0,0,0,0,0,0.0,0.0,0.0
2020-09-20,Butte,007,227075.0,12,0,6,0,6,0,0,0,10,0,11,0,1,0,4.403831333259936e-05,4.84421446658593e-05,4.403831333259936e-06
2020-09-20,Calaveras,009,45235.0,1,0,1,0,0,0,0,0,1,0,1,0,0,0,2.2106775726760254e-05,2.2106775726760254e-05,0.0
2020-09-20,Colusa,011,21464.0,0,0,0,0,0,0,0,0,0,0,0,0,0,0,0.0,0.0,0.0
2020-09-20,Contra Costa,013,1133247.0,95,0,88,0,7,0,0,0,18,0,57,0,39,0,1.5883562894938174e-05,5.029794916730421e-05,3.441438627236604e-05
2020-09-20,Del Norte,015,27424.0,0,0,0,0,0,0,0,0,0,0,0,0,0,0,0.0,0.0,0.0
2020-09-20,El Dorado,017,186661.0,8,0,4,0,4,0,0,0,4,0,6,0,2,0,2.1429221958523742e-05,3.214383293778561e-05,1.0714610979261871e-05
2020-09-20,Fresno,019,978130.0,5,0,4,0,1,0,0,0,5,0,5,0,0,0,5.111794955680738e-06,5.111794955680738e-06,0.0
2020-09-20,Glenn,021,27897.0,2,0,1,0,1,0,0,0,2,0,2,0,0,0,7.169229666272359e-05,7.169229666272359e-05,0.0
2020-09-20,Humboldt,023,135768.0,1,0,1,0,0,0,0,0,1,0,1,0,0,0,7.365505862942667e-06,7.365505862942667e-06,0.0
2020-09-20,Imperial,025,180216.0,1,0,0,0,1,0,0,0,1,0,1,0,0,0,5.548896879300395e-06,5.548896879300395e-06,0.0
2020-09-20,Inyo,027,18085.0,0,0,0,0,0,0,0,0,0,0,0,0,0,0,0.0,0.0,0.0
2020-09-20,Kern,029,883053.0,3,0,2,0,1,0,0,0,3,0,3,0,0,0,3.397304578547381e-06,3.397304578547381e-06,0.0
2020-09-20,Kings,031,150075.0,0,0,0,0,0,0,0,0,0,0,0,0,0,0,0.0,0.0,0.0
2020-09-20,Lake,033,64148.0,0,0,0,0,0,0,0,0,0,0,0,0,0,0,0.0,0.0,0.0
2020-09-20,Lassen,035,31185.0,2,0,0,0,2,0,0,0,0,0,1,0,1,0,0.0,3.20666987333654e-05,3.20666987333654e-05
2020-09-20,Los Angeles,037,10098052.0,394,3,336,3,58,0,0,0,201,1,298,1,97,2,1.990482916903181e-05,2.951064225060437e-05,9.605813081572564e-06
2020-09-20,Madera,039,155013.0,1,0,1,0,0,0,0,0,0,0,0,0,0,0,0.0,0.0,0.0
2020-09-20,Marin,041,260295.0,5,0,5,0,0,0,0,0,3,0,4,0,1,0,1.1525384659713018e-05,1.5367179546284023e-05,3.841794886571006e-06
2020-09-20,Mariposa,043,17540.0,0,0,0,0,0,0,0,0,0,0,0,0,0,0,0.0,0.0,0.0
2020-09-20,Mendocino,045,87422.0,1,0,0,0,1,0,0,0,1,0,1,0,0,0,1.1438768273432316e-05,1.1438768273432316e-05,0.0
2020-09-20,Merced,047,269075.0,4,0,4,0,0,0,0,0,2,0,3,0,1,0,7.43287187587104e-06,1.114930781380656e-05,3.71643593793552e-06
2020-09-20,Modoc,049,8938.0,0,0,0,0,0,0,0,0,0,0,0,0,0,0,0.0,0.0,0.0
2020-09-20,Mono,051,14174.0,0,0,0,0,0,0,0,0,0,0,0,0,0,0,0.0,0.0,0.0
2020-09-20,Monterey,053,433212.0,1,0,0,0,1,0,0,0,1,0,1,0,0,0,2.308338642512211e-06,2.308338642512211e-06,0.0
2020-09-20,Napa,055,140530.0,0,0,0,0,0,0,0,0,0,0,0,0,0,0,0.0,0.0,0.0
2020-09-20,Nevada,057,99092.0,1,0,1,0,0,0,0,0,1,0,1,0,0,0,1.009163201873007e-05,1.009163201873007e-05,0.0
2020-09-20,Orange,059,3164182.0,101,1,83,1,18,0,0,0,51,1,76,1,25,0,1.611790977889388e-05,2.4018845945018333e-05,7.900936166124451e-06
2020-09-20,Placer,061,380077.0,15,0,12,0,3,0,0,0,7,0,11,0,4,0,1.841732070080536e-05,2.8941503958408427e-05,1.0524183257603063e-05
2020-09-20,Plumas,063,18699.0,0,0,0,0,0,0,0,0,0,0,0,0,0,0,0.0,0.0,0.0
2020-09-20,Riverside,065,2383286.0,45,2,11,0,34,2,0,0,14,0,30,0,16,2,5.87424253740424e-06,1.2587662580151942e-05,6.713420042747702e-06
2020-09-20,Sacramento,067,1510023.0,131,0,80,0,51,0,0,0,63,0,97,0,34,0,4.172121881587234e-05,6.423743214507328e-05,2.2516213329200943e-05
2020-09-20,San Benito,069,59416.0,0,0,0,0,0,0,0,0,0,0,0,0,0,0,0.0,0.0,0.0
2020-09-20,San Bernardino,071,2135413.0,17,0,3,0,14,0,0,0,7,0,12,0,5,0,3.278054409147083e-06,5.619521844252142e-06,2.3414674351050597e-06
2020-09-20,San Diego,073,3302833.0,412,3,137,0,275,3,0,0,153,1,281,1,128,1,4.632386802481385e-05,8.507847656844897e-05,3.875460854363512e-05
2020-09-20,San Francisco,075,870044.0,27,0,22,0,5,0,0,0,14,0,21,0,7,0,1.6091140218195862e-05,2.413671032729379e-05,8.045570109097931e-06
2020-09-20,San Joaquin,077,732212.0,12,0,8,0,4,0,0,0,3,0,8,0,5,0,4.097174042490426e-06,1.0925797446641135e-05,6.828623404150711e-06
2020-09-20,San Luis Obispo,079,281455.0,2,0,0,0,2,0,0,0,0,0,1,0,1,0,0.0,3.552965838233465e-06,3.552965838233465e-06
2020-09-20,San Mateo,081,765935.0,32,1,28,1,4,0,0,0,9,0,20,0,11,0,1.1750344350369157e-05,2.611187633415368e-05,1.4361531983784524e-05
2020-09-20,Santa Barbara,083,443738.0,3,0,3,0,0,0,0,0,3,0,3,0,0,0,6.760746206094587e-06,6.760746206094587e-06,0.0
2020-09-20,Santa Clara,085,1922200.0,97,1,91,1,6,0,0,0,33,2,66,2,33,0,1.7167828529809593e-05,3.4335657059619186e-05,1.7167828529809593e-05
2020-09-20,Santa Cruz,087,273765.0,4,0,3,0,1,0,0,0,2,0,3,0,1,0,7.305535769729512e-06,1.095830365459427e-05,3.652767884864756e-06
2020-09-20,Shasta,089,179085.0,259,0,99,0,160,0,0,0,65,0,162,0,97,0,0.0003629561381466,0.0009045983750732,0.0005416422369265
2020-09-20,Sierra,091,2930.0,0,0,0,0,0,0,0,0,0,0,0,0,0,0,0.0,0.0,0.0
2020-09-20,Siskiyou,093,43540.0,8,0,6,0,2,0,0,0,2,0,5,0,3,0,4.593477262287552e-05,0.0001148369315571,6.890215893431327e-05
2020-09-20,Solano,095,438530.0,4,0,4,0,0,0,0,0,2,0,3,0,1,0,4.560691400816364e-06,6.841037101224546e-06,2.280345700408182e-06
2020-09-20,Sonoma,097,501317.0,3,0,1,0,2,0,0,0,1,0,2,0,1,0,1.9947458394588654e-06,3.989491678917731e-06,1.9947458394588654e-06
2020-09-20,Stanislaus,099,539301.0,12,0,10,0,2,0,0,0,6,0,9,0,3,0,1.11255124689181e-05,1.668826870337715e-05,5.56275623445905e-06
2020-09-20,Sutter,101,95872.0,1,0,0,0,1,0,0,0,1,0,1,0,0,0,1.0430574098798398e-05,1.0430574098798398e-05,0.0
2020-09-20,Tehama,103,63373.0,18,0,5,0,13,0,0,0,8,0,13,0,5,0,0.0001262367254193,0.0002051346788064,7.889795338708914e-05
2020-09-20,Trinity,105,12862.0,2,0,0,0,2,0,0,0,0,0,1,0,1,0,0.0,7.774840615767377e-05,7.774840615767377e-05
2020-09-20,Tulare,107,460477.0,1,0,1,0,0,0,0,0,1,0,1,0,0,0,2.171661125311362e-06,2.171661125311362e-06,0.0
2020-09-20,Tuolumne,109,53932.0,0,0,0,0,0,0,0,0,0,0,0,0,0,0,0.0,0.0,0.0
2020-09-20,Ventura,111,848112.0,17,0,14,0,3,0,0,0,11,0,14,0,3,0,1.2969985096308034e-05,1.6507253758937497e-05,3.537268662629464e-06
2020-09-20,Yolo,113,214977.0,39,0,22,0,17,0,0,0,16,0,28,0,12,0,7.442656656293464e-05,0.0001302464914851,5.581992492220098e-05
2020-09-20,Yuba,115,75493.0,1,0,0,0,1,0,0,0,1,0,1,0,0,0,1.3246261242764227e-05,1.3246261242764227e-05,0.0
2020-09-19,Alameda,001,1643700.0,69,0,65,0,4,0,0,0,17,0,43,0,26,0,1.0342519924560445e-05,2.616049157388818e-05,1.5817971649327736e-05
2020-09-19,Alpine,003,1148.0,0,0,0,0,0,0,0,0,0,0,0,0,0,0,0.0,0.0,0.0
2020-09-19,Amador,005,37829.0,0,0,0,0,0,0,0,0,0,0,0,0,0,0,0.0,0.0,0.0
2020-09-19,Butte,007,227075.0,12,0,6,0,6,0,0,0,10,0,11,0,1,0,4.403831333259936e-05,4.84421446658593e-05,4.403831333259936e-06
2020-09-19,Calaveras,009,45235.0,1,0,1,0,0,0,0,0,1,0,1,0,0,0,2.2106775726760254e-05,2.2106775726760254e-05,0.0
2020-09-19,Colusa,011,21464.0,0,0,0,0,0,0,0,0,0,0,0,0,0,0,0.0,0.0,0.0
2020-09-19,Contra Costa,013,1133247.0,95,0,88,0,7,0,0,0,18,0,57,0,39,0,1.5883562894938174e-05,5.029794916730421e-05,3.441438627236604e-05
2020-09-19,Del Norte,015,27424.0,0,0,0,0,0,0,0,0,0,0,0,0,0,0,0.0,0.0,0.0
2020-09-19,El Dorado,017,186661.0,8,0,4,0,4,0,0,0,4,0,6,0,2,0,2.1429221958523742e-05,3.214383293778561e-05,1.0714610979261871e-05
2020-09-19,Fresno,019,978130.0,5,0,4,0,1,0,0,0,5,0,5,0,0,0,5.111794955680738e-06,5.111794955680738e-06,0.0
2020-09-19,Glenn,021,27897.0,2,0,1,0,1,0,0,0,2,0,2,0,0,0,7.169229666272359e-05,7.169229666272359e-05,0.0
2020-09-19,Humboldt,023,135768.0,1,0,1,0,0,0,0,0,1,0,1,0,0,0,7.365505862942667e-06,7.365505862942667e-06,0.0
2020-09-19,Imperial,025,180216.0,1,0,0,0,1,0,0,0,1,0,1,0,0,0,5.548896879300395e-06,5.548896879300395e-06,0.0
2020-09-19,Inyo,027,18085.0,0,0,0,0,0,0,0,0,0,0,0,0,0,0,0.0,0.0,0.0
2020-09-19,Kern,029,883053.0,3,0,2,0,1,0,0,0,3,0,3,0,0,0,3.397304578547381e-06,3.397304578547381e-06,0.0
2020-09-19,Kings,031,150075.0,0,0,0,0,0,0,0,0,0,0,0,0,0,0,0.0,0.0,0.0
2020-09-19,Lake,033,64148.0,0,0,0,0,0,0,0,0,0,0,0,0,0,0,0.0,0.0,0.0
2020-09-19,Lassen,035,31185.0,2,0,0,0,2,0,0,0,0,0,1,0,1,0,0.0,3.20666987333654e-05,3.20666987333654e-05
2020-09-19,Los Angeles,037,10098052.0,391,9,333,8,58,1,0,0,202,5,297,5,95,4,2.0003858169872764e-05,2.941161324976342e-05,9.407755079890655e-06
2020-09-19,Madera,039,155013.0,1,0,1,0,0,0,0,0,0,0,0,0,0,0,0.0,0.0,0.0
2020-09-19,Marin,041,260295.0,5,0,5,0,0,0,0,0,3,0,4,0,1,0,1.1525384659713018e-05,1.5367179546284023e-05,3.841794886571006e-06
2020-09-19,Mariposa,043,17540.0,0,0,0,0,0,0,0,0,0,0,0,0,0,0,0.0,0.0,0.0
2020-09-19,Mendocino,045,87422.0,1,0,0,0,1,0,0,0,1,0,1,0,0,0,1.1438768273432316e-05,1.1438768273432316e-05,0.0
2020-09-19,Merced,047,269075.0,4,0,4,0,0,0,0,0,2,0,3,0,1,0,7.43287187587104e-06,1.114930781380656e-05,3.71643593793552e-06
2020-09-19,Modoc,049,8938.0,0,0,0,0,0,0,0,0,0,0,0,0,0,0,0.0,0.0,0.0
2020-09-19,Mono,051,14174.0,0,0,0,0,0,0,0,0,0,0,0,0,0,0,0.0,0.0,0.0
2020-09-19,Monterey,053,433212.0,1,0,0,0,1,0,0,0,1,0,1,0,0,0,2.308338642512211e-06,2.308338642512211e-06,0.0
2020-09-19,Napa,055,140530.0,0,0,0,0,0,0,0,0,0,0,0,0,0,0,0.0,0.0,0.0
2020-09-19,Nevada,057,99092.0,1,0,1,0,0,0,0,0,1,0,1,0,0,0,1.009163201873007e-05,1.009163201873007e-05,0.0
2020-09-19,Orange,059,3164182.0,100,2,82,2,18,0,0,0,50,2,75,2,25,0,1.5801872332248903e-05,2.3702808498373357e-05,7.900936166124451e-06
2020-09-19,Placer,061,380077.0,15,0,12,0,3,0,0,0,7,0,11,0,4,0,1.841732070080536e-05,2.8941503958408427e-05,1.0524183257603063e-05
2020-09-19,Plumas,063,18699.0,0,0,0,0,0,0,0,0,0,0,0,0,0,0,0.0,0.0,0.0
2020-09-19,Riverside,065,2383286.0,43,0,11,0,32,0,0,0,16,0,30,0,14,0,6.713420042747702e-06,1.2587662580151942e-05,5.87424253740424e-06
2020-09-19,Sacramento,067,1510023.0,131,0,80,0,51,0,0,0,63,0,97,0,34,0,4.172121881587234e-05,6.423743214507328e-05,2.2516213329200943e-05
2020-09-19,San Benito,069,59416.0,0,0,0,0,0,0,0,0,0,0,0,0,0,0,0.0,0.0,0.0
2020-09-19,San Bernardino,071,2135413.0,17,0,3,0,14,0,0,0,7,0,12,0,5,0,3.278054409147083e-06,5.619521844252142e-06,2.3414674351050597e-06
2020-09-19,San Diego,073,3302833.0,409,2,137,0,272,2,0,0,153,2,280,2,127,0,4.632386802481385e-05,8.477570618920182e-05,3.845183816438797e-05
2020-09-19,San Francisco,075,870044.0,27,0,22,0,5,0,0,0,14,0,21,0,7,0,1.6091140218195862e-05,2.413671032729379e-05,8.045570109097931e-06
2020-09-19,San Joaquin,077,732212.0,12,0,8,0,4,0,0,0,3,0,8,0,5,0,4.097174042490426e-06,1.0925797446641135e-05,6.828623404150711e-06
2020-09-19,San Luis Obispo,079,281455.0,2,0,0,0,2,0,0,0,0,0,1,0,1,0,0.0,3.552965838233465e-06,3.552965838233465e-06
2020-09-19,San Mateo,081,765935.0,31,0,27,0,4,0,0,0,9,0,20,0,11,0,1.1750344350369157e-05,2.611187633415368e-05,1.4361531983784524e-05
2020-09-19,Santa Barbara,083,443738.0,3,0,3,0,0,0,0,0,3,0,3,0,0,0,6.760746206094587e-06,6.760746206094587e-06,0.0
2020-09-19,Santa Clara,085,1922200.0,96,0,90,0,6,0,0,0,31,0,64,0,33,0,1.6127354073457497e-05,3.329518260326709e-05,1.7167828529809593e-05
2020-09-19,Santa Cruz,087,273765.0,4,0,3,0,1,0,0,0,2,0,3,0,1,0,7.305535769729512e-06,1.095830365459427e-05,3.652767884864756e-06
2020-09-19,Shasta,089,179085.0,259,0,99,0,160,0,0,0,65,0,162,0,97,0,0.0003629561381466,0.0009045983750732,0.0005416422369265
2020-09-19,Sierra,091,2930.0,0,0,0,0,0,0,0,0,0,0,0,0,0,0,0.0,0.0,0.0
2020-09-19,Siskiyou,093,43540.0,8,0,6,0,2,0,0,0,2,0,5,0,3,0,4.593477262287552e-05,0.0001148369315571,6.890215893431327e-05
2020-09-19,Solano,095,438530.0,4,0,4,0,0,0,0,0,2,0,3,0,1,0,4.560691400816364e-06,6.841037101224546e-06,2.280345700408182e-06
2020-09-19,Sonoma,097,501317.0,3,0,1,0,2,0,0,0,1,0,2,0,1,0,1.9947458394588654e-06,3.989491678917731e-06,1.9947458394588654e-06
2020-09-19,Stanislaus,099,539301.0,12,0,10,0,2,0,0,0,6,0,9,0,3,0,1.11255124689181e-05,1.668826870337715e-05,5.56275623445905e-06
2020-09-19,Sutter,101,95872.0,1,0,0,0,1,0,0,0,1,0,1,0,0,0,1.0430574098798398e-05,1.0430574098798398e-05,0.0
2020-09-19,Tehama,103,63373.0,18,0,5,0,13,0,0,0,8,0,13,0,5,0,0.0001262367254193,0.0002051346788064,7.889795338708914e-05
2020-09-19,Trinity,105,12862.0,2,0,0,0,2,0,0,0,0,0,1,0,1,0,0.0,7.774840615767377e-05,7.774840615767377e-05
2020-09-19,Tulare,107,460477.0,1,0,1,0,0,0,0,0,1,0,1,0,0,0,2.171661125311362e-06,2.171661125311362e-06,0.0
2020-09-19,Tuolumne,109,53932.0,0,0,0,0,0,0,0,0,0,0,0,0,0,0,0.0,0.0,0.0
2020-09-19,Ventura,111,848112.0,17,0,14,0,3,0,0,0,11,0,14,0,3,0,1.2969985096308034e-05,1.6507253758937497e-05,3.537268662629464e-06
2020-09-19,Yolo,113,214977.0,39,0,22,0,17,0,0,0,16,0,28,0,12,0,7.442656656293464e-05,0.0001302464914851,5.581992492220098e-05
2020-09-19,Yuba,115,75493.0,1,0,0,0,1,0,0,0,1,0,1,0,0,0,1.3246261242764227e-05,1.3246261242764227e-05,0.0
2020-09-18,Alameda,001,1643700.0,69,1,65,1,4,0,0,0,17,0,43,0,26,1,1.0342519924560445e-05,2.616049157388818e-05,1.5817971649327736e-05
2020-09-18,Alpine,003,1148.0,0,0,0,0,0,0,0,0,0,0,0,0,0,0,0.0,0.0,0.0
2020-09-18,Amador,005,37829.0,0,0,0,0,0,0,0,0,0,0,0,0,0,0,0.0,0.0,0.0
2020-09-18,Butte,007,227075.0,12,0,6,0,6,0,0,0,10,0,11,0,1,0,4.403831333259936e-05,4.84421446658593e-05,4.403831333259936e-06
2020-09-18,Calaveras,009,45235.0,1,0,1,0,0,0,0,0,1,0,1,0,0,0,2.2106775726760254e-05,2.2106775726760254e-05,0.0
2020-09-18,Colusa,011,21464.0,0,0,0,0,0,0,0,0,0,0,0,0,0,0,0.0,0.0,0.0
2020-09-18,Contra Costa,013,1133247.0,95,5,88,5,7,0,0,0,18,0,57,0,39,5,1.5883562894938174e-05,5.029794916730421e-05,3.441438627236604e-05
2020-09-18,Del Norte,015,27424.0,0,0,0,0,0,0,0,0,0,0,0,0,0,0,0.0,0.0,0.0
2020-09-18,El Dorado,017,186661.0,8,0,4,0,4,0,0,0,4,0,6,0,2,0,2.1429221958523742e-05,3.214383293778561e-05,1.0714610979261871e-05
2020-09-18,Fresno,019,978130.0,5,0,4,0,1,0,0,0,5,0,5,0,0,0,5.111794955680738e-06,5.111794955680738e-06,0.0
2020-09-18,Glenn,021,27897.0,2,0,1,0,1,0,0,0,2,0,2,0,0,0,7.169229666272359e-05,7.169229666272359e-05,0.0
2020-09-18,Humboldt,023,135768.0,1,0,1,0,0,0,0,0,1,0,1,0,0,0,7.365505862942667e-06,7.365505862942667e-06,0.0
2020-09-18,Imperial,025,180216.0,1,0,0,0,1,0,0,0,1,0,1,0,0,0,5.548896879300395e-06,5.548896879300395e-06,0.0
2020-09-18,Inyo,027,18085.0,0,0,0,0,0,0,0,0,0,0,0,0,0,0,0.0,0.0,0.0
2020-09-18,Kern,029,883053.0,3,0,2,0,1,0,0,0,3,0,3,0,0,0,3.397304578547381e-06,3.397304578547381e-06,0.0
2020-09-18,Kings,031,150075.0,0,0,0,0,0,0,0,0,0,0,0,0,0,0,0.0,0.0,0.0
2020-09-18,Lake,033,64148.0,0,0,0,0,0,0,0,0,0,0,0,0,0,0,0.0,0.0,0.0
2020-09-18,Lassen,035,31185.0,2,0,0,0,2,0,0,0,0,0,1,0,1,0,0.0,3.20666987333654e-05,3.20666987333654e-05
2020-09-18,Los Angeles,037,10098052.0,382,19,325,17,57,2,0,0,201,7,292,7,91,11,1.990482916903181e-05,2.891646824555865e-05,9.01163907652684e-06
2020-09-18,Madera,039,155013.0,1,0,1,0,0,0,0,0,0,0,0,0,0,0,0.0,0.0,0.0
2020-09-18,Marin,041,260295.0,5,0,5,0,0,0,0,0,3,0,4,0,1,0,1.1525384659713018e-05,1.5367179546284023e-05,3.841794886571006e-06
2020-09-18,Mariposa,043,17540.0,0,0,0,0,0,0,0,0,0,0,0,0,0,0,0.0,0.0,0.0
2020-09-18,Mendocino,045,87422.0,1,0,0,0,1,0,0,0,1,0,1,0,0,0,1.1438768273432316e-05,1.1438768273432316e-05,0.0
2020-09-18,Merced,047,269075.0,4,0,4,0,0,0,0,0,2,0,3,0,1,0,7.43287187587104e-06,1.114930781380656e-05,3.71643593793552e-06
2020-09-18,Modoc,049,8938.0,0,0,0,0,0,0,0,0,0,0,0,0,0,0,0.0,0.0,0.0
2020-09-18,Mono,051,14174.0,0,0,0,0,0,0,0,0,0,0,0,0,0,0,0.0,0.0,0.0
2020-09-18,Monterey,053,433212.0,1,0,0,0,1,0,0,0,1,0,1,0,0,0,2.308338642512211e-06,2.308338642512211e-06,0.0
2020-09-18,Napa,055,140530.0,0,0,0,0,0,0,0,0,0,0,0,0,0,0,0.0,0.0,0.0
2020-09-18,Nevada,057,99092.0,1,0,1,0,0,0,0,0,1,0,1,0,0,0,1.009163201873007e-05,1.009163201873007e-05,0.0
2020-09-18,Orange,059,3164182.0,98,6,80,5,18,1,0,0,48,4,73,4,25,2,1.5169797438958948e-05,2.30707336050834e-05,7.900936166124451e-06
2020-09-18,Placer,061,380077.0,15,0,12,0,3,0,0,0,7,0,11,0,4,0,1.841732070080536e-05,2.8941503958408427e-05,1.0524183257603063e-05
2020-09-18,Plumas,063,18699.0,0,0,0,0,0,0,0,0,0,0,0,0,0,0,0.0,0.0,0.0
2020-09-18,Riverside,065,2383286.0,43,3,11,1,32,2,0,0,16,1,30,1,14,2,6.713420042747702e-06,1.2587662580151942e-05,5.87424253740424e-06
2020-09-18,Sacramento,067,1510023.0,131,9,80,7,51,2,0,0,63,7,97,7,34,2,4.172121881587234e-05,6.423743214507328e-05,2.2516213329200943e-05
2020-09-18,San Benito,069,59416.0,0,0,0,0,0,0,0,0,0,0,0,0,0,0,0.0,0.0,0.0
2020-09-18,San Bernardino,071,2135413.0,17,0,3,0,14,0,0,0,7,0,12,0,5,0,3.278054409147083e-06,5.619521844252142e-06,2.3414674351050597e-06
2020-09-18,San Diego,073,3302833.0,407,7,137,0,270,7,0,0,151,3,278,3,127,4,4.571832726631955e-05,8.417016543070752e-05,3.845183816438797e-05
2020-09-18,San Francisco,075,870044.0,27,1,22,1,5,0,0,0,14,0,21,0,7,1,1.6091140218195862e-05,2.413671032729379e-05,8.045570109097931e-06
2020-09-18,San Joaquin,077,732212.0,12,1,8,1,4,0,0,0,3,0,8,0,5,1,4.097174042490426e-06,1.0925797446641135e-05,6.828623404150711e-06
2020-09-18,San Luis Obispo,079,281455.0,2,0,0,0,2,0,0,0,0,0,1,0,1,0,0.0,3.552965838233465e-06,3.552965838233465e-06
2020-09-18,San Mateo,081,765935.0,31,2,27,2,4,0,0,0,9,1,20,1,11,1,1.1750344350369157e-05,2.611187633415368e-05,1.4361531983784524e-05
2020-09-18,Santa Barbara,083,443738.0,3,0,3,0,0,0,0,0,3,0,3,0,0,0,6.760746206094587e-06,6.760746206094587e-06,0.0
2020-09-18,Santa Clara,085,1922200.0,96,2,90,2,6,0,0,0,31,1,64,1,33,1,1.6127354073457497e-05,3.329518260326709e-05,1.7167828529809593e-05
2020-09-18,Santa Cruz,087,273765.0,4,0,3,0,1,0,0,0,2,0,3,0,1,0,7.305535769729512e-06,1.095830365459427e-05,3.652767884864756e-06
2020-09-18,Shasta,089,179085.0,259,10,99,2,160,8,0,0,65,1,162,1,97,9,0.0003629561381466,0.0009045983750732,0.0005416422369265
2020-09-18,Sierra,091,2930.0,0,0,0,0,0,0,0,0,0,0,0,0,0,0,0.0,0.0,0.0
2020-09-18,Siskiyou,093,43540.0,8,0,6,0,2,0,0,0,2,0,5,0,3,0,4.593477262287552e-05,0.0001148369315571,6.890215893431327e-05
2020-09-18,Solano,095,438530.0,4,0,4,0,0,0,0,0,2,0,3,0,1,0,4.560691400816364e-06,6.841037101224546e-06,2.280345700408182e-06
2020-09-18,Sonoma,097,501317.0,3,0,1,0,2,0,0,0,1,0,2,0,1,0,1.9947458394588654e-06,3.989491678917731e-06,1.9947458394588654e-06
2020-09-18,Stanislaus,099,539301.0,12,0,10,0,2,0,0,0,6,0,9,0,3,0,1.11255124689181e-05,1.668826870337715e-05,5.56275623445905e-06
2020-09-18,Sutter,101,95872.0,1,0,0,0,1,0,0,0,1,0,1,0,0,0,1.0430574098798398e-05,1.0430574098798398e-05,0.0
2020-09-18,Tehama,103,63373.0,18,0,5,0,13,0,0,0,8,0,13,0,5,0,0.0001262367254193,0.0002051346788064,7.889795338708914e-05
2020-09-18,Trinity,105,12862.0,2,0,0,0,2,0,0,0,0,0,1,0,1,0,0.0,7.774840615767377e-05,7.774840615767377e-05
2020-09-18,Tulare,107,460477.0,1,0,1,0,0,0,0,0,1,0,1,0,0,0,2.171661125311362e-06,2.171661125311362e-06,0.0
2020-09-18,Tuolumne,109,53932.0,0,0,0,0,0,0,0,0,0,0,0,0,0,0,0.0,0.0,0.0
2020-09-18,Ventura,111,848112.0,17,1,14,1,3,0,0,0,11,0,14,0,3,1,1.2969985096308034e-05,1.6507253758937497e-05,3.537268662629464e-06
2020-09-18,Yolo,113,214977.0,39,1,22,1,17,0,0,0,16,1,28,1,12,0,7.442656656293464e-05,0.0001302464914851,5.581992492220098e-05
2020-09-18,Yuba,115,75493.0,1,0,0,0,1,0,0,0,1,0,1,0,0,0,1.3246261242764227e-05,1.3246261242764227e-05,0.0
2020-09-17,Alameda,001,1643700.0,68,3,64,2,4,1,0,0,18,1,43,1,25,2,1.0950903449534588e-05,2.616049157388818e-05,1.5209588124353593e-05
2020-09-17,Alpine,003,1148.0,0,0,0,0,0,0,0,0,0,0,0,0,0,0,0.0,0.0,0.0
2020-09-17,Amador,005,37829.0,0,0,0,0,0,0,0,0,0,0,0,0,0,0,0.0,0.0,0.0
2020-09-17,Butte,007,227075.0,12,0,6,0,6,0,0,0,10,0,11,0,1,0,4.403831333259936e-05,4.84421446658593e-05,4.403831333259936e-06
2020-09-17,Calaveras,009,45235.0,1,0,1,0,0,0,0,0,1,0,1,0,0,0,2.2106775726760254e-05,2.2106775726760254e-05,0.0
2020-09-17,Colusa,011,21464.0,0,0,0,0,0,0,0,0,0,0,0,0,0,0,0.0,0.0,0.0
2020-09-17,Contra Costa,013,1133247.0,90,0,83,0,7,0,0,0,23,0,57,0,34,0,2.0295663699087667e-05,5.029794916730421e-05,3.000228546821655e-05
2020-09-17,Del Norte,015,27424.0,0,0,0,0,0,0,0,0,0,0,0,0,0,0,0.0,0.0,0.0
2020-09-17,El Dorado,017,186661.0,8,1,4,1,4,0,0,0,4,1,6,1,2,0,2.1429221958523742e-05,3.214383293778561e-05,1.0714610979261871e-05
2020-09-17,Fresno,019,978130.0,5,0,4,0,1,0,0,0,5,0,5,0,0,0,5.111794955680738e-06,5.111794955680738e-06,0.0
2020-09-17,Glenn,021,27897.0,2,0,1,0,1,0,0,0,2,0,2,0,0,0,7.169229666272359e-05,7.169229666272359e-05,0.0
2020-09-17,Humboldt,023,135768.0,1,0,1,0,0,0,0,0,1,0,1,0,0,0,7.365505862942667e-06,7.365505862942667e-06,0.0
2020-09-17,Imperial,025,180216.0,1,0,0,0,1,0,0,0,1,0,1,0,0,0,5.548896879300395e-06,5.548896879300395e-06,0.0
2020-09-17,Inyo,027,18085.0,0,0,0,0,0,0,0,0,0,0,0,0,0,0,0.0,0.0,0.0
2020-09-17,Kern,029,883053.0,3,0,2,0,1,0,0,0,3,0,3,0,0,0,3.397304578547381e-06,3.397304578547381e-06,0.0
2020-09-17,Kings,031,150075.0,0,0,0,0,0,0,0,0,0,0,0,0,0,0,0.0,0.0,0.0
2020-09-17,Lake,033,64148.0,0,0,0,0,0,0,0,0,0,0,0,0,0,0,0.0,0.0,0.0
2020-09-17,Lassen,035,31185.0,2,0,0,0,2,0,0,0,0,0,1,0,1,0,0.0,3.20666987333654e-05,3.20666987333654e-05
2020-09-17,Los Angeles,037,10098052.0,363,19,308,14,55,5,0,0,205,10,285,10,80,8,2.0300945172395627e-05,2.822326523967197e-05,7.922320067276342e-06
2020-09-17,Madera,039,155013.0,1,0,1,0,0,0,0,0,0,0,0,0,0,0,0.0,0.0,0.0
2020-09-17,Marin,041,260295.0,5,0,5,0,0,0,0,0,3,0,4,0,1,0,1.1525384659713018e-05,1.5367179546284023e-05,3.841794886571006e-06
2020-09-17,Mariposa,043,17540.0,0,0,0,0,0,0,0,0,0,0,0,0,0,0,0.0,0.0,0.0
2020-09-17,Mendocino,045,87422.0,1,0,0,0,1,0,0,0,1,0,1,0,0,0,1.1438768273432316e-05,1.1438768273432316e-05,0.0
2020-09-17,Merced,047,269075.0,4,0,4,0,0,0,0,0,2,0,3,0,1,0,7.43287187587104e-06,1.114930781380656e-05,3.71643593793552e-06
2020-09-17,Modoc,049,8938.0,0,0,0,0,0,0,0,0,0,0,0,0,0,0,0.0,0.0,0.0
2020-09-17,Mono,051,14174.0,0,0,0,0,0,0,0,0,0,0,0,0,0,0,0.0,0.0,0.0
2020-09-17,Monterey,053,433212.0,1,0,0,0,1,0,0,0,1,0,1,0,0,0,2.308338642512211e-06,2.308338642512211e-06,0.0
2020-09-17,Napa,055,140530.0,0,0,0,0,0,0,0,0,0,0,0,0,0,0,0.0,0.0,0.0
2020-09-17,Nevada,057,99092.0,1,0,1,0,0,0,0,0,1,0,1,0,0,0,1.009163201873007e-05,1.009163201873007e-05,0.0
2020-09-17,Orange,059,3164182.0,92,6,75,5,17,1,0,0,46,4,69,4,23,2,1.453772254566899e-05,2.1806583818503487e-05,7.268861272834495e-06
2020-09-17,Placer,061,380077.0,15,1,12,1,3,0,0,0,7,1,11,1,4,0,1.841732070080536e-05,2.8941503958408427e-05,1.0524183257603063e-05
2020-09-17,Plumas,063,18699.0,0,0,0,0,0,0,0,0,0,0,0,0,0,0,0.0,0.0,0.0
2020-09-17,Riverside,065,2383286.0,40,1,10,0,30,1,0,0,17,0,29,0,12,1,7.133008795419434e-06,1.216807382748021e-05,5.035065032060777e-06
2020-09-17,Sacramento,067,1510023.0,122,5,73,4,49,1,0,0,58,3,90,3,32,2,3.841001097334279e-05,5.960174116553192e-05,2.1191730192189124e-05
2020-09-17,San Benito,069,59416.0,0,0,0,0,0,0,0,0,0,0,0,0,0,0,0.0,0.0,0.0
2020-09-17,San Bernardino,071,2135413.0,17,2,3,1,14,1,0,0,7,2,12,2,5,0,3.278054409147083e-06,5.619521844252142e-06,2.3414674351050597e-06
2020-09-17,San Diego,073,3302833.0,400,5,137,0,263,5,0,0,152,2,275,2,123,3,4.60210976455667e-05,8.326185429296607e-05,3.724075664739937e-05
2020-09-17,San Francisco,075,870044.0,26,2,21,2,5,0,0,0,15,2,21,2,6,0,1.7240507376638422e-05,2.413671032729379e-05,6.896202950655369e-06
2020-09-17,San Joaquin,077,732212.0,11,0,7,0,4,0,0,0,4,0,8,0,4,0,5.4628987233205685e-06,1.0925797446641135e-05,5.4628987233205685e-06
2020-09-17,San Luis Obispo,079,281455.0,2,0,0,0,2,0,0,0,0,0,1,0,1,0,0.0,3.552965838233465e-06,3.552965838233465e-06
2020-09-17,San Mateo,081,765935.0,29,0,25,0,4,0,0,0,9,0,19,0,10,0,1.1750344350369157e-05,2.4806282517446e-05,1.305593816707684e-05
2020-09-17,Santa Barbara,083,443738.0,3,0,3,0,0,0,0,0,3,0,3,0,0,0,6.760746206094587e-06,6.760746206094587e-06,0.0
2020-09-17,Santa Clara,085,1922200.0,94,3,88,3,6,0,0,0,31,0,63,0,32,3,1.6127354073457497e-05,3.2774945375091044e-05,1.6647591301633544e-05
2020-09-17,Santa Cruz,087,273765.0,4,0,3,0,1,0,0,0,2,0,3,0,1,0,7.305535769729512e-06,1.095830365459427e-05,3.652767884864756e-06
2020-09-17,Shasta,089,179085.0,249,14,97,0,152,14,0,0,73,0,161,0,88,14,0.0004076276628416,0.0008990144344864,0.0004913867716447
2020-09-17,Sierra,091,2930.0,0,0,0,0,0,0,0,0,0,0,0,0,0,0,0.0,0.0,0.0
2020-09-17,Siskiyou,093,43540.0,8,0,6,0,2,0,0,0,2,0,5,0,3,0,4.593477262287552e-05,0.0001148369315571,6.890215893431327e-05
2020-09-17,Solano,095,438530.0,4,0,4,0,0,0,0,0,2,0,3,0,1,0,4.560691400816364e-06,6.841037101224546e-06,2.280345700408182e-06
2020-09-17,Sonoma,097,501317.0,3,0,1,0,2,0,0,0,1,0,2,0,1,0,1.9947458394588654e-06,3.989491678917731e-06,1.9947458394588654e-06
2020-09-17,Stanislaus,099,539301.0,12,0,10,0,2,0,0,0,6,0,9,0,3,0,1.11255124689181e-05,1.668826870337715e-05,5.56275623445905e-06
2020-09-17,Sutter,101,95872.0,1,0,0,0,1,0,0,0,1,0,1,0,0,0,1.0430574098798398e-05,1.0430574098798398e-05,0.0
2020-09-17,Tehama,103,63373.0,18,0,5,0,13,0,0,0,8,0,13,0,5,0,0.0001262367254193,0.0002051346788064,7.889795338708914e-05
2020-09-17,Trinity,105,12862.0,2,0,0,0,2,0,0,0,0,0,1,0,1,0,0.0,7.774840615767377e-05,7.774840615767377e-05
2020-09-17,Tulare,107,460477.0,1,0,1,0,0,0,0,0,1,0,1,0,0,0,2.171661125311362e-06,2.171661125311362e-06,0.0
2020-09-17,Tuolumne,109,53932.0,0,0,0,0,0,0,0,0,0,0,0,0,0,0,0.0,0.0,0.0
2020-09-17,Ventura,111,848112.0,16,0,13,0,3,0,0,0,12,0,14,0,2,0,1.4149074650517856e-05,1.6507253758937497e-05,2.3581791084196427e-06
2020-09-17,Yolo,113,214977.0,38,0,21,0,17,0,0,0,15,0,27,0,12,0,6.977490615275122e-05,0.0001255948310749,5.581992492220098e-05
2020-09-17,Yuba,115,75493.0,1,0,0,0,1,0,0,0,1,0,1,0,0,0,1.3246261242764227e-05,1.3246261242764227e-05,0.0
2020-09-16,Alameda,001,1643700.0,65,4,62,4,3,0,0,0,19,2,42,2,23,2,1.155928697450873e-05,2.555210804891404e-05,1.3992821074405304e-05
2020-09-16,Alpine,003,1148.0,0,0,0,0,0,0,0,0,0,0,0,0,0,0,0.0,0.0,0.0
2020-09-16,Amador,005,37829.0,0,0,0,0,0,0,0,0,0,0,0,0,0,0,0.0,0.0,0.0
2020-09-16,Butte,007,227075.0,12,0,6,0,6,0,0,0,10,0,11,0,1,0,4.403831333259936e-05,4.84421446658593e-05,4.403831333259936e-06
2020-09-16,Calaveras,009,45235.0,1,0,1,0,0,0,0,0,1,0,1,0,0,0,2.2106775726760254e-05,2.2106775726760254e-05,0.0
2020-09-16,Colusa,011,21464.0,0,0,0,0,0,0,0,0,0,0,0,0,0,0,0.0,0.0,0.0
2020-09-16,Contra Costa,013,1133247.0,90,4,83,4,7,0,0,0,23,2,57,2,34,2,2.0295663699087667e-05,5.029794916730421e-05,3.000228546821655e-05
2020-09-16,Del Norte,015,27424.0,0,0,0,0,0,0,0,0,0,0,0,0,0,0,0.0,0.0,0.0
2020-09-16,El Dorado,017,186661.0,7,0,3,0,4,0,0,0,3,0,5,0,2,0,1.6071916468892806e-05,2.678652744815468e-05,1.0714610979261871e-05
2020-09-16,Fresno,019,978130.0,5,0,4,0,1,0,0,0,5,0,5,0,0,0,5.111794955680738e-06,5.111794955680738e-06,0.0
2020-09-16,Glenn,021,27897.0,2,0,1,0,1,0,0,0,2,0,2,0,0,0,7.169229666272359e-05,7.169229666272359e-05,0.0
2020-09-16,Humboldt,023,135768.0,1,0,1,0,0,0,0,0,1,0,1,0,0,0,7.365505862942667e-06,7.365505862942667e-06,0.0
2020-09-16,Imperial,025,180216.0,1,0,0,0,1,0,0,0,1,0,1,0,0,0,5.548896879300395e-06,5.548896879300395e-06,0.0
2020-09-16,Inyo,027,18085.0,0,0,0,0,0,0,0,0,0,0,0,0,0,0,0.0,0.0,0.0
2020-09-16,Kern,029,883053.0,3,0,2,0,1,0,0,0,3,0,3,0,0,0,3.397304578547381e-06,3.397304578547381e-06,0.0
2020-09-16,Kings,031,150075.0,0,0,0,0,0,0,0,0,0,0,0,0,0,0,0.0,0.0,0.0
2020-09-16,Lake,033,64148.0,0,0,0,0,0,0,0,0,0,0,0,0,0,0,0.0,0.0,0.0
2020-09-16,Lassen,035,31185.0,2,0,0,0,2,0,0,0,0,0,1,0,1,0,0.0,3.20666987333654e-05,3.20666987333654e-05
2020-09-16,Los Angeles,037,10098052.0,344,13,294,12,50,1,0,0,203,6,275,6,72,7,2.010288717071372e-05,2.7232975231262427e-05,7.130088060548708e-06
2020-09-16,Madera,039,155013.0,1,0,1,0,0,0,0,0,0,0,0,0,0,0,0.0,0.0,0.0
2020-09-16,Marin,041,260295.0,5,0,5,0,0,0,0,0,3,0,4,0,1,0,1.1525384659713018e-05,1.5367179546284023e-05,3.841794886571006e-06
2020-09-16,Mariposa,043,17540.0,0,0,0,0,0,0,0,0,0,0,0,0,0,0,0.0,0.0,0.0
2020-09-16,Mendocino,045,87422.0,1,0,0,0,1,0,0,0,1,0,1,0,0,0,1.1438768273432316e-05,1.1438768273432316e-05,0.0
2020-09-16,Merced,047,269075.0,4,0,4,0,0,0,0,0,2,0,3,0,1,0,7.43287187587104e-06,1.114930781380656e-05,3.71643593793552e-06
2020-09-16,Modoc,049,8938.0,0,0,0,0,0,0,0,0,0,0,0,0,0,0,0.0,0.0,0.0
2020-09-16,Mono,051,14174.0,0,0,0,0,0,0,0,0,0,0,0,0,0,0,0.0,0.0,0.0
2020-09-16,Monterey,053,433212.0,1,0,0,0,1,0,0,0,1,0,1,0,0,0,2.308338642512211e-06,2.308338642512211e-06,0.0
2020-09-16,Napa,055,140530.0,0,0,0,0,0,0,0,0,0,0,0,0,0,0,0.0,0.0,0.0
2020-09-16,Nevada,057,99092.0,1,0,1,0,0,0,0,0,1,0,1,0,0,0,1.009163201873007e-05,1.009163201873007e-05,0.0
2020-09-16,Orange,059,3164182.0,86,0,70,0,16,0,0,0,44,0,65,0,21,0,1.3905647652379034e-05,2.0542434031923572e-05,6.636786379544539e-06
2020-09-16,Placer,061,380077.0,14,2,11,2,3,0,0,0,6,0,10,0,4,2,1.5786274886404598e-05,2.6310458144007663e-05,1.0524183257603063e-05
2020-09-16,Plumas,063,18699.0,0,0,0,0,0,0,0,0,0,0,0,0,0,0,0.0,0.0,0.0
2020-09-16,Riverside,065,2383286.0,39,1,10,0,29,1,0,0,18,0,29,0,11,1,7.552597548091165e-06,1.216807382748021e-05,4.615476279389045e-06
2020-09-16,Sacramento,067,1510023.0,117,8,69,7,48,1,0,0,57,3,87,3,30,5,3.774776940483688e-05,5.761501646001419e-05,1.9867247055177305e-05
2020-09-16,San Benito,069,59416.0,0,0,0,0,0,0,0,0,0,0,0,0,0,0,0.0,0.0,0.0
2020-09-16,San Bernardino,071,2135413.0,15,0,2,0,13,0,0,0,5,0,10,0,5,0,2.3414674351050597e-06,4.682934870210119e-06,2.3414674351050597e-06
2020-09-16,San Diego,073,3302833.0,395,10,137,2,258,8,0,0,153,4,273,4,120,6,4.632386802481385e-05,8.265631353447177e-05,3.633244550965792e-05
2020-09-16,San Francisco,075,870044.0,24,1,19,1,5,0,0,0,13,1,19,1,6,0,1.49417730597533e-05,2.183797601040867e-05,6.896202950655369e-06
2020-09-16,San Joaquin,077,732212.0,11,0,7,0,4,0,0,0,4,0,8,0,4,0,5.4628987233205685e-06,1.0925797446641135e-05,5.4628987233205685e-06
2020-09-16,San Luis Obispo,079,281455.0,2,0,0,0,2,0,0,0,0,0,1,0,1,0,0.0,3.552965838233465e-06,3.552965838233465e-06
2020-09-16,San Mateo,081,765935.0,29,1,25,1,4,0,0,0,9,0,19,0,10,1,1.1750344350369157e-05,2.4806282517446e-05,1.305593816707684e-05
2020-09-16,Santa Barbara,083,443738.0,3,0,3,0,0,0,0,0,3,0,3,0,0,0,6.760746206094587e-06,6.760746206094587e-06,0.0
2020-09-16,Santa Clara,085,1922200.0,91,3,85,3,6,0,0,0,34,1,63,1,29,2,1.7688065757985643e-05,3.2774945375091044e-05,1.50868796171054e-05
2020-09-16,Santa Cruz,087,273765.0,4,0,3,0,1,0,0,0,2,0,3,0,1,0,7.305535769729512e-06,1.095830365459427e-05,3.652767884864756e-06
2020-09-16,Shasta,089,179085.0,235,6,97,3,138,3,0,0,87,0,161,0,74,6,0.0004858028310578,0.0008990144344864,0.0004132116034285
2020-09-16,Sierra,091,2930.0,0,0,0,0,0,0,0,0,0,0,0,0,0,0,0.0,0.0,0.0
2020-09-16,Siskiyou,093,43540.0,8,1,6,1,2,0,0,0,2,0,5,0,3,1,4.593477262287552e-05,0.0001148369315571,6.890215893431327e-05
2020-09-16,Solano,095,438530.0,4,0,4,0,0,0,0,0,2,0,3,0,1,0,4.560691400816364e-06,6.841037101224546e-06,2.280345700408182e-06
2020-09-16,Sonoma,097,501317.0,3,2,1,1,2,1,0,0,1,1,2,1,1,1,1.9947458394588654e-06,3.989491678917731e-06,1.9947458394588654e-06
2020-09-16,Stanislaus,099,539301.0,12,2,10,2,2,0,0,0,6,0,9,0,3,2,1.11255124689181e-05,1.668826870337715e-05,5.56275623445905e-06
2020-09-16,Sutter,101,95872.0,1,1,0,0,1,1,0,0,1,1,1,1,0,0,1.0430574098798398e-05,1.0430574098798398e-05,0.0
2020-09-16,Tehama,103,63373.0,18,0,5,0,13,0,0,0,8,0,13,0,5,0,0.0001262367254193,0.0002051346788064,7.889795338708914e-05
2020-09-16,Trinity,105,12862.0,2,0,0,0,2,0,0,0,0,0,1,0,1,0,0.0,7.774840615767377e-05,7.774840615767377e-05
2020-09-16,Tulare,107,460477.0,1,0,1,0,0,0,0,0,1,0,1,0,0,0,2.171661125311362e-06,2.171661125311362e-06,0.0
2020-09-16,Tuolumne,109,53932.0,0,0,0,0,0,0,0,0,0,0,0,0,0,0,0.0,0.0,0.0
2020-09-16,Ventura,111,848112.0,16,0,13,0,3,0,0,0,12,0,14,0,2,0,1.4149074650517856e-05,1.6507253758937497e-05,2.3581791084196427e-06
2020-09-16,Yolo,113,214977.0,38,2,21,2,17,0,0,0,15,2,27,2,12,0,6.977490615275122e-05,0.0001255948310749,5.581992492220098e-05
2020-09-16,Yuba,115,75493.0,1,0,0,0,1,0,0,0,1,0,1,0,0,0,1.3246261242764227e-05,1.3246261242764227e-05,0.0
2020-09-15,Alameda,001,1643700.0,61,4,58,4,3,0,0,0,19,1,40,1,21,3,1.155928697450873e-05,2.433534099896575e-05,1.2776054024457018e-05
2020-09-15,Alpine,003,1148.0,0,0,0,0,0,0,0,0,0,0,0,0,0,0,0.0,0.0,0.0
2020-09-15,Amador,005,37829.0,0,0,0,0,0,0,0,0,0,0,0,0,0,0,0.0,0.0,0.0
2020-09-15,Butte,007,227075.0,12,2,6,2,6,0,0,0,10,1,11,1,1,1,4.403831333259936e-05,4.84421446658593e-05,4.403831333259936e-06
2020-09-15,Calaveras,009,45235.0,1,0,1,0,0,0,0,0,1,0,1,0,0,0,2.2106775726760254e-05,2.2106775726760254e-05,0.0
2020-09-15,Colusa,011,21464.0,0,0,0,0,0,0,0,0,0,0,0,0,0,0,0.0,0.0,0.0
2020-09-15,Contra Costa,013,1133247.0,86,4,79,4,7,0,0,0,23,1,55,1,32,3,2.0295663699087667e-05,4.8533108845644416e-05,2.8237445146556752e-05
2020-09-15,Del Norte,015,27424.0,0,0,0,0,0,0,0,0,0,0,0,0,0,0,0.0,0.0,0.0
2020-09-15,El Dorado,017,186661.0,7,0,3,0,4,0,0,0,3,0,5,0,2,0,1.6071916468892806e-05,2.678652744815468e-05,1.0714610979261871e-05
2020-09-15,Fresno,019,978130.0,5,0,4,0,1,0,0,0,5,0,5,0,0,0,5.111794955680738e-06,5.111794955680738e-06,0.0
2020-09-15,Glenn,021,27897.0,2,0,1,0,1,0,0,0,2,0,2,0,0,0,7.169229666272359e-05,7.169229666272359e-05,0.0
2020-09-15,Humboldt,023,135768.0,1,0,1,0,0,0,0,0,1,0,1,0,0,0,7.365505862942667e-06,7.365505862942667e-06,0.0
2020-09-15,Imperial,025,180216.0,1,0,0,0,1,0,0,0,1,0,1,0,0,0,5.548896879300395e-06,5.548896879300395e-06,0.0
2020-09-15,Inyo,027,18085.0,0,0,0,0,0,0,0,0,0,0,0,0,0,0,0.0,0.0,0.0
2020-09-15,Kern,029,883053.0,3,0,2,0,1,0,0,0,3,0,3,0,0,0,3.397304578547381e-06,3.397304578547381e-06,0.0
2020-09-15,Kings,031,150075.0,0,0,0,0,0,0,0,0,0,0,0,0,0,0,0.0,0.0,0.0
2020-09-15,Lake,033,64148.0,0,0,0,0,0,0,0,0,0,0,0,0,0,0,0.0,0.0,0.0
2020-09-15,Lassen,035,31185.0,2,0,0,0,2,0,0,0,0,0,1,0,1,0,0.0,3.20666987333654e-05,3.20666987333654e-05
2020-09-15,Los Angeles,037,10098052.0,331,17,282,13,49,4,0,0,204,7,269,7,65,10,2.0201916171554676e-05,2.66388012262167e-05,6.436885054662028e-06
2020-09-15,Madera,039,155013.0,1,0,1,0,0,0,0,0,0,0,0,0,0,0,0.0,0.0,0.0
2020-09-15,Marin,041,260295.0,5,0,5,0,0,0,0,0,3,0,4,0,1,0,1.1525384659713018e-05,1.5367179546284023e-05,3.841794886571006e-06
2020-09-15,Mariposa,043,17540.0,0,0,0,0,0,0,0,0,0,0,0,0,0,0,0.0,0.0,0.0
2020-09-15,Mendocino,045,87422.0,1,0,0,0,1,0,0,0,1,0,1,0,0,0,1.1438768273432316e-05,1.1438768273432316e-05,0.0
2020-09-15,Merced,047,269075.0,4,0,4,0,0,0,0,0,2,0,3,0,1,0,7.43287187587104e-06,1.114930781380656e-05,3.71643593793552e-06
2020-09-15,Modoc,049,8938.0,0,0,0,0,0,0,0,0,0,0,0,0,0,0,0.0,0.0,0.0
2020-09-15,Mono,051,14174.0,0,0,0,0,0,0,0,0,0,0,0,0,0,0,0.0,0.0,0.0
2020-09-15,Monterey,053,433212.0,1,0,0,0,1,0,0,0,1,0,1,0,0,0,2.308338642512211e-06,2.308338642512211e-06,0.0
2020-09-15,Napa,055,140530.0,0,0,0,0,0,0,0,0,0,0,0,0,0,0,0.0,0.0,0.0
2020-09-15,Nevada,057,99092.0,1,0,1,0,0,0,0,0,1,0,1,0,0,0,1.009163201873007e-05,1.009163201873007e-05,0.0
2020-09-15,Orange,059,3164182.0,86,0,70,0,16,0,0,0,44,0,65,0,21,0,1.3905647652379034e-05,2.0542434031923572e-05,6.636786379544539e-06
2020-09-15,Placer,061,380077.0,12,1,9,1,3,0,0,0,8,1,10,1,2,0,2.104836651520613e-05,2.6310458144007663e-05,5.2620916288015326e-06
2020-09-15,Plumas,063,18699.0,0,0,0,0,0,0,0,0,0,0,0,0,0,0,0.0,0.0,0.0
2020-09-15,Riverside,065,2383286.0,38,1,10,0,28,1,0,0,19,1,29,1,10,0,7.972186300762897e-06,1.216807382748021e-05,4.195887526717314e-06
2020-09-15,Sacramento,067,1510023.0,109,6,62,2,47,4,0,0,59,2,84,2,25,4,3.90722525418487e-05,5.562829175449645e-05,1.6556039212647756e-05
2020-09-15,San Benito,069,59416.0,0,0,0,0,0,0,0,0,0,0,0,0,0,0,0.0,0.0,0.0
2020-09-15,San Bernardino,071,2135413.0,15,1,2,0,13,1,0,0,5,0,10,0,5,1,2.3414674351050597e-06,4.682934870210119e-06,2.3414674351050597e-06
2020-09-15,San Diego,073,3302833.0,385,19,135,8,250,11,0,0,155,8,269,8,114,11,4.692940878330815e-05,8.144523201748318e-05,3.451582323417503e-05
2020-09-15,San Francisco,075,870044.0,23,1,18,1,5,0,0,0,12,0,18,0,6,1,1.3792405901310738e-05,2.0688608851966107e-05,6.896202950655369e-06
2020-09-15,San Joaquin,077,732212.0,11,0,7,0,4,0,0,0,4,0,8,0,4,0,5.4628987233205685e-06,1.0925797446641135e-05,5.4628987233205685e-06
2020-09-15,San Luis Obispo,079,281455.0,2,0,0,0,2,0,0,0,0,0,1,0,1,0,0.0,3.552965838233465e-06,3.552965838233465e-06
2020-09-15,San Mateo,081,765935.0,28,2,24,2,4,0,0,0,10,0,19,0,9,2,1.305593816707684e-05,2.4806282517446e-05,1.1750344350369157e-05
2020-09-15,Santa Barbara,083,443738.0,3,0,3,0,0,0,0,0,3,0,3,0,0,0,6.760746206094587e-06,6.760746206094587e-06,0.0
2020-09-15,Santa Clara,085,1922200.0,88,0,82,0,6,0,0,0,35,0,62,0,27,0,1.820830298616169e-05,3.2254708146914995e-05,1.4046405160753304e-05
2020-09-15,Santa Cruz,087,273765.0,4,0,3,0,1,0,0,0,2,0,3,0,1,0,7.305535769729512e-06,1.095830365459427e-05,3.652767884864756e-06
2020-09-15,Shasta,089,179085.0,229,10,94,10,135,0,0,0,93,0,161,0,68,10,0.0005193064745791,0.0008990144344864,0.0003797079599073
2020-09-15,Sierra,091,2930.0,0,0,0,0,0,0,0,0,0,0,0,0,0,0,0.0,0.0,0.0
2020-09-15,Siskiyou,093,43540.0,7,1,5,1,2,0,0,0,3,0,5,0,2,1,6.890215893431327e-05,0.0001148369315571,4.593477262287552e-05
2020-09-15,Solano,095,438530.0,4,1,4,1,0,0,0,0,2,1,3,1,1,0,4.560691400816364e-06,6.841037101224546e-06,2.280345700408182e-06
2020-09-15,Sonoma,097,501317.0,1,0,0,0,1,0,0,0,1,0,1,0,0,0,1.9947458394588654e-06,1.9947458394588654e-06,0.0
2020-09-15,Stanislaus,099,539301.0,10,0,8,0,2,0,0,0,8,0,9,0,1,0,1.4834016625224132e-05,1.668826870337715e-05,1.8542520781530165e-06
2020-09-15,Sutter,101,95872.0,0,0,0,0,0,0,0,0,0,0,0,0,0,0,0.0,0.0,0.0
2020-09-15,Tehama,103,63373.0,18,0,5,0,13,0,0,0,8,0,13,0,5,0,0.0001262367254193,0.0002051346788064,7.889795338708914e-05
2020-09-15,Trinity,105,12862.0,2,0,0,0,2,0,0,0,0,0,1,0,1,0,0.0,7.774840615767377e-05,7.774840615767377e-05
2020-09-15,Tulare,107,460477.0,1,0,1,0,0,0,0,0,1,0,1,0,0,0,2.171661125311362e-06,2.171661125311362e-06,0.0
2020-09-15,Tuolumne,109,53932.0,0,0,0,0,0,0,0,0,0,0,0,0,0,0,0.0,0.0,0.0
2020-09-15,Ventura,111,848112.0,16,1,13,1,3,0,0,0,12,1,14,1,2,0,1.4149074650517856e-05,1.6507253758937497e-05,2.3581791084196427e-06
2020-09-15,Yolo,113,214977.0,36,2,19,1,17,1,0,0,13,1,25,1,12,1,6.047158533238439e-05,0.0001162915102545,5.581992492220098e-05
2020-09-15,Yuba,115,75493.0,1,0,0,0,1,0,0,0,1,0,1,0,0,0,1.3246261242764227e-05,1.3246261242764227e-05,0.0
2020-09-14,Alameda,001,1643700.0,57,0,54,0,3,0,0,0,21,0,39,0,18,0,1.2776054024457018e-05,2.3726957473991605e-05,1.0950903449534588e-05
2020-09-14,Alpine,003,1148.0,0,0,0,0,0,0,0,0,0,0,0,0,0,0,0.0,0.0,0.0
2020-09-14,Amador,005,37829.0,0,0,0,0,0,0,0,0,0,0,0,0,0,0,0.0,0.0,0.0
2020-09-14,Butte,007,227075.0,10,0,4,0,6,0,0,0,10,0,10,0,0,0,4.403831333259936e-05,4.403831333259936e-05,0.0
2020-09-14,Calaveras,009,45235.0,1,0,1,0,0,0,0,0,1,0,1,0,0,0,2.2106775726760254e-05,2.2106775726760254e-05,0.0
2020-09-14,Colusa,011,21464.0,0,0,0,0,0,0,0,0,0,0,0,0,0,0,0.0,0.0,0.0
2020-09-14,Contra Costa,013,1133247.0,82,4,75,4,7,0,0,0,25,0,54,0,29,4,2.2060504020747463e-05,4.765068868481452e-05,2.559018466406706e-05
2020-09-14,Del Norte,015,27424.0,0,0,0,0,0,0,0,0,0,0,0,0,0,0,0.0,0.0,0.0
2020-09-14,El Dorado,017,186661.0,7,0,3,0,4,0,0,0,3,0,5,0,2,0,1.6071916468892806e-05,2.678652744815468e-05,1.0714610979261871e-05
2020-09-14,Fresno,019,978130.0,5,0,4,0,1,0,0,0,5,0,5,0,0,0,5.111794955680738e-06,5.111794955680738e-06,0.0
2020-09-14,Glenn,021,27897.0,2,0,1,0,1,0,0,0,2,0,2,0,0,0,7.169229666272359e-05,7.169229666272359e-05,0.0
2020-09-14,Humboldt,023,135768.0,1,0,1,0,0,0,0,0,1,0,1,0,0,0,7.365505862942667e-06,7.365505862942667e-06,0.0
2020-09-14,Imperial,025,180216.0,1,0,0,0,1,0,0,0,1,0,1,0,0,0,5.548896879300395e-06,5.548896879300395e-06,0.0
2020-09-14,Inyo,027,18085.0,0,0,0,0,0,0,0,0,0,0,0,0,0,0,0.0,0.0,0.0
2020-09-14,Kern,029,883053.0,3,0,2,0,1,0,0,0,3,0,3,0,0,0,3.397304578547381e-06,3.397304578547381e-06,0.0
2020-09-14,Kings,031,150075.0,0,0,0,0,0,0,0,0,0,0,0,0,0,0,0.0,0.0,0.0
2020-09-14,Lake,033,64148.0,0,0,0,0,0,0,0,0,0,0,0,0,0,0,0.0,0.0,0.0
2020-09-14,Lassen,035,31185.0,2,0,0,0,2,0,0,0,0,0,1,0,1,0,0.0,3.20666987333654e-05,3.20666987333654e-05
2020-09-14,Los Angeles,037,10098052.0,314,14,269,11,45,3,0,0,207,5,262,5,55,9,2.0499003174077532e-05,2.594559822033002e-05,5.446595046252485e-06
2020-09-14,Madera,039,155013.0,1,1,1,1,0,0,0,0,0,0,0,0,0,0,0.0,0.0,0.0
2020-09-14,Marin,041,260295.0,5,0,5,0,0,0,0,0,3,0,4,0,1,0,1.1525384659713018e-05,1.5367179546284023e-05,3.841794886571006e-06
2020-09-14,Mariposa,043,17540.0,0,0,0,0,0,0,0,0,0,0,0,0,0,0,0.0,0.0,0.0
2020-09-14,Mendocino,045,87422.0,1,0,0,0,1,0,0,0,1,0,1,0,0,0,1.1438768273432316e-05,1.1438768273432316e-05,0.0
2020-09-14,Merced,047,269075.0,4,0,4,0,0,0,0,0,2,0,3,0,1,0,7.43287187587104e-06,1.114930781380656e-05,3.71643593793552e-06
2020-09-14,Modoc,049,8938.0,0,0,0,0,0,0,0,0,0,0,0,0,0,0,0.0,0.0,0.0
2020-09-14,Mono,051,14174.0,0,0,0,0,0,0,0,0,0,0,0,0,0,0,0.0,0.0,0.0
2020-09-14,Monterey,053,433212.0,1,0,0,0,1,0,0,0,1,0,1,0,0,0,2.308338642512211e-06,2.308338642512211e-06,0.0
2020-09-14,Napa,055,140530.0,0,0,0,0,0,0,0,0,0,0,0,0,0,0,0.0,0.0,0.0
2020-09-14,Nevada,057,99092.0,1,0,1,0,0,0,0,0,1,0,1,0,0,0,1.009163201873007e-05,1.009163201873007e-05,0.0
2020-09-14,Orange,059,3164182.0,86,3,70,2,16,1,0,0,44,1,65,1,21,2,1.3905647652379034e-05,2.0542434031923572e-05,6.636786379544539e-06
2020-09-14,Placer,061,380077.0,11,1,8,1,3,0,0,0,7,0,9,0,2,1,1.841732070080536e-05,2.367941232960689e-05,5.2620916288015326e-06
2020-09-14,Plumas,063,18699.0,0,0,0,0,0,0,0,0,0,0,0,0,0,0,0.0,0.0,0.0
2020-09-14,Riverside,065,2383286.0,37,3,10,1,27,2,0,0,18,1,28,1,10,2,7.552597548091165e-06,1.174848507480848e-05,4.195887526717314e-06
2020-09-14,Sacramento,067,1510023.0,103,6,60,4,43,2,0,0,61,2,82,2,21,4,4.039673567886052e-05,5.430380861748464e-05,1.3907072938624112e-05
2020-09-14,San Benito,069,59416.0,0,0,0,0,0,0,0,0,0,0,0,0,0,0,0.0,0.0,0.0
2020-09-14,San Bernardino,071,2135413.0,14,0,2,0,12,0,0,0,6,0,10,0,4,0,2.809760922126071e-06,4.682934870210119e-06,1.8731739480840475e-06
2020-09-14,San Diego,073,3302833.0,366,18,127,11,239,7,0,0,158,1,261,1,103,17,4.78377199210496e-05,7.902306898350598e-05,3.118534906245638e-05
2020-09-14,San Francisco,075,870044.0,22,3,17,2,5,1,0,0,13,3,18,3,5,0,1.49417730597533e-05,2.0688608851966107e-05,5.746835792212808e-06
2020-09-14,San Joaquin,077,732212.0,11,0,7,0,4,0,0,0,4,0,8,0,4,0,5.4628987233205685e-06,1.0925797446641135e-05,5.4628987233205685e-06
2020-09-14,San Luis Obispo,079,281455.0,2,0,0,0,2,0,0,0,0,0,1,0,1,0,0.0,3.552965838233465e-06,3.552965838233465e-06
2020-09-14,San Mateo,081,765935.0,26,2,22,2,4,0,0,0,12,0,19,0,7,2,1.566712580049221e-05,2.4806282517446e-05,9.139156716953788e-06
2020-09-14,Santa Barbara,083,443738.0,3,0,3,0,0,0,0,0,3,0,3,0,0,0,6.760746206094587e-06,6.760746206094587e-06,0.0
2020-09-14,Santa Clara,085,1922200.0,88,4,82,4,6,0,0,0,35,0,62,0,27,4,1.820830298616169e-05,3.2254708146914995e-05,1.4046405160753304e-05
2020-09-14,Santa Cruz,087,273765.0,4,0,3,0,1,0,0,0,2,0,3,0,1,0,7.305535769729512e-06,1.095830365459427e-05,3.652767884864756e-06
2020-09-14,Shasta,089,179085.0,219,8,84,0,135,8,0,0,103,0,161,0,58,8,0.0005751458804478,0.0008990144344864,0.0003238685540385
2020-09-14,Sierra,091,2930.0,0,0,0,0,0,0,0,0,0,0,0,0,0,0,0.0,0.0,0.0
2020-09-14,Siskiyou,093,43540.0,6,0,4,0,2,0,0,0,4,0,5,0,1,0,9.186954524575104e-05,0.0001148369315571,2.296738631143776e-05
2020-09-14,Solano,095,438530.0,3,0,3,0,0,0,0,0,1,0,2,0,1,0,2.280345700408182e-06,4.560691400816364e-06,2.280345700408182e-06
2020-09-14,Sonoma,097,501317.0,1,0,0,0,1,0,0,0,1,0,1,0,0,0,1.9947458394588654e-06,1.9947458394588654e-06,0.0
2020-09-14,Stanislaus,099,539301.0,10,1,8,0,2,1,0,0,8,0,9,0,1,1,1.4834016625224132e-05,1.668826870337715e-05,1.8542520781530165e-06
2020-09-14,Sutter,101,95872.0,0,0,0,0,0,0,0,0,0,0,0,0,0,0,0.0,0.0,0.0
2020-09-14,Tehama,103,63373.0,18,1,5,0,13,1,0,0,8,0,13,0,5,1,0.0001262367254193,0.0002051346788064,7.889795338708914e-05
2020-09-14,Trinity,105,12862.0,2,0,0,0,2,0,0,0,0,0,1,0,1,0,0.0,7.774840615767377e-05,7.774840615767377e-05
2020-09-14,Tulare,107,460477.0,1,0,1,0,0,0,0,0,1,0,1,0,0,0,2.171661125311362e-06,2.171661125311362e-06,0.0
2020-09-14,Tuolumne,109,53932.0,0,0,0,0,0,0,0,0,0,0,0,0,0,0,0.0,0.0,0.0
2020-09-14,Ventura,111,848112.0,15,1,12,1,3,0,0,0,11,1,13,1,2,0,1.2969985096308034e-05,1.532816420472768e-05,2.3581791084196427e-06
2020-09-14,Yolo,113,214977.0,34,2,18,1,16,1,0,0,13,0,24,0,11,2,6.047158533238439e-05,0.0001116398498444,5.116826451201756e-05
2020-09-14,Yuba,115,75493.0,1,0,0,0,1,0,0,0,1,0,1,0,0,0,1.3246261242764227e-05,1.3246261242764227e-05,0.0
2020-09-13,Alameda,001,1643700.0,57,0,54,0,3,0,0,0,21,0,39,0,18,0,1.2776054024457018e-05,2.3726957473991605e-05,1.0950903449534588e-05
2020-09-13,Alpine,003,1148.0,0,0,0,0,0,0,0,0,0,0,0,0,0,0,0.0,0.0,0.0
2020-09-13,Amador,005,37829.0,0,0,0,0,0,0,0,0,0,0,0,0,0,0,0.0,0.0,0.0
2020-09-13,Butte,007,227075.0,10,0,4,0,6,0,0,0,10,0,10,0,0,0,4.403831333259936e-05,4.403831333259936e-05,0.0
2020-09-13,Calaveras,009,45235.0,1,0,1,0,0,0,0,0,1,0,1,0,0,0,2.2106775726760254e-05,2.2106775726760254e-05,0.0
2020-09-13,Colusa,011,21464.0,0,0,0,0,0,0,0,0,0,0,0,0,0,0,0.0,0.0,0.0
2020-09-13,Contra Costa,013,1133247.0,78,0,71,0,7,0,0,0,29,0,54,0,25,0,2.559018466406706e-05,4.765068868481452e-05,2.2060504020747463e-05
2020-09-13,Del Norte,015,27424.0,0,0,0,0,0,0,0,0,0,0,0,0,0,0,0.0,0.0,0.0
2020-09-13,El Dorado,017,186661.0,7,0,3,0,4,0,0,0,3,0,5,0,2,0,1.6071916468892806e-05,2.678652744815468e-05,1.0714610979261871e-05
2020-09-13,Fresno,019,978130.0,5,0,4,0,1,0,0,0,5,0,5,0,0,0,5.111794955680738e-06,5.111794955680738e-06,0.0
2020-09-13,Glenn,021,27897.0,2,0,1,0,1,0,0,0,2,0,2,0,0,0,7.169229666272359e-05,7.169229666272359e-05,0.0
2020-09-13,Humboldt,023,135768.0,1,0,1,0,0,0,0,0,1,0,1,0,0,0,7.365505862942667e-06,7.365505862942667e-06,0.0
2020-09-13,Imperial,025,180216.0,1,0,0,0,1,0,0,0,1,0,1,0,0,0,5.548896879300395e-06,5.548896879300395e-06,0.0
2020-09-13,Inyo,027,18085.0,0,0,0,0,0,0,0,0,0,0,0,0,0,0,0.0,0.0,0.0
2020-09-13,Kern,029,883053.0,3,0,2,0,1,0,0,0,3,0,3,0,0,0,3.397304578547381e-06,3.397304578547381e-06,0.0
2020-09-13,Kings,031,150075.0,0,0,0,0,0,0,0,0,0,0,0,0,0,0,0.0,0.0,0.0
2020-09-13,Lake,033,64148.0,0,0,0,0,0,0,0,0,0,0,0,0,0,0,0.0,0.0,0.0
2020-09-13,Lassen,035,31185.0,2,0,0,0,2,0,0,0,0,0,1,0,1,0,0.0,3.20666987333654e-05,3.20666987333654e-05
2020-09-13,Los Angeles,037,10098052.0,300,0,258,0,42,0,0,0,211,0,257,0,46,0,2.0895119177441352e-05,2.545045321612525e-05,4.555334038683896e-06
2020-09-13,Madera,039,155013.0,0,0,0,0,0,0,0,0,0,0,0,0,0,0,0.0,0.0,0.0
2020-09-13,Marin,041,260295.0,5,0,5,0,0,0,0,0,3,0,4,0,1,0,1.1525384659713018e-05,1.5367179546284023e-05,3.841794886571006e-06
2020-09-13,Mariposa,043,17540.0,0,0,0,0,0,0,0,0,0,0,0,0,0,0,0.0,0.0,0.0
2020-09-13,Mendocino,045,87422.0,1,0,0,0,1,0,0,0,1,0,1,0,0,0,1.1438768273432316e-05,1.1438768273432316e-05,0.0
2020-09-13,Merced,047,269075.0,4,0,4,0,0,0,0,0,2,0,3,0,1,0,7.43287187587104e-06,1.114930781380656e-05,3.71643593793552e-06
2020-09-13,Modoc,049,8938.0,0,0,0,0,0,0,0,0,0,0,0,0,0,0,0.0,0.0,0.0
2020-09-13,Mono,051,14174.0,0,0,0,0,0,0,0,0,0,0,0,0,0,0,0.0,0.0,0.0
2020-09-13,Monterey,053,433212.0,1,0,0,0,1,0,0,0,1,0,1,0,0,0,2.308338642512211e-06,2.308338642512211e-06,0.0
2020-09-13,Napa,055,140530.0,0,0,0,0,0,0,0,0,0,0,0,0,0,0,0.0,0.0,0.0
2020-09-13,Nevada,057,99092.0,1,0,1,0,0,0,0,0,1,0,1,0,0,0,1.009163201873007e-05,1.009163201873007e-05,0.0
2020-09-13,Orange,059,3164182.0,83,1,68,1,15,0,0,0,45,1,64,1,19,0,1.4221685099024012e-05,2.02263965852786e-05,6.004711486254583e-06
2020-09-13,Placer,061,380077.0,10,0,7,0,3,0,0,0,8,0,9,0,1,0,2.104836651520613e-05,2.367941232960689e-05,2.6310458144007663e-06
2020-09-13,Plumas,063,18699.0,0,0,0,0,0,0,0,0,0,0,0,0,0,0,0.0,0.0,0.0
2020-09-13,Riverside,065,2383286.0,34,0,9,0,25,0,0,0,19,0,27,0,8,0,7.972186300762897e-06,1.1328896322136748e-05,3.356710021373851e-06
2020-09-13,Sacramento,067,1510023.0,97,2,56,2,41,0,0,0,63,0,80,0,17,2,4.172121881587234e-05,5.297932548047282e-05,1.1258106664600471e-05
2020-09-13,San Benito,069,59416.0,0,0,0,0,0,0,0,0,0,0,0,0,0,0,0.0,0.0,0.0
2020-09-13,San Bernardino,071,2135413.0,14,0,2,0,12,0,0,0,6,0,10,0,4,0,2.809760922126071e-06,4.682934870210119e-06,1.8731739480840475e-06
2020-09-13,San Diego,073,3302833.0,348,1,116,1,232,0,0,0,174,0,260,0,86,1,5.268204598900399e-05,7.872029860425882e-05,2.6038252615254843e-05
2020-09-13,San Francisco,075,870044.0,19,0,15,0,4,0,0,0,10,0,15,0,5,0,1.1493671584425615e-05,1.7240507376638422e-05,5.746835792212808e-06
2020-09-13,San Joaquin,077,732212.0,11,0,7,0,4,0,0,0,4,0,8,0,4,0,5.4628987233205685e-06,1.0925797446641135e-05,5.4628987233205685e-06
2020-09-13,San Luis Obispo,079,281455.0,2,0,0,0,2,0,0,0,0,0,1,0,1,0,0.0,3.552965838233465e-06,3.552965838233465e-06
2020-09-13,San Mateo,081,765935.0,24,0,20,0,4,0,0,0,14,0,19,0,5,0,1.8278313433907572e-05,2.4806282517446e-05,6.5279690835384205e-06
2020-09-13,Santa Barbara,083,443738.0,3,0,3,0,0,0,0,0,3,0,3,0,0,0,6.760746206094587e-06,6.760746206094587e-06,0.0
2020-09-13,Santa Clara,085,1922200.0,84,0,78,0,6,0,0,0,39,0,62,0,23,0,2.0289251898865883e-05,3.2254708146914995e-05,1.196545624804911e-05
2020-09-13,Santa Cruz,087,273765.0,4,0,3,0,1,0,0,0,2,0,3,0,1,0,7.305535769729512e-06,1.095830365459427e-05,3.652767884864756e-06
2020-09-13,Shasta,089,179085.0,211,0,84,0,127,0,0,0,111,0,161,0,50,0,0.0006198174051428,0.0008990144344864,0.0002791970293436
2020-09-13,Sierra,091,2930.0,0,0,0,0,0,0,0,0,0,0,0,0,0,0,0.0,0.0,0.0
2020-09-13,Siskiyou,093,43540.0,6,0,4,0,2,0,0,0,4,0,5,0,1,0,9.186954524575104e-05,0.0001148369315571,2.296738631143776e-05
2020-09-13,Solano,095,438530.0,3,0,3,0,0,0,0,0,1,0,2,0,1,0,2.280345700408182e-06,4.560691400816364e-06,2.280345700408182e-06
2020-09-13,Sonoma,097,501317.0,1,0,0,0,1,0,0,0,1,0,1,0,0,0,1.9947458394588654e-06,1.9947458394588654e-06,0.0
2020-09-13,Stanislaus,099,539301.0,9,0,8,0,1,0,0,0,9,0,9,0,0,0,1.668826870337715e-05,1.668826870337715e-05,0.0
2020-09-13,Sutter,101,95872.0,0,0,0,0,0,0,0,0,0,0,0,0,0,0,0.0,0.0,0.0
2020-09-13,Tehama,103,63373.0,17,0,5,0,12,0,0,0,9,0,13,0,4,0,0.0001420163160967,0.0002051346788064,6.311836270967131e-05
2020-09-13,Trinity,105,12862.0,2,0,0,0,2,0,0,0,0,0,1,0,1,0,0.0,7.774840615767377e-05,7.774840615767377e-05
2020-09-13,Tulare,107,460477.0,1,0,1,0,0,0,0,0,1,0,1,0,0,0,2.171661125311362e-06,2.171661125311362e-06,0.0
2020-09-13,Tuolumne,109,53932.0,0,0,0,0,0,0,0,0,0,0,0,0,0,0,0.0,0.0,0.0
2020-09-13,Ventura,111,848112.0,14,0,11,0,3,0,0,0,10,0,12,0,2,0,1.1790895542098214e-05,1.4149074650517856e-05,2.3581791084196427e-06
2020-09-13,Yolo,113,214977.0,32,0,17,0,15,0,0,0,15,0,24,0,9,0,6.977490615275122e-05,0.0001116398498444,4.1864943691650734e-05
2020-09-13,Yuba,115,75493.0,1,0,0,0,1,0,0,0,1,0,1,0,0,0,1.3246261242764227e-05,1.3246261242764227e-05,0.0
2020-09-12,Alameda,001,1643700.0,57,0,54,0,3,0,0,0,21,0,39,0,18,0,1.2776054024457018e-05,2.3726957473991605e-05,1.0950903449534588e-05
2020-09-12,Alpine,003,1148.0,0,0,0,0,0,0,0,0,0,0,0,0,0,0,0.0,0.0,0.0
2020-09-12,Amador,005,37829.0,0,0,0,0,0,0,0,0,0,0,0,0,0,0,0.0,0.0,0.0
2020-09-12,Butte,007,227075.0,10,0,4,0,6,0,0,0,10,0,10,0,0,0,4.403831333259936e-05,4.403831333259936e-05,0.0
2020-09-12,Calaveras,009,45235.0,1,0,1,0,0,0,0,0,1,0,1,0,0,0,2.2106775726760254e-05,2.2106775726760254e-05,0.0
2020-09-12,Colusa,011,21464.0,0,0,0,0,0,0,0,0,0,0,0,0,0,0,0.0,0.0,0.0
2020-09-12,Contra Costa,013,1133247.0,78,0,71,0,7,0,0,0,29,0,54,0,25,0,2.559018466406706e-05,4.765068868481452e-05,2.2060504020747463e-05
2020-09-12,Del Norte,015,27424.0,0,0,0,0,0,0,0,0,0,0,0,0,0,0,0.0,0.0,0.0
2020-09-12,El Dorado,017,186661.0,7,0,3,0,4,0,0,0,3,0,5,0,2,0,1.6071916468892806e-05,2.678652744815468e-05,1.0714610979261871e-05
2020-09-12,Fresno,019,978130.0,5,0,4,0,1,0,0,0,5,0,5,0,0,0,5.111794955680738e-06,5.111794955680738e-06,0.0
2020-09-12,Glenn,021,27897.0,2,0,1,0,1,0,0,0,2,0,2,0,0,0,7.169229666272359e-05,7.169229666272359e-05,0.0
2020-09-12,Humboldt,023,135768.0,1,0,1,0,0,0,0,0,1,0,1,0,0,0,7.365505862942667e-06,7.365505862942667e-06,0.0
2020-09-12,Imperial,025,180216.0,1,0,0,0,1,0,0,0,1,0,1,0,0,0,5.548896879300395e-06,5.548896879300395e-06,0.0
2020-09-12,Inyo,027,18085.0,0,0,0,0,0,0,0,0,0,0,0,0,0,0,0.0,0.0,0.0
2020-09-12,Kern,029,883053.0,3,0,2,0,1,0,0,0,3,0,3,0,0,0,3.397304578547381e-06,3.397304578547381e-06,0.0
2020-09-12,Kings,031,150075.0,0,0,0,0,0,0,0,0,0,0,0,0,0,0,0.0,0.0,0.0
2020-09-12,Lake,033,64148.0,0,0,0,0,0,0,0,0,0,0,0,0,0,0,0.0,0.0,0.0
2020-09-12,Lassen,035,31185.0,2,0,0,0,2,0,0,0,0,0,1,0,1,0,0.0,3.20666987333654e-05,3.20666987333654e-05
2020-09-12,Los Angeles,037,10098052.0,300,7,258,7,42,0,0,0,211,3,257,3,46,4,2.0895119177441352e-05,2.545045321612525e-05,4.555334038683896e-06
2020-09-12,Madera,039,155013.0,0,0,0,0,0,0,0,0,0,0,0,0,0,0,0.0,0.0,0.0
2020-09-12,Marin,041,260295.0,5,0,5,0,0,0,0,0,3,0,4,0,1,0,1.1525384659713018e-05,1.5367179546284023e-05,3.841794886571006e-06
2020-09-12,Mariposa,043,17540.0,0,0,0,0,0,0,0,0,0,0,0,0,0,0,0.0,0.0,0.0
2020-09-12,Mendocino,045,87422.0,1,0,0,0,1,0,0,0,1,0,1,0,0,0,1.1438768273432316e-05,1.1438768273432316e-05,0.0
2020-09-12,Merced,047,269075.0,4,0,4,0,0,0,0,0,2,0,3,0,1,0,7.43287187587104e-06,1.114930781380656e-05,3.71643593793552e-06
2020-09-12,Modoc,049,8938.0,0,0,0,0,0,0,0,0,0,0,0,0,0,0,0.0,0.0,0.0
2020-09-12,Mono,051,14174.0,0,0,0,0,0,0,0,0,0,0,0,0,0,0,0.0,0.0,0.0
2020-09-12,Monterey,053,433212.0,1,0,0,0,1,0,0,0,1,0,1,0,0,0,2.308338642512211e-06,2.308338642512211e-06,0.0
2020-09-12,Napa,055,140530.0,0,0,0,0,0,0,0,0,0,0,0,0,0,0,0.0,0.0,0.0
2020-09-12,Nevada,057,99092.0,1,0,1,0,0,0,0,0,1,0,1,0,0,0,1.009163201873007e-05,1.009163201873007e-05,0.0
2020-09-12,Orange,059,3164182.0,82,0,67,0,15,0,0,0,44,0,63,0,19,0,1.3905647652379034e-05,1.9910359138633618e-05,6.004711486254583e-06
2020-09-12,Placer,061,380077.0,10,0,7,0,3,0,0,0,8,0,9,0,1,0,2.104836651520613e-05,2.367941232960689e-05,2.6310458144007663e-06
2020-09-12,Plumas,063,18699.0,0,0,0,0,0,0,0,0,0,0,0,0,0,0,0.0,0.0,0.0
2020-09-12,Riverside,065,2383286.0,34,0,9,0,25,0,0,0,19,0,27,0,8,0,7.972186300762897e-06,1.1328896322136748e-05,3.356710021373851e-06
2020-09-12,Sacramento,067,1510023.0,95,4,54,2,41,2,0,0,65,2,80,2,15,2,4.304570195288416e-05,5.297932548047282e-05,9.933623527588653e-06
2020-09-12,San Benito,069,59416.0,0,0,0,0,0,0,0,0,0,0,0,0,0,0,0.0,0.0,0.0
2020-09-12,San Bernardino,071,2135413.0,14,0,2,0,12,0,0,0,6,0,10,0,4,0,2.809760922126071e-06,4.682934870210119e-06,1.8731739480840475e-06
2020-09-12,San Diego,073,3302833.0,347,6,115,0,232,6,0,0,175,6,260,6,85,0,5.2984816368251137e-05,7.872029860425882e-05,2.573548223600769e-05
2020-09-12,San Francisco,075,870044.0,19,0,15,0,4,0,0,0,10,0,15,0,5,0,1.1493671584425615e-05,1.7240507376638422e-05,5.746835792212808e-06
2020-09-12,San Joaquin,077,732212.0,11,0,7,0,4,0,0,0,4,0,8,0,4,0,5.4628987233205685e-06,1.0925797446641135e-05,5.4628987233205685e-06
2020-09-12,San Luis Obispo,079,281455.0,2,0,0,0,2,0,0,0,0,0,1,0,1,0,0.0,3.552965838233465e-06,3.552965838233465e-06
2020-09-12,San Mateo,081,765935.0,24,0,20,0,4,0,0,0,14,0,19,0,5,0,1.8278313433907572e-05,2.4806282517446e-05,6.5279690835384205e-06
2020-09-12,Santa Barbara,083,443738.0,3,0,3,0,0,0,0,0,3,0,3,0,0,0,6.760746206094587e-06,6.760746206094587e-06,0.0
2020-09-12,Santa Clara,085,1922200.0,84,0,78,0,6,0,0,0,39,0,62,0,23,0,2.0289251898865883e-05,3.2254708146914995e-05,1.196545624804911e-05
2020-09-12,Santa Cruz,087,273765.0,4,0,3,0,1,0,0,0,2,0,3,0,1,0,7.305535769729512e-06,1.095830365459427e-05,3.652767884864756e-06
2020-09-12,Shasta,089,179085.0,211,4,84,0,127,4,0,0,111,4,161,4,50,0,0.0006198174051428,0.0008990144344864,0.0002791970293436
2020-09-12,Sierra,091,2930.0,0,0,0,0,0,0,0,0,0,0,0,0,0,0,0.0,0.0,0.0
2020-09-12,Siskiyou,093,43540.0,6,0,4,0,2,0,0,0,4,0,5,0,1,0,9.186954524575104e-05,0.0001148369315571,2.296738631143776e-05
2020-09-12,Solano,095,438530.0,3,0,3,0,0,0,0,0,1,0,2,0,1,0,2.280345700408182e-06,4.560691400816364e-06,2.280345700408182e-06
2020-09-12,Sonoma,097,501317.0,1,0,0,0,1,0,0,0,1,0,1,0,0,0,1.9947458394588654e-06,1.9947458394588654e-06,0.0
2020-09-12,Stanislaus,099,539301.0,9,0,8,0,1,0,0,0,9,0,9,0,0,0,1.668826870337715e-05,1.668826870337715e-05,0.0
2020-09-12,Sutter,101,95872.0,0,0,0,0,0,0,0,0,0,0,0,0,0,0,0.0,0.0,0.0
2020-09-12,Tehama,103,63373.0,17,0,5,0,12,0,0,0,9,0,13,0,4,0,0.0001420163160967,0.0002051346788064,6.311836270967131e-05
2020-09-12,Trinity,105,12862.0,2,0,0,0,2,0,0,0,0,0,1,0,1,0,0.0,7.774840615767377e-05,7.774840615767377e-05
2020-09-12,Tulare,107,460477.0,1,0,1,0,0,0,0,0,1,0,1,0,0,0,2.171661125311362e-06,2.171661125311362e-06,0.0
2020-09-12,Tuolumne,109,53932.0,0,0,0,0,0,0,0,0,0,0,0,0,0,0,0.0,0.0,0.0
2020-09-12,Ventura,111,848112.0,14,0,11,0,3,0,0,0,10,0,12,0,2,0,1.1790895542098214e-05,1.4149074650517856e-05,2.3581791084196427e-06
2020-09-12,Yolo,113,214977.0,32,4,17,4,15,0,0,0,15,0,24,0,9,4,6.977490615275122e-05,0.0001116398498444,4.1864943691650734e-05
2020-09-12,Yuba,115,75493.0,1,0,0,0,1,0,0,0,1,0,1,0,0,0,1.3246261242764227e-05,1.3246261242764227e-05,0.0
2020-09-11,Alameda,001,1643700.0,57,3,54,3,3,0,0,0,21,3,39,3,18,0,1.2776054024457018e-05,2.3726957473991605e-05,1.0950903449534588e-05
2020-09-11,Alpine,003,1148.0,0,0,0,0,0,0,0,0,0,0,0,0,0,0,0.0,0.0,0.0
2020-09-11,Amador,005,37829.0,0,0,0,0,0,0,0,0,0,0,0,0,0,0,0.0,0.0,0.0
2020-09-11,Butte,007,227075.0,10,0,4,0,6,0,0,0,10,0,10,0,0,0,4.403831333259936e-05,4.403831333259936e-05,0.0
2020-09-11,Calaveras,009,45235.0,1,0,1,0,0,0,0,0,1,0,1,0,0,0,2.2106775726760254e-05,2.2106775726760254e-05,0.0
2020-09-11,Colusa,011,21464.0,0,0,0,0,0,0,0,0,0,0,0,0,0,0,0.0,0.0,0.0
2020-09-11,Contra Costa,013,1133247.0,78,5,71,5,7,0,0,0,29,2,54,2,25,3,2.559018466406706e-05,4.765068868481452e-05,2.2060504020747463e-05
2020-09-11,Del Norte,015,27424.0,0,0,0,0,0,0,0,0,0,0,0,0,0,0,0.0,0.0,0.0
2020-09-11,El Dorado,017,186661.0,7,0,3,0,4,0,0,0,3,0,5,0,2,0,1.6071916468892806e-05,2.678652744815468e-05,1.0714610979261871e-05
2020-09-11,Fresno,019,978130.0,5,0,4,0,1,0,0,0,5,0,5,0,0,0,5.111794955680738e-06,5.111794955680738e-06,0.0
2020-09-11,Glenn,021,27897.0,2,0,1,0,1,0,0,0,2,0,2,0,0,0,7.169229666272359e-05,7.169229666272359e-05,0.0
2020-09-11,Humboldt,023,135768.0,1,0,1,0,0,0,0,0,1,0,1,0,0,0,7.365505862942667e-06,7.365505862942667e-06,0.0
2020-09-11,Imperial,025,180216.0,1,0,0,0,1,0,0,0,1,0,1,0,0,0,5.548896879300395e-06,5.548896879300395e-06,0.0
2020-09-11,Inyo,027,18085.0,0,0,0,0,0,0,0,0,0,0,0,0,0,0,0.0,0.0,0.0
2020-09-11,Kern,029,883053.0,3,0,2,0,1,0,0,0,3,0,3,0,0,0,3.397304578547381e-06,3.397304578547381e-06,0.0
2020-09-11,Kings,031,150075.0,0,0,0,0,0,0,0,0,0,0,0,0,0,0,0.0,0.0,0.0
2020-09-11,Lake,033,64148.0,0,0,0,0,0,0,0,0,0,0,0,0,0,0,0.0,0.0,0.0
2020-09-11,Lassen,035,31185.0,2,0,0,0,2,0,0,0,0,0,1,0,1,0,0.0,3.20666987333654e-05,3.20666987333654e-05
2020-09-11,Los Angeles,037,10098052.0,293,16,251,15,42,1,0,0,212,10,254,10,42,6,2.0994148178282303e-05,2.5153366213602382e-05,4.15921803532008e-06
2020-09-11,Madera,039,155013.0,0,0,0,0,0,0,0,0,0,0,0,0,0,0,0.0,0.0,0.0
2020-09-11,Marin,041,260295.0,5,0,5,0,0,0,0,0,3,0,4,0,1,0,1.1525384659713018e-05,1.5367179546284023e-05,3.841794886571006e-06
2020-09-11,Mariposa,043,17540.0,0,0,0,0,0,0,0,0,0,0,0,0,0,0,0.0,0.0,0.0
2020-09-11,Mendocino,045,87422.0,1,0,0,0,1,0,0,0,1,0,1,0,0,0,1.1438768273432316e-05,1.1438768273432316e-05,0.0
2020-09-11,Merced,047,269075.0,4,0,4,0,0,0,0,0,2,0,3,0,1,0,7.43287187587104e-06,1.114930781380656e-05,3.71643593793552e-06
2020-09-11,Modoc,049,8938.0,0,0,0,0,0,0,0,0,0,0,0,0,0,0,0.0,0.0,0.0
2020-09-11,Mono,051,14174.0,0,0,0,0,0,0,0,0,0,0,0,0,0,0,0.0,0.0,0.0
2020-09-11,Monterey,053,433212.0,1,0,0,0,1,0,0,0,1,0,1,0,0,0,2.308338642512211e-06,2.308338642512211e-06,0.0
2020-09-11,Napa,055,140530.0,0,0,0,0,0,0,0,0,0,0,0,0,0,0,0.0,0.0,0.0
2020-09-11,Nevada,057,99092.0,1,0,1,0,0,0,0,0,1,0,1,0,0,0,1.009163201873007e-05,1.009163201873007e-05,0.0
2020-09-11,Orange,059,3164182.0,82,3,67,3,15,0,0,0,44,1,63,1,19,2,1.3905647652379034e-05,1.9910359138633618e-05,6.004711486254583e-06
2020-09-11,Placer,061,380077.0,10,1,7,1,3,0,0,0,8,1,9,1,1,0,2.104836651520613e-05,2.367941232960689e-05,2.6310458144007663e-06
2020-09-11,Plumas,063,18699.0,0,0,0,0,0,0,0,0,0,0,0,0,0,0,0.0,0.0,0.0
2020-09-11,Riverside,065,2383286.0,34,1,9,1,25,0,0,0,19,1,27,1,8,0,7.972186300762897e-06,1.1328896322136748e-05,3.356710021373851e-06
2020-09-11,Sacramento,067,1510023.0,91,9,52,5,39,4,0,0,65,7,78,7,13,2,4.304570195288416e-05,5.165484234346099e-05,8.609140390576832e-06
2020-09-11,San Benito,069,59416.0,0,0,0,0,0,0,0,0,0,0,0,0,0,0,0.0,0.0,0.0
2020-09-11,San Bernardino,071,2135413.0,14,0,2,0,12,0,0,0,6,0,10,0,4,0,2.809760922126071e-06,4.682934870210119e-06,1.8731739480840475e-06
2020-09-11,San Diego,073,3302833.0,341,14,115,8,226,6,0,0,169,2,254,2,85,12,5.116819409276824e-05,7.690367632877593e-05,2.573548223600769e-05
2020-09-11,San Francisco,075,870044.0,19,1,15,1,4,0,0,0,10,1,15,1,5,0,1.1493671584425615e-05,1.7240507376638422e-05,5.746835792212808e-06
2020-09-11,San Joaquin,077,732212.0,11,1,7,0,4,1,0,0,4,0,8,1,4,1,5.4628987233205685e-06,1.0925797446641135e-05,5.4628987233205685e-06
2020-09-11,San Luis Obispo,079,281455.0,2,0,0,0,2,0,0,0,0,0,1,0,1,0,0.0,3.552965838233465e-06,3.552965838233465e-06
2020-09-11,San Mateo,081,765935.0,24,0,20,0,4,0,0,0,14,0,19,0,5,0,1.8278313433907572e-05,2.4806282517446e-05,6.5279690835384205e-06
2020-09-11,Santa Barbara,083,443738.0,3,0,3,0,0,0,0,0,3,0,3,0,0,0,6.760746206094587e-06,6.760746206094587e-06,0.0
2020-09-11,Santa Clara,085,1922200.0,84,7,78,7,6,0,0,0,39,4,62,4,23,3,2.0289251898865883e-05,3.2254708146914995e-05,1.196545624804911e-05
2020-09-11,Santa Cruz,087,273765.0,4,0,3,0,1,0,0,0,2,0,3,0,1,0,7.305535769729512e-06,1.095830365459427e-05,3.652767884864756e-06
2020-09-11,Shasta,089,179085.0,207,5,84,0,123,5,0,0,107,4,157,4,50,1,0.0005974816427953,0.0008766786721389,0.0002791970293436
2020-09-11,Sierra,091,2930.0,0,0,0,0,0,0,0,0,0,0,0,0,0,0,0.0,0.0,0.0
2020-09-11,Siskiyou,093,43540.0,6,1,4,0,2,1,0,0,4,1,5,1,1,0,9.186954524575104e-05,0.0001148369315571,2.296738631143776e-05
2020-09-11,Solano,095,438530.0,3,0,3,0,0,0,0,0,1,0,2,0,1,0,2.280345700408182e-06,4.560691400816364e-06,2.280345700408182e-06
2020-09-11,Sonoma,097,501317.0,1,0,0,0,1,0,0,0,1,0,1,0,0,0,1.9947458394588654e-06,1.9947458394588654e-06,0.0
2020-09-11,Stanislaus,099,539301.0,9,0,8,0,1,0,0,0,9,0,9,0,0,0,1.668826870337715e-05,1.668826870337715e-05,0.0
2020-09-11,Sutter,101,95872.0,0,0,0,0,0,0,0,0,0,0,0,0,0,0,0.0,0.0,0.0
2020-09-11,Tehama,103,63373.0,17,0,5,0,12,0,0,0,9,0,13,0,4,0,0.0001420163160967,0.0002051346788064,6.311836270967131e-05
2020-09-11,Trinity,105,12862.0,2,0,0,0,2,0,0,0,0,0,1,0,1,0,0.0,7.774840615767377e-05,7.774840615767377e-05
2020-09-11,Tulare,107,460477.0,1,0,1,0,0,0,0,0,1,0,1,0,0,0,2.171661125311362e-06,2.171661125311362e-06,0.0
2020-09-11,Tuolumne,109,53932.0,0,0,0,0,0,0,0,0,0,0,0,0,0,0,0.0,0.0,0.0
2020-09-11,Ventura,111,848112.0,14,1,11,1,3,0,0,0,10,1,12,1,2,0,1.1790895542098214e-05,1.4149074650517856e-05,2.3581791084196427e-06
2020-09-11,Yolo,113,214977.0,28,2,13,2,15,0,0,0,19,2,24,2,5,0,8.838154779348488e-05,0.0001116398498444,2.3258302050917078e-05
2020-09-11,Yuba,115,75493.0,1,0,0,0,1,0,0,0,1,0,1,0,0,0,1.3246261242764227e-05,1.3246261242764227e-05,0.0
2020-09-10,Alameda,001,1643700.0,54,3,51,3,3,0,0,0,18,2,36,2,18,1,1.0950903449534588e-05,2.1901806899069174e-05,1.0950903449534588e-05
2020-09-10,Alpine,003,1148.0,0,0,0,0,0,0,0,0,0,0,0,0,0,0,0.0,0.0,0.0
2020-09-10,Amador,005,37829.0,0,0,0,0,0,0,0,0,0,0,0,0,0,0,0.0,0.0,0.0
2020-09-10,Butte,007,227075.0,10,0,4,0,6,0,0,0,10,0,10,0,0,0,4.403831333259936e-05,4.403831333259936e-05,0.0
2020-09-10,Calaveras,009,45235.0,1,0,1,0,0,0,0,0,1,0,1,0,0,0,2.2106775726760254e-05,2.2106775726760254e-05,0.0
2020-09-10,Colusa,011,21464.0,0,0,0,0,0,0,0,0,0,0,0,0,0,0,0.0,0.0,0.0
2020-09-10,Contra Costa,013,1133247.0,73,2,66,2,7,0,0,0,30,0,52,0,22,2,2.647260482489696e-05,4.588584836315472e-05,1.941324353825777e-05
2020-09-10,Del Norte,015,27424.0,0,0,0,0,0,0,0,0,0,0,0,0,0,0,0.0,0.0,0.0
2020-09-10,El Dorado,017,186661.0,7,0,3,0,4,0,0,0,3,0,5,0,2,0,1.6071916468892806e-05,2.678652744815468e-05,1.0714610979261871e-05
2020-09-10,Fresno,019,978130.0,5,0,4,0,1,0,0,0,5,0,5,0,0,0,5.111794955680738e-06,5.111794955680738e-06,0.0
2020-09-10,Glenn,021,27897.0,2,0,1,0,1,0,0,0,2,0,2,0,0,0,7.169229666272359e-05,7.169229666272359e-05,0.0
2020-09-10,Humboldt,023,135768.0,1,0,1,0,0,0,0,0,1,0,1,0,0,0,7.365505862942667e-06,7.365505862942667e-06,0.0
2020-09-10,Imperial,025,180216.0,1,0,0,0,1,0,0,0,1,0,1,0,0,0,5.548896879300395e-06,5.548896879300395e-06,0.0
2020-09-10,Inyo,027,18085.0,0,0,0,0,0,0,0,0,0,0,0,0,0,0,0.0,0.0,0.0
2020-09-10,Kern,029,883053.0,3,0,2,0,1,0,0,0,3,0,3,0,0,0,3.397304578547381e-06,3.397304578547381e-06,0.0
2020-09-10,Kings,031,150075.0,0,0,0,0,0,0,0,0,0,0,0,0,0,0,0.0,0.0,0.0
2020-09-10,Lake,033,64148.0,0,0,0,0,0,0,0,0,0,0,0,0,0,0,0.0,0.0,0.0
2020-09-10,Lassen,035,31185.0,2,0,0,0,2,0,0,0,0,0,1,0,1,0,0.0,3.20666987333654e-05,3.20666987333654e-05
2020-09-10,Los Angeles,037,10098052.0,277,25,236,20,41,5,0,0,208,14,244,14,36,11,2.059803217491849e-05,2.4163076205192844e-05,3.565044030274354e-06
2020-09-10,Madera,039,155013.0,0,0,0,0,0,0,0,0,0,0,0,0,0,0,0.0,0.0,0.0
2020-09-10,Marin,041,260295.0,5,2,5,2,0,0,0,0,3,1,4,1,1,1,1.1525384659713018e-05,1.5367179546284023e-05,3.841794886571006e-06
2020-09-10,Mariposa,043,17540.0,0,0,0,0,0,0,0,0,0,0,0,0,0,0,0.0,0.0,0.0
2020-09-10,Mendocino,045,87422.0,1,0,0,0,1,0,0,0,1,0,1,0,0,0,1.1438768273432316e-05,1.1438768273432316e-05,0.0
2020-09-10,Merced,047,269075.0,4,0,4,0,0,0,0,0,2,0,3,0,1,0,7.43287187587104e-06,1.114930781380656e-05,3.71643593793552e-06
2020-09-10,Modoc,049,8938.0,0,0,0,0,0,0,0,0,0,0,0,0,0,0,0.0,0.0,0.0
2020-09-10,Mono,051,14174.0,0,0,0,0,0,0,0,0,0,0,0,0,0,0,0.0,0.0,0.0
2020-09-10,Monterey,053,433212.0,1,0,0,0,1,0,0,0,1,0,1,0,0,0,2.308338642512211e-06,2.308338642512211e-06,0.0
2020-09-10,Napa,055,140530.0,0,0,0,0,0,0,0,0,0,0,0,0,0,0,0.0,0.0,0.0
2020-09-10,Nevada,057,99092.0,1,0,1,0,0,0,0,0,1,0,1,0,0,0,1.009163201873007e-05,1.009163201873007e-05,0.0
2020-09-10,Orange,059,3164182.0,79,5,64,4,15,1,0,0,45,1,62,1,17,4,1.4221685099024012e-05,1.959432169198864e-05,5.372636592964627e-06
2020-09-10,Placer,061,380077.0,9,0,6,0,3,0,0,0,7,0,8,0,1,0,1.841732070080536e-05,2.104836651520613e-05,2.6310458144007663e-06
2020-09-10,Plumas,063,18699.0,0,0,0,0,0,0,0,0,0,0,0,0,0,0,0.0,0.0,0.0
2020-09-10,Riverside,065,2383286.0,33,1,8,0,25,1,0,0,18,0,26,0,8,1,7.552597548091165e-06,1.0909307569465016e-05,3.356710021373851e-06
2020-09-10,Sacramento,067,1510023.0,82,2,47,2,35,0,0,0,60,2,71,2,11,0,3.973449411035461e-05,4.701915136391962e-05,7.284657253565012e-06
2020-09-10,San Benito,069,59416.0,0,0,0,0,0,0,0,0,0,0,0,0,0,0,0.0,0.0,0.0
2020-09-10,San Bernardino,071,2135413.0,14,0,2,0,12,0,0,0,6,0,10,0,4,0,2.809760922126071e-06,4.682934870210119e-06,1.8731739480840475e-06
2020-09-10,San Diego,073,3302833.0,327,15,107,3,220,12,0,0,179,5,252,5,73,10,5.419589788523973e-05,7.629813557028164e-05,2.2102237685041905e-05
2020-09-10,San Francisco,075,870044.0,18,0,14,0,4,0,0,0,9,0,14,0,5,0,1.0344304425983052e-05,1.6091140218195862e-05,5.746835792212808e-06
2020-09-10,San Joaquin,077,732212.0,10,2,7,2,3,0,0,0,4,1,7,1,3,1,5.4628987233205685e-06,9.560072765810995e-06,4.097174042490426e-06
2020-09-10,San Luis Obispo,079,281455.0,2,0,0,0,2,0,0,0,0,0,1,0,1,0,0.0,3.552965838233465e-06,3.552965838233465e-06
2020-09-10,San Mateo,081,765935.0,24,0,20,0,4,0,0,0,14,0,19,0,5,0,1.8278313433907572e-05,2.4806282517446e-05,6.5279690835384205e-06
2020-09-10,Santa Barbara,083,443738.0,3,0,3,0,0,0,0,0,3,0,3,0,0,0,6.760746206094587e-06,6.760746206094587e-06,0.0
2020-09-10,Santa Clara,085,1922200.0,77,5,71,5,6,0,0,0,38,3,58,3,20,2,1.9769014670689837e-05,3.01737592342108e-05,1.0404744563520965e-05
2020-09-10,Santa Cruz,087,273765.0,4,0,3,0,1,0,0,0,2,0,3,0,1,0,7.305535769729512e-06,1.095830365459427e-05,3.652767884864756e-06
2020-09-10,Shasta,089,179085.0,202,8,84,1,118,7,0,0,104,6,153,6,49,2,0.0005807298210347,0.0008543429097914,0.0002736130887567
2020-09-10,Sierra,091,2930.0,0,0,0,0,0,0,0,0,0,0,0,0,0,0,0.0,0.0,0.0
2020-09-10,Siskiyou,093,43540.0,5,0,4,0,1,0,0,0,3,0,4,0,1,0,6.890215893431327e-05,9.186954524575104e-05,2.296738631143776e-05
2020-09-10,Solano,095,438530.0,3,0,3,0,0,0,0,0,1,0,2,0,1,0,2.280345700408182e-06,4.560691400816364e-06,2.280345700408182e-06
2020-09-10,Sonoma,097,501317.0,1,0,0,0,1,0,0,0,1,0,1,0,0,0,1.9947458394588654e-06,1.9947458394588654e-06,0.0
2020-09-10,Stanislaus,099,539301.0,9,0,8,0,1,0,0,0,9,0,9,0,0,0,1.668826870337715e-05,1.668826870337715e-05,0.0
2020-09-10,Sutter,101,95872.0,0,0,0,0,0,0,0,0,0,0,0,0,0,0,0.0,0.0,0.0
2020-09-10,Tehama,103,63373.0,17,0,5,0,12,0,0,0,9,0,13,0,4,0,0.0001420163160967,0.0002051346788064,6.311836270967131e-05
2020-09-10,Trinity,105,12862.0,2,0,0,0,2,0,0,0,0,0,1,0,1,0,0.0,7.774840615767377e-05,7.774840615767377e-05
2020-09-10,Tulare,107,460477.0,1,0,1,0,0,0,0,0,1,0,1,0,0,0,2.171661125311362e-06,2.171661125311362e-06,0.0
2020-09-10,Tuolumne,109,53932.0,0,0,0,0,0,0,0,0,0,0,0,0,0,0,0.0,0.0,0.0
2020-09-10,Ventura,111,848112.0,13,0,10,0,3,0,0,0,9,0,11,0,2,0,1.0611805987888391e-05,1.2969985096308034e-05,2.3581791084196427e-06
2020-09-10,Yolo,113,214977.0,26,0,11,0,15,0,0,0,17,0,22,0,5,0,7.907822697311805e-05,0.000102336529024,2.3258302050917078e-05
2020-09-10,Yuba,115,75493.0,1,0,0,0,1,0,0,0,1,0,1,0,0,0,1.3246261242764227e-05,1.3246261242764227e-05,0.0
2020-09-09,Alameda,001,1643700.0,51,8,48,8,3,0,0,0,17,1,34,1,17,7,1.0342519924560445e-05,2.068503984912089e-05,1.0342519924560445e-05
2020-09-09,Alpine,003,1148.0,0,0,0,0,0,0,0,0,0,0,0,0,0,0,0.0,0.0,0.0
2020-09-09,Amador,005,37829.0,0,0,0,0,0,0,0,0,0,0,0,0,0,0,0.0,0.0,0.0
2020-09-09,Butte,007,227075.0,10,1,4,0,6,1,0,0,10,1,10,1,0,0,4.403831333259936e-05,4.403831333259936e-05,0.0
2020-09-09,Calaveras,009,45235.0,1,0,1,0,0,0,0,0,1,0,1,0,0,0,2.2106775726760254e-05,2.2106775726760254e-05,0.0
2020-09-09,Colusa,011,21464.0,0,0,0,0,0,0,0,0,0,0,0,0,0,0,0.0,0.0,0.0
2020-09-09,Contra Costa,013,1133247.0,71,3,64,2,7,1,0,0,32,1,52,1,20,2,2.8237445146556752e-05,4.588584836315472e-05,1.764840321659797e-05
2020-09-09,Del Norte,015,27424.0,0,0,0,0,0,0,0,0,0,0,0,0,0,0,0.0,0.0,0.0
2020-09-09,El Dorado,017,186661.0,7,1,3,1,4,0,0,0,3,1,5,1,2,0,1.6071916468892806e-05,2.678652744815468e-05,1.0714610979261871e-05
2020-09-09,Fresno,019,978130.0,5,0,4,0,1,0,0,0,5,0,5,0,0,0,5.111794955680738e-06,5.111794955680738e-06,0.0
2020-09-09,Glenn,021,27897.0,2,0,1,0,1,0,0,0,2,0,2,0,0,0,7.169229666272359e-05,7.169229666272359e-05,0.0
2020-09-09,Humboldt,023,135768.0,1,0,1,0,0,0,0,0,1,0,1,0,0,0,7.365505862942667e-06,7.365505862942667e-06,0.0
2020-09-09,Imperial,025,180216.0,1,0,0,0,1,0,0,0,1,0,1,0,0,0,5.548896879300395e-06,5.548896879300395e-06,0.0
2020-09-09,Inyo,027,18085.0,0,0,0,0,0,0,0,0,0,0,0,0,0,0,0.0,0.0,0.0
2020-09-09,Kern,029,883053.0,3,0,2,0,1,0,0,0,3,0,3,0,0,0,3.397304578547381e-06,3.397304578547381e-06,0.0
2020-09-09,Kings,031,150075.0,0,0,0,0,0,0,0,0,0,0,0,0,0,0,0.0,0.0,0.0
2020-09-09,Lake,033,64148.0,0,0,0,0,0,0,0,0,0,0,0,0,0,0,0.0,0.0,0.0
2020-09-09,Lassen,035,31185.0,2,0,0,0,2,0,0,0,0,0,1,0,1,0,0.0,3.20666987333654e-05,3.20666987333654e-05
2020-09-09,Los Angeles,037,10098052.0,252,12,216,9,36,3,0,0,205,9,230,9,25,3,2.0300945172395627e-05,2.277667019341948e-05,2.475725021023857e-06
2020-09-09,Madera,039,155013.0,0,0,0,0,0,0,0,0,0,0,0,0,0,0,0.0,0.0,0.0
2020-09-09,Marin,041,260295.0,3,0,3,0,0,0,0,0,3,0,3,0,0,0,1.1525384659713018e-05,1.1525384659713018e-05,0.0
2020-09-09,Mariposa,043,17540.0,0,0,0,0,0,0,0,0,0,0,0,0,0,0,0.0,0.0,0.0
2020-09-09,Mendocino,045,87422.0,1,0,0,0,1,0,0,0,1,0,1,0,0,0,1.1438768273432316e-05,1.1438768273432316e-05,0.0
2020-09-09,Merced,047,269075.0,4,1,4,1,0,0,0,0,2,0,3,0,1,1,7.43287187587104e-06,1.114930781380656e-05,3.71643593793552e-06
2020-09-09,Modoc,049,8938.0,0,0,0,0,0,0,0,0,0,0,0,0,0,0,0.0,0.0,0.0
2020-09-09,Mono,051,14174.0,0,0,0,0,0,0,0,0,0,0,0,0,0,0,0.0,0.0,0.0
2020-09-09,Monterey,053,433212.0,1,0,0,0,1,0,0,0,1,0,1,0,0,0,2.308338642512211e-06,2.308338642512211e-06,0.0
2020-09-09,Napa,055,140530.0,0,0,0,0,0,0,0,0,0,0,0,0,0,0,0.0,0.0,0.0
2020-09-09,Nevada,057,99092.0,1,0,1,0,0,0,0,0,1,0,1,0,0,0,1.009163201873007e-05,1.009163201873007e-05,0.0
2020-09-09,Orange,059,3164182.0,74,3,60,3,14,0,0,0,48,2,61,2,13,1,1.5169797438958948e-05,1.9278284245343663e-05,4.108486806384715e-06
2020-09-09,Placer,061,380077.0,9,0,6,0,3,0,0,0,7,0,8,0,1,0,1.841732070080536e-05,2.104836651520613e-05,2.6310458144007663e-06
2020-09-09,Plumas,063,18699.0,0,0,0,0,0,0,0,0,0,0,0,0,0,0,0.0,0.0,0.0
2020-09-09,Riverside,065,2383286.0,32,1,8,1,24,0,0,0,19,1,26,1,7,0,7.972186300762897e-06,1.0909307569465016e-05,2.93712126870212e-06
2020-09-09,Sacramento,067,1510023.0,80,5,45,4,35,1,0,0,58,4,69,4,11,1,3.841001097334279e-05,4.56946682269078e-05,7.284657253565012e-06
2020-09-09,San Benito,069,59416.0,0,0,0,0,0,0,0,0,0,0,0,0,0,0,0.0,0.0,0.0
2020-09-09,San Bernardino,071,2135413.0,14,2,2,0,12,2,0,0,6,0,10,0,4,2,2.809760922126071e-06,4.682934870210119e-06,1.8731739480840475e-06
2020-09-09,San Diego,073,3302833.0,312,22,104,9,208,13,0,0,184,15,247,15,63,7,5.570974978147548e-05,7.478428367404589e-05,1.907453389257041e-05
2020-09-09,San Francisco,075,870044.0,18,1,14,1,4,0,0,0,9,1,14,1,5,0,1.0344304425983052e-05,1.6091140218195862e-05,5.746835792212808e-06
2020-09-09,San Joaquin,077,732212.0,8,0,5,0,3,0,0,0,4,0,6,0,2,0,5.4628987233205685e-06,8.194348084980852e-06,2.731449361660284e-06
2020-09-09,San Luis Obispo,079,281455.0,2,0,0,0,2,0,0,0,0,0,1,0,1,0,0.0,3.552965838233465e-06,3.552965838233465e-06
2020-09-09,San Mateo,081,765935.0,24,1,20,0,4,1,0,0,14,0,19,0,5,1,1.8278313433907572e-05,2.4806282517446e-05,6.5279690835384205e-06
2020-09-09,Santa Barbara,083,443738.0,3,0,3,0,0,0,0,0,3,0,3,0,0,0,6.760746206094587e-06,6.760746206094587e-06,0.0
2020-09-09,Santa Clara,085,1922200.0,72,7,66,7,6,0,0,0,37,3,55,3,18,4,1.9248777442513788e-05,2.8613047549682652e-05,9.364270107168867e-06
2020-09-09,Santa Cruz,087,273765.0,4,1,3,1,1,0,0,0,2,0,3,0,1,1,7.305535769729512e-06,1.095830365459427e-05,3.652767884864756e-06
2020-09-09,Shasta,089,179085.0,194,19,83,18,111,1,0,0,100,0,147,0,47,19,0.0005583940586872,0.0008208392662702,0.0002624452075829
2020-09-09,Sierra,091,2930.0,0,0,0,0,0,0,0,0,0,0,0,0,0,0,0.0,0.0,0.0
2020-09-09,Siskiyou,093,43540.0,5,0,4,0,1,0,0,0,3,0,4,0,1,0,6.890215893431327e-05,9.186954524575104e-05,2.296738631143776e-05
2020-09-09,Solano,095,438530.0,3,0,3,0,0,0,0,0,1,0,2,0,1,0,2.280345700408182e-06,4.560691400816364e-06,2.280345700408182e-06
2020-09-09,Sonoma,097,501317.0,1,0,0,0,1,0,0,0,1,0,1,0,0,0,1.9947458394588654e-06,1.9947458394588654e-06,0.0
2020-09-09,Stanislaus,099,539301.0,9,0,8,0,1,0,0,0,9,0,9,0,0,0,1.668826870337715e-05,1.668826870337715e-05,0.0
2020-09-09,Sutter,101,95872.0,0,0,0,0,0,0,0,0,0,0,0,0,0,0,0.0,0.0,0.0
2020-09-09,Tehama,103,63373.0,17,1,5,1,12,0,0,0,9,0,13,0,4,1,0.0001420163160967,0.0002051346788064,6.311836270967131e-05
2020-09-09,Trinity,105,12862.0,2,0,0,0,2,0,0,0,0,0,1,0,1,0,0.0,7.774840615767377e-05,7.774840615767377e-05
2020-09-09,Tulare,107,460477.0,1,1,1,1,0,0,0,0,1,1,1,1,0,0,2.171661125311362e-06,2.171661125311362e-06,0.0
2020-09-09,Tuolumne,109,53932.0,0,0,0,0,0,0,0,0,0,0,0,0,0,0,0.0,0.0,0.0
2020-09-09,Ventura,111,848112.0,13,2,10,2,3,0,0,0,9,2,11,2,2,0,1.0611805987888391e-05,1.2969985096308034e-05,2.3581791084196427e-06
2020-09-09,Yolo,113,214977.0,26,1,11,1,15,0,0,0,17,1,22,1,5,0,7.907822697311805e-05,0.000102336529024,2.3258302050917078e-05
2020-09-09,Yuba,115,75493.0,1,0,0,0,1,0,0,0,1,0,1,0,0,0,1.3246261242764227e-05,1.3246261242764227e-05,0.0
2020-09-08,Alameda,001,1643700.0,43,2,40,2,3,0,0,0,23,1,33,1,10,1,1.3992821074405304e-05,2.0076656324146742e-05,6.083835249741437e-06
2020-09-08,Alpine,003,1148.0,0,0,0,0,0,0,0,0,0,0,0,0,0,0,0.0,0.0,0.0
2020-09-08,Amador,005,37829.0,0,0,0,0,0,0,0,0,0,0,0,0,0,0,0.0,0.0,0.0
2020-09-08,Butte,007,227075.0,9,0,4,0,5,0,0,0,9,0,9,0,0,0,3.963448199933943e-05,3.963448199933943e-05,0.0
2020-09-08,Calaveras,009,45235.0,1,0,1,0,0,0,0,0,1,0,1,0,0,0,2.2106775726760254e-05,2.2106775726760254e-05,0.0
2020-09-08,Colusa,011,21464.0,0,0,0,0,0,0,0,0,0,0,0,0,0,0,0.0,0.0,0.0
2020-09-08,Contra Costa,013,1133247.0,68,4,62,4,6,0,0,0,33,2,51,2,18,2,2.911986530738665e-05,4.500342820232482e-05,1.5883562894938174e-05
2020-09-08,Del Norte,015,27424.0,0,0,0,0,0,0,0,0,0,0,0,0,0,0,0.0,0.0,0.0
2020-09-08,El Dorado,017,186661.0,6,1,2,1,4,0,0,0,2,1,4,1,2,0,1.0714610979261871e-05,2.1429221958523742e-05,1.0714610979261871e-05
2020-09-08,Fresno,019,978130.0,5,0,4,0,1,0,0,0,5,0,5,0,0,0,5.111794955680738e-06,5.111794955680738e-06,0.0
2020-09-08,Glenn,021,27897.0,2,0,1,0,1,0,0,0,2,0,2,0,0,0,7.169229666272359e-05,7.169229666272359e-05,0.0
2020-09-08,Humboldt,023,135768.0,1,0,1,0,0,0,0,0,1,0,1,0,0,0,7.365505862942667e-06,7.365505862942667e-06,0.0
2020-09-08,Imperial,025,180216.0,1,0,0,0,1,0,0,0,1,0,1,0,0,0,5.548896879300395e-06,5.548896879300395e-06,0.0
2020-09-08,Inyo,027,18085.0,0,0,0,0,0,0,0,0,0,0,0,0,0,0,0.0,0.0,0.0
2020-09-08,Kern,029,883053.0,3,0,2,0,1,0,0,0,3,0,3,0,0,0,3.397304578547381e-06,3.397304578547381e-06,0.0
2020-09-08,Kings,031,150075.0,0,0,0,0,0,0,0,0,0,0,0,0,0,0,0.0,0.0,0.0
2020-09-08,Lake,033,64148.0,0,0,0,0,0,0,0,0,0,0,0,0,0,0,0.0,0.0,0.0
2020-09-08,Lassen,035,31185.0,2,1,0,0,2,1,0,0,0,0,1,0,1,1,0.0,3.20666987333654e-05,3.20666987333654e-05
2020-09-08,Los Angeles,037,10098052.0,240,19,207,17,33,2,0,0,199,12,221,12,22,7,1.9706771167349905e-05,2.188540918585089e-05,2.178638018500994e-06
2020-09-08,Madera,039,155013.0,0,0,0,0,0,0,0,0,0,0,0,0,0,0,0.0,0.0,0.0
2020-09-08,Marin,041,260295.0,3,0,3,0,0,0,0,0,3,0,3,0,0,0,1.1525384659713018e-05,1.1525384659713018e-05,0.0
2020-09-08,Mariposa,043,17540.0,0,0,0,0,0,0,0,0,0,0,0,0,0,0,0.0,0.0,0.0
2020-09-08,Mendocino,045,87422.0,1,0,0,0,1,0,0,0,1,0,1,0,0,0,1.1438768273432316e-05,1.1438768273432316e-05,0.0
2020-09-08,Merced,047,269075.0,3,0,3,0,0,0,0,0,3,0,3,0,0,0,1.114930781380656e-05,1.114930781380656e-05,0.0
2020-09-08,Modoc,049,8938.0,0,0,0,0,0,0,0,0,0,0,0,0,0,0,0.0,0.0,0.0
2020-09-08,Mono,051,14174.0,0,0,0,0,0,0,0,0,0,0,0,0,0,0,0.0,0.0,0.0
2020-09-08,Monterey,053,433212.0,1,0,0,0,1,0,0,0,1,0,1,0,0,0,2.308338642512211e-06,2.308338642512211e-06,0.0
2020-09-08,Napa,055,140530.0,0,0,0,0,0,0,0,0,0,0,0,0,0,0,0.0,0.0,0.0
2020-09-08,Nevada,057,99092.0,1,0,1,0,0,0,0,0,1,0,1,0,0,0,1.009163201873007e-05,1.009163201873007e-05,0.0
2020-09-08,Orange,059,3164182.0,71,2,57,1,14,1,0,0,47,1,59,1,12,1,1.485375999231397e-05,1.8646209352053706e-05,3.7924493597397366e-06
2020-09-08,Placer,061,380077.0,9,0,6,0,3,0,0,0,7,0,8,0,1,0,1.841732070080536e-05,2.104836651520613e-05,2.6310458144007663e-06
2020-09-08,Plumas,063,18699.0,0,0,0,0,0,0,0,0,0,0,0,0,0,0,0.0,0.0,0.0
2020-09-08,Riverside,065,2383286.0,31,2,7,1,24,1,0,0,18,1,25,1,7,1,7.552597548091165e-06,1.0489718816793285e-05,2.93712126870212e-06
2020-09-08,Sacramento,067,1510023.0,75,7,41,6,34,1,0,0,55,6,65,6,10,1,3.642328626782506e-05,4.304570195288416e-05,6.622415685059102e-06
2020-09-08,San Benito,069,59416.0,0,0,0,0,0,0,0,0,0,0,0,0,0,0,0.0,0.0,0.0
2020-09-08,San Bernardino,071,2135413.0,12,1,2,0,10,1,0,0,8,1,10,1,2,0,3.746347896168095e-06,4.682934870210119e-06,9.365869740420238e-07
2020-09-08,San Diego,073,3302833.0,290,20,95,8,195,12,0,0,176,10,232,10,56,9,5.3287586747498285e-05,7.024272798533865e-05,1.6955141237840362e-05
2020-09-08,San Francisco,075,870044.0,17,3,13,3,4,0,0,0,8,0,13,0,5,3,9.194937267540491e-06,1.49417730597533e-05,5.746835792212808e-06
2020-09-08,San Joaquin,077,732212.0,8,0,5,0,3,0,0,0,4,0,6,0,2,0,5.4628987233205685e-06,8.194348084980852e-06,2.731449361660284e-06
2020-09-08,San Luis Obispo,079,281455.0,2,1,0,0,2,1,0,0,0,0,1,0,1,1,0.0,3.552965838233465e-06,3.552965838233465e-06
2020-09-08,San Mateo,081,765935.0,23,1,20,1,3,0,0,0,15,0,19,0,4,1,1.958390725061526e-05,2.4806282517446e-05,5.222375266830736e-06
2020-09-08,Santa Barbara,083,443738.0,3,0,3,0,0,0,0,0,3,0,3,0,0,0,6.760746206094587e-06,6.760746206094587e-06,0.0
2020-09-08,Santa Clara,085,1922200.0,65,7,59,6,6,1,0,0,38,4,52,4,14,3,1.9769014670689837e-05,2.705233586515451e-05,7.283321194464676e-06
2020-09-08,Santa Cruz,087,273765.0,3,1,2,1,1,0,0,0,3,1,3,1,0,0,1.095830365459427e-05,1.095830365459427e-05,0.0
2020-09-08,Shasta,089,179085.0,175,15,65,0,110,15,0,0,119,1,147,1,28,14,0.0006644889298377,0.0008208392662702,0.0001563503364324
2020-09-08,Sierra,091,2930.0,0,0,0,0,0,0,0,0,0,0,0,0,0,0,0.0,0.0,0.0
2020-09-08,Siskiyou,093,43540.0,5,0,4,0,1,0,0,0,3,0,4,0,1,0,6.890215893431327e-05,9.186954524575104e-05,2.296738631143776e-05
2020-09-08,Solano,095,438530.0,3,0,3,0,0,0,0,0,1,0,2,0,1,0,2.280345700408182e-06,4.560691400816364e-06,2.280345700408182e-06
2020-09-08,Sonoma,097,501317.0,1,0,0,0,1,0,0,0,1,0,1,0,0,0,1.9947458394588654e-06,1.9947458394588654e-06,0.0
2020-09-08,Stanislaus,099,539301.0,9,0,8,0,1,0,0,0,9,0,9,0,0,0,1.668826870337715e-05,1.668826870337715e-05,0.0
2020-09-08,Sutter,101,95872.0,0,0,0,0,0,0,0,0,0,0,0,0,0,0,0.0,0.0,0.0
2020-09-08,Tehama,103,63373.0,16,3,4,0,12,3,0,0,10,1,13,1,3,2,0.0001577959067741,0.0002051346788064,4.733877203225348e-05
2020-09-08,Trinity,105,12862.0,2,1,0,0,2,1,0,0,0,0,1,0,1,1,0.0,7.774840615767377e-05,7.774840615767377e-05
2020-09-08,Tulare,107,460477.0,0,0,0,0,0,0,0,0,0,0,0,0,0,0,0.0,0.0,0.0
2020-09-08,Tuolumne,109,53932.0,0,0,0,0,0,0,0,0,0,0,0,0,0,0,0.0,0.0,0.0
2020-09-08,Ventura,111,848112.0,11,0,8,0,3,0,0,0,7,0,9,0,2,0,8.253626879468749e-06,1.0611805987888391e-05,2.3581791084196427e-06
2020-09-08,Yolo,113,214977.0,25,0,10,0,15,0,0,0,16,0,21,0,5,0,7.442656656293464e-05,9.768486861385173e-05,2.3258302050917078e-05
2020-09-08,Yuba,115,75493.0,1,0,0,0,1,0,0,0,1,0,1,0,0,0,1.3246261242764227e-05,1.3246261242764227e-05,0.0
2020-09-07,Alameda,001,1643700.0,41,0,38,0,3,0,0,0,23,0,32,0,9,0,1.3992821074405304e-05,1.94682727991726e-05,5.475451724767293e-06
2020-09-07,Alpine,003,1148.0,0,0,0,0,0,0,0,0,0,0,0,0,0,0,0.0,0.0,0.0
2020-09-07,Amador,005,37829.0,0,0,0,0,0,0,0,0,0,0,0,0,0,0,0.0,0.0,0.0
2020-09-07,Butte,007,227075.0,9,0,4,0,5,0,0,0,9,0,9,0,0,0,3.963448199933943e-05,3.963448199933943e-05,0.0
2020-09-07,Calaveras,009,45235.0,1,0,1,0,0,0,0,0,1,0,1,0,0,0,2.2106775726760254e-05,2.2106775726760254e-05,0.0
2020-09-07,Colusa,011,21464.0,0,0,0,0,0,0,0,0,0,0,0,0,0,0,0.0,0.0,0.0
2020-09-07,Contra Costa,013,1133247.0,64,1,58,1,6,0,0,0,33,1,49,1,16,0,2.911986530738665e-05,4.323858788066503e-05,1.4118722573278376e-05
2020-09-07,Del Norte,015,27424.0,0,0,0,0,0,0,0,0,0,0,0,0,0,0,0.0,0.0,0.0
2020-09-07,El Dorado,017,186661.0,5,0,1,0,4,0,0,0,1,0,3,0,2,0,5.357305489630936e-06,1.6071916468892806e-05,1.0714610979261871e-05
2020-09-07,Fresno,019,978130.0,5,0,4,0,1,0,0,0,5,0,5,0,0,0,5.111794955680738e-06,5.111794955680738e-06,0.0
2020-09-07,Glenn,021,27897.0,2,0,1,0,1,0,0,0,2,0,2,0,0,0,7.169229666272359e-05,7.169229666272359e-05,0.0
2020-09-07,Humboldt,023,135768.0,1,0,1,0,0,0,0,0,1,0,1,0,0,0,7.365505862942667e-06,7.365505862942667e-06,0.0
2020-09-07,Imperial,025,180216.0,1,0,0,0,1,0,0,0,1,0,1,0,0,0,5.548896879300395e-06,5.548896879300395e-06,0.0
2020-09-07,Inyo,027,18085.0,0,0,0,0,0,0,0,0,0,0,0,0,0,0,0.0,0.0,0.0
2020-09-07,Kern,029,883053.0,3,0,2,0,1,0,0,0,3,0,3,0,0,0,3.397304578547381e-06,3.397304578547381e-06,0.0
2020-09-07,Kings,031,150075.0,0,0,0,0,0,0,0,0,0,0,0,0,0,0,0.0,0.0,0.0
2020-09-07,Lake,033,64148.0,0,0,0,0,0,0,0,0,0,0,0,0,0,0,0.0,0.0,0.0
2020-09-07,Lassen,035,31185.0,1,0,0,0,1,0,0,0,1,0,1,0,0,0,3.20666987333654e-05,3.20666987333654e-05,0.0
2020-09-07,Los Angeles,037,10098052.0,221,0,190,0,31,0,0,0,194,0,209,0,15,0,1.921162616314513e-05,2.0697061175759444e-05,1.4854350126143142e-06
2020-09-07,Madera,039,155013.0,0,0,0,0,0,0,0,0,0,0,0,0,0,0,0.0,0.0,0.0
2020-09-07,Marin,041,260295.0,3,0,3,0,0,0,0,0,3,0,3,0,0,0,1.1525384659713018e-05,1.1525384659713018e-05,0.0
2020-09-07,Mariposa,043,17540.0,0,0,0,0,0,0,0,0,0,0,0,0,0,0,0.0,0.0,0.0
2020-09-07,Mendocino,045,87422.0,1,0,0,0,1,0,0,0,1,0,1,0,0,0,1.1438768273432316e-05,1.1438768273432316e-05,0.0
2020-09-07,Merced,047,269075.0,3,0,3,0,0,0,0,0,3,0,3,0,0,0,1.114930781380656e-05,1.114930781380656e-05,0.0
2020-09-07,Modoc,049,8938.0,0,0,0,0,0,0,0,0,0,0,0,0,0,0,0.0,0.0,0.0
2020-09-07,Mono,051,14174.0,0,0,0,0,0,0,0,0,0,0,0,0,0,0,0.0,0.0,0.0
2020-09-07,Monterey,053,433212.0,1,0,0,0,1,0,0,0,1,0,1,0,0,0,2.308338642512211e-06,2.308338642512211e-06,0.0
2020-09-07,Napa,055,140530.0,0,0,0,0,0,0,0,0,0,0,0,0,0,0,0.0,0.0,0.0
2020-09-07,Nevada,057,99092.0,1,0,1,0,0,0,0,0,1,0,1,0,0,0,1.009163201873007e-05,1.009163201873007e-05,0.0
2020-09-07,Orange,059,3164182.0,69,0,56,0,13,0,0,0,47,0,58,0,11,0,1.485375999231397e-05,1.8330171905408727e-05,3.476411913094758e-06
2020-09-07,Placer,061,380077.0,9,0,6,0,3,0,0,0,7,0,8,0,1,0,1.841732070080536e-05,2.104836651520613e-05,2.6310458144007663e-06
2020-09-07,Plumas,063,18699.0,0,0,0,0,0,0,0,0,0,0,0,0,0,0,0.0,0.0,0.0
2020-09-07,Riverside,065,2383286.0,29,0,6,0,23,0,0,0,18,0,24,0,6,0,7.552597548091165e-06,1.0070130064121554e-05,2.5175325160303884e-06
2020-09-07,Sacramento,067,1510023.0,68,0,35,0,33,0,0,0,50,0,59,0,9,0,3.311207842529551e-05,3.90722525418487e-05,5.960174116553192e-06
2020-09-07,San Benito,069,59416.0,0,0,0,0,0,0,0,0,0,0,0,0,0,0,0.0,0.0,0.0
2020-09-07,San Bernardino,071,2135413.0,11,0,2,0,9,0,0,0,7,0,9,0,2,0,3.278054409147083e-06,4.214641383189107e-06,9.365869740420238e-07
2020-09-07,San Diego,073,3302833.0,270,1,87,0,183,1,0,0,175,0,222,0,47,1,5.2984816368251137e-05,6.721502419286715e-05,1.423020782461602e-05
2020-09-07,San Francisco,075,870044.0,14,0,10,0,4,0,0,0,11,0,13,0,2,0,1.2643038742868176e-05,1.49417730597533e-05,2.2987343168851237e-06
2020-09-07,San Joaquin,077,732212.0,8,0,5,0,3,0,0,0,4,0,6,0,2,0,5.4628987233205685e-06,8.194348084980852e-06,2.731449361660284e-06
2020-09-07,San Luis Obispo,079,281455.0,1,0,0,0,1,0,0,0,1,0,1,0,0,0,3.552965838233465e-06,3.552965838233465e-06,0.0
2020-09-07,San Mateo,081,765935.0,22,0,19,0,3,0,0,0,16,0,19,0,3,0,2.0889501067322944e-05,2.4806282517446e-05,3.9167814501230525e-06
2020-09-07,Santa Barbara,083,443738.0,3,0,3,0,0,0,0,0,3,0,3,0,0,0,6.760746206094587e-06,6.760746206094587e-06,0.0
2020-09-07,Santa Clara,085,1922200.0,58,0,53,0,5,0,0,0,37,0,48,0,11,0,1.9248777442513788e-05,2.497138695245032e-05,5.722609509936531e-06
2020-09-07,Santa Cruz,087,273765.0,2,0,1,0,1,0,0,0,2,0,2,0,0,0,7.305535769729512e-06,7.305535769729512e-06,0.0
2020-09-07,Shasta,089,179085.0,160,0,65,0,95,0,0,0,132,0,146,0,14,0,0.0007370801574671,0.0008152553256833,7.817516821621018e-05
2020-09-07,Sierra,091,2930.0,0,0,0,0,0,0,0,0,0,0,0,0,0,0,0.0,0.0,0.0
2020-09-07,Siskiyou,093,43540.0,5,0,4,0,1,0,0,0,3,0,4,0,1,0,6.890215893431327e-05,9.186954524575104e-05,2.296738631143776e-05
2020-09-07,Solano,095,438530.0,3,0,3,0,0,0,0,0,1,0,2,0,1,0,2.280345700408182e-06,4.560691400816364e-06,2.280345700408182e-06
2020-09-07,Sonoma,097,501317.0,1,0,0,0,1,0,0,0,1,0,1,0,0,0,1.9947458394588654e-06,1.9947458394588654e-06,0.0
2020-09-07,Stanislaus,099,539301.0,9,0,8,0,1,0,0,0,9,0,9,0,0,0,1.668826870337715e-05,1.668826870337715e-05,0.0
2020-09-07,Sutter,101,95872.0,0,0,0,0,0,0,0,0,0,0,0,0,0,0,0.0,0.0,0.0
2020-09-07,Tehama,103,63373.0,13,0,4,0,9,0,0,0,11,0,12,0,1,0,0.0001735754974515,0.000189355088129,1.5779590677417828e-05
2020-09-07,Trinity,105,12862.0,1,0,0,0,1,0,0,0,1,0,1,0,0,0,7.774840615767377e-05,7.774840615767377e-05,0.0
2020-09-07,Tulare,107,460477.0,0,0,0,0,0,0,0,0,0,0,0,0,0,0,0.0,0.0,0.0
2020-09-07,Tuolumne,109,53932.0,0,0,0,0,0,0,0,0,0,0,0,0,0,0,0.0,0.0,0.0
2020-09-07,Ventura,111,848112.0,11,0,8,0,3,0,0,0,7,0,9,0,2,0,8.253626879468749e-06,1.0611805987888391e-05,2.3581791084196427e-06
2020-09-07,Yolo,113,214977.0,25,0,10,0,15,0,0,0,16,0,21,0,5,0,7.442656656293464e-05,9.768486861385173e-05,2.3258302050917078e-05
2020-09-07,Yuba,115,75493.0,1,0,0,0,1,0,0,0,1,0,1,0,0,0,1.3246261242764227e-05,1.3246261242764227e-05,0.0
2020-09-06,Alameda,001,1643700.0,41,0,38,0,3,0,0,0,23,0,32,0,9,0,1.3992821074405304e-05,1.94682727991726e-05,5.475451724767293e-06
2020-09-06,Alpine,003,1148.0,0,0,0,0,0,0,0,0,0,0,0,0,0,0,0.0,0.0,0.0
2020-09-06,Amador,005,37829.0,0,0,0,0,0,0,0,0,0,0,0,0,0,0,0.0,0.0,0.0
2020-09-06,Butte,007,227075.0,9,0,4,0,5,0,0,0,9,0,9,0,0,0,3.963448199933943e-05,3.963448199933943e-05,0.0
2020-09-06,Calaveras,009,45235.0,1,0,1,0,0,0,0,0,1,0,1,0,0,0,2.2106775726760254e-05,2.2106775726760254e-05,0.0
2020-09-06,Colusa,011,21464.0,0,0,0,0,0,0,0,0,0,0,0,0,0,0,0.0,0.0,0.0
2020-09-06,Contra Costa,013,1133247.0,63,0,57,0,6,0,0,0,32,0,48,0,16,0,2.8237445146556752e-05,4.235616771983513e-05,1.4118722573278376e-05
2020-09-06,Del Norte,015,27424.0,0,0,0,0,0,0,0,0,0,0,0,0,0,0,0.0,0.0,0.0
2020-09-06,El Dorado,017,186661.0,5,0,1,0,4,0,0,0,1,0,3,0,2,0,5.357305489630936e-06,1.6071916468892806e-05,1.0714610979261871e-05
2020-09-06,Fresno,019,978130.0,5,0,4,0,1,0,0,0,5,0,5,0,0,0,5.111794955680738e-06,5.111794955680738e-06,0.0
2020-09-06,Glenn,021,27897.0,2,0,1,0,1,0,0,0,2,0,2,0,0,0,7.169229666272359e-05,7.169229666272359e-05,0.0
2020-09-06,Humboldt,023,135768.0,1,0,1,0,0,0,0,0,1,0,1,0,0,0,7.365505862942667e-06,7.365505862942667e-06,0.0
2020-09-06,Imperial,025,180216.0,1,0,0,0,1,0,0,0,1,0,1,0,0,0,5.548896879300395e-06,5.548896879300395e-06,0.0
2020-09-06,Inyo,027,18085.0,0,0,0,0,0,0,0,0,0,0,0,0,0,0,0.0,0.0,0.0
2020-09-06,Kern,029,883053.0,3,0,2,0,1,0,0,0,3,0,3,0,0,0,3.397304578547381e-06,3.397304578547381e-06,0.0
2020-09-06,Kings,031,150075.0,0,0,0,0,0,0,0,0,0,0,0,0,0,0,0.0,0.0,0.0
2020-09-06,Lake,033,64148.0,0,0,0,0,0,0,0,0,0,0,0,0,0,0,0.0,0.0,0.0
2020-09-06,Lassen,035,31185.0,1,0,0,0,1,0,0,0,1,0,1,0,0,0,3.20666987333654e-05,3.20666987333654e-05,0.0
2020-09-06,Los Angeles,037,10098052.0,221,1,190,1,31,0,0,0,194,1,209,1,15,0,1.921162616314513e-05,2.0697061175759444e-05,1.4854350126143142e-06
2020-09-06,Madera,039,155013.0,0,0,0,0,0,0,0,0,0,0,0,0,0,0,0.0,0.0,0.0
2020-09-06,Marin,041,260295.0,3,0,3,0,0,0,0,0,3,0,3,0,0,0,1.1525384659713018e-05,1.1525384659713018e-05,0.0
2020-09-06,Mariposa,043,17540.0,0,0,0,0,0,0,0,0,0,0,0,0,0,0,0.0,0.0,0.0
2020-09-06,Mendocino,045,87422.0,1,0,0,0,1,0,0,0,1,0,1,0,0,0,1.1438768273432316e-05,1.1438768273432316e-05,0.0
2020-09-06,Merced,047,269075.0,3,0,3,0,0,0,0,0,3,0,3,0,0,0,1.114930781380656e-05,1.114930781380656e-05,0.0
2020-09-06,Modoc,049,8938.0,0,0,0,0,0,0,0,0,0,0,0,0,0,0,0.0,0.0,0.0
2020-09-06,Mono,051,14174.0,0,0,0,0,0,0,0,0,0,0,0,0,0,0,0.0,0.0,0.0
2020-09-06,Monterey,053,433212.0,1,0,0,0,1,0,0,0,1,0,1,0,0,0,2.308338642512211e-06,2.308338642512211e-06,0.0
2020-09-06,Napa,055,140530.0,0,0,0,0,0,0,0,0,0,0,0,0,0,0,0.0,0.0,0.0
2020-09-06,Nevada,057,99092.0,1,0,1,0,0,0,0,0,1,0,1,0,0,0,1.009163201873007e-05,1.009163201873007e-05,0.0
2020-09-06,Orange,059,3164182.0,69,0,56,0,13,0,0,0,47,0,58,0,11,0,1.485375999231397e-05,1.8330171905408727e-05,3.476411913094758e-06
2020-09-06,Placer,061,380077.0,9,0,6,0,3,0,0,0,7,0,8,0,1,0,1.841732070080536e-05,2.104836651520613e-05,2.6310458144007663e-06
2020-09-06,Plumas,063,18699.0,0,0,0,0,0,0,0,0,0,0,0,0,0,0,0.0,0.0,0.0
2020-09-06,Riverside,065,2383286.0,29,0,6,0,23,0,0,0,18,0,24,0,6,0,7.552597548091165e-06,1.0070130064121554e-05,2.5175325160303884e-06
2020-09-06,Sacramento,067,1510023.0,68,0,35,0,33,0,0,0,50,0,59,0,9,0,3.311207842529551e-05,3.90722525418487e-05,5.960174116553192e-06
2020-09-06,San Benito,069,59416.0,0,0,0,0,0,0,0,0,0,0,0,0,0,0,0.0,0.0,0.0
2020-09-06,San Bernardino,071,2135413.0,11,0,2,0,9,0,0,0,7,0,9,0,2,0,3.278054409147083e-06,4.214641383189107e-06,9.365869740420238e-07
2020-09-06,San Diego,073,3302833.0,269,0,87,0,182,0,0,0,176,0,222,0,46,0,5.3287586747498285e-05,6.721502419286715e-05,1.392743744536887e-05
2020-09-06,San Francisco,075,870044.0,14,0,10,0,4,0,0,0,11,0,13,0,2,0,1.2643038742868176e-05,1.49417730597533e-05,2.2987343168851237e-06
2020-09-06,San Joaquin,077,732212.0,8,0,5,0,3,0,0,0,4,0,6,0,2,0,5.4628987233205685e-06,8.194348084980852e-06,2.731449361660284e-06
2020-09-06,San Luis Obispo,079,281455.0,1,0,0,0,1,0,0,0,1,0,1,0,0,0,3.552965838233465e-06,3.552965838233465e-06,0.0
2020-09-06,San Mateo,081,765935.0,22,0,19,0,3,0,0,0,16,0,19,0,3,0,2.0889501067322944e-05,2.4806282517446e-05,3.9167814501230525e-06
2020-09-06,Santa Barbara,083,443738.0,3,0,3,0,0,0,0,0,3,0,3,0,0,0,6.760746206094587e-06,6.760746206094587e-06,0.0
2020-09-06,Santa Clara,085,1922200.0,58,0,53,0,5,0,0,0,37,0,48,0,11,0,1.9248777442513788e-05,2.497138695245032e-05,5.722609509936531e-06
2020-09-06,Santa Cruz,087,273765.0,2,0,1,0,1,0,0,0,2,0,2,0,0,0,7.305535769729512e-06,7.305535769729512e-06,0.0
2020-09-06,Shasta,089,179085.0,160,0,65,0,95,0,0,0,132,0,146,0,14,0,0.0007370801574671,0.0008152553256833,7.817516821621018e-05
2020-09-06,Sierra,091,2930.0,0,0,0,0,0,0,0,0,0,0,0,0,0,0,0.0,0.0,0.0
2020-09-06,Siskiyou,093,43540.0,5,0,4,0,1,0,0,0,3,0,4,0,1,0,6.890215893431327e-05,9.186954524575104e-05,2.296738631143776e-05
2020-09-06,Solano,095,438530.0,3,0,3,0,0,0,0,0,1,0,2,0,1,0,2.280345700408182e-06,4.560691400816364e-06,2.280345700408182e-06
2020-09-06,Sonoma,097,501317.0,1,0,0,0,1,0,0,0,1,0,1,0,0,0,1.9947458394588654e-06,1.9947458394588654e-06,0.0
2020-09-06,Stanislaus,099,539301.0,9,0,8,0,1,0,0,0,9,0,9,0,0,0,1.668826870337715e-05,1.668826870337715e-05,0.0
2020-09-06,Sutter,101,95872.0,0,0,0,0,0,0,0,0,0,0,0,0,0,0,0.0,0.0,0.0
2020-09-06,Tehama,103,63373.0,13,0,4,0,9,0,0,0,11,0,12,0,1,0,0.0001735754974515,0.000189355088129,1.5779590677417828e-05
2020-09-06,Trinity,105,12862.0,1,0,0,0,1,0,0,0,1,0,1,0,0,0,7.774840615767377e-05,7.774840615767377e-05,0.0
2020-09-06,Tulare,107,460477.0,0,0,0,0,0,0,0,0,0,0,0,0,0,0,0.0,0.0,0.0
2020-09-06,Tuolumne,109,53932.0,0,0,0,0,0,0,0,0,0,0,0,0,0,0,0.0,0.0,0.0
2020-09-06,Ventura,111,848112.0,11,0,8,0,3,0,0,0,7,0,9,0,2,0,8.253626879468749e-06,1.0611805987888391e-05,2.3581791084196427e-06
2020-09-06,Yolo,113,214977.0,25,0,10,0,15,0,0,0,16,0,21,0,5,0,7.442656656293464e-05,9.768486861385173e-05,2.3258302050917078e-05
2020-09-06,Yuba,115,75493.0,1,0,0,0,1,0,0,0,1,0,1,0,0,0,1.3246261242764227e-05,1.3246261242764227e-05,0.0
2020-09-05,Alameda,001,1643700.0,41,0,38,0,3,0,0,0,23,0,32,0,9,0,1.3992821074405304e-05,1.94682727991726e-05,5.475451724767293e-06
2020-09-05,Alpine,003,1148.0,0,0,0,0,0,0,0,0,0,0,0,0,0,0,0.0,0.0,0.0
2020-09-05,Amador,005,37829.0,0,0,0,0,0,0,0,0,0,0,0,0,0,0,0.0,0.0,0.0
2020-09-05,Butte,007,227075.0,9,1,4,0,5,1,0,0,9,1,9,1,0,0,3.963448199933943e-05,3.963448199933943e-05,0.0
2020-09-05,Calaveras,009,45235.0,1,0,1,0,0,0,0,0,1,0,1,0,0,0,2.2106775726760254e-05,2.2106775726760254e-05,0.0
2020-09-05,Colusa,011,21464.0,0,0,0,0,0,0,0,0,0,0,0,0,0,0,0.0,0.0,0.0
2020-09-05,Contra Costa,013,1133247.0,63,0,57,0,6,0,0,0,32,0,48,0,16,0,2.8237445146556752e-05,4.235616771983513e-05,1.4118722573278376e-05
2020-09-05,Del Norte,015,27424.0,0,0,0,0,0,0,0,0,0,0,0,0,0,0,0.0,0.0,0.0
2020-09-05,El Dorado,017,186661.0,5,0,1,0,4,0,0,0,1,0,3,0,2,0,5.357305489630936e-06,1.6071916468892806e-05,1.0714610979261871e-05
2020-09-05,Fresno,019,978130.0,5,0,4,0,1,0,0,0,5,0,5,0,0,0,5.111794955680738e-06,5.111794955680738e-06,0.0
2020-09-05,Glenn,021,27897.0,2,0,1,0,1,0,0,0,2,0,2,0,0,0,7.169229666272359e-05,7.169229666272359e-05,0.0
2020-09-05,Humboldt,023,135768.0,1,0,1,0,0,0,0,0,1,0,1,0,0,0,7.365505862942667e-06,7.365505862942667e-06,0.0
2020-09-05,Imperial,025,180216.0,1,0,0,0,1,0,0,0,1,0,1,0,0,0,5.548896879300395e-06,5.548896879300395e-06,0.0
2020-09-05,Inyo,027,18085.0,0,0,0,0,0,0,0,0,0,0,0,0,0,0,0.0,0.0,0.0
2020-09-05,Kern,029,883053.0,3,0,2,0,1,0,0,0,3,0,3,0,0,0,3.397304578547381e-06,3.397304578547381e-06,0.0
2020-09-05,Kings,031,150075.0,0,0,0,0,0,0,0,0,0,0,0,0,0,0,0.0,0.0,0.0
2020-09-05,Lake,033,64148.0,0,0,0,0,0,0,0,0,0,0,0,0,0,0,0.0,0.0,0.0
2020-09-05,Lassen,035,31185.0,1,0,0,0,1,0,0,0,1,0,1,0,0,0,3.20666987333654e-05,3.20666987333654e-05,0.0
2020-09-05,Los Angeles,037,10098052.0,220,4,189,2,31,2,0,0,193,4,208,4,15,0,1.9112597162304177e-05,2.059803217491849e-05,1.4854350126143142e-06
2020-09-05,Madera,039,155013.0,0,0,0,0,0,0,0,0,0,0,0,0,0,0,0.0,0.0,0.0
2020-09-05,Marin,041,260295.0,3,0,3,0,0,0,0,0,3,0,3,0,0,0,1.1525384659713018e-05,1.1525384659713018e-05,0.0
2020-09-05,Mariposa,043,17540.0,0,0,0,0,0,0,0,0,0,0,0,0,0,0,0.0,0.0,0.0
2020-09-05,Mendocino,045,87422.0,1,0,0,0,1,0,0,0,1,0,1,0,0,0,1.1438768273432316e-05,1.1438768273432316e-05,0.0
2020-09-05,Merced,047,269075.0,3,0,3,0,0,0,0,0,3,0,3,0,0,0,1.114930781380656e-05,1.114930781380656e-05,0.0
2020-09-05,Modoc,049,8938.0,0,0,0,0,0,0,0,0,0,0,0,0,0,0,0.0,0.0,0.0
2020-09-05,Mono,051,14174.0,0,0,0,0,0,0,0,0,0,0,0,0,0,0,0.0,0.0,0.0
2020-09-05,Monterey,053,433212.0,1,0,0,0,1,0,0,0,1,0,1,0,0,0,2.308338642512211e-06,2.308338642512211e-06,0.0
2020-09-05,Napa,055,140530.0,0,0,0,0,0,0,0,0,0,0,0,0,0,0,0.0,0.0,0.0
2020-09-05,Nevada,057,99092.0,1,0,1,0,0,0,0,0,1,0,1,0,0,0,1.009163201873007e-05,1.009163201873007e-05,0.0
2020-09-05,Orange,059,3164182.0,69,0,56,0,13,0,0,0,47,0,58,0,11,0,1.485375999231397e-05,1.8330171905408727e-05,3.476411913094758e-06
2020-09-05,Placer,061,380077.0,9,0,6,0,3,0,0,0,7,0,8,0,1,0,1.841732070080536e-05,2.104836651520613e-05,2.6310458144007663e-06
2020-09-05,Plumas,063,18699.0,0,0,0,0,0,0,0,0,0,0,0,0,0,0,0.0,0.0,0.0
2020-09-05,Riverside,065,2383286.0,29,0,6,0,23,0,0,0,18,0,24,0,6,0,7.552597548091165e-06,1.0070130064121554e-05,2.5175325160303884e-06
2020-09-05,Sacramento,067,1510023.0,68,0,35,0,33,0,0,0,50,0,59,0,9,0,3.311207842529551e-05,3.90722525418487e-05,5.960174116553192e-06
2020-09-05,San Benito,069,59416.0,0,0,0,0,0,0,0,0,0,0,0,0,0,0,0.0,0.0,0.0
2020-09-05,San Bernardino,071,2135413.0,11,0,2,0,9,0,0,0,7,0,9,0,2,0,3.278054409147083e-06,4.214641383189107e-06,9.365869740420238e-07
2020-09-05,San Diego,073,3302833.0,269,8,87,0,182,8,0,0,176,8,222,8,46,0,5.3287586747498285e-05,6.721502419286715e-05,1.392743744536887e-05
2020-09-05,San Francisco,075,870044.0,14,0,10,0,4,0,0,0,11,0,13,0,2,0,1.2643038742868176e-05,1.49417730597533e-05,2.2987343168851237e-06
2020-09-05,San Joaquin,077,732212.0,8,0,5,0,3,0,0,0,4,0,6,0,2,0,5.4628987233205685e-06,8.194348084980852e-06,2.731449361660284e-06
2020-09-05,San Luis Obispo,079,281455.0,1,0,0,0,1,0,0,0,1,0,1,0,0,0,3.552965838233465e-06,3.552965838233465e-06,0.0
2020-09-05,San Mateo,081,765935.0,22,0,19,0,3,0,0,0,16,0,19,0,3,0,2.0889501067322944e-05,2.4806282517446e-05,3.9167814501230525e-06
2020-09-05,Santa Barbara,083,443738.0,3,0,3,0,0,0,0,0,3,0,3,0,0,0,6.760746206094587e-06,6.760746206094587e-06,0.0
2020-09-05,Santa Clara,085,1922200.0,58,0,53,0,5,0,0,0,37,0,48,0,11,0,1.9248777442513788e-05,2.497138695245032e-05,5.722609509936531e-06
2020-09-05,Santa Cruz,087,273765.0,2,0,1,0,1,0,0,0,2,0,2,0,0,0,7.305535769729512e-06,7.305535769729512e-06,0.0
2020-09-05,Shasta,089,179085.0,160,2,65,0,95,2,0,0,132,2,146,2,14,0,0.0007370801574671,0.0008152553256833,7.817516821621018e-05
2020-09-05,Sierra,091,2930.0,0,0,0,0,0,0,0,0,0,0,0,0,0,0,0.0,0.0,0.0
2020-09-05,Siskiyou,093,43540.0,5,0,4,0,1,0,0,0,3,0,4,0,1,0,6.890215893431327e-05,9.186954524575104e-05,2.296738631143776e-05
2020-09-05,Solano,095,438530.0,3,0,3,0,0,0,0,0,1,0,2,0,1,0,2.280345700408182e-06,4.560691400816364e-06,2.280345700408182e-06
2020-09-05,Sonoma,097,501317.0,1,0,0,0,1,0,0,0,1,0,1,0,0,0,1.9947458394588654e-06,1.9947458394588654e-06,0.0
2020-09-05,Stanislaus,099,539301.0,9,0,8,0,1,0,0,0,9,0,9,0,0,0,1.668826870337715e-05,1.668826870337715e-05,0.0
2020-09-05,Sutter,101,95872.0,0,0,0,0,0,0,0,0,0,0,0,0,0,0,0.0,0.0,0.0
2020-09-05,Tehama,103,63373.0,13,0,4,0,9,0,0,0,11,0,12,0,1,0,0.0001735754974515,0.000189355088129,1.5779590677417828e-05
2020-09-05,Trinity,105,12862.0,1,0,0,0,1,0,0,0,1,0,1,0,0,0,7.774840615767377e-05,7.774840615767377e-05,0.0
2020-09-05,Tulare,107,460477.0,0,0,0,0,0,0,0,0,0,0,0,0,0,0,0.0,0.0,0.0
2020-09-05,Tuolumne,109,53932.0,0,0,0,0,0,0,0,0,0,0,0,0,0,0,0.0,0.0,0.0
2020-09-05,Ventura,111,848112.0,11,0,8,0,3,0,0,0,7,0,9,0,2,0,8.253626879468749e-06,1.0611805987888391e-05,2.3581791084196427e-06
2020-09-05,Yolo,113,214977.0,25,0,10,0,15,0,0,0,16,0,21,0,5,0,7.442656656293464e-05,9.768486861385173e-05,2.3258302050917078e-05
2020-09-05,Yuba,115,75493.0,1,0,0,0,1,0,0,0,1,0,1,0,0,0,1.3246261242764227e-05,1.3246261242764227e-05,0.0
2020-09-04,Alameda,001,1643700.0,41,3,38,3,3,0,0,0,23,2,32,2,9,1,1.3992821074405304e-05,1.94682727991726e-05,5.475451724767293e-06
2020-09-04,Alpine,003,1148.0,0,0,0,0,0,0,0,0,0,0,0,0,0,0,0.0,0.0,0.0
2020-09-04,Amador,005,37829.0,0,0,0,0,0,0,0,0,0,0,0,0,0,0,0.0,0.0,0.0
2020-09-04,Butte,007,227075.0,8,0,4,0,4,0,0,0,8,0,8,0,0,0,3.523065066607949e-05,3.523065066607949e-05,0.0
2020-09-04,Calaveras,009,45235.0,1,0,1,0,0,0,0,0,1,0,1,0,0,0,2.2106775726760254e-05,2.2106775726760254e-05,0.0
2020-09-04,Colusa,011,21464.0,0,0,0,0,0,0,0,0,0,0,0,0,0,0,0.0,0.0,0.0
2020-09-04,Contra Costa,013,1133247.0,63,2,57,2,6,0,0,0,32,1,48,1,16,1,2.8237445146556752e-05,4.235616771983513e-05,1.4118722573278376e-05
2020-09-04,Del Norte,015,27424.0,0,0,0,0,0,0,0,0,0,0,0,0,0,0,0.0,0.0,0.0
2020-09-04,El Dorado,017,186661.0,5,0,1,0,4,0,0,0,1,0,3,0,2,0,5.357305489630936e-06,1.6071916468892806e-05,1.0714610979261871e-05
2020-09-04,Fresno,019,978130.0,5,0,4,0,1,0,0,0,5,0,5,0,0,0,5.111794955680738e-06,5.111794955680738e-06,0.0
2020-09-04,Glenn,021,27897.0,2,0,1,0,1,0,0,0,2,0,2,0,0,0,7.169229666272359e-05,7.169229666272359e-05,0.0
2020-09-04,Humboldt,023,135768.0,1,0,1,0,0,0,0,0,1,0,1,0,0,0,7.365505862942667e-06,7.365505862942667e-06,0.0
2020-09-04,Imperial,025,180216.0,1,0,0,0,1,0,0,0,1,0,1,0,0,0,5.548896879300395e-06,5.548896879300395e-06,0.0
2020-09-04,Inyo,027,18085.0,0,0,0,0,0,0,0,0,0,0,0,0,0,0,0.0,0.0,0.0
2020-09-04,Kern,029,883053.0,3,1,2,1,1,0,0,0,3,1,3,1,0,0,3.397304578547381e-06,3.397304578547381e-06,0.0
2020-09-04,Kings,031,150075.0,0,0,0,0,0,0,0,0,0,0,0,0,0,0,0.0,0.0,0.0
2020-09-04,Lake,033,64148.0,0,0,0,0,0,0,0,0,0,0,0,0,0,0,0.0,0.0,0.0
2020-09-04,Lassen,035,31185.0,1,0,0,0,1,0,0,0,1,0,1,0,0,0,3.20666987333654e-05,3.20666987333654e-05,0.0
2020-09-04,Los Angeles,037,10098052.0,216,15,187,15,29,0,0,0,189,15,204,15,15,0,1.871648115894036e-05,2.0201916171554676e-05,1.4854350126143142e-06
2020-09-04,Madera,039,155013.0,0,0,0,0,0,0,0,0,0,0,0,0,0,0,0.0,0.0,0.0
2020-09-04,Marin,041,260295.0,3,1,3,1,0,0,0,0,3,1,3,1,0,0,1.1525384659713018e-05,1.1525384659713018e-05,0.0
2020-09-04,Mariposa,043,17540.0,0,0,0,0,0,0,0,0,0,0,0,0,0,0,0.0,0.0,0.0
2020-09-04,Mendocino,045,87422.0,1,0,0,0,1,0,0,0,1,0,1,0,0,0,1.1438768273432316e-05,1.1438768273432316e-05,0.0
2020-09-04,Merced,047,269075.0,3,0,3,0,0,0,0,0,3,0,3,0,0,0,1.114930781380656e-05,1.114930781380656e-05,0.0
2020-09-04,Modoc,049,8938.0,0,0,0,0,0,0,0,0,0,0,0,0,0,0,0.0,0.0,0.0
2020-09-04,Mono,051,14174.0,0,0,0,0,0,0,0,0,0,0,0,0,0,0,0.0,0.0,0.0
2020-09-04,Monterey,053,433212.0,1,0,0,0,1,0,0,0,1,0,1,0,0,0,2.308338642512211e-06,2.308338642512211e-06,0.0
2020-09-04,Napa,055,140530.0,0,0,0,0,0,0,0,0,0,0,0,0,0,0,0.0,0.0,0.0
2020-09-04,Nevada,057,99092.0,1,1,1,1,0,0,0,0,1,1,1,1,0,0,1.009163201873007e-05,1.009163201873007e-05,0.0
2020-09-04,Orange,059,3164182.0,69,5,56,5,13,0,0,0,47,5,58,5,11,0,1.485375999231397e-05,1.8330171905408727e-05,3.476411913094758e-06
2020-09-04,Placer,061,380077.0,9,2,6,1,3,1,0,0,7,1,8,1,1,1,1.841732070080536e-05,2.104836651520613e-05,2.6310458144007663e-06
2020-09-04,Plumas,063,18699.0,0,0,0,0,0,0,0,0,0,0,0,0,0,0,0.0,0.0,0.0
2020-09-04,Riverside,065,2383286.0,29,3,6,1,23,2,0,0,18,1,24,1,6,2,7.552597548091165e-06,1.0070130064121554e-05,2.5175325160303884e-06
2020-09-04,Sacramento,067,1510023.0,68,1,35,1,33,0,0,0,50,1,59,1,9,0,3.311207842529551e-05,3.90722525418487e-05,5.960174116553192e-06
2020-09-04,San Benito,069,59416.0,0,0,0,0,0,0,0,0,0,0,0,0,0,0,0.0,0.0,0.0
2020-09-04,San Bernardino,071,2135413.0,11,0,2,0,9,0,0,0,7,0,9,0,2,0,3.278054409147083e-06,4.214641383189107e-06,9.365869740420238e-07
2020-09-04,San Diego,073,3302833.0,261,10,87,3,174,7,0,0,168,9,214,9,46,1,5.086542371352109e-05,6.479286115888996e-05,1.392743744536887e-05
2020-09-04,San Francisco,075,870044.0,14,2,10,1,4,1,0,0,11,2,13,2,2,0,1.2643038742868176e-05,1.49417730597533e-05,2.2987343168851237e-06
2020-09-04,San Joaquin,077,732212.0,8,0,5,0,3,0,0,0,4,0,6,0,2,0,5.4628987233205685e-06,8.194348084980852e-06,2.731449361660284e-06
2020-09-04,San Luis Obispo,079,281455.0,1,0,0,0,1,0,0,0,1,0,1,0,0,0,3.552965838233465e-06,3.552965838233465e-06,0.0
2020-09-04,San Mateo,081,765935.0,22,1,19,1,3,0,0,0,16,1,19,1,3,0,2.0889501067322944e-05,2.4806282517446e-05,3.9167814501230525e-06
2020-09-04,Santa Barbara,083,443738.0,3,1,3,1,0,0,0,0,3,1,3,1,0,0,6.760746206094587e-06,6.760746206094587e-06,0.0
2020-09-04,Santa Clara,085,1922200.0,58,5,53,4,5,1,0,0,37,2,48,2,11,3,1.9248777442513788e-05,2.497138695245032e-05,5.722609509936531e-06
2020-09-04,Santa Cruz,087,273765.0,2,0,1,0,1,0,0,0,2,0,2,0,0,0,7.305535769729512e-06,7.305535769729512e-06,0.0
2020-09-04,Shasta,089,179085.0,158,13,65,9,93,4,0,0,130,0,144,0,14,13,0.0007259122762933,0.0008040874445095,7.817516821621018e-05
2020-09-04,Sierra,091,2930.0,0,0,0,0,0,0,0,0,0,0,0,0,0,0,0.0,0.0,0.0
2020-09-04,Siskiyou,093,43540.0,5,1,4,1,1,0,0,0,3,0,4,0,1,1,6.890215893431327e-05,9.186954524575104e-05,2.296738631143776e-05
2020-09-04,Solano,095,438530.0,3,0,3,0,0,0,0,0,1,0,2,0,1,0,2.280345700408182e-06,4.560691400816364e-06,2.280345700408182e-06
2020-09-04,Sonoma,097,501317.0,1,0,0,0,1,0,0,0,1,0,1,0,0,0,1.9947458394588654e-06,1.9947458394588654e-06,0.0
2020-09-04,Stanislaus,099,539301.0,9,1,8,1,1,0,0,0,9,1,9,1,0,0,1.668826870337715e-05,1.668826870337715e-05,0.0
2020-09-04,Sutter,101,95872.0,0,0,0,0,0,0,0,0,0,0,0,0,0,0,0.0,0.0,0.0
2020-09-04,Tehama,103,63373.0,13,1,4,1,9,0,0,0,11,0,12,0,1,1,0.0001735754974515,0.000189355088129,1.5779590677417828e-05
2020-09-04,Trinity,105,12862.0,1,0,0,0,1,0,0,0,1,0,1,0,0,0,7.774840615767377e-05,7.774840615767377e-05,0.0
2020-09-04,Tulare,107,460477.0,0,0,0,0,0,0,0,0,0,0,0,0,0,0,0.0,0.0,0.0
2020-09-04,Tuolumne,109,53932.0,0,0,0,0,0,0,0,0,0,0,0,0,0,0,0.0,0.0,0.0
2020-09-04,Ventura,111,848112.0,11,1,8,1,3,0,0,0,7,1,9,1,2,0,8.253626879468749e-06,1.0611805987888391e-05,2.3581791084196427e-06
2020-09-04,Yolo,113,214977.0,25,2,10,2,15,0,0,0,16,2,21,2,5,0,7.442656656293464e-05,9.768486861385173e-05,2.3258302050917078e-05
2020-09-04,Yuba,115,75493.0,1,0,0,0,1,0,0,0,1,0,1,0,0,0,1.3246261242764227e-05,1.3246261242764227e-05,0.0
2020-09-03,Alameda,001,1643700.0,38,2,35,2,3,0,0,0,22,2,30,2,8,0,1.3384437549431162e-05,1.825150574922431e-05,4.86706819979315e-06
2020-09-03,Alpine,003,1148.0,0,0,0,0,0,0,0,0,0,0,0,0,0,0,0.0,0.0,0.0
2020-09-03,Amador,005,37829.0,0,0,0,0,0,0,0,0,0,0,0,0,0,0,0.0,0.0,0.0
2020-09-03,Butte,007,227075.0,8,0,4,0,4,0,0,0,8,0,8,0,0,0,3.523065066607949e-05,3.523065066607949e-05,0.0
2020-09-03,Calaveras,009,45235.0,1,0,1,0,0,0,0,0,1,0,1,0,0,0,2.2106775726760254e-05,2.2106775726760254e-05,0.0
2020-09-03,Colusa,011,21464.0,0,0,0,0,0,0,0,0,0,0,0,0,0,0,0.0,0.0,0.0
2020-09-03,Contra Costa,013,1133247.0,61,1,55,0,6,1,0,0,32,1,47,1,15,0,2.8237445146556752e-05,4.147374755900523e-05,1.3236302412448478e-05
2020-09-03,Del Norte,015,27424.0,0,0,0,0,0,0,0,0,0,0,0,0,0,0,0.0,0.0,0.0
2020-09-03,El Dorado,017,186661.0,5,1,1,1,4,0,0,0,1,1,3,1,2,0,5.357305489630936e-06,1.6071916468892806e-05,1.0714610979261871e-05
2020-09-03,Fresno,019,978130.0,5,0,4,0,1,0,0,0,5,0,5,0,0,0,5.111794955680738e-06,5.111794955680738e-06,0.0
2020-09-03,Glenn,021,27897.0,2,0,1,0,1,0,0,0,2,0,2,0,0,0,7.169229666272359e-05,7.169229666272359e-05,0.0
2020-09-03,Humboldt,023,135768.0,1,0,1,0,0,0,0,0,1,0,1,0,0,0,7.365505862942667e-06,7.365505862942667e-06,0.0
2020-09-03,Imperial,025,180216.0,1,0,0,0,1,0,0,0,1,0,1,0,0,0,5.548896879300395e-06,5.548896879300395e-06,0.0
2020-09-03,Inyo,027,18085.0,0,0,0,0,0,0,0,0,0,0,0,0,0,0,0.0,0.0,0.0
2020-09-03,Kern,029,883053.0,2,0,1,0,1,0,0,0,2,0,2,0,0,0,2.264869719031587e-06,2.264869719031587e-06,0.0
2020-09-03,Kings,031,150075.0,0,0,0,0,0,0,0,0,0,0,0,0,0,0,0.0,0.0,0.0
2020-09-03,Lake,033,64148.0,0,0,0,0,0,0,0,0,0,0,0,0,0,0,0.0,0.0,0.0
2020-09-03,Lassen,035,31185.0,1,0,0,0,1,0,0,0,1,0,1,0,0,0,3.20666987333654e-05,3.20666987333654e-05,0.0
2020-09-03,Los Angeles,037,10098052.0,201,18,172,17,29,1,0,0,174,18,189,18,15,0,1.7231046146326043e-05,1.871648115894036e-05,1.4854350126143142e-06
2020-09-03,Madera,039,155013.0,0,0,0,0,0,0,0,0,0,0,0,0,0,0,0.0,0.0,0.0
2020-09-03,Marin,041,260295.0,2,0,2,0,0,0,0,0,2,0,2,0,0,0,7.683589773142011e-06,7.683589773142011e-06,0.0
2020-09-03,Mariposa,043,17540.0,0,0,0,0,0,0,0,0,0,0,0,0,0,0,0.0,0.0,0.0
2020-09-03,Mendocino,045,87422.0,1,0,0,0,1,0,0,0,1,0,1,0,0,0,1.1438768273432316e-05,1.1438768273432316e-05,0.0
2020-09-03,Merced,047,269075.0,3,0,3,0,0,0,0,0,3,0,3,0,0,0,1.114930781380656e-05,1.114930781380656e-05,0.0
2020-09-03,Modoc,049,8938.0,0,0,0,0,0,0,0,0,0,0,0,0,0,0,0.0,0.0,0.0
2020-09-03,Mono,051,14174.0,0,0,0,0,0,0,0,0,0,0,0,0,0,0,0.0,0.0,0.0
2020-09-03,Monterey,053,433212.0,1,0,0,0,1,0,0,0,1,0,1,0,0,0,2.308338642512211e-06,2.308338642512211e-06,0.0
2020-09-03,Napa,055,140530.0,0,0,0,0,0,0,0,0,0,0,0,0,0,0,0.0,0.0,0.0
2020-09-03,Nevada,057,99092.0,0,0,0,0,0,0,0,0,0,0,0,0,0,0,0.0,0.0,0.0
2020-09-03,Orange,059,3164182.0,64,4,51,3,13,1,0,0,42,3,53,3,11,1,1.3273572759089078e-05,1.674998467218384e-05,3.476411913094758e-06
2020-09-03,Placer,061,380077.0,7,1,5,1,2,0,0,0,7,1,7,1,0,0,1.841732070080536e-05,1.841732070080536e-05,0.0
2020-09-03,Plumas,063,18699.0,0,0,0,0,0,0,0,0,0,0,0,0,0,0,0.0,0.0,0.0
2020-09-03,Riverside,065,2383286.0,26,0,5,0,21,0,0,0,19,0,23,0,4,0,7.972186300762897e-06,9.650541311449824e-06,1.6783550106869257e-06
2020-09-03,Sacramento,067,1510023.0,67,4,34,3,33,1,0,0,49,3,58,3,9,1,3.2449836856789595e-05,3.841001097334279e-05,5.960174116553192e-06
2020-09-03,San Benito,069,59416.0,0,0,0,0,0,0,0,0,0,0,0,0,0,0,0.0,0.0,0.0
2020-09-03,San Bernardino,071,2135413.0,11,1,2,0,9,1,0,0,7,0,9,0,2,1,3.278054409147083e-06,4.214641383189107e-06,9.365869740420238e-07
2020-09-03,San Diego,073,3302833.0,251,19,84,12,167,7,0,0,160,12,205,12,45,7,4.844326067954389e-05,6.206792774566561e-05,1.362466706612172e-05
2020-09-03,San Francisco,075,870044.0,12,1,9,1,3,0,0,0,9,1,11,1,2,0,1.0344304425983052e-05,1.2643038742868176e-05,2.2987343168851237e-06
2020-09-03,San Joaquin,077,732212.0,8,0,5,0,3,0,0,0,4,0,6,0,2,0,5.4628987233205685e-06,8.194348084980852e-06,2.731449361660284e-06
2020-09-03,San Luis Obispo,079,281455.0,1,0,0,0,1,0,0,0,1,0,1,0,0,0,3.552965838233465e-06,3.552965838233465e-06,0.0
2020-09-03,San Mateo,081,765935.0,21,0,18,0,3,0,0,0,15,0,18,0,3,0,1.958390725061526e-05,2.3500688700738317e-05,3.9167814501230525e-06
2020-09-03,Santa Barbara,083,443738.0,2,0,2,0,0,0,0,0,2,0,2,0,0,0,4.507164137396392e-06,4.507164137396392e-06,0.0
2020-09-03,Santa Clara,085,1922200.0,53,3,49,3,4,0,0,0,38,3,46,3,8,0,1.9769014670689837e-05,2.393091249609822e-05,4.161897825408386e-06
2020-09-03,Santa Cruz,087,273765.0,2,0,1,0,1,0,0,0,2,0,2,0,0,0,7.305535769729512e-06,7.305535769729512e-06,0.0
2020-09-03,Shasta,089,179085.0,145,9,56,0,89,9,0,0,143,9,144,9,1,0,0.0007985035039227,0.0008040874445095,5.583940586872156e-06
2020-09-03,Sierra,091,2930.0,0,0,0,0,0,0,0,0,0,0,0,0,0,0,0.0,0.0,0.0
2020-09-03,Siskiyou,093,43540.0,4,0,3,0,1,0,0,0,4,0,4,0,0,0,9.186954524575104e-05,9.186954524575104e-05,0.0
2020-09-03,Solano,095,438530.0,3,0,3,0,0,0,0,0,1,0,2,0,1,0,2.280345700408182e-06,4.560691400816364e-06,2.280345700408182e-06
2020-09-03,Sonoma,097,501317.0,1,0,0,0,1,0,0,0,1,0,1,0,0,0,1.9947458394588654e-06,1.9947458394588654e-06,0.0
2020-09-03,Stanislaus,099,539301.0,8,0,7,0,1,0,0,0,8,0,8,0,0,0,1.4834016625224132e-05,1.4834016625224132e-05,0.0
2020-09-03,Sutter,101,95872.0,0,0,0,0,0,0,0,0,0,0,0,0,0,0,0.0,0.0,0.0
2020-09-03,Tehama,103,63373.0,12,0,3,0,9,0,0,0,12,0,12,0,0,0,0.000189355088129,0.000189355088129,0.0
2020-09-03,Trinity,105,12862.0,1,0,0,0,1,0,0,0,1,0,1,0,0,0,7.774840615767377e-05,7.774840615767377e-05,0.0
2020-09-03,Tulare,107,460477.0,0,0,0,0,0,0,0,0,0,0,0,0,0,0,0.0,0.0,0.0
2020-09-03,Tuolumne,109,53932.0,0,0,0,0,0,0,0,0,0,0,0,0,0,0,0.0,0.0,0.0
2020-09-03,Ventura,111,848112.0,10,0,7,0,3,0,0,0,6,0,8,0,2,0,7.074537325258928e-06,9.432716433678573e-06,2.3581791084196427e-06
2020-09-03,Yolo,113,214977.0,23,1,8,1,15,0,0,0,14,1,19,1,5,0,6.512324574256781e-05,8.838154779348488e-05,2.3258302050917078e-05
2020-09-03,Yuba,115,75493.0,1,0,0,0,1,0,0,0,1,0,1,0,0,0,1.3246261242764227e-05,1.3246261242764227e-05,0.0
2020-09-02,Alameda,001,1643700.0,36,3,33,3,3,0,0,0,20,0,28,0,8,3,1.2167670499482874e-05,1.7034738699276024e-05,4.86706819979315e-06
2020-09-02,Alpine,003,1148.0,0,0,0,0,0,0,0,0,0,0,0,0,0,0,0.0,0.0,0.0
2020-09-02,Amador,005,37829.0,0,0,0,0,0,0,0,0,0,0,0,0,0,0,0.0,0.0,0.0
2020-09-02,Butte,007,227075.0,8,0,4,0,4,0,0,0,8,0,8,0,0,0,3.523065066607949e-05,3.523065066607949e-05,0.0
2020-09-02,Calaveras,009,45235.0,1,0,1,0,0,0,0,0,1,0,1,0,0,0,2.2106775726760254e-05,2.2106775726760254e-05,0.0
2020-09-02,Colusa,011,21464.0,0,0,0,0,0,0,0,0,0,0,0,0,0,0,0.0,0.0,0.0
2020-09-02,Contra Costa,013,1133247.0,60,4,55,4,5,0,0,0,31,3,46,3,15,1,2.735502498572685e-05,4.059132739817533e-05,1.3236302412448478e-05
2020-09-02,Del Norte,015,27424.0,0,0,0,0,0,0,0,0,0,0,0,0,0,0,0.0,0.0,0.0
2020-09-02,El Dorado,017,186661.0,4,0,0,0,4,0,0,0,0,0,2,0,2,0,0.0,1.0714610979261871e-05,1.0714610979261871e-05
2020-09-02,Fresno,019,978130.0,5,1,4,1,1,0,0,0,5,1,5,1,0,0,5.111794955680738e-06,5.111794955680738e-06,0.0
2020-09-02,Glenn,021,27897.0,2,0,1,0,1,0,0,0,2,0,2,0,0,0,7.169229666272359e-05,7.169229666272359e-05,0.0
2020-09-02,Humboldt,023,135768.0,1,0,1,0,0,0,0,0,1,0,1,0,0,0,7.365505862942667e-06,7.365505862942667e-06,0.0
2020-09-02,Imperial,025,180216.0,1,0,0,0,1,0,0,0,1,0,1,0,0,0,5.548896879300395e-06,5.548896879300395e-06,0.0
2020-09-02,Inyo,027,18085.0,0,0,0,0,0,0,0,0,0,0,0,0,0,0,0.0,0.0,0.0
2020-09-02,Kern,029,883053.0,2,0,1,0,1,0,0,0,2,0,2,0,0,0,2.264869719031587e-06,2.264869719031587e-06,0.0
2020-09-02,Kings,031,150075.0,0,0,0,0,0,0,0,0,0,0,0,0,0,0,0.0,0.0,0.0
2020-09-02,Lake,033,64148.0,0,0,0,0,0,0,0,0,0,0,0,0,0,0,0.0,0.0,0.0
2020-09-02,Lassen,035,31185.0,1,0,0,0,1,0,0,0,1,0,1,0,0,0,3.20666987333654e-05,3.20666987333654e-05,0.0
2020-09-02,Los Angeles,037,10098052.0,183,16,155,16,28,0,0,0,156,16,171,16,15,0,1.5448524131188868e-05,1.693395914380318e-05,1.4854350126143142e-06
2020-09-02,Madera,039,155013.0,0,0,0,0,0,0,0,0,0,0,0,0,0,0,0.0,0.0,0.0
2020-09-02,Marin,041,260295.0,2,0,2,0,0,0,0,0,2,0,2,0,0,0,7.683589773142011e-06,7.683589773142011e-06,0.0
2020-09-02,Mariposa,043,17540.0,0,0,0,0,0,0,0,0,0,0,0,0,0,0,0.0,0.0,0.0
2020-09-02,Mendocino,045,87422.0,1,0,0,0,1,0,0,0,1,0,1,0,0,0,1.1438768273432316e-05,1.1438768273432316e-05,0.0
2020-09-02,Merced,047,269075.0,3,1,3,1,0,0,0,0,3,1,3,1,0,0,1.114930781380656e-05,1.114930781380656e-05,0.0
2020-09-02,Modoc,049,8938.0,0,0,0,0,0,0,0,0,0,0,0,0,0,0,0.0,0.0,0.0
2020-09-02,Mono,051,14174.0,0,0,0,0,0,0,0,0,0,0,0,0,0,0,0.0,0.0,0.0
2020-09-02,Monterey,053,433212.0,1,0,0,0,1,0,0,0,1,0,1,0,0,0,2.308338642512211e-06,2.308338642512211e-06,0.0
2020-09-02,Napa,055,140530.0,0,0,0,0,0,0,0,0,0,0,0,0,0,0,0.0,0.0,0.0
2020-09-02,Nevada,057,99092.0,0,0,0,0,0,0,0,0,0,0,0,0,0,0,0.0,0.0,0.0
2020-09-02,Orange,059,3164182.0,60,3,48,3,12,0,0,0,40,1,50,1,10,2,1.2641497865799122e-05,1.5801872332248903e-05,3.1603744664497806e-06
2020-09-02,Placer,061,380077.0,6,1,4,1,2,0,0,0,6,1,6,1,0,0,1.5786274886404598e-05,1.5786274886404598e-05,0.0
2020-09-02,Plumas,063,18699.0,0,0,0,0,0,0,0,0,0,0,0,0,0,0,0.0,0.0,0.0
2020-09-02,Riverside,065,2383286.0,26,0,5,0,21,0,0,0,19,0,23,0,4,0,7.972186300762897e-06,9.650541311449824e-06,1.6783550106869257e-06
2020-09-02,Sacramento,067,1510023.0,63,4,31,3,32,1,0,0,47,4,55,4,8,0,3.112535371977778e-05,3.642328626782506e-05,5.297932548047281e-06
2020-09-02,San Benito,069,59416.0,0,0,0,0,0,0,0,0,0,0,0,0,0,0,0.0,0.0,0.0
2020-09-02,San Bernardino,071,2135413.0,10,0,2,0,8,0,0,0,8,0,9,0,1,0,3.746347896168095e-06,4.214641383189107e-06,4.682934870210119e-07
2020-09-02,San Diego,073,3302833.0,232,13,72,8,160,5,0,0,155,1,193,1,38,11,4.692940878330815e-05,5.843468319469983e-05,1.1505274411391677e-05
2020-09-02,San Francisco,075,870044.0,11,2,8,0,3,2,0,0,8,2,10,2,2,0,9.194937267540491e-06,1.1493671584425615e-05,2.2987343168851237e-06
2020-09-02,San Joaquin,077,732212.0,8,0,5,0,3,0,0,0,4,0,6,0,2,0,5.4628987233205685e-06,8.194348084980852e-06,2.731449361660284e-06
2020-09-02,San Luis Obispo,079,281455.0,1,0,0,0,1,0,0,0,1,0,1,0,0,0,3.552965838233465e-06,3.552965838233465e-06,0.0
2020-09-02,San Mateo,081,765935.0,21,2,18,2,3,0,0,0,15,2,18,2,3,0,1.958390725061526e-05,2.3500688700738317e-05,3.9167814501230525e-06
2020-09-02,Santa Barbara,083,443738.0,2,0,2,0,0,0,0,0,2,0,2,0,0,0,4.507164137396392e-06,4.507164137396392e-06,0.0
2020-09-02,Santa Clara,085,1922200.0,50,6,46,6,4,0,0,0,35,4,43,4,8,2,1.820830298616169e-05,2.2370200811570075e-05,4.161897825408386e-06
2020-09-02,Santa Cruz,087,273765.0,2,0,1,0,1,0,0,0,2,0,2,0,0,0,7.305535769729512e-06,7.305535769729512e-06,0.0
2020-09-02,Shasta,089,179085.0,136,9,56,5,80,4,0,0,134,8,135,8,1,1,0.0007482480386408,0.0007538319792277,5.583940586872156e-06
2020-09-02,Sierra,091,2930.0,0,0,0,0,0,0,0,0,0,0,0,0,0,0,0.0,0.0,0.0
2020-09-02,Siskiyou,093,43540.0,4,0,3,0,1,0,0,0,4,0,4,0,0,0,9.186954524575104e-05,9.186954524575104e-05,0.0
2020-09-02,Solano,095,438530.0,3,0,3,0,0,0,0,0,1,0,2,0,1,0,2.280345700408182e-06,4.560691400816364e-06,2.280345700408182e-06
2020-09-02,Sonoma,097,501317.0,1,0,0,0,1,0,0,0,1,0,1,0,0,0,1.9947458394588654e-06,1.9947458394588654e-06,0.0
2020-09-02,Stanislaus,099,539301.0,8,0,7,0,1,0,0,0,8,0,8,0,0,0,1.4834016625224132e-05,1.4834016625224132e-05,0.0
2020-09-02,Sutter,101,95872.0,0,0,0,0,0,0,0,0,0,0,0,0,0,0,0.0,0.0,0.0
2020-09-02,Tehama,103,63373.0,12,0,3,0,9,0,0,0,12,0,12,0,0,0,0.000189355088129,0.000189355088129,0.0
2020-09-02,Trinity,105,12862.0,1,0,0,0,1,0,0,0,1,0,1,0,0,0,7.774840615767377e-05,7.774840615767377e-05,0.0
2020-09-02,Tulare,107,460477.0,0,0,0,0,0,0,0,0,0,0,0,0,0,0,0.0,0.0,0.0
2020-09-02,Tuolumne,109,53932.0,0,0,0,0,0,0,0,0,0,0,0,0,0,0,0.0,0.0,0.0
2020-09-02,Ventura,111,848112.0,10,0,7,0,3,0,0,0,6,0,8,0,2,0,7.074537325258928e-06,9.432716433678573e-06,2.3581791084196427e-06
2020-09-02,Yolo,113,214977.0,22,0,7,0,15,0,0,0,13,0,18,0,5,0,6.047158533238439e-05,8.372988738330147e-05,2.3258302050917078e-05
2020-09-02,Yuba,115,75493.0,1,0,0,0,1,0,0,0,1,0,1,0,0,0,1.3246261242764227e-05,1.3246261242764227e-05,0.0
2020-09-01,Alameda,001,1643700.0,33,3,30,2,3,1,0,0,23,0,28,0,5,3,1.3992821074405304e-05,1.7034738699276024e-05,3.0419176248707186e-06
2020-09-01,Alpine,003,1148.0,0,0,0,0,0,0,0,0,0,0,0,0,0,0,0.0,0.0,0.0
2020-09-01,Amador,005,37829.0,0,0,0,0,0,0,0,0,0,0,0,0,0,0,0.0,0.0,0.0
2020-09-01,Butte,007,227075.0,8,0,4,0,4,0,0,0,8,0,8,0,0,0,3.523065066607949e-05,3.523065066607949e-05,0.0
2020-09-01,Calaveras,009,45235.0,1,0,1,0,0,0,0,0,1,0,1,0,0,0,2.2106775726760254e-05,2.2106775726760254e-05,0.0
2020-09-01,Colusa,011,21464.0,0,0,0,0,0,0,0,0,0,0,0,0,0,0,0.0,0.0,0.0
2020-09-01,Contra Costa,013,1133247.0,56,6,51,5,5,1,0,0,29,2,43,2,14,4,2.559018466406706e-05,3.7944066915685634e-05,1.235388225161858e-05
2020-09-01,Del Norte,015,27424.0,0,0,0,0,0,0,0,0,0,0,0,0,0,0,0.0,0.0,0.0
2020-09-01,El Dorado,017,186661.0,4,1,0,0,4,1,0,0,0,0,2,0,2,1,0.0,1.0714610979261871e-05,1.0714610979261871e-05
2020-09-01,Fresno,019,978130.0,4,0,3,0,1,0,0,0,4,0,4,0,0,0,4.08943596454459e-06,4.08943596454459e-06,0.0
2020-09-01,Glenn,021,27897.0,2,1,1,1,1,0,0,0,2,1,2,1,0,0,7.169229666272359e-05,7.169229666272359e-05,0.0
2020-09-01,Humboldt,023,135768.0,1,0,1,0,0,0,0,0,1,0,1,0,0,0,7.365505862942667e-06,7.365505862942667e-06,0.0
2020-09-01,Imperial,025,180216.0,1,1,0,0,1,1,0,0,1,1,1,1,0,0,5.548896879300395e-06,5.548896879300395e-06,0.0
2020-09-01,Inyo,027,18085.0,0,0,0,0,0,0,0,0,0,0,0,0,0,0,0.0,0.0,0.0
2020-09-01,Kern,029,883053.0,2,0,1,0,1,0,0,0,2,0,2,0,0,0,2.264869719031587e-06,2.264869719031587e-06,0.0
2020-09-01,Kings,031,150075.0,0,0,0,0,0,0,0,0,0,0,0,0,0,0,0.0,0.0,0.0
2020-09-01,Lake,033,64148.0,0,0,0,0,0,0,0,0,0,0,0,0,0,0,0.0,0.0,0.0
2020-09-01,Lassen,035,31185.0,1,0,0,0,1,0,0,0,1,0,1,0,0,0,3.20666987333654e-05,3.20666987333654e-05,0.0
2020-09-01,Los Angeles,037,10098052.0,167,24,139,20,28,4,0,0,140,21,155,21,15,3,1.38640601177336e-05,1.5349495130347914e-05,1.4854350126143142e-06
2020-09-01,Madera,039,155013.0,0,0,0,0,0,0,0,0,0,0,0,0,0,0,0.0,0.0,0.0
2020-09-01,Marin,041,260295.0,2,0,2,0,0,0,0,0,2,0,2,0,0,0,7.683589773142011e-06,7.683589773142011e-06,0.0
2020-09-01,Mariposa,043,17540.0,0,0,0,0,0,0,0,0,0,0,0,0,0,0,0.0,0.0,0.0
2020-09-01,Mendocino,045,87422.0,1,0,0,0,1,0,0,0,1,0,1,0,0,0,1.1438768273432316e-05,1.1438768273432316e-05,0.0
2020-09-01,Merced,047,269075.0,2,1,2,1,0,0,0,0,2,1,2,1,0,0,7.43287187587104e-06,7.43287187587104e-06,0.0
2020-09-01,Modoc,049,8938.0,0,0,0,0,0,0,0,0,0,0,0,0,0,0,0.0,0.0,0.0
2020-09-01,Mono,051,14174.0,0,0,0,0,0,0,0,0,0,0,0,0,0,0,0.0,0.0,0.0
2020-09-01,Monterey,053,433212.0,1,0,0,0,1,0,0,0,1,0,1,0,0,0,2.308338642512211e-06,2.308338642512211e-06,0.0
2020-09-01,Napa,055,140530.0,0,0,0,0,0,0,0,0,0,0,0,0,0,0,0.0,0.0,0.0
2020-09-01,Nevada,057,99092.0,0,0,0,0,0,0,0,0,0,0,0,0,0,0,0.0,0.0,0.0
2020-09-01,Orange,059,3164182.0,57,14,45,12,12,2,0,0,41,12,49,12,8,2,1.29575353124441e-05,1.5485834885603927e-05,2.528299573159825e-06
2020-09-01,Placer,061,380077.0,5,0,3,0,2,0,0,0,5,0,5,0,0,0,1.3155229072003831e-05,1.3155229072003831e-05,0.0
2020-09-01,Plumas,063,18699.0,0,0,0,0,0,0,0,0,0,0,0,0,0,0,0.0,0.0,0.0
2020-09-01,Riverside,065,2383286.0,26,2,5,1,21,1,0,0,19,1,23,1,4,1,7.972186300762897e-06,9.650541311449824e-06,1.6783550106869257e-06
2020-09-01,Sacramento,067,1510023.0,59,6,28,3,31,3,0,0,43,4,51,4,8,2,2.8476387445754136e-05,3.377431999380142e-05,5.297932548047281e-06
2020-09-01,San Benito,069,59416.0,0,0,0,0,0,0,0,0,0,0,0,0,0,0,0.0,0.0,0.0
2020-09-01,San Bernardino,071,2135413.0,10,2,2,1,8,1,0,0,8,2,9,2,1,0,3.746347896168095e-06,4.214641383189107e-06,4.682934870210119e-07
2020-09-01,San Diego,073,3302833.0,219,19,64,3,155,16,0,0,165,10,192,10,27,9,4.995711257577964e-05,5.813191281545268e-05,8.174800239673033e-06
2020-09-01,San Francisco,075,870044.0,9,1,8,1,1,0,0,0,6,0,8,0,2,1,6.896202950655369e-06,9.194937267540491e-06,2.2987343168851237e-06
2020-09-01,San Joaquin,077,732212.0,8,1,5,0,3,1,0,0,4,1,6,1,2,0,5.4628987233205685e-06,8.194348084980852e-06,2.731449361660284e-06
2020-09-01,San Luis Obispo,079,281455.0,1,0,0,0,1,0,0,0,1,0,1,0,0,0,3.552965838233465e-06,3.552965838233465e-06,0.0
2020-09-01,San Mateo,081,765935.0,19,3,16,3,3,0,0,0,13,1,16,1,3,2,1.6972719617199894e-05,2.0889501067322944e-05,3.9167814501230525e-06
2020-09-01,Santa Barbara,083,443738.0,2,0,2,0,0,0,0,0,2,0,2,0,0,0,4.507164137396392e-06,4.507164137396392e-06,0.0
2020-09-01,Santa Clara,085,1922200.0,44,5,40,4,4,1,0,0,33,3,39,3,6,2,1.7167828529809593e-05,2.0289251898865883e-05,3.12142336905629e-06
2020-09-01,Santa Cruz,087,273765.0,2,0,1,0,1,0,0,0,2,0,2,0,0,0,7.305535769729512e-06,7.305535769729512e-06,0.0
2020-09-01,Shasta,089,179085.0,127,6,51,6,76,0,0,0,127,6,127,6,0,0,0.0007091604545327,0.0007091604545327,0.0
2020-09-01,Sierra,091,2930.0,0,0,0,0,0,0,0,0,0,0,0,0,0,0,0.0,0.0,0.0
2020-09-01,Siskiyou,093,43540.0,4,0,3,0,1,0,0,0,4,0,4,0,0,0,9.186954524575104e-05,9.186954524575104e-05,0.0
2020-09-01,Solano,095,438530.0,3,2,3,2,0,0,0,0,1,1,2,1,1,1,2.280345700408182e-06,4.560691400816364e-06,2.280345700408182e-06
2020-09-01,Sonoma,097,501317.0,1,0,0,0,1,0,0,0,1,0,1,0,0,0,1.9947458394588654e-06,1.9947458394588654e-06,0.0
2020-09-01,Stanislaus,099,539301.0,8,1,7,1,1,0,0,0,8,1,8,1,0,0,1.4834016625224132e-05,1.4834016625224132e-05,0.0
2020-09-01,Sutter,101,95872.0,0,0,0,0,0,0,0,0,0,0,0,0,0,0,0.0,0.0,0.0
2020-09-01,Tehama,103,63373.0,12,1,3,1,9,0,0,0,12,1,12,1,0,0,0.000189355088129,0.000189355088129,0.0
2020-09-01,Trinity,105,12862.0,1,0,0,0,1,0,0,0,1,0,1,0,0,0,7.774840615767377e-05,7.774840615767377e-05,0.0
2020-09-01,Tulare,107,460477.0,0,0,0,0,0,0,0,0,0,0,0,0,0,0,0.0,0.0,0.0
2020-09-01,Tuolumne,109,53932.0,0,0,0,0,0,0,0,0,0,0,0,0,0,0,0.0,0.0,0.0
2020-09-01,Ventura,111,848112.0,10,2,7,1,3,1,0,0,6,2,8,2,2,0,7.074537325258928e-06,9.432716433678573e-06,2.3581791084196427e-06
2020-09-01,Yolo,113,214977.0,22,2,7,1,15,1,0,0,13,1,18,1,5,1,6.047158533238439e-05,8.372988738330147e-05,2.3258302050917078e-05
2020-09-01,Yuba,115,75493.0,1,0,0,0,1,0,0,0,1,0,1,0,0,0,1.3246261242764227e-05,1.3246261242764227e-05,0.0
2020-08-31,Alameda,001,1643700.0,30,3,28,3,2,0,0,0,26,1,28,1,2,2,1.5817971649327736e-05,1.7034738699276024e-05,1.2167670499482874e-06
2020-08-31,Alpine,003,1148.0,0,0,0,0,0,0,0,0,0,0,0,0,0,0,0.0,0.0,0.0
2020-08-31,Amador,005,37829.0,0,0,0,0,0,0,0,0,0,0,0,0,0,0,0.0,0.0,0.0
2020-08-31,Butte,007,227075.0,8,1,4,0,4,1,0,0,8,1,8,1,0,0,3.523065066607949e-05,3.523065066607949e-05,0.0
2020-08-31,Calaveras,009,45235.0,1,1,1,1,0,0,0,0,1,1,1,1,0,0,2.2106775726760254e-05,2.2106775726760254e-05,0.0
2020-08-31,Colusa,011,21464.0,0,0,0,0,0,0,0,0,0,0,0,0,0,0,0.0,0.0,0.0
2020-08-31,Contra Costa,013,1133247.0,50,8,46,7,4,1,0,0,31,2,41,2,10,6,2.735502498572685e-05,3.617922659402584e-05,8.824201608298985e-06
2020-08-31,Del Norte,015,27424.0,0,0,0,0,0,0,0,0,0,0,0,0,0,0,0.0,0.0,0.0
2020-08-31,El Dorado,017,186661.0,3,0,0,0,3,0,0,0,1,0,2,0,1,0,5.357305489630936e-06,1.0714610979261871e-05,5.357305489630936e-06
2020-08-31,Fresno,019,978130.0,4,1,3,1,1,0,0,0,4,1,4,1,0,0,4.08943596454459e-06,4.08943596454459e-06,0.0
2020-08-31,Glenn,021,27897.0,1,0,0,0,1,0,0,0,1,0,1,0,0,0,3.58461483313618e-05,3.58461483313618e-05,0.0
2020-08-31,Humboldt,023,135768.0,1,0,1,0,0,0,0,0,1,0,1,0,0,0,7.365505862942667e-06,7.365505862942667e-06,0.0
2020-08-31,Imperial,025,180216.0,0,0,0,0,0,0,0,0,0,0,0,0,0,0,0.0,0.0,0.0
2020-08-31,Inyo,027,18085.0,0,0,0,0,0,0,0,0,0,0,0,0,0,0,0.0,0.0,0.0
2020-08-31,Kern,029,883053.0,2,0,1,0,1,0,0,0,2,0,2,0,0,0,2.264869719031587e-06,2.264869719031587e-06,0.0
2020-08-31,Kings,031,150075.0,0,0,0,0,0,0,0,0,0,0,0,0,0,0,0.0,0.0,0.0
2020-08-31,Lake,033,64148.0,0,0,0,0,0,0,0,0,0,0,0,0,0,0,0.0,0.0,0.0
2020-08-31,Lassen,035,31185.0,1,0,0,0,1,0,0,0,1,0,1,0,0,0,3.20666987333654e-05,3.20666987333654e-05,0.0
2020-08-31,Los Angeles,037,10098052.0,143,17,119,15,24,2,0,0,122,16,134,16,12,1,1.2081538102596422e-05,1.3269886112687872e-05,1.1883480100914514e-06
2020-08-31,Madera,039,155013.0,0,0,0,0,0,0,0,0,0,0,0,0,0,0,0.0,0.0,0.0
2020-08-31,Marin,041,260295.0,2,1,2,1,0,0,0,0,2,1,2,1,0,0,7.683589773142011e-06,7.683589773142011e-06,0.0
2020-08-31,Mariposa,043,17540.0,0,0,0,0,0,0,0,0,0,0,0,0,0,0,0.0,0.0,0.0
2020-08-31,Mendocino,045,87422.0,1,0,0,0,1,0,0,0,1,0,1,0,0,0,1.1438768273432316e-05,1.1438768273432316e-05,0.0
2020-08-31,Merced,047,269075.0,1,0,1,0,0,0,0,0,1,0,1,0,0,0,3.71643593793552e-06,3.71643593793552e-06,0.0
2020-08-31,Modoc,049,8938.0,0,0,0,0,0,0,0,0,0,0,0,0,0,0,0.0,0.0,0.0
2020-08-31,Mono,051,14174.0,0,0,0,0,0,0,0,0,0,0,0,0,0,0,0.0,0.0,0.0
2020-08-31,Monterey,053,433212.0,1,0,0,0,1,0,0,0,1,0,1,0,0,0,2.308338642512211e-06,2.308338642512211e-06,0.0
2020-08-31,Napa,055,140530.0,0,0,0,0,0,0,0,0,0,0,0,0,0,0,0.0,0.0,0.0
2020-08-31,Nevada,057,99092.0,0,0,0,0,0,0,0,0,0,0,0,0,0,0,0.0,0.0,0.0
2020-08-31,Orange,059,3164182.0,43,3,33,2,10,1,0,0,31,2,37,2,6,1,9.79716084599432e-06,1.169338552586419e-05,1.8962246798698683e-06
2020-08-31,Placer,061,380077.0,5,1,3,0,2,1,0,0,5,1,5,1,0,0,1.3155229072003831e-05,1.3155229072003831e-05,0.0
2020-08-31,Plumas,063,18699.0,0,0,0,0,0,0,0,0,0,0,0,0,0,0,0.0,0.0,0.0
2020-08-31,Riverside,065,2383286.0,24,2,4,1,20,1,0,0,19,1,22,1,3,1,7.972186300762897e-06,9.23095255877809e-06,1.2587662580151942e-06
2020-08-31,Sacramento,067,1510023.0,53,7,25,5,28,2,0,0,41,5,47,5,6,2,2.715190430874232e-05,3.112535371977778e-05,3.973449411035461e-06
2020-08-31,San Benito,069,59416.0,0,0,0,0,0,0,0,0,0,0,0,0,0,0,0.0,0.0,0.0
2020-08-31,San Bernardino,071,2135413.0,8,0,1,0,7,0,0,0,6,0,7,0,1,0,2.809760922126071e-06,3.278054409147083e-06,4.682934870210119e-07
2020-08-31,San Diego,073,3302833.0,200,18,61,10,139,8,0,0,164,14,182,14,18,4,4.965434219653249e-05,5.510420902298118e-05,5.449866826448688e-06
2020-08-31,San Francisco,075,870044.0,8,1,7,1,1,0,0,0,7,1,8,1,1,0,8.045570109097931e-06,9.194937267540491e-06,1.1493671584425616e-06
2020-08-31,San Joaquin,077,732212.0,7,1,5,1,2,0,0,0,3,1,5,1,2,0,4.097174042490426e-06,6.828623404150711e-06,2.731449361660284e-06
2020-08-31,San Luis Obispo,079,281455.0,1,0,0,0,1,0,0,0,1,0,1,0,0,0,3.552965838233465e-06,3.552965838233465e-06,0.0
2020-08-31,San Mateo,081,765935.0,16,1,13,0,3,1,0,0,14,0,15,0,1,1,1.8278313433907572e-05,1.958390725061526e-05,1.305593816707684e-06
2020-08-31,Santa Barbara,083,443738.0,2,0,2,0,0,0,0,0,2,0,2,0,0,0,4.507164137396392e-06,4.507164137396392e-06,0.0
2020-08-31,Santa Clara,085,1922200.0,39,5,36,5,3,0,0,0,32,2,36,2,4,3,1.6647591301633544e-05,1.8728540214337735e-05,2.080948912704193e-06
2020-08-31,Santa Cruz,087,273765.0,2,0,1,0,1,0,0,0,2,0,2,0,0,0,7.305535769729512e-06,7.305535769729512e-06,0.0
2020-08-31,Shasta,089,179085.0,121,6,45,0,76,6,0,0,121,6,121,6,0,0,0.0006756568110115,0.0006756568110115,0.0
2020-08-31,Sierra,091,2930.0,0,0,0,0,0,0,0,0,0,0,0,0,0,0,0.0,0.0,0.0
2020-08-31,Siskiyou,093,43540.0,4,1,3,0,1,1,0,0,4,1,4,1,0,0,9.186954524575104e-05,9.186954524575104e-05,0.0
2020-08-31,Solano,095,438530.0,1,0,1,0,0,0,0,0,1,0,1,0,0,0,2.280345700408182e-06,2.280345700408182e-06,0.0
2020-08-31,Sonoma,097,501317.0,1,0,0,0,1,0,0,0,1,0,1,0,0,0,1.9947458394588654e-06,1.9947458394588654e-06,0.0
2020-08-31,Stanislaus,099,539301.0,7,0,6,0,1,0,0,0,7,0,7,0,0,0,1.2979764547071115e-05,1.2979764547071115e-05,0.0
2020-08-31,Sutter,101,95872.0,0,0,0,0,0,0,0,0,0,0,0,0,0,0,0.0,0.0,0.0
2020-08-31,Tehama,103,63373.0,11,3,2,0,9,3,0,0,11,3,11,3,0,0,0.0001735754974515,0.0001735754974515,0.0
2020-08-31,Trinity,105,12862.0,1,0,0,0,1,0,0,0,1,0,1,0,0,0,7.774840615767377e-05,7.774840615767377e-05,0.0
2020-08-31,Tulare,107,460477.0,0,0,0,0,0,0,0,0,0,0,0,0,0,0,0.0,0.0,0.0
2020-08-31,Tuolumne,109,53932.0,0,0,0,0,0,0,0,0,0,0,0,0,0,0,0.0,0.0,0.0
2020-08-31,Ventura,111,848112.0,8,1,6,1,2,0,0,0,4,1,6,1,2,0,4.7163582168392855e-06,7.074537325258928e-06,2.3581791084196427e-06
2020-08-31,Yolo,113,214977.0,20,1,6,1,14,0,0,0,13,1,17,1,4,0,6.047158533238439e-05,7.907822697311805e-05,1.860664164073366e-05
2020-08-31,Yuba,115,75493.0,1,1,0,0,1,1,0,0,1,1,1,1,0,0,1.3246261242764227e-05,1.3246261242764227e-05,0.0
2020-08-30,Alameda,001,1643700.0,27,0,25,0,2,0,0,0,27,0,27,0,0,0,1.642635517430188e-05,1.642635517430188e-05,0.0
2020-08-30,Alpine,003,1148.0,0,0,0,0,0,0,0,0,0,0,0,0,0,0,0.0,0.0,0.0
2020-08-30,Amador,005,37829.0,0,0,0,0,0,0,0,0,0,0,0,0,0,0,0.0,0.0,0.0
2020-08-30,Butte,007,227075.0,7,1,4,1,3,0,0,0,7,1,7,1,0,0,3.082681933281955e-05,3.082681933281955e-05,0.0
2020-08-30,Calaveras,009,45235.0,0,0,0,0,0,0,0,0,0,0,0,0,0,0,0.0,0.0,0.0
2020-08-30,Colusa,011,21464.0,0,0,0,0,0,0,0,0,0,0,0,0,0,0,0.0,0.0,0.0
2020-08-30,Contra Costa,013,1133247.0,42,0,39,0,3,0,0,0,35,0,39,0,4,0,3.088470562904645e-05,3.441438627236604e-05,3.529680643319594e-06
2020-08-30,Del Norte,015,27424.0,0,0,0,0,0,0,0,0,0,0,0,0,0,0,0.0,0.0,0.0
2020-08-30,El Dorado,017,186661.0,3,0,0,0,3,0,0,0,1,0,2,0,1,0,5.357305489630936e-06,1.0714610979261871e-05,5.357305489630936e-06
2020-08-30,Fresno,019,978130.0,3,0,2,0,1,0,0,0,3,0,3,0,0,0,3.0670769734084427e-06,3.0670769734084427e-06,0.0
2020-08-30,Glenn,021,27897.0,1,0,0,0,1,0,0,0,1,0,1,0,0,0,3.58461483313618e-05,3.58461483313618e-05,0.0
2020-08-30,Humboldt,023,135768.0,1,0,1,0,0,0,0,0,1,0,1,0,0,0,7.365505862942667e-06,7.365505862942667e-06,0.0
2020-08-30,Imperial,025,180216.0,0,0,0,0,0,0,0,0,0,0,0,0,0,0,0.0,0.0,0.0
2020-08-30,Inyo,027,18085.0,0,0,0,0,0,0,0,0,0,0,0,0,0,0,0.0,0.0,0.0
2020-08-30,Kern,029,883053.0,2,0,1,0,1,0,0,0,2,0,2,0,0,0,2.264869719031587e-06,2.264869719031587e-06,0.0
2020-08-30,Kings,031,150075.0,0,0,0,0,0,0,0,0,0,0,0,0,0,0,0.0,0.0,0.0
2020-08-30,Lake,033,64148.0,0,0,0,0,0,0,0,0,0,0,0,0,0,0,0.0,0.0,0.0
2020-08-30,Lassen,035,31185.0,1,0,0,0,1,0,0,0,1,0,1,0,0,0,3.20666987333654e-05,3.20666987333654e-05,0.0
2020-08-30,Los Angeles,037,10098052.0,126,2,104,2,22,0,0,0,107,2,118,2,11,0,1.0596103089982107e-05,1.1685422099232603e-05,1.089319009250497e-06
2020-08-30,Madera,039,155013.0,0,0,0,0,0,0,0,0,0,0,0,0,0,0,0.0,0.0,0.0
2020-08-30,Marin,041,260295.0,1,0,1,0,0,0,0,0,1,0,1,0,0,0,3.841794886571006e-06,3.841794886571006e-06,0.0
2020-08-30,Mariposa,043,17540.0,0,0,0,0,0,0,0,0,0,0,0,0,0,0,0.0,0.0,0.0
2020-08-30,Mendocino,045,87422.0,1,0,0,0,1,0,0,0,1,0,1,0,0,0,1.1438768273432316e-05,1.1438768273432316e-05,0.0
2020-08-30,Merced,047,269075.0,1,0,1,0,0,0,0,0,1,0,1,0,0,0,3.71643593793552e-06,3.71643593793552e-06,0.0
2020-08-30,Modoc,049,8938.0,0,0,0,0,0,0,0,0,0,0,0,0,0,0,0.0,0.0,0.0
2020-08-30,Mono,051,14174.0,0,0,0,0,0,0,0,0,0,0,0,0,0,0,0.0,0.0,0.0
2020-08-30,Monterey,053,433212.0,1,0,0,0,1,0,0,0,1,0,1,0,0,0,2.308338642512211e-06,2.308338642512211e-06,0.0
2020-08-30,Napa,055,140530.0,0,0,0,0,0,0,0,0,0,0,0,0,0,0,0.0,0.0,0.0
2020-08-30,Nevada,057,99092.0,0,0,0,0,0,0,0,0,0,0,0,0,0,0,0.0,0.0,0.0
2020-08-30,Orange,059,3164182.0,40,0,31,0,9,0,0,0,30,0,35,0,5,0,9.481123399349342e-06,1.1061310632574231e-05,1.5801872332248903e-06
2020-08-30,Placer,061,380077.0,4,0,3,0,1,0,0,0,4,0,4,0,0,0,1.0524183257603063e-05,1.0524183257603063e-05,0.0
2020-08-30,Plumas,063,18699.0,0,0,0,0,0,0,0,0,0,0,0,0,0,0,0.0,0.0,0.0
2020-08-30,Riverside,065,2383286.0,22,0,3,0,19,0,0,0,19,0,21,0,2,0,7.972186300762897e-06,8.811363806106359e-06,8.391775053434627e-07
2020-08-30,Sacramento,067,1510023.0,46,0,20,0,26,0,0,0,38,0,42,0,4,0,2.5165179603224583e-05,2.7814145877248227e-05,2.6489662740236405e-06
2020-08-30,San Benito,069,59416.0,0,0,0,0,0,0,0,0,0,0,0,0,0,0,0.0,0.0,0.0
2020-08-30,San Bernardino,071,2135413.0,8,0,1,0,7,0,0,0,6,0,7,0,1,0,2.809760922126071e-06,3.278054409147083e-06,4.682934870210119e-07
2020-08-30,San Diego,073,3302833.0,182,0,51,0,131,0,0,0,154,0,168,0,14,0,4.6626638404061e-05,5.086542371352109e-05,4.23878530946009e-06
2020-08-30,San Francisco,075,870044.0,7,0,6,0,1,0,0,0,6,0,7,0,1,0,6.896202950655369e-06,8.045570109097931e-06,1.1493671584425616e-06
2020-08-30,San Joaquin,077,732212.0,6,0,4,0,2,0,0,0,2,0,4,0,2,0,2.731449361660284e-06,5.4628987233205685e-06,2.731449361660284e-06
2020-08-30,San Luis Obispo,079,281455.0,1,0,0,0,1,0,0,0,1,0,1,0,0,0,3.552965838233465e-06,3.552965838233465e-06,0.0
2020-08-30,San Mateo,081,765935.0,15,0,13,0,2,0,0,0,15,0,15,0,0,0,1.958390725061526e-05,1.958390725061526e-05,0.0
2020-08-30,Santa Barbara,083,443738.0,2,0,2,0,0,0,0,0,2,0,2,0,0,0,4.507164137396392e-06,4.507164137396392e-06,0.0
2020-08-30,Santa Clara,085,1922200.0,34,0,31,0,3,0,0,0,33,0,34,0,1,0,1.7167828529809593e-05,1.7688065757985643e-05,5.202372281760482e-07
2020-08-30,Santa Cruz,087,273765.0,2,0,1,0,1,0,0,0,2,0,2,0,0,0,7.305535769729512e-06,7.305535769729512e-06,0.0
2020-08-30,Shasta,089,179085.0,115,0,45,0,70,0,0,0,115,0,115,0,0,0,0.0006421531674902,0.0006421531674902,0.0
2020-08-30,Sierra,091,2930.0,0,0,0,0,0,0,0,0,0,0,0,0,0,0,0.0,0.0,0.0
2020-08-30,Siskiyou,093,43540.0,3,0,3,0,0,0,0,0,3,0,3,0,0,0,6.890215893431327e-05,6.890215893431327e-05,0.0
2020-08-30,Solano,095,438530.0,1,0,1,0,0,0,0,0,1,0,1,0,0,0,2.280345700408182e-06,2.280345700408182e-06,0.0
2020-08-30,Sonoma,097,501317.0,1,0,0,0,1,0,0,0,1,0,1,0,0,0,1.9947458394588654e-06,1.9947458394588654e-06,0.0
2020-08-30,Stanislaus,099,539301.0,7,1,6,1,1,0,0,0,7,1,7,1,0,0,1.2979764547071115e-05,1.2979764547071115e-05,0.0
2020-08-30,Sutter,101,95872.0,0,0,0,0,0,0,0,0,0,0,0,0,0,0,0.0,0.0,0.0
2020-08-30,Tehama,103,63373.0,8,0,2,0,6,0,0,0,8,0,8,0,0,0,0.0001262367254193,0.0001262367254193,0.0
2020-08-30,Trinity,105,12862.0,1,0,0,0,1,0,0,0,1,0,1,0,0,0,7.774840615767377e-05,7.774840615767377e-05,0.0
2020-08-30,Tulare,107,460477.0,0,0,0,0,0,0,0,0,0,0,0,0,0,0,0.0,0.0,0.0
2020-08-30,Tuolumne,109,53932.0,0,0,0,0,0,0,0,0,0,0,0,0,0,0,0.0,0.0,0.0
2020-08-30,Ventura,111,848112.0,7,0,5,0,2,0,0,0,3,0,5,0,2,0,3.537268662629464e-06,5.895447771049107e-06,2.3581791084196427e-06
2020-08-30,Yolo,113,214977.0,19,0,5,0,14,0,0,0,12,0,16,0,4,0,5.581992492220098e-05,7.442656656293464e-05,1.860664164073366e-05
2020-08-30,Yuba,115,75493.0,0,0,0,0,0,0,0,0,0,0,0,0,0,0,0.0,0.0,0.0
2020-08-29,Alameda,001,1643700.0,27,0,25,0,2,0,0,0,27,0,27,0,0,0,1.642635517430188e-05,1.642635517430188e-05,0.0
2020-08-29,Alpine,003,1148.0,0,0,0,0,0,0,0,0,0,0,0,0,0,0,0.0,0.0,0.0
2020-08-29,Amador,005,37829.0,0,0,0,0,0,0,0,0,0,0,0,0,0,0,0.0,0.0,0.0
2020-08-29,Butte,007,227075.0,6,0,3,0,3,0,0,0,6,0,6,0,0,0,2.6422987999559612e-05,2.6422987999559612e-05,0.0
2020-08-29,Calaveras,009,45235.0,0,0,0,0,0,0,0,0,0,0,0,0,0,0,0.0,0.0,0.0
2020-08-29,Colusa,011,21464.0,0,0,0,0,0,0,0,0,0,0,0,0,0,0,0.0,0.0,0.0
2020-08-29,Contra Costa,013,1133247.0,42,0,39,0,3,0,0,0,35,0,39,0,4,0,3.088470562904645e-05,3.441438627236604e-05,3.529680643319594e-06
2020-08-29,Del Norte,015,27424.0,0,0,0,0,0,0,0,0,0,0,0,0,0,0,0.0,0.0,0.0
2020-08-29,El Dorado,017,186661.0,3,0,0,0,3,0,0,0,1,0,2,0,1,0,5.357305489630936e-06,1.0714610979261871e-05,5.357305489630936e-06
2020-08-29,Fresno,019,978130.0,3,0,2,0,1,0,0,0,3,0,3,0,0,0,3.0670769734084427e-06,3.0670769734084427e-06,0.0
2020-08-29,Glenn,021,27897.0,1,0,0,0,1,0,0,0,1,0,1,0,0,0,3.58461483313618e-05,3.58461483313618e-05,0.0
2020-08-29,Humboldt,023,135768.0,1,0,1,0,0,0,0,0,1,0,1,0,0,0,7.365505862942667e-06,7.365505862942667e-06,0.0
2020-08-29,Imperial,025,180216.0,0,0,0,0,0,0,0,0,0,0,0,0,0,0,0.0,0.0,0.0
2020-08-29,Inyo,027,18085.0,0,0,0,0,0,0,0,0,0,0,0,0,0,0,0.0,0.0,0.0
2020-08-29,Kern,029,883053.0,2,0,1,0,1,0,0,0,2,0,2,0,0,0,2.264869719031587e-06,2.264869719031587e-06,0.0
2020-08-29,Kings,031,150075.0,0,0,0,0,0,0,0,0,0,0,0,0,0,0,0.0,0.0,0.0
2020-08-29,Lake,033,64148.0,0,0,0,0,0,0,0,0,0,0,0,0,0,0,0.0,0.0,0.0
2020-08-29,Lassen,035,31185.0,1,0,0,0,1,0,0,0,1,0,1,0,0,0,3.20666987333654e-05,3.20666987333654e-05,0.0
2020-08-29,Los Angeles,037,10098052.0,124,4,102,3,22,1,0,0,105,4,116,4,11,0,1.03980450883002e-05,1.1487364097550697e-05,1.089319009250497e-06
2020-08-29,Madera,039,155013.0,0,0,0,0,0,0,0,0,0,0,0,0,0,0,0.0,0.0,0.0
2020-08-29,Marin,041,260295.0,1,0,1,0,0,0,0,0,1,0,1,0,0,0,3.841794886571006e-06,3.841794886571006e-06,0.0
2020-08-29,Mariposa,043,17540.0,0,0,0,0,0,0,0,0,0,0,0,0,0,0,0.0,0.0,0.0
2020-08-29,Mendocino,045,87422.0,1,0,0,0,1,0,0,0,1,0,1,0,0,0,1.1438768273432316e-05,1.1438768273432316e-05,0.0
2020-08-29,Merced,047,269075.0,1,0,1,0,0,0,0,0,1,0,1,0,0,0,3.71643593793552e-06,3.71643593793552e-06,0.0
2020-08-29,Modoc,049,8938.0,0,0,0,0,0,0,0,0,0,0,0,0,0,0,0.0,0.0,0.0
2020-08-29,Mono,051,14174.0,0,0,0,0,0,0,0,0,0,0,0,0,0,0,0.0,0.0,0.0
2020-08-29,Monterey,053,433212.0,1,0,0,0,1,0,0,0,1,0,1,0,0,0,2.308338642512211e-06,2.308338642512211e-06,0.0
2020-08-29,Napa,055,140530.0,0,0,0,0,0,0,0,0,0,0,0,0,0,0,0.0,0.0,0.0
2020-08-29,Nevada,057,99092.0,0,0,0,0,0,0,0,0,0,0,0,0,0,0,0.0,0.0,0.0
2020-08-29,Orange,059,3164182.0,40,0,31,0,9,0,0,0,30,0,35,0,5,0,9.481123399349342e-06,1.1061310632574231e-05,1.5801872332248903e-06
2020-08-29,Placer,061,380077.0,4,0,3,0,1,0,0,0,4,0,4,0,0,0,1.0524183257603063e-05,1.0524183257603063e-05,0.0
2020-08-29,Plumas,063,18699.0,0,0,0,0,0,0,0,0,0,0,0,0,0,0,0.0,0.0,0.0
2020-08-29,Riverside,065,2383286.0,22,1,3,0,19,1,0,0,19,0,21,0,2,1,7.972186300762897e-06,8.811363806106359e-06,8.391775053434627e-07
2020-08-29,Sacramento,067,1510023.0,46,1,20,1,26,0,0,0,38,1,42,1,4,0,2.5165179603224583e-05,2.7814145877248227e-05,2.6489662740236405e-06
2020-08-29,San Benito,069,59416.0,0,0,0,0,0,0,0,0,0,0,0,0,0,0,0.0,0.0,0.0
2020-08-29,San Bernardino,071,2135413.0,8,0,1,0,7,0,0,0,6,0,7,0,1,0,2.809760922126071e-06,3.278054409147083e-06,4.682934870210119e-07
2020-08-29,San Diego,073,3302833.0,182,4,51,0,131,4,0,0,154,4,168,4,14,0,4.6626638404061e-05,5.086542371352109e-05,4.23878530946009e-06
2020-08-29,San Francisco,075,870044.0,7,0,6,0,1,0,0,0,6,0,7,0,1,0,6.896202950655369e-06,8.045570109097931e-06,1.1493671584425616e-06
2020-08-29,San Joaquin,077,732212.0,6,0,4,0,2,0,0,0,2,0,4,0,2,0,2.731449361660284e-06,5.4628987233205685e-06,2.731449361660284e-06
2020-08-29,San Luis Obispo,079,281455.0,1,0,0,0,1,0,0,0,1,0,1,0,0,0,3.552965838233465e-06,3.552965838233465e-06,0.0
2020-08-29,San Mateo,081,765935.0,15,0,13,0,2,0,0,0,15,0,15,0,0,0,1.958390725061526e-05,1.958390725061526e-05,0.0
2020-08-29,Santa Barbara,083,443738.0,2,0,2,0,0,0,0,0,2,0,2,0,0,0,4.507164137396392e-06,4.507164137396392e-06,0.0
2020-08-29,Santa Clara,085,1922200.0,34,0,31,0,3,0,0,0,33,0,34,0,1,0,1.7167828529809593e-05,1.7688065757985643e-05,5.202372281760482e-07
2020-08-29,Santa Cruz,087,273765.0,2,0,1,0,1,0,0,0,2,0,2,0,0,0,7.305535769729512e-06,7.305535769729512e-06,0.0
2020-08-29,Shasta,089,179085.0,115,0,45,0,70,0,0,0,115,0,115,0,0,0,0.0006421531674902,0.0006421531674902,0.0
2020-08-29,Sierra,091,2930.0,0,0,0,0,0,0,0,0,0,0,0,0,0,0,0.0,0.0,0.0
2020-08-29,Siskiyou,093,43540.0,3,0,3,0,0,0,0,0,3,0,3,0,0,0,6.890215893431327e-05,6.890215893431327e-05,0.0
2020-08-29,Solano,095,438530.0,1,0,1,0,0,0,0,0,1,0,1,0,0,0,2.280345700408182e-06,2.280345700408182e-06,0.0
2020-08-29,Sonoma,097,501317.0,1,0,0,0,1,0,0,0,1,0,1,0,0,0,1.9947458394588654e-06,1.9947458394588654e-06,0.0
2020-08-29,Stanislaus,099,539301.0,6,0,5,0,1,0,0,0,6,0,6,0,0,0,1.11255124689181e-05,1.11255124689181e-05,0.0
2020-08-29,Sutter,101,95872.0,0,0,0,0,0,0,0,0,0,0,0,0,0,0,0.0,0.0,0.0
2020-08-29,Tehama,103,63373.0,8,0,2,0,6,0,0,0,8,0,8,0,0,0,0.0001262367254193,0.0001262367254193,0.0
2020-08-29,Trinity,105,12862.0,1,0,0,0,1,0,0,0,1,0,1,0,0,0,7.774840615767377e-05,7.774840615767377e-05,0.0
2020-08-29,Tulare,107,460477.0,0,0,0,0,0,0,0,0,0,0,0,0,0,0,0.0,0.0,0.0
2020-08-29,Tuolumne,109,53932.0,0,0,0,0,0,0,0,0,0,0,0,0,0,0,0.0,0.0,0.0
2020-08-29,Ventura,111,848112.0,7,0,5,0,2,0,0,0,3,0,5,0,2,0,3.537268662629464e-06,5.895447771049107e-06,2.3581791084196427e-06
2020-08-29,Yolo,113,214977.0,19,0,5,0,14,0,0,0,12,0,16,0,4,0,5.581992492220098e-05,7.442656656293464e-05,1.860664164073366e-05
2020-08-29,Yuba,115,75493.0,0,0,0,0,0,0,0,0,0,0,0,0,0,0,0.0,0.0,0.0
2020-08-28,Alameda,001,1643700.0,27,1,25,1,2,0,0,0,27,1,27,1,0,0,1.642635517430188e-05,1.642635517430188e-05,0.0
2020-08-28,Alpine,003,1148.0,0,0,0,0,0,0,0,0,0,0,0,0,0,0,0.0,0.0,0.0
2020-08-28,Amador,005,37829.0,0,0,0,0,0,0,0,0,0,0,0,0,0,0,0.0,0.0,0.0
2020-08-28,Butte,007,227075.0,6,1,3,0,3,1,0,0,6,1,6,1,0,0,2.6422987999559612e-05,2.6422987999559612e-05,0.0
2020-08-28,Calaveras,009,45235.0,0,0,0,0,0,0,0,0,0,0,0,0,0,0,0.0,0.0,0.0
2020-08-28,Colusa,011,21464.0,0,0,0,0,0,0,0,0,0,0,0,0,0,0,0.0,0.0,0.0
2020-08-28,Contra Costa,013,1133247.0,42,1,39,1,3,0,0,0,35,1,39,1,4,0,3.088470562904645e-05,3.441438627236604e-05,3.529680643319594e-06
2020-08-28,Del Norte,015,27424.0,0,0,0,0,0,0,0,0,0,0,0,0,0,0,0.0,0.0,0.0
2020-08-28,El Dorado,017,186661.0,3,0,0,0,3,0,0,0,1,0,2,0,1,0,5.357305489630936e-06,1.0714610979261871e-05,5.357305489630936e-06
2020-08-28,Fresno,019,978130.0,3,1,2,0,1,1,0,0,3,1,3,1,0,0,3.0670769734084427e-06,3.0670769734084427e-06,0.0
2020-08-28,Glenn,021,27897.0,1,0,0,0,1,0,0,0,1,0,1,0,0,0,3.58461483313618e-05,3.58461483313618e-05,0.0
2020-08-28,Humboldt,023,135768.0,1,0,1,0,0,0,0,0,1,0,1,0,0,0,7.365505862942667e-06,7.365505862942667e-06,0.0
2020-08-28,Imperial,025,180216.0,0,0,0,0,0,0,0,0,0,0,0,0,0,0,0.0,0.0,0.0
2020-08-28,Inyo,027,18085.0,0,0,0,0,0,0,0,0,0,0,0,0,0,0,0.0,0.0,0.0
2020-08-28,Kern,029,883053.0,2,0,1,0,1,0,0,0,2,0,2,0,0,0,2.264869719031587e-06,2.264869719031587e-06,0.0
2020-08-28,Kings,031,150075.0,0,0,0,0,0,0,0,0,0,0,0,0,0,0,0.0,0.0,0.0
2020-08-28,Lake,033,64148.0,0,0,0,0,0,0,0,0,0,0,0,0,0,0,0.0,0.0,0.0
2020-08-28,Lassen,035,31185.0,1,0,0,0,1,0,0,0,1,0,1,0,0,0,3.20666987333654e-05,3.20666987333654e-05,0.0
2020-08-28,Los Angeles,037,10098052.0,120,16,99,15,21,1,0,0,101,13,112,13,11,3,1.0001929084936382e-05,1.1091248094186878e-05,1.089319009250497e-06
2020-08-28,Madera,039,155013.0,0,0,0,0,0,0,0,0,0,0,0,0,0,0,0.0,0.0,0.0
2020-08-28,Marin,041,260295.0,1,0,1,0,0,0,0,0,1,0,1,0,0,0,3.841794886571006e-06,3.841794886571006e-06,0.0
2020-08-28,Mariposa,043,17540.0,0,0,0,0,0,0,0,0,0,0,0,0,0,0,0.0,0.0,0.0
2020-08-28,Mendocino,045,87422.0,1,0,0,0,1,0,0,0,1,0,1,0,0,0,1.1438768273432316e-05,1.1438768273432316e-05,0.0
2020-08-28,Merced,047,269075.0,1,0,1,0,0,0,0,0,1,0,1,0,0,0,3.71643593793552e-06,3.71643593793552e-06,0.0
2020-08-28,Modoc,049,8938.0,0,0,0,0,0,0,0,0,0,0,0,0,0,0,0.0,0.0,0.0
2020-08-28,Mono,051,14174.0,0,0,0,0,0,0,0,0,0,0,0,0,0,0,0.0,0.0,0.0
2020-08-28,Monterey,053,433212.0,1,0,0,0,1,0,0,0,1,0,1,0,0,0,2.308338642512211e-06,2.308338642512211e-06,0.0
2020-08-28,Napa,055,140530.0,0,0,0,0,0,0,0,0,0,0,0,0,0,0,0.0,0.0,0.0
2020-08-28,Nevada,057,99092.0,0,0,0,0,0,0,0,0,0,0,0,0,0,0,0.0,0.0,0.0
2020-08-28,Orange,059,3164182.0,40,4,31,3,9,1,0,0,30,3,35,3,5,1,9.481123399349342e-06,1.1061310632574231e-05,1.5801872332248903e-06
2020-08-28,Placer,061,380077.0,4,1,3,1,1,0,0,0,4,1,4,1,0,0,1.0524183257603063e-05,1.0524183257603063e-05,0.0
2020-08-28,Plumas,063,18699.0,0,0,0,0,0,0,0,0,0,0,0,0,0,0,0.0,0.0,0.0
2020-08-28,Riverside,065,2383286.0,21,1,3,1,18,0,0,0,20,1,21,1,1,0,8.391775053434628e-06,8.811363806106359e-06,4.195887526717314e-07
2020-08-28,Sacramento,067,1510023.0,45,5,19,3,26,2,0,0,37,3,41,3,4,2,2.450293803471868e-05,2.715190430874232e-05,2.6489662740236405e-06
2020-08-28,San Benito,069,59416.0,0,0,0,0,0,0,0,0,0,0,0,0,0,0,0.0,0.0,0.0
2020-08-28,San Bernardino,071,2135413.0,8,0,1,0,7,0,0,0,6,0,7,0,1,0,2.809760922126071e-06,3.278054409147083e-06,4.682934870210119e-07
2020-08-28,San Diego,073,3302833.0,178,9,51,0,127,9,0,0,150,6,164,6,14,3,4.54155568870724e-05,4.965434219653249e-05,4.23878530946009e-06
2020-08-28,San Francisco,075,870044.0,7,1,6,1,1,0,0,0,6,1,7,1,1,0,6.896202950655369e-06,8.045570109097931e-06,1.1493671584425616e-06
2020-08-28,San Joaquin,077,732212.0,6,2,4,2,2,0,0,0,2,1,4,1,2,1,2.731449361660284e-06,5.4628987233205685e-06,2.731449361660284e-06
2020-08-28,San Luis Obispo,079,281455.0,1,0,0,0,1,0,0,0,1,0,1,0,0,0,3.552965838233465e-06,3.552965838233465e-06,0.0
2020-08-28,San Mateo,081,765935.0,15,2,13,2,2,0,0,0,15,2,15,2,0,0,1.958390725061526e-05,1.958390725061526e-05,0.0
2020-08-28,Santa Barbara,083,443738.0,2,0,2,0,0,0,0,0,2,0,2,0,0,0,4.507164137396392e-06,4.507164137396392e-06,0.0
2020-08-28,Santa Clara,085,1922200.0,34,5,31,5,3,0,0,0,33,5,34,5,1,0,1.7167828529809593e-05,1.7688065757985643e-05,5.202372281760482e-07
2020-08-28,Santa Cruz,087,273765.0,2,0,1,0,1,0,0,0,2,0,2,0,0,0,7.305535769729512e-06,7.305535769729512e-06,0.0
2020-08-28,Shasta,089,179085.0,115,6,45,0,70,6,0,0,115,6,115,6,0,0,0.0006421531674902,0.0006421531674902,0.0
2020-08-28,Sierra,091,2930.0,0,0,0,0,0,0,0,0,0,0,0,0,0,0,0.0,0.0,0.0
2020-08-28,Siskiyou,093,43540.0,3,0,3,0,0,0,0,0,3,0,3,0,0,0,6.890215893431327e-05,6.890215893431327e-05,0.0
2020-08-28,Solano,095,438530.0,1,0,1,0,0,0,0,0,1,0,1,0,0,0,2.280345700408182e-06,2.280345700408182e-06,0.0
2020-08-28,Sonoma,097,501317.0,1,0,0,0,1,0,0,0,1,0,1,0,0,0,1.9947458394588654e-06,1.9947458394588654e-06,0.0
2020-08-28,Stanislaus,099,539301.0,6,0,5,0,1,0,0,0,6,0,6,0,0,0,1.11255124689181e-05,1.11255124689181e-05,0.0
2020-08-28,Sutter,101,95872.0,0,0,0,0,0,0,0,0,0,0,0,0,0,0,0.0,0.0,0.0
2020-08-28,Tehama,103,63373.0,8,1,2,0,6,1,0,0,8,1,8,1,0,0,0.0001262367254193,0.0001262367254193,0.0
2020-08-28,Trinity,105,12862.0,1,0,0,0,1,0,0,0,1,0,1,0,0,0,7.774840615767377e-05,7.774840615767377e-05,0.0
2020-08-28,Tulare,107,460477.0,0,0,0,0,0,0,0,0,0,0,0,0,0,0,0.0,0.0,0.0
2020-08-28,Tuolumne,109,53932.0,0,0,0,0,0,0,0,0,0,0,0,0,0,0,0.0,0.0,0.0
2020-08-28,Ventura,111,848112.0,7,1,5,1,2,0,0,0,3,0,5,0,2,1,3.537268662629464e-06,5.895447771049107e-06,2.3581791084196427e-06
2020-08-28,Yolo,113,214977.0,19,2,5,0,14,2,0,0,12,1,16,1,4,1,5.581992492220098e-05,7.442656656293464e-05,1.860664164073366e-05
2020-08-28,Yuba,115,75493.0,0,0,0,0,0,0,0,0,0,0,0,0,0,0,0.0,0.0,0.0
2020-08-27,Alameda,001,1643700.0,26,3,24,3,2,0,0,0,26,3,26,3,0,0,1.5817971649327736e-05,1.5817971649327736e-05,0.0
2020-08-27,Alpine,003,1148.0,0,0,0,0,0,0,0,0,0,0,0,0,0,0,0.0,0.0,0.0
2020-08-27,Amador,005,37829.0,0,0,0,0,0,0,0,0,0,0,0,0,0,0,0.0,0.0,0.0
2020-08-27,Butte,007,227075.0,5,0,3,0,2,0,0,0,5,0,5,0,0,0,2.201915666629968e-05,2.201915666629968e-05,0.0
2020-08-27,Calaveras,009,45235.0,0,0,0,0,0,0,0,0,0,0,0,0,0,0,0.0,0.0,0.0
2020-08-27,Colusa,011,21464.0,0,0,0,0,0,0,0,0,0,0,0,0,0,0,0.0,0.0,0.0
2020-08-27,Contra Costa,013,1133247.0,41,8,38,7,3,1,0,0,34,6,38,7,4,2,3.000228546821655e-05,3.3531966111536144e-05,3.529680643319594e-06
2020-08-27,Del Norte,015,27424.0,0,0,0,0,0,0,0,0,0,0,0,0,0,0,0.0,0.0,0.0
2020-08-27,El Dorado,017,186661.0,3,0,0,0,3,0,0,0,1,0,2,0,1,0,5.357305489630936e-06,1.0714610979261871e-05,5.357305489630936e-06
2020-08-27,Fresno,019,978130.0,2,0,2,0,0,0,0,0,2,0,2,0,0,0,2.044717982272295e-06,2.044717982272295e-06,0.0
2020-08-27,Glenn,021,27897.0,1,0,0,0,1,0,0,0,1,0,1,0,0,0,3.58461483313618e-05,3.58461483313618e-05,0.0
2020-08-27,Humboldt,023,135768.0,1,0,1,0,0,0,0,0,1,0,1,0,0,0,7.365505862942667e-06,7.365505862942667e-06,0.0
2020-08-27,Imperial,025,180216.0,0,0,0,0,0,0,0,0,0,0,0,0,0,0,0.0,0.0,0.0
2020-08-27,Inyo,027,18085.0,0,0,0,0,0,0,0,0,0,0,0,0,0,0,0.0,0.0,0.0
2020-08-27,Kern,029,883053.0,2,0,1,0,1,0,0,0,2,0,2,0,0,0,2.264869719031587e-06,2.264869719031587e-06,0.0
2020-08-27,Kings,031,150075.0,0,0,0,0,0,0,0,0,0,0,0,0,0,0,0.0,0.0,0.0
2020-08-27,Lake,033,64148.0,0,0,0,0,0,0,0,0,0,0,0,0,0,0,0.0,0.0,0.0
2020-08-27,Lassen,035,31185.0,1,0,0,0,1,0,0,0,1,0,1,0,0,0,3.20666987333654e-05,3.20666987333654e-05,0.0
2020-08-27,Los Angeles,037,10098052.0,104,17,84,14,20,3,0,0,91,12,99,13,8,5,9.01163907652684e-06,9.803871083254474e-06,7.922320067276342e-07
2020-08-27,Madera,039,155013.0,0,0,0,0,0,0,0,0,0,0,0,0,0,0,0.0,0.0,0.0
2020-08-27,Marin,041,260295.0,1,0,1,0,0,0,0,0,1,0,1,0,0,0,3.841794886571006e-06,3.841794886571006e-06,0.0
2020-08-27,Mariposa,043,17540.0,0,0,0,0,0,0,0,0,0,0,0,0,0,0,0.0,0.0,0.0
2020-08-27,Mendocino,045,87422.0,1,0,0,0,1,0,0,0,1,0,1,0,0,0,1.1438768273432316e-05,1.1438768273432316e-05,0.0
2020-08-27,Merced,047,269075.0,1,0,1,0,0,0,0,0,1,0,1,0,0,0,3.71643593793552e-06,3.71643593793552e-06,0.0
2020-08-27,Modoc,049,8938.0,0,0,0,0,0,0,0,0,0,0,0,0,0,0,0.0,0.0,0.0
2020-08-27,Mono,051,14174.0,0,0,0,0,0,0,0,0,0,0,0,0,0,0,0.0,0.0,0.0
2020-08-27,Monterey,053,433212.0,1,0,0,0,1,0,0,0,1,0,1,0,0,0,2.308338642512211e-06,2.308338642512211e-06,0.0
2020-08-27,Napa,055,140530.0,0,0,0,0,0,0,0,0,0,0,0,0,0,0,0.0,0.0,0.0
2020-08-27,Nevada,057,99092.0,0,0,0,0,0,0,0,0,0,0,0,0,0,0,0.0,0.0,0.0
2020-08-27,Orange,059,3164182.0,36,4,28,4,8,0,0,0,28,2,32,2,4,2,8.849048506059386e-06,1.0113198292639298e-05,1.2641497865799125e-06
2020-08-27,Placer,061,380077.0,3,0,2,0,1,0,0,0,3,0,3,0,0,0,7.893137443202299e-06,7.893137443202299e-06,0.0
2020-08-27,Plumas,063,18699.0,0,0,0,0,0,0,0,0,0,0,0,0,0,0,0.0,0.0,0.0
2020-08-27,Riverside,065,2383286.0,20,0,2,0,18,0,0,0,19,0,20,0,1,0,7.972186300762897e-06,8.391775053434628e-06,4.195887526717314e-07
2020-08-27,Sacramento,067,1510023.0,40,4,16,2,24,2,0,0,36,4,38,4,2,0,2.3840696466212768e-05,2.5165179603224583e-05,1.3244831370118202e-06
2020-08-27,San Benito,069,59416.0,0,0,0,0,0,0,0,0,0,0,0,0,0,0,0.0,0.0,0.0
2020-08-27,San Bernardino,071,2135413.0,8,0,1,0,7,0,0,0,6,0,7,0,1,0,2.809760922126071e-06,3.278054409147083e-06,4.682934870210119e-07
2020-08-27,San Diego,073,3302833.0,169,14,51,8,118,6,0,0,147,12,158,12,11,2,4.450724574933095e-05,4.78377199210496e-05,3.330474171718643e-06
2020-08-27,San Francisco,075,870044.0,6,0,5,0,1,0,0,0,5,0,6,0,1,0,5.746835792212808e-06,6.896202950655369e-06,1.1493671584425616e-06
2020-08-27,San Joaquin,077,732212.0,4,0,2,0,2,0,0,0,2,0,3,0,1,0,2.731449361660284e-06,4.097174042490426e-06,1.365724680830142e-06
2020-08-27,San Luis Obispo,079,281455.0,1,0,0,0,1,0,0,0,1,0,1,0,0,0,3.552965838233465e-06,3.552965838233465e-06,0.0
2020-08-27,San Mateo,081,765935.0,13,2,11,2,2,0,0,0,13,2,13,2,0,0,1.6972719617199894e-05,1.6972719617199894e-05,0.0
2020-08-27,Santa Barbara,083,443738.0,2,0,2,0,0,0,0,0,2,0,2,0,0,0,4.507164137396392e-06,4.507164137396392e-06,0.0
2020-08-27,Santa Clara,085,1922200.0,29,1,26,1,3,0,0,0,28,1,29,1,1,0,1.4566642388929352e-05,1.50868796171054e-05,5.202372281760482e-07
2020-08-27,Santa Cruz,087,273765.0,2,0,1,0,1,0,0,0,2,0,2,0,0,0,7.305535769729512e-06,7.305535769729512e-06,0.0
2020-08-27,Shasta,089,179085.0,109,7,45,3,64,4,0,0,109,7,109,7,0,0,0.000608649523969,0.000608649523969,0.0
2020-08-27,Sierra,091,2930.0,0,0,0,0,0,0,0,0,0,0,0,0,0,0,0.0,0.0,0.0
2020-08-27,Siskiyou,093,43540.0,3,0,3,0,0,0,0,0,3,0,3,0,0,0,6.890215893431327e-05,6.890215893431327e-05,0.0
2020-08-27,Solano,095,438530.0,1,0,1,0,0,0,0,0,1,0,1,0,0,0,2.280345700408182e-06,2.280345700408182e-06,0.0
2020-08-27,Sonoma,097,501317.0,1,0,0,0,1,0,0,0,1,0,1,0,0,0,1.9947458394588654e-06,1.9947458394588654e-06,0.0
2020-08-27,Stanislaus,099,539301.0,6,0,5,0,1,0,0,0,6,0,6,0,0,0,1.11255124689181e-05,1.11255124689181e-05,0.0
2020-08-27,Sutter,101,95872.0,0,0,0,0,0,0,0,0,0,0,0,0,0,0,0.0,0.0,0.0
2020-08-27,Tehama,103,63373.0,7,0,2,0,5,0,0,0,7,0,7,0,0,0,0.0001104571347419,0.0001104571347419,0.0
2020-08-27,Trinity,105,12862.0,1,0,0,0,1,0,0,0,1,0,1,0,0,0,7.774840615767377e-05,7.774840615767377e-05,0.0
2020-08-27,Tulare,107,460477.0,0,0,0,0,0,0,0,0,0,0,0,0,0,0,0.0,0.0,0.0
2020-08-27,Tuolumne,109,53932.0,0,0,0,0,0,0,0,0,0,0,0,0,0,0,0.0,0.0,0.0
2020-08-27,Ventura,111,848112.0,6,1,4,0,2,1,0,0,4,1,5,1,1,0,4.7163582168392855e-06,5.895447771049107e-06,1.1790895542098214e-06
2020-08-27,Yolo,113,214977.0,17,0,5,0,12,0,0,0,12,0,15,0,3,0,5.581992492220098e-05,6.977490615275122e-05,1.3954981230550245e-05
2020-08-27,Yuba,115,75493.0,0,0,0,0,0,0,0,0,0,0,0,0,0,0,0.0,0.0,0.0
2020-08-26,Alameda,001,1643700.0,23,1,21,1,2,0,0,0,23,1,23,1,0,0,1.3992821074405304e-05,1.3992821074405304e-05,0.0
2020-08-26,Alpine,003,1148.0,0,0,0,0,0,0,0,0,0,0,0,0,0,0,0.0,0.0,0.0
2020-08-26,Amador,005,37829.0,0,0,0,0,0,0,0,0,0,0,0,0,0,0,0.0,0.0,0.0
2020-08-26,Butte,007,227075.0,5,1,3,1,2,0,0,0,5,1,5,1,0,0,2.201915666629968e-05,2.201915666629968e-05,0.0
2020-08-26,Calaveras,009,45235.0,0,0,0,0,0,0,0,0,0,0,0,0,0,0,0.0,0.0,0.0
2020-08-26,Colusa,011,21464.0,0,0,0,0,0,0,0,0,0,0,0,0,0,0,0.0,0.0,0.0
2020-08-26,Contra Costa,013,1133247.0,33,3,31,3,2,0,0,0,29,1,31,1,2,2,2.559018466406706e-05,2.735502498572685e-05,1.764840321659797e-06
2020-08-26,Del Norte,015,27424.0,0,0,0,0,0,0,0,0,0,0,0,0,0,0,0.0,0.0,0.0
2020-08-26,El Dorado,017,186661.0,3,0,0,0,3,0,0,0,1,0,2,0,1,0,5.357305489630936e-06,1.0714610979261871e-05,5.357305489630936e-06
2020-08-26,Fresno,019,978130.0,2,0,2,0,0,0,0,0,2,0,2,0,0,0,2.044717982272295e-06,2.044717982272295e-06,0.0
2020-08-26,Glenn,021,27897.0,1,0,0,0,1,0,0,0,1,0,1,0,0,0,3.58461483313618e-05,3.58461483313618e-05,0.0
2020-08-26,Humboldt,023,135768.0,1,0,1,0,0,0,0,0,1,0,1,0,0,0,7.365505862942667e-06,7.365505862942667e-06,0.0
2020-08-26,Imperial,025,180216.0,0,0,0,0,0,0,0,0,0,0,0,0,0,0,0.0,0.0,0.0
2020-08-26,Inyo,027,18085.0,0,0,0,0,0,0,0,0,0,0,0,0,0,0,0.0,0.0,0.0
2020-08-26,Kern,029,883053.0,2,0,1,0,1,0,0,0,2,0,2,0,0,0,2.264869719031587e-06,2.264869719031587e-06,0.0
2020-08-26,Kings,031,150075.0,0,0,0,0,0,0,0,0,0,0,0,0,0,0,0.0,0.0,0.0
2020-08-26,Lake,033,64148.0,0,0,0,0,0,0,0,0,0,0,0,0,0,0,0.0,0.0,0.0
2020-08-26,Lassen,035,31185.0,1,0,0,0,1,0,0,0,1,0,1,0,0,0,3.20666987333654e-05,3.20666987333654e-05,0.0
2020-08-26,Los Angeles,037,10098052.0,87,8,70,6,17,2,0,0,83,8,86,8,3,0,8.219407069799205e-06,8.516494072322068e-06,2.9708700252286285e-07
2020-08-26,Madera,039,155013.0,0,0,0,0,0,0,0,0,0,0,0,0,0,0,0.0,0.0,0.0
2020-08-26,Marin,041,260295.0,1,0,1,0,0,0,0,0,1,0,1,0,0,0,3.841794886571006e-06,3.841794886571006e-06,0.0
2020-08-26,Mariposa,043,17540.0,0,0,0,0,0,0,0,0,0,0,0,0,0,0,0.0,0.0,0.0
2020-08-26,Mendocino,045,87422.0,1,0,0,0,1,0,0,0,1,0,1,0,0,0,1.1438768273432316e-05,1.1438768273432316e-05,0.0
2020-08-26,Merced,047,269075.0,1,0,1,0,0,0,0,0,1,0,1,0,0,0,3.71643593793552e-06,3.71643593793552e-06,0.0
2020-08-26,Modoc,049,8938.0,0,0,0,0,0,0,0,0,0,0,0,0,0,0,0.0,0.0,0.0
2020-08-26,Mono,051,14174.0,0,0,0,0,0,0,0,0,0,0,0,0,0,0,0.0,0.0,0.0
2020-08-26,Monterey,053,433212.0,1,0,0,0,1,0,0,0,1,0,1,0,0,0,2.308338642512211e-06,2.308338642512211e-06,0.0
2020-08-26,Napa,055,140530.0,0,0,0,0,0,0,0,0,0,0,0,0,0,0,0.0,0.0,0.0
2020-08-26,Nevada,057,99092.0,0,0,0,0,0,0,0,0,0,0,0,0,0,0,0.0,0.0,0.0
2020-08-26,Orange,059,3164182.0,32,5,24,3,8,2,0,0,28,4,30,4,2,1,8.849048506059386e-06,9.481123399349342e-06,6.320748932899561e-07
2020-08-26,Placer,061,380077.0,3,1,2,1,1,0,0,0,3,1,3,1,0,0,7.893137443202299e-06,7.893137443202299e-06,0.0
2020-08-26,Plumas,063,18699.0,0,0,0,0,0,0,0,0,0,0,0,0,0,0,0.0,0.0,0.0
2020-08-26,Riverside,065,2383286.0,20,0,2,0,18,0,0,0,19,0,20,0,1,0,7.972186300762897e-06,8.391775053434628e-06,4.195887526717314e-07
2020-08-26,Sacramento,067,1510023.0,36,8,14,5,22,3,0,0,32,6,34,6,2,2,2.1191730192189124e-05,2.2516213329200943e-05,1.3244831370118202e-06
2020-08-26,San Benito,069,59416.0,0,0,0,0,0,0,0,0,0,0,0,0,0,0,0.0,0.0,0.0
2020-08-26,San Bernardino,071,2135413.0,8,1,1,0,7,1,0,0,6,0,7,0,1,1,2.809760922126071e-06,3.278054409147083e-06,4.682934870210119e-07
2020-08-26,San Diego,073,3302833.0,155,18,43,4,112,14,0,0,137,15,146,15,9,3,4.1479541956859456e-05,4.420447537008381e-05,2.724933413224344e-06
2020-08-26,San Francisco,075,870044.0,6,0,5,0,1,0,0,0,5,0,6,0,1,0,5.746835792212808e-06,6.896202950655369e-06,1.1493671584425616e-06
2020-08-26,San Joaquin,077,732212.0,4,0,2,0,2,0,0,0,2,0,3,0,1,0,2.731449361660284e-06,4.097174042490426e-06,1.365724680830142e-06
2020-08-26,San Luis Obispo,079,281455.0,1,0,0,0,1,0,0,0,1,0,1,0,0,0,3.552965838233465e-06,3.552965838233465e-06,0.0
2020-08-26,San Mateo,081,765935.0,11,2,9,2,2,0,0,0,11,2,11,2,0,0,1.4361531983784524e-05,1.4361531983784524e-05,0.0
2020-08-26,Santa Barbara,083,443738.0,2,0,2,0,0,0,0,0,2,0,2,0,0,0,4.507164137396392e-06,4.507164137396392e-06,0.0
2020-08-26,Santa Clara,085,1922200.0,28,1,25,1,3,0,0,0,27,1,28,1,1,0,1.4046405160753304e-05,1.4566642388929352e-05,5.202372281760482e-07
2020-08-26,Santa Cruz,087,273765.0,2,0,1,0,1,0,0,0,2,0,2,0,0,0,7.305535769729512e-06,7.305535769729512e-06,0.0
2020-08-26,Shasta,089,179085.0,102,7,42,7,60,0,0,0,102,7,102,7,0,0,0.0005695619398609,0.0005695619398609,0.0
2020-08-26,Sierra,091,2930.0,0,0,0,0,0,0,0,0,0,0,0,0,0,0,0.0,0.0,0.0
2020-08-26,Siskiyou,093,43540.0,3,1,3,1,0,0,0,0,3,1,3,1,0,0,6.890215893431327e-05,6.890215893431327e-05,0.0
2020-08-26,Solano,095,438530.0,1,0,1,0,0,0,0,0,1,0,1,0,0,0,2.280345700408182e-06,2.280345700408182e-06,0.0
2020-08-26,Sonoma,097,501317.0,1,0,0,0,1,0,0,0,1,0,1,0,0,0,1.9947458394588654e-06,1.9947458394588654e-06,0.0
2020-08-26,Stanislaus,099,539301.0,6,0,5,0,1,0,0,0,6,0,6,0,0,0,1.11255124689181e-05,1.11255124689181e-05,0.0
2020-08-26,Sutter,101,95872.0,0,0,0,0,0,0,0,0,0,0,0,0,0,0,0.0,0.0,0.0
2020-08-26,Tehama,103,63373.0,7,0,2,0,5,0,0,0,7,0,7,0,0,0,0.0001104571347419,0.0001104571347419,0.0
2020-08-26,Trinity,105,12862.0,1,0,0,0,1,0,0,0,1,0,1,0,0,0,7.774840615767377e-05,7.774840615767377e-05,0.0
2020-08-26,Tulare,107,460477.0,0,0,0,0,0,0,0,0,0,0,0,0,0,0,0.0,0.0,0.0
2020-08-26,Tuolumne,109,53932.0,0,0,0,0,0,0,0,0,0,0,0,0,0,0,0.0,0.0,0.0
2020-08-26,Ventura,111,848112.0,5,1,4,1,1,0,0,0,3,1,4,1,1,0,3.537268662629464e-06,4.7163582168392855e-06,1.1790895542098214e-06
2020-08-26,Yolo,113,214977.0,17,2,5,1,12,1,0,0,12,2,15,2,3,0,5.581992492220098e-05,6.977490615275122e-05,1.3954981230550245e-05
2020-08-26,Yuba,115,75493.0,0,0,0,0,0,0,0,0,0,0,0,0,0,0,0.0,0.0,0.0
2020-08-25,Alameda,001,1643700.0,22,4,20,3,2,1,0,0,22,4,22,4,0,0,1.3384437549431162e-05,1.3384437549431162e-05,0.0
2020-08-25,Alpine,003,1148.0,0,0,0,0,0,0,0,0,0,0,0,0,0,0,0.0,0.0,0.0
2020-08-25,Amador,005,37829.0,0,0,0,0,0,0,0,0,0,0,0,0,0,0,0.0,0.0,0.0
2020-08-25,Butte,007,227075.0,4,0,2,0,2,0,0,0,4,0,4,0,0,0,1.7615325333039744e-05,1.7615325333039744e-05,0.0
2020-08-25,Calaveras,009,45235.0,0,0,0,0,0,0,0,0,0,0,0,0,0,0,0.0,0.0,0.0
2020-08-25,Colusa,011,21464.0,0,0,0,0,0,0,0,0,0,0,0,0,0,0,0.0,0.0,0.0
2020-08-25,Contra Costa,013,1133247.0,30,2,28,2,2,0,0,0,30,2,30,2,0,0,2.647260482489696e-05,2.647260482489696e-05,0.0
2020-08-25,Del Norte,015,27424.0,0,0,0,0,0,0,0,0,0,0,0,0,0,0,0.0,0.0,0.0
2020-08-25,El Dorado,017,186661.0,3,0,0,0,3,0,0,0,1,0,2,0,1,0,5.357305489630936e-06,1.0714610979261871e-05,5.357305489630936e-06
2020-08-25,Fresno,019,978130.0,2,0,2,0,0,0,0,0,2,0,2,0,0,0,2.044717982272295e-06,2.044717982272295e-06,0.0
2020-08-25,Glenn,021,27897.0,1,0,0,0,1,0,0,0,1,0,1,0,0,0,3.58461483313618e-05,3.58461483313618e-05,0.0
2020-08-25,Humboldt,023,135768.0,1,0,1,0,0,0,0,0,1,0,1,0,0,0,7.365505862942667e-06,7.365505862942667e-06,0.0
2020-08-25,Imperial,025,180216.0,0,0,0,0,0,0,0,0,0,0,0,0,0,0,0.0,0.0,0.0
2020-08-25,Inyo,027,18085.0,0,0,0,0,0,0,0,0,0,0,0,0,0,0,0.0,0.0,0.0
2020-08-25,Kern,029,883053.0,2,0,1,0,1,0,0,0,2,0,2,0,0,0,2.264869719031587e-06,2.264869719031587e-06,0.0
2020-08-25,Kings,031,150075.0,0,0,0,0,0,0,0,0,0,0,0,0,0,0,0.0,0.0,0.0
2020-08-25,Lake,033,64148.0,0,0,0,0,0,0,0,0,0,0,0,0,0,0,0.0,0.0,0.0
2020-08-25,Lassen,035,31185.0,1,0,0,0,1,0,0,0,1,0,1,0,0,0,3.20666987333654e-05,3.20666987333654e-05,0.0
2020-08-25,Los Angeles,037,10098052.0,79,8,64,7,15,1,0,0,75,8,78,8,3,0,7.42717506307157e-06,7.724262065594434e-06,2.9708700252286285e-07
2020-08-25,Madera,039,155013.0,0,0,0,0,0,0,0,0,0,0,0,0,0,0,0.0,0.0,0.0
2020-08-25,Marin,041,260295.0,1,0,1,0,0,0,0,0,1,0,1,0,0,0,3.841794886571006e-06,3.841794886571006e-06,0.0
2020-08-25,Mariposa,043,17540.0,0,0,0,0,0,0,0,0,0,0,0,0,0,0,0.0,0.0,0.0
2020-08-25,Mendocino,045,87422.0,1,0,0,0,1,0,0,0,1,0,1,0,0,0,1.1438768273432316e-05,1.1438768273432316e-05,0.0
2020-08-25,Merced,047,269075.0,1,0,1,0,0,0,0,0,1,0,1,0,0,0,3.71643593793552e-06,3.71643593793552e-06,0.0
2020-08-25,Modoc,049,8938.0,0,0,0,0,0,0,0,0,0,0,0,0,0,0,0.0,0.0,0.0
2020-08-25,Mono,051,14174.0,0,0,0,0,0,0,0,0,0,0,0,0,0,0,0.0,0.0,0.0
2020-08-25,Monterey,053,433212.0,1,0,0,0,1,0,0,0,1,0,1,0,0,0,2.308338642512211e-06,2.308338642512211e-06,0.0
2020-08-25,Napa,055,140530.0,0,0,0,0,0,0,0,0,0,0,0,0,0,0,0.0,0.0,0.0
2020-08-25,Nevada,057,99092.0,0,0,0,0,0,0,0,0,0,0,0,0,0,0,0.0,0.0,0.0
2020-08-25,Orange,059,3164182.0,27,1,21,0,6,1,0,0,25,1,26,1,1,0,7.900936166124451e-06,8.21697361276943e-06,3.160374466449781e-07
2020-08-25,Placer,061,380077.0,2,0,1,0,1,0,0,0,2,0,2,0,0,0,5.2620916288015326e-06,5.2620916288015326e-06,0.0
2020-08-25,Plumas,063,18699.0,0,0,0,0,0,0,0,0,0,0,0,0,0,0,0.0,0.0,0.0
2020-08-25,Riverside,065,2383286.0,20,2,2,0,18,2,0,0,19,2,20,2,1,0,7.972186300762897e-06,8.391775053434628e-06,4.195887526717314e-07
2020-08-25,Sacramento,067,1510023.0,28,2,9,2,19,0,0,0,28,2,28,2,0,0,1.8542763918165483e-05,1.8542763918165483e-05,0.0
2020-08-25,San Benito,069,59416.0,0,0,0,0,0,0,0,0,0,0,0,0,0,0,0.0,0.0,0.0
2020-08-25,San Bernardino,071,2135413.0,7,0,1,0,6,0,0,0,7,0,7,0,0,0,3.278054409147083e-06,3.278054409147083e-06,0.0
2020-08-25,San Diego,073,3302833.0,137,10,39,5,98,5,0,0,125,7,131,8,6,3,3.784629740589367e-05,3.966291968137657e-05,1.816622275482896e-06
2020-08-25,San Francisco,075,870044.0,6,1,5,1,1,0,0,0,5,1,6,1,1,0,5.746835792212808e-06,6.896202950655369e-06,1.1493671584425616e-06
2020-08-25,San Joaquin,077,732212.0,4,1,2,0,2,1,0,0,2,0,3,0,1,1,2.731449361660284e-06,4.097174042490426e-06,1.365724680830142e-06
2020-08-25,San Luis Obispo,079,281455.0,1,0,0,0,1,0,0,0,1,0,1,0,0,0,3.552965838233465e-06,3.552965838233465e-06,0.0
2020-08-25,San Mateo,081,765935.0,9,2,7,2,2,0,0,0,9,2,9,2,0,0,1.1750344350369157e-05,1.1750344350369157e-05,0.0
2020-08-25,Santa Barbara,083,443738.0,2,0,2,0,0,0,0,0,2,0,2,0,0,0,4.507164137396392e-06,4.507164137396392e-06,0.0
2020-08-25,Santa Clara,085,1922200.0,27,0,24,0,3,0,0,0,26,0,27,0,1,0,1.3526167932577257e-05,1.4046405160753304e-05,5.202372281760482e-07
2020-08-25,Santa Cruz,087,273765.0,2,0,1,0,1,0,0,0,2,0,2,0,0,0,7.305535769729512e-06,7.305535769729512e-06,0.0
2020-08-25,Shasta,089,179085.0,95,6,35,6,60,0,0,0,95,6,95,6,0,0,0.0005304743557528,0.0005304743557528,0.0
2020-08-25,Sierra,091,2930.0,0,0,0,0,0,0,0,0,0,0,0,0,0,0,0.0,0.0,0.0
2020-08-25,Siskiyou,093,43540.0,2,1,2,1,0,0,0,0,2,1,2,1,0,0,4.593477262287552e-05,4.593477262287552e-05,0.0
2020-08-25,Solano,095,438530.0,1,0,1,0,0,0,0,0,1,0,1,0,0,0,2.280345700408182e-06,2.280345700408182e-06,0.0
2020-08-25,Sonoma,097,501317.0,1,0,0,0,1,0,0,0,1,0,1,0,0,0,1.9947458394588654e-06,1.9947458394588654e-06,0.0
2020-08-25,Stanislaus,099,539301.0,6,2,5,2,1,0,0,0,6,2,6,2,0,0,1.11255124689181e-05,1.11255124689181e-05,0.0
2020-08-25,Sutter,101,95872.0,0,0,0,0,0,0,0,0,0,0,0,0,0,0,0.0,0.0,0.0
2020-08-25,Tehama,103,63373.0,7,0,2,0,5,0,0,0,7,0,7,0,0,0,0.0001104571347419,0.0001104571347419,0.0
2020-08-25,Trinity,105,12862.0,1,0,0,0,1,0,0,0,1,0,1,0,0,0,7.774840615767377e-05,7.774840615767377e-05,0.0
2020-08-25,Tulare,107,460477.0,0,0,0,0,0,0,0,0,0,0,0,0,0,0,0.0,0.0,0.0
2020-08-25,Tuolumne,109,53932.0,0,0,0,0,0,0,0,0,0,0,0,0,0,0,0.0,0.0,0.0
2020-08-25,Ventura,111,848112.0,4,0,3,0,1,0,0,0,2,0,3,0,1,0,2.3581791084196427e-06,3.537268662629464e-06,1.1790895542098214e-06
2020-08-25,Yolo,113,214977.0,15,1,4,0,11,1,0,0,10,1,13,1,3,0,4.651660410183415e-05,6.047158533238439e-05,1.3954981230550245e-05
2020-08-25,Yuba,115,75493.0,0,0,0,0,0,0,0,0,0,0,0,0,0,0,0.0,0.0,0.0
2020-08-24,Alameda,001,1643700.0,18,0,17,0,1,0,0,0,18,0,18,0,0,0,1.0950903449534588e-05,1.0950903449534588e-05,0.0
2020-08-24,Alpine,003,1148.0,0,0,0,0,0,0,0,0,0,0,0,0,0,0,0.0,0.0,0.0
2020-08-24,Amador,005,37829.0,0,0,0,0,0,0,0,0,0,0,0,0,0,0,0.0,0.0,0.0
2020-08-24,Butte,007,227075.0,4,2,2,0,2,2,0,0,4,2,4,2,0,0,1.7615325333039744e-05,1.7615325333039744e-05,0.0
2020-08-24,Calaveras,009,45235.0,0,0,0,0,0,0,0,0,0,0,0,0,0,0,0.0,0.0,0.0
2020-08-24,Colusa,011,21464.0,0,0,0,0,0,0,0,0,0,0,0,0,0,0,0.0,0.0,0.0
2020-08-24,Contra Costa,013,1133247.0,28,4,26,4,2,0,0,0,28,4,28,4,0,0,2.470776450323716e-05,2.470776450323716e-05,0.0
2020-08-24,Del Norte,015,27424.0,0,0,0,0,0,0,0,0,0,0,0,0,0,0,0.0,0.0,0.0
2020-08-24,El Dorado,017,186661.0,3,0,0,0,3,0,0,0,1,0,2,0,1,0,5.357305489630936e-06,1.0714610979261871e-05,5.357305489630936e-06
2020-08-24,Fresno,019,978130.0,2,0,2,0,0,0,0,0,2,0,2,0,0,0,2.044717982272295e-06,2.044717982272295e-06,0.0
2020-08-24,Glenn,021,27897.0,1,1,0,0,1,1,0,0,1,1,1,1,0,0,3.58461483313618e-05,3.58461483313618e-05,0.0
2020-08-24,Humboldt,023,135768.0,1,0,1,0,0,0,0,0,1,0,1,0,0,0,7.365505862942667e-06,7.365505862942667e-06,0.0
2020-08-24,Imperial,025,180216.0,0,0,0,0,0,0,0,0,0,0,0,0,0,0,0.0,0.0,0.0
2020-08-24,Inyo,027,18085.0,0,0,0,0,0,0,0,0,0,0,0,0,0,0,0.0,0.0,0.0
2020-08-24,Kern,029,883053.0,2,0,1,0,1,0,0,0,2,0,2,0,0,0,2.264869719031587e-06,2.264869719031587e-06,0.0
2020-08-24,Kings,031,150075.0,0,0,0,0,0,0,0,0,0,0,0,0,0,0,0.0,0.0,0.0
2020-08-24,Lake,033,64148.0,0,0,0,0,0,0,0,0,0,0,0,0,0,0,0.0,0.0,0.0
2020-08-24,Lassen,035,31185.0,1,0,0,0,1,0,0,0,1,0,1,0,0,0,3.20666987333654e-05,3.20666987333654e-05,0.0
2020-08-24,Los Angeles,037,10098052.0,71,9,57,9,14,0,0,0,67,8,70,8,3,1,6.634943056343936e-06,6.9320300588668e-06,2.9708700252286285e-07
2020-08-24,Madera,039,155013.0,0,0,0,0,0,0,0,0,0,0,0,0,0,0,0.0,0.0,0.0
2020-08-24,Marin,041,260295.0,1,0,1,0,0,0,0,0,1,0,1,0,0,0,3.841794886571006e-06,3.841794886571006e-06,0.0
2020-08-24,Mariposa,043,17540.0,0,0,0,0,0,0,0,0,0,0,0,0,0,0,0.0,0.0,0.0
2020-08-24,Mendocino,045,87422.0,1,0,0,0,1,0,0,0,1,0,1,0,0,0,1.1438768273432316e-05,1.1438768273432316e-05,0.0
2020-08-24,Merced,047,269075.0,1,0,1,0,0,0,0,0,1,0,1,0,0,0,3.71643593793552e-06,3.71643593793552e-06,0.0
2020-08-24,Modoc,049,8938.0,0,0,0,0,0,0,0,0,0,0,0,0,0,0,0.0,0.0,0.0
2020-08-24,Mono,051,14174.0,0,0,0,0,0,0,0,0,0,0,0,0,0,0,0.0,0.0,0.0
2020-08-24,Monterey,053,433212.0,1,0,0,0,1,0,0,0,1,0,1,0,0,0,2.308338642512211e-06,2.308338642512211e-06,0.0
2020-08-24,Napa,055,140530.0,0,0,0,0,0,0,0,0,0,0,0,0,0,0,0.0,0.0,0.0
2020-08-24,Nevada,057,99092.0,0,0,0,0,0,0,0,0,0,0,0,0,0,0,0.0,0.0,0.0
2020-08-24,Orange,059,3164182.0,26,1,21,1,5,0,0,0,24,1,25,1,1,0,7.584898719479473e-06,7.900936166124451e-06,3.160374466449781e-07
2020-08-24,Placer,061,380077.0,2,1,1,1,1,0,0,0,2,1,2,1,0,0,5.2620916288015326e-06,5.2620916288015326e-06,0.0
2020-08-24,Plumas,063,18699.0,0,0,0,0,0,0,0,0,0,0,0,0,0,0,0.0,0.0,0.0
2020-08-24,Riverside,065,2383286.0,18,0,2,0,16,0,0,0,17,0,18,0,1,0,7.133008795419434e-06,7.552597548091165e-06,4.195887526717314e-07
2020-08-24,Sacramento,067,1510023.0,26,0,7,0,19,0,0,0,26,0,26,0,0,0,1.7218280781153665e-05,1.7218280781153665e-05,0.0
2020-08-24,San Benito,069,59416.0,0,0,0,0,0,0,0,0,0,0,0,0,0,0,0.0,0.0,0.0
2020-08-24,San Bernardino,071,2135413.0,7,0,1,0,6,0,0,0,7,0,7,0,0,0,3.278054409147083e-06,3.278054409147083e-06,0.0
2020-08-24,San Diego,073,3302833.0,127,11,34,6,93,5,0,0,120,11,123,11,3,0,3.633244550965792e-05,3.724075664739937e-05,9.08311137741448e-07
2020-08-24,San Francisco,075,870044.0,5,0,4,0,1,0,0,0,4,0,5,0,1,0,4.597468633770247e-06,5.746835792212808e-06,1.1493671584425616e-06
2020-08-24,San Joaquin,077,732212.0,3,0,2,0,1,0,0,0,3,0,3,0,0,0,4.097174042490426e-06,4.097174042490426e-06,0.0
2020-08-24,San Luis Obispo,079,281455.0,1,0,0,0,1,0,0,0,1,0,1,0,0,0,3.552965838233465e-06,3.552965838233465e-06,0.0
2020-08-24,San Mateo,081,765935.0,7,0,5,0,2,0,0,0,7,0,7,0,0,0,9.139156716953788e-06,9.139156716953788e-06,0.0
2020-08-24,Santa Barbara,083,443738.0,2,0,2,0,0,0,0,0,2,0,2,0,0,0,4.507164137396392e-06,4.507164137396392e-06,0.0
2020-08-24,Santa Clara,085,1922200.0,27,3,24,3,3,0,0,0,26,3,27,3,1,0,1.3526167932577257e-05,1.4046405160753304e-05,5.202372281760482e-07
2020-08-24,Santa Cruz,087,273765.0,2,0,1,0,1,0,0,0,2,0,2,0,0,0,7.305535769729512e-06,7.305535769729512e-06,0.0
2020-08-24,Shasta,089,179085.0,89,5,29,0,60,5,0,0,89,5,89,5,0,0,0.0004969707122316,0.0004969707122316,0.0
2020-08-24,Sierra,091,2930.0,0,0,0,0,0,0,0,0,0,0,0,0,0,0,0.0,0.0,0.0
2020-08-24,Siskiyou,093,43540.0,1,0,1,0,0,0,0,0,1,0,1,0,0,0,2.296738631143776e-05,2.296738631143776e-05,0.0
2020-08-24,Solano,095,438530.0,1,0,1,0,0,0,0,0,1,0,1,0,0,0,2.280345700408182e-06,2.280345700408182e-06,0.0
2020-08-24,Sonoma,097,501317.0,1,0,0,0,1,0,0,0,1,0,1,0,0,0,1.9947458394588654e-06,1.9947458394588654e-06,0.0
2020-08-24,Stanislaus,099,539301.0,4,0,3,0,1,0,0,0,4,0,4,0,0,0,7.417008312612066e-06,7.417008312612066e-06,0.0
2020-08-24,Sutter,101,95872.0,0,0,0,0,0,0,0,0,0,0,0,0,0,0,0.0,0.0,0.0
2020-08-24,Tehama,103,63373.0,7,2,2,0,5,2,0,0,7,2,7,2,0,0,0.0001104571347419,0.0001104571347419,0.0
2020-08-24,Trinity,105,12862.0,1,0,0,0,1,0,0,0,1,0,1,0,0,0,7.774840615767377e-05,7.774840615767377e-05,0.0
2020-08-24,Tulare,107,460477.0,0,0,0,0,0,0,0,0,0,0,0,0,0,0,0.0,0.0,0.0
2020-08-24,Tuolumne,109,53932.0,0,0,0,0,0,0,0,0,0,0,0,0,0,0,0.0,0.0,0.0
2020-08-24,Ventura,111,848112.0,4,0,3,0,1,0,0,0,2,0,3,0,1,0,2.3581791084196427e-06,3.537268662629464e-06,1.1790895542098214e-06
2020-08-24,Yolo,113,214977.0,14,3,4,1,10,2,0,0,9,1,12,1,3,2,4.1864943691650734e-05,5.581992492220098e-05,1.3954981230550245e-05
2020-08-24,Yuba,115,75493.0,0,0,0,0,0,0,0,0,0,0,0,0,0,0,0.0,0.0,0.0
2020-08-23,Alameda,001,1643700.0,18,0,17,0,1,0,0,0,18,0,18,0,0,0,1.0950903449534588e-05,1.0950903449534588e-05,0.0
2020-08-23,Alpine,003,1148.0,0,0,0,0,0,0,0,0,0,0,0,0,0,0,0.0,0.0,0.0
2020-08-23,Amador,005,37829.0,0,0,0,0,0,0,0,0,0,0,0,0,0,0,0.0,0.0,0.0
2020-08-23,Butte,007,227075.0,2,0,2,0,0,0,0,0,2,0,2,0,0,0,8.807662666519872e-06,8.807662666519872e-06,0.0
2020-08-23,Calaveras,009,45235.0,0,0,0,0,0,0,0,0,0,0,0,0,0,0,0.0,0.0,0.0
2020-08-23,Colusa,011,21464.0,0,0,0,0,0,0,0,0,0,0,0,0,0,0,0.0,0.0,0.0
2020-08-23,Contra Costa,013,1133247.0,24,0,22,0,2,0,0,0,24,0,24,0,0,0,2.1178083859917565e-05,2.1178083859917565e-05,0.0
2020-08-23,Del Norte,015,27424.0,0,0,0,0,0,0,0,0,0,0,0,0,0,0,0.0,0.0,0.0
2020-08-23,El Dorado,017,186661.0,3,0,0,0,3,0,0,0,1,0,2,0,1,0,5.357305489630936e-06,1.0714610979261871e-05,5.357305489630936e-06
2020-08-23,Fresno,019,978130.0,2,0,2,0,0,0,0,0,2,0,2,0,0,0,2.044717982272295e-06,2.044717982272295e-06,0.0
2020-08-23,Glenn,021,27897.0,0,0,0,0,0,0,0,0,0,0,0,0,0,0,0.0,0.0,0.0
2020-08-23,Humboldt,023,135768.0,1,0,1,0,0,0,0,0,1,0,1,0,0,0,7.365505862942667e-06,7.365505862942667e-06,0.0
2020-08-23,Imperial,025,180216.0,0,0,0,0,0,0,0,0,0,0,0,0,0,0,0.0,0.0,0.0
2020-08-23,Inyo,027,18085.0,0,0,0,0,0,0,0,0,0,0,0,0,0,0,0.0,0.0,0.0
2020-08-23,Kern,029,883053.0,2,0,1,0,1,0,0,0,2,0,2,0,0,0,2.264869719031587e-06,2.264869719031587e-06,0.0
2020-08-23,Kings,031,150075.0,0,0,0,0,0,0,0,0,0,0,0,0,0,0,0.0,0.0,0.0
2020-08-23,Lake,033,64148.0,0,0,0,0,0,0,0,0,0,0,0,0,0,0,0.0,0.0,0.0
2020-08-23,Lassen,035,31185.0,1,0,0,0,1,0,0,0,1,0,1,0,0,0,3.20666987333654e-05,3.20666987333654e-05,0.0
2020-08-23,Los Angeles,037,10098052.0,62,0,48,0,14,0,0,0,60,0,62,0,2,0,5.941740050457257e-06,6.139798052139165e-06,1.9805800168190855e-07
2020-08-23,Madera,039,155013.0,0,0,0,0,0,0,0,0,0,0,0,0,0,0,0.0,0.0,0.0
2020-08-23,Marin,041,260295.0,1,0,1,0,0,0,0,0,1,0,1,0,0,0,3.841794886571006e-06,3.841794886571006e-06,0.0
2020-08-23,Mariposa,043,17540.0,0,0,0,0,0,0,0,0,0,0,0,0,0,0,0.0,0.0,0.0
2020-08-23,Mendocino,045,87422.0,1,0,0,0,1,0,0,0,1,0,1,0,0,0,1.1438768273432316e-05,1.1438768273432316e-05,0.0
2020-08-23,Merced,047,269075.0,1,0,1,0,0,0,0,0,1,0,1,0,0,0,3.71643593793552e-06,3.71643593793552e-06,0.0
2020-08-23,Modoc,049,8938.0,0,0,0,0,0,0,0,0,0,0,0,0,0,0,0.0,0.0,0.0
2020-08-23,Mono,051,14174.0,0,0,0,0,0,0,0,0,0,0,0,0,0,0,0.0,0.0,0.0
2020-08-23,Monterey,053,433212.0,1,0,0,0,1,0,0,0,1,0,1,0,0,0,2.308338642512211e-06,2.308338642512211e-06,0.0
2020-08-23,Napa,055,140530.0,0,0,0,0,0,0,0,0,0,0,0,0,0,0,0.0,0.0,0.0
2020-08-23,Nevada,057,99092.0,0,0,0,0,0,0,0,0,0,0,0,0,0,0,0.0,0.0,0.0
2020-08-23,Orange,059,3164182.0,25,1,20,1,5,0,0,0,23,0,24,0,1,1,7.268861272834495e-06,7.584898719479473e-06,3.160374466449781e-07
2020-08-23,Placer,061,380077.0,1,0,0,0,1,0,0,0,1,0,1,0,0,0,2.6310458144007663e-06,2.6310458144007663e-06,0.0
2020-08-23,Plumas,063,18699.0,0,0,0,0,0,0,0,0,0,0,0,0,0,0,0.0,0.0,0.0
2020-08-23,Riverside,065,2383286.0,18,0,2,0,16,0,0,0,17,0,18,0,1,0,7.133008795419434e-06,7.552597548091165e-06,4.195887526717314e-07
2020-08-23,Sacramento,067,1510023.0,26,1,7,1,19,0,0,0,26,1,26,1,0,0,1.7218280781153665e-05,1.7218280781153665e-05,0.0
2020-08-23,San Benito,069,59416.0,0,0,0,0,0,0,0,0,0,0,0,0,0,0,0.0,0.0,0.0
2020-08-23,San Bernardino,071,2135413.0,7,0,1,0,6,0,0,0,7,0,7,0,0,0,3.278054409147083e-06,3.278054409147083e-06,0.0
2020-08-23,San Diego,073,3302833.0,116,1,28,0,88,1,0,0,109,0,112,0,3,1,3.300197133793928e-05,3.3910282475680724e-05,9.08311137741448e-07
2020-08-23,San Francisco,075,870044.0,5,0,4,0,1,0,0,0,4,0,5,0,1,0,4.597468633770247e-06,5.746835792212808e-06,1.1493671584425616e-06
2020-08-23,San Joaquin,077,732212.0,3,0,2,0,1,0,0,0,3,0,3,0,0,0,4.097174042490426e-06,4.097174042490426e-06,0.0
2020-08-23,San Luis Obispo,079,281455.0,1,0,0,0,1,0,0,0,1,0,1,0,0,0,3.552965838233465e-06,3.552965838233465e-06,0.0
2020-08-23,San Mateo,081,765935.0,7,0,5,0,2,0,0,0,7,0,7,0,0,0,9.139156716953788e-06,9.139156716953788e-06,0.0
2020-08-23,Santa Barbara,083,443738.0,2,0,2,0,0,0,0,0,2,0,2,0,0,0,4.507164137396392e-06,4.507164137396392e-06,0.0
2020-08-23,Santa Clara,085,1922200.0,24,0,21,0,3,0,0,0,23,0,24,0,1,0,1.196545624804911e-05,1.248569347622516e-05,5.202372281760482e-07
2020-08-23,Santa Cruz,087,273765.0,2,0,1,0,1,0,0,0,2,0,2,0,0,0,7.305535769729512e-06,7.305535769729512e-06,0.0
2020-08-23,Shasta,089,179085.0,84,0,29,0,55,0,0,0,84,0,84,0,0,0,0.0004690510092972,0.0004690510092972,0.0
2020-08-23,Sierra,091,2930.0,0,0,0,0,0,0,0,0,0,0,0,0,0,0,0.0,0.0,0.0
2020-08-23,Siskiyou,093,43540.0,1,0,1,0,0,0,0,0,1,0,1,0,0,0,2.296738631143776e-05,2.296738631143776e-05,0.0
2020-08-23,Solano,095,438530.0,1,0,1,0,0,0,0,0,1,0,1,0,0,0,2.280345700408182e-06,2.280345700408182e-06,0.0
2020-08-23,Sonoma,097,501317.0,1,0,0,0,1,0,0,0,1,0,1,0,0,0,1.9947458394588654e-06,1.9947458394588654e-06,0.0
2020-08-23,Stanislaus,099,539301.0,4,0,3,0,1,0,0,0,4,0,4,0,0,0,7.417008312612066e-06,7.417008312612066e-06,0.0
2020-08-23,Sutter,101,95872.0,0,0,0,0,0,0,0,0,0,0,0,0,0,0,0.0,0.0,0.0
2020-08-23,Tehama,103,63373.0,5,0,2,0,3,0,0,0,5,0,5,0,0,0,7.889795338708914e-05,7.889795338708914e-05,0.0
2020-08-23,Trinity,105,12862.0,1,0,0,0,1,0,0,0,1,0,1,0,0,0,7.774840615767377e-05,7.774840615767377e-05,0.0
2020-08-23,Tulare,107,460477.0,0,0,0,0,0,0,0,0,0,0,0,0,0,0,0.0,0.0,0.0
2020-08-23,Tuolumne,109,53932.0,0,0,0,0,0,0,0,0,0,0,0,0,0,0,0.0,0.0,0.0
2020-08-23,Ventura,111,848112.0,4,0,3,0,1,0,0,0,2,0,3,0,1,0,2.3581791084196427e-06,3.537268662629464e-06,1.1790895542098214e-06
2020-08-23,Yolo,113,214977.0,11,1,3,1,8,0,0,0,10,1,11,1,1,0,4.651660410183415e-05,5.116826451201756e-05,4.651660410183415e-06
2020-08-23,Yuba,115,75493.0,0,0,0,0,0,0,0,0,0,0,0,0,0,0,0.0,0.0,0.0
2020-08-22,Alameda,001,1643700.0,18,0,17,0,1,0,0,0,18,0,18,0,0,0,1.0950903449534588e-05,1.0950903449534588e-05,0.0
2020-08-22,Alpine,003,1148.0,0,0,0,0,0,0,0,0,0,0,0,0,0,0,0.0,0.0,0.0
2020-08-22,Amador,005,37829.0,0,0,0,0,0,0,0,0,0,0,0,0,0,0,0.0,0.0,0.0
2020-08-22,Butte,007,227075.0,2,0,2,0,0,0,0,0,2,0,2,0,0,0,8.807662666519872e-06,8.807662666519872e-06,0.0
2020-08-22,Calaveras,009,45235.0,0,0,0,0,0,0,0,0,0,0,0,0,0,0,0.0,0.0,0.0
2020-08-22,Colusa,011,21464.0,0,0,0,0,0,0,0,0,0,0,0,0,0,0,0.0,0.0,0.0
2020-08-22,Contra Costa,013,1133247.0,24,0,22,0,2,0,0,0,24,0,24,0,0,0,2.1178083859917565e-05,2.1178083859917565e-05,0.0
2020-08-22,Del Norte,015,27424.0,0,0,0,0,0,0,0,0,0,0,0,0,0,0,0.0,0.0,0.0
2020-08-22,El Dorado,017,186661.0,3,0,0,0,3,0,0,0,1,0,2,0,1,0,5.357305489630936e-06,1.0714610979261871e-05,5.357305489630936e-06
2020-08-22,Fresno,019,978130.0,2,0,2,0,0,0,0,0,2,0,2,0,0,0,2.044717982272295e-06,2.044717982272295e-06,0.0
2020-08-22,Glenn,021,27897.0,0,0,0,0,0,0,0,0,0,0,0,0,0,0,0.0,0.0,0.0
2020-08-22,Humboldt,023,135768.0,1,0,1,0,0,0,0,0,1,0,1,0,0,0,7.365505862942667e-06,7.365505862942667e-06,0.0
2020-08-22,Imperial,025,180216.0,0,0,0,0,0,0,0,0,0,0,0,0,0,0,0.0,0.0,0.0
2020-08-22,Inyo,027,18085.0,0,0,0,0,0,0,0,0,0,0,0,0,0,0,0.0,0.0,0.0
2020-08-22,Kern,029,883053.0,2,0,1,0,1,0,0,0,2,0,2,0,0,0,2.264869719031587e-06,2.264869719031587e-06,0.0
2020-08-22,Kings,031,150075.0,0,0,0,0,0,0,0,0,0,0,0,0,0,0,0.0,0.0,0.0
2020-08-22,Lake,033,64148.0,0,0,0,0,0,0,0,0,0,0,0,0,0,0,0.0,0.0,0.0
2020-08-22,Lassen,035,31185.0,1,0,0,0,1,0,0,0,1,0,1,0,0,0,3.20666987333654e-05,3.20666987333654e-05,0.0
2020-08-22,Los Angeles,037,10098052.0,62,5,48,5,14,0,0,0,60,5,62,5,2,0,5.941740050457257e-06,6.139798052139165e-06,1.9805800168190855e-07
2020-08-22,Madera,039,155013.0,0,0,0,0,0,0,0,0,0,0,0,0,0,0,0.0,0.0,0.0
2020-08-22,Marin,041,260295.0,1,0,1,0,0,0,0,0,1,0,1,0,0,0,3.841794886571006e-06,3.841794886571006e-06,0.0
2020-08-22,Mariposa,043,17540.0,0,0,0,0,0,0,0,0,0,0,0,0,0,0,0.0,0.0,0.0
2020-08-22,Mendocino,045,87422.0,1,0,0,0,1,0,0,0,1,0,1,0,0,0,1.1438768273432316e-05,1.1438768273432316e-05,0.0
2020-08-22,Merced,047,269075.0,1,0,1,0,0,0,0,0,1,0,1,0,0,0,3.71643593793552e-06,3.71643593793552e-06,0.0
2020-08-22,Modoc,049,8938.0,0,0,0,0,0,0,0,0,0,0,0,0,0,0,0.0,0.0,0.0
2020-08-22,Mono,051,14174.0,0,0,0,0,0,0,0,0,0,0,0,0,0,0,0.0,0.0,0.0
2020-08-22,Monterey,053,433212.0,1,0,0,0,1,0,0,0,1,0,1,0,0,0,2.308338642512211e-06,2.308338642512211e-06,0.0
2020-08-22,Napa,055,140530.0,0,0,0,0,0,0,0,0,0,0,0,0,0,0,0.0,0.0,0.0
2020-08-22,Nevada,057,99092.0,0,0,0,0,0,0,0,0,0,0,0,0,0,0,0.0,0.0,0.0
2020-08-22,Orange,059,3164182.0,24,1,19,1,5,0,0,0,24,1,24,1,0,0,7.584898719479473e-06,7.584898719479473e-06,0.0
2020-08-22,Placer,061,380077.0,1,0,0,0,1,0,0,0,1,0,1,0,0,0,2.6310458144007663e-06,2.6310458144007663e-06,0.0
2020-08-22,Plumas,063,18699.0,0,0,0,0,0,0,0,0,0,0,0,0,0,0,0.0,0.0,0.0
2020-08-22,Riverside,065,2383286.0,18,0,2,0,16,0,0,0,17,0,18,0,1,0,7.133008795419434e-06,7.552597548091165e-06,4.195887526717314e-07
2020-08-22,Sacramento,067,1510023.0,25,2,6,2,19,0,0,0,25,2,25,2,0,0,1.6556039212647756e-05,1.6556039212647756e-05,0.0
2020-08-22,San Benito,069,59416.0,0,0,0,0,0,0,0,0,0,0,0,0,0,0,0.0,0.0,0.0
2020-08-22,San Bernardino,071,2135413.0,7,0,1,0,6,0,0,0,7,0,7,0,0,0,3.278054409147083e-06,3.278054409147083e-06,0.0
2020-08-22,San Diego,073,3302833.0,115,1,28,0,87,1,0,0,110,1,112,1,2,0,3.330474171718643e-05,3.3910282475680724e-05,6.055407584942987e-07
2020-08-22,San Francisco,075,870044.0,5,0,4,0,1,0,0,0,4,0,5,0,1,0,4.597468633770247e-06,5.746835792212808e-06,1.1493671584425616e-06
2020-08-22,San Joaquin,077,732212.0,3,0,2,0,1,0,0,0,3,0,3,0,0,0,4.097174042490426e-06,4.097174042490426e-06,0.0
2020-08-22,San Luis Obispo,079,281455.0,1,0,0,0,1,0,0,0,1,0,1,0,0,0,3.552965838233465e-06,3.552965838233465e-06,0.0
2020-08-22,San Mateo,081,765935.0,7,0,5,0,2,0,0,0,7,0,7,0,0,0,9.139156716953788e-06,9.139156716953788e-06,0.0
2020-08-22,Santa Barbara,083,443738.0,2,0,2,0,0,0,0,0,2,0,2,0,0,0,4.507164137396392e-06,4.507164137396392e-06,0.0
2020-08-22,Santa Clara,085,1922200.0,24,0,21,0,3,0,0,0,23,0,24,0,1,0,1.196545624804911e-05,1.248569347622516e-05,5.202372281760482e-07
2020-08-22,Santa Cruz,087,273765.0,2,0,1,0,1,0,0,0,2,0,2,0,0,0,7.305535769729512e-06,7.305535769729512e-06,0.0
2020-08-22,Shasta,089,179085.0,84,4,29,0,55,4,0,0,84,4,84,4,0,0,0.0004690510092972,0.0004690510092972,0.0
2020-08-22,Sierra,091,2930.0,0,0,0,0,0,0,0,0,0,0,0,0,0,0,0.0,0.0,0.0
2020-08-22,Siskiyou,093,43540.0,1,0,1,0,0,0,0,0,1,0,1,0,0,0,2.296738631143776e-05,2.296738631143776e-05,0.0
2020-08-22,Solano,095,438530.0,1,0,1,0,0,0,0,0,1,0,1,0,0,0,2.280345700408182e-06,2.280345700408182e-06,0.0
2020-08-22,Sonoma,097,501317.0,1,0,0,0,1,0,0,0,1,0,1,0,0,0,1.9947458394588654e-06,1.9947458394588654e-06,0.0
2020-08-22,Stanislaus,099,539301.0,4,0,3,0,1,0,0,0,4,0,4,0,0,0,7.417008312612066e-06,7.417008312612066e-06,0.0
2020-08-22,Sutter,101,95872.0,0,0,0,0,0,0,0,0,0,0,0,0,0,0,0.0,0.0,0.0
2020-08-22,Tehama,103,63373.0,5,0,2,0,3,0,0,0,5,0,5,0,0,0,7.889795338708914e-05,7.889795338708914e-05,0.0
2020-08-22,Trinity,105,12862.0,1,0,0,0,1,0,0,0,1,0,1,0,0,0,7.774840615767377e-05,7.774840615767377e-05,0.0
2020-08-22,Tulare,107,460477.0,0,0,0,0,0,0,0,0,0,0,0,0,0,0,0.0,0.0,0.0
2020-08-22,Tuolumne,109,53932.0,0,0,0,0,0,0,0,0,0,0,0,0,0,0,0.0,0.0,0.0
2020-08-22,Ventura,111,848112.0,4,0,3,0,1,0,0,0,2,0,3,0,1,0,2.3581791084196427e-06,3.537268662629464e-06,1.1790895542098214e-06
2020-08-22,Yolo,113,214977.0,10,0,2,0,8,0,0,0,9,0,10,0,1,0,4.1864943691650734e-05,4.651660410183415e-05,4.651660410183415e-06
2020-08-22,Yuba,115,75493.0,0,0,0,0,0,0,0,0,0,0,0,0,0,0,0.0,0.0,0.0
2020-08-21,Alameda,001,1643700.0,18,1,17,1,1,0,0,0,18,1,18,1,0,0,1.0950903449534588e-05,1.0950903449534588e-05,0.0
2020-08-21,Alpine,003,1148.0,0,0,0,0,0,0,0,0,0,0,0,0,0,0,0.0,0.0,0.0
2020-08-21,Amador,005,37829.0,0,0,0,0,0,0,0,0,0,0,0,0,0,0,0.0,0.0,0.0
2020-08-21,Butte,007,227075.0,2,0,2,0,0,0,0,0,2,0,2,0,0,0,8.807662666519872e-06,8.807662666519872e-06,0.0
2020-08-21,Calaveras,009,45235.0,0,0,0,0,0,0,0,0,0,0,0,0,0,0,0.0,0.0,0.0
2020-08-21,Colusa,011,21464.0,0,0,0,0,0,0,0,0,0,0,0,0,0,0,0.0,0.0,0.0
2020-08-21,Contra Costa,013,1133247.0,24,1,22,1,2,0,0,0,24,1,24,1,0,0,2.1178083859917565e-05,2.1178083859917565e-05,0.0
2020-08-21,Del Norte,015,27424.0,0,0,0,0,0,0,0,0,0,0,0,0,0,0,0.0,0.0,0.0
2020-08-21,El Dorado,017,186661.0,3,1,0,0,3,1,0,0,1,0,2,0,1,1,5.357305489630936e-06,1.0714610979261871e-05,5.357305489630936e-06
2020-08-21,Fresno,019,978130.0,2,0,2,0,0,0,0,0,2,0,2,0,0,0,2.044717982272295e-06,2.044717982272295e-06,0.0
2020-08-21,Glenn,021,27897.0,0,0,0,0,0,0,0,0,0,0,0,0,0,0,0.0,0.0,0.0
2020-08-21,Humboldt,023,135768.0,1,0,1,0,0,0,0,0,1,0,1,0,0,0,7.365505862942667e-06,7.365505862942667e-06,0.0
2020-08-21,Imperial,025,180216.0,0,0,0,0,0,0,0,0,0,0,0,0,0,0,0.0,0.0,0.0
2020-08-21,Inyo,027,18085.0,0,0,0,0,0,0,0,0,0,0,0,0,0,0,0.0,0.0,0.0
2020-08-21,Kern,029,883053.0,2,0,1,0,1,0,0,0,2,0,2,0,0,0,2.264869719031587e-06,2.264869719031587e-06,0.0
2020-08-21,Kings,031,150075.0,0,0,0,0,0,0,0,0,0,0,0,0,0,0,0.0,0.0,0.0
2020-08-21,Lake,033,64148.0,0,0,0,0,0,0,0,0,0,0,0,0,0,0,0.0,0.0,0.0
2020-08-21,Lassen,035,31185.0,1,0,0,0,1,0,0,0,1,0,1,0,0,0,3.20666987333654e-05,3.20666987333654e-05,0.0
2020-08-21,Los Angeles,037,10098052.0,57,10,43,7,14,3,0,0,55,10,57,10,2,0,5.446595046252485e-06,5.644653047934393e-06,1.9805800168190855e-07
2020-08-21,Madera,039,155013.0,0,0,0,0,0,0,0,0,0,0,0,0,0,0,0.0,0.0,0.0
2020-08-21,Marin,041,260295.0,1,0,1,0,0,0,0,0,1,0,1,0,0,0,3.841794886571006e-06,3.841794886571006e-06,0.0
2020-08-21,Mariposa,043,17540.0,0,0,0,0,0,0,0,0,0,0,0,0,0,0,0.0,0.0,0.0
2020-08-21,Mendocino,045,87422.0,1,0,0,0,1,0,0,0,1,0,1,0,0,0,1.1438768273432316e-05,1.1438768273432316e-05,0.0
2020-08-21,Merced,047,269075.0,1,0,1,0,0,0,0,0,1,0,1,0,0,0,3.71643593793552e-06,3.71643593793552e-06,0.0
2020-08-21,Modoc,049,8938.0,0,0,0,0,0,0,0,0,0,0,0,0,0,0,0.0,0.0,0.0
2020-08-21,Mono,051,14174.0,0,0,0,0,0,0,0,0,0,0,0,0,0,0,0.0,0.0,0.0
2020-08-21,Monterey,053,433212.0,1,0,0,0,1,0,0,0,1,0,1,0,0,0,2.308338642512211e-06,2.308338642512211e-06,0.0
2020-08-21,Napa,055,140530.0,0,0,0,0,0,0,0,0,0,0,0,0,0,0,0.0,0.0,0.0
2020-08-21,Nevada,057,99092.0,0,0,0,0,0,0,0,0,0,0,0,0,0,0,0.0,0.0,0.0
2020-08-21,Orange,059,3164182.0,23,0,18,0,5,0,0,0,23,0,23,0,0,0,7.268861272834495e-06,7.268861272834495e-06,0.0
2020-08-21,Placer,061,380077.0,1,0,0,0,1,0,0,0,1,0,1,0,0,0,2.6310458144007663e-06,2.6310458144007663e-06,0.0
2020-08-21,Plumas,063,18699.0,0,0,0,0,0,0,0,0,0,0,0,0,0,0,0.0,0.0,0.0
2020-08-21,Riverside,065,2383286.0,18,2,2,0,16,2,0,0,17,2,18,2,1,0,7.133008795419434e-06,7.552597548091165e-06,4.195887526717314e-07
2020-08-21,Sacramento,067,1510023.0,23,1,4,0,19,1,0,0,23,1,23,1,0,0,1.5231556075635934e-05,1.5231556075635934e-05,0.0
2020-08-21,San Benito,069,59416.0,0,0,0,0,0,0,0,0,0,0,0,0,0,0,0.0,0.0,0.0
2020-08-21,San Bernardino,071,2135413.0,7,0,1,0,6,0,0,0,7,0,7,0,0,0,3.278054409147083e-06,3.278054409147083e-06,0.0
2020-08-21,San Diego,073,3302833.0,114,16,28,10,86,6,0,0,109,14,111,14,2,1,3.300197133793928e-05,3.3607512096433575e-05,6.055407584942987e-07
2020-08-21,San Francisco,075,870044.0,5,0,4,0,1,0,0,0,4,0,5,0,1,0,4.597468633770247e-06,5.746835792212808e-06,1.1493671584425616e-06
2020-08-21,San Joaquin,077,732212.0,3,0,2,0,1,0,0,0,3,0,3,0,0,0,4.097174042490426e-06,4.097174042490426e-06,0.0
2020-08-21,San Luis Obispo,079,281455.0,1,0,0,0,1,0,0,0,1,0,1,0,0,0,3.552965838233465e-06,3.552965838233465e-06,0.0
2020-08-21,San Mateo,081,765935.0,7,0,5,0,2,0,0,0,7,0,7,0,0,0,9.139156716953788e-06,9.139156716953788e-06,0.0
2020-08-21,Santa Barbara,083,443738.0,2,0,2,0,0,0,0,0,2,0,2,0,0,0,4.507164137396392e-06,4.507164137396392e-06,0.0
2020-08-21,Santa Clara,085,1922200.0,24,4,21,4,3,0,0,0,23,4,24,4,1,0,1.196545624804911e-05,1.248569347622516e-05,5.202372281760482e-07
2020-08-21,Santa Cruz,087,273765.0,2,0,1,0,1,0,0,0,2,0,2,0,0,0,7.305535769729512e-06,7.305535769729512e-06,0.0
2020-08-21,Shasta,089,179085.0,80,7,29,0,51,7,0,0,80,7,80,7,0,0,0.0004467152469497,0.0004467152469497,0.0
2020-08-21,Sierra,091,2930.0,0,0,0,0,0,0,0,0,0,0,0,0,0,0,0.0,0.0,0.0
2020-08-21,Siskiyou,093,43540.0,1,0,1,0,0,0,0,0,1,0,1,0,0,0,2.296738631143776e-05,2.296738631143776e-05,0.0
2020-08-21,Solano,095,438530.0,1,0,1,0,0,0,0,0,1,0,1,0,0,0,2.280345700408182e-06,2.280345700408182e-06,0.0
2020-08-21,Sonoma,097,501317.0,1,0,0,0,1,0,0,0,1,0,1,0,0,0,1.9947458394588654e-06,1.9947458394588654e-06,0.0
2020-08-21,Stanislaus,099,539301.0,4,0,3,0,1,0,0,0,4,0,4,0,0,0,7.417008312612066e-06,7.417008312612066e-06,0.0
2020-08-21,Sutter,101,95872.0,0,0,0,0,0,0,0,0,0,0,0,0,0,0,0.0,0.0,0.0
2020-08-21,Tehama,103,63373.0,5,0,2,0,3,0,0,0,5,0,5,0,0,0,7.889795338708914e-05,7.889795338708914e-05,0.0
2020-08-21,Trinity,105,12862.0,1,0,0,0,1,0,0,0,1,0,1,0,0,0,7.774840615767377e-05,7.774840615767377e-05,0.0
2020-08-21,Tulare,107,460477.0,0,0,0,0,0,0,0,0,0,0,0,0,0,0,0.0,0.0,0.0
2020-08-21,Tuolumne,109,53932.0,0,0,0,0,0,0,0,0,0,0,0,0,0,0,0.0,0.0,0.0
2020-08-21,Ventura,111,848112.0,4,0,3,0,1,0,0,0,2,0,3,0,1,0,2.3581791084196427e-06,3.537268662629464e-06,1.1790895542098214e-06
2020-08-21,Yolo,113,214977.0,10,3,2,2,8,1,0,0,9,3,10,3,1,0,4.1864943691650734e-05,4.651660410183415e-05,4.651660410183415e-06
2020-08-21,Yuba,115,75493.0,0,0,0,0,0,0,0,0,0,0,0,0,0,0,0.0,0.0,0.0
2020-08-20,Alameda,001,1643700.0,17,2,16,2,1,0,0,0,17,2,17,2,0,0,1.0342519924560445e-05,1.0342519924560445e-05,0.0
2020-08-20,Alpine,003,1148.0,0,0,0,0,0,0,0,0,0,0,0,0,0,0,0.0,0.0,0.0
2020-08-20,Amador,005,37829.0,0,0,0,0,0,0,0,0,0,0,0,0,0,0,0.0,0.0,0.0
2020-08-20,Butte,007,227075.0,2,0,2,0,0,0,0,0,2,0,2,0,0,0,8.807662666519872e-06,8.807662666519872e-06,0.0
2020-08-20,Calaveras,009,45235.0,0,0,0,0,0,0,0,0,0,0,0,0,0,0,0.0,0.0,0.0
2020-08-20,Colusa,011,21464.0,0,0,0,0,0,0,0,0,0,0,0,0,0,0,0.0,0.0,0.0
2020-08-20,Contra Costa,013,1133247.0,23,2,21,2,2,0,0,0,23,2,23,2,0,0,2.0295663699087667e-05,2.0295663699087667e-05,0.0
2020-08-20,Del Norte,015,27424.0,0,0,0,0,0,0,0,0,0,0,0,0,0,0,0.0,0.0,0.0
2020-08-20,El Dorado,017,186661.0,2,0,0,0,2,0,0,0,2,0,2,0,0,0,1.0714610979261871e-05,1.0714610979261871e-05,0.0
2020-08-20,Fresno,019,978130.0,2,0,2,0,0,0,0,0,2,0,2,0,0,0,2.044717982272295e-06,2.044717982272295e-06,0.0
2020-08-20,Glenn,021,27897.0,0,0,0,0,0,0,0,0,0,0,0,0,0,0,0.0,0.0,0.0
2020-08-20,Humboldt,023,135768.0,1,0,1,0,0,0,0,0,1,0,1,0,0,0,7.365505862942667e-06,7.365505862942667e-06,0.0
2020-08-20,Imperial,025,180216.0,0,0,0,0,0,0,0,0,0,0,0,0,0,0,0.0,0.0,0.0
2020-08-20,Inyo,027,18085.0,0,0,0,0,0,0,0,0,0,0,0,0,0,0,0.0,0.0,0.0
2020-08-20,Kern,029,883053.0,2,0,1,0,1,0,0,0,2,0,2,0,0,0,2.264869719031587e-06,2.264869719031587e-06,0.0
2020-08-20,Kings,031,150075.0,0,0,0,0,0,0,0,0,0,0,0,0,0,0,0.0,0.0,0.0
2020-08-20,Lake,033,64148.0,0,0,0,0,0,0,0,0,0,0,0,0,0,0,0.0,0.0,0.0
2020-08-20,Lassen,035,31185.0,1,0,0,0,1,0,0,0,1,0,1,0,0,0,3.20666987333654e-05,3.20666987333654e-05,0.0
2020-08-20,Los Angeles,037,10098052.0,47,9,36,9,11,0,0,0,45,9,47,9,2,0,4.456305037842942e-06,4.6543630395248506e-06,1.9805800168190855e-07
2020-08-20,Madera,039,155013.0,0,0,0,0,0,0,0,0,0,0,0,0,0,0,0.0,0.0,0.0
2020-08-20,Marin,041,260295.0,1,1,1,1,0,0,0,0,1,1,1,1,0,0,3.841794886571006e-06,3.841794886571006e-06,0.0
2020-08-20,Mariposa,043,17540.0,0,0,0,0,0,0,0,0,0,0,0,0,0,0,0.0,0.0,0.0
2020-08-20,Mendocino,045,87422.0,1,0,0,0,1,0,0,0,1,0,1,0,0,0,1.1438768273432316e-05,1.1438768273432316e-05,0.0
2020-08-20,Merced,047,269075.0,1,1,1,1,0,0,0,0,1,1,1,1,0,0,3.71643593793552e-06,3.71643593793552e-06,0.0
2020-08-20,Modoc,049,8938.0,0,0,0,0,0,0,0,0,0,0,0,0,0,0,0.0,0.0,0.0
2020-08-20,Mono,051,14174.0,0,0,0,0,0,0,0,0,0,0,0,0,0,0,0.0,0.0,0.0
2020-08-20,Monterey,053,433212.0,1,0,0,0,1,0,0,0,1,0,1,0,0,0,2.308338642512211e-06,2.308338642512211e-06,0.0
2020-08-20,Napa,055,140530.0,0,0,0,0,0,0,0,0,0,0,0,0,0,0,0.0,0.0,0.0
2020-08-20,Nevada,057,99092.0,0,0,0,0,0,0,0,0,0,0,0,0,0,0,0.0,0.0,0.0
2020-08-20,Orange,059,3164182.0,23,6,18,5,5,1,0,0,23,6,23,6,0,0,7.268861272834495e-06,7.268861272834495e-06,0.0
2020-08-20,Placer,061,380077.0,1,0,0,0,1,0,0,0,1,0,1,0,0,0,2.6310458144007663e-06,2.6310458144007663e-06,0.0
2020-08-20,Plumas,063,18699.0,0,0,0,0,0,0,0,0,0,0,0,0,0,0,0.0,0.0,0.0
2020-08-20,Riverside,065,2383286.0,16,2,2,0,14,2,0,0,15,1,16,2,1,1,6.293831290075971e-06,6.713420042747702e-06,4.195887526717314e-07
2020-08-20,Sacramento,067,1510023.0,22,2,4,1,18,1,0,0,22,2,22,2,0,0,1.4569314507130024e-05,1.4569314507130024e-05,0.0
2020-08-20,San Benito,069,59416.0,0,0,0,0,0,0,0,0,0,0,0,0,0,0,0.0,0.0,0.0
2020-08-20,San Bernardino,071,2135413.0,7,0,1,0,6,0,0,0,7,0,7,0,0,0,3.278054409147083e-06,3.278054409147083e-06,0.0
2020-08-20,San Diego,073,3302833.0,98,5,18,0,80,5,0,0,96,5,97,5,1,0,2.906595640772634e-05,2.9368726786973487e-05,3.0277037924714934e-07
2020-08-20,San Francisco,075,870044.0,5,0,4,0,1,0,0,0,4,0,5,0,1,0,4.597468633770247e-06,5.746835792212808e-06,1.1493671584425616e-06
2020-08-20,San Joaquin,077,732212.0,3,0,2,0,1,0,0,0,3,0,3,0,0,0,4.097174042490426e-06,4.097174042490426e-06,0.0
2020-08-20,San Luis Obispo,079,281455.0,1,0,0,0,1,0,0,0,1,0,1,0,0,0,3.552965838233465e-06,3.552965838233465e-06,0.0
2020-08-20,San Mateo,081,765935.0,7,0,5,0,2,0,0,0,7,0,7,0,0,0,9.139156716953788e-06,9.139156716953788e-06,0.0
2020-08-20,Santa Barbara,083,443738.0,2,0,2,0,0,0,0,0,2,0,2,0,0,0,4.507164137396392e-06,4.507164137396392e-06,0.0
2020-08-20,Santa Clara,085,1922200.0,20,3,17,3,3,0,0,0,19,3,20,3,1,0,9.884507335344915e-06,1.0404744563520965e-05,5.202372281760482e-07
2020-08-20,Santa Cruz,087,273765.0,2,1,1,1,1,0,0,0,2,1,2,1,0,0,7.305535769729512e-06,7.305535769729512e-06,0.0
2020-08-20,Shasta,089,179085.0,73,9,29,5,44,4,0,0,73,9,73,9,0,0,0.0004076276628416,0.0004076276628416,0.0
2020-08-20,Sierra,091,2930.0,0,0,0,0,0,0,0,0,0,0,0,0,0,0,0.0,0.0,0.0
2020-08-20,Siskiyou,093,43540.0,1,0,1,0,0,0,0,0,1,0,1,0,0,0,2.296738631143776e-05,2.296738631143776e-05,0.0
2020-08-20,Solano,095,438530.0,1,0,1,0,0,0,0,0,1,0,1,0,0,0,2.280345700408182e-06,2.280345700408182e-06,0.0
2020-08-20,Sonoma,097,501317.0,1,0,0,0,1,0,0,0,1,0,1,0,0,0,1.9947458394588654e-06,1.9947458394588654e-06,0.0
2020-08-20,Stanislaus,099,539301.0,4,0,3,0,1,0,0,0,4,0,4,0,0,0,7.417008312612066e-06,7.417008312612066e-06,0.0
2020-08-20,Sutter,101,95872.0,0,0,0,0,0,0,0,0,0,0,0,0,0,0,0.0,0.0,0.0
2020-08-20,Tehama,103,63373.0,5,0,2,0,3,0,0,0,5,0,5,0,0,0,7.889795338708914e-05,7.889795338708914e-05,0.0
2020-08-20,Trinity,105,12862.0,1,0,0,0,1,0,0,0,1,0,1,0,0,0,7.774840615767377e-05,7.774840615767377e-05,0.0
2020-08-20,Tulare,107,460477.0,0,0,0,0,0,0,0,0,0,0,0,0,0,0,0.0,0.0,0.0
2020-08-20,Tuolumne,109,53932.0,0,0,0,0,0,0,0,0,0,0,0,0,0,0,0.0,0.0,0.0
2020-08-20,Ventura,111,848112.0,4,0,3,0,1,0,0,0,2,0,3,0,1,0,2.3581791084196427e-06,3.537268662629464e-06,1.1790895542098214e-06
2020-08-20,Yolo,113,214977.0,7,0,0,0,7,0,0,0,6,0,7,0,1,0,2.790996246110049e-05,3.2561622871283904e-05,4.651660410183415e-06
2020-08-20,Yuba,115,75493.0,0,0,0,0,0,0,0,0,0,0,0,0,0,0,0.0,0.0,0.0
2020-08-19,Alameda,001,1643700.0,15,4,14,4,1,0,0,0,15,4,15,4,0,0,9.125752874612156e-06,9.125752874612156e-06,0.0
2020-08-19,Alpine,003,1148.0,0,0,0,0,0,0,0,0,0,0,0,0,0,0,0.0,0.0,0.0
2020-08-19,Amador,005,37829.0,0,0,0,0,0,0,0,0,0,0,0,0,0,0,0.0,0.0,0.0
2020-08-19,Butte,007,227075.0,2,0,2,0,0,0,0,0,2,0,2,0,0,0,8.807662666519872e-06,8.807662666519872e-06,0.0
2020-08-19,Calaveras,009,45235.0,0,0,0,0,0,0,0,0,0,0,0,0,0,0,0.0,0.0,0.0
2020-08-19,Colusa,011,21464.0,0,0,0,0,0,0,0,0,0,0,0,0,0,0,0.0,0.0,0.0
2020-08-19,Contra Costa,013,1133247.0,21,2,19,2,2,0,0,0,21,2,21,2,0,0,1.8530823377427868e-05,1.8530823377427868e-05,0.0
2020-08-19,Del Norte,015,27424.0,0,0,0,0,0,0,0,0,0,0,0,0,0,0,0.0,0.0,0.0
2020-08-19,El Dorado,017,186661.0,2,0,0,0,2,0,0,0,2,0,2,0,0,0,1.0714610979261871e-05,1.0714610979261871e-05,0.0
2020-08-19,Fresno,019,978130.0,2,0,2,0,0,0,0,0,2,0,2,0,0,0,2.044717982272295e-06,2.044717982272295e-06,0.0
2020-08-19,Glenn,021,27897.0,0,0,0,0,0,0,0,0,0,0,0,0,0,0,0.0,0.0,0.0
2020-08-19,Humboldt,023,135768.0,1,0,1,0,0,0,0,0,1,0,1,0,0,0,7.365505862942667e-06,7.365505862942667e-06,0.0
2020-08-19,Imperial,025,180216.0,0,0,0,0,0,0,0,0,0,0,0,0,0,0,0.0,0.0,0.0
2020-08-19,Inyo,027,18085.0,0,0,0,0,0,0,0,0,0,0,0,0,0,0,0.0,0.0,0.0
2020-08-19,Kern,029,883053.0,2,0,1,0,1,0,0,0,2,0,2,0,0,0,2.264869719031587e-06,2.264869719031587e-06,0.0
2020-08-19,Kings,031,150075.0,0,0,0,0,0,0,0,0,0,0,0,0,0,0,0.0,0.0,0.0
2020-08-19,Lake,033,64148.0,0,0,0,0,0,0,0,0,0,0,0,0,0,0,0.0,0.0,0.0
2020-08-19,Lassen,035,31185.0,1,0,0,0,1,0,0,0,1,0,1,0,0,0,3.20666987333654e-05,3.20666987333654e-05,0.0
2020-08-19,Los Angeles,037,10098052.0,38,8,27,8,11,0,0,0,36,8,38,8,2,0,3.565044030274354e-06,3.7631020319562624e-06,1.9805800168190855e-07
2020-08-19,Madera,039,155013.0,0,0,0,0,0,0,0,0,0,0,0,0,0,0,0.0,0.0,0.0
2020-08-19,Marin,041,260295.0,0,0,0,0,0,0,0,0,0,0,0,0,0,0,0.0,0.0,0.0
2020-08-19,Mariposa,043,17540.0,0,0,0,0,0,0,0,0,0,0,0,0,0,0,0.0,0.0,0.0
2020-08-19,Mendocino,045,87422.0,1,0,0,0,1,0,0,0,1,0,1,0,0,0,1.1438768273432316e-05,1.1438768273432316e-05,0.0
2020-08-19,Merced,047,269075.0,0,0,0,0,0,0,0,0,0,0,0,0,0,0,0.0,0.0,0.0
2020-08-19,Modoc,049,8938.0,0,0,0,0,0,0,0,0,0,0,0,0,0,0,0.0,0.0,0.0
2020-08-19,Mono,051,14174.0,0,0,0,0,0,0,0,0,0,0,0,0,0,0,0.0,0.0,0.0
2020-08-19,Monterey,053,433212.0,1,0,0,0,1,0,0,0,1,0,1,0,0,0,2.308338642512211e-06,2.308338642512211e-06,0.0
2020-08-19,Napa,055,140530.0,0,0,0,0,0,0,0,0,0,0,0,0,0,0,0.0,0.0,0.0
2020-08-19,Nevada,057,99092.0,0,0,0,0,0,0,0,0,0,0,0,0,0,0,0.0,0.0,0.0
2020-08-19,Orange,059,3164182.0,17,0,13,0,4,0,0,0,17,0,17,0,0,0,5.372636592964627e-06,5.372636592964627e-06,0.0
2020-08-19,Placer,061,380077.0,1,0,0,0,1,0,0,0,1,0,1,0,0,0,2.6310458144007663e-06,2.6310458144007663e-06,0.0
2020-08-19,Plumas,063,18699.0,0,0,0,0,0,0,0,0,0,0,0,0,0,0,0.0,0.0,0.0
2020-08-19,Riverside,065,2383286.0,14,1,2,0,12,1,0,0,14,1,14,1,0,0,5.87424253740424e-06,5.87424253740424e-06,0.0
2020-08-19,Sacramento,067,1510023.0,20,2,3,0,17,2,0,0,20,2,20,2,0,0,1.3244831370118204e-05,1.3244831370118204e-05,0.0
2020-08-19,San Benito,069,59416.0,0,0,0,0,0,0,0,0,0,0,0,0,0,0,0.0,0.0,0.0
2020-08-19,San Bernardino,071,2135413.0,7,0,1,0,6,0,0,0,7,0,7,0,0,0,3.278054409147083e-06,3.278054409147083e-06,0.0
2020-08-19,San Diego,073,3302833.0,93,5,18,2,75,3,0,0,91,4,92,4,1,1,2.755210451149059e-05,2.785487489073774e-05,3.0277037924714934e-07
2020-08-19,San Francisco,075,870044.0,5,0,4,0,1,0,0,0,4,0,5,0,1,0,4.597468633770247e-06,5.746835792212808e-06,1.1493671584425616e-06
2020-08-19,San Joaquin,077,732212.0,3,0,2,0,1,0,0,0,3,0,3,0,0,0,4.097174042490426e-06,4.097174042490426e-06,0.0
2020-08-19,San Luis Obispo,079,281455.0,1,0,0,0,1,0,0,0,1,0,1,0,0,0,3.552965838233465e-06,3.552965838233465e-06,0.0
2020-08-19,San Mateo,081,765935.0,7,0,5,0,2,0,0,0,7,0,7,0,0,0,9.139156716953788e-06,9.139156716953788e-06,0.0
2020-08-19,Santa Barbara,083,443738.0,2,0,2,0,0,0,0,0,2,0,2,0,0,0,4.507164137396392e-06,4.507164137396392e-06,0.0
2020-08-19,Santa Clara,085,1922200.0,17,0,14,0,3,0,0,0,16,0,17,0,1,0,8.323795650816772e-06,8.844032878992821e-06,5.202372281760482e-07
2020-08-19,Santa Cruz,087,273765.0,1,0,0,0,1,0,0,0,1,0,1,0,0,0,3.652767884864756e-06,3.652767884864756e-06,0.0
2020-08-19,Shasta,089,179085.0,64,7,24,4,40,3,0,0,64,7,64,7,0,0,0.0003573721975598,0.0003573721975598,0.0
2020-08-19,Sierra,091,2930.0,0,0,0,0,0,0,0,0,0,0,0,0,0,0,0.0,0.0,0.0
2020-08-19,Siskiyou,093,43540.0,1,0,1,0,0,0,0,0,1,0,1,0,0,0,2.296738631143776e-05,2.296738631143776e-05,0.0
2020-08-19,Solano,095,438530.0,1,0,1,0,0,0,0,0,1,0,1,0,0,0,2.280345700408182e-06,2.280345700408182e-06,0.0
2020-08-19,Sonoma,097,501317.0,1,0,0,0,1,0,0,0,1,0,1,0,0,0,1.9947458394588654e-06,1.9947458394588654e-06,0.0
2020-08-19,Stanislaus,099,539301.0,4,0,3,0,1,0,0,0,4,0,4,0,0,0,7.417008312612066e-06,7.417008312612066e-06,0.0
2020-08-19,Sutter,101,95872.0,0,0,0,0,0,0,0,0,0,0,0,0,0,0,0.0,0.0,0.0
2020-08-19,Tehama,103,63373.0,5,1,2,0,3,1,0,0,5,1,5,1,0,0,7.889795338708914e-05,7.889795338708914e-05,0.0
2020-08-19,Trinity,105,12862.0,1,0,0,0,1,0,0,0,1,0,1,0,0,0,7.774840615767377e-05,7.774840615767377e-05,0.0
2020-08-19,Tulare,107,460477.0,0,0,0,0,0,0,0,0,0,0,0,0,0,0,0.0,0.0,0.0
2020-08-19,Tuolumne,109,53932.0,0,0,0,0,0,0,0,0,0,0,0,0,0,0,0.0,0.0,0.0
2020-08-19,Ventura,111,848112.0,4,1,3,1,1,0,0,0,2,0,3,0,1,1,2.3581791084196427e-06,3.537268662629464e-06,1.1790895542098214e-06
2020-08-19,Yolo,113,214977.0,7,0,0,0,7,0,0,0,6,0,7,0,1,0,2.790996246110049e-05,3.2561622871283904e-05,4.651660410183415e-06
2020-08-19,Yuba,115,75493.0,0,0,0,0,0,0,0,0,0,0,0,0,0,0,0.0,0.0,0.0
2020-08-18,Alameda,001,1643700.0,11,1,10,1,1,0,0,0,11,1,11,1,0,0,6.692218774715581e-06,6.692218774715581e-06,0.0
2020-08-18,Alpine,003,1148.0,0,0,0,0,0,0,0,0,0,0,0,0,0,0,0.0,0.0,0.0
2020-08-18,Amador,005,37829.0,0,0,0,0,0,0,0,0,0,0,0,0,0,0,0.0,0.0,0.0
2020-08-18,Butte,007,227075.0,2,0,2,0,0,0,0,0,2,0,2,0,0,0,8.807662666519872e-06,8.807662666519872e-06,0.0
2020-08-18,Calaveras,009,45235.0,0,0,0,0,0,0,0,0,0,0,0,0,0,0,0.0,0.0,0.0
2020-08-18,Colusa,011,21464.0,0,0,0,0,0,0,0,0,0,0,0,0,0,0,0.0,0.0,0.0
2020-08-18,Contra Costa,013,1133247.0,19,2,17,2,2,0,0,0,19,2,19,2,0,0,1.6765983055768072e-05,1.6765983055768072e-05,0.0
2020-08-18,Del Norte,015,27424.0,0,0,0,0,0,0,0,0,0,0,0,0,0,0,0.0,0.0,0.0
2020-08-18,El Dorado,017,186661.0,2,0,0,0,2,0,0,0,2,0,2,0,0,0,1.0714610979261871e-05,1.0714610979261871e-05,0.0
2020-08-18,Fresno,019,978130.0,2,0,2,0,0,0,0,0,2,0,2,0,0,0,2.044717982272295e-06,2.044717982272295e-06,0.0
2020-08-18,Glenn,021,27897.0,0,0,0,0,0,0,0,0,0,0,0,0,0,0,0.0,0.0,0.0
2020-08-18,Humboldt,023,135768.0,1,0,1,0,0,0,0,0,1,0,1,0,0,0,7.365505862942667e-06,7.365505862942667e-06,0.0
2020-08-18,Imperial,025,180216.0,0,0,0,0,0,0,0,0,0,0,0,0,0,0,0.0,0.0,0.0
2020-08-18,Inyo,027,18085.0,0,0,0,0,0,0,0,0,0,0,0,0,0,0,0.0,0.0,0.0
2020-08-18,Kern,029,883053.0,2,0,1,0,1,0,0,0,2,0,2,0,0,0,2.264869719031587e-06,2.264869719031587e-06,0.0
2020-08-18,Kings,031,150075.0,0,0,0,0,0,0,0,0,0,0,0,0,0,0,0.0,0.0,0.0
2020-08-18,Lake,033,64148.0,0,0,0,0,0,0,0,0,0,0,0,0,0,0,0.0,0.0,0.0
2020-08-18,Lassen,035,31185.0,1,0,0,0,1,0,0,0,1,0,1,0,0,0,3.20666987333654e-05,3.20666987333654e-05,0.0
2020-08-18,Los Angeles,037,10098052.0,30,1,19,0,11,1,0,0,28,1,30,1,2,0,2.77281202354672e-06,2.9708700252286284e-06,1.9805800168190855e-07
2020-08-18,Madera,039,155013.0,0,0,0,0,0,0,0,0,0,0,0,0,0,0,0.0,0.0,0.0
2020-08-18,Marin,041,260295.0,0,0,0,0,0,0,0,0,0,0,0,0,0,0,0.0,0.0,0.0
2020-08-18,Mariposa,043,17540.0,0,0,0,0,0,0,0,0,0,0,0,0,0,0,0.0,0.0,0.0
2020-08-18,Mendocino,045,87422.0,1,0,0,0,1,0,0,0,1,0,1,0,0,0,1.1438768273432316e-05,1.1438768273432316e-05,0.0
2020-08-18,Merced,047,269075.0,0,0,0,0,0,0,0,0,0,0,0,0,0,0,0.0,0.0,0.0
2020-08-18,Modoc,049,8938.0,0,0,0,0,0,0,0,0,0,0,0,0,0,0,0.0,0.0,0.0
2020-08-18,Mono,051,14174.0,0,0,0,0,0,0,0,0,0,0,0,0,0,0,0.0,0.0,0.0
2020-08-18,Monterey,053,433212.0,1,0,0,0,1,0,0,0,1,0,1,0,0,0,2.308338642512211e-06,2.308338642512211e-06,0.0
2020-08-18,Napa,055,140530.0,0,0,0,0,0,0,0,0,0,0,0,0,0,0,0.0,0.0,0.0
2020-08-18,Nevada,057,99092.0,0,0,0,0,0,0,0,0,0,0,0,0,0,0,0.0,0.0,0.0
2020-08-18,Orange,059,3164182.0,17,0,13,0,4,0,0,0,17,0,17,0,0,0,5.372636592964627e-06,5.372636592964627e-06,0.0
2020-08-18,Placer,061,380077.0,1,0,0,0,1,0,0,0,1,0,1,0,0,0,2.6310458144007663e-06,2.6310458144007663e-06,0.0
2020-08-18,Plumas,063,18699.0,0,0,0,0,0,0,0,0,0,0,0,0,0,0,0.0,0.0,0.0
2020-08-18,Riverside,065,2383286.0,13,0,2,0,11,0,0,0,13,0,13,0,0,0,5.454653784732508e-06,5.454653784732508e-06,0.0
2020-08-18,Sacramento,067,1510023.0,18,0,3,0,15,0,0,0,18,0,18,0,0,0,1.1920348233106384e-05,1.1920348233106384e-05,0.0
2020-08-18,San Benito,069,59416.0,0,0,0,0,0,0,0,0,0,0,0,0,0,0,0.0,0.0,0.0
2020-08-18,San Bernardino,071,2135413.0,7,0,1,0,6,0,0,0,7,0,7,0,0,0,3.278054409147083e-06,3.278054409147083e-06,0.0
2020-08-18,San Diego,073,3302833.0,88,3,16,0,72,3,0,0,88,3,88,3,0,0,2.6643793373749142e-05,2.6643793373749142e-05,0.0
2020-08-18,San Francisco,075,870044.0,5,1,4,1,1,0,0,0,4,1,5,1,1,0,4.597468633770247e-06,5.746835792212808e-06,1.1493671584425616e-06
2020-08-18,San Joaquin,077,732212.0,3,1,2,1,1,0,0,0,3,1,3,1,0,0,4.097174042490426e-06,4.097174042490426e-06,0.0
2020-08-18,San Luis Obispo,079,281455.0,1,0,0,0,1,0,0,0,1,0,1,0,0,0,3.552965838233465e-06,3.552965838233465e-06,0.0
2020-08-18,San Mateo,081,765935.0,7,1,5,1,2,0,0,0,7,1,7,1,0,0,9.139156716953788e-06,9.139156716953788e-06,0.0
2020-08-18,Santa Barbara,083,443738.0,2,0,2,0,0,0,0,0,2,0,2,0,0,0,4.507164137396392e-06,4.507164137396392e-06,0.0
2020-08-18,Santa Clara,085,1922200.0,17,0,14,0,3,0,0,0,16,0,17,0,1,0,8.323795650816772e-06,8.844032878992821e-06,5.202372281760482e-07
2020-08-18,Santa Cruz,087,273765.0,1,0,0,0,1,0,0,0,1,0,1,0,0,0,3.652767884864756e-06,3.652767884864756e-06,0.0
2020-08-18,Shasta,089,179085.0,57,10,20,6,37,4,0,0,57,10,57,10,0,0,0.0003182846134517,0.0003182846134517,0.0
2020-08-18,Sierra,091,2930.0,0,0,0,0,0,0,0,0,0,0,0,0,0,0,0.0,0.0,0.0
2020-08-18,Siskiyou,093,43540.0,1,0,1,0,0,0,0,0,1,0,1,0,0,0,2.296738631143776e-05,2.296738631143776e-05,0.0
2020-08-18,Solano,095,438530.0,1,0,1,0,0,0,0,0,1,0,1,0,0,0,2.280345700408182e-06,2.280345700408182e-06,0.0
2020-08-18,Sonoma,097,501317.0,1,0,0,0,1,0,0,0,1,0,1,0,0,0,1.9947458394588654e-06,1.9947458394588654e-06,0.0
2020-08-18,Stanislaus,099,539301.0,4,1,3,0,1,1,0,0,4,1,4,1,0,0,7.417008312612066e-06,7.417008312612066e-06,0.0
2020-08-18,Sutter,101,95872.0,0,0,0,0,0,0,0,0,0,0,0,0,0,0,0.0,0.0,0.0
2020-08-18,Tehama,103,63373.0,4,0,2,0,2,0,0,0,4,0,4,0,0,0,6.311836270967131e-05,6.311836270967131e-05,0.0
2020-08-18,Trinity,105,12862.0,1,0,0,0,1,0,0,0,1,0,1,0,0,0,7.774840615767377e-05,7.774840615767377e-05,0.0
2020-08-18,Tulare,107,460477.0,0,0,0,0,0,0,0,0,0,0,0,0,0,0,0.0,0.0,0.0
2020-08-18,Tuolumne,109,53932.0,0,0,0,0,0,0,0,0,0,0,0,0,0,0,0.0,0.0,0.0
2020-08-18,Ventura,111,848112.0,3,0,2,0,1,0,0,0,3,0,3,0,0,0,3.537268662629464e-06,3.537268662629464e-06,0.0
2020-08-18,Yolo,113,214977.0,7,1,0,0,7,1,0,0,6,1,7,1,1,0,2.790996246110049e-05,3.2561622871283904e-05,4.651660410183415e-06
2020-08-18,Yuba,115,75493.0,0,0,0,0,0,0,0,0,0,0,0,0,0,0,0.0,0.0,0.0
2020-08-17,Alameda,001,1643700.0,10,1,9,1,1,0,0,0,10,1,10,1,0,0,6.083835249741437e-06,6.083835249741437e-06,0.0
2020-08-17,Alpine,003,1148.0,0,0,0,0,0,0,0,0,0,0,0,0,0,0,0.0,0.0,0.0
2020-08-17,Amador,005,37829.0,0,0,0,0,0,0,0,0,0,0,0,0,0,0,0.0,0.0,0.0
2020-08-17,Butte,007,227075.0,2,0,2,0,0,0,0,0,2,0,2,0,0,0,8.807662666519872e-06,8.807662666519872e-06,0.0
2020-08-17,Calaveras,009,45235.0,0,0,0,0,0,0,0,0,0,0,0,0,0,0,0.0,0.0,0.0
2020-08-17,Colusa,011,21464.0,0,0,0,0,0,0,0,0,0,0,0,0,0,0,0.0,0.0,0.0
2020-08-17,Contra Costa,013,1133247.0,17,1,15,1,2,0,0,0,17,1,17,1,0,0,1.5001142734108274e-05,1.5001142734108274e-05,0.0
2020-08-17,Del Norte,015,27424.0,0,0,0,0,0,0,0,0,0,0,0,0,0,0,0.0,0.0,0.0
2020-08-17,El Dorado,017,186661.0,2,0,0,0,2,0,0,0,2,0,2,0,0,0,1.0714610979261871e-05,1.0714610979261871e-05,0.0
2020-08-17,Fresno,019,978130.0,2,0,2,0,0,0,0,0,2,0,2,0,0,0,2.044717982272295e-06,2.044717982272295e-06,0.0
2020-08-17,Glenn,021,27897.0,0,0,0,0,0,0,0,0,0,0,0,0,0,0,0.0,0.0,0.0
2020-08-17,Humboldt,023,135768.0,1,0,1,0,0,0,0,0,1,0,1,0,0,0,7.365505862942667e-06,7.365505862942667e-06,0.0
2020-08-17,Imperial,025,180216.0,0,0,0,0,0,0,0,0,0,0,0,0,0,0,0.0,0.0,0.0
2020-08-17,Inyo,027,18085.0,0,0,0,0,0,0,0,0,0,0,0,0,0,0,0.0,0.0,0.0
2020-08-17,Kern,029,883053.0,2,0,1,0,1,0,0,0,2,0,2,0,0,0,2.264869719031587e-06,2.264869719031587e-06,0.0
2020-08-17,Kings,031,150075.0,0,0,0,0,0,0,0,0,0,0,0,0,0,0,0.0,0.0,0.0
2020-08-17,Lake,033,64148.0,0,0,0,0,0,0,0,0,0,0,0,0,0,0,0.0,0.0,0.0
2020-08-17,Lassen,035,31185.0,1,0,0,0,1,0,0,0,1,0,1,0,0,0,3.20666987333654e-05,3.20666987333654e-05,0.0
2020-08-17,Los Angeles,037,10098052.0,29,2,19,2,10,0,0,0,27,2,29,2,2,0,2.6737830227057654e-06,2.8718410243876738e-06,1.9805800168190855e-07
2020-08-17,Madera,039,155013.0,0,0,0,0,0,0,0,0,0,0,0,0,0,0,0.0,0.0,0.0
2020-08-17,Marin,041,260295.0,0,0,0,0,0,0,0,0,0,0,0,0,0,0,0.0,0.0,0.0
2020-08-17,Mariposa,043,17540.0,0,0,0,0,0,0,0,0,0,0,0,0,0,0,0.0,0.0,0.0
2020-08-17,Mendocino,045,87422.0,1,0,0,0,1,0,0,0,1,0,1,0,0,0,1.1438768273432316e-05,1.1438768273432316e-05,0.0
2020-08-17,Merced,047,269075.0,0,0,0,0,0,0,0,0,0,0,0,0,0,0,0.0,0.0,0.0
2020-08-17,Modoc,049,8938.0,0,0,0,0,0,0,0,0,0,0,0,0,0,0,0.0,0.0,0.0
2020-08-17,Mono,051,14174.0,0,0,0,0,0,0,0,0,0,0,0,0,0,0,0.0,0.0,0.0
2020-08-17,Monterey,053,433212.0,1,0,0,0,1,0,0,0,1,0,1,0,0,0,2.308338642512211e-06,2.308338642512211e-06,0.0
2020-08-17,Napa,055,140530.0,0,0,0,0,0,0,0,0,0,0,0,0,0,0,0.0,0.0,0.0
2020-08-17,Nevada,057,99092.0,0,0,0,0,0,0,0,0,0,0,0,0,0,0,0.0,0.0,0.0
2020-08-17,Orange,059,3164182.0,17,2,13,1,4,1,0,0,17,2,17,2,0,0,5.372636592964627e-06,5.372636592964627e-06,0.0
2020-08-17,Placer,061,380077.0,1,0,0,0,1,0,0,0,1,0,1,0,0,0,2.6310458144007663e-06,2.6310458144007663e-06,0.0
2020-08-17,Plumas,063,18699.0,0,0,0,0,0,0,0,0,0,0,0,0,0,0,0.0,0.0,0.0
2020-08-17,Riverside,065,2383286.0,13,2,2,0,11,2,0,0,13,2,13,2,0,0,5.454653784732508e-06,5.454653784732508e-06,0.0
2020-08-17,Sacramento,067,1510023.0,18,2,3,1,15,1,0,0,18,2,18,2,0,0,1.1920348233106384e-05,1.1920348233106384e-05,0.0
2020-08-17,San Benito,069,59416.0,0,0,0,0,0,0,0,0,0,0,0,0,0,0,0.0,0.0,0.0
2020-08-17,San Bernardino,071,2135413.0,7,0,1,0,6,0,0,0,7,0,7,0,0,0,3.278054409147083e-06,3.278054409147083e-06,0.0
2020-08-17,San Diego,073,3302833.0,85,5,16,0,69,5,0,0,85,5,85,5,0,0,2.573548223600769e-05,2.573548223600769e-05,0.0
2020-08-17,San Francisco,075,870044.0,4,2,3,2,1,0,0,0,3,2,4,2,1,0,3.4481014753276845e-06,4.597468633770247e-06,1.1493671584425616e-06
2020-08-17,San Joaquin,077,732212.0,2,0,1,0,1,0,0,0,2,0,2,0,0,0,2.731449361660284e-06,2.731449361660284e-06,0.0
2020-08-17,San Luis Obispo,079,281455.0,1,0,0,0,1,0,0,0,1,0,1,0,0,0,3.552965838233465e-06,3.552965838233465e-06,0.0
2020-08-17,San Mateo,081,765935.0,6,0,4,0,2,0,0,0,6,0,6,0,0,0,7.833562900246105e-06,7.833562900246105e-06,0.0
2020-08-17,Santa Barbara,083,443738.0,2,0,2,0,0,0,0,0,2,0,2,0,0,0,4.507164137396392e-06,4.507164137396392e-06,0.0
2020-08-17,Santa Clara,085,1922200.0,17,5,14,5,3,0,0,0,16,5,17,5,1,0,8.323795650816772e-06,8.844032878992821e-06,5.202372281760482e-07
2020-08-17,Santa Cruz,087,273765.0,1,0,0,0,1,0,0,0,1,0,1,0,0,0,3.652767884864756e-06,3.652767884864756e-06,0.0
2020-08-17,Shasta,089,179085.0,47,9,14,4,33,5,0,0,47,9,47,9,0,0,0.0002624452075829,0.0002624452075829,0.0
2020-08-17,Sierra,091,2930.0,0,0,0,0,0,0,0,0,0,0,0,0,0,0,0.0,0.0,0.0
2020-08-17,Siskiyou,093,43540.0,1,0,1,0,0,0,0,0,1,0,1,0,0,0,2.296738631143776e-05,2.296738631143776e-05,0.0
2020-08-17,Solano,095,438530.0,1,0,1,0,0,0,0,0,1,0,1,0,0,0,2.280345700408182e-06,2.280345700408182e-06,0.0
2020-08-17,Sonoma,097,501317.0,1,1,0,0,1,1,0,0,1,1,1,1,0,0,1.9947458394588654e-06,1.9947458394588654e-06,0.0
2020-08-17,Stanislaus,099,539301.0,3,0,3,0,0,0,0,0,3,0,3,0,0,0,5.56275623445905e-06,5.56275623445905e-06,0.0
2020-08-17,Sutter,101,95872.0,0,0,0,0,0,0,0,0,0,0,0,0,0,0,0.0,0.0,0.0
2020-08-17,Tehama,103,63373.0,4,1,2,1,2,0,0,0,4,1,4,1,0,0,6.311836270967131e-05,6.311836270967131e-05,0.0
2020-08-17,Trinity,105,12862.0,1,0,0,0,1,0,0,0,1,0,1,0,0,0,7.774840615767377e-05,7.774840615767377e-05,0.0
2020-08-17,Tulare,107,460477.0,0,0,0,0,0,0,0,0,0,0,0,0,0,0,0.0,0.0,0.0
2020-08-17,Tuolumne,109,53932.0,0,0,0,0,0,0,0,0,0,0,0,0,0,0,0.0,0.0,0.0
2020-08-17,Ventura,111,848112.0,3,0,2,0,1,0,0,0,3,0,3,0,0,0,3.537268662629464e-06,3.537268662629464e-06,0.0
2020-08-17,Yolo,113,214977.0,6,0,0,0,6,0,0,0,5,0,6,0,1,0,2.3258302050917078e-05,2.790996246110049e-05,4.651660410183415e-06
2020-08-17,Yuba,115,75493.0,0,0,0,0,0,0,0,0,0,0,0,0,0,0,0.0,0.0,0.0
2020-08-16,Alameda,001,1643700.0,9,0,8,0,1,0,0,0,9,0,9,0,0,0,5.475451724767293e-06,5.475451724767293e-06,0.0
2020-08-16,Alpine,003,1148.0,0,0,0,0,0,0,0,0,0,0,0,0,0,0,0.0,0.0,0.0
2020-08-16,Amador,005,37829.0,0,0,0,0,0,0,0,0,0,0,0,0,0,0,0.0,0.0,0.0
2020-08-16,Butte,007,227075.0,2,1,2,1,0,0,0,0,2,1,2,1,0,0,8.807662666519872e-06,8.807662666519872e-06,0.0
2020-08-16,Calaveras,009,45235.0,0,0,0,0,0,0,0,0,0,0,0,0,0,0,0.0,0.0,0.0
2020-08-16,Colusa,011,21464.0,0,0,0,0,0,0,0,0,0,0,0,0,0,0,0.0,0.0,0.0
2020-08-16,Contra Costa,013,1133247.0,16,0,14,0,2,0,0,0,16,0,16,0,0,0,1.4118722573278376e-05,1.4118722573278376e-05,0.0
2020-08-16,Del Norte,015,27424.0,0,0,0,0,0,0,0,0,0,0,0,0,0,0,0.0,0.0,0.0
2020-08-16,El Dorado,017,186661.0,2,0,0,0,2,0,0,0,2,0,2,0,0,0,1.0714610979261871e-05,1.0714610979261871e-05,0.0
2020-08-16,Fresno,019,978130.0,2,0,2,0,0,0,0,0,2,0,2,0,0,0,2.044717982272295e-06,2.044717982272295e-06,0.0
2020-08-16,Glenn,021,27897.0,0,0,0,0,0,0,0,0,0,0,0,0,0,0,0.0,0.0,0.0
2020-08-16,Humboldt,023,135768.0,1,0,1,0,0,0,0,0,1,0,1,0,0,0,7.365505862942667e-06,7.365505862942667e-06,0.0
2020-08-16,Imperial,025,180216.0,0,0,0,0,0,0,0,0,0,0,0,0,0,0,0.0,0.0,0.0
2020-08-16,Inyo,027,18085.0,0,0,0,0,0,0,0,0,0,0,0,0,0,0,0.0,0.0,0.0
2020-08-16,Kern,029,883053.0,2,0,1,0,1,0,0,0,2,0,2,0,0,0,2.264869719031587e-06,2.264869719031587e-06,0.0
2020-08-16,Kings,031,150075.0,0,0,0,0,0,0,0,0,0,0,0,0,0,0,0.0,0.0,0.0
2020-08-16,Lake,033,64148.0,0,0,0,0,0,0,0,0,0,0,0,0,0,0,0.0,0.0,0.0
2020-08-16,Lassen,035,31185.0,1,0,0,0,1,0,0,0,1,0,1,0,0,0,3.20666987333654e-05,3.20666987333654e-05,0.0
2020-08-16,Los Angeles,037,10098052.0,27,0,17,0,10,0,0,0,25,0,27,0,2,0,2.475725021023857e-06,2.6737830227057654e-06,1.9805800168190855e-07
2020-08-16,Madera,039,155013.0,0,0,0,0,0,0,0,0,0,0,0,0,0,0,0.0,0.0,0.0
2020-08-16,Marin,041,260295.0,0,0,0,0,0,0,0,0,0,0,0,0,0,0,0.0,0.0,0.0
2020-08-16,Mariposa,043,17540.0,0,0,0,0,0,0,0,0,0,0,0,0,0,0,0.0,0.0,0.0
2020-08-16,Mendocino,045,87422.0,1,0,0,0,1,0,0,0,1,0,1,0,0,0,1.1438768273432316e-05,1.1438768273432316e-05,0.0
2020-08-16,Merced,047,269075.0,0,0,0,0,0,0,0,0,0,0,0,0,0,0,0.0,0.0,0.0
2020-08-16,Modoc,049,8938.0,0,0,0,0,0,0,0,0,0,0,0,0,0,0,0.0,0.0,0.0
2020-08-16,Mono,051,14174.0,0,0,0,0,0,0,0,0,0,0,0,0,0,0,0.0,0.0,0.0
2020-08-16,Monterey,053,433212.0,1,0,0,0,1,0,0,0,1,0,1,0,0,0,2.308338642512211e-06,2.308338642512211e-06,0.0
2020-08-16,Napa,055,140530.0,0,0,0,0,0,0,0,0,0,0,0,0,0,0,0.0,0.0,0.0
2020-08-16,Nevada,057,99092.0,0,0,0,0,0,0,0,0,0,0,0,0,0,0,0.0,0.0,0.0
2020-08-16,Orange,059,3164182.0,15,0,12,0,3,0,0,0,15,0,15,0,0,0,4.740561699674671e-06,4.740561699674671e-06,0.0
2020-08-16,Placer,061,380077.0,1,0,0,0,1,0,0,0,1,0,1,0,0,0,2.6310458144007663e-06,2.6310458144007663e-06,0.0
2020-08-16,Plumas,063,18699.0,0,0,0,0,0,0,0,0,0,0,0,0,0,0,0.0,0.0,0.0
2020-08-16,Riverside,065,2383286.0,11,1,2,1,9,0,0,0,11,1,11,1,0,0,4.615476279389045e-06,4.615476279389045e-06,0.0
2020-08-16,Sacramento,067,1510023.0,16,1,2,1,14,0,0,0,16,1,16,1,0,0,1.0595865096094562e-05,1.0595865096094562e-05,0.0
2020-08-16,San Benito,069,59416.0,0,0,0,0,0,0,0,0,0,0,0,0,0,0,0.0,0.0,0.0
2020-08-16,San Bernardino,071,2135413.0,7,0,1,0,6,0,0,0,7,0,7,0,0,0,3.278054409147083e-06,3.278054409147083e-06,0.0
2020-08-16,San Diego,073,3302833.0,80,0,16,0,64,0,0,0,80,0,80,0,0,0,2.4221630339771943e-05,2.4221630339771943e-05,0.0
2020-08-16,San Francisco,075,870044.0,2,0,1,0,1,0,0,0,1,0,2,0,1,0,1.1493671584425616e-06,2.2987343168851237e-06,1.1493671584425616e-06
2020-08-16,San Joaquin,077,732212.0,2,0,1,0,1,0,0,0,2,0,2,0,0,0,2.731449361660284e-06,2.731449361660284e-06,0.0
2020-08-16,San Luis Obispo,079,281455.0,1,0,0,0,1,0,0,0,1,0,1,0,0,0,3.552965838233465e-06,3.552965838233465e-06,0.0
2020-08-16,San Mateo,081,765935.0,6,1,4,1,2,0,0,0,6,1,6,1,0,0,7.833562900246105e-06,7.833562900246105e-06,0.0
2020-08-16,Santa Barbara,083,443738.0,2,0,2,0,0,0,0,0,2,0,2,0,0,0,4.507164137396392e-06,4.507164137396392e-06,0.0
2020-08-16,Santa Clara,085,1922200.0,12,0,9,0,3,0,0,0,11,0,12,0,1,0,5.722609509936531e-06,6.24284673811258e-06,5.202372281760482e-07
2020-08-16,Santa Cruz,087,273765.0,1,0,0,0,1,0,0,0,1,0,1,0,0,0,3.652767884864756e-06,3.652767884864756e-06,0.0
2020-08-16,Shasta,089,179085.0,38,0,10,0,28,0,0,0,38,0,38,0,0,0,0.0002121897423011,0.0002121897423011,0.0
2020-08-16,Sierra,091,2930.0,0,0,0,0,0,0,0,0,0,0,0,0,0,0,0.0,0.0,0.0
2020-08-16,Siskiyou,093,43540.0,1,0,1,0,0,0,0,0,1,0,1,0,0,0,2.296738631143776e-05,2.296738631143776e-05,0.0
2020-08-16,Solano,095,438530.0,1,0,1,0,0,0,0,0,1,0,1,0,0,0,2.280345700408182e-06,2.280345700408182e-06,0.0
2020-08-16,Sonoma,097,501317.0,0,0,0,0,0,0,0,0,0,0,0,0,0,0,0.0,0.0,0.0
2020-08-16,Stanislaus,099,539301.0,3,0,3,0,0,0,0,0,3,0,3,0,0,0,5.56275623445905e-06,5.56275623445905e-06,0.0
2020-08-16,Sutter,101,95872.0,0,0,0,0,0,0,0,0,0,0,0,0,0,0,0.0,0.0,0.0
2020-08-16,Tehama,103,63373.0,3,0,1,0,2,0,0,0,3,0,3,0,0,0,4.733877203225348e-05,4.733877203225348e-05,0.0
2020-08-16,Trinity,105,12862.0,1,0,0,0,1,0,0,0,1,0,1,0,0,0,7.774840615767377e-05,7.774840615767377e-05,0.0
2020-08-16,Tulare,107,460477.0,0,0,0,0,0,0,0,0,0,0,0,0,0,0,0.0,0.0,0.0
2020-08-16,Tuolumne,109,53932.0,0,0,0,0,0,0,0,0,0,0,0,0,0,0,0.0,0.0,0.0
2020-08-16,Ventura,111,848112.0,3,0,2,0,1,0,0,0,3,0,3,0,0,0,3.537268662629464e-06,3.537268662629464e-06,0.0
2020-08-16,Yolo,113,214977.0,6,0,0,0,6,0,0,0,5,0,6,0,1,0,2.3258302050917078e-05,2.790996246110049e-05,4.651660410183415e-06
2020-08-16,Yuba,115,75493.0,0,0,0,0,0,0,0,0,0,0,0,0,0,0,0.0,0.0,0.0
2020-08-15,Alameda,001,1643700.0,9,1,8,0,1,1,0,0,9,1,9,1,0,0,5.475451724767293e-06,5.475451724767293e-06,0.0
2020-08-15,Alpine,003,1148.0,0,0,0,0,0,0,0,0,0,0,0,0,0,0,0.0,0.0,0.0
2020-08-15,Amador,005,37829.0,0,0,0,0,0,0,0,0,0,0,0,0,0,0,0.0,0.0,0.0
2020-08-15,Butte,007,227075.0,1,0,1,0,0,0,0,0,1,0,1,0,0,0,4.403831333259936e-06,4.403831333259936e-06,0.0
2020-08-15,Calaveras,009,45235.0,0,0,0,0,0,0,0,0,0,0,0,0,0,0,0.0,0.0,0.0
2020-08-15,Colusa,011,21464.0,0,0,0,0,0,0,0,0,0,0,0,0,0,0,0.0,0.0,0.0
2020-08-15,Contra Costa,013,1133247.0,16,0,14,0,2,0,0,0,16,0,16,0,0,0,1.4118722573278376e-05,1.4118722573278376e-05,0.0
2020-08-15,Del Norte,015,27424.0,0,0,0,0,0,0,0,0,0,0,0,0,0,0,0.0,0.0,0.0
2020-08-15,El Dorado,017,186661.0,2,0,0,0,2,0,0,0,2,0,2,0,0,0,1.0714610979261871e-05,1.0714610979261871e-05,0.0
2020-08-15,Fresno,019,978130.0,2,0,2,0,0,0,0,0,2,0,2,0,0,0,2.044717982272295e-06,2.044717982272295e-06,0.0
2020-08-15,Glenn,021,27897.0,0,0,0,0,0,0,0,0,0,0,0,0,0,0,0.0,0.0,0.0
2020-08-15,Humboldt,023,135768.0,1,0,1,0,0,0,0,0,1,0,1,0,0,0,7.365505862942667e-06,7.365505862942667e-06,0.0
2020-08-15,Imperial,025,180216.0,0,0,0,0,0,0,0,0,0,0,0,0,0,0,0.0,0.0,0.0
2020-08-15,Inyo,027,18085.0,0,0,0,0,0,0,0,0,0,0,0,0,0,0,0.0,0.0,0.0
2020-08-15,Kern,029,883053.0,2,0,1,0,1,0,0,0,2,0,2,0,0,0,2.264869719031587e-06,2.264869719031587e-06,0.0
2020-08-15,Kings,031,150075.0,0,0,0,0,0,0,0,0,0,0,0,0,0,0,0.0,0.0,0.0
2020-08-15,Lake,033,64148.0,0,0,0,0,0,0,0,0,0,0,0,0,0,0,0.0,0.0,0.0
2020-08-15,Lassen,035,31185.0,1,0,0,0,1,0,0,0,1,0,1,0,0,0,3.20666987333654e-05,3.20666987333654e-05,0.0
2020-08-15,Los Angeles,037,10098052.0,27,1,17,1,10,0,0,0,25,1,27,1,2,0,2.475725021023857e-06,2.6737830227057654e-06,1.9805800168190855e-07
2020-08-15,Madera,039,155013.0,0,0,0,0,0,0,0,0,0,0,0,0,0,0,0.0,0.0,0.0
2020-08-15,Marin,041,260295.0,0,0,0,0,0,0,0,0,0,0,0,0,0,0,0.0,0.0,0.0
2020-08-15,Mariposa,043,17540.0,0,0,0,0,0,0,0,0,0,0,0,0,0,0,0.0,0.0,0.0
2020-08-15,Mendocino,045,87422.0,1,0,0,0,1,0,0,0,1,0,1,0,0,0,1.1438768273432316e-05,1.1438768273432316e-05,0.0
2020-08-15,Merced,047,269075.0,0,0,0,0,0,0,0,0,0,0,0,0,0,0,0.0,0.0,0.0
2020-08-15,Modoc,049,8938.0,0,0,0,0,0,0,0,0,0,0,0,0,0,0,0.0,0.0,0.0
2020-08-15,Mono,051,14174.0,0,0,0,0,0,0,0,0,0,0,0,0,0,0,0.0,0.0,0.0
2020-08-15,Monterey,053,433212.0,1,0,0,0,1,0,0,0,1,0,1,0,0,0,2.308338642512211e-06,2.308338642512211e-06,0.0
2020-08-15,Napa,055,140530.0,0,0,0,0,0,0,0,0,0,0,0,0,0,0,0.0,0.0,0.0
2020-08-15,Nevada,057,99092.0,0,0,0,0,0,0,0,0,0,0,0,0,0,0,0.0,0.0,0.0
2020-08-15,Orange,059,3164182.0,15,0,12,0,3,0,0,0,15,0,15,0,0,0,4.740561699674671e-06,4.740561699674671e-06,0.0
2020-08-15,Placer,061,380077.0,1,0,0,0,1,0,0,0,1,0,1,0,0,0,2.6310458144007663e-06,2.6310458144007663e-06,0.0
2020-08-15,Plumas,063,18699.0,0,0,0,0,0,0,0,0,0,0,0,0,0,0,0.0,0.0,0.0
2020-08-15,Riverside,065,2383286.0,10,0,1,0,9,0,0,0,10,0,10,0,0,0,4.195887526717314e-06,4.195887526717314e-06,0.0
2020-08-15,Sacramento,067,1510023.0,15,0,1,0,14,0,0,0,15,0,15,0,0,0,9.933623527588653e-06,9.933623527588653e-06,0.0
2020-08-15,San Benito,069,59416.0,0,0,0,0,0,0,0,0,0,0,0,0,0,0,0.0,0.0,0.0
2020-08-15,San Bernardino,071,2135413.0,7,0,1,0,6,0,0,0,7,0,7,0,0,0,3.278054409147083e-06,3.278054409147083e-06,0.0
2020-08-15,San Diego,073,3302833.0,80,0,16,0,64,0,0,0,80,0,80,0,0,0,2.4221630339771943e-05,2.4221630339771943e-05,0.0
2020-08-15,San Francisco,075,870044.0,2,0,1,0,1,0,0,0,1,0,2,0,1,0,1.1493671584425616e-06,2.2987343168851237e-06,1.1493671584425616e-06
2020-08-15,San Joaquin,077,732212.0,2,0,1,0,1,0,0,0,2,0,2,0,0,0,2.731449361660284e-06,2.731449361660284e-06,0.0
2020-08-15,San Luis Obispo,079,281455.0,1,0,0,0,1,0,0,0,1,0,1,0,0,0,3.552965838233465e-06,3.552965838233465e-06,0.0
2020-08-15,San Mateo,081,765935.0,5,0,3,0,2,0,0,0,5,0,5,0,0,0,6.5279690835384205e-06,6.5279690835384205e-06,0.0
2020-08-15,Santa Barbara,083,443738.0,2,0,2,0,0,0,0,0,2,0,2,0,0,0,4.507164137396392e-06,4.507164137396392e-06,0.0
2020-08-15,Santa Clara,085,1922200.0,12,0,9,0,3,0,0,0,11,0,12,0,1,0,5.722609509936531e-06,6.24284673811258e-06,5.202372281760482e-07
2020-08-15,Santa Cruz,087,273765.0,1,0,0,0,1,0,0,0,1,0,1,0,0,0,3.652767884864756e-06,3.652767884864756e-06,0.0
2020-08-15,Shasta,089,179085.0,38,0,10,0,28,0,0,0,38,0,38,0,0,0,0.0002121897423011,0.0002121897423011,0.0
2020-08-15,Sierra,091,2930.0,0,0,0,0,0,0,0,0,0,0,0,0,0,0,0.0,0.0,0.0
2020-08-15,Siskiyou,093,43540.0,1,0,1,0,0,0,0,0,1,0,1,0,0,0,2.296738631143776e-05,2.296738631143776e-05,0.0
2020-08-15,Solano,095,438530.0,1,0,1,0,0,0,0,0,1,0,1,0,0,0,2.280345700408182e-06,2.280345700408182e-06,0.0
2020-08-15,Sonoma,097,501317.0,0,0,0,0,0,0,0,0,0,0,0,0,0,0,0.0,0.0,0.0
2020-08-15,Stanislaus,099,539301.0,3,0,3,0,0,0,0,0,3,0,3,0,0,0,5.56275623445905e-06,5.56275623445905e-06,0.0
2020-08-15,Sutter,101,95872.0,0,0,0,0,0,0,0,0,0,0,0,0,0,0,0.0,0.0,0.0
2020-08-15,Tehama,103,63373.0,3,0,1,0,2,0,0,0,3,0,3,0,0,0,4.733877203225348e-05,4.733877203225348e-05,0.0
2020-08-15,Trinity,105,12862.0,1,0,0,0,1,0,0,0,1,0,1,0,0,0,7.774840615767377e-05,7.774840615767377e-05,0.0
2020-08-15,Tulare,107,460477.0,0,0,0,0,0,0,0,0,0,0,0,0,0,0,0.0,0.0,0.0
2020-08-15,Tuolumne,109,53932.0,0,0,0,0,0,0,0,0,0,0,0,0,0,0,0.0,0.0,0.0
2020-08-15,Ventura,111,848112.0,3,0,2,0,1,0,0,0,3,0,3,0,0,0,3.537268662629464e-06,3.537268662629464e-06,0.0
2020-08-15,Yolo,113,214977.0,6,0,0,0,6,0,0,0,5,0,6,0,1,0,2.3258302050917078e-05,2.790996246110049e-05,4.651660410183415e-06
2020-08-15,Yuba,115,75493.0,0,0,0,0,0,0,0,0,0,0,0,0,0,0,0.0,0.0,0.0
2020-08-14,Alameda,001,1643700.0,8,1,8,1,0,0,0,0,8,1,8,1,0,0,4.86706819979315e-06,4.86706819979315e-06,0.0
2020-08-14,Alpine,003,1148.0,0,0,0,0,0,0,0,0,0,0,0,0,0,0,0.0,0.0,0.0
2020-08-14,Amador,005,37829.0,0,0,0,0,0,0,0,0,0,0,0,0,0,0,0.0,0.0,0.0
2020-08-14,Butte,007,227075.0,1,0,1,0,0,0,0,0,1,0,1,0,0,0,4.403831333259936e-06,4.403831333259936e-06,0.0
2020-08-14,Calaveras,009,45235.0,0,0,0,0,0,0,0,0,0,0,0,0,0,0,0.0,0.0,0.0
2020-08-14,Colusa,011,21464.0,0,0,0,0,0,0,0,0,0,0,0,0,0,0,0.0,0.0,0.0
2020-08-14,Contra Costa,013,1133247.0,16,0,14,0,2,0,0,0,16,0,16,0,0,0,1.4118722573278376e-05,1.4118722573278376e-05,0.0
2020-08-14,Del Norte,015,27424.0,0,0,0,0,0,0,0,0,0,0,0,0,0,0,0.0,0.0,0.0
2020-08-14,El Dorado,017,186661.0,2,0,0,0,2,0,0,0,2,0,2,0,0,0,1.0714610979261871e-05,1.0714610979261871e-05,0.0
2020-08-14,Fresno,019,978130.0,2,0,2,0,0,0,0,0,2,0,2,0,0,0,2.044717982272295e-06,2.044717982272295e-06,0.0
2020-08-14,Glenn,021,27897.0,0,0,0,0,0,0,0,0,0,0,0,0,0,0,0.0,0.0,0.0
2020-08-14,Humboldt,023,135768.0,1,0,1,0,0,0,0,0,1,0,1,0,0,0,7.365505862942667e-06,7.365505862942667e-06,0.0
2020-08-14,Imperial,025,180216.0,0,0,0,0,0,0,0,0,0,0,0,0,0,0,0.0,0.0,0.0
2020-08-14,Inyo,027,18085.0,0,0,0,0,0,0,0,0,0,0,0,0,0,0,0.0,0.0,0.0
2020-08-14,Kern,029,883053.0,2,0,1,0,1,0,0,0,2,0,2,0,0,0,2.264869719031587e-06,2.264869719031587e-06,0.0
2020-08-14,Kings,031,150075.0,0,0,0,0,0,0,0,0,0,0,0,0,0,0,0.0,0.0,0.0
2020-08-14,Lake,033,64148.0,0,0,0,0,0,0,0,0,0,0,0,0,0,0,0.0,0.0,0.0
2020-08-14,Lassen,035,31185.0,1,0,0,0,1,0,0,0,1,0,1,0,0,0,3.20666987333654e-05,3.20666987333654e-05,0.0
2020-08-14,Los Angeles,037,10098052.0,26,2,16,0,10,2,0,0,24,2,26,2,2,0,2.376696020182903e-06,2.574754021864811e-06,1.9805800168190855e-07
2020-08-14,Madera,039,155013.0,0,0,0,0,0,0,0,0,0,0,0,0,0,0,0.0,0.0,0.0
2020-08-14,Marin,041,260295.0,0,0,0,0,0,0,0,0,0,0,0,0,0,0,0.0,0.0,0.0
2020-08-14,Mariposa,043,17540.0,0,0,0,0,0,0,0,0,0,0,0,0,0,0,0.0,0.0,0.0
2020-08-14,Mendocino,045,87422.0,1,0,0,0,1,0,0,0,1,0,1,0,0,0,1.1438768273432316e-05,1.1438768273432316e-05,0.0
2020-08-14,Merced,047,269075.0,0,0,0,0,0,0,0,0,0,0,0,0,0,0,0.0,0.0,0.0
2020-08-14,Modoc,049,8938.0,0,0,0,0,0,0,0,0,0,0,0,0,0,0,0.0,0.0,0.0
2020-08-14,Mono,051,14174.0,0,0,0,0,0,0,0,0,0,0,0,0,0,0,0.0,0.0,0.0
2020-08-14,Monterey,053,433212.0,1,0,0,0,1,0,0,0,1,0,1,0,0,0,2.308338642512211e-06,2.308338642512211e-06,0.0
2020-08-14,Napa,055,140530.0,0,0,0,0,0,0,0,0,0,0,0,0,0,0,0.0,0.0,0.0
2020-08-14,Nevada,057,99092.0,0,0,0,0,0,0,0,0,0,0,0,0,0,0,0.0,0.0,0.0
2020-08-14,Orange,059,3164182.0,15,1,12,0,3,1,0,0,15,1,15,1,0,0,4.740561699674671e-06,4.740561699674671e-06,0.0
2020-08-14,Placer,061,380077.0,1,0,0,0,1,0,0,0,1,0,1,0,0,0,2.6310458144007663e-06,2.6310458144007663e-06,0.0
2020-08-14,Plumas,063,18699.0,0,0,0,0,0,0,0,0,0,0,0,0,0,0,0.0,0.0,0.0
2020-08-14,Riverside,065,2383286.0,10,1,1,0,9,1,0,0,10,1,10,1,0,0,4.195887526717314e-06,4.195887526717314e-06,0.0
2020-08-14,Sacramento,067,1510023.0,15,0,1,0,14,0,0,0,15,0,15,0,0,0,9.933623527588653e-06,9.933623527588653e-06,0.0
2020-08-14,San Benito,069,59416.0,0,0,0,0,0,0,0,0,0,0,0,0,0,0,0.0,0.0,0.0
2020-08-14,San Bernardino,071,2135413.0,7,0,1,0,6,0,0,0,7,0,7,0,0,0,3.278054409147083e-06,3.278054409147083e-06,0.0
2020-08-14,San Diego,073,3302833.0,80,10,16,1,64,9,0,0,80,10,80,10,0,0,2.4221630339771943e-05,2.4221630339771943e-05,0.0
2020-08-14,San Francisco,075,870044.0,2,0,1,0,1,0,0,0,1,0,2,0,1,0,1.1493671584425616e-06,2.2987343168851237e-06,1.1493671584425616e-06
2020-08-14,San Joaquin,077,732212.0,2,0,1,0,1,0,0,0,2,0,2,0,0,0,2.731449361660284e-06,2.731449361660284e-06,0.0
2020-08-14,San Luis Obispo,079,281455.0,1,0,0,0,1,0,0,0,1,0,1,0,0,0,3.552965838233465e-06,3.552965838233465e-06,0.0
2020-08-14,San Mateo,081,765935.0,5,0,3,0,2,0,0,0,5,0,5,0,0,0,6.5279690835384205e-06,6.5279690835384205e-06,0.0
2020-08-14,Santa Barbara,083,443738.0,2,0,2,0,0,0,0,0,2,0,2,0,0,0,4.507164137396392e-06,4.507164137396392e-06,0.0
2020-08-14,Santa Clara,085,1922200.0,12,2,9,2,3,0,0,0,11,2,12,2,1,0,5.722609509936531e-06,6.24284673811258e-06,5.202372281760482e-07
2020-08-14,Santa Cruz,087,273765.0,1,0,0,0,1,0,0,0,1,0,1,0,0,0,3.652767884864756e-06,3.652767884864756e-06,0.0
2020-08-14,Shasta,089,179085.0,38,6,10,3,28,3,0,0,38,6,38,6,0,0,0.0002121897423011,0.0002121897423011,0.0
2020-08-14,Sierra,091,2930.0,0,0,0,0,0,0,0,0,0,0,0,0,0,0,0.0,0.0,0.0
2020-08-14,Siskiyou,093,43540.0,1,1,1,1,0,0,0,0,1,1,1,1,0,0,2.296738631143776e-05,2.296738631143776e-05,0.0
2020-08-14,Solano,095,438530.0,1,0,1,0,0,0,0,0,1,0,1,0,0,0,2.280345700408182e-06,2.280345700408182e-06,0.0
2020-08-14,Sonoma,097,501317.0,0,0,0,0,0,0,0,0,0,0,0,0,0,0,0.0,0.0,0.0
2020-08-14,Stanislaus,099,539301.0,3,0,3,0,0,0,0,0,3,0,3,0,0,0,5.56275623445905e-06,5.56275623445905e-06,0.0
2020-08-14,Sutter,101,95872.0,0,0,0,0,0,0,0,0,0,0,0,0,0,0,0.0,0.0,0.0
2020-08-14,Tehama,103,63373.0,3,0,1,0,2,0,0,0,3,0,3,0,0,0,4.733877203225348e-05,4.733877203225348e-05,0.0
2020-08-14,Trinity,105,12862.0,1,1,0,0,1,1,0,0,1,1,1,1,0,0,7.774840615767377e-05,7.774840615767377e-05,0.0
2020-08-14,Tulare,107,460477.0,0,0,0,0,0,0,0,0,0,0,0,0,0,0,0.0,0.0,0.0
2020-08-14,Tuolumne,109,53932.0,0,0,0,0,0,0,0,0,0,0,0,0,0,0,0.0,0.0,0.0
2020-08-14,Ventura,111,848112.0,3,0,2,0,1,0,0,0,3,0,3,0,0,0,3.537268662629464e-06,3.537268662629464e-06,0.0
2020-08-14,Yolo,113,214977.0,6,0,0,0,6,0,0,0,5,0,6,0,1,0,2.3258302050917078e-05,2.790996246110049e-05,4.651660410183415e-06
2020-08-14,Yuba,115,75493.0,0,0,0,0,0,0,0,0,0,0,0,0,0,0,0.0,0.0,0.0
2020-08-13,Alameda,001,1643700.0,7,2,7,2,0,0,0,0,7,2,7,2,0,0,4.258684674819006e-06,4.258684674819006e-06,0.0
2020-08-13,Alpine,003,1148.0,0,0,0,0,0,0,0,0,0,0,0,0,0,0,0.0,0.0,0.0
2020-08-13,Amador,005,37829.0,0,0,0,0,0,0,0,0,0,0,0,0,0,0,0.0,0.0,0.0
2020-08-13,Butte,007,227075.0,1,0,1,0,0,0,0,0,1,0,1,0,0,0,4.403831333259936e-06,4.403831333259936e-06,0.0
2020-08-13,Calaveras,009,45235.0,0,0,0,0,0,0,0,0,0,0,0,0,0,0,0.0,0.0,0.0
2020-08-13,Colusa,011,21464.0,0,0,0,0,0,0,0,0,0,0,0,0,0,0,0.0,0.0,0.0
2020-08-13,Contra Costa,013,1133247.0,16,3,14,3,2,0,0,0,16,3,16,3,0,0,1.4118722573278376e-05,1.4118722573278376e-05,0.0
2020-08-13,Del Norte,015,27424.0,0,0,0,0,0,0,0,0,0,0,0,0,0,0,0.0,0.0,0.0
2020-08-13,El Dorado,017,186661.0,2,0,0,0,2,0,0,0,2,0,2,0,0,0,1.0714610979261871e-05,1.0714610979261871e-05,0.0
2020-08-13,Fresno,019,978130.0,2,0,2,0,0,0,0,0,2,0,2,0,0,0,2.044717982272295e-06,2.044717982272295e-06,0.0
2020-08-13,Glenn,021,27897.0,0,0,0,0,0,0,0,0,0,0,0,0,0,0,0.0,0.0,0.0
2020-08-13,Humboldt,023,135768.0,1,0,1,0,0,0,0,0,1,0,1,0,0,0,7.365505862942667e-06,7.365505862942667e-06,0.0
2020-08-13,Imperial,025,180216.0,0,0,0,0,0,0,0,0,0,0,0,0,0,0,0.0,0.0,0.0
2020-08-13,Inyo,027,18085.0,0,0,0,0,0,0,0,0,0,0,0,0,0,0,0.0,0.0,0.0
2020-08-13,Kern,029,883053.0,2,0,1,0,1,0,0,0,2,0,2,0,0,0,2.264869719031587e-06,2.264869719031587e-06,0.0
2020-08-13,Kings,031,150075.0,0,0,0,0,0,0,0,0,0,0,0,0,0,0,0.0,0.0,0.0
2020-08-13,Lake,033,64148.0,0,0,0,0,0,0,0,0,0,0,0,0,0,0,0.0,0.0,0.0
2020-08-13,Lassen,035,31185.0,1,0,0,0,1,0,0,0,1,0,1,0,0,0,3.20666987333654e-05,3.20666987333654e-05,0.0
2020-08-13,Los Angeles,037,10098052.0,24,1,16,0,8,1,0,0,22,1,24,1,2,0,2.178638018500994e-06,2.376696020182903e-06,1.9805800168190855e-07
2020-08-13,Madera,039,155013.0,0,0,0,0,0,0,0,0,0,0,0,0,0,0,0.0,0.0,0.0
2020-08-13,Marin,041,260295.0,0,0,0,0,0,0,0,0,0,0,0,0,0,0,0.0,0.0,0.0
2020-08-13,Mariposa,043,17540.0,0,0,0,0,0,0,0,0,0,0,0,0,0,0,0.0,0.0,0.0
2020-08-13,Mendocino,045,87422.0,1,0,0,0,1,0,0,0,1,0,1,0,0,0,1.1438768273432316e-05,1.1438768273432316e-05,0.0
2020-08-13,Merced,047,269075.0,0,0,0,0,0,0,0,0,0,0,0,0,0,0,0.0,0.0,0.0
2020-08-13,Modoc,049,8938.0,0,0,0,0,0,0,0,0,0,0,0,0,0,0,0.0,0.0,0.0
2020-08-13,Mono,051,14174.0,0,0,0,0,0,0,0,0,0,0,0,0,0,0,0.0,0.0,0.0
2020-08-13,Monterey,053,433212.0,1,0,0,0,1,0,0,0,1,0,1,0,0,0,2.308338642512211e-06,2.308338642512211e-06,0.0
2020-08-13,Napa,055,140530.0,0,0,0,0,0,0,0,0,0,0,0,0,0,0,0.0,0.0,0.0
2020-08-13,Nevada,057,99092.0,0,0,0,0,0,0,0,0,0,0,0,0,0,0,0.0,0.0,0.0
2020-08-13,Orange,059,3164182.0,14,4,12,3,2,1,0,0,14,4,14,4,0,0,4.424524253029693e-06,4.424524253029693e-06,0.0
2020-08-13,Placer,061,380077.0,1,0,0,0,1,0,0,0,1,0,1,0,0,0,2.6310458144007663e-06,2.6310458144007663e-06,0.0
2020-08-13,Plumas,063,18699.0,0,0,0,0,0,0,0,0,0,0,0,0,0,0,0.0,0.0,0.0
2020-08-13,Riverside,065,2383286.0,9,0,1,0,8,0,0,0,9,0,9,0,0,0,3.7762987740455824e-06,3.7762987740455824e-06,0.0
2020-08-13,Sacramento,067,1510023.0,15,1,1,0,14,1,0,0,15,1,15,1,0,0,9.933623527588653e-06,9.933623527588653e-06,0.0
2020-08-13,San Benito,069,59416.0,0,0,0,0,0,0,0,0,0,0,0,0,0,0,0.0,0.0,0.0
2020-08-13,San Bernardino,071,2135413.0,7,2,1,0,6,2,0,0,7,2,7,2,0,0,3.278054409147083e-06,3.278054409147083e-06,0.0
2020-08-13,San Diego,073,3302833.0,70,11,15,3,55,8,0,0,70,11,70,11,0,0,2.119392654730045e-05,2.119392654730045e-05,0.0
2020-08-13,San Francisco,075,870044.0,2,0,1,0,1,0,0,0,1,0,2,0,1,0,1.1493671584425616e-06,2.2987343168851237e-06,1.1493671584425616e-06
2020-08-13,San Joaquin,077,732212.0,2,0,1,0,1,0,0,0,2,0,2,0,0,0,2.731449361660284e-06,2.731449361660284e-06,0.0
2020-08-13,San Luis Obispo,079,281455.0,1,0,0,0,1,0,0,0,1,0,1,0,0,0,3.552965838233465e-06,3.552965838233465e-06,0.0
2020-08-13,San Mateo,081,765935.0,5,0,3,0,2,0,0,0,5,0,5,0,0,0,6.5279690835384205e-06,6.5279690835384205e-06,0.0
2020-08-13,Santa Barbara,083,443738.0,2,0,2,0,0,0,0,0,2,0,2,0,0,0,4.507164137396392e-06,4.507164137396392e-06,0.0
2020-08-13,Santa Clara,085,1922200.0,10,1,7,1,3,0,0,0,9,1,10,1,1,0,4.6821350535844345e-06,5.202372281760482e-06,5.202372281760482e-07
2020-08-13,Santa Cruz,087,273765.0,1,0,0,0,1,0,0,0,1,0,1,0,0,0,3.652767884864756e-06,3.652767884864756e-06,0.0
2020-08-13,Shasta,089,179085.0,32,7,7,3,25,4,0,0,32,7,32,7,0,0,0.0001786860987799,0.0001786860987799,0.0
2020-08-13,Sierra,091,2930.0,0,0,0,0,0,0,0,0,0,0,0,0,0,0,0.0,0.0,0.0
2020-08-13,Siskiyou,093,43540.0,0,0,0,0,0,0,0,0,0,0,0,0,0,0,0.0,0.0,0.0
2020-08-13,Solano,095,438530.0,1,0,1,0,0,0,0,0,1,0,1,0,0,0,2.280345700408182e-06,2.280345700408182e-06,0.0
2020-08-13,Sonoma,097,501317.0,0,0,0,0,0,0,0,0,0,0,0,0,0,0,0.0,0.0,0.0
2020-08-13,Stanislaus,099,539301.0,3,0,3,0,0,0,0,0,3,0,3,0,0,0,5.56275623445905e-06,5.56275623445905e-06,0.0
2020-08-13,Sutter,101,95872.0,0,0,0,0,0,0,0,0,0,0,0,0,0,0,0.0,0.0,0.0
2020-08-13,Tehama,103,63373.0,3,1,1,1,2,0,0,0,3,1,3,1,0,0,4.733877203225348e-05,4.733877203225348e-05,0.0
2020-08-13,Trinity,105,12862.0,0,0,0,0,0,0,0,0,0,0,0,0,0,0,0.0,0.0,0.0
2020-08-13,Tulare,107,460477.0,0,0,0,0,0,0,0,0,0,0,0,0,0,0,0.0,0.0,0.0
2020-08-13,Tuolumne,109,53932.0,0,0,0,0,0,0,0,0,0,0,0,0,0,0,0.0,0.0,0.0
2020-08-13,Ventura,111,848112.0,3,0,2,0,1,0,0,0,3,0,3,0,0,0,3.537268662629464e-06,3.537268662629464e-06,0.0
2020-08-13,Yolo,113,214977.0,6,0,0,0,6,0,0,0,5,0,6,0,1,0,2.3258302050917078e-05,2.790996246110049e-05,4.651660410183415e-06
2020-08-13,Yuba,115,75493.0,0,0,0,0,0,0,0,0,0,0,0,0,0,0,0.0,0.0,0.0
2020-08-12,Alameda,001,1643700.0,5,1,5,1,0,0,0,0,5,1,5,1,0,0,3.0419176248707186e-06,3.0419176248707186e-06,0.0
2020-08-12,Alpine,003,1148.0,0,0,0,0,0,0,0,0,0,0,0,0,0,0,0.0,0.0,0.0
2020-08-12,Amador,005,37829.0,0,0,0,0,0,0,0,0,0,0,0,0,0,0,0.0,0.0,0.0
2020-08-12,Butte,007,227075.0,1,0,1,0,0,0,0,0,1,0,1,0,0,0,4.403831333259936e-06,4.403831333259936e-06,0.0
2020-08-12,Calaveras,009,45235.0,0,0,0,0,0,0,0,0,0,0,0,0,0,0,0.0,0.0,0.0
2020-08-12,Colusa,011,21464.0,0,0,0,0,0,0,0,0,0,0,0,0,0,0,0.0,0.0,0.0
2020-08-12,Contra Costa,013,1133247.0,13,2,11,1,2,1,0,0,13,2,13,2,0,0,1.147146209078868e-05,1.147146209078868e-05,0.0
2020-08-12,Del Norte,015,27424.0,0,0,0,0,0,0,0,0,0,0,0,0,0,0,0.0,0.0,0.0
2020-08-12,El Dorado,017,186661.0,2,0,0,0,2,0,0,0,2,0,2,0,0,0,1.0714610979261871e-05,1.0714610979261871e-05,0.0
2020-08-12,Fresno,019,978130.0,2,0,2,0,0,0,0,0,2,0,2,0,0,0,2.044717982272295e-06,2.044717982272295e-06,0.0
2020-08-12,Glenn,021,27897.0,0,0,0,0,0,0,0,0,0,0,0,0,0,0,0.0,0.0,0.0
2020-08-12,Humboldt,023,135768.0,1,0,1,0,0,0,0,0,1,0,1,0,0,0,7.365505862942667e-06,7.365505862942667e-06,0.0
2020-08-12,Imperial,025,180216.0,0,0,0,0,0,0,0,0,0,0,0,0,0,0,0.0,0.0,0.0
2020-08-12,Inyo,027,18085.0,0,0,0,0,0,0,0,0,0,0,0,0,0,0,0.0,0.0,0.0
2020-08-12,Kern,029,883053.0,2,0,1,0,1,0,0,0,2,0,2,0,0,0,2.264869719031587e-06,2.264869719031587e-06,0.0
2020-08-12,Kings,031,150075.0,0,0,0,0,0,0,0,0,0,0,0,0,0,0,0.0,0.0,0.0
2020-08-12,Lake,033,64148.0,0,0,0,0,0,0,0,0,0,0,0,0,0,0,0.0,0.0,0.0
2020-08-12,Lassen,035,31185.0,1,0,0,0,1,0,0,0,1,0,1,0,0,0,3.20666987333654e-05,3.20666987333654e-05,0.0
2020-08-12,Los Angeles,037,10098052.0,23,2,16,1,7,1,0,0,21,2,23,2,2,0,2.07960901766004e-06,2.277667019341948e-06,1.9805800168190855e-07
2020-08-12,Madera,039,155013.0,0,0,0,0,0,0,0,0,0,0,0,0,0,0,0.0,0.0,0.0
2020-08-12,Marin,041,260295.0,0,0,0,0,0,0,0,0,0,0,0,0,0,0,0.0,0.0,0.0
2020-08-12,Mariposa,043,17540.0,0,0,0,0,0,0,0,0,0,0,0,0,0,0,0.0,0.0,0.0
2020-08-12,Mendocino,045,87422.0,1,0,0,0,1,0,0,0,1,0,1,0,0,0,1.1438768273432316e-05,1.1438768273432316e-05,0.0
2020-08-12,Merced,047,269075.0,0,0,0,0,0,0,0,0,0,0,0,0,0,0,0.0,0.0,0.0
2020-08-12,Modoc,049,8938.0,0,0,0,0,0,0,0,0,0,0,0,0,0,0,0.0,0.0,0.0
2020-08-12,Mono,051,14174.0,0,0,0,0,0,0,0,0,0,0,0,0,0,0,0.0,0.0,0.0
2020-08-12,Monterey,053,433212.0,1,0,0,0,1,0,0,0,1,0,1,0,0,0,2.308338642512211e-06,2.308338642512211e-06,0.0
2020-08-12,Napa,055,140530.0,0,0,0,0,0,0,0,0,0,0,0,0,0,0,0.0,0.0,0.0
2020-08-12,Nevada,057,99092.0,0,0,0,0,0,0,0,0,0,0,0,0,0,0,0.0,0.0,0.0
2020-08-12,Orange,059,3164182.0,10,1,9,1,1,0,0,0,10,1,10,1,0,0,3.1603744664497806e-06,3.1603744664497806e-06,0.0
2020-08-12,Placer,061,380077.0,1,0,0,0,1,0,0,0,1,0,1,0,0,0,2.6310458144007663e-06,2.6310458144007663e-06,0.0
2020-08-12,Plumas,063,18699.0,0,0,0,0,0,0,0,0,0,0,0,0,0,0,0.0,0.0,0.0
2020-08-12,Riverside,065,2383286.0,9,1,1,0,8,1,0,0,9,1,9,1,0,0,3.7762987740455824e-06,3.7762987740455824e-06,0.0
2020-08-12,Sacramento,067,1510023.0,14,1,1,0,13,1,0,0,14,1,14,1,0,0,9.271381959082742e-06,9.271381959082742e-06,0.0
2020-08-12,San Benito,069,59416.0,0,0,0,0,0,0,0,0,0,0,0,0,0,0,0.0,0.0,0.0
2020-08-12,San Bernardino,071,2135413.0,5,0,1,0,4,0,0,0,5,0,5,0,0,0,2.3414674351050597e-06,2.3414674351050597e-06,0.0
2020-08-12,San Diego,073,3302833.0,59,12,12,8,47,4,0,0,59,12,59,12,0,0,1.786345237558181e-05,1.786345237558181e-05,0.0
2020-08-12,San Francisco,075,870044.0,2,1,1,1,1,0,0,0,1,1,2,1,1,0,1.1493671584425616e-06,2.2987343168851237e-06,1.1493671584425616e-06
2020-08-12,San Joaquin,077,732212.0,2,0,1,0,1,0,0,0,2,0,2,0,0,0,2.731449361660284e-06,2.731449361660284e-06,0.0
2020-08-12,San Luis Obispo,079,281455.0,1,1,0,0,1,1,0,0,1,1,1,1,0,0,3.552965838233465e-06,3.552965838233465e-06,0.0
2020-08-12,San Mateo,081,765935.0,5,1,3,0,2,1,0,0,5,1,5,1,0,0,6.5279690835384205e-06,6.5279690835384205e-06,0.0
2020-08-12,Santa Barbara,083,443738.0,2,0,2,0,0,0,0,0,2,0,2,0,0,0,4.507164137396392e-06,4.507164137396392e-06,0.0
2020-08-12,Santa Clara,085,1922200.0,9,1,6,1,3,0,0,0,8,1,9,1,1,0,4.161897825408386e-06,4.6821350535844345e-06,5.202372281760482e-07
2020-08-12,Santa Cruz,087,273765.0,1,0,0,0,1,0,0,0,1,0,1,0,0,0,3.652767884864756e-06,3.652767884864756e-06,0.0
2020-08-12,Shasta,089,179085.0,25,4,4,4,21,0,0,0,25,4,25,4,0,0,0.0001395985146718,0.0001395985146718,0.0
2020-08-12,Sierra,091,2930.0,0,0,0,0,0,0,0,0,0,0,0,0,0,0,0.0,0.0,0.0
2020-08-12,Siskiyou,093,43540.0,0,0,0,0,0,0,0,0,0,0,0,0,0,0,0.0,0.0,0.0
2020-08-12,Solano,095,438530.0,1,1,1,1,0,0,0,0,1,1,1,1,0,0,2.280345700408182e-06,2.280345700408182e-06,0.0
2020-08-12,Sonoma,097,501317.0,0,0,0,0,0,0,0,0,0,0,0,0,0,0,0.0,0.0,0.0
2020-08-12,Stanislaus,099,539301.0,3,0,3,0,0,0,0,0,3,0,3,0,0,0,5.56275623445905e-06,5.56275623445905e-06,0.0
2020-08-12,Sutter,101,95872.0,0,0,0,0,0,0,0,0,0,0,0,0,0,0,0.0,0.0,0.0
2020-08-12,Tehama,103,63373.0,2,1,0,0,2,1,0,0,2,1,2,1,0,0,3.1559181354835657e-05,3.1559181354835657e-05,0.0
2020-08-12,Trinity,105,12862.0,0,0,0,0,0,0,0,0,0,0,0,0,0,0,0.0,0.0,0.0
2020-08-12,Tulare,107,460477.0,0,0,0,0,0,0,0,0,0,0,0,0,0,0,0.0,0.0,0.0
2020-08-12,Tuolumne,109,53932.0,0,0,0,0,0,0,0,0,0,0,0,0,0,0,0.0,0.0,0.0
2020-08-12,Ventura,111,848112.0,3,0,2,0,1,0,0,0,3,0,3,0,0,0,3.537268662629464e-06,3.537268662629464e-06,0.0
2020-08-12,Yolo,113,214977.0,6,0,0,0,6,0,0,0,5,0,6,0,1,0,2.3258302050917078e-05,2.790996246110049e-05,4.651660410183415e-06
2020-08-12,Yuba,115,75493.0,0,0,0,0,0,0,0,0,0,0,0,0,0,0,0.0,0.0,0.0
2020-08-11,Alameda,001,1643700.0,4,0,4,0,0,0,0,0,4,0,4,0,0,0,2.433534099896575e-06,2.433534099896575e-06,0.0
2020-08-11,Alpine,003,1148.0,0,0,0,0,0,0,0,0,0,0,0,0,0,0,0.0,0.0,0.0
2020-08-11,Amador,005,37829.0,0,0,0,0,0,0,0,0,0,0,0,0,0,0,0.0,0.0,0.0
2020-08-11,Butte,007,227075.0,1,0,1,0,0,0,0,0,1,0,1,0,0,0,4.403831333259936e-06,4.403831333259936e-06,0.0
2020-08-11,Calaveras,009,45235.0,0,0,0,0,0,0,0,0,0,0,0,0,0,0,0.0,0.0,0.0
2020-08-11,Colusa,011,21464.0,0,0,0,0,0,0,0,0,0,0,0,0,0,0,0.0,0.0,0.0
2020-08-11,Contra Costa,013,1133247.0,11,4,10,4,1,0,0,0,11,4,11,4,0,0,9.706621769128885e-06,9.706621769128885e-06,0.0
2020-08-11,Del Norte,015,27424.0,0,0,0,0,0,0,0,0,0,0,0,0,0,0,0.0,0.0,0.0
2020-08-11,El Dorado,017,186661.0,2,0,0,0,2,0,0,0,2,0,2,0,0,0,1.0714610979261871e-05,1.0714610979261871e-05,0.0
2020-08-11,Fresno,019,978130.0,2,0,2,0,0,0,0,0,2,0,2,0,0,0,2.044717982272295e-06,2.044717982272295e-06,0.0
2020-08-11,Glenn,021,27897.0,0,0,0,0,0,0,0,0,0,0,0,0,0,0,0.0,0.0,0.0
2020-08-11,Humboldt,023,135768.0,1,0,1,0,0,0,0,0,1,0,1,0,0,0,7.365505862942667e-06,7.365505862942667e-06,0.0
2020-08-11,Imperial,025,180216.0,0,0,0,0,0,0,0,0,0,0,0,0,0,0,0.0,0.0,0.0
2020-08-11,Inyo,027,18085.0,0,0,0,0,0,0,0,0,0,0,0,0,0,0,0.0,0.0,0.0
2020-08-11,Kern,029,883053.0,2,0,1,0,1,0,0,0,2,0,2,0,0,0,2.264869719031587e-06,2.264869719031587e-06,0.0
2020-08-11,Kings,031,150075.0,0,0,0,0,0,0,0,0,0,0,0,0,0,0,0.0,0.0,0.0
2020-08-11,Lake,033,64148.0,0,0,0,0,0,0,0,0,0,0,0,0,0,0,0.0,0.0,0.0
2020-08-11,Lassen,035,31185.0,1,0,0,0,1,0,0,0,1,0,1,0,0,0,3.20666987333654e-05,3.20666987333654e-05,0.0
2020-08-11,Los Angeles,037,10098052.0,21,1,15,1,6,0,0,0,19,1,21,1,2,0,1.8815510159781312e-06,2.07960901766004e-06,1.9805800168190855e-07
2020-08-11,Madera,039,155013.0,0,0,0,0,0,0,0,0,0,0,0,0,0,0,0.0,0.0,0.0
2020-08-11,Marin,041,260295.0,0,0,0,0,0,0,0,0,0,0,0,0,0,0,0.0,0.0,0.0
2020-08-11,Mariposa,043,17540.0,0,0,0,0,0,0,0,0,0,0,0,0,0,0,0.0,0.0,0.0
2020-08-11,Mendocino,045,87422.0,1,0,0,0,1,0,0,0,1,0,1,0,0,0,1.1438768273432316e-05,1.1438768273432316e-05,0.0
2020-08-11,Merced,047,269075.0,0,0,0,0,0,0,0,0,0,0,0,0,0,0,0.0,0.0,0.0
2020-08-11,Modoc,049,8938.0,0,0,0,0,0,0,0,0,0,0,0,0,0,0,0.0,0.0,0.0
2020-08-11,Mono,051,14174.0,0,0,0,0,0,0,0,0,0,0,0,0,0,0,0.0,0.0,0.0
2020-08-11,Monterey,053,433212.0,1,0,0,0,1,0,0,0,1,0,1,0,0,0,2.308338642512211e-06,2.308338642512211e-06,0.0
2020-08-11,Napa,055,140530.0,0,0,0,0,0,0,0,0,0,0,0,0,0,0,0.0,0.0,0.0
2020-08-11,Nevada,057,99092.0,0,0,0,0,0,0,0,0,0,0,0,0,0,0,0.0,0.0,0.0
2020-08-11,Orange,059,3164182.0,9,0,8,0,1,0,0,0,9,0,9,0,0,0,2.8443370198048026e-06,2.8443370198048026e-06,0.0
2020-08-11,Placer,061,380077.0,1,0,0,0,1,0,0,0,1,0,1,0,0,0,2.6310458144007663e-06,2.6310458144007663e-06,0.0
2020-08-11,Plumas,063,18699.0,0,0,0,0,0,0,0,0,0,0,0,0,0,0,0.0,0.0,0.0
2020-08-11,Riverside,065,2383286.0,8,0,1,0,7,0,0,0,8,0,8,0,0,0,3.356710021373851e-06,3.356710021373851e-06,0.0
2020-08-11,Sacramento,067,1510023.0,13,2,1,0,12,2,0,0,13,2,13,2,0,0,8.609140390576832e-06,8.609140390576832e-06,0.0
2020-08-11,San Benito,069,59416.0,0,0,0,0,0,0,0,0,0,0,0,0,0,0,0.0,0.0,0.0
2020-08-11,San Bernardino,071,2135413.0,5,2,1,1,4,1,0,0,5,2,5,2,0,0,2.3414674351050597e-06,2.3414674351050597e-06,0.0
2020-08-11,San Diego,073,3302833.0,47,7,4,1,43,6,0,0,47,7,47,7,0,0,1.423020782461602e-05,1.423020782461602e-05,0.0
2020-08-11,San Francisco,075,870044.0,1,0,0,0,1,0,0,0,0,0,1,0,1,0,0.0,1.1493671584425616e-06,1.1493671584425616e-06
2020-08-11,San Joaquin,077,732212.0,2,0,1,0,1,0,0,0,2,0,2,0,0,0,2.731449361660284e-06,2.731449361660284e-06,0.0
2020-08-11,San Luis Obispo,079,281455.0,0,0,0,0,0,0,0,0,0,0,0,0,0,0,0.0,0.0,0.0
2020-08-11,San Mateo,081,765935.0,4,2,3,2,1,0,0,0,4,2,4,2,0,0,5.222375266830736e-06,5.222375266830736e-06,0.0
2020-08-11,Santa Barbara,083,443738.0,2,0,2,0,0,0,0,0,2,0,2,0,0,0,4.507164137396392e-06,4.507164137396392e-06,0.0
2020-08-11,Santa Clara,085,1922200.0,8,2,5,2,3,0,0,0,7,2,8,2,1,0,3.641660597232338e-06,4.161897825408386e-06,5.202372281760482e-07
2020-08-11,Santa Cruz,087,273765.0,1,0,0,0,1,0,0,0,1,0,1,0,0,0,3.652767884864756e-06,3.652767884864756e-06,0.0
2020-08-11,Shasta,089,179085.0,21,6,0,0,21,6,0,0,21,6,21,6,0,0,0.0001172627523243,0.0001172627523243,0.0
2020-08-11,Sierra,091,2930.0,0,0,0,0,0,0,0,0,0,0,0,0,0,0,0.0,0.0,0.0
2020-08-11,Siskiyou,093,43540.0,0,0,0,0,0,0,0,0,0,0,0,0,0,0,0.0,0.0,0.0
2020-08-11,Solano,095,438530.0,0,0,0,0,0,0,0,0,0,0,0,0,0,0,0.0,0.0,0.0
2020-08-11,Sonoma,097,501317.0,0,0,0,0,0,0,0,0,0,0,0,0,0,0,0.0,0.0,0.0
2020-08-11,Stanislaus,099,539301.0,3,0,3,0,0,0,0,0,3,0,3,0,0,0,5.56275623445905e-06,5.56275623445905e-06,0.0
2020-08-11,Sutter,101,95872.0,0,0,0,0,0,0,0,0,0,0,0,0,0,0,0.0,0.0,0.0
2020-08-11,Tehama,103,63373.0,1,0,0,0,1,0,0,0,1,0,1,0,0,0,1.5779590677417828e-05,1.5779590677417828e-05,0.0
2020-08-11,Trinity,105,12862.0,0,0,0,0,0,0,0,0,0,0,0,0,0,0,0.0,0.0,0.0
2020-08-11,Tulare,107,460477.0,0,0,0,0,0,0,0,0,0,0,0,0,0,0,0.0,0.0,0.0
2020-08-11,Tuolumne,109,53932.0,0,0,0,0,0,0,0,0,0,0,0,0,0,0,0.0,0.0,0.0
2020-08-11,Ventura,111,848112.0,3,0,2,0,1,0,0,0,3,0,3,0,0,0,3.537268662629464e-06,3.537268662629464e-06,0.0
2020-08-11,Yolo,113,214977.0,6,0,0,0,6,0,0,0,5,0,6,0,1,0,2.3258302050917078e-05,2.790996246110049e-05,4.651660410183415e-06
2020-08-11,Yuba,115,75493.0,0,0,0,0,0,0,0,0,0,0,0,0,0,0,0.0,0.0,0.0
2020-08-10,Alameda,001,1643700.0,4,4,4,4,0,0,0,0,4,4,4,4,0,0,2.433534099896575e-06,2.433534099896575e-06,0.0
2020-08-10,Alpine,003,1148.0,0,0,0,0,0,0,0,0,0,0,0,0,0,0,0.0,0.0,0.0
2020-08-10,Amador,005,37829.0,0,0,0,0,0,0,0,0,0,0,0,0,0,0,0.0,0.0,0.0
2020-08-10,Butte,007,227075.0,1,0,1,0,0,0,0,0,1,0,1,0,0,0,4.403831333259936e-06,4.403831333259936e-06,0.0
2020-08-10,Calaveras,009,45235.0,0,0,0,0,0,0,0,0,0,0,0,0,0,0,0.0,0.0,0.0
2020-08-10,Colusa,011,21464.0,0,0,0,0,0,0,0,0,0,0,0,0,0,0,0.0,0.0,0.0
2020-08-10,Contra Costa,013,1133247.0,7,3,6,3,1,0,0,0,7,3,7,3,0,0,6.176941125809289e-06,6.176941125809289e-06,0.0
2020-08-10,Del Norte,015,27424.0,0,0,0,0,0,0,0,0,0,0,0,0,0,0,0.0,0.0,0.0
2020-08-10,El Dorado,017,186661.0,2,0,0,0,2,0,0,0,2,0,2,0,0,0,1.0714610979261871e-05,1.0714610979261871e-05,0.0
2020-08-10,Fresno,019,978130.0,2,0,2,0,0,0,0,0,2,0,2,0,0,0,2.044717982272295e-06,2.044717982272295e-06,0.0
2020-08-10,Glenn,021,27897.0,0,0,0,0,0,0,0,0,0,0,0,0,0,0,0.0,0.0,0.0
2020-08-10,Humboldt,023,135768.0,1,0,1,0,0,0,0,0,1,0,1,0,0,0,7.365505862942667e-06,7.365505862942667e-06,0.0
2020-08-10,Imperial,025,180216.0,0,0,0,0,0,0,0,0,0,0,0,0,0,0,0.0,0.0,0.0
2020-08-10,Inyo,027,18085.0,0,0,0,0,0,0,0,0,0,0,0,0,0,0,0.0,0.0,0.0
2020-08-10,Kern,029,883053.0,2,0,1,0,1,0,0,0,2,0,2,0,0,0,2.264869719031587e-06,2.264869719031587e-06,0.0
2020-08-10,Kings,031,150075.0,0,0,0,0,0,0,0,0,0,0,0,0,0,0,0.0,0.0,0.0
2020-08-10,Lake,033,64148.0,0,0,0,0,0,0,0,0,0,0,0,0,0,0,0.0,0.0,0.0
2020-08-10,Lassen,035,31185.0,1,0,0,0,1,0,0,0,1,0,1,0,0,0,3.20666987333654e-05,3.20666987333654e-05,0.0
2020-08-10,Los Angeles,037,10098052.0,20,4,14,4,6,0,0,0,18,4,20,4,2,0,1.782522015137177e-06,1.9805800168190856e-06,1.9805800168190855e-07
2020-08-10,Madera,039,155013.0,0,0,0,0,0,0,0,0,0,0,0,0,0,0,0.0,0.0,0.0
2020-08-10,Marin,041,260295.0,0,0,0,0,0,0,0,0,0,0,0,0,0,0,0.0,0.0,0.0
2020-08-10,Mariposa,043,17540.0,0,0,0,0,0,0,0,0,0,0,0,0,0,0,0.0,0.0,0.0
2020-08-10,Mendocino,045,87422.0,1,1,0,0,1,1,0,0,1,1,1,1,0,0,1.1438768273432316e-05,1.1438768273432316e-05,0.0
2020-08-10,Merced,047,269075.0,0,0,0,0,0,0,0,0,0,0,0,0,0,0,0.0,0.0,0.0
2020-08-10,Modoc,049,8938.0,0,0,0,0,0,0,0,0,0,0,0,0,0,0,0.0,0.0,0.0
2020-08-10,Mono,051,14174.0,0,0,0,0,0,0,0,0,0,0,0,0,0,0,0.0,0.0,0.0
2020-08-10,Monterey,053,433212.0,1,0,0,0,1,0,0,0,1,0,1,0,0,0,2.308338642512211e-06,2.308338642512211e-06,0.0
2020-08-10,Napa,055,140530.0,0,0,0,0,0,0,0,0,0,0,0,0,0,0,0.0,0.0,0.0
2020-08-10,Nevada,057,99092.0,0,0,0,0,0,0,0,0,0,0,0,0,0,0,0.0,0.0,0.0
2020-08-10,Orange,059,3164182.0,9,1,8,1,1,0,0,0,9,1,9,1,0,0,2.8443370198048026e-06,2.8443370198048026e-06,0.0
2020-08-10,Placer,061,380077.0,1,0,0,0,1,0,0,0,1,0,1,0,0,0,2.6310458144007663e-06,2.6310458144007663e-06,0.0
2020-08-10,Plumas,063,18699.0,0,0,0,0,0,0,0,0,0,0,0,0,0,0,0.0,0.0,0.0
2020-08-10,Riverside,065,2383286.0,8,0,1,0,7,0,0,0,8,0,8,0,0,0,3.356710021373851e-06,3.356710021373851e-06,0.0
2020-08-10,Sacramento,067,1510023.0,11,0,1,0,10,0,0,0,11,0,11,0,0,0,7.284657253565012e-06,7.284657253565012e-06,0.0
2020-08-10,San Benito,069,59416.0,0,0,0,0,0,0,0,0,0,0,0,0,0,0,0.0,0.0,0.0
2020-08-10,San Bernardino,071,2135413.0,3,0,0,0,3,0,0,0,3,0,3,0,0,0,1.4048804610630356e-06,1.4048804610630356e-06,0.0
2020-08-10,San Diego,073,3302833.0,40,5,3,1,37,4,0,0,40,5,40,5,0,0,1.2110815169885971e-05,1.2110815169885971e-05,0.0
2020-08-10,San Francisco,075,870044.0,1,0,0,0,1,0,0,0,0,0,1,0,1,0,0.0,1.1493671584425616e-06,1.1493671584425616e-06
2020-08-10,San Joaquin,077,732212.0,2,0,1,0,1,0,0,0,2,0,2,0,0,0,2.731449361660284e-06,2.731449361660284e-06,0.0
2020-08-10,San Luis Obispo,079,281455.0,0,0,0,0,0,0,0,0,0,0,0,0,0,0,0.0,0.0,0.0
2020-08-10,San Mateo,081,765935.0,2,0,1,0,1,0,0,0,2,0,2,0,0,0,2.611187633415368e-06,2.611187633415368e-06,0.0
2020-08-10,Santa Barbara,083,443738.0,2,0,2,0,0,0,0,0,2,0,2,0,0,0,4.507164137396392e-06,4.507164137396392e-06,0.0
2020-08-10,Santa Clara,085,1922200.0,6,3,3,2,3,1,0,0,5,3,6,3,1,0,2.601186140880241e-06,3.12142336905629e-06,5.202372281760482e-07
2020-08-10,Santa Cruz,087,273765.0,1,0,0,0,1,0,0,0,1,0,1,0,0,0,3.652767884864756e-06,3.652767884864756e-06,0.0
2020-08-10,Shasta,089,179085.0,15,6,0,0,15,6,0,0,15,6,15,6,0,0,8.375910880308233e-05,8.375910880308233e-05,0.0
2020-08-10,Sierra,091,2930.0,0,0,0,0,0,0,0,0,0,0,0,0,0,0,0.0,0.0,0.0
2020-08-10,Siskiyou,093,43540.0,0,0,0,0,0,0,0,0,0,0,0,0,0,0,0.0,0.0,0.0
2020-08-10,Solano,095,438530.0,0,0,0,0,0,0,0,0,0,0,0,0,0,0,0.0,0.0,0.0
2020-08-10,Sonoma,097,501317.0,0,0,0,0,0,0,0,0,0,0,0,0,0,0,0.0,0.0,0.0
2020-08-10,Stanislaus,099,539301.0,3,0,3,0,0,0,0,0,3,0,3,0,0,0,5.56275623445905e-06,5.56275623445905e-06,0.0
2020-08-10,Sutter,101,95872.0,0,0,0,0,0,0,0,0,0,0,0,0,0,0,0.0,0.0,0.0
2020-08-10,Tehama,103,63373.0,1,0,0,0,1,0,0,0,1,0,1,0,0,0,1.5779590677417828e-05,1.5779590677417828e-05,0.0
2020-08-10,Trinity,105,12862.0,0,0,0,0,0,0,0,0,0,0,0,0,0,0,0.0,0.0,0.0
2020-08-10,Tulare,107,460477.0,0,0,0,0,0,0,0,0,0,0,0,0,0,0,0.0,0.0,0.0
2020-08-10,Tuolumne,109,53932.0,0,0,0,0,0,0,0,0,0,0,0,0,0,0,0.0,0.0,0.0
2020-08-10,Ventura,111,848112.0,3,0,2,0,1,0,0,0,3,0,3,0,0,0,3.537268662629464e-06,3.537268662629464e-06,0.0
2020-08-10,Yolo,113,214977.0,6,0,0,0,6,0,0,0,5,0,6,0,1,0,2.3258302050917078e-05,2.790996246110049e-05,4.651660410183415e-06
2020-08-10,Yuba,115,75493.0,0,0,0,0,0,0,0,0,0,0,0,0,0,0,0.0,0.0,0.0
2020-08-09,Alameda,001,1643700.0,0,0,0,0,0,0,0,0,0,0,0,0,0,0,0.0,0.0,0.0
2020-08-09,Alpine,003,1148.0,0,0,0,0,0,0,0,0,0,0,0,0,0,0,0.0,0.0,0.0
2020-08-09,Amador,005,37829.0,0,0,0,0,0,0,0,0,0,0,0,0,0,0,0.0,0.0,0.0
2020-08-09,Butte,007,227075.0,1,1,1,1,0,0,0,0,1,1,1,1,0,0,4.403831333259936e-06,4.403831333259936e-06,0.0
2020-08-09,Calaveras,009,45235.0,0,0,0,0,0,0,0,0,0,0,0,0,0,0,0.0,0.0,0.0
2020-08-09,Colusa,011,21464.0,0,0,0,0,0,0,0,0,0,0,0,0,0,0,0.0,0.0,0.0
2020-08-09,Contra Costa,013,1133247.0,4,0,3,0,1,0,0,0,4,0,4,0,0,0,3.529680643319594e-06,3.529680643319594e-06,0.0
2020-08-09,Del Norte,015,27424.0,0,0,0,0,0,0,0,0,0,0,0,0,0,0,0.0,0.0,0.0
2020-08-09,El Dorado,017,186661.0,2,0,0,0,2,0,0,0,2,0,2,0,0,0,1.0714610979261871e-05,1.0714610979261871e-05,0.0
2020-08-09,Fresno,019,978130.0,2,0,2,0,0,0,0,0,2,0,2,0,0,0,2.044717982272295e-06,2.044717982272295e-06,0.0
2020-08-09,Glenn,021,27897.0,0,0,0,0,0,0,0,0,0,0,0,0,0,0,0.0,0.0,0.0
2020-08-09,Humboldt,023,135768.0,1,0,1,0,0,0,0,0,1,0,1,0,0,0,7.365505862942667e-06,7.365505862942667e-06,0.0
2020-08-09,Imperial,025,180216.0,0,0,0,0,0,0,0,0,0,0,0,0,0,0,0.0,0.0,0.0
2020-08-09,Inyo,027,18085.0,0,0,0,0,0,0,0,0,0,0,0,0,0,0,0.0,0.0,0.0
2020-08-09,Kern,029,883053.0,2,0,1,0,1,0,0,0,2,0,2,0,0,0,2.264869719031587e-06,2.264869719031587e-06,0.0
2020-08-09,Kings,031,150075.0,0,0,0,0,0,0,0,0,0,0,0,0,0,0,0.0,0.0,0.0
2020-08-09,Lake,033,64148.0,0,0,0,0,0,0,0,0,0,0,0,0,0,0,0.0,0.0,0.0
2020-08-09,Lassen,035,31185.0,1,0,0,0,1,0,0,0,1,0,1,0,0,0,3.20666987333654e-05,3.20666987333654e-05,0.0
2020-08-09,Los Angeles,037,10098052.0,16,1,10,0,6,1,0,0,14,1,16,1,2,0,1.3864060117733598e-06,1.5844640134552684e-06,1.9805800168190855e-07
2020-08-09,Madera,039,155013.0,0,0,0,0,0,0,0,0,0,0,0,0,0,0,0.0,0.0,0.0
2020-08-09,Marin,041,260295.0,0,0,0,0,0,0,0,0,0,0,0,0,0,0,0.0,0.0,0.0
2020-08-09,Mariposa,043,17540.0,0,0,0,0,0,0,0,0,0,0,0,0,0,0,0.0,0.0,0.0
2020-08-09,Mendocino,045,87422.0,0,0,0,0,0,0,0,0,0,0,0,0,0,0,0.0,0.0,0.0
2020-08-09,Merced,047,269075.0,0,0,0,0,0,0,0,0,0,0,0,0,0,0,0.0,0.0,0.0
2020-08-09,Modoc,049,8938.0,0,0,0,0,0,0,0,0,0,0,0,0,0,0,0.0,0.0,0.0
2020-08-09,Mono,051,14174.0,0,0,0,0,0,0,0,0,0,0,0,0,0,0,0.0,0.0,0.0
2020-08-09,Monterey,053,433212.0,1,0,0,0,1,0,0,0,1,0,1,0,0,0,2.308338642512211e-06,2.308338642512211e-06,0.0
2020-08-09,Napa,055,140530.0,0,0,0,0,0,0,0,0,0,0,0,0,0,0,0.0,0.0,0.0
2020-08-09,Nevada,057,99092.0,0,0,0,0,0,0,0,0,0,0,0,0,0,0,0.0,0.0,0.0
2020-08-09,Orange,059,3164182.0,8,0,7,0,1,0,0,0,8,0,8,0,0,0,2.528299573159825e-06,2.528299573159825e-06,0.0
2020-08-09,Placer,061,380077.0,1,0,0,0,1,0,0,0,1,0,1,0,0,0,2.6310458144007663e-06,2.6310458144007663e-06,0.0
2020-08-09,Plumas,063,18699.0,0,0,0,0,0,0,0,0,0,0,0,0,0,0,0.0,0.0,0.0
2020-08-09,Riverside,065,2383286.0,8,0,1,0,7,0,0,0,8,0,8,0,0,0,3.356710021373851e-06,3.356710021373851e-06,0.0
2020-08-09,Sacramento,067,1510023.0,11,0,1,0,10,0,0,0,11,0,11,0,0,0,7.284657253565012e-06,7.284657253565012e-06,0.0
2020-08-09,San Benito,069,59416.0,0,0,0,0,0,0,0,0,0,0,0,0,0,0,0.0,0.0,0.0
2020-08-09,San Bernardino,071,2135413.0,3,0,0,0,3,0,0,0,3,0,3,0,0,0,1.4048804610630356e-06,1.4048804610630356e-06,0.0
2020-08-09,San Diego,073,3302833.0,35,1,2,0,33,1,0,0,35,1,35,1,0,0,1.0596963273650229e-05,1.0596963273650229e-05,0.0
2020-08-09,San Francisco,075,870044.0,1,0,0,0,1,0,0,0,0,0,1,0,1,0,0.0,1.1493671584425616e-06,1.1493671584425616e-06
2020-08-09,San Joaquin,077,732212.0,2,0,1,0,1,0,0,0,2,0,2,0,0,0,2.731449361660284e-06,2.731449361660284e-06,0.0
2020-08-09,San Luis Obispo,079,281455.0,0,0,0,0,0,0,0,0,0,0,0,0,0,0,0.0,0.0,0.0
2020-08-09,San Mateo,081,765935.0,2,0,1,0,1,0,0,0,2,0,2,0,0,0,2.611187633415368e-06,2.611187633415368e-06,0.0
2020-08-09,Santa Barbara,083,443738.0,2,0,2,0,0,0,0,0,2,0,2,0,0,0,4.507164137396392e-06,4.507164137396392e-06,0.0
2020-08-09,Santa Clara,085,1922200.0,3,0,1,0,2,0,0,0,2,0,3,0,1,0,1.0404744563520965e-06,1.560711684528145e-06,5.202372281760482e-07
2020-08-09,Santa Cruz,087,273765.0,1,0,0,0,1,0,0,0,1,0,1,0,0,0,3.652767884864756e-06,3.652767884864756e-06,0.0
2020-08-09,Shasta,089,179085.0,9,0,0,0,9,0,0,0,9,0,9,0,0,0,5.02554652818494e-05,5.02554652818494e-05,0.0
2020-08-09,Sierra,091,2930.0,0,0,0,0,0,0,0,0,0,0,0,0,0,0,0.0,0.0,0.0
2020-08-09,Siskiyou,093,43540.0,0,0,0,0,0,0,0,0,0,0,0,0,0,0,0.0,0.0,0.0
2020-08-09,Solano,095,438530.0,0,0,0,0,0,0,0,0,0,0,0,0,0,0,0.0,0.0,0.0
2020-08-09,Sonoma,097,501317.0,0,0,0,0,0,0,0,0,0,0,0,0,0,0,0.0,0.0,0.0
2020-08-09,Stanislaus,099,539301.0,3,0,3,0,0,0,0,0,3,0,3,0,0,0,5.56275623445905e-06,5.56275623445905e-06,0.0
2020-08-09,Sutter,101,95872.0,0,0,0,0,0,0,0,0,0,0,0,0,0,0,0.0,0.0,0.0
2020-08-09,Tehama,103,63373.0,1,0,0,0,1,0,0,0,1,0,1,0,0,0,1.5779590677417828e-05,1.5779590677417828e-05,0.0
2020-08-09,Trinity,105,12862.0,0,0,0,0,0,0,0,0,0,0,0,0,0,0,0.0,0.0,0.0
2020-08-09,Tulare,107,460477.0,0,0,0,0,0,0,0,0,0,0,0,0,0,0,0.0,0.0,0.0
2020-08-09,Tuolumne,109,53932.0,0,0,0,0,0,0,0,0,0,0,0,0,0,0,0.0,0.0,0.0
2020-08-09,Ventura,111,848112.0,3,0,2,0,1,0,0,0,3,0,3,0,0,0,3.537268662629464e-06,3.537268662629464e-06,0.0
2020-08-09,Yolo,113,214977.0,6,0,0,0,6,0,0,0,5,0,6,0,1,0,2.3258302050917078e-05,2.790996246110049e-05,4.651660410183415e-06
2020-08-09,Yuba,115,75493.0,0,0,0,0,0,0,0,0,0,0,0,0,0,0,0.0,0.0,0.0
2020-08-08,Alameda,001,1643700.0,0,0,0,0,0,0,0,0,0,0,0,0,0,0,0.0,0.0,0.0
2020-08-08,Alpine,003,1148.0,0,0,0,0,0,0,0,0,0,0,0,0,0,0,0.0,0.0,0.0
2020-08-08,Amador,005,37829.0,0,0,0,0,0,0,0,0,0,0,0,0,0,0,0.0,0.0,0.0
2020-08-08,Butte,007,227075.0,0,0,0,0,0,0,0,0,0,0,0,0,0,0,0.0,0.0,0.0
2020-08-08,Calaveras,009,45235.0,0,0,0,0,0,0,0,0,0,0,0,0,0,0,0.0,0.0,0.0
2020-08-08,Colusa,011,21464.0,0,0,0,0,0,0,0,0,0,0,0,0,0,0,0.0,0.0,0.0
2020-08-08,Contra Costa,013,1133247.0,4,0,3,0,1,0,0,0,4,0,4,0,0,0,3.529680643319594e-06,3.529680643319594e-06,0.0
2020-08-08,Del Norte,015,27424.0,0,0,0,0,0,0,0,0,0,0,0,0,0,0,0.0,0.0,0.0
2020-08-08,El Dorado,017,186661.0,2,0,0,0,2,0,0,0,2,0,2,0,0,0,1.0714610979261871e-05,1.0714610979261871e-05,0.0
2020-08-08,Fresno,019,978130.0,2,0,2,0,0,0,0,0,2,0,2,0,0,0,2.044717982272295e-06,2.044717982272295e-06,0.0
2020-08-08,Glenn,021,27897.0,0,0,0,0,0,0,0,0,0,0,0,0,0,0,0.0,0.0,0.0
2020-08-08,Humboldt,023,135768.0,1,0,1,0,0,0,0,0,1,0,1,0,0,0,7.365505862942667e-06,7.365505862942667e-06,0.0
2020-08-08,Imperial,025,180216.0,0,0,0,0,0,0,0,0,0,0,0,0,0,0,0.0,0.0,0.0
2020-08-08,Inyo,027,18085.0,0,0,0,0,0,0,0,0,0,0,0,0,0,0,0.0,0.0,0.0
2020-08-08,Kern,029,883053.0,2,0,1,0,1,0,0,0,2,0,2,0,0,0,2.264869719031587e-06,2.264869719031587e-06,0.0
2020-08-08,Kings,031,150075.0,0,0,0,0,0,0,0,0,0,0,0,0,0,0,0.0,0.0,0.0
2020-08-08,Lake,033,64148.0,0,0,0,0,0,0,0,0,0,0,0,0,0,0,0.0,0.0,0.0
2020-08-08,Lassen,035,31185.0,1,0,0,0,1,0,0,0,1,0,1,0,0,0,3.20666987333654e-05,3.20666987333654e-05,0.0
2020-08-08,Los Angeles,037,10098052.0,15,1,10,1,5,0,0,0,13,1,15,1,2,0,1.2873770109324056e-06,1.4854350126143142e-06,1.9805800168190855e-07
2020-08-08,Madera,039,155013.0,0,0,0,0,0,0,0,0,0,0,0,0,0,0,0.0,0.0,0.0
2020-08-08,Marin,041,260295.0,0,0,0,0,0,0,0,0,0,0,0,0,0,0,0.0,0.0,0.0
2020-08-08,Mariposa,043,17540.0,0,0,0,0,0,0,0,0,0,0,0,0,0,0,0.0,0.0,0.0
2020-08-08,Mendocino,045,87422.0,0,0,0,0,0,0,0,0,0,0,0,0,0,0,0.0,0.0,0.0
2020-08-08,Merced,047,269075.0,0,0,0,0,0,0,0,0,0,0,0,0,0,0,0.0,0.0,0.0
2020-08-08,Modoc,049,8938.0,0,0,0,0,0,0,0,0,0,0,0,0,0,0,0.0,0.0,0.0
2020-08-08,Mono,051,14174.0,0,0,0,0,0,0,0,0,0,0,0,0,0,0,0.0,0.0,0.0
2020-08-08,Monterey,053,433212.0,1,0,0,0,1,0,0,0,1,0,1,0,0,0,2.308338642512211e-06,2.308338642512211e-06,0.0
2020-08-08,Napa,055,140530.0,0,0,0,0,0,0,0,0,0,0,0,0,0,0,0.0,0.0,0.0
2020-08-08,Nevada,057,99092.0,0,0,0,0,0,0,0,0,0,0,0,0,0,0,0.0,0.0,0.0
2020-08-08,Orange,059,3164182.0,8,1,7,1,1,0,0,0,8,1,8,1,0,0,2.528299573159825e-06,2.528299573159825e-06,0.0
2020-08-08,Placer,061,380077.0,1,0,0,0,1,0,0,0,1,0,1,0,0,0,2.6310458144007663e-06,2.6310458144007663e-06,0.0
2020-08-08,Plumas,063,18699.0,0,0,0,0,0,0,0,0,0,0,0,0,0,0,0.0,0.0,0.0
2020-08-08,Riverside,065,2383286.0,8,1,1,0,7,1,0,0,8,1,8,1,0,0,3.356710021373851e-06,3.356710021373851e-06,0.0
2020-08-08,Sacramento,067,1510023.0,11,0,1,0,10,0,0,0,11,0,11,0,0,0,7.284657253565012e-06,7.284657253565012e-06,0.0
2020-08-08,San Benito,069,59416.0,0,0,0,0,0,0,0,0,0,0,0,0,0,0,0.0,0.0,0.0
2020-08-08,San Bernardino,071,2135413.0,3,0,0,0,3,0,0,0,3,0,3,0,0,0,1.4048804610630356e-06,1.4048804610630356e-06,0.0
2020-08-08,San Diego,073,3302833.0,34,1,2,0,32,1,0,0,34,1,34,1,0,0,1.0294192894403075e-05,1.0294192894403075e-05,0.0
2020-08-08,San Francisco,075,870044.0,1,0,0,0,1,0,0,0,0,0,1,0,1,0,0.0,1.1493671584425616e-06,1.1493671584425616e-06
2020-08-08,San Joaquin,077,732212.0,2,0,1,0,1,0,0,0,2,0,2,0,0,0,2.731449361660284e-06,2.731449361660284e-06,0.0
2020-08-08,San Luis Obispo,079,281455.0,0,0,0,0,0,0,0,0,0,0,0,0,0,0,0.0,0.0,0.0
2020-08-08,San Mateo,081,765935.0,2,0,1,0,1,0,0,0,2,0,2,0,0,0,2.611187633415368e-06,2.611187633415368e-06,0.0
2020-08-08,Santa Barbara,083,443738.0,2,0,2,0,0,0,0,0,2,0,2,0,0,0,4.507164137396392e-06,4.507164137396392e-06,0.0
2020-08-08,Santa Clara,085,1922200.0,3,0,1,0,2,0,0,0,2,0,3,0,1,0,1.0404744563520965e-06,1.560711684528145e-06,5.202372281760482e-07
2020-08-08,Santa Cruz,087,273765.0,1,0,0,0,1,0,0,0,1,0,1,0,0,0,3.652767884864756e-06,3.652767884864756e-06,0.0
2020-08-08,Shasta,089,179085.0,9,0,0,0,9,0,0,0,9,0,9,0,0,0,5.02554652818494e-05,5.02554652818494e-05,0.0
2020-08-08,Sierra,091,2930.0,0,0,0,0,0,0,0,0,0,0,0,0,0,0,0.0,0.0,0.0
2020-08-08,Siskiyou,093,43540.0,0,0,0,0,0,0,0,0,0,0,0,0,0,0,0.0,0.0,0.0
2020-08-08,Solano,095,438530.0,0,0,0,0,0,0,0,0,0,0,0,0,0,0,0.0,0.0,0.0
2020-08-08,Sonoma,097,501317.0,0,0,0,0,0,0,0,0,0,0,0,0,0,0,0.0,0.0,0.0
2020-08-08,Stanislaus,099,539301.0,3,0,3,0,0,0,0,0,3,0,3,0,0,0,5.56275623445905e-06,5.56275623445905e-06,0.0
2020-08-08,Sutter,101,95872.0,0,0,0,0,0,0,0,0,0,0,0,0,0,0,0.0,0.0,0.0
2020-08-08,Tehama,103,63373.0,1,0,0,0,1,0,0,0,1,0,1,0,0,0,1.5779590677417828e-05,1.5779590677417828e-05,0.0
2020-08-08,Trinity,105,12862.0,0,0,0,0,0,0,0,0,0,0,0,0,0,0,0.0,0.0,0.0
2020-08-08,Tulare,107,460477.0,0,0,0,0,0,0,0,0,0,0,0,0,0,0,0.0,0.0,0.0
2020-08-08,Tuolumne,109,53932.0,0,0,0,0,0,0,0,0,0,0,0,0,0,0,0.0,0.0,0.0
2020-08-08,Ventura,111,848112.0,3,1,2,1,1,0,0,0,3,1,3,1,0,0,3.537268662629464e-06,3.537268662629464e-06,0.0
2020-08-08,Yolo,113,214977.0,6,0,0,0,6,0,0,0,5,0,6,0,1,0,2.3258302050917078e-05,2.790996246110049e-05,4.651660410183415e-06
2020-08-08,Yuba,115,75493.0,0,0,0,0,0,0,0,0,0,0,0,0,0,0,0.0,0.0,0.0
2020-08-07,Alameda,001,1643700.0,0,0,0,0,0,0,0,0,0,0,0,0,0,0,0.0,0.0,0.0
2020-08-07,Alpine,003,1148.0,0,0,0,0,0,0,0,0,0,0,0,0,0,0,0.0,0.0,0.0
2020-08-07,Amador,005,37829.0,0,0,0,0,0,0,0,0,0,0,0,0,0,0,0.0,0.0,0.0
2020-08-07,Butte,007,227075.0,0,0,0,0,0,0,0,0,0,0,0,0,0,0,0.0,0.0,0.0
2020-08-07,Calaveras,009,45235.0,0,0,0,0,0,0,0,0,0,0,0,0,0,0,0.0,0.0,0.0
2020-08-07,Colusa,011,21464.0,0,0,0,0,0,0,0,0,0,0,0,0,0,0,0.0,0.0,0.0
2020-08-07,Contra Costa,013,1133247.0,4,0,3,0,1,0,0,0,4,0,4,0,0,0,3.529680643319594e-06,3.529680643319594e-06,0.0
2020-08-07,Del Norte,015,27424.0,0,0,0,0,0,0,0,0,0,0,0,0,0,0,0.0,0.0,0.0
2020-08-07,El Dorado,017,186661.0,2,0,0,0,2,0,0,0,2,0,2,0,0,0,1.0714610979261871e-05,1.0714610979261871e-05,0.0
2020-08-07,Fresno,019,978130.0,2,0,2,0,0,0,0,0,2,0,2,0,0,0,2.044717982272295e-06,2.044717982272295e-06,0.0
2020-08-07,Glenn,021,27897.0,0,0,0,0,0,0,0,0,0,0,0,0,0,0,0.0,0.0,0.0
2020-08-07,Humboldt,023,135768.0,1,0,1,0,0,0,0,0,1,0,1,0,0,0,7.365505862942667e-06,7.365505862942667e-06,0.0
2020-08-07,Imperial,025,180216.0,0,0,0,0,0,0,0,0,0,0,0,0,0,0,0.0,0.0,0.0
2020-08-07,Inyo,027,18085.0,0,0,0,0,0,0,0,0,0,0,0,0,0,0,0.0,0.0,0.0
2020-08-07,Kern,029,883053.0,2,0,1,0,1,0,0,0,2,0,2,0,0,0,2.264869719031587e-06,2.264869719031587e-06,0.0
2020-08-07,Kings,031,150075.0,0,0,0,0,0,0,0,0,0,0,0,0,0,0,0.0,0.0,0.0
2020-08-07,Lake,033,64148.0,0,0,0,0,0,0,0,0,0,0,0,0,0,0,0.0,0.0,0.0
2020-08-07,Lassen,035,31185.0,1,0,0,0,1,0,0,0,1,0,1,0,0,0,3.20666987333654e-05,3.20666987333654e-05,0.0
2020-08-07,Los Angeles,037,10098052.0,14,4,9,2,5,2,0,0,12,4,14,4,2,0,1.1883480100914514e-06,1.3864060117733598e-06,1.9805800168190855e-07
2020-08-07,Madera,039,155013.0,0,0,0,0,0,0,0,0,0,0,0,0,0,0,0.0,0.0,0.0
2020-08-07,Marin,041,260295.0,0,0,0,0,0,0,0,0,0,0,0,0,0,0,0.0,0.0,0.0
2020-08-07,Mariposa,043,17540.0,0,0,0,0,0,0,0,0,0,0,0,0,0,0,0.0,0.0,0.0
2020-08-07,Mendocino,045,87422.0,0,0,0,0,0,0,0,0,0,0,0,0,0,0,0.0,0.0,0.0
2020-08-07,Merced,047,269075.0,0,0,0,0,0,0,0,0,0,0,0,0,0,0,0.0,0.0,0.0
2020-08-07,Modoc,049,8938.0,0,0,0,0,0,0,0,0,0,0,0,0,0,0,0.0,0.0,0.0
2020-08-07,Mono,051,14174.0,0,0,0,0,0,0,0,0,0,0,0,0,0,0,0.0,0.0,0.0
2020-08-07,Monterey,053,433212.0,1,1,0,0,1,1,0,0,1,1,1,1,0,0,2.308338642512211e-06,2.308338642512211e-06,0.0
2020-08-07,Napa,055,140530.0,0,0,0,0,0,0,0,0,0,0,0,0,0,0,0.0,0.0,0.0
2020-08-07,Nevada,057,99092.0,0,0,0,0,0,0,0,0,0,0,0,0,0,0,0.0,0.0,0.0
2020-08-07,Orange,059,3164182.0,7,1,6,1,1,0,0,0,7,1,7,1,0,0,2.2122621265148466e-06,2.2122621265148466e-06,0.0
2020-08-07,Placer,061,380077.0,1,1,0,0,1,1,0,0,1,1,1,1,0,0,2.6310458144007663e-06,2.6310458144007663e-06,0.0
2020-08-07,Plumas,063,18699.0,0,0,0,0,0,0,0,0,0,0,0,0,0,0,0.0,0.0,0.0
2020-08-07,Riverside,065,2383286.0,7,1,1,0,6,1,0,0,7,1,7,1,0,0,2.93712126870212e-06,2.93712126870212e-06,0.0
2020-08-07,Sacramento,067,1510023.0,11,1,1,0,10,1,0,0,11,1,11,1,0,0,7.284657253565012e-06,7.284657253565012e-06,0.0
2020-08-07,San Benito,069,59416.0,0,0,0,0,0,0,0,0,0,0,0,0,0,0,0.0,0.0,0.0
2020-08-07,San Bernardino,071,2135413.0,3,1,0,0,3,1,0,0,3,1,3,1,0,0,1.4048804610630356e-06,1.4048804610630356e-06,0.0
2020-08-07,San Diego,073,3302833.0,33,1,2,0,31,1,0,0,33,1,33,1,0,0,9.991422515155929e-06,9.991422515155929e-06,0.0
2020-08-07,San Francisco,075,870044.0,1,0,0,0,1,0,0,0,0,0,1,0,1,0,0.0,1.1493671584425616e-06,1.1493671584425616e-06
2020-08-07,San Joaquin,077,732212.0,2,1,1,1,1,0,0,0,2,1,2,1,0,0,2.731449361660284e-06,2.731449361660284e-06,0.0
2020-08-07,San Luis Obispo,079,281455.0,0,0,0,0,0,0,0,0,0,0,0,0,0,0,0.0,0.0,0.0
2020-08-07,San Mateo,081,765935.0,2,0,1,0,1,0,0,0,2,0,2,0,0,0,2.611187633415368e-06,2.611187633415368e-06,0.0
2020-08-07,Santa Barbara,083,443738.0,2,0,2,0,0,0,0,0,2,0,2,0,0,0,4.507164137396392e-06,4.507164137396392e-06,0.0
2020-08-07,Santa Clara,085,1922200.0,3,0,1,0,2,0,0,0,2,0,3,0,1,0,1.0404744563520965e-06,1.560711684528145e-06,5.202372281760482e-07
2020-08-07,Santa Cruz,087,273765.0,1,0,0,0,1,0,0,0,1,0,1,0,0,0,3.652767884864756e-06,3.652767884864756e-06,0.0
2020-08-07,Shasta,089,179085.0,9,0,0,0,9,0,0,0,9,0,9,0,0,0,5.02554652818494e-05,5.02554652818494e-05,0.0
2020-08-07,Sierra,091,2930.0,0,0,0,0,0,0,0,0,0,0,0,0,0,0,0.0,0.0,0.0
2020-08-07,Siskiyou,093,43540.0,0,0,0,0,0,0,0,0,0,0,0,0,0,0,0.0,0.0,0.0
2020-08-07,Solano,095,438530.0,0,0,0,0,0,0,0,0,0,0,0,0,0,0,0.0,0.0,0.0
2020-08-07,Sonoma,097,501317.0,0,0,0,0,0,0,0,0,0,0,0,0,0,0,0.0,0.0,0.0
2020-08-07,Stanislaus,099,539301.0,3,0,3,0,0,0,0,0,3,0,3,0,0,0,5.56275623445905e-06,5.56275623445905e-06,0.0
2020-08-07,Sutter,101,95872.0,0,0,0,0,0,0,0,0,0,0,0,0,0,0,0.0,0.0,0.0
2020-08-07,Tehama,103,63373.0,1,0,0,0,1,0,0,0,1,0,1,0,0,0,1.5779590677417828e-05,1.5779590677417828e-05,0.0
2020-08-07,Trinity,105,12862.0,0,0,0,0,0,0,0,0,0,0,0,0,0,0,0.0,0.0,0.0
2020-08-07,Tulare,107,460477.0,0,0,0,0,0,0,0,0,0,0,0,0,0,0,0.0,0.0,0.0
2020-08-07,Tuolumne,109,53932.0,0,0,0,0,0,0,0,0,0,0,0,0,0,0,0.0,0.0,0.0
2020-08-07,Ventura,111,848112.0,2,0,1,0,1,0,0,0,2,0,2,0,0,0,2.3581791084196427e-06,2.3581791084196427e-06,0.0
2020-08-07,Yolo,113,214977.0,6,0,0,0,6,0,0,0,5,0,6,0,1,0,2.3258302050917078e-05,2.790996246110049e-05,4.651660410183415e-06
2020-08-07,Yuba,115,75493.0,0,0,0,0,0,0,0,0,0,0,0,0,0,0,0.0,0.0,0.0
2020-08-06,Alameda,001,1643700.0,0,0,0,0,0,0,0,0,0,0,0,0,0,0,0.0,0.0,0.0
2020-08-06,Alpine,003,1148.0,0,0,0,0,0,0,0,0,0,0,0,0,0,0,0.0,0.0,0.0
2020-08-06,Amador,005,37829.0,0,0,0,0,0,0,0,0,0,0,0,0,0,0,0.0,0.0,0.0
2020-08-06,Butte,007,227075.0,0,0,0,0,0,0,0,0,0,0,0,0,0,0,0.0,0.0,0.0
2020-08-06,Calaveras,009,45235.0,0,0,0,0,0,0,0,0,0,0,0,0,0,0,0.0,0.0,0.0
2020-08-06,Colusa,011,21464.0,0,0,0,0,0,0,0,0,0,0,0,0,0,0,0.0,0.0,0.0
2020-08-06,Contra Costa,013,1133247.0,4,3,3,3,1,0,0,0,4,3,4,3,0,0,3.529680643319594e-06,3.529680643319594e-06,0.0
2020-08-06,Del Norte,015,27424.0,0,0,0,0,0,0,0,0,0,0,0,0,0,0,0.0,0.0,0.0
2020-08-06,El Dorado,017,186661.0,2,0,0,0,2,0,0,0,2,0,2,0,0,0,1.0714610979261871e-05,1.0714610979261871e-05,0.0
2020-08-06,Fresno,019,978130.0,2,1,2,1,0,0,0,0,2,1,2,1,0,0,2.044717982272295e-06,2.044717982272295e-06,0.0
2020-08-06,Glenn,021,27897.0,0,0,0,0,0,0,0,0,0,0,0,0,0,0,0.0,0.0,0.0
2020-08-06,Humboldt,023,135768.0,1,0,1,0,0,0,0,0,1,0,1,0,0,0,7.365505862942667e-06,7.365505862942667e-06,0.0
2020-08-06,Imperial,025,180216.0,0,0,0,0,0,0,0,0,0,0,0,0,0,0,0.0,0.0,0.0
2020-08-06,Inyo,027,18085.0,0,0,0,0,0,0,0,0,0,0,0,0,0,0,0.0,0.0,0.0
2020-08-06,Kern,029,883053.0,2,0,1,0,1,0,0,0,2,0,2,0,0,0,2.264869719031587e-06,2.264869719031587e-06,0.0
2020-08-06,Kings,031,150075.0,0,0,0,0,0,0,0,0,0,0,0,0,0,0,0.0,0.0,0.0
2020-08-06,Lake,033,64148.0,0,0,0,0,0,0,0,0,0,0,0,0,0,0,0.0,0.0,0.0
2020-08-06,Lassen,035,31185.0,1,0,0,0,1,0,0,0,1,0,1,0,0,0,3.20666987333654e-05,3.20666987333654e-05,0.0
2020-08-06,Los Angeles,037,10098052.0,10,2,7,1,3,1,0,0,8,2,10,2,2,0,7.922320067276342e-07,9.902900084095428e-07,1.9805800168190855e-07
2020-08-06,Madera,039,155013.0,0,0,0,0,0,0,0,0,0,0,0,0,0,0,0.0,0.0,0.0
2020-08-06,Marin,041,260295.0,0,0,0,0,0,0,0,0,0,0,0,0,0,0,0.0,0.0,0.0
2020-08-06,Mariposa,043,17540.0,0,0,0,0,0,0,0,0,0,0,0,0,0,0,0.0,0.0,0.0
2020-08-06,Mendocino,045,87422.0,0,0,0,0,0,0,0,0,0,0,0,0,0,0,0.0,0.0,0.0
2020-08-06,Merced,047,269075.0,0,0,0,0,0,0,0,0,0,0,0,0,0,0,0.0,0.0,0.0
2020-08-06,Modoc,049,8938.0,0,0,0,0,0,0,0,0,0,0,0,0,0,0,0.0,0.0,0.0
2020-08-06,Mono,051,14174.0,0,0,0,0,0,0,0,0,0,0,0,0,0,0,0.0,0.0,0.0
2020-08-06,Monterey,053,433212.0,0,0,0,0,0,0,0,0,0,0,0,0,0,0,0.0,0.0,0.0
2020-08-06,Napa,055,140530.0,0,0,0,0,0,0,0,0,0,0,0,0,0,0,0.0,0.0,0.0
2020-08-06,Nevada,057,99092.0,0,0,0,0,0,0,0,0,0,0,0,0,0,0,0.0,0.0,0.0
2020-08-06,Orange,059,3164182.0,6,0,5,0,1,0,0,0,6,0,6,0,0,0,1.8962246798698683e-06,1.8962246798698683e-06,0.0
2020-08-06,Placer,061,380077.0,0,0,0,0,0,0,0,0,0,0,0,0,0,0,0.0,0.0,0.0
2020-08-06,Plumas,063,18699.0,0,0,0,0,0,0,0,0,0,0,0,0,0,0,0.0,0.0,0.0
2020-08-06,Riverside,065,2383286.0,6,2,1,0,5,2,0,0,6,2,6,2,0,0,2.5175325160303884e-06,2.5175325160303884e-06,0.0
2020-08-06,Sacramento,067,1510023.0,10,0,1,0,9,0,0,0,10,0,10,0,0,0,6.622415685059102e-06,6.622415685059102e-06,0.0
2020-08-06,San Benito,069,59416.0,0,0,0,0,0,0,0,0,0,0,0,0,0,0,0.0,0.0,0.0
2020-08-06,San Bernardino,071,2135413.0,2,0,0,0,2,0,0,0,2,0,2,0,0,0,9.365869740420238e-07,9.365869740420238e-07,0.0
2020-08-06,San Diego,073,3302833.0,32,5,2,0,30,5,0,0,32,5,32,5,0,0,9.68865213590878e-06,9.68865213590878e-06,0.0
2020-08-06,San Francisco,075,870044.0,1,0,0,0,1,0,0,0,0,0,1,0,1,0,0.0,1.1493671584425616e-06,1.1493671584425616e-06
2020-08-06,San Joaquin,077,732212.0,1,0,0,0,1,0,0,0,1,0,1,0,0,0,1.365724680830142e-06,1.365724680830142e-06,0.0
2020-08-06,San Luis Obispo,079,281455.0,0,0,0,0,0,0,0,0,0,0,0,0,0,0,0.0,0.0,0.0
2020-08-06,San Mateo,081,765935.0,2,0,1,0,1,0,0,0,2,0,2,0,0,0,2.611187633415368e-06,2.611187633415368e-06,0.0
2020-08-06,Santa Barbara,083,443738.0,2,0,2,0,0,0,0,0,2,0,2,0,0,0,4.507164137396392e-06,4.507164137396392e-06,0.0
2020-08-06,Santa Clara,085,1922200.0,3,0,1,0,2,0,0,0,2,0,3,0,1,0,1.0404744563520965e-06,1.560711684528145e-06,5.202372281760482e-07
2020-08-06,Santa Cruz,087,273765.0,1,0,0,0,1,0,0,0,1,0,1,0,0,0,3.652767884864756e-06,3.652767884864756e-06,0.0
2020-08-06,Shasta,089,179085.0,9,3,0,0,9,3,0,0,9,3,9,3,0,0,5.02554652818494e-05,5.02554652818494e-05,0.0
2020-08-06,Sierra,091,2930.0,0,0,0,0,0,0,0,0,0,0,0,0,0,0,0.0,0.0,0.0
2020-08-06,Siskiyou,093,43540.0,0,0,0,0,0,0,0,0,0,0,0,0,0,0,0.0,0.0,0.0
2020-08-06,Solano,095,438530.0,0,0,0,0,0,0,0,0,0,0,0,0,0,0,0.0,0.0,0.0
2020-08-06,Sonoma,097,501317.0,0,0,0,0,0,0,0,0,0,0,0,0,0,0,0.0,0.0,0.0
2020-08-06,Stanislaus,099,539301.0,3,0,3,0,0,0,0,0,3,0,3,0,0,0,5.56275623445905e-06,5.56275623445905e-06,0.0
2020-08-06,Sutter,101,95872.0,0,0,0,0,0,0,0,0,0,0,0,0,0,0,0.0,0.0,0.0
2020-08-06,Tehama,103,63373.0,1,0,0,0,1,0,0,0,1,0,1,0,0,0,1.5779590677417828e-05,1.5779590677417828e-05,0.0
2020-08-06,Trinity,105,12862.0,0,0,0,0,0,0,0,0,0,0,0,0,0,0,0.0,0.0,0.0
2020-08-06,Tulare,107,460477.0,0,0,0,0,0,0,0,0,0,0,0,0,0,0,0.0,0.0,0.0
2020-08-06,Tuolumne,109,53932.0,0,0,0,0,0,0,0,0,0,0,0,0,0,0,0.0,0.0,0.0
2020-08-06,Ventura,111,848112.0,2,0,1,0,1,0,0,0,2,0,2,0,0,0,2.3581791084196427e-06,2.3581791084196427e-06,0.0
2020-08-06,Yolo,113,214977.0,6,0,0,0,6,0,0,0,5,0,6,0,1,0,2.3258302050917078e-05,2.790996246110049e-05,4.651660410183415e-06
2020-08-06,Yuba,115,75493.0,0,0,0,0,0,0,0,0,0,0,0,0,0,0,0.0,0.0,0.0
2020-08-05,Alameda,001,1643700.0,0,0,0,0,0,0,0,0,0,0,0,0,0,0,0.0,0.0,0.0
2020-08-05,Alpine,003,1148.0,0,0,0,0,0,0,0,0,0,0,0,0,0,0,0.0,0.0,0.0
2020-08-05,Amador,005,37829.0,0,0,0,0,0,0,0,0,0,0,0,0,0,0,0.0,0.0,0.0
2020-08-05,Butte,007,227075.0,0,0,0,0,0,0,0,0,0,0,0,0,0,0,0.0,0.0,0.0
2020-08-05,Calaveras,009,45235.0,0,0,0,0,0,0,0,0,0,0,0,0,0,0,0.0,0.0,0.0
2020-08-05,Colusa,011,21464.0,0,0,0,0,0,0,0,0,0,0,0,0,0,0,0.0,0.0,0.0
2020-08-05,Contra Costa,013,1133247.0,1,0,0,0,1,0,0,0,1,0,1,0,0,0,8.824201608298985e-07,8.824201608298985e-07,0.0
2020-08-05,Del Norte,015,27424.0,0,0,0,0,0,0,0,0,0,0,0,0,0,0,0.0,0.0,0.0
2020-08-05,El Dorado,017,186661.0,2,1,0,0,2,1,0,0,2,1,2,1,0,0,1.0714610979261871e-05,1.0714610979261871e-05,0.0
2020-08-05,Fresno,019,978130.0,1,0,1,0,0,0,0,0,1,0,1,0,0,0,1.0223589911361476e-06,1.0223589911361476e-06,0.0
2020-08-05,Glenn,021,27897.0,0,0,0,0,0,0,0,0,0,0,0,0,0,0,0.0,0.0,0.0
2020-08-05,Humboldt,023,135768.0,1,1,1,1,0,0,0,0,1,1,1,1,0,0,7.365505862942667e-06,7.365505862942667e-06,0.0
2020-08-05,Imperial,025,180216.0,0,0,0,0,0,0,0,0,0,0,0,0,0,0,0.0,0.0,0.0
2020-08-05,Inyo,027,18085.0,0,0,0,0,0,0,0,0,0,0,0,0,0,0,0.0,0.0,0.0
2020-08-05,Kern,029,883053.0,2,0,1,0,1,0,0,0,2,0,2,0,0,0,2.264869719031587e-06,2.264869719031587e-06,0.0
2020-08-05,Kings,031,150075.0,0,0,0,0,0,0,0,0,0,0,0,0,0,0,0.0,0.0,0.0
2020-08-05,Lake,033,64148.0,0,0,0,0,0,0,0,0,0,0,0,0,0,0,0.0,0.0,0.0
2020-08-05,Lassen,035,31185.0,1,1,0,0,1,1,0,0,1,1,1,1,0,0,3.20666987333654e-05,3.20666987333654e-05,0.0
2020-08-05,Los Angeles,037,10098052.0,8,0,6,0,2,0,0,0,6,0,8,0,2,0,5.941740050457257e-07,7.922320067276342e-07,1.9805800168190855e-07
2020-08-05,Madera,039,155013.0,0,0,0,0,0,0,0,0,0,0,0,0,0,0,0.0,0.0,0.0
2020-08-05,Marin,041,260295.0,0,0,0,0,0,0,0,0,0,0,0,0,0,0,0.0,0.0,0.0
2020-08-05,Mariposa,043,17540.0,0,0,0,0,0,0,0,0,0,0,0,0,0,0,0.0,0.0,0.0
2020-08-05,Mendocino,045,87422.0,0,0,0,0,0,0,0,0,0,0,0,0,0,0,0.0,0.0,0.0
2020-08-05,Merced,047,269075.0,0,0,0,0,0,0,0,0,0,0,0,0,0,0,0.0,0.0,0.0
2020-08-05,Modoc,049,8938.0,0,0,0,0,0,0,0,0,0,0,0,0,0,0,0.0,0.0,0.0
2020-08-05,Mono,051,14174.0,0,0,0,0,0,0,0,0,0,0,0,0,0,0,0.0,0.0,0.0
2020-08-05,Monterey,053,433212.0,0,0,0,0,0,0,0,0,0,0,0,0,0,0,0.0,0.0,0.0
2020-08-05,Napa,055,140530.0,0,0,0,0,0,0,0,0,0,0,0,0,0,0,0.0,0.0,0.0
2020-08-05,Nevada,057,99092.0,0,0,0,0,0,0,0,0,0,0,0,0,0,0,0.0,0.0,0.0
2020-08-05,Orange,059,3164182.0,6,3,5,3,1,0,0,0,6,3,6,3,0,0,1.8962246798698683e-06,1.8962246798698683e-06,0.0
2020-08-05,Placer,061,380077.0,0,0,0,0,0,0,0,0,0,0,0,0,0,0,0.0,0.0,0.0
2020-08-05,Plumas,063,18699.0,0,0,0,0,0,0,0,0,0,0,0,0,0,0,0.0,0.0,0.0
2020-08-05,Riverside,065,2383286.0,4,0,1,0,3,0,0,0,4,0,4,0,0,0,1.6783550106869257e-06,1.6783550106869257e-06,0.0
2020-08-05,Sacramento,067,1510023.0,10,1,1,0,9,1,0,0,10,1,10,1,0,0,6.622415685059102e-06,6.622415685059102e-06,0.0
2020-08-05,San Benito,069,59416.0,0,0,0,0,0,0,0,0,0,0,0,0,0,0,0.0,0.0,0.0
2020-08-05,San Bernardino,071,2135413.0,2,1,0,0,2,1,0,0,2,1,2,1,0,0,9.365869740420238e-07,9.365869740420238e-07,0.0
2020-08-05,San Diego,073,3302833.0,27,3,2,0,25,3,0,0,27,3,27,3,0,0,8.174800239673033e-06,8.174800239673033e-06,0.0
2020-08-05,San Francisco,075,870044.0,1,0,0,0,1,0,0,0,0,0,1,0,1,0,0.0,1.1493671584425616e-06,1.1493671584425616e-06
2020-08-05,San Joaquin,077,732212.0,1,0,0,0,1,0,0,0,1,0,1,0,0,0,1.365724680830142e-06,1.365724680830142e-06,0.0
2020-08-05,San Luis Obispo,079,281455.0,0,0,0,0,0,0,0,0,0,0,0,0,0,0,0.0,0.0,0.0
2020-08-05,San Mateo,081,765935.0,2,0,1,0,1,0,0,0,2,0,2,0,0,0,2.611187633415368e-06,2.611187633415368e-06,0.0
2020-08-05,Santa Barbara,083,443738.0,2,0,2,0,0,0,0,0,2,0,2,0,0,0,4.507164137396392e-06,4.507164137396392e-06,0.0
2020-08-05,Santa Clara,085,1922200.0,3,0,1,0,2,0,0,0,2,0,3,0,1,0,1.0404744563520965e-06,1.560711684528145e-06,5.202372281760482e-07
2020-08-05,Santa Cruz,087,273765.0,1,0,0,0,1,0,0,0,1,0,1,0,0,0,3.652767884864756e-06,3.652767884864756e-06,0.0
2020-08-05,Shasta,089,179085.0,6,4,0,0,6,4,0,0,6,4,6,4,0,0,3.350364352123293e-05,3.350364352123293e-05,0.0
2020-08-05,Sierra,091,2930.0,0,0,0,0,0,0,0,0,0,0,0,0,0,0,0.0,0.0,0.0
2020-08-05,Siskiyou,093,43540.0,0,0,0,0,0,0,0,0,0,0,0,0,0,0,0.0,0.0,0.0
2020-08-05,Solano,095,438530.0,0,0,0,0,0,0,0,0,0,0,0,0,0,0,0.0,0.0,0.0
2020-08-05,Sonoma,097,501317.0,0,0,0,0,0,0,0,0,0,0,0,0,0,0,0.0,0.0,0.0
2020-08-05,Stanislaus,099,539301.0,3,0,3,0,0,0,0,0,3,0,3,0,0,0,5.56275623445905e-06,5.56275623445905e-06,0.0
2020-08-05,Sutter,101,95872.0,0,0,0,0,0,0,0,0,0,0,0,0,0,0,0.0,0.0,0.0
2020-08-05,Tehama,103,63373.0,1,1,0,0,1,1,0,0,1,1,1,1,0,0,1.5779590677417828e-05,1.5779590677417828e-05,0.0
2020-08-05,Trinity,105,12862.0,0,0,0,0,0,0,0,0,0,0,0,0,0,0,0.0,0.0,0.0
2020-08-05,Tulare,107,460477.0,0,0,0,0,0,0,0,0,0,0,0,0,0,0,0.0,0.0,0.0
2020-08-05,Tuolumne,109,53932.0,0,0,0,0,0,0,0,0,0,0,0,0,0,0,0.0,0.0,0.0
2020-08-05,Ventura,111,848112.0,2,0,1,0,1,0,0,0,2,0,2,0,0,0,2.3581791084196427e-06,2.3581791084196427e-06,0.0
2020-08-05,Yolo,113,214977.0,6,1,0,0,6,1,0,0,5,1,6,1,1,0,2.3258302050917078e-05,2.790996246110049e-05,4.651660410183415e-06
2020-08-05,Yuba,115,75493.0,0,0,0,0,0,0,0,0,0,0,0,0,0,0,0.0,0.0,0.0
2020-08-04,Alameda,001,1643700.0,0,0,0,0,0,0,0,0,0,0,0,0,0,0,0.0,0.0,0.0
2020-08-04,Alpine,003,1148.0,0,0,0,0,0,0,0,0,0,0,0,0,0,0,0.0,0.0,0.0
2020-08-04,Amador,005,37829.0,0,0,0,0,0,0,0,0,0,0,0,0,0,0,0.0,0.0,0.0
2020-08-04,Butte,007,227075.0,0,0,0,0,0,0,0,0,0,0,0,0,0,0,0.0,0.0,0.0
2020-08-04,Calaveras,009,45235.0,0,0,0,0,0,0,0,0,0,0,0,0,0,0,0.0,0.0,0.0
2020-08-04,Colusa,011,21464.0,0,0,0,0,0,0,0,0,0,0,0,0,0,0,0.0,0.0,0.0
2020-08-04,Contra Costa,013,1133247.0,1,0,0,0,1,0,0,0,1,0,1,0,0,0,8.824201608298985e-07,8.824201608298985e-07,0.0
2020-08-04,Del Norte,015,27424.0,0,0,0,0,0,0,0,0,0,0,0,0,0,0,0.0,0.0,0.0
2020-08-04,El Dorado,017,186661.0,1,0,0,0,1,0,0,0,1,0,1,0,0,0,5.357305489630936e-06,5.357305489630936e-06,0.0
2020-08-04,Fresno,019,978130.0,1,0,1,0,0,0,0,0,1,0,1,0,0,0,1.0223589911361476e-06,1.0223589911361476e-06,0.0
2020-08-04,Glenn,021,27897.0,0,0,0,0,0,0,0,0,0,0,0,0,0,0,0.0,0.0,0.0
2020-08-04,Humboldt,023,135768.0,0,0,0,0,0,0,0,0,0,0,0,0,0,0,0.0,0.0,0.0
2020-08-04,Imperial,025,180216.0,0,0,0,0,0,0,0,0,0,0,0,0,0,0,0.0,0.0,0.0
2020-08-04,Inyo,027,18085.0,0,0,0,0,0,0,0,0,0,0,0,0,0,0,0.0,0.0,0.0
2020-08-04,Kern,029,883053.0,2,0,1,0,1,0,0,0,2,0,2,0,0,0,2.264869719031587e-06,2.264869719031587e-06,0.0
2020-08-04,Kings,031,150075.0,0,0,0,0,0,0,0,0,0,0,0,0,0,0,0.0,0.0,0.0
2020-08-04,Lake,033,64148.0,0,0,0,0,0,0,0,0,0,0,0,0,0,0,0.0,0.0,0.0
2020-08-04,Lassen,035,31185.0,0,0,0,0,0,0,0,0,0,0,0,0,0,0,0.0,0.0,0.0
2020-08-04,Los Angeles,037,10098052.0,8,2,6,2,2,0,0,0,6,2,8,2,2,0,5.941740050457257e-07,7.922320067276342e-07,1.9805800168190855e-07
2020-08-04,Madera,039,155013.0,0,0,0,0,0,0,0,0,0,0,0,0,0,0,0.0,0.0,0.0
2020-08-04,Marin,041,260295.0,0,0,0,0,0,0,0,0,0,0,0,0,0,0,0.0,0.0,0.0
2020-08-04,Mariposa,043,17540.0,0,0,0,0,0,0,0,0,0,0,0,0,0,0,0.0,0.0,0.0
2020-08-04,Mendocino,045,87422.0,0,0,0,0,0,0,0,0,0,0,0,0,0,0,0.0,0.0,0.0
2020-08-04,Merced,047,269075.0,0,0,0,0,0,0,0,0,0,0,0,0,0,0,0.0,0.0,0.0
2020-08-04,Modoc,049,8938.0,0,0,0,0,0,0,0,0,0,0,0,0,0,0,0.0,0.0,0.0
2020-08-04,Mono,051,14174.0,0,0,0,0,0,0,0,0,0,0,0,0,0,0,0.0,0.0,0.0
2020-08-04,Monterey,053,433212.0,0,0,0,0,0,0,0,0,0,0,0,0,0,0,0.0,0.0,0.0
2020-08-04,Napa,055,140530.0,0,0,0,0,0,0,0,0,0,0,0,0,0,0,0.0,0.0,0.0
2020-08-04,Nevada,057,99092.0,0,0,0,0,0,0,0,0,0,0,0,0,0,0,0.0,0.0,0.0
2020-08-04,Orange,059,3164182.0,3,1,2,0,1,1,0,0,3,1,3,1,0,0,9.481123399349342e-07,9.481123399349342e-07,0.0
2020-08-04,Placer,061,380077.0,0,0,0,0,0,0,0,0,0,0,0,0,0,0,0.0,0.0,0.0
2020-08-04,Plumas,063,18699.0,0,0,0,0,0,0,0,0,0,0,0,0,0,0,0.0,0.0,0.0
2020-08-04,Riverside,065,2383286.0,4,1,1,0,3,1,0,0,4,1,4,1,0,0,1.6783550106869257e-06,1.6783550106869257e-06,0.0
2020-08-04,Sacramento,067,1510023.0,9,4,1,1,8,3,0,0,9,4,9,4,0,0,5.960174116553192e-06,5.960174116553192e-06,0.0
2020-08-04,San Benito,069,59416.0,0,0,0,0,0,0,0,0,0,0,0,0,0,0,0.0,0.0,0.0
2020-08-04,San Bernardino,071,2135413.0,1,0,0,0,1,0,0,0,1,0,1,0,0,0,4.682934870210119e-07,4.682934870210119e-07,0.0
2020-08-04,San Diego,073,3302833.0,24,5,2,1,22,4,0,0,24,5,24,5,0,0,7.266489101931585e-06,7.266489101931585e-06,0.0
2020-08-04,San Francisco,075,870044.0,1,0,0,0,1,0,0,0,0,0,1,0,1,0,0.0,1.1493671584425616e-06,1.1493671584425616e-06
2020-08-04,San Joaquin,077,732212.0,1,0,0,0,1,0,0,0,1,0,1,0,0,0,1.365724680830142e-06,1.365724680830142e-06,0.0
2020-08-04,San Luis Obispo,079,281455.0,0,0,0,0,0,0,0,0,0,0,0,0,0,0,0.0,0.0,0.0
2020-08-04,San Mateo,081,765935.0,2,1,1,1,1,0,0,0,2,1,2,1,0,0,2.611187633415368e-06,2.611187633415368e-06,0.0
2020-08-04,Santa Barbara,083,443738.0,2,1,2,1,0,0,0,0,2,1,2,1,0,0,4.507164137396392e-06,4.507164137396392e-06,0.0
2020-08-04,Santa Clara,085,1922200.0,3,0,1,0,2,0,0,0,2,0,3,0,1,0,1.0404744563520965e-06,1.560711684528145e-06,5.202372281760482e-07
2020-08-04,Santa Cruz,087,273765.0,1,0,0,0,1,0,0,0,1,0,1,0,0,0,3.652767884864756e-06,3.652767884864756e-06,0.0
2020-08-04,Shasta,089,179085.0,2,2,0,0,2,2,0,0,2,2,2,2,0,0,1.1167881173744311e-05,1.1167881173744311e-05,0.0
2020-08-04,Sierra,091,2930.0,0,0,0,0,0,0,0,0,0,0,0,0,0,0,0.0,0.0,0.0
2020-08-04,Siskiyou,093,43540.0,0,0,0,0,0,0,0,0,0,0,0,0,0,0,0.0,0.0,0.0
2020-08-04,Solano,095,438530.0,0,0,0,0,0,0,0,0,0,0,0,0,0,0,0.0,0.0,0.0
2020-08-04,Sonoma,097,501317.0,0,0,0,0,0,0,0,0,0,0,0,0,0,0,0.0,0.0,0.0
2020-08-04,Stanislaus,099,539301.0,3,0,3,0,0,0,0,0,3,0,3,0,0,0,5.56275623445905e-06,5.56275623445905e-06,0.0
2020-08-04,Sutter,101,95872.0,0,0,0,0,0,0,0,0,0,0,0,0,0,0,0.0,0.0,0.0
2020-08-04,Tehama,103,63373.0,0,0,0,0,0,0,0,0,0,0,0,0,0,0,0.0,0.0,0.0
2020-08-04,Trinity,105,12862.0,0,0,0,0,0,0,0,0,0,0,0,0,0,0,0.0,0.0,0.0
2020-08-04,Tulare,107,460477.0,0,0,0,0,0,0,0,0,0,0,0,0,0,0,0.0,0.0,0.0
2020-08-04,Tuolumne,109,53932.0,0,0,0,0,0,0,0,0,0,0,0,0,0,0,0.0,0.0,0.0
2020-08-04,Ventura,111,848112.0,2,0,1,0,1,0,0,0,2,0,2,0,0,0,2.3581791084196427e-06,2.3581791084196427e-06,0.0
2020-08-04,Yolo,113,214977.0,5,0,0,0,5,0,0,0,4,0,5,0,1,0,1.860664164073366e-05,2.3258302050917078e-05,4.651660410183415e-06
2020-08-04,Yuba,115,75493.0,0,0,0,0,0,0,0,0,0,0,0,0,0,0,0.0,0.0,0.0
2020-08-03,Alameda,001,1643700.0,0,0,0,0,0,0,0,0,0,0,0,0,0,0,0.0,0.0,0.0
2020-08-03,Alpine,003,1148.0,0,0,0,0,0,0,0,0,0,0,0,0,0,0,0.0,0.0,0.0
2020-08-03,Amador,005,37829.0,0,0,0,0,0,0,0,0,0,0,0,0,0,0,0.0,0.0,0.0
2020-08-03,Butte,007,227075.0,0,0,0,0,0,0,0,0,0,0,0,0,0,0,0.0,0.0,0.0
2020-08-03,Calaveras,009,45235.0,0,0,0,0,0,0,0,0,0,0,0,0,0,0,0.0,0.0,0.0
2020-08-03,Colusa,011,21464.0,0,0,0,0,0,0,0,0,0,0,0,0,0,0,0.0,0.0,0.0
2020-08-03,Contra Costa,013,1133247.0,1,1,0,0,1,1,0,0,1,1,1,1,0,0,8.824201608298985e-07,8.824201608298985e-07,0.0
2020-08-03,Del Norte,015,27424.0,0,0,0,0,0,0,0,0,0,0,0,0,0,0,0.0,0.0,0.0
2020-08-03,El Dorado,017,186661.0,1,0,0,0,1,0,0,0,1,0,1,0,0,0,5.357305489630936e-06,5.357305489630936e-06,0.0
2020-08-03,Fresno,019,978130.0,1,0,1,0,0,0,0,0,1,0,1,0,0,0,1.0223589911361476e-06,1.0223589911361476e-06,0.0
2020-08-03,Glenn,021,27897.0,0,0,0,0,0,0,0,0,0,0,0,0,0,0,0.0,0.0,0.0
2020-08-03,Humboldt,023,135768.0,0,0,0,0,0,0,0,0,0,0,0,0,0,0,0.0,0.0,0.0
2020-08-03,Imperial,025,180216.0,0,0,0,0,0,0,0,0,0,0,0,0,0,0,0.0,0.0,0.0
2020-08-03,Inyo,027,18085.0,0,0,0,0,0,0,0,0,0,0,0,0,0,0,0.0,0.0,0.0
2020-08-03,Kern,029,883053.0,2,0,1,0,1,0,0,0,2,0,2,0,0,0,2.264869719031587e-06,2.264869719031587e-06,0.0
2020-08-03,Kings,031,150075.0,0,0,0,0,0,0,0,0,0,0,0,0,0,0,0.0,0.0,0.0
2020-08-03,Lake,033,64148.0,0,0,0,0,0,0,0,0,0,0,0,0,0,0,0.0,0.0,0.0
2020-08-03,Lassen,035,31185.0,0,0,0,0,0,0,0,0,0,0,0,0,0,0,0.0,0.0,0.0
2020-08-03,Los Angeles,037,10098052.0,6,0,4,0,2,0,0,0,4,0,6,0,2,0,3.961160033638171e-07,5.941740050457257e-07,1.9805800168190855e-07
2020-08-03,Madera,039,155013.0,0,0,0,0,0,0,0,0,0,0,0,0,0,0,0.0,0.0,0.0
2020-08-03,Marin,041,260295.0,0,0,0,0,0,0,0,0,0,0,0,0,0,0,0.0,0.0,0.0
2020-08-03,Mariposa,043,17540.0,0,0,0,0,0,0,0,0,0,0,0,0,0,0,0.0,0.0,0.0
2020-08-03,Mendocino,045,87422.0,0,0,0,0,0,0,0,0,0,0,0,0,0,0,0.0,0.0,0.0
2020-08-03,Merced,047,269075.0,0,0,0,0,0,0,0,0,0,0,0,0,0,0,0.0,0.0,0.0
2020-08-03,Modoc,049,8938.0,0,0,0,0,0,0,0,0,0,0,0,0,0,0,0.0,0.0,0.0
2020-08-03,Mono,051,14174.0,0,0,0,0,0,0,0,0,0,0,0,0,0,0,0.0,0.0,0.0
2020-08-03,Monterey,053,433212.0,0,0,0,0,0,0,0,0,0,0,0,0,0,0,0.0,0.0,0.0
2020-08-03,Napa,055,140530.0,0,0,0,0,0,0,0,0,0,0,0,0,0,0,0.0,0.0,0.0
2020-08-03,Nevada,057,99092.0,0,0,0,0,0,0,0,0,0,0,0,0,0,0,0.0,0.0,0.0
2020-08-03,Orange,059,3164182.0,2,0,2,0,0,0,0,0,2,0,2,0,0,0,6.320748932899561e-07,6.320748932899561e-07,0.0
2020-08-03,Placer,061,380077.0,0,0,0,0,0,0,0,0,0,0,0,0,0,0,0.0,0.0,0.0
2020-08-03,Plumas,063,18699.0,0,0,0,0,0,0,0,0,0,0,0,0,0,0,0.0,0.0,0.0
2020-08-03,Riverside,065,2383286.0,3,1,1,0,2,1,0,0,3,1,3,1,0,0,1.2587662580151942e-06,1.2587662580151942e-06,0.0
2020-08-03,Sacramento,067,1510023.0,5,2,0,0,5,2,0,0,5,2,5,2,0,0,3.311207842529551e-06,3.311207842529551e-06,0.0
2020-08-03,San Benito,069,59416.0,0,0,0,0,0,0,0,0,0,0,0,0,0,0,0.0,0.0,0.0
2020-08-03,San Bernardino,071,2135413.0,1,0,0,0,1,0,0,0,1,0,1,0,0,0,4.682934870210119e-07,4.682934870210119e-07,0.0
2020-08-03,San Diego,073,3302833.0,19,5,1,0,18,5,0,0,19,5,19,5,0,0,5.7526372056958375e-06,5.7526372056958375e-06,0.0
2020-08-03,San Francisco,075,870044.0,1,1,0,0,1,1,0,0,0,0,1,1,1,1,0.0,1.1493671584425616e-06,1.1493671584425616e-06
2020-08-03,San Joaquin,077,732212.0,1,0,0,0,1,0,0,0,1,0,1,0,0,0,1.365724680830142e-06,1.365724680830142e-06,0.0
2020-08-03,San Luis Obispo,079,281455.0,0,0,0,0,0,0,0,0,0,0,0,0,0,0,0.0,0.0,0.0
2020-08-03,San Mateo,081,765935.0,1,0,0,0,1,0,0,0,1,0,1,0,0,0,1.305593816707684e-06,1.305593816707684e-06,0.0
2020-08-03,Santa Barbara,083,443738.0,1,0,1,0,0,0,0,0,1,0,1,0,0,0,2.253582068698196e-06,2.253582068698196e-06,0.0
2020-08-03,Santa Clara,085,1922200.0,3,1,1,0,2,1,0,0,2,1,3,1,1,0,1.0404744563520965e-06,1.560711684528145e-06,5.202372281760482e-07
2020-08-03,Santa Cruz,087,273765.0,1,0,0,0,1,0,0,0,1,0,1,0,0,0,3.652767884864756e-06,3.652767884864756e-06,0.0
2020-08-03,Shasta,089,179085.0,0,0,0,0,0,0,0,0,0,0,0,0,0,0,0.0,0.0,0.0
2020-08-03,Sierra,091,2930.0,0,0,0,0,0,0,0,0,0,0,0,0,0,0,0.0,0.0,0.0
2020-08-03,Siskiyou,093,43540.0,0,0,0,0,0,0,0,0,0,0,0,0,0,0,0.0,0.0,0.0
2020-08-03,Solano,095,438530.0,0,0,0,0,0,0,0,0,0,0,0,0,0,0,0.0,0.0,0.0
2020-08-03,Sonoma,097,501317.0,0,0,0,0,0,0,0,0,0,0,0,0,0,0,0.0,0.0,0.0
2020-08-03,Stanislaus,099,539301.0,3,0,3,0,0,0,0,0,3,0,3,0,0,0,5.56275623445905e-06,5.56275623445905e-06,0.0
2020-08-03,Sutter,101,95872.0,0,0,0,0,0,0,0,0,0,0,0,0,0,0,0.0,0.0,0.0
2020-08-03,Tehama,103,63373.0,0,0,0,0,0,0,0,0,0,0,0,0,0,0,0.0,0.0,0.0
2020-08-03,Trinity,105,12862.0,0,0,0,0,0,0,0,0,0,0,0,0,0,0,0.0,0.0,0.0
2020-08-03,Tulare,107,460477.0,0,0,0,0,0,0,0,0,0,0,0,0,0,0,0.0,0.0,0.0
2020-08-03,Tuolumne,109,53932.0,0,0,0,0,0,0,0,0,0,0,0,0,0,0,0.0,0.0,0.0
2020-08-03,Ventura,111,848112.0,2,0,1,0,1,0,0,0,2,0,2,0,0,0,2.3581791084196427e-06,2.3581791084196427e-06,0.0
2020-08-03,Yolo,113,214977.0,5,2,0,0,5,2,0,0,4,2,5,2,1,0,1.860664164073366e-05,2.3258302050917078e-05,4.651660410183415e-06
2020-08-03,Yuba,115,75493.0,0,0,0,0,0,0,0,0,0,0,0,0,0,0,0.0,0.0,0.0
2020-08-02,Alameda,001,1643700.0,0,0,0,0,0,0,0,0,0,0,0,0,0,0,0.0,0.0,0.0
2020-08-02,Alpine,003,1148.0,0,0,0,0,0,0,0,0,0,0,0,0,0,0,0.0,0.0,0.0
2020-08-02,Amador,005,37829.0,0,0,0,0,0,0,0,0,0,0,0,0,0,0,0.0,0.0,0.0
2020-08-02,Butte,007,227075.0,0,0,0,0,0,0,0,0,0,0,0,0,0,0,0.0,0.0,0.0
2020-08-02,Calaveras,009,45235.0,0,0,0,0,0,0,0,0,0,0,0,0,0,0,0.0,0.0,0.0
2020-08-02,Colusa,011,21464.0,0,0,0,0,0,0,0,0,0,0,0,0,0,0,0.0,0.0,0.0
2020-08-02,Contra Costa,013,1133247.0,0,0,0,0,0,0,0,0,0,0,0,0,0,0,0.0,0.0,0.0
2020-08-02,Del Norte,015,27424.0,0,0,0,0,0,0,0,0,0,0,0,0,0,0,0.0,0.0,0.0
2020-08-02,El Dorado,017,186661.0,1,0,0,0,1,0,0,0,1,0,1,0,0,0,5.357305489630936e-06,5.357305489630936e-06,0.0
2020-08-02,Fresno,019,978130.0,1,0,1,0,0,0,0,0,1,0,1,0,0,0,1.0223589911361476e-06,1.0223589911361476e-06,0.0
2020-08-02,Glenn,021,27897.0,0,0,0,0,0,0,0,0,0,0,0,0,0,0,0.0,0.0,0.0
2020-08-02,Humboldt,023,135768.0,0,0,0,0,0,0,0,0,0,0,0,0,0,0,0.0,0.0,0.0
2020-08-02,Imperial,025,180216.0,0,0,0,0,0,0,0,0,0,0,0,0,0,0,0.0,0.0,0.0
2020-08-02,Inyo,027,18085.0,0,0,0,0,0,0,0,0,0,0,0,0,0,0,0.0,0.0,0.0
2020-08-02,Kern,029,883053.0,2,0,1,0,1,0,0,0,2,0,2,0,0,0,2.264869719031587e-06,2.264869719031587e-06,0.0
2020-08-02,Kings,031,150075.0,0,0,0,0,0,0,0,0,0,0,0,0,0,0,0.0,0.0,0.0
2020-08-02,Lake,033,64148.0,0,0,0,0,0,0,0,0,0,0,0,0,0,0,0.0,0.0,0.0
2020-08-02,Lassen,035,31185.0,0,0,0,0,0,0,0,0,0,0,0,0,0,0,0.0,0.0,0.0
2020-08-02,Los Angeles,037,10098052.0,6,0,4,0,2,0,0,0,4,0,6,0,2,0,3.961160033638171e-07,5.941740050457257e-07,1.9805800168190855e-07
2020-08-02,Madera,039,155013.0,0,0,0,0,0,0,0,0,0,0,0,0,0,0,0.0,0.0,0.0
2020-08-02,Marin,041,260295.0,0,0,0,0,0,0,0,0,0,0,0,0,0,0,0.0,0.0,0.0
2020-08-02,Mariposa,043,17540.0,0,0,0,0,0,0,0,0,0,0,0,0,0,0,0.0,0.0,0.0
2020-08-02,Mendocino,045,87422.0,0,0,0,0,0,0,0,0,0,0,0,0,0,0,0.0,0.0,0.0
2020-08-02,Merced,047,269075.0,0,0,0,0,0,0,0,0,0,0,0,0,0,0,0.0,0.0,0.0
2020-08-02,Modoc,049,8938.0,0,0,0,0,0,0,0,0,0,0,0,0,0,0,0.0,0.0,0.0
2020-08-02,Mono,051,14174.0,0,0,0,0,0,0,0,0,0,0,0,0,0,0,0.0,0.0,0.0
2020-08-02,Monterey,053,433212.0,0,0,0,0,0,0,0,0,0,0,0,0,0,0,0.0,0.0,0.0
2020-08-02,Napa,055,140530.0,0,0,0,0,0,0,0,0,0,0,0,0,0,0,0.0,0.0,0.0
2020-08-02,Nevada,057,99092.0,0,0,0,0,0,0,0,0,0,0,0,0,0,0,0.0,0.0,0.0
2020-08-02,Orange,059,3164182.0,2,1,2,1,0,0,0,0,2,1,2,1,0,0,6.320748932899561e-07,6.320748932899561e-07,0.0
2020-08-02,Placer,061,380077.0,0,0,0,0,0,0,0,0,0,0,0,0,0,0,0.0,0.0,0.0
2020-08-02,Plumas,063,18699.0,0,0,0,0,0,0,0,0,0,0,0,0,0,0,0.0,0.0,0.0
2020-08-02,Riverside,065,2383286.0,2,0,1,0,1,0,0,0,2,0,2,0,0,0,8.391775053434627e-07,8.391775053434627e-07,0.0
2020-08-02,Sacramento,067,1510023.0,3,0,0,0,3,0,0,0,3,0,3,0,0,0,1.9867247055177304e-06,1.9867247055177304e-06,0.0
2020-08-02,San Benito,069,59416.0,0,0,0,0,0,0,0,0,0,0,0,0,0,0,0.0,0.0,0.0
2020-08-02,San Bernardino,071,2135413.0,1,0,0,0,1,0,0,0,1,0,1,0,0,0,4.682934870210119e-07,4.682934870210119e-07,0.0
2020-08-02,San Diego,073,3302833.0,14,1,1,0,13,1,0,0,14,1,14,1,0,0,4.23878530946009e-06,4.23878530946009e-06,0.0
2020-08-02,San Francisco,075,870044.0,0,0,0,0,0,0,0,0,0,0,0,0,0,0,0.0,0.0,0.0
2020-08-02,San Joaquin,077,732212.0,1,0,0,0,1,0,0,0,1,0,1,0,0,0,1.365724680830142e-06,1.365724680830142e-06,0.0
2020-08-02,San Luis Obispo,079,281455.0,0,0,0,0,0,0,0,0,0,0,0,0,0,0,0.0,0.0,0.0
2020-08-02,San Mateo,081,765935.0,1,0,0,0,1,0,0,0,1,0,1,0,0,0,1.305593816707684e-06,1.305593816707684e-06,0.0
2020-08-02,Santa Barbara,083,443738.0,1,0,1,0,0,0,0,0,1,0,1,0,0,0,2.253582068698196e-06,2.253582068698196e-06,0.0
2020-08-02,Santa Clara,085,1922200.0,2,1,1,0,1,1,0,0,1,0,2,1,1,1,5.202372281760482e-07,1.0404744563520965e-06,5.202372281760482e-07
2020-08-02,Santa Cruz,087,273765.0,1,0,0,0,1,0,0,0,1,0,1,0,0,0,3.652767884864756e-06,3.652767884864756e-06,0.0
2020-08-02,Shasta,089,179085.0,0,0,0,0,0,0,0,0,0,0,0,0,0,0,0.0,0.0,0.0
2020-08-02,Sierra,091,2930.0,0,0,0,0,0,0,0,0,0,0,0,0,0,0,0.0,0.0,0.0
2020-08-02,Siskiyou,093,43540.0,0,0,0,0,0,0,0,0,0,0,0,0,0,0,0.0,0.0,0.0
2020-08-02,Solano,095,438530.0,0,0,0,0,0,0,0,0,0,0,0,0,0,0,0.0,0.0,0.0
2020-08-02,Sonoma,097,501317.0,0,0,0,0,0,0,0,0,0,0,0,0,0,0,0.0,0.0,0.0
2020-08-02,Stanislaus,099,539301.0,3,0,3,0,0,0,0,0,3,0,3,0,0,0,5.56275623445905e-06,5.56275623445905e-06,0.0
2020-08-02,Sutter,101,95872.0,0,0,0,0,0,0,0,0,0,0,0,0,0,0,0.0,0.0,0.0
2020-08-02,Tehama,103,63373.0,0,0,0,0,0,0,0,0,0,0,0,0,0,0,0.0,0.0,0.0
2020-08-02,Trinity,105,12862.0,0,0,0,0,0,0,0,0,0,0,0,0,0,0,0.0,0.0,0.0
2020-08-02,Tulare,107,460477.0,0,0,0,0,0,0,0,0,0,0,0,0,0,0,0.0,0.0,0.0
2020-08-02,Tuolumne,109,53932.0,0,0,0,0,0,0,0,0,0,0,0,0,0,0,0.0,0.0,0.0
2020-08-02,Ventura,111,848112.0,2,0,1,0,1,0,0,0,2,0,2,0,0,0,2.3581791084196427e-06,2.3581791084196427e-06,0.0
2020-08-02,Yolo,113,214977.0,3,0,0,0,3,0,0,0,2,0,3,0,1,0,9.30332082036683e-06,1.3954981230550245e-05,4.651660410183415e-06
2020-08-02,Yuba,115,75493.0,0,0,0,0,0,0,0,0,0,0,0,0,0,0,0.0,0.0,0.0
2020-08-01,Alameda,001,1643700.0,0,0,0,0,0,0,0,0,0,0,0,0,0,0,0.0,0.0,0.0
2020-08-01,Alpine,003,1148.0,0,0,0,0,0,0,0,0,0,0,0,0,0,0,0.0,0.0,0.0
2020-08-01,Amador,005,37829.0,0,0,0,0,0,0,0,0,0,0,0,0,0,0,0.0,0.0,0.0
2020-08-01,Butte,007,227075.0,0,0,0,0,0,0,0,0,0,0,0,0,0,0,0.0,0.0,0.0
2020-08-01,Calaveras,009,45235.0,0,0,0,0,0,0,0,0,0,0,0,0,0,0,0.0,0.0,0.0
2020-08-01,Colusa,011,21464.0,0,0,0,0,0,0,0,0,0,0,0,0,0,0,0.0,0.0,0.0
2020-08-01,Contra Costa,013,1133247.0,0,0,0,0,0,0,0,0,0,0,0,0,0,0,0.0,0.0,0.0
2020-08-01,Del Norte,015,27424.0,0,0,0,0,0,0,0,0,0,0,0,0,0,0,0.0,0.0,0.0
2020-08-01,El Dorado,017,186661.0,1,0,0,0,1,0,0,0,1,0,1,0,0,0,5.357305489630936e-06,5.357305489630936e-06,0.0
2020-08-01,Fresno,019,978130.0,1,0,1,0,0,0,0,0,1,0,1,0,0,0,1.0223589911361476e-06,1.0223589911361476e-06,0.0
2020-08-01,Glenn,021,27897.0,0,0,0,0,0,0,0,0,0,0,0,0,0,0,0.0,0.0,0.0
2020-08-01,Humboldt,023,135768.0,0,0,0,0,0,0,0,0,0,0,0,0,0,0,0.0,0.0,0.0
2020-08-01,Imperial,025,180216.0,0,0,0,0,0,0,0,0,0,0,0,0,0,0,0.0,0.0,0.0
2020-08-01,Inyo,027,18085.0,0,0,0,0,0,0,0,0,0,0,0,0,0,0,0.0,0.0,0.0
2020-08-01,Kern,029,883053.0,2,2,1,1,1,1,0,0,2,2,2,2,0,0,2.264869719031587e-06,2.264869719031587e-06,0.0
2020-08-01,Kings,031,150075.0,0,0,0,0,0,0,0,0,0,0,0,0,0,0,0.0,0.0,0.0
2020-08-01,Lake,033,64148.0,0,0,0,0,0,0,0,0,0,0,0,0,0,0,0.0,0.0,0.0
2020-08-01,Lassen,035,31185.0,0,0,0,0,0,0,0,0,0,0,0,0,0,0,0.0,0.0,0.0
2020-08-01,Los Angeles,037,10098052.0,6,2,4,1,2,1,0,0,4,1,6,2,2,1,3.961160033638171e-07,5.941740050457257e-07,1.9805800168190855e-07
2020-08-01,Madera,039,155013.0,0,0,0,0,0,0,0,0,0,0,0,0,0,0,0.0,0.0,0.0
2020-08-01,Marin,041,260295.0,0,0,0,0,0,0,0,0,0,0,0,0,0,0,0.0,0.0,0.0
2020-08-01,Mariposa,043,17540.0,0,0,0,0,0,0,0,0,0,0,0,0,0,0,0.0,0.0,0.0
2020-08-01,Mendocino,045,87422.0,0,0,0,0,0,0,0,0,0,0,0,0,0,0,0.0,0.0,0.0
2020-08-01,Merced,047,269075.0,0,0,0,0,0,0,0,0,0,0,0,0,0,0,0.0,0.0,0.0
2020-08-01,Modoc,049,8938.0,0,0,0,0,0,0,0,0,0,0,0,0,0,0,0.0,0.0,0.0
2020-08-01,Mono,051,14174.0,0,0,0,0,0,0,0,0,0,0,0,0,0,0,0.0,0.0,0.0
2020-08-01,Monterey,053,433212.0,0,0,0,0,0,0,0,0,0,0,0,0,0,0,0.0,0.0,0.0
2020-08-01,Napa,055,140530.0,0,0,0,0,0,0,0,0,0,0,0,0,0,0,0.0,0.0,0.0
2020-08-01,Nevada,057,99092.0,0,0,0,0,0,0,0,0,0,0,0,0,0,0,0.0,0.0,0.0
2020-08-01,Orange,059,3164182.0,1,1,1,1,0,0,0,0,1,1,1,1,0,0,3.160374466449781e-07,3.160374466449781e-07,0.0
2020-08-01,Placer,061,380077.0,0,0,0,0,0,0,0,0,0,0,0,0,0,0,0.0,0.0,0.0
2020-08-01,Plumas,063,18699.0,0,0,0,0,0,0,0,0,0,0,0,0,0,0,0.0,0.0,0.0
2020-08-01,Riverside,065,2383286.0,2,0,1,0,1,0,0,0,2,0,2,0,0,0,8.391775053434627e-07,8.391775053434627e-07,0.0
2020-08-01,Sacramento,067,1510023.0,3,1,0,0,3,1,0,0,3,1,3,1,0,0,1.9867247055177304e-06,1.9867247055177304e-06,0.0
2020-08-01,San Benito,069,59416.0,0,0,0,0,0,0,0,0,0,0,0,0,0,0,0.0,0.0,0.0
2020-08-01,San Bernardino,071,2135413.0,1,0,0,0,1,0,0,0,1,0,1,0,0,0,4.682934870210119e-07,4.682934870210119e-07,0.0
2020-08-01,San Diego,073,3302833.0,13,3,1,0,12,3,0,0,13,3,13,3,0,0,3.936014930212941e-06,3.936014930212941e-06,0.0
2020-08-01,San Francisco,075,870044.0,0,0,0,0,0,0,0,0,0,0,0,0,0,0,0.0,0.0,0.0
2020-08-01,San Joaquin,077,732212.0,1,0,0,0,1,0,0,0,1,0,1,0,0,0,1.365724680830142e-06,1.365724680830142e-06,0.0
2020-08-01,San Luis Obispo,079,281455.0,0,0,0,0,0,0,0,0,0,0,0,0,0,0,0.0,0.0,0.0
2020-08-01,San Mateo,081,765935.0,1,1,0,0,1,1,0,0,1,1,1,1,0,0,1.305593816707684e-06,1.305593816707684e-06,0.0
2020-08-01,Santa Barbara,083,443738.0,1,1,1,1,0,0,0,0,1,1,1,1,0,0,2.253582068698196e-06,2.253582068698196e-06,0.0
2020-08-01,Santa Clara,085,1922200.0,1,0,1,0,0,0,0,0,1,0,1,0,0,0,5.202372281760482e-07,5.202372281760482e-07,0.0
2020-08-01,Santa Cruz,087,273765.0,1,0,0,0,1,0,0,0,1,0,1,0,0,0,3.652767884864756e-06,3.652767884864756e-06,0.0
2020-08-01,Shasta,089,179085.0,0,0,0,0,0,0,0,0,0,0,0,0,0,0,0.0,0.0,0.0
2020-08-01,Sierra,091,2930.0,0,0,0,0,0,0,0,0,0,0,0,0,0,0,0.0,0.0,0.0
2020-08-01,Siskiyou,093,43540.0,0,0,0,0,0,0,0,0,0,0,0,0,0,0,0.0,0.0,0.0
2020-08-01,Solano,095,438530.0,0,0,0,0,0,0,0,0,0,0,0,0,0,0,0.0,0.0,0.0
2020-08-01,Sonoma,097,501317.0,0,0,0,0,0,0,0,0,0,0,0,0,0,0,0.0,0.0,0.0
2020-08-01,Stanislaus,099,539301.0,3,0,3,0,0,0,0,0,3,0,3,0,0,0,5.56275623445905e-06,5.56275623445905e-06,0.0
2020-08-01,Sutter,101,95872.0,0,0,0,0,0,0,0,0,0,0,0,0,0,0,0.0,0.0,0.0
2020-08-01,Tehama,103,63373.0,0,0,0,0,0,0,0,0,0,0,0,0,0,0,0.0,0.0,0.0
2020-08-01,Trinity,105,12862.0,0,0,0,0,0,0,0,0,0,0,0,0,0,0,0.0,0.0,0.0
2020-08-01,Tulare,107,460477.0,0,0,0,0,0,0,0,0,0,0,0,0,0,0,0.0,0.0,0.0
2020-08-01,Tuolumne,109,53932.0,0,0,0,0,0,0,0,0,0,0,0,0,0,0,0.0,0.0,0.0
2020-08-01,Ventura,111,848112.0,2,0,1,0,1,0,0,0,2,0,2,0,0,0,2.3581791084196427e-06,2.3581791084196427e-06,0.0
2020-08-01,Yolo,113,214977.0,3,0,0,0,3,0,0,0,2,0,3,0,1,0,9.30332082036683e-06,1.3954981230550245e-05,4.651660410183415e-06
2020-08-01,Yuba,115,75493.0,0,0,0,0,0,0,0,0,0,0,0,0,0,0,0.0,0.0,0.0
2020-07-31,Alameda,001,1643700.0,0,0,0,0,0,0,0,0,0,0,0,0,0,0,0.0,0.0,0.0
2020-07-31,Alpine,003,1148.0,0,0,0,0,0,0,0,0,0,0,0,0,0,0,0.0,0.0,0.0
2020-07-31,Amador,005,37829.0,0,0,0,0,0,0,0,0,0,0,0,0,0,0,0.0,0.0,0.0
2020-07-31,Butte,007,227075.0,0,0,0,0,0,0,0,0,0,0,0,0,0,0,0.0,0.0,0.0
2020-07-31,Calaveras,009,45235.0,0,0,0,0,0,0,0,0,0,0,0,0,0,0,0.0,0.0,0.0
2020-07-31,Colusa,011,21464.0,0,0,0,0,0,0,0,0,0,0,0,0,0,0,0.0,0.0,0.0
2020-07-31,Contra Costa,013,1133247.0,0,0,0,0,0,0,0,0,0,0,0,0,0,0,0.0,0.0,0.0
2020-07-31,Del Norte,015,27424.0,0,0,0,0,0,0,0,0,0,0,0,0,0,0,0.0,0.0,0.0
2020-07-31,El Dorado,017,186661.0,1,0,0,0,1,0,0,0,1,0,1,0,0,0,5.357305489630936e-06,5.357305489630936e-06,0.0
2020-07-31,Fresno,019,978130.0,1,0,1,0,0,0,0,0,1,0,1,0,0,0,1.0223589911361476e-06,1.0223589911361476e-06,0.0
2020-07-31,Glenn,021,27897.0,0,0,0,0,0,0,0,0,0,0,0,0,0,0,0.0,0.0,0.0
2020-07-31,Humboldt,023,135768.0,0,0,0,0,0,0,0,0,0,0,0,0,0,0,0.0,0.0,0.0
2020-07-31,Imperial,025,180216.0,0,0,0,0,0,0,0,0,0,0,0,0,0,0,0.0,0.0,0.0
2020-07-31,Inyo,027,18085.0,0,0,0,0,0,0,0,0,0,0,0,0,0,0,0.0,0.0,0.0
2020-07-31,Kern,029,883053.0,0,0,0,0,0,0,0,0,0,0,0,0,0,0,0.0,0.0,0.0
2020-07-31,Kings,031,150075.0,0,0,0,0,0,0,0,0,0,0,0,0,0,0,0.0,0.0,0.0
2020-07-31,Lake,033,64148.0,0,0,0,0,0,0,0,0,0,0,0,0,0,0,0.0,0.0,0.0
2020-07-31,Lassen,035,31185.0,0,0,0,0,0,0,0,0,0,0,0,0,0,0,0.0,0.0,0.0
2020-07-31,Los Angeles,037,10098052.0,4,0,3,0,1,0,0,0,3,0,4,0,1,0,2.9708700252286285e-07,3.961160033638171e-07,9.902900084095429e-08
2020-07-31,Madera,039,155013.0,0,0,0,0,0,0,0,0,0,0,0,0,0,0,0.0,0.0,0.0
2020-07-31,Marin,041,260295.0,0,0,0,0,0,0,0,0,0,0,0,0,0,0,0.0,0.0,0.0
2020-07-31,Mariposa,043,17540.0,0,0,0,0,0,0,0,0,0,0,0,0,0,0,0.0,0.0,0.0
2020-07-31,Mendocino,045,87422.0,0,0,0,0,0,0,0,0,0,0,0,0,0,0,0.0,0.0,0.0
2020-07-31,Merced,047,269075.0,0,0,0,0,0,0,0,0,0,0,0,0,0,0,0.0,0.0,0.0
2020-07-31,Modoc,049,8938.0,0,0,0,0,0,0,0,0,0,0,0,0,0,0,0.0,0.0,0.0
2020-07-31,Mono,051,14174.0,0,0,0,0,0,0,0,0,0,0,0,0,0,0,0.0,0.0,0.0
2020-07-31,Monterey,053,433212.0,0,0,0,0,0,0,0,0,0,0,0,0,0,0,0.0,0.0,0.0
2020-07-31,Napa,055,140530.0,0,0,0,0,0,0,0,0,0,0,0,0,0,0,0.0,0.0,0.0
2020-07-31,Nevada,057,99092.0,0,0,0,0,0,0,0,0,0,0,0,0,0,0,0.0,0.0,0.0
2020-07-31,Orange,059,3164182.0,0,0,0,0,0,0,0,0,0,0,0,0,0,0,0.0,0.0,0.0
2020-07-31,Placer,061,380077.0,0,0,0,0,0,0,0,0,0,0,0,0,0,0,0.0,0.0,0.0
2020-07-31,Plumas,063,18699.0,0,0,0,0,0,0,0,0,0,0,0,0,0,0,0.0,0.0,0.0
2020-07-31,Riverside,065,2383286.0,2,1,1,1,1,0,0,0,2,1,2,1,0,0,8.391775053434627e-07,8.391775053434627e-07,0.0
2020-07-31,Sacramento,067,1510023.0,2,0,0,0,2,0,0,0,2,0,2,0,0,0,1.3244831370118202e-06,1.3244831370118202e-06,0.0
2020-07-31,San Benito,069,59416.0,0,0,0,0,0,0,0,0,0,0,0,0,0,0,0.0,0.0,0.0
2020-07-31,San Bernardino,071,2135413.0,1,0,0,0,1,0,0,0,1,0,1,0,0,0,4.682934870210119e-07,4.682934870210119e-07,0.0
2020-07-31,San Diego,073,3302833.0,10,3,1,1,9,2,0,0,10,3,10,3,0,0,3.0277037924714933e-06,3.0277037924714933e-06,0.0
2020-07-31,San Francisco,075,870044.0,0,0,0,0,0,0,0,0,0,0,0,0,0,0,0.0,0.0,0.0
2020-07-31,San Joaquin,077,732212.0,1,0,0,0,1,0,0,0,1,0,1,0,0,0,1.365724680830142e-06,1.365724680830142e-06,0.0
2020-07-31,San Luis Obispo,079,281455.0,0,0,0,0,0,0,0,0,0,0,0,0,0,0,0.0,0.0,0.0
2020-07-31,San Mateo,081,765935.0,0,0,0,0,0,0,0,0,0,0,0,0,0,0,0.0,0.0,0.0
2020-07-31,Santa Barbara,083,443738.0,0,0,0,0,0,0,0,0,0,0,0,0,0,0,0.0,0.0,0.0
2020-07-31,Santa Clara,085,1922200.0,1,1,1,1,0,0,0,0,1,1,1,1,0,0,5.202372281760482e-07,5.202372281760482e-07,0.0
2020-07-31,Santa Cruz,087,273765.0,1,0,0,0,1,0,0,0,1,0,1,0,0,0,3.652767884864756e-06,3.652767884864756e-06,0.0
2020-07-31,Shasta,089,179085.0,0,0,0,0,0,0,0,0,0,0,0,0,0,0,0.0,0.0,0.0
2020-07-31,Sierra,091,2930.0,0,0,0,0,0,0,0,0,0,0,0,0,0,0,0.0,0.0,0.0
2020-07-31,Siskiyou,093,43540.0,0,0,0,0,0,0,0,0,0,0,0,0,0,0,0.0,0.0,0.0
2020-07-31,Solano,095,438530.0,0,0,0,0,0,0,0,0,0,0,0,0,0,0,0.0,0.0,0.0
2020-07-31,Sonoma,097,501317.0,0,0,0,0,0,0,0,0,0,0,0,0,0,0,0.0,0.0,0.0
2020-07-31,Stanislaus,099,539301.0,3,0,3,0,0,0,0,0,3,0,3,0,0,0,5.56275623445905e-06,5.56275623445905e-06,0.0
2020-07-31,Sutter,101,95872.0,0,0,0,0,0,0,0,0,0,0,0,0,0,0,0.0,0.0,0.0
2020-07-31,Tehama,103,63373.0,0,0,0,0,0,0,0,0,0,0,0,0,0,0,0.0,0.0,0.0
2020-07-31,Trinity,105,12862.0,0,0,0,0,0,0,0,0,0,0,0,0,0,0,0.0,0.0,0.0
2020-07-31,Tulare,107,460477.0,0,0,0,0,0,0,0,0,0,0,0,0,0,0,0.0,0.0,0.0
2020-07-31,Tuolumne,109,53932.0,0,0,0,0,0,0,0,0,0,0,0,0,0,0,0.0,0.0,0.0
2020-07-31,Ventura,111,848112.0,2,1,1,1,1,0,0,0,2,1,2,1,0,0,2.3581791084196427e-06,2.3581791084196427e-06,0.0
2020-07-31,Yolo,113,214977.0,3,0,0,0,3,0,0,0,2,0,3,0,1,0,9.30332082036683e-06,1.3954981230550245e-05,4.651660410183415e-06
2020-07-31,Yuba,115,75493.0,0,0,0,0,0,0,0,0,0,0,0,0,0,0,0.0,0.0,0.0
2020-07-30,Alameda,001,1643700.0,0,0,0,0,0,0,0,0,0,0,0,0,0,0,0.0,0.0,0.0
2020-07-30,Alpine,003,1148.0,0,0,0,0,0,0,0,0,0,0,0,0,0,0,0.0,0.0,0.0
2020-07-30,Amador,005,37829.0,0,0,0,0,0,0,0,0,0,0,0,0,0,0,0.0,0.0,0.0
2020-07-30,Butte,007,227075.0,0,0,0,0,0,0,0,0,0,0,0,0,0,0,0.0,0.0,0.0
2020-07-30,Calaveras,009,45235.0,0,0,0,0,0,0,0,0,0,0,0,0,0,0,0.0,0.0,0.0
2020-07-30,Colusa,011,21464.0,0,0,0,0,0,0,0,0,0,0,0,0,0,0,0.0,0.0,0.0
2020-07-30,Contra Costa,013,1133247.0,0,0,0,0,0,0,0,0,0,0,0,0,0,0,0.0,0.0,0.0
2020-07-30,Del Norte,015,27424.0,0,0,0,0,0,0,0,0,0,0,0,0,0,0,0.0,0.0,0.0
2020-07-30,El Dorado,017,186661.0,1,0,0,0,1,0,0,0,1,0,1,0,0,0,5.357305489630936e-06,5.357305489630936e-06,0.0
2020-07-30,Fresno,019,978130.0,1,0,1,0,0,0,0,0,1,0,1,0,0,0,1.0223589911361476e-06,1.0223589911361476e-06,0.0
2020-07-30,Glenn,021,27897.0,0,0,0,0,0,0,0,0,0,0,0,0,0,0,0.0,0.0,0.0
2020-07-30,Humboldt,023,135768.0,0,0,0,0,0,0,0,0,0,0,0,0,0,0,0.0,0.0,0.0
2020-07-30,Imperial,025,180216.0,0,0,0,0,0,0,0,0,0,0,0,0,0,0,0.0,0.0,0.0
2020-07-30,Inyo,027,18085.0,0,0,0,0,0,0,0,0,0,0,0,0,0,0,0.0,0.0,0.0
2020-07-30,Kern,029,883053.0,0,0,0,0,0,0,0,0,0,0,0,0,0,0,0.0,0.0,0.0
2020-07-30,Kings,031,150075.0,0,0,0,0,0,0,0,0,0,0,0,0,0,0,0.0,0.0,0.0
2020-07-30,Lake,033,64148.0,0,0,0,0,0,0,0,0,0,0,0,0,0,0,0.0,0.0,0.0
2020-07-30,Lassen,035,31185.0,0,0,0,0,0,0,0,0,0,0,0,0,0,0,0.0,0.0,0.0
2020-07-30,Los Angeles,037,10098052.0,4,2,3,1,1,1,0,0,3,1,4,2,1,1,2.9708700252286285e-07,3.961160033638171e-07,9.902900084095429e-08
2020-07-30,Madera,039,155013.0,0,0,0,0,0,0,0,0,0,0,0,0,0,0,0.0,0.0,0.0
2020-07-30,Marin,041,260295.0,0,0,0,0,0,0,0,0,0,0,0,0,0,0,0.0,0.0,0.0
2020-07-30,Mariposa,043,17540.0,0,0,0,0,0,0,0,0,0,0,0,0,0,0,0.0,0.0,0.0
2020-07-30,Mendocino,045,87422.0,0,0,0,0,0,0,0,0,0,0,0,0,0,0,0.0,0.0,0.0
2020-07-30,Merced,047,269075.0,0,0,0,0,0,0,0,0,0,0,0,0,0,0,0.0,0.0,0.0
2020-07-30,Modoc,049,8938.0,0,0,0,0,0,0,0,0,0,0,0,0,0,0,0.0,0.0,0.0
2020-07-30,Mono,051,14174.0,0,0,0,0,0,0,0,0,0,0,0,0,0,0,0.0,0.0,0.0
2020-07-30,Monterey,053,433212.0,0,0,0,0,0,0,0,0,0,0,0,0,0,0,0.0,0.0,0.0
2020-07-30,Napa,055,140530.0,0,0,0,0,0,0,0,0,0,0,0,0,0,0,0.0,0.0,0.0
2020-07-30,Nevada,057,99092.0,0,0,0,0,0,0,0,0,0,0,0,0,0,0,0.0,0.0,0.0
2020-07-30,Orange,059,3164182.0,0,0,0,0,0,0,0,0,0,0,0,0,0,0,0.0,0.0,0.0
2020-07-30,Placer,061,380077.0,0,0,0,0,0,0,0,0,0,0,0,0,0,0,0.0,0.0,0.0
2020-07-30,Plumas,063,18699.0,0,0,0,0,0,0,0,0,0,0,0,0,0,0,0.0,0.0,0.0
2020-07-30,Riverside,065,2383286.0,1,1,0,0,1,1,0,0,1,1,1,1,0,0,4.195887526717314e-07,4.195887526717314e-07,0.0
2020-07-30,Sacramento,067,1510023.0,2,2,0,0,2,2,0,0,2,2,2,2,0,0,1.3244831370118202e-06,1.3244831370118202e-06,0.0
2020-07-30,San Benito,069,59416.0,0,0,0,0,0,0,0,0,0,0,0,0,0,0,0.0,0.0,0.0
2020-07-30,San Bernardino,071,2135413.0,1,0,0,0,1,0,0,0,1,0,1,0,0,0,4.682934870210119e-07,4.682934870210119e-07,0.0
2020-07-30,San Diego,073,3302833.0,7,3,0,0,7,3,0,0,7,3,7,3,0,0,2.119392654730045e-06,2.119392654730045e-06,0.0
2020-07-30,San Francisco,075,870044.0,0,0,0,0,0,0,0,0,0,0,0,0,0,0,0.0,0.0,0.0
2020-07-30,San Joaquin,077,732212.0,1,0,0,0,1,0,0,0,1,0,1,0,0,0,1.365724680830142e-06,1.365724680830142e-06,0.0
2020-07-30,San Luis Obispo,079,281455.0,0,0,0,0,0,0,0,0,0,0,0,0,0,0,0.0,0.0,0.0
2020-07-30,San Mateo,081,765935.0,0,0,0,0,0,0,0,0,0,0,0,0,0,0,0.0,0.0,0.0
2020-07-30,Santa Barbara,083,443738.0,0,0,0,0,0,0,0,0,0,0,0,0,0,0,0.0,0.0,0.0
2020-07-30,Santa Clara,085,1922200.0,0,0,0,0,0,0,0,0,0,0,0,0,0,0,0.0,0.0,0.0
2020-07-30,Santa Cruz,087,273765.0,1,0,0,0,1,0,0,0,1,0,1,0,0,0,3.652767884864756e-06,3.652767884864756e-06,0.0
2020-07-30,Shasta,089,179085.0,0,0,0,0,0,0,0,0,0,0,0,0,0,0,0.0,0.0,0.0
2020-07-30,Sierra,091,2930.0,0,0,0,0,0,0,0,0,0,0,0,0,0,0,0.0,0.0,0.0
2020-07-30,Siskiyou,093,43540.0,0,0,0,0,0,0,0,0,0,0,0,0,0,0,0.0,0.0,0.0
2020-07-30,Solano,095,438530.0,0,0,0,0,0,0,0,0,0,0,0,0,0,0,0.0,0.0,0.0
2020-07-30,Sonoma,097,501317.0,0,0,0,0,0,0,0,0,0,0,0,0,0,0,0.0,0.0,0.0
2020-07-30,Stanislaus,099,539301.0,3,3,3,3,0,0,0,0,3,3,3,3,0,0,5.56275623445905e-06,5.56275623445905e-06,0.0
2020-07-30,Sutter,101,95872.0,0,0,0,0,0,0,0,0,0,0,0,0,0,0,0.0,0.0,0.0
2020-07-30,Tehama,103,63373.0,0,0,0,0,0,0,0,0,0,0,0,0,0,0,0.0,0.0,0.0
2020-07-30,Trinity,105,12862.0,0,0,0,0,0,0,0,0,0,0,0,0,0,0,0.0,0.0,0.0
2020-07-30,Tulare,107,460477.0,0,0,0,0,0,0,0,0,0,0,0,0,0,0,0.0,0.0,0.0
2020-07-30,Tuolumne,109,53932.0,0,0,0,0,0,0,0,0,0,0,0,0,0,0,0.0,0.0,0.0
2020-07-30,Ventura,111,848112.0,1,0,0,0,1,0,0,0,1,0,1,0,0,0,1.1790895542098214e-06,1.1790895542098214e-06,0.0
2020-07-30,Yolo,113,214977.0,3,0,0,0,3,0,0,0,2,0,3,0,1,0,9.30332082036683e-06,1.3954981230550245e-05,4.651660410183415e-06
2020-07-30,Yuba,115,75493.0,0,0,0,0,0,0,0,0,0,0,0,0,0,0,0.0,0.0,0.0
2020-07-29,Alameda,001,1643700.0,0,0,0,0,0,0,0,0,0,0,0,0,0,0,0.0,0.0,0.0
2020-07-29,Alpine,003,1148.0,0,0,0,0,0,0,0,0,0,0,0,0,0,0,0.0,0.0,0.0
2020-07-29,Amador,005,37829.0,0,0,0,0,0,0,0,0,0,0,0,0,0,0,0.0,0.0,0.0
2020-07-29,Butte,007,227075.0,0,0,0,0,0,0,0,0,0,0,0,0,0,0,0.0,0.0,0.0
2020-07-29,Calaveras,009,45235.0,0,0,0,0,0,0,0,0,0,0,0,0,0,0,0.0,0.0,0.0
2020-07-29,Colusa,011,21464.0,0,0,0,0,0,0,0,0,0,0,0,0,0,0,0.0,0.0,0.0
2020-07-29,Contra Costa,013,1133247.0,0,0,0,0,0,0,0,0,0,0,0,0,0,0,0.0,0.0,0.0
2020-07-29,Del Norte,015,27424.0,0,0,0,0,0,0,0,0,0,0,0,0,0,0,0.0,0.0,0.0
2020-07-29,El Dorado,017,186661.0,1,0,0,0,1,0,0,0,1,0,1,0,0,0,5.357305489630936e-06,5.357305489630936e-06,0.0
2020-07-29,Fresno,019,978130.0,1,0,1,0,0,0,0,0,1,0,1,0,0,0,1.0223589911361476e-06,1.0223589911361476e-06,0.0
2020-07-29,Glenn,021,27897.0,0,0,0,0,0,0,0,0,0,0,0,0,0,0,0.0,0.0,0.0
2020-07-29,Humboldt,023,135768.0,0,0,0,0,0,0,0,0,0,0,0,0,0,0,0.0,0.0,0.0
2020-07-29,Imperial,025,180216.0,0,0,0,0,0,0,0,0,0,0,0,0,0,0,0.0,0.0,0.0
2020-07-29,Inyo,027,18085.0,0,0,0,0,0,0,0,0,0,0,0,0,0,0,0.0,0.0,0.0
2020-07-29,Kern,029,883053.0,0,0,0,0,0,0,0,0,0,0,0,0,0,0,0.0,0.0,0.0
2020-07-29,Kings,031,150075.0,0,0,0,0,0,0,0,0,0,0,0,0,0,0,0.0,0.0,0.0
2020-07-29,Lake,033,64148.0,0,0,0,0,0,0,0,0,0,0,0,0,0,0,0.0,0.0,0.0
2020-07-29,Lassen,035,31185.0,0,0,0,0,0,0,0,0,0,0,0,0,0,0,0.0,0.0,0.0
2020-07-29,Los Angeles,037,10098052.0,2,0,2,0,0,0,0,0,2,0,2,0,0,0,1.9805800168190855e-07,1.9805800168190855e-07,0.0
2020-07-29,Madera,039,155013.0,0,0,0,0,0,0,0,0,0,0,0,0,0,0,0.0,0.0,0.0
2020-07-29,Marin,041,260295.0,0,0,0,0,0,0,0,0,0,0,0,0,0,0,0.0,0.0,0.0
2020-07-29,Mariposa,043,17540.0,0,0,0,0,0,0,0,0,0,0,0,0,0,0,0.0,0.0,0.0
2020-07-29,Mendocino,045,87422.0,0,0,0,0,0,0,0,0,0,0,0,0,0,0,0.0,0.0,0.0
2020-07-29,Merced,047,269075.0,0,0,0,0,0,0,0,0,0,0,0,0,0,0,0.0,0.0,0.0
2020-07-29,Modoc,049,8938.0,0,0,0,0,0,0,0,0,0,0,0,0,0,0,0.0,0.0,0.0
2020-07-29,Mono,051,14174.0,0,0,0,0,0,0,0,0,0,0,0,0,0,0,0.0,0.0,0.0
2020-07-29,Monterey,053,433212.0,0,0,0,0,0,0,0,0,0,0,0,0,0,0,0.0,0.0,0.0
2020-07-29,Napa,055,140530.0,0,0,0,0,0,0,0,0,0,0,0,0,0,0,0.0,0.0,0.0
2020-07-29,Nevada,057,99092.0,0,0,0,0,0,0,0,0,0,0,0,0,0,0,0.0,0.0,0.0
2020-07-29,Orange,059,3164182.0,0,0,0,0,0,0,0,0,0,0,0,0,0,0,0.0,0.0,0.0
2020-07-29,Placer,061,380077.0,0,0,0,0,0,0,0,0,0,0,0,0,0,0,0.0,0.0,0.0
2020-07-29,Plumas,063,18699.0,0,0,0,0,0,0,0,0,0,0,0,0,0,0,0.0,0.0,0.0
2020-07-29,Riverside,065,2383286.0,0,0,0,0,0,0,0,0,0,0,0,0,0,0,0.0,0.0,0.0
2020-07-29,Sacramento,067,1510023.0,0,0,0,0,0,0,0,0,0,0,0,0,0,0,0.0,0.0,0.0
2020-07-29,San Benito,069,59416.0,0,0,0,0,0,0,0,0,0,0,0,0,0,0,0.0,0.0,0.0
2020-07-29,San Bernardino,071,2135413.0,1,1,0,0,1,1,0,0,1,1,1,1,0,0,4.682934870210119e-07,4.682934870210119e-07,0.0
2020-07-29,San Diego,073,3302833.0,4,4,0,0,4,4,0,0,4,4,4,4,0,0,1.2110815169885974e-06,1.2110815169885974e-06,0.0
2020-07-29,San Francisco,075,870044.0,0,0,0,0,0,0,0,0,0,0,0,0,0,0,0.0,0.0,0.0
2020-07-29,San Joaquin,077,732212.0,1,1,0,0,1,1,0,0,1,1,1,1,0,0,1.365724680830142e-06,1.365724680830142e-06,0.0
2020-07-29,San Luis Obispo,079,281455.0,0,0,0,0,0,0,0,0,0,0,0,0,0,0,0.0,0.0,0.0
2020-07-29,San Mateo,081,765935.0,0,0,0,0,0,0,0,0,0,0,0,0,0,0,0.0,0.0,0.0
2020-07-29,Santa Barbara,083,443738.0,0,0,0,0,0,0,0,0,0,0,0,0,0,0,0.0,0.0,0.0
2020-07-29,Santa Clara,085,1922200.0,0,0,0,0,0,0,0,0,0,0,0,0,0,0,0.0,0.0,0.0
2020-07-29,Santa Cruz,087,273765.0,1,1,0,0,1,1,0,0,1,1,1,1,0,0,3.652767884864756e-06,3.652767884864756e-06,0.0
2020-07-29,Shasta,089,179085.0,0,0,0,0,0,0,0,0,0,0,0,0,0,0,0.0,0.0,0.0
2020-07-29,Sierra,091,2930.0,0,0,0,0,0,0,0,0,0,0,0,0,0,0,0.0,0.0,0.0
2020-07-29,Siskiyou,093,43540.0,0,0,0,0,0,0,0,0,0,0,0,0,0,0,0.0,0.0,0.0
2020-07-29,Solano,095,438530.0,0,0,0,0,0,0,0,0,0,0,0,0,0,0,0.0,0.0,0.0
2020-07-29,Sonoma,097,501317.0,0,0,0,0,0,0,0,0,0,0,0,0,0,0,0.0,0.0,0.0
2020-07-29,Stanislaus,099,539301.0,0,0,0,0,0,0,0,0,0,0,0,0,0,0,0.0,0.0,0.0
2020-07-29,Sutter,101,95872.0,0,0,0,0,0,0,0,0,0,0,0,0,0,0,0.0,0.0,0.0
2020-07-29,Tehama,103,63373.0,0,0,0,0,0,0,0,0,0,0,0,0,0,0,0.0,0.0,0.0
2020-07-29,Trinity,105,12862.0,0,0,0,0,0,0,0,0,0,0,0,0,0,0,0.0,0.0,0.0
2020-07-29,Tulare,107,460477.0,0,0,0,0,0,0,0,0,0,0,0,0,0,0,0.0,0.0,0.0
2020-07-29,Tuolumne,109,53932.0,0,0,0,0,0,0,0,0,0,0,0,0,0,0,0.0,0.0,0.0
2020-07-29,Ventura,111,848112.0,1,1,0,0,1,1,0,0,1,1,1,1,0,0,1.1790895542098214e-06,1.1790895542098214e-06,0.0
2020-07-29,Yolo,113,214977.0,3,0,0,0,3,0,0,0,2,0,3,0,1,0,9.30332082036683e-06,1.3954981230550245e-05,4.651660410183415e-06
2020-07-29,Yuba,115,75493.0,0,0,0,0,0,0,0,0,0,0,0,0,0,0,0.0,0.0,0.0
2020-07-28,Alameda,001,1643700.0,0,0,0,0,0,0,0,0,0,0,0,0,0,0,0.0,0.0,0.0
2020-07-28,Alpine,003,1148.0,0,0,0,0,0,0,0,0,0,0,0,0,0,0,0.0,0.0,0.0
2020-07-28,Amador,005,37829.0,0,0,0,0,0,0,0,0,0,0,0,0,0,0,0.0,0.0,0.0
2020-07-28,Butte,007,227075.0,0,0,0,0,0,0,0,0,0,0,0,0,0,0,0.0,0.0,0.0
2020-07-28,Calaveras,009,45235.0,0,0,0,0,0,0,0,0,0,0,0,0,0,0,0.0,0.0,0.0
2020-07-28,Colusa,011,21464.0,0,0,0,0,0,0,0,0,0,0,0,0,0,0,0.0,0.0,0.0
2020-07-28,Contra Costa,013,1133247.0,0,0,0,0,0,0,0,0,0,0,0,0,0,0,0.0,0.0,0.0
2020-07-28,Del Norte,015,27424.0,0,0,0,0,0,0,0,0,0,0,0,0,0,0,0.0,0.0,0.0
2020-07-28,El Dorado,017,186661.0,1,0,0,0,1,0,0,0,1,0,1,0,0,0,5.357305489630936e-06,5.357305489630936e-06,0.0
2020-07-28,Fresno,019,978130.0,1,1,1,1,0,0,0,0,1,1,1,1,0,0,1.0223589911361476e-06,1.0223589911361476e-06,0.0
2020-07-28,Glenn,021,27897.0,0,0,0,0,0,0,0,0,0,0,0,0,0,0,0.0,0.0,0.0
2020-07-28,Humboldt,023,135768.0,0,0,0,0,0,0,0,0,0,0,0,0,0,0,0.0,0.0,0.0
2020-07-28,Imperial,025,180216.0,0,0,0,0,0,0,0,0,0,0,0,0,0,0,0.0,0.0,0.0
2020-07-28,Inyo,027,18085.0,0,0,0,0,0,0,0,0,0,0,0,0,0,0,0.0,0.0,0.0
2020-07-28,Kern,029,883053.0,0,0,0,0,0,0,0,0,0,0,0,0,0,0,0.0,0.0,0.0
2020-07-28,Kings,031,150075.0,0,0,0,0,0,0,0,0,0,0,0,0,0,0,0.0,0.0,0.0
2020-07-28,Lake,033,64148.0,0,0,0,0,0,0,0,0,0,0,0,0,0,0,0.0,0.0,0.0
2020-07-28,Lassen,035,31185.0,0,0,0,0,0,0,0,0,0,0,0,0,0,0,0.0,0.0,0.0
2020-07-28,Los Angeles,037,10098052.0,2,0,2,0,0,0,0,0,2,0,2,0,0,0,1.9805800168190855e-07,1.9805800168190855e-07,0.0
2020-07-28,Madera,039,155013.0,0,0,0,0,0,0,0,0,0,0,0,0,0,0,0.0,0.0,0.0
2020-07-28,Marin,041,260295.0,0,0,0,0,0,0,0,0,0,0,0,0,0,0,0.0,0.0,0.0
2020-07-28,Mariposa,043,17540.0,0,0,0,0,0,0,0,0,0,0,0,0,0,0,0.0,0.0,0.0
2020-07-28,Mendocino,045,87422.0,0,0,0,0,0,0,0,0,0,0,0,0,0,0,0.0,0.0,0.0
2020-07-28,Merced,047,269075.0,0,0,0,0,0,0,0,0,0,0,0,0,0,0,0.0,0.0,0.0
2020-07-28,Modoc,049,8938.0,0,0,0,0,0,0,0,0,0,0,0,0,0,0,0.0,0.0,0.0
2020-07-28,Mono,051,14174.0,0,0,0,0,0,0,0,0,0,0,0,0,0,0,0.0,0.0,0.0
2020-07-28,Monterey,053,433212.0,0,0,0,0,0,0,0,0,0,0,0,0,0,0,0.0,0.0,0.0
2020-07-28,Napa,055,140530.0,0,0,0,0,0,0,0,0,0,0,0,0,0,0,0.0,0.0,0.0
2020-07-28,Nevada,057,99092.0,0,0,0,0,0,0,0,0,0,0,0,0,0,0,0.0,0.0,0.0
2020-07-28,Orange,059,3164182.0,0,0,0,0,0,0,0,0,0,0,0,0,0,0,0.0,0.0,0.0
2020-07-28,Placer,061,380077.0,0,0,0,0,0,0,0,0,0,0,0,0,0,0,0.0,0.0,0.0
2020-07-28,Plumas,063,18699.0,0,0,0,0,0,0,0,0,0,0,0,0,0,0,0.0,0.0,0.0
2020-07-28,Riverside,065,2383286.0,0,0,0,0,0,0,0,0,0,0,0,0,0,0,0.0,0.0,0.0
2020-07-28,Sacramento,067,1510023.0,0,0,0,0,0,0,0,0,0,0,0,0,0,0,0.0,0.0,0.0
2020-07-28,San Benito,069,59416.0,0,0,0,0,0,0,0,0,0,0,0,0,0,0,0.0,0.0,0.0
2020-07-28,San Bernardino,071,2135413.0,0,0,0,0,0,0,0,0,0,0,0,0,0,0,0.0,0.0,0.0
2020-07-28,San Diego,073,3302833.0,0,0,0,0,0,0,0,0,0,0,0,0,0,0,0.0,0.0,0.0
2020-07-28,San Francisco,075,870044.0,0,0,0,0,0,0,0,0,0,0,0,0,0,0,0.0,0.0,0.0
2020-07-28,San Joaquin,077,732212.0,0,0,0,0,0,0,0,0,0,0,0,0,0,0,0.0,0.0,0.0
2020-07-28,San Luis Obispo,079,281455.0,0,0,0,0,0,0,0,0,0,0,0,0,0,0,0.0,0.0,0.0
2020-07-28,San Mateo,081,765935.0,0,0,0,0,0,0,0,0,0,0,0,0,0,0,0.0,0.0,0.0
2020-07-28,Santa Barbara,083,443738.0,0,0,0,0,0,0,0,0,0,0,0,0,0,0,0.0,0.0,0.0
2020-07-28,Santa Clara,085,1922200.0,0,0,0,0,0,0,0,0,0,0,0,0,0,0,0.0,0.0,0.0
2020-07-28,Santa Cruz,087,273765.0,0,0,0,0,0,0,0,0,0,0,0,0,0,0,0.0,0.0,0.0
2020-07-28,Shasta,089,179085.0,0,0,0,0,0,0,0,0,0,0,0,0,0,0,0.0,0.0,0.0
2020-07-28,Sierra,091,2930.0,0,0,0,0,0,0,0,0,0,0,0,0,0,0,0.0,0.0,0.0
2020-07-28,Siskiyou,093,43540.0,0,0,0,0,0,0,0,0,0,0,0,0,0,0,0.0,0.0,0.0
2020-07-28,Solano,095,438530.0,0,0,0,0,0,0,0,0,0,0,0,0,0,0,0.0,0.0,0.0
2020-07-28,Sonoma,097,501317.0,0,0,0,0,0,0,0,0,0,0,0,0,0,0,0.0,0.0,0.0
2020-07-28,Stanislaus,099,539301.0,0,0,0,0,0,0,0,0,0,0,0,0,0,0,0.0,0.0,0.0
2020-07-28,Sutter,101,95872.0,0,0,0,0,0,0,0,0,0,0,0,0,0,0,0.0,0.0,0.0
2020-07-28,Tehama,103,63373.0,0,0,0,0,0,0,0,0,0,0,0,0,0,0,0.0,0.0,0.0
2020-07-28,Trinity,105,12862.0,0,0,0,0,0,0,0,0,0,0,0,0,0,0,0.0,0.0,0.0
2020-07-28,Tulare,107,460477.0,0,0,0,0,0,0,0,0,0,0,0,0,0,0,0.0,0.0,0.0
2020-07-28,Tuolumne,109,53932.0,0,0,0,0,0,0,0,0,0,0,0,0,0,0,0.0,0.0,0.0
2020-07-28,Ventura,111,848112.0,0,0,0,0,0,0,0,0,0,0,0,0,0,0,0.0,0.0,0.0
2020-07-28,Yolo,113,214977.0,3,3,0,0,3,3,0,0,2,2,3,3,1,1,9.30332082036683e-06,1.3954981230550245e-05,4.651660410183415e-06
2020-07-28,Yuba,115,75493.0,0,0,0,0,0,0,0,0,0,0,0,0,0,0,0.0,0.0,0.0
2020-07-27,Alameda,001,1643700.0,0,0,0,0,0,0,0,0,0,0,0,0,0,0,0.0,0.0,0.0
2020-07-27,Alpine,003,1148.0,0,0,0,0,0,0,0,0,0,0,0,0,0,0,0.0,0.0,0.0
2020-07-27,Amador,005,37829.0,0,0,0,0,0,0,0,0,0,0,0,0,0,0,0.0,0.0,0.0
2020-07-27,Butte,007,227075.0,0,0,0,0,0,0,0,0,0,0,0,0,0,0,0.0,0.0,0.0
2020-07-27,Calaveras,009,45235.0,0,0,0,0,0,0,0,0,0,0,0,0,0,0,0.0,0.0,0.0
2020-07-27,Colusa,011,21464.0,0,0,0,0,0,0,0,0,0,0,0,0,0,0,0.0,0.0,0.0
2020-07-27,Contra Costa,013,1133247.0,0,0,0,0,0,0,0,0,0,0,0,0,0,0,0.0,0.0,0.0
2020-07-27,Del Norte,015,27424.0,0,0,0,0,0,0,0,0,0,0,0,0,0,0,0.0,0.0,0.0
2020-07-27,El Dorado,017,186661.0,1,1,0,0,1,1,0,0,1,1,1,1,0,0,5.357305489630936e-06,5.357305489630936e-06,0.0
2020-07-27,Fresno,019,978130.0,0,0,0,0,0,0,0,0,0,0,0,0,0,0,0.0,0.0,0.0
2020-07-27,Glenn,021,27897.0,0,0,0,0,0,0,0,0,0,0,0,0,0,0,0.0,0.0,0.0
2020-07-27,Humboldt,023,135768.0,0,0,0,0,0,0,0,0,0,0,0,0,0,0,0.0,0.0,0.0
2020-07-27,Imperial,025,180216.0,0,0,0,0,0,0,0,0,0,0,0,0,0,0,0.0,0.0,0.0
2020-07-27,Inyo,027,18085.0,0,0,0,0,0,0,0,0,0,0,0,0,0,0,0.0,0.0,0.0
2020-07-27,Kern,029,883053.0,0,0,0,0,0,0,0,0,0,0,0,0,0,0,0.0,0.0,0.0
2020-07-27,Kings,031,150075.0,0,0,0,0,0,0,0,0,0,0,0,0,0,0,0.0,0.0,0.0
2020-07-27,Lake,033,64148.0,0,0,0,0,0,0,0,0,0,0,0,0,0,0,0.0,0.0,0.0
2020-07-27,Lassen,035,31185.0,0,0,0,0,0,0,0,0,0,0,0,0,0,0,0.0,0.0,0.0
2020-07-27,Los Angeles,037,10098052.0,2,2,2,2,0,0,0,0,2,2,2,2,0,0,1.9805800168190855e-07,1.9805800168190855e-07,0.0
2020-07-27,Madera,039,155013.0,0,0,0,0,0,0,0,0,0,0,0,0,0,0,0.0,0.0,0.0
2020-07-27,Marin,041,260295.0,0,0,0,0,0,0,0,0,0,0,0,0,0,0,0.0,0.0,0.0
2020-07-27,Mariposa,043,17540.0,0,0,0,0,0,0,0,0,0,0,0,0,0,0,0.0,0.0,0.0
2020-07-27,Mendocino,045,87422.0,0,0,0,0,0,0,0,0,0,0,0,0,0,0,0.0,0.0,0.0
2020-07-27,Merced,047,269075.0,0,0,0,0,0,0,0,0,0,0,0,0,0,0,0.0,0.0,0.0
2020-07-27,Modoc,049,8938.0,0,0,0,0,0,0,0,0,0,0,0,0,0,0,0.0,0.0,0.0
2020-07-27,Mono,051,14174.0,0,0,0,0,0,0,0,0,0,0,0,0,0,0,0.0,0.0,0.0
2020-07-27,Monterey,053,433212.0,0,0,0,0,0,0,0,0,0,0,0,0,0,0,0.0,0.0,0.0
2020-07-27,Napa,055,140530.0,0,0,0,0,0,0,0,0,0,0,0,0,0,0,0.0,0.0,0.0
2020-07-27,Nevada,057,99092.0,0,0,0,0,0,0,0,0,0,0,0,0,0,0,0.0,0.0,0.0
2020-07-27,Orange,059,3164182.0,0,0,0,0,0,0,0,0,0,0,0,0,0,0,0.0,0.0,0.0
2020-07-27,Placer,061,380077.0,0,0,0,0,0,0,0,0,0,0,0,0,0,0,0.0,0.0,0.0
2020-07-27,Plumas,063,18699.0,0,0,0,0,0,0,0,0,0,0,0,0,0,0,0.0,0.0,0.0
2020-07-27,Riverside,065,2383286.0,0,0,0,0,0,0,0,0,0,0,0,0,0,0,0.0,0.0,0.0
2020-07-27,Sacramento,067,1510023.0,0,0,0,0,0,0,0,0,0,0,0,0,0,0,0.0,0.0,0.0
2020-07-27,San Benito,069,59416.0,0,0,0,0,0,0,0,0,0,0,0,0,0,0,0.0,0.0,0.0
2020-07-27,San Bernardino,071,2135413.0,0,0,0,0,0,0,0,0,0,0,0,0,0,0,0.0,0.0,0.0
2020-07-27,San Diego,073,3302833.0,0,0,0,0,0,0,0,0,0,0,0,0,0,0,0.0,0.0,0.0
2020-07-27,San Francisco,075,870044.0,0,0,0,0,0,0,0,0,0,0,0,0,0,0,0.0,0.0,0.0
2020-07-27,San Joaquin,077,732212.0,0,0,0,0,0,0,0,0,0,0,0,0,0,0,0.0,0.0,0.0
2020-07-27,San Luis Obispo,079,281455.0,0,0,0,0,0,0,0,0,0,0,0,0,0,0,0.0,0.0,0.0
2020-07-27,San Mateo,081,765935.0,0,0,0,0,0,0,0,0,0,0,0,0,0,0,0.0,0.0,0.0
2020-07-27,Santa Barbara,083,443738.0,0,0,0,0,0,0,0,0,0,0,0,0,0,0,0.0,0.0,0.0
2020-07-27,Santa Clara,085,1922200.0,0,0,0,0,0,0,0,0,0,0,0,0,0,0,0.0,0.0,0.0
2020-07-27,Santa Cruz,087,273765.0,0,0,0,0,0,0,0,0,0,0,0,0,0,0,0.0,0.0,0.0
2020-07-27,Shasta,089,179085.0,0,0,0,0,0,0,0,0,0,0,0,0,0,0,0.0,0.0,0.0
2020-07-27,Sierra,091,2930.0,0,0,0,0,0,0,0,0,0,0,0,0,0,0,0.0,0.0,0.0
2020-07-27,Siskiyou,093,43540.0,0,0,0,0,0,0,0,0,0,0,0,0,0,0,0.0,0.0,0.0
2020-07-27,Solano,095,438530.0,0,0,0,0,0,0,0,0,0,0,0,0,0,0,0.0,0.0,0.0
2020-07-27,Sonoma,097,501317.0,0,0,0,0,0,0,0,0,0,0,0,0,0,0,0.0,0.0,0.0
2020-07-27,Stanislaus,099,539301.0,0,0,0,0,0,0,0,0,0,0,0,0,0,0,0.0,0.0,0.0
2020-07-27,Sutter,101,95872.0,0,0,0,0,0,0,0,0,0,0,0,0,0,0,0.0,0.0,0.0
2020-07-27,Tehama,103,63373.0,0,0,0,0,0,0,0,0,0,0,0,0,0,0,0.0,0.0,0.0
2020-07-27,Trinity,105,12862.0,0,0,0,0,0,0,0,0,0,0,0,0,0,0,0.0,0.0,0.0
2020-07-27,Tulare,107,460477.0,0,0,0,0,0,0,0,0,0,0,0,0,0,0,0.0,0.0,0.0
2020-07-27,Tuolumne,109,53932.0,0,0,0,0,0,0,0,0,0,0,0,0,0,0,0.0,0.0,0.0
2020-07-27,Ventura,111,848112.0,0,0,0,0,0,0,0,0,0,0,0,0,0,0,0.0,0.0,0.0
2020-07-27,Yolo,113,214977.0,0,0,0,0,0,0,0,0,0,0,0,0,0,0,0.0,0.0,0.0
2020-07-27,Yuba,115,75493.0,0,0,0,0,0,0,0,0,0,0,0,0,0,0,0.0,0.0,0.0
