date,confirmed_cases,probable_cases,confirmed_and_probable_cases,confirmed_deaths
2023-05-30,11263774,1000233,12264007,101918
2023-05-29,11263774,1000233,12264007,101918
2023-05-28,11263545,1000233,12263778,101918
2023-05-27,11263165,1000233,12263398,101918
2023-05-26,11262785,1000233,12263018,101918
2023-05-25,11262177,1000233,12262410,101918
2023-05-24,11261521,1000233,12261754,101917
2023-05-23,11260779,1000233,12261012,101913
2023-05-22,11259904,1000233,12260137,101911
2023-05-21,11258938,1000233,12259171,101906
2023-05-20,11258356,1000233,12258589,101900
2023-05-19,11257750,1000233,12257983,101898
2023-05-18,11256928,1000233,12257161,101897
2023-05-17,11255972,1000233,12256205,101892
2023-05-16,11254920,1000233,12255153,101892
2023-05-15,11253886,1000233,12254119,101887
2023-05-14,11252691,1000079,12252770,101880
2023-05-13,11252074,999988,12252062,101878
2023-05-12,11251437,999896,12251333,101869
2023-05-11,11250427,999724,12250151,101865
2023-05-10,11249210,999543,12248753,101857
2023-05-09,11248023,999312,12247335,101853
2023-05-08,11246831,999029,12245860,101850
2023-05-07,11245504,998765,12244269,101844
2023-05-06,11244770,998631,12243401,101835
2023-05-05,11244078,998488,12242566,101829
2023-05-04,11243068,998250,12241318,101819
2023-05-03,11242065,997997,12240062,101811
2023-05-02,11240955,997768,12238723,101800
2023-05-01,11239705,997506,12237211,101794
2023-04-30,11238387,997144,12235531,101787
2023-04-29,11237674,996996,12234670,101775
2023-04-28,11236919,996837,12233756,101763
2023-04-27,11235828,996572,12232400,101757
2023-04-26,11234647,996304,12230951,101743
2023-04-25,11233272,996008,12229280,101737
2023-04-24,11231896,995687,12227583,101720
2023-04-23,11230292,995273,12225565,101707
2023-04-22,11229441,995064,12224505,101696
2023-04-21,11228589,994889,12223478,101682
2023-04-20,11227441,994643,12222084,101670
2023-04-19,11226181,994384,12220565,101663
2023-04-18,11224882,994098,12218980,101650
2023-04-17,11223428,993770,12217198,101636
2023-04-16,11221762,993426,12215188,101623
2023-04-15,11220928,993249,12214177,101608
2023-04-14,11219960,993097,12213057,101598
2023-04-13,11218698,992813,12211511,101587
2023-04-12,11217216,992554,12209770,101577
2023-04-11,11215656,992211,12207867,101569
2023-04-10,11214032,991848,12205880,101557
2023-04-09,11212023,991424,12203447,101544
2023-04-08,11211124,991253,12202377,101530
2023-04-07,11210087,991058,12201145,101517
2023-04-06,11208765,990790,12199555,101508
2023-04-05,11207333,990493,12197826,101488
2023-04-04,11205866,990198,12196064,101476
2023-04-03,11204286,989863,12194149,101466
2023-04-02,11202448,989507,12191955,101451
2023-04-01,11201482,989317,12190799,101436
2023-03-31,11200388,989097,12189485,101423
2023-03-30,11198960,988862,12187822,101406
2023-03-29,11197383,988554,12185937,101386
2023-03-28,11195766,988230,12183996,101372
2023-03-27,11194132,987868,12182000,101358
2023-03-26,11192345,987452,12179797,101345
2023-03-25,11191356,987267,12178623,101330
2023-03-24,11190370,987085,12177455,101310
2023-03-23,11188889,986765,12175654,101296
2023-03-22,11187260,986449,12173709,101281
2023-03-21,11185626,986092,12171718,101269
2023-03-20,11183821,985733,12169554,101258
2023-03-19,11181733,985249,12166982,101240
2023-03-18,11180623,985046,12165669,101225
2023-03-17,11179355,984853,12164208,101205
2023-03-16,11177507,984489,12161996,101184
2023-03-15,11175510,984137,12159647,101160
2023-03-14,11173482,983762,12157244,101143
2023-03-13,11171340,983337,12154677,101124
2023-03-12,11168503,982791,12151294,101091
2023-03-11,11167082,982525,12149607,101076
2023-03-10,11165539,982262,12147801,101061
2023-03-09,11163349,981857,12145206,101032
2023-03-08,11160885,981429,12142314,101008
2023-03-07,11158379,980951,12139330,100978
2023-03-06,11155801,980408,12136209,100962
2023-03-05,11152770,979837,12132607,100946
2023-03-04,11151229,979495,12130724,100926
2023-03-03,11149526,979205,12128731,100896
2023-03-02,11147069,978753,12125822,100879
2023-03-01,11144399,978331,12122730,100852
2023-02-28,11141588,977828,12119416,100832
2023-02-27,11138484,977224,12115708,100806
2023-02-26,11135178,976492,12111670,100773
2023-02-25,11133335,976137,12109472,100745
2023-02-24,11131530,975753,12107283,100722
2023-02-23,11128866,975221,12104087,100695
2023-02-22,11125784,974565,12100349,100670
2023-02-21,11122480,973918,12096398,100654
2023-02-20,11118525,973106,12091631,100636
2023-02-19,11115490,972453,12087943,100611
2023-02-18,11113429,972049,12085478,100582
2023-02-17,11111392,971642,12083034,100548
2023-02-16,11108475,970990,12079465,100528
2023-02-15,11105358,970322,12075680,100503
2023-02-14,11102073,969594,12071667,100482
2023-02-13,11098732,968845,12067577,100459
2023-02-12,11094924,968089,12063013,100438
2023-02-11,11092865,967724,12060589,100420
2023-02-10,11090693,967322,12058015,100402
2023-02-09,11087579,966635,12054214,100377
2023-02-08,11084377,965963,12050340,100351
2023-02-07,11080879,965238,12046117,100325
2023-02-06,11077334,964442,12041776,100302
2023-02-05,11073120,963557,12036677,100273
2023-02-04,11070956,963173,12034129,100248
2023-02-03,11068788,962788,12031576,100226
2023-02-02,11065822,962154,12027976,100203
2023-02-01,11062682,961456,12024138,100179
2023-01-31,11059337,960717,12020054,100156
2023-01-30,11055896,959963,12015859,100123
2023-01-29,11052216,959169,12011385,100100
2023-01-28,11050311,958797,12009108,100074
2023-01-27,11048334,958438,12006772,100046
2023-01-26,11045481,957839,12003320,100017
2023-01-25,11042706,957284,11999990,99979
2023-01-24,11039644,956660,11996304,99945
2023-01-23,11036454,956070,11992524,99905
2023-01-22,11033219,955352,11988571,99869
2023-01-21,11031478,955042,11986520,99838
2023-01-20,11029720,954739,11984459,99804
2023-01-19,11027182,954195,11981377,99766
2023-01-18,11024438,953675,11978113,99734
2023-01-17,11021439,953113,11974552,99696
2023-01-16,11017907,952449,11970356,99657
2023-01-15,11015194,951940,11967134,99613
2023-01-14,11013324,951633,11964957,99567
2023-01-13,11011353,951308,11962661,99523
2023-01-12,11008311,950737,11959048,99476
2023-01-11,11005045,950077,11955122,99421
2023-01-10,11001294,949416,11950710,99384
2023-01-09,10997494,948716,11946210,99332
2023-01-08,10992686,947805,11940491,99281
2023-01-07,10989966,947323,11937289,99249
2023-01-06,10986764,946758,11933522,99210
2023-01-05,10981816,945853,11927669,99145
2023-01-04,10976841,944905,11921746,99085
2023-01-03,10970998,943768,11914766,99033
2023-01-02,10963540,942270,11905810,98983
2023-01-01,10957889,941158,11899047,98940
2022-12-31,10955105,940557,11895662,98896
2022-12-30,10951263,939786,11891049,98853
2022-12-29,10944480,938451,11882931,98785
2022-12-28,10936764,936957,11873721,98734
2022-12-27,10927963,935284,11863247,98681
2022-12-26,10918073,933288,11851361,98618
2022-12-25,10910733,931833,11842566,98563
2022-12-24,10907879,931330,11839209,98498
2022-12-23,10903782,930410,11834192,98444
2022-12-22,10896882,929010,11825892,98377
2022-12-21,10889154,927424,11816578,98332
2022-12-20,10881033,925830,11806863,98269
2022-12-19,10872286,924179,11796465,98208
2022-12-18,10862803,922342,11785145,98155
2022-12-17,10858228,921431,11779659,98100
2022-12-16,10853196,920463,11773659,98052
2022-12-15,10846160,919106,11765266,98007
2022-12-14,10838488,917604,11756092,97975
2022-12-13,10830176,916136,11746312,97924
2022-12-12,10821142,914581,11735723,97879
2022-12-11,10810679,912556,11723235,97825
2022-12-10,10805755,911683,11717438,97771
2022-12-09,10800267,910702,11710969,97713
2022-12-08,10792145,909266,11701411,97672
2022-12-07,10783581,907576,11691157,97624
2022-12-06,10774386,905712,11680098,97576
2022-12-05,10764225,903884,11668109,97526
2022-12-04,10752399,901570,11653969,97485
2022-12-03,10746489,900453,11646942,97440
2022-12-02,10740229,899294,11639523,97399
2022-12-01,10731206,897524,11628730,97364
2022-11-30,10720992,895660,11616652,97339
2022-11-29,10709929,893633,11603562,97309
2022-11-28,10697752,891547,11589299,97279
2022-11-27,10683146,889032,11572178,97247
2022-11-26,10675984,887818,11563802,97209
2022-11-25,10669202,886641,11555843,97180
2022-11-24,10661660,885349,11547009,97148
2022-11-23,10658423,884765,11543188,97128
2022-11-22,10650912,883313,11534225,97094
2022-11-21,10643168,881845,11525013,97070
2022-11-20,10634790,880400,11515190,97053
2022-11-19,10630606,879709,11510315,97032
2022-11-18,10626458,878918,11505376,97005
2022-11-17,10620590,877945,11498535,96984
2022-11-16,10614689,876891,11491580,96966
2022-11-15,10608837,875585,11484422,96942
2022-11-14,10602710,874533,11477243,96916
2022-11-13,10595994,873407,11469401,96896
2022-11-12,10592718,872839,11465557,96882
2022-11-11,10589540,872307,11461847,96870
2022-11-10,10585551,871671,11457222,96851
2022-11-09,10580999,870875,11451874,96831
2022-11-08,10576298,870067,11446365,96812
2022-11-07,10571703,869213,11440916,96799
2022-11-06,10566193,868291,11434484,96783
2022-11-05,10563300,867854,11431154,96762
2022-11-04,10560513,867412,11427925,96748
2022-11-03,10556812,866747,11423559,96723
2022-11-02,10552982,866081,11419063,96699
2022-11-01,10548987,865386,11414373,96684
2022-10-31,10544670,864673,11409343,96667
2022-10-30,10540534,863909,11404443,96651
2022-10-29,10538388,863544,11401932,96642
2022-10-28,10536224,863208,11399432,96626
2022-10-27,10533264,862744,11396008,96608
2022-10-26,10530203,862226,11392429,96585
2022-10-25,10527086,861671,11388757,96575
2022-10-24,10523859,861128,11384987,96553
2022-10-23,10520327,860448,11380775,96538
2022-10-22,10518522,860134,11378656,96521
2022-10-21,10516676,859814,11376490,96504
2022-10-20,10514105,859348,11373453,96485
2022-10-19,10511256,858837,11370093,96470
2022-10-18,10508335,858292,11366627,96454
2022-10-17,10505186,857758,11362944,96436
2022-10-16,10501625,857205,11358830,96423
2022-10-15,10499858,856911,11356769,96410
2022-10-14,10497940,856625,11354565,96395
2022-10-13,10495340,856197,11351537,96374
2022-10-12,10492581,855762,11348343,96355
2022-10-11,10489564,855357,11344921,96335
2022-10-10,10486375,854847,11341222,96317
2022-10-09,10482858,854288,11337146,96299
2022-10-08,10480955,854002,11334957,96281
2022-10-07,10478852,853706,11332558,96262
2022-10-06,10476025,853270,11329295,96239
2022-10-05,10473107,852806,11325913,96220
2022-10-04,10469881,852291,11322172,96201
2022-10-03,10466327,851729,11318056,96176
2022-10-02,10462233,851080,11313313,96161
2022-10-01,10460128,850726,11310854,96140
2022-09-30,10457664,850378,11308042,96117
2022-09-29,10454413,849916,11304329,96100
2022-09-28,10450939,849434,11300373,96075
2022-09-27,10446940,848908,11295848,96051
2022-09-26,10442819,848343,11291162,96026
2022-09-25,10437984,847628,11285612,96003
2022-09-24,10435526,847230,11282756,95971
2022-09-23,10432900,846902,11279802,95952
2022-09-22,10429348,846395,11275743,95923
2022-09-21,10425574,845875,11271449,95901
2022-09-20,10421645,845331,11266976,95877
2022-09-19,10417279,844681,11261960,95857
2022-09-18,10412363,843935,11256298,95831
2022-09-17,10409802,843514,11253316,95799
2022-09-16,10406984,843154,11250138,95775
2022-09-15,10403106,842540,11245646,95755
2022-09-14,10398978,841912,11240890,95724
2022-09-13,10394489,841263,11235752,95702
2022-09-12,10389420,840505,11229925,95675
2022-09-11,10383636,839534,11223170,95641
2022-09-10,10380534,839120,11219654,95617
2022-09-09,10377215,838664,11215879,95588
2022-09-08,10372289,837903,11210192,95551
2022-09-07,10366907,837120,11204027,95519
2022-09-06,10360842,836212,11197054,95485
2022-09-05,10352909,834962,11187871,95451
2022-09-04,10349505,834404,11183909,95419
2022-09-03,10346288,833903,11180191,95385
2022-09-02,10342680,833322,11176002,95348
2022-09-01,10337150,832370,11169520,95310
2022-08-31,10330842,831227,11162069,95282
2022-08-30,10323889,829956,11153845,95242
2022-08-29,10316110,828684,11144794,95203
2022-08-28,10306959,827001,11133960,95174
2022-08-27,10302405,826172,11128577,95139
2022-08-26,10297525,825418,11122943,95116
2022-08-25,10290087,824187,11114274,95076
2022-08-24,10282394,822852,11105246,95044
2022-08-23,10273798,821333,11095131,95011
2022-08-22,10264155,819549,11083704,94984
2022-08-21,10252990,817546,11070536,94941
2022-08-20,10247479,816687,11064166,94904
2022-08-19,10241370,815811,11057181,94860
2022-08-18,10232859,814399,11047258,94818
2022-08-17,10223715,812904,11036619,94778
2022-08-16,10213686,811282,11024968,94740
2022-08-15,10202562,809619,11012181,94695
2022-08-14,10190447,807700,10998147,94660
2022-08-13,10184198,806793,10990991,94610
2022-08-12,10177552,805877,10983429,94578
2022-08-11,10167775,804290,10972065,94523
2022-08-10,10157305,802759,10960064,94482
2022-08-09,10145842,801085,10946927,94439
2022-08-08,10133385,799271,10932656,94392
2022-08-07,10118696,797218,10915914,94345
2022-08-06,10111447,796203,10907650,94306
2022-08-05,10103390,795112,10898502,94264
2022-08-04,10091565,793481,10885046,94199
2022-08-03,10079116,791763,10870879,94150
2022-08-02,10065243,789767,10855010,94096
2022-08-01,10049767,787756,10837523,94055
2022-07-31,10032006,785073,10817079,94004
2022-07-30,10023762,783745,10807507,93951
2022-07-29,10014483,782399,10796882,93901
2022-07-28,10000527,780346,10780873,93860
2022-07-27,9985426,778232,10763658,93806
2022-07-26,9968676,775806,10744482,93749
2022-07-25,9950011,773268,10723279,93694
2022-07-24,9928650,770318,10698968,93625
2022-07-23,9918739,768802,10687541,93578
2022-07-22,9907363,767179,10674542,93542
2022-07-21,9890171,764768,10654939,93494
2022-07-20,9872415,762292,10634707,93452
2022-07-19,9852934,759594,10612528,93388
2022-07-18,9831718,756859,10588577,93335
2022-07-17,9808192,753686,10561878,93291
2022-07-16,9797116,752038,10549154,93242
2022-07-15,9784198,750171,10534369,93202
2022-07-14,9765316,747422,10512738,93161
2022-07-13,9745329,744669,10489998,93124
2022-07-12,9724067,741892,10465959,93089
2022-07-11,9701564,738995,10440559,93040
2022-07-10,9677018,735605,10412623,93002
2022-07-09,9665330,733909,10399239,92961
2022-07-08,9651820,732062,10383882,92913
2022-07-07,9631578,729425,10361003,92856
2022-07-06,9610355,726749,10337104,92820
2022-07-05,9587239,723870,10311109,92776
2022-07-04,9559937,720214,10280151,92743
2022-07-03,9549870,718830,10268700,92700
2022-07-02,9539977,717377,10257354,92655
2022-07-01,9528494,715670,10244164,92606
2022-06-30,9510488,713394,10223882,92569
2022-06-29,9492263,711129,10203392,92534
2022-06-28,9472379,708833,10181212,92502
2022-06-27,9451286,706436,10157722,92472
2022-06-26,9428674,703809,10132483,92444
2022-06-25,9417837,702512,10120349,92413
2022-06-24,9406212,701207,10107419,92392
2022-06-23,9389843,699066,10088909,92358
2022-06-22,9372662,696965,10069627,92322
2022-06-21,9354818,694949,10049767,92283
2022-06-20,9335365,692724,10028089,92253
2022-06-19,9317057,690580,10007637,92225
2022-06-18,9307693,689502,9997195,92195
2022-06-17,9297348,688375,9985723,92164
2022-06-16,9282468,686726,9969194,92127
2022-06-15,9267133,685062,9952195,92092
2022-06-14,9250739,683251,9933990,92065
2022-06-13,9233783,681378,9915161,92042
2022-06-12,9215207,679189,9894396,92023
2022-06-11,9206257,678031,9884288,91995
2022-06-10,9196341,676933,9873274,91966
2022-06-09,9180936,675269,9856205,91935
2022-06-08,9165064,673313,9838377,91906
2022-06-07,9147326,671263,9818589,91883
2022-06-06,9128433,669129,9797562,91862
2022-06-05,9107319,666564,9773883,91837
2022-06-04,9097596,665424,9763020,91818
2022-06-03,9086942,664211,9751153,91799
2022-06-02,9070510,662161,9732671,91779
2022-06-01,9052407,660086,9712493,91757
2022-05-31,9031669,657783,9689452,91737
2022-05-30,9007760,655013,9662773,91723
2022-05-29,8999034,653913,9652947,91702
2022-05-28,8991126,652912,9644038,91674
2022-05-27,8982213,651793,9634006,91651
2022-05-26,8968013,650096,9618109,91632
2022-05-25,8952479,648177,9600656,91619
2022-05-24,8935296,646073,9581369,91598
2022-05-23,8917132,643942,9561074,91571
2022-05-22,8897648,641437,9539085,91558
2022-05-21,8888903,640360,9529263,91543
2022-05-20,8879865,639352,9519217,91522
2022-05-19,8865875,637622,9503497,91504
2022-05-18,8851229,635823,9487052,91487
2022-05-17,8835415,634033,9469448,91469
2022-05-16,8819173,632021,9451194,91454
2022-05-15,8801788,629809,9431597,91443
2022-05-14,8793823,628877,9422700,91417
2022-05-13,8785778,628024,9413802,91400
2022-05-12,8774303,626621,9400924,91379
2022-05-11,8762766,625343,9388109,91367
2022-05-10,8750815,623958,9374773,91356
2022-05-09,8738807,622621,9361428,91335
2022-05-08,8725918,621021,9346939,91323
2022-05-07,8719817,620386,9340203,91305
2022-05-06,8713506,619738,9333244,91295
2022-05-05,8704567,618702,9323269,91282
2022-05-04,8695174,617699,9312873,91276
2022-05-03,8685375,616620,9301995,91262
2022-05-02,8675424,615612,9291036,91251
2022-05-01,8665018,614338,9279356,91239
2022-04-30,8659777,613755,9273532,91229
2022-04-29,8654972,613220,9268192,91214
2022-04-28,8648446,612400,9260846,91199
2022-04-27,8641440,611567,9253007,91189
2022-04-26,8633994,610707,9244701,91175
2022-04-25,8626452,609920,9236372,91166
2022-04-24,8618607,609065,9227672,91149
2022-04-23,8614957,608636,9223593,91132
2022-04-22,8611342,608254,9219596,91120
2022-04-21,8606202,607744,9213946,91108
2022-04-20,8600693,607109,9207802,91098
2022-04-19,8595043,606508,9201551,91083
2022-04-18,8589170,605984,9195154,91073
2022-04-17,8582880,605382,9188262,91058
2022-04-16,8580481,605146,9185627,91042
2022-04-15,8577786,604878,9182664,91028
2022-04-14,8574135,604534,9178669,91006
2022-04-13,8570388,604182,9174570,90989
2022-04-12,8566384,603764,9170148,90973
2022-04-11,8562287,603420,9165707,90960
2022-04-10,8557834,603010,9160844,90939
2022-04-09,8555600,602787,9158387,90929
2022-04-08,8553532,602602,9156134,90920
2022-04-07,8550576,602288,9152864,90903
2022-04-06,8547514,602005,9149519,90885
2022-04-05,8544118,601676,9145794,90861
2022-04-04,8540765,601409,9142174,90836
2022-04-03,8536976,601087,9138063,90816
2022-04-02,8535196,600948,9136144,90799
2022-04-01,8533476,600796,9134272,90779
2022-03-31,8530853,600511,9131364,90761
2022-03-30,8528417,600229,9128646,90737
2022-03-29,8525776,599992,9125768,90715
2022-03-28,8523075,599742,9122817,90692
2022-03-27,8520185,599450,9119635,90667
2022-03-26,8518619,599319,9117938,90643
2022-03-25,8517174,599179,9116353,90616
2022-03-24,8515169,598973,9114142,90580
2022-03-23,8512871,598741,9111612,90560
2022-03-22,8510611,598436,9109047,90536
2022-03-21,8507597,598169,9105766,90509
2022-03-20,8504910,597905,9102815,90470
2022-03-19,8503602,597766,9101368,90432
2022-03-18,8502343,597652,9099995,90408
2022-03-17,8500352,597474,9097826,90373
2022-03-16,8498049,597241,9095290,90328
2022-03-15,8495580,596983,9092563,90294
2022-03-14,8492956,596721,9089677,90257
2022-03-13,8490050,596399,9086449,90221
2022-03-12,8488761,596279,9085040,90180
2022-03-11,8487232,596151,9083383,90137
2022-03-10,8484891,595910,9080801,90083
2022-03-09,8482276,595600,9077876,90018
2022-03-08,8479256,595290,9074546,89957
2022-03-07,8475963,594910,9070873,89896
2022-03-06,8472111,594449,9066560,89833
2022-03-05,8470292,594280,9064572,89769
2022-03-04,8468181,594119,9062300,89701
2022-03-03,8465080,593803,9058883,89640
2022-03-02,8461536,593382,9054918,89553
2022-03-01,8457612,592966,9050578,89484
2022-02-28,8452982,592443,9045425,89394
2022-02-27,8447814,591821,9039635,89308
2022-02-26,8445427,591580,9037007,89228
2022-02-25,8442764,591347,9034111,89139
2022-02-24,8438025,590912,9028937,89029
2022-02-23,8432917,590438,9023355,88939
2022-02-22,8427374,589905,9017279,88818
2022-02-21,8420330,589127,9009457,88697
2022-02-20,8415034,588615,9003649,88569
2022-02-19,8411434,588330,8999764,88424
2022-02-18,8407245,587965,8995210,88314
2022-02-17,8400240,587313,8987553,88167
2022-02-16,8392202,586322,8978524,87991
2022-02-15,8382915,585193,8968108,87833
2022-02-14,8372249,583813,8956062,87685
2022-02-13,8359667,582311,8941978,87511
2022-02-12,8354156,581843,8935999,87328
2022-02-11,8347139,581252,8928391,87145
2022-02-10,8334501,579706,8914207,86934
2022-02-09,8320455,577932,8898387,86733
2022-02-08,8304279,575909,8880188,86498
2022-02-07,8286379,573531,8859910,86246
2022-02-06,8264035,570067,8834102,86014
2022-02-05,8254208,569073,8823281,85796
2022-02-04,8242519,568038,8810557,85552
2022-02-03,8220850,565467,8786317,85269
2022-02-02,8196973,562420,8759393,85026
2022-02-01,8169639,559045,8728684,84753
2022-01-31,8136949,555086,8692035,84462
2022-01-30,8098339,549665,8648004,84187
2022-01-29,8082818,548166,8630984,83903
2022-01-28,8061943,546714,8608657,83615
2022-01-27,8023086,542132,8565218,83351
2022-01-26,7978646,537292,8515938,83076
2022-01-25,7926524,531088,8457612,82818
2022-01-24,7866308,523827,8390135,82552
2022-01-23,7795466,513804,8309270,82325
2022-01-22,7767047,511047,8278094,82052
2022-01-21,7727084,508077,8235161,81795
2022-01-20,7649662,500010,8149672,81526
2022-01-19,7559505,490365,8049870,81275
2022-01-18,7458223,479241,7937464,81013
2022-01-17,7338184,464746,7802930,80773
2022-01-16,7256439,456960,7713399,80554
2022-01-15,7215984,453237,7669221,80326
2022-01-14,7157302,448929,7606231,80105
2022-01-13,7052775,438495,7491270,79911
2022-01-12,6937952,426609,7364561,79716
2022-01-11,6810884,414126,7225010,79516
2022-01-10,6675319,400402,7075721,79340
2022-01-09,6533262,384396,6917658,79183
2022-01-08,6476945,377681,6854626,79056
2022-01-07,6399681,371984,6771665,78906
2022-01-06,6264307,361479,6625786,78776
2022-01-05,6120290,350340,6470630,78642
2022-01-04,5964626,339181,6303807,78501
2022-01-03,5807188,327562,6134750,78393
2022-01-02,5666619,315421,5982040,78279
2022-01-01,5609598,309110,5918708,78194
2021-12-31,5576418,305780,5882198,78097
2021-12-30,5521592,301223,5822815,78011
2021-12-29,5435324,295336,5730660,77941
2021-12-28,5346436,289878,5636314,77860
2021-12-27,5256889,284412,5541301,77801
2021-12-26,5180674,279124,5459798,77714
2021-12-25,5144387,275582,5419969,77650
2021-12-24,5129315,274082,5403397,77581
2021-12-23,5106854,271629,5378483,77509
2021-12-22,5074145,268643,5342788,77434
2021-12-21,5042153,265744,5307897,77373
2021-12-20,5014759,263529,5278288,77305
2021-12-19,4991385,261729,5253114,77235
2021-12-18,4980502,260836,5241338,77159
2021-12-17,4970681,260177,5230858,77094
2021-12-16,4959475,259413,5218888,77026
2021-12-15,4949131,258710,5207841,76944
2021-12-14,4938876,258059,5196935,76872
2021-12-13,4930417,257438,5187855,76802
2021-12-12,4921402,256770,5178172,76733
2021-12-11,4916970,256429,5173399,76674
2021-12-10,4912720,256105,5168825,76610
2021-12-09,4906862,255639,5162501,76553
2021-12-08,4901000,255131,5156131,76488
2021-12-07,4894414,254636,5149050,76429
2021-12-06,4887781,254079,5141860,76357
2021-12-05,4880274,253407,5133681,76305
2021-12-04,4876347,253080,5129427,76240
2021-12-03,4872133,252713,5124846,76164
2021-12-02,4865900,252210,5118110,76096
2021-12-01,4859512,251667,5111179,76026
2021-11-30,4851922,251058,5102980,75956
2021-11-29,4844737,250522,5095259,75893
2021-11-28,4836362,249876,5086238,75816
2021-11-27,4831893,249547,5081440,75763
2021-11-26,4827624,249234,5076858,75706
2021-11-25,4823245,248912,5072157,75642
2021-11-24,4820921,248731,5069652,75583
2021-11-23,4816232,248332,5064564,75519
2021-11-22,4811366,247942,5059308,75439
2021-11-21,4806098,247525,5053623,75364
2021-11-20,4803117,247274,5050391,75286
2021-11-19,4799811,246991,5046802,75220
2021-11-18,4795170,246592,5041762,75135
2021-11-17,4790466,246217,5036683,75065
2021-11-16,4785278,245704,5030982,74981
2021-11-15,4779856,245227,5025083,74918
2021-11-14,4773421,244691,5018112,74834
2021-11-13,4770163,244379,5014542,74757
2021-11-12,4766693,244099,5010792,74689
2021-11-11,4761585,243639,5005224,74612
2021-11-10,4757255,243274,5000529,74526
2021-11-09,4751607,242799,4994406,74454
2021-11-08,4745720,242274,4987994,74364
2021-11-07,4739051,241688,4980739,74288
2021-11-06,4735575,241391,4976966,74196
2021-11-05,4731886,241102,4972988,74116
2021-11-04,4726333,240640,4966973,74043
2021-11-03,4720297,240121,4960418,73974
2021-11-02,4713874,239469,4953343,73899
2021-11-01,4707327,238875,4946202,73824
2021-10-31,4699906,238125,4938031,73746
2021-10-30,4696391,237775,4934166,73679
2021-10-29,4692422,237400,4929822,73598
2021-10-28,4686780,236811,4923591,73525
2021-10-27,4680709,236213,4916922,73448
2021-10-26,4674123,235589,4909712,73379
2021-10-25,4667329,234980,4902309,73308
2021-10-24,4660099,234345,4894444,73241
2021-10-23,4656504,233943,4890447,73173
2021-10-22,4652416,233549,4885965,73100
2021-10-21,4646429,232960,4879389,73019
2021-10-20,4640485,232365,4872850,72910
2021-10-19,4634221,231727,4865948,72841
2021-10-18,4627843,231119,4858962,72771
2021-10-17,4620771,230482,4851253,72700
2021-10-16,4617173,230106,4847279,72623
2021-10-15,4613523,229754,4843277,72544
2021-10-14,4608208,229252,4837460,72476
2021-10-13,4602897,228752,4831649,72404
2021-10-12,4597256,228236,4825492,72337
2021-10-11,4591440,227632,4819072,72265
2021-10-10,4585603,227071,4812674,72191
2021-10-09,4582296,226803,4809099,72109
2021-10-08,4578783,226492,4805275,72032
2021-10-07,4573621,226030,4799651,71947
2021-10-06,4568311,225520,4793831,71845
2021-10-05,4562301,224964,4787265,71731
2021-10-04,4556052,224347,4780399,71625
2021-10-03,4549271,223685,4772956,71539
2021-10-02,4545851,223310,4769161,71452
2021-10-01,4542156,222980,4765136,71329
2021-09-30,4536381,222426,4758807,71231
2021-09-29,4530573,221857,4752430,71139
2021-09-28,4524359,221271,4745630,71029
2021-09-27,4517579,220664,4738243,70922
2021-09-26,4509933,219967,4729900,70818
2021-09-25,4506171,219621,4725792,70717
2021-09-24,4501927,219265,4721192,70591
2021-09-23,4495751,218712,4714463,70477
2021-09-22,4489271,218121,4707392,70349
2021-09-21,4481879,217487,4699366,70216
2021-09-20,4474338,216816,4691154,70114
2021-09-19,4465484,216073,4681557,69991
2021-09-18,4461339,215673,4677012,69892
2021-09-17,4456430,215241,4671671,69761
2021-09-16,4449113,214605,4663718,69631
2021-09-15,4441239,213894,4655133,69500
2021-09-14,4432388,213105,4645493,69369
2021-09-13,4422914,212328,4635242,69250
2021-09-12,4412489,211400,4623889,69107
2021-09-11,4407114,210905,4618019,68987
2021-09-10,4400864,210402,4611266,68858
2021-09-09,4391559,209600,4601159,68705
2021-09-08,4381384,208740,4590124,68562
2021-09-07,4370075,207749,4577824,68425
2021-09-06,4357671,206502,4564173,68290
2021-09-05,4351011,205855,4556866,68149
2021-09-04,4345638,205310,4550948,67998
2021-09-03,4338838,204735,4543573,67880
2021-09-02,4328870,203811,4532681,67734
2021-09-01,4317877,202881,4520758,67578
2021-08-31,4304942,201913,4506855,67445
2021-08-30,4292687,200892,4493579,67305
2021-08-29,4279419,199768,4479187,67180
2021-08-28,4272830,199150,4471980,67062
2021-08-27,4265021,198514,4463535,66914
2021-08-26,4253778,197631,4451409,66785
2021-08-25,4241403,196670,4438073,66647
2021-08-24,4227853,195562,4423415,66517
2021-08-23,4213806,194450,4408256,66388
2021-08-22,4198490,193206,4391696,66272
2021-08-21,4190936,192573,4383509,66164
2021-08-20,4182058,191823,4373881,66046
2021-08-19,4168650,190767,4359417,65939
2021-08-18,4154760,189825,4344585,65826
2021-08-17,4139726,188777,4328503,65721
2021-08-16,4124232,187691,4311923,65602
2021-08-15,4108130,186543,4294673,65481
2021-08-14,4099940,185809,4285749,65403
2021-08-13,4090356,184998,4275354,65311
2021-08-12,4076615,184042,4260657,65190
2021-08-11,4062036,183067,4245103,65100
2021-08-10,4046541,182137,4228678,65022
2021-08-09,4030344,181166,4211510,64944
2021-08-08,4014054,180241,4194295,64869
2021-08-07,4005336,179685,4185021,64797
2021-08-06,3995634,179052,4174686,64736
2021-08-05,3982752,178292,4161044,64675
2021-08-04,3968811,177513,4146324,64621
2021-08-03,3954722,176682,4131404,64567
2021-08-02,3940399,175739,4116138,64509
2021-08-01,3926285,174899,4101184,64450
2021-07-31,3917753,174342,4092095,64411
2021-07-30,3909252,173815,4083067,64358
2021-07-29,3898155,173158,4071313,64326
2021-07-28,3886431,172477,4058908,64286
2021-07-27,3874634,171777,4046411,64251
2021-07-26,3863377,171117,4034494,64215
2021-07-25,3851647,170447,4022094,64188
2021-07-24,3845217,170087,4015304,64157
2021-07-23,3838448,169691,4008139,64132
2021-07-22,3830315,169185,3999500,64093
2021-07-21,3821980,168716,3990696,64059
2021-07-20,3813192,168126,3981318,64036
2021-07-19,3804830,167474,3972304,64006
2021-07-18,3796432,166788,3963220,63979
2021-07-17,3791620,166283,3957903,63967
2021-07-16,3786947,165837,3952784,63944
2021-07-15,3780969,165353,3946322,63925
2021-07-14,3775106,164877,3939983,63905
2021-07-13,3769544,164326,3933870,63891
2021-07-12,3764145,163861,3928006,63871
2021-07-11,3758776,163349,3922125,63853
2021-07-10,3755644,163026,3918670,63837
2021-07-09,3752513,162770,3915283,63819
2021-07-08,3748912,162444,3911356,63799
2021-07-07,3745345,162130,3907475,63784
2021-07-06,3741588,161781,3903369,63768
2021-07-05,3737981,161450,3899431,63754
2021-07-04,3735191,161204,3896395,63740
2021-07-03,3733636,161059,3894695,63734
2021-07-02,3731955,160915,3892870,63722
2021-07-01,3729939,160719,3890658,63708
2021-06-30,3727779,160538,3888317,63694
2021-06-29,3725750,160394,3886144,63676
2021-06-28,3723871,160235,3884106,63664
2021-06-27,3721937,160081,3882018,63650
2021-06-26,3720766,159974,3880740,63640
2021-06-25,3719690,159886,3879576,63623
2021-06-24,3718382,159781,3878163,63612
2021-06-23,3716985,159685,3876670,63601
2021-06-22,3715753,159582,3875335,63594
2021-06-21,3714445,159479,3873924,63581
2021-06-20,3713044,159368,3872412,63570
2021-06-19,3712243,159299,3871542,63563
2021-06-18,3711489,159218,3870707,63555
2021-06-17,3710559,159115,3869674,63544
2021-06-16,3709533,159037,3868570,63533
2021-06-15,3708471,158951,3867422,63523
2021-06-14,3707422,158867,3866289,63509
2021-06-13,3706267,158776,3865043,63495
2021-06-12,3705567,158730,3864297,63483
2021-06-11,3704890,158669,3863559,63473
2021-06-10,3704037,158595,3862632,63462
2021-06-09,3703161,158524,3861685,63447
2021-06-08,3702234,158438,3860672,63440
2021-06-07,3701183,158347,3859530,63427
2021-06-06,3700140,158249,3858389,63415
2021-06-05,3699530,158189,3857719,63402
2021-06-04,3698887,158129,3857016,63390
2021-06-03,3698036,158042,3856078,63376
2021-06-02,3697040,157931,3854971,63364
2021-06-01,3695997,157842,3853839,63346
2021-05-31,3694788,157739,3852527,63333
2021-05-30,3694194,157682,3851876,63318
2021-05-29,3693609,157624,3851233,63308
2021-05-28,3693006,157557,3850563,63284
2021-05-27,3692144,157474,3849618,63272
2021-05-26,3691224,157389,3848613,63253
2021-05-25,3690241,157304,3847545,63235
2021-05-24,3689200,157215,3846415,63220
2021-05-23,3687994,157123,3845117,63196
2021-05-22,3687332,157065,3844397,63174
2021-05-21,3686622,157001,3843623,63161
2021-05-20,3685673,156924,3842597,63144
2021-05-19,3684674,156816,3841490,63124
2021-05-18,3683483,156716,3840199,63096
2021-05-17,3682252,156598,3838850,63079
2021-05-16,3680912,156477,3837389,63063
2021-05-15,3680099,156384,3836483,63048
2021-05-14,3679198,156291,3835489,63032
2021-05-13,3678019,156175,3834194,63013
2021-05-12,3676821,156060,3832881,62987
2021-05-11,3675469,155923,3831392,62954
2021-05-10,3674004,155781,3829785,62925
2021-05-09,3672371,155638,3828009,62914
2021-05-08,3671431,155524,3826955,62890
2021-05-07,3670382,155435,3825817,62871
2021-05-06,3668942,155297,3824239,62846
2021-05-05,3667419,155158,3822577,62816
2021-05-04,3665723,155019,3820742,62796
2021-05-03,3664127,154846,3818973,62773
2021-05-02,3662162,154675,3816837,62748
2021-05-01,3661059,154553,3815612,62729
2021-04-30,3659784,154435,3814219,62710
2021-04-29,3658139,154273,3812412,62692
2021-04-28,3656479,154106,3810585,62667
2021-04-27,3654658,153931,3808589,62651
2021-04-26,3652784,153752,3806536,62621
2021-04-25,3650680,153555,3804235,62595
2021-04-24,3649464,153437,3802901,62570
2021-04-23,3648093,153315,3801408,62545
2021-04-22,3646274,153132,3799406,62521
2021-04-21,3644433,152962,3797395,62501
2021-04-20,3642438,152764,3795202,62467
2021-04-19,3640312,152551,3792863,62442
2021-04-18,3637875,152359,3790234,62408
2021-04-17,3636447,152187,3788634,62379
2021-04-16,3634893,152049,3786942,62351
2021-04-15,3632842,151824,3784666,62325
2021-04-14,3630730,151612,3782342,62295
2021-04-13,3628343,151397,3779740,62256
2021-04-12,3625925,151164,3777089,62225
2021-04-11,3623210,150910,3774120,62193
2021-04-10,3621644,150775,3772419,62161
2021-04-09,3619826,150591,3770417,62124
2021-04-08,3617555,150389,3767944,62086
2021-04-07,3615277,150185,3765462,62049
2021-04-06,3612658,149990,3762648,62011
2021-04-05,3610109,149753,3759862,61989
2021-04-04,3607231,149488,3756719,61949
2021-04-03,3605679,149341,3755020,61910
2021-04-02,3603977,149172,3753149,61881
2021-04-01,3601744,148961,3750705,61847
2021-03-31,3599406,148738,3748144,61807
2021-03-30,3597025,148527,3745552,61758
2021-03-29,3594595,148317,3742912,61719
2021-03-28,3591883,148063,3739946,61675
2021-03-27,3590279,147907,3738186,61645
2021-03-26,3588610,147773,3736383,61596
2021-03-25,3586343,147538,3733881,61540
2021-03-24,3584052,147331,3731383,61482
2021-03-23,3581375,147109,3728484,61425
2021-03-22,3578870,146861,3725731,61386
2021-03-21,3576167,146606,3722773,61334
2021-03-20,3574567,146469,3721036,61283
2021-03-19,3572854,146316,3719170,61205
2021-03-18,3570674,146126,3716800,61150
2021-03-17,3568457,145925,3714382,61071
2021-03-16,3565821,145718,3711539,60989
2021-03-15,3563310,145518,3708828,60917
2021-03-14,3560433,145276,3705709,60859
2021-03-13,3558827,145091,3703918,60797
2021-03-12,3556931,144938,3701869,60720
2021-03-11,3554431,144696,3699127,60634
2021-03-10,3551836,144468,3696304,60549
2021-03-09,3549077,144227,3693304,60460
2021-03-08,3546246,143995,3690241,60366
2021-03-07,3542913,143724,3686637,60267
2021-03-06,3540964,143535,3684499,60179
2021-03-05,3538767,143341,3682108,60075
2021-03-04,3535826,143076,3678902,59967
2021-03-03,3532892,142847,3675739,59848
2021-03-02,3529695,142587,3672282,59729
2021-03-01,3526435,142318,3668753,59597
2021-02-28,3522683,142025,3664708,59471
2021-02-27,3520498,141810,3662308,59312
2021-02-26,3517975,141593,3659568,59149
2021-02-25,3514615,141306,3655921,58993
2021-02-24,3511164,141096,3652260,58833
2021-02-23,3507289,140798,3648087,58666
2021-02-22,3503272,140469,3643741,58500
2021-02-21,3498650,140107,3638757,58308
2021-02-20,3496022,139861,3635883,58118
2021-02-19,3492921,139598,3632519,57922
2021-02-18,3488746,139249,3627995,57677
2021-02-17,3484345,138877,3623222,57449
2021-02-16,3479270,138520,3617790,57212
2021-02-15,3473640,138143,3611783,56969
2021-02-14,3468391,137718,3606109,56725
2021-02-13,3464864,137463,3602327,56482
2021-02-12,3460416,137131,3597547,56232
2021-02-11,3454226,136757,3590983,55937
2021-02-10,3447626,136291,3583917,55607
2021-02-09,3440125,135859,3575984,55281
2021-02-08,3432395,135359,3567754,54961
2021-02-07,3422949,134691,3557640,54625
2021-02-06,3417800,134242,3552042,54308
2021-02-05,3411126,133744,3544870,53995
2021-02-04,3401677,133117,3534794,53590
2021-02-03,3391516,132585,3524101,53221
2021-02-02,3379985,131867,3511852,52835
2021-02-01,3367344,131131,3498475,52434
2021-01-31,3352076,130248,3482324,51952
2021-01-30,3344116,129730,3473846,51536
2021-01-29,3334048,129129,3463177,51098
2021-01-28,3321285,128319,3449604,50640
2021-01-27,3306708,127463,3434171,50171
2021-01-26,3290959,126559,3417518,49709
2021-01-25,3273187,125643,3398830,49210
2021-01-24,3253069,124433,3377502,48694
2021-01-23,3242694,123723,3366417,48235
2021-01-22,3229248,122952,3352200,47733
2021-01-21,3209566,121773,3331339,47181
2021-01-20,3187543,120623,3308166,46613
2021-01-19,3162410,119481,3281891,46004
2021-01-18,3135094,118236,3253330,45410
2021-01-17,3111531,116743,3228274,44806
2021-01-16,3097898,115706,3213604,44164
2021-01-15,3077937,114676,3192613,43539
2021-01-14,3048965,113237,3162202,42829
2021-01-13,3017185,111831,3129016,42174
2021-01-12,2982564,110338,3092902,41543
2021-01-11,2943976,108659,3052635,40825
2021-01-10,2902027,106526,3008553,40118
2021-01-09,2882882,105202,2988084,39436
2021-01-08,2854318,103916,2958234,38749
2021-01-07,2813328,102050,2915378,38068
2021-01-06,2768369,99997,2868366,37360
2021-01-05,2717961,97771,2815732,36666
2021-01-04,2663179,95385,2758564,35957
2021-01-03,2602698,92412,2695110,35255
2021-01-02,2575456,90374,2665830,34579
2021-01-01,2538052,88304,2626356,33937
2020-12-31,2518200,86889,2605089,33275
2020-12-30,2482567,84725,2567292,32627
2020-12-29,2428617,82132,2510749,32001
2020-12-28,2370071,79612,2449683,31409
2020-12-27,2312034,76770,2388804,30782
2020-12-26,2285503,75182,2360685,30197
2020-12-25,2250742,73015,2323757,29599
2020-12-24,2237280,72342,2309622,29024
2020-12-23,2210336,70734,2281070,28469
2020-12-22,2165010,68556,2233566,27964
2020-12-21,2116027,66233,2182260,27424
2020-12-20,2067564,63761,2131325,26930
2020-12-19,2046477,62034,2108511,26484
2020-12-18,2016642,60309,2076951,26018
2020-12-17,1974864,58372,2033236,25552
2020-12-16,1930216,56205,1986421,25156
2020-12-15,1884331,53984,1938315,24781
2020-12-14,1835881,51787,1887668,24399
2020-12-13,1786468,49369,1835837,24041
2020-12-12,1765430,47764,1813194,23702
2020-12-11,1734661,46347,1781008,23418
2020-12-10,1694541,44230,1738771,23118
2020-12-09,1653635,42224,1695859,22803
2020-12-08,1611910,40414,1652324,22550
2020-12-07,1570445,38732,1609177,22320
2020-12-06,1529269,36920,1566189,22056
2020-12-05,1510815,35706,1546521,21820
2020-12-04,1486339,34493,1520832,21582
2020-12-03,1454351,33165,1487516,21383
2020-12-02,1422355,31791,1454146,21164
2020-12-01,1388811,30437,1419248,20989
2020-11-30,1354348,29001,1383349,20828
2020-11-29,1321695,27694,1349389,20667
2020-11-28,1305608,26867,1332475,20537
2020-11-27,1287452,25972,1313424,20376
2020-11-26,1269336,25000,1294336,20256
2020-11-25,1260123,24634,1284757,20146
2020-11-24,1239412,23602,1263014,20016
2020-11-23,1218809,22760,1241569,19905
2020-11-22,1197730,21894,1219624,19804
2020-11-21,1187500,21342,1208842,19698
2020-11-20,1175197,20673,1195870,19602
2020-11-19,1157784,19889,1177673,19522
2020-11-18,1141102,19149,1160251,19411
2020-11-17,1123890,18386,1142276,19335
2020-11-16,1106790,17726,1124516,19234
2020-11-15,1089147,17101,1106248,19142
2020-11-14,1080019,16673,1096692,19062
2020-11-13,1070122,16278,1086400,18989
2020-11-12,1057681,15800,1073481,18908
2020-11-11,1046135,15362,1061497,18834
2020-11-10,1035522,14963,1050485,18776
2020-11-09,1024636,14554,1039190,18717
2020-11-08,1013555,14175,1027730,18673
2020-11-07,1008031,13918,1021949,18617
2020-11-06,1001629,13649,1015278,18571
2020-11-05,993131,13359,1006490,18516
2020-11-04,984986,13014,998000,18476
2020-11-03,976546,12733,989279,18427
2020-11-02,968288,12425,980713,18391
2020-11-01,959836,11986,971822,18333
2020-10-31,954868,11772,966640,18274
2020-10-30,950428,11611,962039,18225
2020-10-29,944918,11393,956311,18187
2020-10-28,940055,11178,951233,18131
2020-10-27,935158,10976,946134,18091
2020-10-26,930330,10775,941105,18039
2020-10-25,924852,10600,935452,17998
2020-10-24,921952,10482,932434,17952
2020-10-23,918709,10350,929059,17905
2020-10-22,914147,10171,924318,17853
2020-10-21,909976,10012,919988,17811
2020-10-20,905566,9866,915432,17769
2020-10-19,900925,9717,910642,17725
2020-10-18,895913,9556,905469,17671
2020-10-17,893367,9454,902821,17636
2020-10-16,890416,9384,899800,17601
2020-10-15,886608,9260,895868,17559
2020-10-14,882711,9123,891834,17518
2020-10-13,878915,9015,887930,17473
2020-10-12,875078,8910,883988,17424
2020-10-11,870756,8766,879522,17382
2020-10-10,868542,8682,877224,17335
2020-10-09,865543,8603,874146,17284
2020-10-08,862004,8488,870492,17235
2020-10-07,858259,8376,866635,17180
2020-10-06,854550,8260,862810,17124
2020-10-05,850824,8133,858957,17075
2020-10-04,846536,7993,854529,17019
2020-10-03,844317,7910,852227,16951
2020-10-02,841669,7826,849495,16902
2020-10-01,838335,7709,846044,16844
2020-09-30,834646,7596,842242,16786
2020-09-29,830945,7493,838438,16747
2020-09-28,827177,7389,834566,16694
2020-09-27,823125,7300,830425,16639
2020-09-26,821065,7246,828311,16581
2020-09-25,818703,7191,825894,16507
2020-09-24,815238,7105,822343,16452
2020-09-23,811906,7027,818933,16381
2020-09-22,808145,6936,815081,16315
2020-09-21,804453,6823,811276,16247
2020-09-20,800393,6708,807101,16190
2020-09-19,798233,6640,804873,16119
2020-09-18,795764,6569,802333,16047
2020-09-17,792332,6509,798841,15990
2020-09-16,789049,6422,795471,15918
2020-09-15,785278,6333,791611,15856
2020-09-14,781539,6244,787783,15771
2020-09-13,777383,6136,783519,15693
2020-09-12,775350,6090,781440,15623
2020-09-11,773017,6041,779058,15548
2020-09-10,769658,5958,775616,15471
2020-09-09,766443,5885,772328,15398
2020-09-08,762856,5808,768664,15314
2020-09-07,758624,5705,764329,15235
2020-09-06,756298,5660,761958,15164
2020-09-05,754336,5612,759948,15084
2020-09-04,752091,5549,757640,14999
2020-09-03,748648,5460,754108,14913
2020-09-02,744991,5372,750363,14833
2020-09-01,740969,5257,746226,14751
2020-08-31,736413,5135,741548,14651
2020-08-30,732100,5044,737144,14565
2020-08-29,729859,4984,734843,14455
2020-08-28,727253,4908,732161,14337
2020-08-27,723350,4826,728176,14250
2020-08-26,719383,4725,724108,14133
2020-08-25,714819,4609,719428,14036
2020-08-24,709949,4513,714462,13928
2020-08-23,704522,4346,708868,13820
2020-08-22,701961,4285,706246,13714
2020-08-21,698865,4210,703075,13595
2020-08-20,694481,4124,698605,13477
2020-08-19,689859,4013,693872,13370
2020-08-18,685211,3880,689091,13233
2020-08-17,679966,3759,683725,13111
2020-08-16,674225,3656,677881,12994
2020-08-15,671549,3614,675163,12863
2020-08-14,667891,3566,671457,12736
2020-08-13,662711,3475,666186,12614
2020-08-12,657581,3384,660965,12494
2020-08-11,651655,3280,654935,12383
2020-08-10,645472,3184,648656,12227
2020-08-09,638420,3100,641520,12086
2020-08-08,635261,3060,638321,11958
2020-08-07,630991,3012,634003,11825
2020-08-06,624587,2947,627534,11690
2020-08-05,618359,2870,621229,11572
2020-08-04,611683,2791,614474,11423
2020-08-03,604506,2692,607198,11262
2020-08-02,596979,2618,599597,11085
2020-08-01,593424,2558,595982,10949
2020-07-31,588078,2504,590582,10811
2020-07-30,580906,2387,583293,10665
2020-07-29,573697,2328,576025,10518
2020-07-28,565942,2256,568198,10361
2020-07-27,557204,2183,559387,10234
2020-07-26,548164,2108,550272,10085
2020-07-25,544027,2063,546090,9942
2020-07-24,538256,2018,540274,9768
2020-07-23,530019,1944,531963,9630
2020-07-22,521543,1880,523423,9490
2020-07-21,512232,1797,514029,9345
2020-07-20,502166,1727,503893,9208
2020-07-19,491152,1644,492796,9061
2020-07-18,485699,1593,487292,8934
2020-07-17,478406,1541,479947,8805
2020-07-16,467771,1429,469200,8683
2020-07-15,456755,1343,458098,8554
2020-07-14,445241,1219,446460,8420
2020-07-13,433751,1139,434890,8288
2020-07-12,422155,1079,423234,8143
2020-07-11,416285,1045,417330,8035
2020-07-10,408762,1026,409788,7918
2020-07-09,397407,969,398376,7804
2020-07-08,386293,910,387203,7710
2020-07-07,374164,875,375039,7603
2020-07-06,361695,800,362495,7501
2020-07-05,349949,768,350717,7384
2020-07-04,343743,737,344480,7288
2020-07-03,338384,720,339104,7203
2020-07-02,330446,677,331123,7110
2020-07-01,319917,632,320549,7002
2020-06-30,308740,603,309343,6916
2020-06-29,298285,568,298853,6820
2020-06-28,288059,536,288595,6724
2020-06-27,282629,522,283151,6629
2020-06-26,276396,514,276910,6563
2020-06-25,267376,503,267879,6480
2020-06-24,258137,476,258613,6410
2020-06-23,248527,461,248988,6318
2020-06-22,239074,450,239524,6251
2020-06-21,229794,439,230233,6178
2020-06-20,225466,430,225896,6106
2020-06-19,220136,417,220553,6027
2020-06-18,213276,396,213672,5946
2020-06-17,206700,385,207085,5879
2020-06-16,200000,374,200374,5810
2020-06-15,193696,363,194059,5750
2020-06-14,187420,354,187774,5682
2020-06-13,184442,351,184793,5617
2020-06-12,180799,348,181147,5543
2020-06-11,176369,341,176710,5474
2020-06-10,172340,332,172672,5414
2020-06-09,168117,326,168443,5352
2020-06-08,164144,318,164462,5276
2020-06-07,159954,310,160264,5196
2020-06-06,157924,308,158232,5129
2020-06-05,155222,303,155525,5064
2020-06-04,151535,295,151830,4998
2020-06-03,147965,289,148254,4924
2020-06-02,144568,283,144851,4838
2020-06-01,140696,275,140971,4773
2020-05-31,137025,268,137293,4695
2020-05-30,135436,265,135701,4628
2020-05-29,133209,262,133471,4562
2020-05-28,129434,259,129693,4501
2020-05-27,126274,257,126531,4432
2020-05-26,122767,250,123017,4351
2020-05-25,119187,244,119431,4270
2020-05-24,116959,240,117199,4211
2020-05-23,115552,237,115789,4134
2020-05-22,113798,233,114031,4063
2020-05-21,111279,228,111507,3983
2020-05-20,108851,221,109072,3924
2020-05-19,106141,212,106353,3852
2020-05-18,103737,206,103943,3778
2020-05-17,100943,200,101143,3688
2020-05-16,99617,199,99816,3615
2020-05-15,97887,192,98079,3524
2020-05-14,95389,186,95575,3449
2020-05-13,92730,183,92913,3374
2020-05-12,90426,178,90604,3299
2020-05-11,87950,167,88117,3215
2020-05-10,85511,163,85674,3148
2020-05-09,84185,160,84345,3074
2020-05-08,82600,154,82754,2987
2020-05-07,80335,148,80483,2903
2020-05-06,78198,142,78340,2819
2020-05-05,75853,139,75992,2721
2020-05-04,73275,131,73406,2654
2020-05-03,70876,126,71002,2578
2020-05-02,69725,125,69850,2508
2020-05-01,68337,122,68459,2412
2020-04-30,66104,116,66220,2338
2020-04-29,64156,112,64268,2259
2020-04-28,62123,110,62233,2182
2020-04-27,60026,108,60134,2089
2020-04-26,57782,106,57888,2022
2020-04-25,56512,104,56616,1951
2020-04-24,54893,104,54997,1883
2020-04-23,52894,101,52995,1803
2020-04-22,51051,100,51151,1714
2020-04-21,49289,99,49388,1630
2020-04-20,47620,98,47718,1558
2020-04-19,45696,97,45793,1471
2020-04-18,44614,96,44710,1404
2020-04-17,43409,95,43504,1335
2020-04-16,41807,93,41900,1261
2020-04-15,40135,91,40226,1162
2020-04-14,38478,90,38568,1094
2020-04-13,36984,86,37070,1005
2020-04-12,35473,83,35556,926
2020-04-11,34474,81,34555,858
2020-04-10,33427,77,33504,804
2020-04-09,31955,77,32032,742
2020-04-08,30563,77,30640,683
2020-04-07,29100,73,29173,619
2020-04-06,27685,72,27757,557
2020-04-05,26327,72,26399,521
2020-04-04,25188,70,25258,464
2020-04-03,24064,70,24134,427
2020-04-02,22558,68,22626,374
2020-04-01,21193,66,21259,318
2020-03-31,19692,65,19757,277
2020-03-30,18437,62,18499,235
2020-03-29,17057,60,17117,206
2020-03-28,16239,59,16298,181
2020-03-27,15308,58,15366,155
2020-03-26,14314,55,14369,133
2020-03-25,13347,53,13400,118
2020-03-24,12309,53,12362,98
2020-03-23,11462,49,11511,80
2020-03-22,10430,42,10472,62
2020-03-21,9667,42,9709,48
2020-03-20,8974,41,9015,38
2020-03-19,8011,38,8049,31
2020-03-18,7229,35,7264,24
2020-03-17,6456,33,6489,24
2020-03-16,5619,31,5650,18
2020-03-15,4745,28,4773,13
2020-03-14,4147,26,4173,11
2020-03-13,3635,23,3658,10
2020-03-12,3058,20,3078,9
2020-03-11,2548,18,2566,9
2020-03-10,2121,18,2139,8
2020-03-09,1763,17,1780,8
2020-03-08,1433,16,1449,5
2020-03-07,1254,16,1270,5
2020-03-06,1090,16,1106,5
2020-03-05,931,16,947,4
2020-03-04,820,16,836,4
2020-03-03,728,16,744,3
2020-03-02,643,16,659,3
2020-03-01,567,16,583,3
2020-02-29,469,15,484,3
2020-02-28,428,15,443,3
2020-02-27,379,15,394,3
2020-02-26,353,15,368,3
2020-02-25,314,13,327,3
2020-02-24,289,12,301,3
2020-02-23,250,11,261,3
2020-02-22,231,11,242,3
2020-02-21,214,11,225,3
2020-02-20,194,10,204,2
2020-02-19,174,10,184,2
2020-02-18,162,9,171,2
2020-02-17,152,9,161,2
2020-02-16,139,8,147,1
2020-02-15,132,8,140,1
2020-02-14,120,8,128,1
2020-02-13,111,5,116,1
2020-02-12,109,5,114,1
2020-02-11,106,5,111,1
2020-02-10,102,4,106,1
2020-02-09,96,4,100,1
2020-02-08,91,2,93,1
2020-02-07,84,1,85,1
2020-02-06,53,1,54,1
2020-02-05,47,1,48,0
2020-02-04,44,1,45,0
2020-02-03,41,1,42,0
2020-02-02,34,1,35,0
2020-02-01,25,1,26,0
